Timestamp,num_ues,IMSI,RNTI,,slicing_enabled,slice_id,slice_prb,power_multiplier,scheduling_policy,,dl_mcs,dl_n_samples,dl_buffer [bytes],tx_brate downlink [Mbps],tx_pkts downlink,tx_errors downlink (%),dl_cqi,,ul_mcs,ul_n_samples,ul_buffer [bytes],rx_brate uplink [Mbps],rx_pkts uplink,rx_errors uplink (%),ul_rssi,ul_sinr,phr,,sum_requested_prbs,sum_granted_prbs,,dl_pmi,dl_ri,ul_n,ul_turbo_iters
1613019130135,5,1010123456017,75,,1,0,24,1,1,,4.54545,11,0,0.004896,3,0,9.16667,,11,14,0,0.1,4,0,0,33.7237,31,,2,12,,0,0,0,1
1613019130384,5,1010123456017,75,,1,0,24,1,1,,3,8,0,0.00237751,2,0,7.83333,,11.5714,14,0,0.1,4,0,0,34.2567,31,,0,9,,0,0,0,1
1613019130634,5,1010123456017,75,,1,0,24,1,1,,0,0,0,0,0,0,9.2,,0,0,0,0,0,0,0,0,0,,0,0,,0,0,0,0
1613019130904,6,1010123456017,75,,1,0,24,1,1,,0,0,0,0,0,0,6.5,,0,0,0,0,0,0,0,0,0,,0,0,,0,0,0,0
1613019131134,8,1010123456017,75,,1,0,24,1,1,,0,0,0,0,0,0,8.25,,0,0,0,0,0,0,0,0,0,,0,0,,0,0,0,0
1613019131385,8,1010123456017,75,,1,0,24,1,1,,0,0,0,0,0,0,9,,0,0,0,0,0,0,0,0,0,,0,0,,0,0,0,0
1613019131635,8,1010123456017,75,,1,0,24,1,1,,0,0,0,0,0,0,11,,0,0,0,0,0,0,0,0,0,,0,0,,0,0,0,0
1613019131884,7,1010123456017,75,,1,0,24,1,1,,0,0,0,0,0,0,8.25,,0,0,0,0,0,0,0,0,0,,0,0,,0,0,0,0
1613019132134,6,1010123456017,75,,1,0,24,1,1,,0,0,0,0,0,0,8,,0,0,0,0,0,0,0,0,0,,0,0,,0,0,0,0
1613019132384,6,1010123456017,75,,1,0,24,1,1,,0,0,0,0,0,0,6.6,,0,0,0,0,0,0,0,0,0,,0,0,,0,0,0,0
1613019132635,6,1010123456017,75,,1,0,24,1,1,,0,0,0,0,0,0,9.8,,0,0,0,0,0,0,0,0,0,,0,0,,0,0,0,0
1613019132884,6,1010123456017,75,,1,0,24,1,1,,0,0,0,0,0,0,9,,0,0,0,0,0,0,0,0,0,,0,0,,0,0,0,0
1613019133134,6,1010123456017,75,,1,0,24,1,1,,0,0,0,0,0,0,6.5,,0,0,0,0,0,0,0,0,0,,0,0,,0,0,0,0
1613019133385,6,1010123456017,75,,1,0,24,1,1,,0,0,0,0,0,0,8.4,,0,0,0,0,0,0,0,0,0,,0,0,,0,0,0,0
1613019133634,6,1010123456017,75,,1,0,24,1,1,,0,0,0,0,0,0,8,,0,0,0,0,0,0,0,0,0,,0,0,,0,0,0,0
1613019133884,6,1010123456017,75,,1,0,24,1,1,,0,0,0,0,0,0,7.5,,0,0,0,0,0,0,0,0,0,,0,0,,0,0,0,0
1613019134134,6,1010123456017,75,,1,0,24,1,1,,0,0,0,0,0,0,7.83333,,0,0,0,0,0,0,0,0,0,,0,0,,0,0,0,0
1613019134385,6,1010123456017,75,,1,0,24,1,1,,0,0,0,0,0,0,9,,0,0,0,0,0,0,0,0,0,,0,0,,0,0,0,0
1613019134634,6,1010123456017,75,,1,0,24,1,1,,0,0,0,0,0,0,8.25,,0,0,0,0,0,0,0,0,0,,0,0,,0,0,0,0
1613019134885,6,1010123456017,75,,1,0,24,1,1,,0,0,0,0,0,0,7.6,,0,0,0,0,0,0,0,0,0,,0,0,,0,0,0,0
1613019135134,6,1010123456017,75,,1,0,24,1,1,,0,0,0,0,0,0,10,,0,0,0,0,0,0,0,0,0,,0,0,,0,0,0,0
1613019135385,6,1010123456017,75,,1,0,24,1,1,,0,0,0,0,0,0,6.75,,0,0,0,0,0,0,0,0,0,,0,0,,0,0,0,0
1613019135634,6,1010123456017,75,,1,0,24,1,1,,0,0,0,0,0,0,7.4,,0,0,0,0,0,0,0,0,0,,0,0,,0,0,0,0
1613019135884,6,1010123456017,75,,1,0,24,1,1,,0,0,0,0,0,0,8,,0,0,0,0,0,0,0,0,0,,0,0,,0,0,0,0
1613019136134,6,1010123456017,75,,1,0,24,1,1,,0,0,0,0,0,0,7.8,,0,0,0,0,0,0,0,0,0,,0,0,,0,0,0,0
1613019136384,6,1010123456017,75,,1,0,24,1,1,,0,0,0,0,0,0,8.2,,0,0,0,0,0,0,0,0,0,,0,0,,0,0,0,0
1613019136634,6,1010123456017,75,,1,0,24,1,1,,0,0,0,0,0,0,9.5,,0,0,0,0,0,0,0,0,0,,0,0,,0,0,0,0
1613019136884,6,1010123456017,75,,1,0,24,1,1,,0,0,0,0,0,0,7,,0,0,0,0,0,0,0,0,0,,0,0,,0,0,0,0
1613019137134,6,1010123456017,75,,1,0,24,1,1,,0,0,0,0,0,0,9,,0,0,0,0,0,0,0,0,0,,0,0,,0,0,0,0
1613019137384,6,1010123456017,75,,1,0,24,1,1,,0,0,0,0,0,0,7,,0,0,0,0,0,0,0,0,0,,0,0,,0,0,0,0
1613019137634,6,1010123456017,75,,1,0,24,1,1,,0,0,0,0,0,0,8.4,,0,0,0,0,0,0,0,0,0,,0,0,,0,0,0,0
1613019137884,6,1010123456017,75,,1,0,24,1,1,,0,0,0,0,0,0,9,,0,0,0,0,0,0,0,0,0,,0,0,,0,0,0,0
1613019138134,6,1010123456017,75,,1,0,24,1,1,,0,0,0,0,0,0,8.4,,0,0,0,0,0,0,0,0,0,,0,0,,0,0,0,0
1613019138384,6,1010123456017,75,,1,0,24,1,1,,0,0,0,0,0,0,10.4,,0,0,0,0,0,0,0,0,0,,0,0,,0,0,0,0
1613019138635,6,1010123456017,75,,1,0,24,1,1,,0,0,0,0,0,0,8.5,,0,0,0,0,0,0,0,0,0,,0,0,,0,0,0,0
1613019138885,6,1010123456017,75,,1,0,24,1,1,,0,0,0,0,0,0,8.83333,,0,0,0,0,0,0,0,0,0,,0,0,,0,0,0,0
1613019139134,6,1010123456017,75,,1,0,24,1,1,,0,0,0,0,0,0,9,,0,0,0,0,0,0,0,0,0,,0,0,,0,0,0,0
1613019139384,6,1010123456017,75,,1,0,24,1,1,,0,0,0,0,0,0,9,,0,0,0,0,0,0,0,0,0,,0,0,,0,0,0,0
1613019139635,6,1010123456017,75,,1,0,24,1,1,,0,0,0,0,0,0,7.33333,,0,0,0,0,0,0,0,0,0,,0,0,,0,0,0,0
1613019139884,6,1010123456017,75,,1,0,24,1,1,,0,0,0,0,0,0,9,,0,0,0,0,0,0,0,0,0,,0,0,,0,0,0,0
1613019140134,6,1010123456017,75,,1,0,24,1,1,,0,0,0,0,0,0,8.25,,0,0,0,0,0,0,0,0,0,,0,0,,0,0,0,0
1613019140384,6,1010123456017,75,,1,0,24,1,1,,0,0,0,0,0,0,7.42857,,0,0,0,0,0,0,0,0,0,,0,0,,0,0,0,0
1613019140634,6,1010123456017,75,,1,0,24,1,1,,0,0,0,0,0,0,10.1667,,0,0,0,0,0,0,0,0,0,,0,0,,0,0,0,0
1613019140885,6,1010123456017,75,,1,0,24,1,1,,0,0,0,0,0,0,6.5,,0,0,0,0,0,0,0,0,0,,0,0,,0,0,0,0
1613019141135,6,1010123456017,75,,1,0,24,1,1,,0,0,0,0,0,0,7.4,,0,0,0,0,0,0,0,0,0,,0,0,,0,0,0,0
1613019141385,6,1010123456017,75,,1,0,24,1,1,,0,0,0,0,0,0,7.85714,,0,0,0,0,0,0,0,0,0,,0,0,,0,0,0,0
1613019141635,6,1010123456017,75,,1,0,24,1,1,,0,0,0,0,0,0,8,,0,0,0,0,0,0,0,0,0,,0,0,,0,0,0,0
1613019141885,6,1010123456017,75,,1,0,24,1,1,,0,0,0,0,0,0,5.75,,0,0,0,0,0,0,0,0,0,,0,0,,0,0,0,0
1613019142134,6,1010123456017,75,,1,0,24,1,1,,0,0,0,0,0,0,7,,0,0,0,0,0,0,0,0,0,,0,0,,0,0,0,0
1613019142384,6,1010123456017,75,,1,0,24,1,1,,0,0,0,0,0,0,8.5,,0,0,0,0,0,0,0,0,0,,0,0,,0,0,0,0
1613019142634,6,1010123456017,75,,1,0,24,1,1,,0,0,0,0,0,0,6.6,,0,0,0,0,0,0,0,0,0,,0,0,,0,0,0,0
1613019142884,6,1010123456017,75,,1,0,24,1,1,,0,0,0,0,0,0,8.75,,0,0,0,0,0,0,0,0,0,,0,0,,0,0,0,0
1613019143134,6,1010123456017,75,,1,0,24,1,1,,0,0,0,0,0,0,9,,0,0,0,0,0,0,0,0,0,,0,0,,0,0,0,0
1613019143384,6,1010123456017,75,,1,0,24,1,1,,0,0,0,0,0,0,7.83333,,0,0,0,0,0,0,0,0,0,,0,0,,0,0,0,0
1613019143635,6,1010123456017,75,,1,0,24,1,1,,0,0,0,0,0,0,6.5,,0,0,0,0,0,0,0,0,0,,0,0,,0,0,0,0
1613019143884,6,1010123456017,75,,1,0,24,1,1,,0,0,0,0,0,0,8.2,,0,0,0,0,0,0,0,0,0,,0,0,,0,0,0,0
1613019144134,6,1010123456017,75,,1,0,24,1,1,,0,0,0,0,0,0,8,,0,0,0,0,0,0,0,0,0,,0,0,,0,0,0,0
1613019144384,6,1010123456017,75,,1,0,24,1,1,,0,0,0,0,0,0,6,,0,0,0,0,0,0,0,0,0,,0,0,,0,0,0,0
1613019144634,6,1010123456017,75,,1,0,24,1,1,,0,0,0,0,0,0,8.25,,0,0,0,0,0,0,0,0,0,,0,0,,0,0,0,0
1613019144884,6,1010123456017,75,,1,0,24,1,1,,0,0,0,0,0,0,8.4,,0,0,0,0,0,0,0,0,0,,0,0,,0,0,0,0
1613019145134,6,1010123456017,75,,1,0,24,1,1,,0,0,0,0,0,0,8.25,,0,0,0,0,0,0,0,0,0,,0,0,,0,0,0,0
1613019145385,6,1010123456017,75,,1,0,24,1,1,,0,0,0,0,0,0,6.75,,0,0,0,0,0,0,0,0,0,,0,0,,0,0,0,0
1613019145635,6,1010123456017,75,,1,0,24,1,1,,0,0,0,0,0,0,8.4,,0,0,0,0,0,0,0,0,0,,0,0,,0,0,0,0
1613019145885,6,1010123456017,75,,1,0,24,1,1,,0,0,0,0,0,0,8.25,,0,0,0,0,0,0,0,0,0,,0,0,,0,0,0,0
1613019146134,6,1010123456017,75,,1,0,24,1,1,,0,0,0,0,0,0,8,,0,0,0,0,0,0,0,0,0,,0,0,,0,0,0,0
1613019146384,6,1010123456017,75,,1,0,24,1,1,,0,0,0,0,0,0,8.75,,0,0,0,0,0,0,0,0,0,,0,0,,0,0,0,0
1613019146634,6,1010123456017,75,,1,0,24,1,1,,0,0,0,0,0,0,8.25,,0,0,0,0,0,0,0,0,0,,0,0,,0,0,0,0
1613019146885,6,1010123456017,75,,1,0,24,1,1,,0,0,0,0,0,0,7.4,,0,0,0,0,0,0,0,0,0,,0,0,,0,0,0,0
1613019147134,6,1010123456017,75,,1,0,24,1,1,,0,0,0,0,0,0,9,,0,0,0,0,0,0,0,0,0,,0,0,,0,0,0,0
1613019147385,6,1010123456017,75,,1,0,24,1,1,,0,0,0,0,0,0,9.2,,0,0,0,0,0,0,0,0,0,,0,0,,0,0,0,0
1613019147634,6,1010123456017,75,,1,0,24,1,1,,0,0,0,0,0,0,9,,0,0,0,0,0,0,0,0,0,,0,0,,0,0,0,0
1613019147885,6,1010123456017,75,,1,0,24,1,1,,0,0,0,0,0,0,6,,0,0,0,0,0,0,0,0,0,,0,0,,0,0,0,0
1613019148134,6,1010123456017,75,,1,0,24,1,1,,0,0,0,0,0,0,9,,0,0,0,0,0,0,0,0,0,,0,0,,0,0,0,0
1613019148384,6,1010123456017,75,,1,0,24,1,1,,0,0,0,0,0,0,7.5,,0,0,0,0,0,0,0,0,0,,0,0,,0,0,0,0
1613019148635,6,1010123456017,75,,1,0,24,1,1,,0,0,0,0,0,0,8.25,,0,0,0,0,0,0,0,0,0,,0,0,,0,0,0,0
1613019148884,6,1010123456017,75,,1,0,24,1,1,,0,0,0,0,0,0,8.25,,0,0,0,0,0,0,0,0,0,,0,0,,0,0,0,0
1613019149134,6,1010123456017,75,,1,0,24,1,1,,0,0,0,0,0,0,8.66667,,0,0,0,0,0,0,0,0,0,,0,0,,0,0,0,0
1613019149385,6,1010123456017,75,,1,0,24,1,1,,0,0,0,0,0,0,8.57143,,0,0,0,0,0,0,0,0,0,,0,0,,0,0,0,0
1613019149634,6,1010123456017,75,,1,0,24,1,1,,0,0,0,0,0,0,6,,0,0,0,0,0,0,0,0,0,,0,0,,0,0,0,0
1613019149884,6,1010123456017,75,,1,0,24,1,1,,0,0,0,0,0,0,7.75,,0,0,0,0,0,0,0,0,0,,0,0,,0,0,0,0
1613019150134,6,1010123456017,75,,1,0,24,1,1,,0,0,0,0,0,0,11,,0,0,0,0,0,0,0,0,0,,0,0,,0,0,0,0
1613019150385,6,1010123456017,75,,1,0,24,1,1,,0,0,0,0,0,0,9.75,,0,0,0,0,0,0,0,0,0,,0,0,,0,0,0,0
1613019150635,6,1010123456017,75,,1,0,24,1,1,,0,0,0,0,0,0,7.66667,,0,0,0,0,0,0,0,0,0,,0,0,,0,0,0,0
1613019150884,6,1010123456017,75,,1,0,24,1,1,,0,0,0,0,0,0,7.66667,,0,0,0,0,0,0,0,0,0,,0,0,,0,0,0,0
1613019151134,6,1010123456017,75,,1,0,24,1,1,,0,0,0,0,0,0,8.2,,0,0,0,0,0,0,0,0,0,,0,0,,0,0,0,0
1613019151384,6,1010123456017,75,,1,0,24,1,1,,0,0,0,0,0,0,8.66667,,0,0,0,0,0,0,0,0,0,,0,0,,0,0,0,0
1613019151634,6,1010123456017,75,,1,0,24,1,1,,0,0,0,0,0,0,7,,0,0,0,0,0,0,0,0,0,,0,0,,0,0,0,0
1613019151885,6,1010123456017,75,,1,0,24,1,1,,0,0,0,0,0,0,9,,0,0,0,0,0,0,0,0,0,,0,0,,0,0,0,0
1613019152135,6,1010123456017,75,,1,0,24,1,1,,0,0,0,0,0,0,9,,0,0,0,0,0,0,0,0,0,,0,0,,0,0,0,0
1613019152385,6,1010123456017,75,,1,0,24,1,1,,0,0,0,0,0,0,9,,0,0,0,0,0,0,0,0,0,,0,0,,0,0,0,0
1613019152634,6,1010123456017,75,,1,0,24,1,1,,0,0,0,0,0,0,9.5,,0,0,0,0,0,0,0,0,0,,0,0,,0,0,0,0
1613019152884,6,1010123456017,75,,1,0,24,1,1,,0,0,0,0,0,0,8.25,,0,0,0,0,0,0,0,0,0,,0,0,,0,0,0,0
1613019153134,6,1010123456017,75,,1,0,24,1,1,,0,0,0,0,0,0,10.8,,0,0,0,0,0,0,0,0,0,,0,0,,0,0,0,0
1613019153384,6,1010123456017,75,,1,0,24,1,1,,0,0,0,0,0,0,8,,0,0,0,0,0,0,0,0,0,,0,0,,0,0,0,0
1613019153634,6,1010123456017,75,,1,0,24,1,1,,0,0,0,0,0,0,8.4,,0,0,0,0,0,0,0,0,0,,0,0,,0,0,0,0
1613019153884,6,1010123456017,75,,1,0,24,1,1,,0,0,0,0,0,0,8.25,,0,0,0,0,0,0,0,0,0,,0,0,,0,0,0,0
1613019154134,6,1010123456017,75,,1,0,24,1,1,,0,0,0,0,0,0,4.4,,0,0,0,0,0,0,0,0,0,,0,0,,0,0,0,0
1613019154385,6,1010123456017,75,,1,0,24,1,1,,0,0,0,0,0,0,6.6,,0,0,0,0,0,0,0,0,0,,0,0,,0,0,0,0
1613019154634,6,1010123456017,75,,1,0,24,1,1,,0,0,0,0,0,0,6.2,,0,0,0,0,0,0,0,0,0,,0,0,,0,0,0,0
1613019154884,6,1010123456017,75,,1,0,24,1,1,,0,0,0,0,0,0,7.16667,,0,0,0,0,0,0,0,0,0,,0,0,,0,0,0,0
1613019155134,6,1010123456017,75,,1,0,24,1,1,,0,0,0,0,0,0,7.83333,,0,0,0,0,0,0,0,0,0,,0,0,,0,0,0,0
1613019155384,6,1010123456017,75,,1,0,24,1,1,,0,0,0,0,0,0,10,,0,0,0,0,0,0,0,0,0,,0,0,,0,0,0,0
1613019155634,6,1010123456017,75,,1,0,24,1,1,,0,0,0,0,0,0,7.75,,0,0,0,0,0,0,0,0,0,,0,0,,0,0,0,0
1613019155884,6,1010123456017,75,,1,0,24,1,1,,0,0,0,0,0,0,10.3333,,0,0,0,0,0,0,0,0,0,,0,0,,0,0,0,0
1613019156135,6,1010123456017,75,,1,0,24,1,1,,0,0,0,0,0,0,7,,0,0,0,0,0,0,0,0,0,,0,0,,0,0,0,0
1613019156385,6,1010123456017,75,,1,0,24,1,1,,0,0,0,0,0,0,9,,0,0,0,0,0,0,0,0,0,,0,0,,0,0,0,0
1613019156634,6,1010123456017,75,,1,0,24,1,1,,0,0,0,0,0,0,7.5,,0,0,0,0,0,0,0,0,0,,0,0,,0,0,0,0
1613019156884,6,1010123456017,75,,1,0,24,1,1,,0,0,0,0,0,0,10,,0,0,0,0,0,0,0,0,0,,0,0,,0,0,0,0
1613019157134,6,1010123456017,75,,1,0,24,1,1,,0,0,0,0,0,0,4.75,,0,0,0,0,0,0,0,0,0,,0,0,,0,0,0,0
1613019157384,6,1010123456017,75,,1,0,24,1,1,,0,0,0,0,0,0,8.66667,,0,0,0,0,0,0,0,0,0,,0,0,,0,0,0,0
1613019157634,6,1010123456017,75,,1,0,24,1,1,,0,0,0,0,0,0,9,,0,0,0,0,0,0,0,0,0,,0,0,,0,0,0,0
1613019157884,6,1010123456017,75,,1,0,24,1,1,,0,0,0,0,0,0,6,,0,0,0,0,0,0,0,0,0,,0,0,,0,0,0,0
1613019158134,6,1010123456017,75,,1,0,24,1,1,,0,0,0,0,0,0,6,,0,0,0,0,0,0,0,0,0,,0,0,,0,0,0,0
1613019158385,6,1010123456017,75,,1,0,24,1,1,,0,0,0,0,0,0,9,,0,0,0,0,0,0,0,0,0,,0,0,,0,0,0,0
1613019158635,6,1010123456017,75,,1,0,24,1,1,,0,0,0,0,0,0,8.6,,0,0,0,0,0,0,0,0,0,,0,0,,0,0,0,0
1613019158884,6,1010123456017,75,,1,0,24,1,1,,0,0,0,0,0,0,7.6,,0,0,0,0,0,0,0,0,0,,0,0,,0,0,0,0
1613019159135,6,1010123456017,75,,1,0,24,1,1,,0,0,0,0,0,0,9.2,,0,0,0,0,0,0,0,0,0,,0,0,,0,0,0,0
1613019159384,6,1010123456017,75,,1,0,24,1,1,,0,0,0,0,0,0,8.25,,0,0,0,0,0,0,0,0,0,,0,0,,0,0,0,0
1613019159634,6,1010123456017,75,,1,0,24,1,1,,0,0,0,0,0,0,8.66667,,0,0,0,0,0,0,0,0,0,,0,0,,0,0,0,0
1613019159884,6,1010123456017,75,,1,0,24,1,1,,0,0,0,0,0,0,9.8,,0,0,0,0,0,0,0,0,0,,0,0,,0,0,0,0
1613019160134,6,1010123456017,75,,1,0,24,1,1,,0,0,0,0,0,0,8.83333,,0,0,0,0,0,0,0,0,0,,0,0,,0,0,0,0
1613019160384,6,1010123456017,75,,1,0,24,1,1,,0,0,0,0,0,0,9,,0,0,0,0,0,0,0,0,0,,0,0,,0,0,0,0
1613019160634,6,1010123456017,75,,1,0,24,1,1,,0,0,0,0,0,0,8.5,,0,0,0,0,0,0,0,0,0,,0,0,,0,0,0,0
1613019160885,6,1010123456017,75,,1,0,24,1,1,,0,0,0,0,0,0,9.8,,0,0,0,0,0,0,0,0,0,,0,0,,0,0,0,0
1613019161135,6,1010123456017,75,,1,0,24,1,1,,0,0,0,0,0,0,7,,0,0,0,0,0,0,0,0,0,,0,0,,0,0,0,0
1613019161384,6,1010123456017,75,,1,0,24,1,1,,0,0,0,0,0,0,9.33333,,0,0,0,0,0,0,0,0,0,,0,0,,0,0,0,0
1613019161634,6,1010123456017,75,,1,0,24,1,1,,0,0,0,0,0,0,8,,0,0,0,0,0,0,0,0,0,,0,0,,0,0,0,0
1613019161884,6,1010123456017,75,,1,0,24,1,1,,0,0,0,0,0,0,8.75,,0,0,0,0,0,0,0,0,0,,0,0,,0,0,0,0
1613019162135,6,1010123456017,75,,1,0,24,1,1,,0,0,0,0,0,0,7.2,,0,0,0,0,0,0,0,0,0,,0,0,,0,0,0,0
1613019162384,6,1010123456017,75,,1,0,24,1,1,,0,0,0,0,0,0,8.16667,,0,0,0,0,0,0,0,0,0,,0,0,,0,0,0,0
1613019162635,6,1010123456017,75,,1,0,24,1,1,,0,0,0,0,0,0,8,,0,0,0,0,0,0,0,0,0,,0,0,,0,0,0,0
1613019162885,6,1010123456017,75,,1,0,24,1,1,,0,0,0,0,0,0,8.66667,,0,0,0,0,0,0,0,0,0,,0,0,,0,0,0,0
1613019163134,6,1010123456017,75,,1,0,24,1,1,,0,0,0,0,0,0,10.6667,,0,0,0,0,0,0,0,0,0,,0,0,,0,0,0,0
1613019163385,6,1010123456017,75,,1,0,24,1,1,,0,0,0,0,0,0,9,,0,0,0,0,0,0,0,0,0,,0,0,,0,0,0,0
1613019163634,6,1010123456017,75,,1,0,24,1,1,,0,0,0,0,0,0,9,,0,0,0,0,0,0,0,0,0,,0,0,,0,0,0,0
1613019163884,6,1010123456017,75,,1,0,24,1,1,,0,0,0,0,0,0,10.25,,0,0,0,0,0,0,0,0,0,,0,0,,0,0,0,0
1613019164134,6,1010123456017,75,,1,0,24,1,1,,0,0,0,0,0,0,6,,0,0,0,0,0,0,0,0,0,,0,0,,0,0,0,0
1613019164385,6,1010123456017,75,,1,0,24,1,1,,0,0,0,0,0,0,8,,0,0,0,0,0,0,0,0,0,,0,0,,0,0,0,0
1613019164635,6,1010123456017,75,,1,0,24,1,1,,0,0,0,0,0,0,7.83333,,0,0,0,0,0,0,0,0,0,,0,0,,0,0,0,0
1613019164885,6,1010123456017,75,,1,0,24,1,1,,0,0,0,0,0,0,8.25,,0,0,0,0,0,0,0,0,0,,0,0,,0,0,0,0
1613019165135,6,1010123456017,75,,1,0,24,1,1,,0,0,0,0,0,0,9,,0,0,0,0,0,0,0,0,0,,0,0,,0,0,0,0
1613019165385,6,1010123456017,75,,1,0,24,1,1,,0,0,0,0,0,0,6.4,,0,0,0,0,0,0,0,0,0,,0,0,,0,0,0,0
1613019165635,6,1010123456017,75,,1,0,24,1,1,,0,0,0,0,0,0,8.66667,,0,0,0,0,0,0,0,0,0,,0,0,,0,0,0,0
1613019165884,6,1010123456017,75,,1,0,24,1,1,,0,0,0,0,0,0,11,,0,0,0,0,0,0,0,0,0,,0,0,,0,0,0,0
1613019166134,6,1010123456017,75,,1,0,24,1,1,,0,0,0,0,0,0,7.75,,0,0,0,0,0,0,0,0,0,,0,0,,0,0,0,0
1613019166384,6,1010123456017,75,,1,0,24,1,1,,0,0,0,0,0,0,11,,0,0,0,0,0,0,0,0,0,,0,0,,0,0,0,0
1613019166634,6,1010123456017,75,,1,0,24,1,1,,0,0,0,0,0,0,8.4,,0,0,0,0,0,0,0,0,0,,0,0,,0,0,0,0
1613019166884,6,1010123456017,75,,1,0,24,1,1,,0,0,0,0,0,0,9,,0,0,0,0,0,0,0,0,0,,0,0,,0,0,0,0
1613019167135,6,1010123456017,75,,1,0,24,1,1,,0,0,0,0,0,0,7.2,,0,0,0,0,0,0,0,0,0,,0,0,,0,0,0,0
1613019167385,6,1010123456017,75,,1,0,24,1,1,,0,0,0,0,0,0,9.5,,0,0,0,0,0,0,0,0,0,,0,0,,0,0,0,0
1613019167634,6,1010123456017,75,,1,0,24,1,1,,0,0,0,0,0,0,7.5,,0,0,0,0,0,0,0,0,0,,0,0,,0,0,0,0
1613019167884,6,1010123456017,75,,1,0,24,1,1,,0,0,0,0,0,0,6,,0,0,0,0,0,0,0,0,0,,0,0,,0,0,0,0
1613019168134,6,1010123456017,75,,1,0,24,1,1,,0,0,0,0,0,0,8.4,,0,0,0,0,0,0,0,0,0,,0,0,,0,0,0,0
1613019168385,6,1010123456017,75,,1,0,24,1,1,,0,0,0,0,0,0,6.2,,0,0,0,0,0,0,0,0,0,,0,0,,0,0,0,0
1613019168635,6,1010123456017,75,,1,0,24,1,1,,0,0,0,0,0,0,10.25,,0,0,0,0,0,0,0,0,0,,0,0,,0,0,0,0
1613019168885,6,1010123456017,75,,1,0,24,1,1,,0,0,0,0,0,0,9.5,,0,0,0,0,0,0,0,0,0,,0,0,,0,0,0,0
1613019169134,6,1010123456017,75,,1,0,24,1,1,,0,0,0,0,0,0,9,,0,0,0,0,0,0,0,0,0,,0,0,,0,0,0,0
1613019169384,6,1010123456017,75,,1,0,24,1,1,,0,0,0,0,0,0,8.4,,0,0,0,0,0,0,0,0,0,,0,0,,0,0,0,0
1613019169635,6,1010123456017,75,,1,0,24,1,1,,0,0,0,0,0,0,8,,0,0,0,0,0,0,0,0,0,,0,0,,0,0,0,0
1613019169884,6,1010123456017,75,,1,0,24,1,1,,0,0,0,0,0,0,8.8,,0,0,0,0,0,0,0,0,0,,0,0,,0,0,0,0
1613019170134,6,1010123456017,75,,1,0,24,1,1,,0,0,0,0,0,0,9,,0,0,0,0,0,0,0,0,0,,0,0,,0,0,0,0
1613019170384,6,1010123456017,75,,1,0,24,1,1,,0,0,0,0,0,0,9.16667,,0,0,0,0,0,0,0,0,0,,0,0,,0,0,0,0
1613019170634,6,1010123456017,75,,1,0,24,1,1,,0,0,0,0,0,0,9,,0,0,0,0,0,0,0,0,0,,0,0,,0,0,0,0
1613019170884,6,1010123456017,75,,1,0,24,1,1,,0,0,0,0,0,0,8.4,,0,0,0,0,0,0,0,0,0,,0,0,,0,0,0,0
1613019171134,6,1010123456017,75,,1,0,24,1,1,,0,0,0,0,0,0,9.75,,0,0,0,0,0,0,0,0,0,,0,0,,0,0,0,0
1613019171385,6,1010123456017,75,,1,0,24,1,1,,0,0,0,0,0,0,8.75,,0,0,0,0,0,0,0,0,0,,0,0,,0,0,0,0
1613019171635,6,1010123456017,75,,1,0,24,1,1,,0,0,0,0,0,0,10,,0,0,0,0,0,0,0,0,0,,0,0,,0,0,0,0
1613019171884,6,1010123456017,75,,1,0,24,1,1,,0,0,0,0,0,0,5.4,,0,0,0,0,0,0,0,0,0,,0,0,,0,0,0,0
1613019172134,6,1010123456017,75,,1,0,24,1,1,,0,0,0,0,0,0,9.4,,0,0,0,0,0,0,0,0,0,,0,0,,0,0,0,0
1613019172384,6,1010123456017,75,,1,0,24,1,1,,0,0,0,0,0,0,7,,0,0,0,0,0,0,0,0,0,,0,0,,0,0,0,0
1613019172634,6,1010123456017,75,,1,0,24,1,1,,0,0,0,0,0,0,9,,0,0,0,0,0,0,0,0,0,,0,0,,0,0,0,0
1613019172885,6,1010123456017,75,,1,0,24,1,1,,0,0,0,0,0,0,7.75,,0,0,0,0,0,0,0,0,0,,0,0,,0,0,0,0
1613019173134,6,1010123456017,75,,1,0,24,1,1,,0,0,0,0,0,0,6,,0,0,0,0,0,0,0,0,0,,0,0,,0,0,0,0
1613019173385,6,1010123456017,75,,1,0,24,1,1,,0,0,0,0,0,0,9.8,,0,0,0,0,0,0,0,0,0,,0,0,,0,0,0,0
1613019173635,6,1010123456017,75,,1,0,24,1,1,,0,0,0,0,0,0,9,,0,0,0,0,0,0,0,0,0,,0,0,,0,0,0,0
1613019173885,6,1010123456017,75,,1,0,24,1,1,,0,0,0,0,0,0,8.66667,,0,0,0,0,0,0,0,0,0,,0,0,,0,0,0,0
1613019174135,6,1010123456017,75,,1,0,24,1,1,,0,0,0,0,0,0,7.4,,0,0,0,0,0,0,0,0,0,,0,0,,0,0,0,0
1613019174384,6,1010123456017,75,,1,0,24,1,1,,0,0,0,0,0,0,7.66667,,0,0,0,0,0,0,0,0,0,,0,0,,0,0,0,0
1613019174634,6,1010123456017,75,,1,0,24,1,1,,0,0,0,0,0,0,7.6,,0,0,0,0,0,0,0,0,0,,0,0,,0,0,0,0
1613019174884,6,1010123456017,75,,1,0,24,1,1,,0,0,0,0,0,0,7.8,,0,0,0,0,0,0,0,0,0,,0,0,,0,0,0,0
1613019175134,6,1010123456017,75,,1,0,24,1,1,,0,0,0,0,0,0,9,,0,0,0,0,0,0,0,0,0,,0,0,,0,0,0,0
1613019175384,6,1010123456017,75,,1,0,24,1,1,,0,0,0,0,0,0,7.28571,,0,0,0,0,0,0,0,0,0,,0,0,,0,0,0,0
1613019175634,6,1010123456017,75,,1,0,24,1,1,,0,0,0,0,0,0,8,,0,0,0,0,0,0,0,0,0,,0,0,,0,0,0,0
1613019175884,6,1010123456017,75,,1,0,24,1,1,,0,0,0,0,0,0,7.25,,0,0,0,0,0,0,0,0,0,,0,0,,0,0,0,0
1613019176134,6,1010123456017,75,,1,0,24,1,1,,0,0,0,0,0,0,8.4,,0,0,0,0,0,0,0,0,0,,0,0,,0,0,0,0
1613019176385,6,1010123456017,75,,1,0,24,1,1,,0,0,0,0,0,0,7.8,,0,0,0,0,0,0,0,0,0,,0,0,,0,0,0,0
1613019176634,6,1010123456017,75,,1,0,24,1,1,,0,0,0,0,0,0,8.4,,0,0,0,0,0,0,0,0,0,,0,0,,0,0,0,0
1613019176884,6,1010123456017,75,,1,0,24,1,1,,0,0,0,0,0,0,8.2,,0,0,0,0,0,0,0,0,0,,0,0,,0,0,0,0
1613019177134,6,1010123456017,75,,1,0,24,1,1,,0,0,0,0,0,0,6.75,,0,0,0,0,0,0,0,0,0,,0,0,,0,0,0,0
1613019177385,6,1010123456017,75,,1,0,24,1,1,,0,0,0,0,0,0,8,,0,0,0,0,0,0,0,0,0,,0,0,,0,0,0,0
1613019177634,6,1010123456017,75,,1,0,24,1,1,,0,0,0,0,0,0,10.25,,0,0,0,0,0,0,0,0,0,,0,0,,0,0,0,0
1613019177885,6,1010123456017,75,,1,0,24,1,1,,10.6005,413,39783,1.3201,119,0,8.8,,15.6813,91,0,0.349152,28,64.2857,0,10.6852,31,,1143,1857,,0,0,0,7.03297
1613019178135,6,1010123456017,75,,1,0,24,1,1,,16.2668,862,50372,3.76778,245,0,8.83333,,0,0,0,0,0,0,0,0,0,,3033,3027,,0,0,0,0
1613019178384,6,1010123456017,75,,1,0,24,1,1,,12.6414,856,92107,2.82509,245,0,7.42857,,0,0,0,0,0,0,0,0,0,,2988,2982,,0,0,0,0
1613019178634,6,1010123456017,75,,1,0,24,1,1,,14.8002,861,118559,3.32778,245,0,7.66667,,0,0,0,0,0,0,0,0,0,,3000,2994,,0,0,0,0
1613019178885,6,1010123456017,75,,1,0,24,1,1,,13.5952,840,158040,2.8737,247,0,8,,15.0789,76,0,0.26496,25,72,0,9.43857,31,,3000,3000,,0,0,0,7.27632
1613019179135,6,1010123456017,75,,1,0,24,1,1,,12.045,867,175568,2.98698,249,0,6.4,,0,3,0,0.1,1,0,0,0,31,,3000,2994,,0,0,0,0
1613019179385,6,1010123456017,75,,1,0,24,1,1,,12.9481,848,184323,2.78234,244,0,6.85714,,0,0,0,0,0,0,0,0,0,,3000,2988,,0,0,0,0
1613019179635,6,1010123456017,75,,1,0,24,1,1,,15.2312,865,183687,3.21933,248,0,8.2,,15,4,0,0.1,1,0,0,31.8808,31,,3000,2994,,0,0,0,1
1613019179885,6,1010123456017,75,,1,0,24,1,1,,11.0747,843,182120,2.4031,245,0,6.33333,,11.3684,19,0,0.1,6,66.6667,0,12.5707,31,,3000,3000,,0,0,0,6.68421
1613019180135,6,1010123456017,75,,1,0,24,1,1,,14.4664,862,183671,3.04608,246,0,8,,0,12,0,0,4,100,0,0,0,,3000,3000,,0,0,0,0
1613019180384,6,1010123456017,75,,1,0,24,1,1,,17.7347,867,177573,4.16768,247,0,9.28571,,0.1,4,0,0.1,1,0,0,24.2157,31,,3000,2994,,0,0,0,1
1613019180634,6,1010123456017,75,,1,0,24,1,1,,17.6694,841,183657,3.73545,242,0,8.83333,,0,0,0,0,0,0,0,0,0,,3000,3000,,0,0,0,0
1613019180885,6,1010123456017,75,,1,0,24,1,1,,8.58313,830,183065,1.82861,244,0,4.83333,,15,16,0,0.1,4,75,0,8.13453,31,,3000,2994,,0,0,0,7.75
1613019181135,6,1010123456017,75,,1,0,24,1,1,,13.8986,858,183357,2.87264,246,0,8,,5.45455,11,0,0.1,3,33.3333,0,1.9157,0,,3000,2988,,0,0,0,4.27273
1613019181385,6,1010123456017,75,,1,0,24,1,1,,19.3762,856,156825,4.56099,245,0,8.66667,,0,0,0,0,0,0,0,0,0,,3000,3000,,0,0,0,0
1613019181635,6,1010123456017,75,,1,0,24,1,1,,13.9267,860,177391,2.93267,244,0,8,,0,3,0,0.1,1,0,0,0,31,,3000,3000,,0,0,0,0
1613019181885,6,1010123456017,75,,1,0,24,1,1,,12.0396,833,182642,2.75571,244,0,6.5,,11.9623,106,0,0.1,33,81.8182,0,4.2278,31,,3000,2994,,0,0,0,8.19811
1613019182135,6,1010123456017,75,,1,0,24,1,1,,15.3369,846,182950,3.18986,243,0,8.16667,,8.47059,17,0,0.1,5,80,0,0.904124,31,,3000,2988,,0,0,0,7.88235
1613019182385,6,1010123456017,75,,1,0,24,1,1,,13.4476,849,183889,2.80294,244,0,7.57143,,0,0,0,0,0,0,0,0,0,,3000,3000,,0,0,0,0
1613019182635,6,1010123456017,75,,1,0,24,1,1,,13.7618,865,174737,2.96557,248,0,7.66667,,0,0,0,0,0,0,0,0,0,,3000,2979,,0,0,0,0
1613019182884,6,1010123456017,75,,1,0,24,1,1,,14.4426,836,182556,3.35518,242,0,7.16667,,4.41176,34,0,0.1,12,33.3333,0,6.07759,31,,2988,2988,,0,0,0,3.97059
1613019183135,6,1010123456017,75,,1,0,24,1,1,,13.2547,860,184060,2.94214,246,0,6.6,,0,0,0,0,0,0,0,0,0,,3012,3012,,0,0,0,0
1613019183385,6,1010123456017,75,,1,0,24,1,1,,15.1445,851,183090,3.07334,242,0,8,,0,0,0,0,0,0,0,0,0,,3000,2994,,0,0,0,0
1613019183635,6,1010123456017,75,,1,0,24,1,1,,12.4544,856,183215,2.50704,245,0,7.16667,,0,0,0,0,0,0,0,0,0,,3000,3000,,0,0,0,0
1613019183885,6,1010123456017,75,,1,0,24,1,1,,13.0071,844,175244,2.80179,244,0,7.16667,,0.1,63,0,0.1,19,31.5789,0,4.60702,31,,3000,2994,,0,0,0,4.38095
1613019184135,6,1010123456017,75,,1,0,24,1,1,,12.6188,850,182999,3.23667,244,0,7.16667,,0,3,0,0.1,1,0,0,0,31,,3000,3000,,0,0,0,0
1613019184385,6,1010123456017,75,,1,0,24,1,1,,14.266,857,183397,3.11837,245,0,7,,0,0,0,0,0,0,0,0,0,,3000,3000,,0,0,0,0
1613019184635,6,1010123456017,75,,1,0,24,1,1,,15.3116,857,175943,3.37133,244,0,9.33333,,0,0,0,0,0,0,0,0,0,,3000,3000,,0,0,0,0
1613019184885,6,1010123456017,75,,1,0,24,1,1,,14.8595,847,184128,3.4335,245,0,8,,1.93548,31,0,0.1,9,0,0,11.7941,31,,3000,2994,,0,0,0,1
1613019185134,6,1010123456017,75,,1,0,24,1,1,,14.6431,863,184192,3.10904,245,0,8,,0,0,0,0,0,0,0,0,0,,2988,2988,,0,0,0,0
1613019185385,6,1010123456017,75,,1,0,24,1,1,,15.8709,860,170249,3.69709,248,0,8.16667,,0,0,0,0,0,0,0,0,0,,3012,3012,,0,0,0,0
1613019185635,6,1010123456017,75,,1,0,24,1,1,,13.147,857,184442,2.91898,242,0,5.8,,0,0,0,0,0,0,0,0,0,,3000,3000,,0,0,0,0
1613019185885,6,1010123456017,75,,1,0,24,1,1,,14.5711,837,183593,3.23197,247,0,8.5,,15.4217,83,0,0.1,27,88.8889,0,3.68258,31,,3000,3000,,0,0,0,9.13253
1613019186135,6,1010123456017,75,,1,0,24,1,1,,15.4816,870,182096,3.22346,249,0,8.16667,,0,3,0,0.1,1,0,0,0,31,,3000,2988,,0,0,0,0
1613019186385,6,1010123456017,75,,1,0,24,1,1,,17.8491,855,163264,4.33027,245,0,9,,0,0,0,0,0,0,0,0,0,,3000,2994,,0,0,0,0
1613019186635,6,1010123456017,75,,1,0,24,1,1,,19.8613,851,147186,4.75648,244,0,9.5,,0,0,0,0,0,0,0,0,0,,3000,2982,,0,0,0,0
1613019186885,6,1010123456017,75,,1,0,24,1,1,,15.0537,820,144559,3.8513,243,0,7.75,,0.1,31,0,0.1,9,11.1111,0,11.2424,31,,3000,3000,,0,0,0,2.22581
1613019187134,6,1010123456017,75,,1,0,24,1,1,,11.0104,865,183625,2.73542,246,0,6.16667,,0,3,0,0.1,1,0,0,0,31,,3000,3000,,0,0,0,0
1613019187384,6,1010123456017,75,,1,0,24,1,1,,13.6785,843,183377,2.78249,241,0,7.66667,,0,3,0,0.1,1,0,0,0,31,,2988,2988,,0,0,0,0
1613019187635,6,1010123456017,75,,1,0,24,1,1,,17.3034,847,181810,3.66349,244,0,8.75,,0.1,12,0,0.1,3,0,0,1.2118,31,,3012,3012,,0,0,0,1.66667
1613019187885,6,1010123456017,75,,1,0,24,1,1,,13.7021,829,174835,2.96323,243,0,7.83333,,0.1,30,0,0.1,8,0,0,8.27472,31,,3000,3000,,0,0,0,1.36667
1613019188135,6,1010123456017,75,,1,0,24,1,1,,13.7436,854,184204,3.15197,243,0,7,,9,20,0,0.1,6,83.3333,0,1.82636,31,,3000,3000,,0,0,0,8.2
1613019188385,6,1010123456017,75,,1,0,24,1,1,,14.5974,847,181968,2.88608,242,0,8.2,,0,0,0,0,0,0,0,0,0,,3000,3000,,0,0,0,0
1613019188634,6,1010123456017,75,,1,0,24,1,1,,11.0093,861,184113,2.42998,245,0,5.83333,,0.1,16,0,0,4,100,0,1.10186,0,,3000,3000,,0,0,0,10
1613019188885,6,1010123456017,75,,1,0,24,1,1,,16.897,835,181660,3.84326,246,0,8.66667,,14.129,62,0,0.235424,19,63.1579,0,9.598,31,,3000,3000,,0,0,0,6.66129
1613019189134,6,1010123456017,75,,1,0,24,1,1,,15.581,840,182510,3.1459,240,0,8.33333,,0,0,0,0,0,0,0,0,0,,2988,2988,,0,0,0,0
1613019189384,6,1010123456017,75,,1,0,24,1,1,,15.5473,857,182991,3.43422,246,0,7.85714,,0,0,0,0,0,0,0,0,0,,3012,3006,,0,0,0,0
1613019189634,6,1010123456017,75,,1,0,24,1,1,,15.2092,865,183910,3.20238,246,0,8.5,,0,0,0,0,0,0,0,0,0,,3000,3000,,0,0,0,0
1613019189885,6,1010123456017,75,,1,0,24,1,1,,15.8465,847,183245,3.31702,245,0,8.2,,3.88889,54,0,0.1,15,33.3333,0,5.88431,31,,3000,2994,,0,0,0,4.90741
1613019190135,6,1010123456017,75,,1,0,24,1,1,,10.818,846,182198,2.31328,242,0,6.4,,0,0,0,0,0,0,0,0,0,,3000,3000,,0,0,0,0
1613019190385,6,1010123456017,75,,1,0,24,1,1,,12.5197,839,183279,2.68278,241,0,6.8,,0.1,13,0,0.1,4,50,0,0.815208,31,,3000,3000,,0,0,0,5.69231
1613019190635,6,1010123456017,75,,1,0,24,1,1,,13.4525,864,183537,2.90483,248,0,7.33333,,0,0,0,0,0,0,0,0,0,,3000,2994,,0,0,0,0
1613019190885,6,1010123456017,75,,1,0,24,1,1,,14.5466,827,182128,2.95149,242,0,7.83333,,0.1,37,0,0.1,11,9.09091,0,3.76754,31,,3000,3000,,0,0,0,2.2973
1613019191135,6,1010123456017,75,,1,0,24,1,1,,13.3178,837,183983,3.01114,240,0,7.5,,0,0,0,0,0,0,0,0,0,,3000,2964,,0,0,0,0
1613019191384,6,1010123456017,75,,1,0,24,1,1,,17.4497,854,173313,4.43431,244,0,8.85714,,0,0,0,0,0,0,0,0,0,,2988,2976,,0,0,0,0
1613019191634,6,1010123456017,75,,1,0,24,1,1,,15.1444,852,183142,3.20636,246,0,8.33333,,0,0,0,0,0,0,0,0,0,,3000,2988,,0,0,0,0
1613019191885,6,1010123456017,75,,1,0,24,1,1,,17.6663,818,170624,4.02086,244,0,9.33333,,15.8919,74,0,0.175072,23,78.2609,0,9.61405,31,,3012,3006,,0,0,0,7.81081
1613019192135,6,1010123456017,75,,1,0,24,1,1,,15.6254,865,183078,3.42285,246,0,8,,0,0,0,0,0,0,0,0,0,,3000,2994,,0,0,0,0
1613019192385,6,1010123456017,75,,1,0,24,1,1,,11.2733,849,182598,2.31437,244,0,6.71429,,0,0,0,0,0,0,0,0,0,,3000,3000,,0,0,0,0
1613019192635,6,1010123456017,75,,1,0,24,1,1,,13.3841,854,183402,2.85043,244,0,6.66667,,0,0,0,0,0,0,0,0,0,,3000,3000,,0,0,0,0
1613019192885,6,1010123456017,75,,1,0,24,1,1,,14.6023,865,183314,3.07725,248,0,8.16667,,3.5,30,0,0.1,9,0,0,15.7054,31,,3000,3000,,0,0,0,1.3
1613019193135,6,1010123456017,75,,1,0,24,1,1,,15.7882,850,173321,3.45037,244,0,8.8,,15,16,0,0,4,100,0,2.53882,0,,3000,2994,,0,0,0,10
1613019193385,6,1010123456017,75,,1,0,24,1,1,,12.041,854,183618,2.552,246,0,6.71429,,0,0,0,0,0,0,0,0,0,,3000,2988,,0,0,0,0
1613019193634,6,1010123456017,75,,1,0,24,1,1,,15.8301,871,183861,3.41266,247,0,8.4,,0,0,0,0,0,0,0,0,0,,2988,2994,,0,0,0,0
1613019193884,6,1010123456017,75,,1,0,24,1,1,,20.4633,831,151261,5.09121,244,0,10.2,,5.18919,37,0,0.1,11,36.3636,0,9.88133,31,,2988,2988,,0,0,0,4.02703
1613019194135,6,1010123456017,75,,1,0,24,1,1,,15.9401,852,176822,3.3191,246,0,8.33333,,0,0,0,0,0,0,0,0,0,,3000,2994,,0,0,0,0
1613019194385,6,1010123456017,75,,1,0,24,1,1,,10.1106,850,179417,2.08365,244,0,6.71429,,0,0,0,0,0,0,0,0,0,,3000,3000,,0,0,0,0
1613019194635,6,1010123456017,75,,1,0,24,1,1,,17.9837,858,182812,4.0784,246,0,8.5,,0,0,0,0,0,0,0,0,0,,3000,3000,,0,0,0,0
1613019194885,6,1010123456017,75,,1,0,24,1,1,,16.4657,859,183937,3.54698,247,0,8.33333,,6.29032,31,0,0.1,9,44.4444,0,5.12581,31,,3000,3000,,0,0,0,5.12903
1613019195134,6,1010123456017,75,,1,0,24,1,1,,8.76744,860,183832,2.01809,245,0,5.33333,,0,0,0,0,0,0,0,0,0,,2988,2988,,0,0,0,0
1613019195384,6,1010123456017,75,,1,0,24,1,1,,7.02794,859,183276,1.44392,245,0,5.5,,0.1,4,0,0.1,1,0,0,1.13373,31,,3000,2988,,0,0,0,1
1613019195634,6,1010123456017,75,,1,0,24,1,1,,12.7095,857,182989,2.70654,245,0,7,,0,3,0,0.1,1,0,0,0,31,,3000,3012,,0,0,0,0
1613019195884,6,1010123456017,75,,1,0,24,1,1,,16.6671,862,183173,3.56013,245,0,8.6,,15.7895,19,0,0.1,6,66.6667,0,18.8378,31,,2988,2988,,0,0,0,6.68421
1613019196134,6,1010123456017,75,,1,0,24,1,1,,7.65469,863,183064,1.6525,246,0,5.33333,,0,0,0,0,0,0,0,0,0,,3012,3012,,0,0,0,0
1613019196385,6,1010123456017,75,,1,0,24,1,1,,11.1406,839,183198,2.27859,242,0,6.57143,,11.8421,19,0,0.1,5,80,0,7.65138,31,,3000,3000,,0,0,0,8.10526
1613019196635,6,1010123456017,75,,1,0,24,1,1,,14.4382,865,183158,3.1552,248,0,7.5,,0,0,0,0,0,0,0,0,0,,3000,3000,,0,0,0,0
1613019196885,6,1010123456017,75,,1,0,24,1,1,,17.6647,865,180824,4.00838,248,0,9.16667,,15.8696,23,0,0.1,6,66.6667,0,17.3349,31,,3000,2994,,0,0,0,7.26087
1613019197135,6,1010123456017,75,,1,0,24,1,1,,16.8181,863,166573,3.68064,246,0,8.83333,,0,0,0,0,0,0,0,0,0,,3000,3000,,0,0,0,0
1613019197384,6,1010123456017,75,,1,0,24,1,1,,12.7737,853,183781,2.93504,243,0,6.14286,,0,0,0,0,0,0,0,0,0,,3000,3000,,0,0,0,0
1613019197634,6,1010123456017,75,,1,0,24,1,1,,15.5832,859,176096,3.66924,245,0,9.2,,0,0,0,0,0,0,0,0,0,,2988,2994,,0,0,0,0
1613019197884,6,1010123456017,75,,1,0,24,1,1,,11.7979,851,182472,2.35952,244,0,6.83333,,15,15,0,0,4,100,0,1.45462,0,,2988,2976,,0,0,0,10
1613019198134,6,1010123456017,75,,1,0,24,1,1,,13.168,851,183377,2.7689,242,0,7,,0,0,0,0,0,0,0,0,0,,3000,2976,,0,0,0,0
1613019198385,6,1010123456017,75,,1,0,24,1,1,,15.74,854,176934,3.66915,245,0,8.14286,,0.1,11,0,0.1,3,0,0,1.42102,31,,3000,2988,,0,0,0,1.63636
1613019198635,6,1010123456017,75,,1,0,24,1,1,,12.3384,857,182769,2.63261,245,0,7,,0,0,0,0,0,0,0,0,0,,3000,2958,,0,0,0,0
1613019198885,6,1010123456017,75,,1,0,24,1,1,,18.1753,850,157818,4.13923,245,0,10,,6.2069,29,0,0.1,9,44.4444,0,4.56914,31,,3000,3000,,0,0,0,4.96552
1613019199135,6,1010123456017,75,,1,0,24,1,1,,12.9357,855,183226,3.39334,246,0,6.33333,,0,0,0,0,0,0,0,0,0,,3000,3000,,0,0,0,0
1613019199385,6,1010123456017,75,,1,0,24,1,1,,10.6435,833,183360,2.01958,240,0,6.28571,,0,3,0,0.1,1,0,0,0,31,,3000,2943,,0,0,0,0
1613019199634,6,1010123456017,75,,1,0,24,1,1,,17.4747,851,182905,3.64961,242,0,9,,0,0,0,0,0,0,0,0,0,,3000,3000,,0,0,0,0
1613019199884,6,1010123456017,75,,1,0,24,1,1,,17.0024,840,174979,3.66329,246,0,8.83333,,13.7627,59,0,0.184321,18,66.6667,0,8.20045,31,,2988,2982,,0,0,0,6.94915
1613019200134,6,1010123456017,75,,1,0,24,1,1,,10.5544,855,182896,2.55701,245,0,5.66667,,0,0,0,0,0,0,0,0,0,,3000,3000,,0,0,0,0
1613019200384,6,1010123456017,75,,1,0,24,1,1,,18.3108,859,160216,4.34798,247,0,9.57143,,0,0,0,0,0,0,0,0,0,,3012,3012,,0,0,0,0
1613019200635,6,1010123456017,75,,1,0,24,1,1,,13.2849,853,183158,2.79542,245,0,7.16667,,0.1,10,0,0.1,3,33.3333,0,1.29754,31,,3000,2976,,0,0,0,4.4
1613019200885,6,1010123456017,75,,1,0,24,1,1,,12.6106,850,184197,2.67216,245,0,6.8,,13.7778,45,0,0.1,13,61.5385,0,13.7901,31,,3000,3000,,0,0,0,6.33333
1613019201135,6,1010123456017,75,,1,0,24,1,1,,9.50413,847,182982,1.96698,244,0,6.4,,0.1,4,0,0.1,1,0,0,28.3191,31,,3000,3000,,0,0,0,1
1613019201385,6,1010123456017,75,,1,0,24,1,1,,17.1899,848,183981,3.65171,244,0,8.71429,,0,0,0,0,0,0,0,0,0,,3000,3000,,0,0,0,0
1613019201635,6,1010123456017,75,,1,0,24,1,1,,13.2291,851,183831,2.81792,244,0,7.16667,,15,4,0,0.1,1,0,0,30.9601,31,,3000,2967,,0,0,0,1
1613019201884,6,1010123456017,75,,1,0,24,1,1,,12.981,844,183317,2.65102,245,0,7.5,,4.18605,43,0,0.1,13,38.4615,0,5.67327,31,,2988,2982,,0,0,0,4.51163
1613019202134,6,1010123456017,75,,1,0,24,1,1,,13.3291,863,184120,2.81902,246,0,7.2,,0,3,0,0.1,1,0,0,0,31,,3012,3012,,0,0,0,0
1613019202384,6,1010123456017,75,,1,0,24,1,1,,16.5713,863,168756,3.72408,246,0,8.83333,,15,16,0,0,4,100,0,1.00384,0,,2988,2988,,0,0,0,10
1613019202634,6,1010123456017,75,,1,0,24,1,1,,19.5138,868,138306,5.31765,248,0,9.33333,,0,3,0,0.1,1,0,0,0,31,,2988,3000,,0,0,0,0
1613019202885,6,1010123456017,75,,1,0,24,1,1,,14.5532,837,170985,3.0089,244,0,8.5,,10.2632,19,0,0.1,6,66.6667,0,2.14961,31,,3012,3000,,0,0,0,7.15789
1613019203135,6,1010123456017,75,,1,0,24,1,1,,19.8667,855,123680,5.44726,245,0,10.3333,,0,0,0,0,0,0,0,0,0,,3000,3000,,0,0,0,0
1613019203385,6,1010123456017,75,,1,0,24,1,1,,15.8188,850,149926,3.34698,245,0,8,,0,0,0,0,0,0,0,0,0,,3000,2988,,0,0,0,0
1613019203635,6,1010123456017,75,,1,0,24,1,1,,13.555,854,169159,3.12797,245,0,8,,0,0,0,0,0,0,0,0,0,,3000,2988,,0,0,0,0
1613019203885,6,1010123456017,75,,1,0,24,1,1,,20.1825,833,148502,4.76221,247,0,10,,6.24,50,0,0.1,16,50,0,6.84378,31,,3000,3000,,0,0,0,5.44
1613019204134,6,1010123456017,75,,1,0,24,1,1,,19.0059,846,132443,4.69603,242,0,9.83333,,0,0,0,0,0,0,0,0,0,,3000,3000,,0,0,0,0
1613019204384,6,1010123456017,75,,1,0,24,1,1,,13.6796,852,175512,2.79586,245,0,7.42857,,0,0,0,0,0,0,0,0,0,,2988,2988,,0,0,0,0
1613019204634,6,1010123456017,75,,1,0,24,1,1,,13.9148,845,182890,2.74532,244,0,7.66667,,15,18,0,0.1,5,80,0,8.47633,31,,3000,2988,,0,0,0,8
1613019204884,6,1010123456017,75,,1,0,24,1,1,,16.2352,842,182722,3.52173,246,0,8.4,,5,17,0,0.1,5,20,0,20.7702,31,,3000,3012,,0,0,0,2.58824
1613019205135,6,1010123456017,75,,1,0,24,1,1,,15.8681,849,183577,3.36893,243,0,8.5,,0,0,0,0,0,0,0,0,0,,3000,3000,,0,0,0,0
1613019205385,6,1010123456017,75,,1,0,24,1,1,,17.9859,854,168577,4.04816,247,0,9,,13.3333,36,0,0.1,9,88.8889,0,4.87896,31,,3000,3000,,0,0,0,9
1613019205635,6,1010123456017,75,,1,0,24,1,1,,12.4578,865,176720,2.53885,247,0,7.5,,10,12,0,0.1,3,66.6667,0,11.1131,31,,3000,2928,,0,0,0,7
1613019205885,6,1010123456017,75,,1,0,24,1,1,,20.8207,859,139148,5.46928,249,0,10,,14.5,34,0,0.102176,11,54.5455,0,12.6944,31,,3000,2994,,0,0,0,6.55882
1613019206134,6,1010123456017,75,,1,0,24,1,1,,14.1944,854,172979,3.05449,243,0,7.66667,,0,0,0,0,0,0,0,0,0,,3000,3000,,0,0,0,0
1613019206384,6,1010123456017,75,,1,0,24,1,1,,14.4756,860,182784,3.05969,245,0,8,,0,0,0,0,0,0,0,0,0,,2988,2982,,0,0,0,0
1613019206635,6,1010123456017,75,,1,0,24,1,1,,17.2047,845,182848,3.61043,242,0,8.8,,0,0,0,0,0,0,0,0,0,,3000,3000,,0,0,0,0
1613019206884,6,1010123456017,75,,1,0,24,1,1,,17.22,859,183487,3.87078,246,0,8.4,,0.1,29,0,0.1,9,0,0,3.33223,31,,3000,3000,,0,0,0,2
1613019207134,6,1010123456017,75,,1,0,24,1,1,,9.78225,845,182789,1.95839,243,0,6.2,,0,0,0,0,0,0,0,0,0,,2988,2988,,0,0,0,0
1613019207385,6,1010123456017,75,,1,0,24,1,1,,14.8514,848,182223,3.07389,243,0,7.85714,,0,3,0,0.1,1,0,0,0,31,,3012,3012,,0,0,0,0
1613019207635,6,1010123456017,75,,1,0,24,1,1,,12.883,855,183737,2.62211,245,0,7.4,,0,0,0,0,0,0,0,0,0,,3000,2982,,0,0,0,0
1613019207885,6,1010123456017,75,,1,0,24,1,1,,16.2388,850,183117,3.63213,246,0,8.66667,,13.5625,48,0,0.1,14,85.7143,0,7.06961,31,,3000,3000,,0,0,0,9.10417
1613019208135,6,1010123456017,75,,1,0,24,1,1,,17.7413,858,175302,3.90026,245,0,9.16667,,0.1,4,0,0.1,1,0,0,25.4886,31,,3000,3000,,0,0,0,1
1613019208385,6,1010123456017,75,,1,0,24,1,1,,13.5442,860,183833,3.48656,247,0,7.28571,,0,0,0,0,0,0,0,0,0,,3000,3000,,0,0,0,0
1613019208634,6,1010123456017,75,,1,0,24,1,1,,16.5756,853,179118,3.94975,244,0,8.83333,,0,0,0,0,0,0,0,0,0,,2988,2988,,0,0,0,0
1613019208884,6,1010123456017,75,,1,0,24,1,1,,20.2594,825,162605,4.66445,243,0,10.1667,,7.75862,29,0,0.1,9,44.4444,0,8.39897,31,,3012,2976,,0,0,0,4.86207
1613019209134,6,1010123456017,75,,1,0,24,1,1,,14.5773,854,183525,3.10609,245,0,7.83333,,0.1,12,0,0.1,3,66.6667,0,0.719922,31,,3000,3000,,0,0,0,7
1613019209385,6,1010123456017,75,,1,0,24,1,1,,18.2279,847,148162,4.52397,244,0,9.28571,,0,0,0,0,0,0,0,0,0,,3000,3000,,0,0,0,0
1613019209635,6,1010123456017,75,,1,0,24,1,1,,14.2233,860,183591,2.94509,246,0,8.16667,,0,6,0,0.1,2,0,0,0,31,,3000,2988,,0,0,0,0
1613019209885,6,1010123456017,75,,1,0,24,1,1,,12.4069,865,183392,2.64499,248,0,6.83333,,8.14286,35,0,0.1,11,36.3636,0,13.2749,31,,3000,3000,,0,0,0,4.08571
1613019210135,6,1010123456017,75,,1,0,24,1,1,,18.9333,869,164338,4.46483,248,0,9.4,,0,0,0,0,0,0,0,0,0,,3000,3000,,0,0,0,0
1613019210384,6,1010123456017,75,,1,0,24,1,1,,15.7215,851,182648,3.31695,244,0,8,,0,0,0,0,0,0,0,0,0,,2988,2988,,0,0,0,0
1613019210634,6,1010123456017,75,,1,0,24,1,1,,13.8976,859,182426,2.96437,246,0,7.66667,,0,0,0,0,0,0,0,0,0,,3000,2994,,0,0,0,0
1613019210884,6,1010123456017,75,,1,0,24,1,1,,13.2873,825,182917,2.77198,242,0,7.6,,14.5604,91,0,0.120707,29,82.7586,0,4.89726,31,,3000,3000,,0,0,0,8.31868
1613019211134,6,1010123456017,75,,1,0,24,1,1,,15.3455,851,184116,3.20871,243,0,8.16667,,0,0,0,0,0,0,0,0,0,,3000,2994,,0,0,0,0
1613019211384,6,1010123456017,75,,1,0,24,1,1,,9.99883,855,183537,2.12556,246,0,5.42857,,0.1,4,0,0.1,1,0,0,2.11344,31,,3000,2994,,0,0,0,1
1613019211635,6,1010123456017,75,,1,0,24,1,1,,15.7779,860,165110,3.73808,247,0,9.16667,,0,0,0,0,0,0,0,0,0,,3012,3012,,0,0,0,0
1613019211885,6,1010123456017,75,,1,0,24,1,1,,15.3188,850,184185,3.13846,245,0,8,,3.44444,36,0,0.109024,10,20,0,10.4944,31,,3000,3000,,0,0,0,3.19444
1613019212135,6,1010123456017,75,,1,0,24,1,1,,13.7626,851,183239,2.85082,244,0,7.83333,,0,0,0,0,0,0,0,0,0,,3000,2994,,0,0,0,0
1613019212385,6,1010123456017,75,,1,0,24,1,1,,17.3926,861,179390,4.02602,247,0,9.14286,,15,4,0,0.1,1,0,0,31.4771,31,,3000,2970,,0,0,0,1
1613019212634,6,1010123456017,75,,1,0,24,1,1,,10.7564,858,182878,2.41838,244,0,5.83333,,0,0,0,0,0,0,0,0,0,,2988,2988,,0,0,0,0
1613019212884,6,1010123456017,75,,1,0,24,1,1,,17.3357,849,182036,3.82982,245,0,9,,0,17,0,0.1,6,66.6667,0,0,0,,3000,3000,,0,0,0,0
1613019213134,6,1010123456017,75,,1,0,24,1,1,,17.4352,857,179795,3.77655,245,0,8.83333,,0,0,0,0,0,0,0,0,0,,2988,2988,,0,0,0,0
1613019213384,6,1010123456017,75,,1,0,24,1,1,,15.2725,855,184013,3.26365,245,0,8,,0,0,0,0,0,0,0,0,0,,3000,3000,,0,0,0,0
1613019213634,6,1010123456017,75,,1,0,24,1,1,,13.098,867,182842,3.031,248,0,7.16667,,0,0,0,0,0,0,0,0,0,,3000,2982,,0,0,0,0
1613019213885,6,1010123456017,75,,1,0,24,1,1,,18.9318,851,162906,4.3328,246,0,10.2,,12,23,0,0.1,6,66.6667,0,12.0193,31,,3012,2988,,0,0,0,7.26087
1613019214135,6,1010123456017,75,,1,0,24,1,1,,15.4363,848,177257,3.76326,244,0,8.5,,0,0,0,0,0,0,0,0,0,,3000,3000,,0,0,0,0
1613019214385,6,1010123456017,75,,1,0,24,1,1,,13.8694,850,182158,2.86032,245,0,8,,0,0,0,0,0,0,0,0,0,,3000,3000,,0,0,0,0
1613019214635,6,1010123456017,75,,1,0,24,1,1,,15.1321,848,183089,3.1705,242,0,7.83333,,0,0,0,0,0,0,0,0,0,,3000,2988,,0,0,0,0
1613019214884,6,1010123456017,75,,1,0,24,1,1,,14.5212,850,184233,2.91322,242,0,7.83333,,8.63636,33,0,0.1,9,44.4444,0,6.36613,31,,3000,3000,,0,0,0,5.45455
1613019215134,6,1010123456017,75,,1,0,24,1,1,,14.8608,862,181728,3.32456,247,0,8,,0,0,0,0,0,0,0,0,0,,2988,3000,,0,0,0,0
1613019215384,6,1010123456017,75,,1,0,24,1,1,,11.7664,856,179074,2.34747,245,0,7.57143,,0,6,0,0.1,2,0,0,0,31,,3000,3000,,0,0,0,0
1613019215634,6,1010123456017,75,,1,0,24,1,1,,17.7289,863,169029,4.56826,247,0,8.33333,,0,0,0,0,0,0,0,0,0,,2988,2988,,0,0,0,0
1613019215884,6,1010123456017,75,,1,0,24,1,1,,14.963,839,179994,3.4792,244,0,7.33333,,8.92308,39,0,0.1,11,72.7273,0,4.21615,31,,2988,2970,,0,0,0,7.46154
1613019216135,6,1010123456017,75,,1,0,24,1,1,,16.7876,852,173570,4.16211,246,0,9.5,,0,0,0,0,0,0,0,0,0,,3012,3006,,0,0,0,0
1613019216385,6,1010123456017,75,,1,0,24,1,1,,11.7517,858,183796,2.52592,247,0,6.42857,,0.1,4,0,0.1,1,0,0,26.5889,31,,3000,2988,,0,0,0,1
1613019216634,6,1010123456017,75,,1,0,24,1,1,,12.7183,859,182957,2.63968,244,0,7.2,,0,0,0,0,0,0,0,0,0,,3000,3000,,0,0,0,0
1613019216885,6,1010123456017,75,,1,0,24,1,1,,15.8115,833,183985,3.67645,245,0,8,,14.9623,53,0,0.1,16,75,0,6.20257,31,,3000,2994,,0,0,0,7.96226
1613019217134,6,1010123456017,75,,1,0,24,1,1,,13.9668,843,179634,3.35727,241,0,9.6,,0,3,0,0.1,1,0,0,0,31,,2988,2976,,0,0,0,0
1613019217384,6,1010123456017,75,,1,0,24,1,1,,17.2371,856,183912,3.64691,246,0,8.83333,,0.1,4,0,0.1,1,0,0,25.1302,31,,3012,3000,,0,0,0,1
1613019217634,6,1010123456017,75,,1,0,24,1,1,,17.014,860,183712,4.06095,245,0,8,,0,0,0,0,0,0,0,0,0,,3000,2994,,0,0,0,0
1613019217885,6,1010123456017,75,,1,0,24,1,1,,15.4169,830,183446,3.16694,247,0,8.33333,,6.93617,94,0,0.1,27,62.963,0,4.69768,31,,3000,2994,,0,0,0,6.97872
1613019218135,6,1010123456017,75,,1,0,24,1,1,,14.5441,862,182505,3.07699,244,0,7.6,,0,0,0,0,0,0,0,0,0,,3000,3000,,0,0,0,0
1613019218385,6,1010123456017,75,,1,0,24,1,1,,18.6616,863,168319,4.27581,247,0,9.28571,,0,0,0,0,0,0,0,0,0,,3000,3000,,0,0,0,0
1613019218634,6,1010123456017,75,,1,0,24,1,1,,14.3965,860,183592,2.99904,245,0,7.83333,,0,0,0,0,0,0,0,0,0,,3000,2988,,0,0,0,0
1613019218885,6,1010123456017,75,,1,0,24,1,1,,14.391,849,156931,3.58573,246,0,8.33333,,0,0,0,0,0,0,0,0,0,,3000,2964,,0,0,0,0
1613019219135,6,1010123456017,75,,1,0,24,1,1,,18.5689,842,147356,4.34794,243,0,10,,1.77778,27,0,0.1,8,0,0,7.68215,31,,3000,3000,,0,0,0,2.25926
1613019219384,6,1010123456017,75,,1,0,24,1,1,,18.66,856,136960,4.71444,245,0,8.5,,0,3,0,0.1,1,0,0,0,31,,2988,2994,,0,0,0,0
1613019219634,6,1010123456017,75,,1,0,24,1,1,,8.47953,855,183631,1.77944,245,0,5.5,,15,4,0,0.1,1,0,0,29.1746,31,,2988,3000,,0,0,0,1
1613019219884,6,1010123456017,75,,1,0,24,1,1,,14.3896,829,166277,3.08925,245,0,8.4,,6.15385,39,0,0.1,12,50,0,9.45689,31,,2988,2988,,0,0,0,5.35897
1613019220134,6,1010123456017,75,,1,0,24,1,1,,20.2549,863,132941,5.40331,246,0,10.5,,0,0,0,0,0,0,0,0,0,,3000,3000,,0,0,0,0
1613019220385,6,1010123456017,75,,1,0,24,1,1,,10.6721,857,182970,2.32262,246,0,6.42857,,0,0,0,0,0,0,0,0,0,,3012,3012,,0,0,0,0
1613019220635,6,1010123456017,75,,1,0,24,1,1,,16.9181,843,183066,3.53949,241,0,8.5,,0,0,0,0,0,0,0,0,0,,3000,3000,,0,0,0,0
1613019220884,6,1010123456017,75,,1,0,24,1,1,,11.7337,845,184176,2.52061,246,0,7,,15.8696,23,0,0.1,6,66.6667,0,17.2194,31,,3000,2988,,0,0,0,7.26087
1613019221134,6,1010123456017,75,,1,0,24,1,1,,16.6295,869,183628,3.62474,248,0,8.66667,,0,0,0,0,0,0,0,0,0,,3000,2994,,0,0,0,0
1613019221384,6,1010123456017,75,,1,0,24,1,1,,20.1569,854,158834,4.93092,245,0,10,,15,14,0,0,4,100,0,1.36967,0,,3000,3000,,0,0,0,10
1613019221634,6,1010123456017,75,,1,0,24,1,1,,14.3753,866,182274,2.98831,247,0,7.83333,,0,0,0,0,0,0,0,0,0,,3000,3000,,0,0,0,0
1613019221884,6,1010123456017,75,,1,0,24,1,1,,18.8636,858,170302,4.42699,246,0,9.66667,,6.48649,37,0,0.1,10,50,0,4.02679,31,,3000,3000,,0,0,0,6.21622
1613019222134,6,1010123456017,75,,1,0,24,1,1,,10.9812,853,183618,2.33706,245,0,6,,0,0,0,0,0,0,0,0,0,,3000,3000,,0,0,0,0
1613019222384,6,1010123456017,75,,1,0,24,1,1,,13.0396,859,178828,2.50583,246,0,7.85714,,0,0,0,0,0,0,0,0,0,,2988,2988,,0,0,0,0
1613019222635,6,1010123456017,75,,1,0,24,1,1,,17.3802,847,183204,3.95392,244,0,8.33333,,0,0,0,0,0,0,0,0,0,,3012,3012,,0,0,0,0
1613019222885,6,1010123456017,75,,1,0,24,1,1,,15.7613,842,182816,3.27379,246,0,8.16667,,6.66667,36,0,0.1,10,40,0,6.08046,31,,3000,3000,,0,0,0,5.08333
1613019223134,6,1010123456017,75,,1,0,24,1,1,,8.79089,856,183095,2.18686,244,0,4.6,,0,0,0,0,0,0,0,0,0,,3000,3000,,0,0,0,0
1613019223384,6,1010123456017,75,,1,0,24,1,1,,13.5895,855,183840,2.76501,245,0,7.71429,,0,0,0,0,0,0,0,0,0,,2988,2979,,0,0,0,0
1613019223634,6,1010123456017,75,,1,0,24,1,1,,14.6411,861,183232,3.10564,247,0,7.5,,0,0,0,0,0,0,0,0,0,,3000,3006,,0,0,0,0
1613019223884,6,1010123456017,75,,1,0,24,1,1,,13.3271,853,184023,2.77635,246,0,7.5,,15,17,0,0.1,5,80,0,9.38108,31,,2988,2982,,0,0,0,7.88235
1613019224134,6,1010123456017,75,,1,0,24,1,1,,18.5431,847,158192,4.50477,243,0,9.83333,,0,0,0,0,0,0,0,0,0,,3000,2988,,0,0,0,0
1613019224384,6,1010123456017,75,,1,0,24,1,1,,17.0552,852,162453,4.04983,245,0,8.14286,,0.1,7,0,0.1,2,0,0,0.904572,31,,3000,2982,,0,0,0,1.42857
1613019224634,6,1010123456017,75,,1,0,24,1,1,,13.0526,856,178151,2.68485,244,0,8.5,,0,0,0,0,0,0,0,0,0,,3000,3000,,0,0,0,0
1613019224885,6,1010123456017,75,,1,0,24,1,1,,15.2503,859,184051,3.48614,248,0,7.83333,,2.7013,77,0,0.1,23,39.1304,0,5.24087,31,,3012,2988,,0,0,0,4.90909
1613019225135,6,1010123456017,75,,1,0,24,1,1,,15.9646,848,176604,3.65158,242,0,8,,0,0,0,0,0,0,0,0,0,,3000,3000,,0,0,0,0
1613019225384,6,1010123456017,75,,1,0,24,1,1,,17.0933,847,182568,3.80357,240,0,9,,0,0,0,0,0,0,0,0,0,,2988,2994,,0,0,0,0
1613019225634,6,1010123456017,75,,1,0,24,1,1,,14.466,854,184354,3.01844,245,0,7.83333,,0,0,0,0,0,0,0,0,0,,3012,2988,,0,0,0,0
1613019225884,6,1010123456017,75,,1,0,24,1,1,,16.0632,855,184120,3.84074,245,0,8,,0,0,0,0,0,0,0,0,0,,3000,3000,,0,0,0,0
1613019226134,6,1010123456017,75,,1,0,24,1,1,,14.2716,858,183846,3.21173,247,0,8,,5.21739,46,0,0.1,13,69.2308,0,4.30665,31,,2988,2988,,0,0,0,7.65217
1613019226384,6,1010123456017,75,,1,0,24,1,1,,13.2829,859,183071,2.84999,248,0,7.42857,,0,0,0,0,0,0,0,0,0,,3000,2991,,0,0,0,0
1613019226634,6,1010123456017,75,,1,0,24,1,1,,13.787,859,183994,2.92977,245,0,7.5,,0,0,0,0,0,0,0,0,0,,3000,2976,,0,0,0,0
1613019226885,6,1010123456017,75,,1,0,24,1,1,,10.6469,844,182690,2.19818,245,0,6.6,,4.42553,47,0,0.1,15,46.6667,0,3.10396,31,,3000,2994,,0,0,0,5.91489
1613019227135,6,1010123456017,75,,1,0,24,1,1,,15.214,855,183223,3.48029,245,0,8.33333,,0,0,0,0,0,0,0,0,0,,3000,2988,,0,0,0,0
1613019227384,6,1010123456017,75,,1,0,24,1,1,,18.7587,862,169910,4.49346,247,0,9.57143,,0,0,0,0,0,0,0,0,0,,3000,3000,,0,0,0,0
1613019227634,6,1010123456017,75,,1,0,24,1,1,,17.2314,860,169128,3.92177,247,0,9.16667,,0,0,0,0,0,0,0,0,0,,3000,3000,,0,0,0,0
1613019227884,6,1010123456017,75,,1,0,24,1,1,,16.7408,814,171871,3.57471,243,0,9,,0.1,29,0,0.1,9,0,0,4.85142,31,,3000,3000,,0,0,0,2.06897
1613019228134,6,1010123456017,75,,1,0,24,1,1,,15.8343,839,183313,3.43733,241,0,8.16667,,0,0,0,0,0,0,0,0,0,,2988,2970,,0,0,0,0
1613019228384,6,1010123456017,75,,1,0,24,1,1,,18.8026,856,173351,4.54814,247,0,9,,0,3,0,0.1,1,0,0,0,31,,3000,2970,,0,0,0,0
1613019228634,6,1010123456017,75,,1,0,24,1,1,,13.9243,859,183763,2.87788,246,0,8,,0,0,0,0,0,0,0,0,0,,3000,3000,,0,0,0,0
1613019228884,6,1010123456017,75,,1,0,24,1,1,,16.5834,857,161792,3.88842,247,0,9.4,,8.625,56,0,0.1,16,37.5,0,15.578,31,,3000,2988,,0,0,0,4.80357
1613019229135,6,1010123456017,75,,1,0,24,1,1,,13.6508,859,179067,3.66032,245,0,7.16667,,0,0,0,0,0,0,0,0,0,,3012,3012,,0,0,0,0
1613019229385,6,1010123456017,75,,1,0,24,1,1,,15.2356,853,182339,3.63834,246,0,8.57143,,0,0,0,0,0,0,0,0,0,,3000,3000,,0,0,0,0
1613019229634,6,1010123456017,75,,1,0,24,1,1,,18.0221,858,174278,4.03682,244,0,10,,15,8,0,0.1,2,0,0,32.5348,31,,2988,2988,,0,0,0,1
1613019229884,6,1010123456017,75,,1,0,24,1,1,,10.4282,850,183090,2.77012,244,0,5.5,,9,35,0,0.1,11,81.8182,0,8.11593,31,,2988,2982,,0,0,0,7.94286
1613019230134,6,1010123456017,75,,1,0,24,1,1,,12.9507,852,182592,2.78892,245,0,7,,5.0625,16,0,0.1,5,60,0,2.02437,0,,3000,2994,,0,0,0,6.0625
1613019230384,6,1010123456017,75,,1,0,24,1,1,,16.687,853,184081,3.76244,244,0,8.71429,,0,0,0,0,0,0,0,0,0,,3000,3000,,0,0,0,0
1613019230634,6,1010123456017,75,,1,0,24,1,1,,14.8132,867,183539,3.50316,248,0,7,,0,0,0,0,0,0,0,0,0,,3012,3006,,0,0,0,0
1613019230884,6,1010123456017,75,,1,0,24,1,1,,10.6453,843,182908,2.40527,244,0,7.6,,4.77273,44,0,0.1,13,30.7692,0,8.88124,31,,2988,2988,,0,0,0,4
1613019231134,6,1010123456017,75,,1,0,24,1,1,,12.5821,859,184344,2.70657,246,0,7.16667,,0,0,0,0,0,0,0,0,0,,3012,3000,,0,0,0,0
1613019231384,6,1010123456017,75,,1,0,24,1,1,,13.0995,854,183984,2.80945,244,0,7,,0,3,0,0.1,1,0,0,0,31,,2988,2994,,0,0,0,0
1613019231634,6,1010123456017,75,,1,0,24,1,1,,13.9374,847,183587,2.91428,243,0,7.66667,,0.1,12,0,0.1,3,33.3333,0,1.1553,31,,3000,2994,,0,0,0,4.33333
1613019231884,6,1010123456017,75,,1,0,24,1,1,,13.9408,844,182572,3.08508,247,0,8.16667,,14.5444,90,0,0.120707,29,82.7586,0,5.35677,31,,2988,2970,,0,0,0,8.36667
1613019232134,6,1010123456017,75,,1,0,24,1,1,,19.8908,861,162267,4.61491,247,0,10.4,,0,0,0,0,0,0,0,0,0,,3000,2988,,0,0,0,0
1613019232384,6,1010123456017,75,,1,0,24,1,1,,16.1594,847,184379,3.56122,243,0,8.14286,,0.1,4,0,0.1,1,0,0,0.970335,31,,2988,2988,,0,0,0,1
1613019232634,6,1010123456017,75,,1,0,24,1,1,,14.0724,856,170407,3.4764,243,0,7.5,,0,6,0,0.1,2,0,0,0,31,,3000,3000,,0,0,0,0
1613019232884,6,1010123456017,75,,1,0,24,1,1,,18.2497,857,163732,4.34766,247,0,9.83333,,9.375,48,0,0.1,13,61.5385,0,5.7755,31,,3000,3012,,0,0,0,6.625
1613019233134,6,1010123456017,75,,1,0,24,1,1,,11.0035,846,184031,2.18532,242,0,6.4,,0,0,0,0,0,0,0,0,0,,2988,2988,,0,0,0,0
1613019233384,6,1010123456017,75,,1,0,24,1,1,,12.84,850,168179,2.84977,245,0,7.33333,,0.1,4,0,0.1,1,0,0,0.845696,31,,3000,3000,,0,0,0,5
1613019233635,6,1010123456017,75,,1,0,24,1,1,,19.2806,859,162071,4.34208,246,0,10,,0.1,8,0,0.1,2,0,0,1.35479,31,,3012,3012,,0,0,0,2
1613019233884,6,1010123456017,75,,1,0,24,1,1,,9.4284,838,175022,2.12794,242,0,5.5,,6.72414,29,0,0.1,9,44.4444,0,4.99093,31,,3000,2988,,0,0,0,5.13793
1613019234134,6,1010123456017,75,,1,0,24,1,1,,9.62632,851,183233,2.32324,243,0,5.8,,0.1,4,0,0.1,1,0,0,1.32244,31,,2988,2988,,0,0,0,4
1613019234384,6,1010123456017,75,,1,0,24,1,1,,16.9426,853,184131,3.55444,244,0,8.71429,,0,0,0,0,0,0,0,0,0,,3000,2982,,0,0,0,0
1613019234634,6,1010123456017,75,,1,0,24,1,1,,9.50769,845,181020,2.10731,242,0,6.4,,0,0,0,0,0,0,0,0,0,,2988,2988,,0,0,0,0
1613019234884,6,1010123456017,75,,1,0,24,1,1,,14.9191,853,184053,3.27293,246,0,7.66667,,6.2439,41,0,0.1,13,46.1538,0,10.2188,31,,3000,3012,,0,0,0,5.31707
1613019235134,6,1010123456017,75,,1,0,24,1,1,,15.2427,857,183397,3.15656,244,0,8.16667,,0,0,0,0,0,0,0,0,0,,3000,2988,,0,0,0,0
1613019235384,6,1010123456017,75,,1,0,24,1,1,,14.9259,850,183517,3.16235,244,0,8,,0,0,0,0,0,0,0,0,0,,3000,3000,,0,0,0,0
1613019235634,6,1010123456017,75,,1,0,24,1,1,,14.5006,845,183617,3.0648,244,0,8.2,,12.1875,16,0,0.1,5,80,0,7.82923,31,,3012,3006,,0,0,0,8.3125
1613019235884,6,1010123456017,75,,1,0,24,1,1,,16.1643,846,183918,3.91277,243,0,8.5,,0.1,24,0,0.1,7,0,0,1.41829,31,,2988,3000,,0,0,0,1.58333
1613019236134,6,1010123456017,75,,1,0,24,1,1,,14.5942,855,184096,3.32257,245,0,8,,0.1,4,0,0.1,1,0,0,0.993955,0,,3000,3000,,0,0,0,3
1613019236384,6,1010123456017,75,,1,0,24,1,1,,17.7532,863,183440,3.89211,246,0,9,,0,0,0,0,0,0,0,0,0,,2988,2988,,0,0,0,0
1613019236634,6,1010123456017,75,,1,0,24,1,1,,13.0224,850,183588,2.72141,244,0,7.33333,,0,3,0,0,1,100,0,0,0,,2988,2988,,0,0,0,0
1613019236884,6,1010123456017,75,,1,0,24,1,1,,18.5119,840,169974,4.28129,241,0,10.1667,,5.4878,41,0,0.1,12,50,0,5.64786,31,,3000,3000,,0,0,0,6.26829
1613019237134,6,1010123456017,75,,1,0,24,1,1,,15.3907,860,183066,3.60305,245,0,8,,0.1,7,0,0.1,2,0,0,0.563511,31,,3000,3000,,0,0,0,5
1613019237384,6,1010123456017,75,,1,0,24,1,1,,19.5986,857,168269,4.56492,245,0,9.71429,,0.1,4,0,0.1,1,0,0,1.89644,31,,3000,2988,,0,0,0,1
1613019237634,6,1010123456017,75,,1,0,24,1,1,,14.5082,856,183904,2.99643,244,0,7.8,,0,3,0,0.1,1,0,0,0,31,,3012,2928,,0,0,0,0
1613019237885,6,1010123456017,75,,1,0,24,1,1,,15.3897,857,172340,3.59885,248,0,8.33333,,7.05882,34,0,0.1,9,44.4444,0,4.33251,31,,3000,2964,,0,0,0,5.52941
1613019238134,6,1010123456017,75,,1,0,24,1,1,,16.2136,852,173930,3.89298,243,0,8.66667,,0,0,0,0,0,0,0,0,0,,3000,2988,,0,0,0,0
1613019238384,6,1010123456017,75,,1,0,24,1,1,,16.5263,855,184114,3.7519,246,0,8.5,,0,3,0,0.1,1,0,0,0,31,,2988,2988,,0,0,0,0
1613019238634,6,1010123456017,75,,1,0,24,1,1,,15.1909,859,183107,3.27997,245,0,8.33333,,0,0,0,0,0,0,0,0,0,,3000,3000,,0,0,0,0
1613019238884,6,1010123456017,75,,1,0,24,1,1,,13.7927,844,182179,3.13841,245,0,8.4,,4.86486,37,0,0.1,11,36.3636,0,7.71365,31,,3012,2994,,0,0,0,4
1613019239134,6,1010123456017,75,,1,0,24,1,1,,14.0794,869,171179,3.14763,248,0,7.5,,0.1,4,0,0.1,1,0,0,2.74732,31,,3000,2994,,0,0,0,1
1613019239384,6,1010123456017,75,,1,0,24,1,1,,16.3525,851,180405,3.52713,244,0,9.14286,,0,0,0,0,0,0,0,0,0,,2988,2988,,0,0,0,0
1613019239634,6,1010123456017,75,,1,0,24,1,1,,17.7119,840,180179,4.31733,243,0,8.5,,0,0,0,0,0,0,0,0,0,,3000,2988,,0,0,0,0
1613019239884,6,1010123456017,75,,1,0,24,1,1,,13.7865,829,184228,3.14088,242,0,7.6,,5.2093,43,0,0.1,12,33.3333,0,9.44094,31,,3000,2988,,0,0,0,4.02326
1613019240134,6,1010123456017,75,,1,0,24,1,1,,15.5221,858,184361,3.3228,246,0,8.33333,,0,0,0,0,0,0,0,0,0,,3012,3000,,0,0,0,0
1613019240384,6,1010123456017,75,,1,0,24,1,1,,12.954,847,183809,2.6525,243,0,6.57143,,0,0,0,0,0,0,0,0,0,,2988,2982,,0,0,0,0
1613019240634,6,1010123456017,75,,1,0,24,1,1,,10.7726,853,183756,2.26561,245,0,7.4,,0,0,0,0,0,0,0,0,0,,3000,2988,,0,0,0,0
1613019240884,6,1010123456017,75,,1,0,24,1,1,,10.1402,856,183218,1.99428,244,0,6.16667,,0.1,39,0,0.1,11,18.1818,0,5.03188,31,,3000,2994,,0,0,0,3.12821
1613019241134,6,1010123456017,75,,1,0,24,1,1,,14.6267,860,184207,3.33876,245,0,8.2,,0,0,0,0,0,0,0,0,0,,2988,2976,,0,0,0,0
1613019241384,6,1010123456017,75,,1,0,24,1,1,,12.939,836,184500,2.76247,242,0,7.28571,,15,13,0,0,4,100,0,2.02667,0,,3000,3000,,0,0,0,10
1613019241634,6,1010123456017,75,,1,0,24,1,1,,16.6166,866,170232,4.41667,247,0,9.16667,,0,0,0,0,0,0,0,0,0,,3000,3000,,0,0,0,0
1613019241885,6,1010123456017,75,,1,0,24,1,1,,10.4739,842,182629,2.36803,245,0,6.6,,14.4714,70,0,0.170112,21,76.1905,0,6.80595,31,,3000,2988,,0,0,0,8.07143
1613019242134,6,1010123456017,75,,1,0,24,1,1,,14.7161,863,182253,3.10792,246,0,8,,0,0,0,0,0,0,0,0,0,,3000,3012,,0,0,0,0
1613019242384,6,1010123456017,75,,1,0,24,1,1,,18.6756,860,181429,4.27267,247,0,9,,0,0,0,0,0,0,0,0,0,,2988,2988,,0,0,0,0
1613019242634,6,1010123456017,75,,1,0,24,1,1,,7.03372,860,183688,1.55483,246,0,5.75,,0,0,0,0,0,0,0,0,0,,3012,3012,,0,0,0,0
1613019242885,6,1010123456017,75,,1,0,24,1,1,,12.5097,822,182375,2.43398,246,0,7.2,,14.5638,94,0,0.205248,30,76.6667,0,7.09769,31,,3000,3000,,0,0,0,7.70213
1613019243134,6,1010123456017,75,,1,0,24,1,1,,16.5678,863,155082,4.39785,247,0,9.8,,0,0,0,0,0,0,0,0,0,,2988,2988,,0,0,0,0
1613019243384,6,1010123456017,75,,1,0,24,1,1,,13.0805,857,179988,2.70972,244,0,7.5,,0,0,0,0,0,0,0,0,0,,3000,2988,,0,0,0,0
1613019243634,6,1010123456017,75,,1,0,24,1,1,,17.7322,855,177423,4.35531,245,0,8.66667,,0,0,0,0,0,0,0,0,0,,3000,3000,,0,0,0,0
1613019243884,6,1010123456017,75,,1,0,24,1,1,,13.5617,851,184416,2.84996,245,0,7.5,,1.20755,53,0,0.103839,15,26.6667,0,5.36661,31,,3000,2994,,0,0,0,3.5283
1613019244134,6,1010123456017,75,,1,0,24,1,1,,12.2176,850,183129,2.44655,243,0,6.5,,0,0,0,0,0,0,0,0,0,,3000,2970,,0,0,0,0
1613019244384,6,1010123456017,75,,1,0,24,1,1,,12.2283,863,179098,2.40511,247,0,7.83333,,0,0,0,0,0,0,0,0,0,,3000,3000,,0,0,0,0
1613019244634,6,1010123456017,75,,1,0,24,1,1,,16.1935,858,174361,3.87598,246,0,8.5,,0,0,0,0,0,0,0,0,0,,2988,2988,,0,0,0,0
1613019244884,6,1010123456017,75,,1,0,24,1,1,,18.0935,866,164995,4.60276,249,0,9,,0,0,0,0,0,0,0,0,0,,3000,2988,,0,0,0,0
1613019245134,6,1010123456017,75,,1,0,24,1,1,,12.7067,866,182965,2.59116,246,0,7,,0.1,45,0,0.1,13,23.0769,0,3.24615,31,,3000,3000,,0,0,0,3.95556
1613019245385,6,1010123456017,75,,1,0,24,1,1,,14.2063,853,184457,3.02451,244,0,7.57143,,15,16,0,0,4,100,0,1.11008,0,,3012,3012,,0,0,0,10
1613019245634,6,1010123456017,75,,1,0,24,1,1,,19.9564,849,149767,5.13173,243,0,10.5,,0.1,4,0,0.1,1,0,0,26.2471,31,,2988,2976,,0,0,0,1
1613019245884,6,1010123456017,75,,1,0,24,1,1,,14.747,822,170937,3.52042,243,0,7.83333,,6.25641,39,0,0.1,11,72.7273,0,3.35362,31,,3000,3012,,0,0,0,7.69231
1613019246134,6,1010123456017,75,,1,0,24,1,1,,17.2341,850,172506,4.01237,243,0,9.33333,,0,0,0,0,0,0,0,0,0,,2988,2988,,0,0,0,0
1613019246384,6,1010123456017,75,,1,0,24,1,1,,13.6686,863,183692,2.9022,247,0,7.71429,,0,0,0,0,0,0,0,0,0,,3000,3000,,0,0,0,0
1613019246634,6,1010123456017,75,,1,0,24,1,1,,12.1928,866,174046,2.76543,248,0,7.16667,,0,0,0,0,0,0,0,0,0,,3012,3012,,0,0,0,0
1613019246884,6,1010123456017,75,,1,0,24,1,1,,16.859,851,175844,4.28039,245,0,8.16667,,0.1,32,0,0.1,10,20,0,3.73838,31,,2988,3000,,0,0,0,3.75
1613019247134,6,1010123456017,75,,1,0,24,1,1,,16.0258,851,183529,3.45047,244,0,8.5,,0,0,0,0,0,0,0,0,0,,2988,2988,,0,0,0,0
1613019247384,6,1010123456017,75,,1,0,24,1,1,,12.5099,863,183432,3.03078,247,0,7,,7.5,8,0,0.1,2,0,0,29.4205,31,,3012,3012,,0,0,0,1
1613019247634,6,1010123456017,75,,1,0,24,1,1,,12.5763,859,183041,2.75467,247,0,7,,0,0,0,0,0,0,0,0,0,,2988,2988,,0,0,0,0
1613019247884,6,1010123456017,75,,1,0,24,1,1,,17.3564,853,173740,3.96594,246,0,9.33333,,15,13,0,0,4,100,0,0.855312,0,,3000,2988,,0,0,0,10
1613019248134,6,1010123456017,75,,1,0,24,1,1,,12.9626,856,183049,2.95255,244,0,6.83333,,0.1,39,0,0.1,11,36.3636,0,3.19633,31,,3000,2988,,0,0,0,4.71795
1613019248384,6,1010123456017,75,,1,0,24,1,1,,15.3162,854,182470,3.68973,245,0,8,,0,0,0,0,0,0,0,0,0,,3000,3000,,0,0,0,0
1613019248634,6,1010123456017,75,,1,0,24,1,1,,15.8524,847,183989,3.32745,243,0,8.16667,,0.1,4,0,0.1,1,0,0,26.9856,31,,3000,2994,,0,0,0,1
1613019248884,6,1010123456017,75,,1,0,24,1,1,,16.7934,852,168877,3.73722,245,0,9.5,,5.5814,43,0,0.1,12,33.3333,0,8.46084,31,,3000,3000,,0,0,0,4.48837
1613019249134,6,1010123456017,75,,1,0,24,1,1,,16.8982,855,175251,3.82278,244,0,8.5,,0,0,0,0,0,0,0,0,0,,2988,2967,,0,0,0,0
1613019249384,6,1010123456017,75,,1,0,24,1,1,,8.21739,851,180347,1.68739,244,0,5.66667,,0,0,0,0,0,0,0,0,0,,3000,3000,,0,0,0,0
1613019249634,6,1010123456017,75,,1,0,24,1,1,,10.753,846,183758,2.57304,243,0,5.5,,0,0,0,0,0,0,0,0,0,,3000,2988,,0,0,0,0
1613019249884,6,1010123456017,75,,1,0,24,1,1,,18.945,836,143930,4.71104,241,0,9.6,,5.15625,32,0,0.1,10,50,0,7.75349,31,,3000,2982,,0,0,0,5.25
1613019250134,6,1010123456017,75,,1,0,24,1,1,,12.3384,851,183273,2.85912,244,0,6.4,,0,3,0,0.1,1,0,0,0,31,,3000,2994,,0,0,0,0
1613019250384,6,1010123456017,75,,1,0,24,1,1,,17.671,851,174906,3.96408,244,0,9.33333,,0.1,4,0,0.1,1,0,0,4.25405,31,,3000,3000,,0,0,0,1
1613019250634,6,1010123456017,75,,1,0,24,1,1,,17.1437,856,177212,3.69272,246,0,9.16667,,0,0,0,0,0,0,0,0,0,,3000,3000,,0,0,0,0
1613019250884,6,1010123456017,75,,1,0,24,1,1,,16.3012,850,174948,3.65269,244,0,8.8,,4.16667,36,0,0.1,10,10,0,13.1047,31,,3000,3000,,0,0,0,1.97222
1613019251134,6,1010123456017,75,,1,0,24,1,1,,15.4234,855,184554,3.84749,245,0,7.83333,,0,0,0,0,0,0,0,0,0,,3000,3012,,0,0,0,0
1613019251384,6,1010123456017,75,,1,0,24,1,1,,15.2404,857,182322,3.14101,246,0,8.28571,,0,0,0,0,0,0,0,0,0,,3012,2988,,0,0,0,0
1613019251634,6,1010123456017,75,,1,0,24,1,1,,17.0529,850,184369,3.62342,243,0,8.66667,,15,14,0,0,4,100,0,0.932422,0,,2988,2976,,0,0,0,10
1613019251885,6,1010123456017,75,,1,0,24,1,1,,14.1473,835,183713,3.02138,246,0,7.83333,,0.1,67,0,0.1,19,68.4211,0,3.16814,31,,3012,2988,,0,0,0,7.44776
1613019252134,6,1010123456017,75,,1,0,24,1,1,,14.2285,849,183464,2.93198,242,0,8,,0,0,0,0,0,0,0,0,0,,3000,2985,,0,0,0,0
1613019252384,6,1010123456017,75,,1,0,24,1,1,,15.5759,870,183240,3.39695,250,0,8.28571,,0,0,0,0,0,0,0,0,0,,2988,2988,,0,0,0,0
1613019252634,6,1010123456017,75,,1,0,24,1,1,,15.6729,850,169964,3.55827,243,0,8.66667,,0,3,0,0.1,1,0,0,0,31,,3000,3000,,0,0,0,0
1613019252884,6,1010123456017,75,,1,0,24,1,1,,11.5534,833,182315,2.40141,244,0,6.5,,0.1,34,0,0.1,9,11.1111,0,4.66212,31,,3000,3000,,0,0,0,2.82353
1613019253134,6,1010123456017,75,,1,0,24,1,1,,15.5531,866,182158,3.33491,247,0,8.16667,,0,0,0,0,0,0,0,0,0,,3000,3000,,0,0,0,0
1613019253384,6,1010123456017,75,,1,0,24,1,1,,16.7865,857,167805,3.83441,244,0,9.16667,,0.1,4,0,0.1,1,0,0,0.904292,31,,3000,3000,,0,0,0,1
1613019253634,6,1010123456017,75,,1,0,24,1,1,,14.3467,851,183264,3.08508,243,0,7.5,,0,0,0,0,0,0,0,0,0,,3000,2994,,0,0,0,0
1613019253884,6,1010123456017,75,,1,0,24,1,1,,14.6572,846,183193,3.13619,246,0,7.66667,,7.41026,39,0,0.1,11,36.3636,0,9.21958,31,,3012,3012,,0,0,0,4.64103
1613019254134,6,1010123456017,75,,1,0,24,1,1,,14.8728,857,175161,3.43611,245,0,8,,0,0,0,0,0,0,0,0,0,,2988,2988,,0,0,0,0
1613019254384,6,1010123456017,75,,1,0,24,1,1,,17.7415,851,184030,3.75685,244,0,8.85714,,0,0,0,0,0,0,0,0,0,,3000,3000,,0,0,0,0
1613019254634,6,1010123456017,75,,1,0,24,1,1,,14.6435,850,177618,3.11846,244,0,8.33333,,0,0,0,0,0,0,0,0,0,,3000,3000,,0,0,0,0
1613019254884,6,1010123456017,75,,1,0,24,1,1,,16.9022,859,172580,3.90789,247,0,8.6,,4.28571,42,0,0.1,12,66.6667,0,6.07342,31,,3000,3000,,0,0,0,7
1613019255134,6,1010123456017,75,,1,0,24,1,1,,19.1359,846,165067,4.48575,243,0,9.5,,0,0,0,0,0,0,0,0,0,,3000,3000,,0,0,0,0
1613019255384,6,1010123456017,75,,1,0,24,1,1,,15.6895,863,182329,3.34956,247,0,8.42857,,0,0,0,0,0,0,0,0,0,,3000,3006,,0,0,0,0
1613019255634,6,1010123456017,75,,1,0,24,1,1,,17.654,867,183388,4.05465,249,0,9.16667,,0,0,0,0,0,0,0,0,0,,2988,2994,,0,0,0,0
1613019255884,6,1010123456017,75,,1,0,24,1,1,,18.0605,860,182133,4.02789,248,0,9.16667,,0.1,34,0,0.1,9,0,0,5.04939,31,,2988,2988,,0,0,0,1
1613019256134,6,1010123456017,75,,1,0,24,1,1,,14.1356,848,173253,3.18467,243,0,7.5,,0,0,0,0,0,0,0,0,0,,3000,2982,,0,0,0,0
1613019256384,6,1010123456017,75,,1,0,24,1,1,,12.5368,857,184271,2.76774,246,0,7.28571,,0,3,0,0.1,1,0,0,0,31,,3000,2994,,0,0,0,0
1613019256634,6,1010123456017,75,,1,0,24,1,1,,14.6935,858,156726,3.74172,245,0,6.2,,0,0,0,0,0,0,0,0,0,,3000,3000,,0,0,0,0
1613019256884,6,1010123456017,75,,1,0,24,1,1,,16.2584,859,175699,3.46429,246,0,8.8,,0.1,40,0,0.1,11,9.09091,0,4.29329,31,,3000,2982,,0,0,0,2
1613019257134,6,1010123456017,75,,1,0,24,1,1,,14.8525,854,183744,3.16405,245,0,8,,0,0,0,0,0,0,0,0,0,,3000,2994,,0,0,0,0
1613019257385,6,1010123456017,75,,1,0,24,1,1,,18.2342,841,183694,4.03946,243,0,9.2,,0,12,0,0,4,100,0,0,0,,3012,3006,,0,0,0,0
1613019257634,6,1010123456017,75,,1,0,24,1,1,,17.4783,853,174272,3.96803,243,0,9.83333,,0,0,0,0,0,0,0,0,0,,3000,3000,,0,0,0,0
1613019257884,6,1010123456017,75,,1,0,24,1,1,,18.1865,847,173460,4.29863,243,0,8.83333,,0.1,33,0,0.1,9,0,0,7.45729,31,,3000,3000,,0,0,0,1.12121
1613019258134,6,1010123456017,75,,1,0,24,1,1,,12.3286,852,183588,2.51724,245,0,7,,0,0,0,0,0,0,0,0,0,,2988,2982,,0,0,0,0
1613019258384,6,1010123456017,75,,1,0,24,1,1,,14.9401,851,183273,3.42782,243,0,8.14286,,0,0,0,0,0,0,0,0,0,,3000,3000,,0,0,0,0
1613019258634,6,1010123456017,75,,1,0,24,1,1,,15.0487,863,173132,3.92691,247,0,7,,0,0,0,0,0,0,0,0,0,,3000,3000,,0,0,0,0
1613019258884,6,1010123456017,75,,1,0,24,1,1,,12.1325,830,183000,2.33189,240,0,7.4,,9.32727,55,0,0.1,16,50,0,8.40801,31,,3000,2988,,0,0,0,5.85455
1613019259134,6,1010123456017,75,,1,0,24,1,1,,14.3678,862,184101,3.22718,246,0,7.83333,,0,0,0,0,0,0,0,0,0,,3000,3000,,0,0,0,0
1613019259384,6,1010123456017,75,,1,0,24,1,1,,13.1434,844,183353,2.75406,244,0,7.14286,,0,0,0,0,0,0,0,0,0,,3000,2994,,0,0,0,0
1613019259634,6,1010123456017,75,,1,0,24,1,1,,14.8764,866,178515,3.09934,247,0,8.33333,,0,0,0,0,0,0,0,0,0,,3000,3000,,0,0,0,0
1613019259884,6,1010123456017,75,,1,0,24,1,1,,15.0343,846,182949,3.45677,244,0,7.5,,5.39535,43,0,0.1,12,33.3333,0,11.284,31,,3012,3000,,0,0,0,3.7907
1613019260134,6,1010123456017,75,,1,0,24,1,1,,10.717,855,183384,2.67444,244,0,7,,6.42857,7,0,0.1,2,50,0,15.9756,31,,2988,2988,,0,0,0,4.85714
1613019260384,6,1010123456017,75,,1,0,24,1,1,,15.274,865,183344,3.64697,248,0,8,,0,0,0,0,0,0,0,0,0,,3000,3012,,0,0,0,0
1613019260634,6,1010123456017,75,,1,0,24,1,1,,16.6002,843,182877,3.62435,244,0,9,,15,16,0,0,4,100,0,2.23838,0,,2988,2982,,0,0,0,10
1613019260884,6,1010123456017,75,,1,0,24,1,1,,16.0035,854,183516,3.43881,245,0,8.6,,4.89796,49,0,0.1,14,64.2857,0,6.06785,31,,3000,3000,,0,0,0,6.87755
1613019261134,6,1010123456017,75,,1,0,24,1,1,,10.0168,834,183860,2.19396,239,0,5.5,,0,0,0,0,0,0,0,0,0,,3000,3000,,0,0,0,0
1613019261384,6,1010123456017,75,,1,0,24,1,1,,12.6154,858,183180,2.58554,247,0,7.33333,,0,12,0,0,4,100,0,0,0,,3000,3000,,0,0,0,0
1613019261634,6,1010123456017,75,,1,0,24,1,1,,19.1673,855,167475,4.60029,244,0,10.2,,0,0,0,0,0,0,0,0,0,,3000,2988,,0,0,0,0
1613019261884,6,1010123456017,75,,1,0,24,1,1,,16.1202,857,174191,3.47843,246,0,8.83333,,4.86957,46,0,0.1,12,33.3333,0,8.89297,31,,3012,3006,,0,0,0,4.63043
1613019262134,6,1010123456017,75,,1,0,24,1,1,,16.8188,850,182890,4.0543,244,0,8.5,,0,0,0,0,0,0,0,0,0,,2988,3000,,0,0,0,0
1613019262384,6,1010123456017,75,,1,0,24,1,1,,17.5192,859,172328,3.87518,247,0,9.71428,,0,0,0,0,0,0,0,0,0,,3000,2967,,0,0,0,0
1613019262634,6,1010123456017,75,,1,0,24,1,1,,16.7115,863,177868,3.80929,246,0,8.5,,15,4,0,0.1,1,0,0,32.2201,31,,3000,3000,,0,0,0,1
1613019262884,6,1010123456017,75,,1,0,24,1,1,,13.993,856,182959,3.39052,244,0,6.83333,,11.7667,60,0,0.1,18,61.1111,0,9.89767,31,,3000,2994,,0,0,0,6.66667
1613019263134,6,1010123456017,75,,1,0,24,1,1,,15.3021,854,183585,3.2382,245,0,8.16667,,0,11,0,0,4,100,0,0,0,,3000,3000,,0,0,0,0
1613019263384,6,1010123456017,75,,1,0,24,1,1,,14.9953,854,182242,3.11907,245,0,8,,0,0,0,0,0,0,0,0,0,,3000,2994,,0,0,0,0
1613019263634,6,1010123456017,75,,1,0,24,1,1,,12.5562,854,183989,2.68832,246,0,7,,0,0,0,0,0,0,0,0,0,,3000,3000,,0,0,0,0
1613019263884,6,1010123456017,75,,1,0,24,1,1,,15.3013,843,170414,3.37863,244,0,8.16667,,5.64706,34,0,0.1,11,36.3636,0,6.78506,31,,3000,2994,,0,0,0,4.38235
1613019264134,6,1010123456017,75,,1,0,24,1,1,,15.5854,849,183729,3.54814,244,0,8.16667,,0,12,0,0,4,100,0,0,0,,3000,3012,,0,0,0,0
1613019264384,6,1010123456017,75,,1,0,24,1,1,,13.4786,863,183057,3.29234,248,0,7.71429,,0.1,4,0,0.1,1,0,0,25.5795,31,,3012,3000,,0,0,0,1
1613019264634,6,1010123456017,75,,1,0,24,1,1,,17.881,849,176919,4.19004,243,0,9,,15,16,0,0,4,100,0,2.45943,0,,2988,2982,,0,0,0,10
1613019264884,6,1010123456017,75,,1,0,24,1,1,,9.07443,833,183379,2.08813,245,0,5.8,,0.509804,51,0,0.1,15,26.6667,0,4.64398,31,,2988,2988,,0,0,0,3.94118
1613019265134,6,1010123456017,75,,1,0,24,1,1,,16.6031,839,169370,3.89982,240,0,9.16667,,0,0,0,0,0,0,0,0,0,,3000,3000,,0,0,0,0
1613019265384,6,1010123456017,75,,1,0,24,1,1,,18.5274,857,150133,4.74336,247,0,10,,0,0,0,0,0,0,0,0,0,,3000,2994,,0,0,0,0
1613019265634,6,1010123456017,75,,1,0,24,1,1,,15.0106,850,182138,3.14876,241,0,7.66667,,15,16,0,0,4,100,0,1.96063,0,,3000,3000,,0,0,0,10
1613019265885,6,1010123456017,75,,1,0,24,1,1,,13.3011,837,183140,2.76634,244,0,7.33333,,14.8242,91,0,0.152032,28,78.5714,0,7.99064,31,,3000,2958,,0,0,0,7.76923
1613019266134,6,1010123456017,75,,1,0,24,1,1,,14.6613,862,173350,3.09462,246,0,8.4,,12.4444,18,0,0.1,6,83.3333,0,0.586565,31,,3000,2988,,0,0,0,8.22222
1613019266384,6,1010123456017,75,,1,0,24,1,1,,17.1317,843,182093,3.97722,243,0,8.85714,,0,0,0,0,0,0,0,0,0,,3000,2994,,0,0,0,0
1613019266634,6,1010123456017,75,,1,0,24,1,1,,12.293,867,183436,2.44495,247,0,7,,0.1,4,0,0.1,1,0,0,26.2717,31,,2988,2982,,0,0,0,1
1613019266884,6,1010123456017,75,,1,0,24,1,1,,18.6464,840,166043,4.27785,244,0,9,,12,23,0,0.1,6,66.6667,0,10.3154,0,,2988,2976,,0,0,0,7.26087
1613019267134,6,1010123456017,75,,1,0,24,1,1,,12.4842,853,183432,2.77195,245,0,6.83333,,0,0,0,0,0,0,0,0,0,,3000,2982,,0,0,0,0
1613019267384,6,1010123456017,75,,1,0,24,1,1,,10.0082,859,183746,2.20781,246,0,6.14286,,0,0,0,0,0,0,0,0,0,,3000,3000,,0,0,0,0
1613019267634,6,1010123456017,75,,1,0,24,1,1,,13.4811,848,183830,2.95994,244,0,6.8,,0,0,0,0,0,0,0,0,0,,3000,2988,,0,0,0,0
1613019267884,6,1010123456017,75,,1,0,24,1,1,,12.4844,865,183803,2.70622,247,0,6.6,,0,9,0,0,3,100,0,0,0,,3000,3000,,0,0,0,0
1613019268134,6,1010123456017,75,,1,0,24,1,1,,14.7409,853,184445,3.10088,243,0,8,,3.21429,14,0,0.1,4,25,0,1.78308,31,,3000,3000,,0,0,0,3.5
1613019268384,6,1010123456017,75,,1,0,24,1,1,,15.8386,855,183313,3.34384,245,0,8,,12.1875,16,0,0.1,5,80,0,5.55237,31,,3000,3000,,0,0,0,8.3125
1613019268634,6,1010123456017,75,,1,0,24,1,1,,13.3979,862,183689,2.78937,247,0,7.5,,5,12,0,0.1,3,0,0,19.7073,31,,3000,3000,,0,0,0,1.33333
1613019268884,6,1010123456017,75,,1,0,24,1,1,,12.0243,824,183254,2.64945,244,0,6.83333,,14.4898,49,0,0.1,15,80,0,6.57652,0,,3000,2988,,0,0,0,8.34694
1613019269134,6,1010123456017,75,,1,0,24,1,1,,14.7813,855,183851,3.14596,244,0,8.6,,0,0,0,0,0,0,0,0,0,,3000,2970,,0,0,0,0
1613019269384,6,1010123456017,75,,1,0,24,1,1,,13.1152,851,183803,3.13561,242,0,7,,0,3,0,0.1,1,0,0,0,31,,3000,3000,,0,0,0,0
1613019269634,6,1010123456017,75,,1,0,24,1,1,,12.0047,853,183453,2.55084,243,0,6.8,,15,19,0,0.1,5,80,0,6.04027,31,,3000,2994,,0,0,0,8.57895
1613019269884,6,1010123456017,75,,1,0,24,1,1,,18.2509,833,154424,4.43631,244,0,9.83333,,0.1,47,0,0.1,14,35.7143,0,4.32659,31,,3000,2994,,0,0,0,4.91489
1613019270134,6,1010123456017,75,,1,0,24,1,1,,16.0315,858,168185,3.78455,246,0,8.5,,0,0,0,0,0,0,0,0,0,,3000,3000,,0,0,0,0
1613019270384,6,1010123456017,75,,1,0,24,1,1,,11.0612,866,177720,2.47386,247,0,8,,0,0,0,0,0,0,0,0,0,,3000,3000,,0,0,0,0
1613019270634,6,1010123456017,75,,1,0,24,1,1,,15.1333,863,183797,3.61272,246,0,7.16667,,0,0,0,0,0,0,0,0,0,,3012,2994,,0,0,0,0
1613019270884,6,1010123456017,75,,1,0,24,1,1,,17.6623,835,182972,3.96993,242,0,9,,11.8621,29,0,0.1,9,55.5556,0,16.2596,31,,2988,3000,,0,0,0,5.48276
1613019271134,6,1010123456017,75,,1,0,24,1,1,,13.4774,863,182852,2.873,246,0,7.33333,,0,0,0,0,0,0,0,0,0,,3000,2994,,0,0,0,0
1613019271384,6,1010123456017,75,,1,0,24,1,1,,13.7388,850,184377,3.00691,244,0,7.28571,,15,4,0,0.1,1,0,0,32.6326,31,,2988,2982,,0,0,0,1
1613019271635,6,1010123456017,75,,1,0,24,1,1,,15.6761,852,183565,3.76618,245,0,8.66667,,15,15,0,0,4,100,0,2.22337,0,,3012,3012,,0,0,0,10
1613019271884,6,1010123456017,75,,1,0,24,1,1,,19.2465,860,153896,4.52055,246,0,10,,6,30,0,0.1,9,44.4444,0,8.93177,31,,2988,2988,,0,0,0,4.73333
1613019272134,6,1010123456017,75,,1,0,24,1,1,,11.2046,870,184306,2.39859,249,0,6.5,,0,0,0,0,0,0,0,0,0,,3000,2982,,0,0,0,0
1613019272384,6,1010123456017,75,,1,0,24,1,1,,17.779,846,157209,4.09989,243,0,9.42857,,0,0,0,0,0,0,0,0,0,,3000,3000,,0,0,0,0
1613019272634,6,1010123456017,75,,1,0,24,1,1,,15.7573,853,177905,3.63274,245,0,7.16667,,0,0,0,0,0,0,0,0,0,,3000,2982,,0,0,0,0
1613019272884,6,1010123456017,75,,1,0,24,1,1,,15.4128,831,173421,3.42757,247,0,8.83333,,7.38462,52,0,0.1,16,56.25,0,6.17104,31,,3012,3006,,0,0,0,6.03846
1613019273134,6,1010123456017,75,,1,0,24,1,1,,13.2397,847,184120,2.80087,241,0,7.33333,,0.1,4,0,0.1,1,0,0,0.289257,31,,2988,2982,,0,0,0,10
1613019273384,6,1010123456017,75,,1,0,24,1,1,,16.5342,863,163295,3.87428,247,0,8.85714,,0,0,0,0,0,0,0,0,0,,3000,3000,,0,0,0,0
1613019273634,6,1010123456017,75,,1,0,24,1,1,,13.803,863,183359,2.85587,245,0,7.5,,0,0,0,0,0,0,0,0,0,,3000,2988,,0,0,0,0
1613019273884,6,1010123456017,75,,1,0,24,1,1,,15.3984,851,183647,3.40816,243,0,8.33333,,0,0,0,0,0,0,0,0,0,,3000,3000,,0,0,0,0
1613019274134,6,1010123456017,75,,1,0,24,1,1,,15.5187,856,182479,3.29745,245,0,8.16667,,6,30,0,0.1,9,44.4444,0,8.21356,31,,3000,3000,,0,0,0,4.83333
1613019274384,6,1010123456017,75,,1,0,24,1,1,,18.8617,839,180286,4.18259,241,0,9.28571,,0,0,0,0,0,0,0,0,0,,3000,3000,,0,0,0,0
1613019274634,6,1010123456017,75,,1,0,24,1,1,,14.8603,859,178236,3.30127,246,0,8.16667,,0,0,0,0,0,0,0,0,0,,3000,2994,,0,0,0,0
1613019274884,6,1010123456017,75,,1,0,24,1,1,,7.0673,847,182669,1.54914,243,0,3.83333,,4.18605,43,0,0.1,13,46.1538,0,6.42528,31,,3000,2988,,0,0,0,4.76744
1613019275134,6,1010123456017,75,,1,0,24,1,1,,16.1746,859,183324,3.48241,246,0,8.33333,,0,0,0,0,0,0,0,0,0,,3000,3000,,0,0,0,0
1613019275384,6,1010123456017,75,,1,0,24,1,1,,15.6448,867,183928,3.32151,250,0,8.42857,,0.1,10,0,0.1,3,33.3333,0,0.607,31,,2988,2982,,0,0,0,4.9
1613019275634,6,1010123456017,75,,1,0,24,1,1,,16.4339,855,183264,3.52929,245,0,8.33333,,0,0,0,0,0,0,0,0,0,,3000,3000,,0,0,0,0
1613019275884,6,1010123456017,75,,1,0,24,1,1,,16.7267,860,170921,3.9565,246,0,9.33333,,9.13043,23,0,0.1,7,57.1429,0,9.14016,31,,3000,2994,,0,0,0,6.17391
1613019276134,6,1010123456017,75,,1,0,24,1,1,,15.0279,860,184076,3.80504,246,0,8.16667,,0,0,0,0,0,0,0,0,0,,2988,2970,,0,0,0,0
1613019276384,6,1010123456017,75,,1,0,24,1,1,,15.9663,860,183508,3.41764,246,0,8,,0.1,4,0,0.1,1,0,0,27.6892,31,,3000,3000,,0,0,0,1
1613019276634,6,1010123456017,75,,1,0,24,1,1,,12.4711,866,183217,2.99107,247,0,6.33333,,0,0,0,0,0,0,0,0,0,,3000,3000,,0,0,0,0
1613019276884,6,1010123456017,75,,1,0,24,1,1,,12.1516,831,183901,2.67769,247,0,7,,13.32,25,0,0.1,8,75,0,17.9039,31,,3000,3000,,0,0,0,7.12
1613019277134,6,1010123456017,75,,1,0,24,1,1,,18.3255,848,183509,4.06024,243,0,9.6,,4.5,14,0,0.1,4,50,0,8.69361,31,,3000,2994,,0,0,0,5.78571
1613019277384,6,1010123456017,75,,1,0,24,1,1,,12.6231,857,182966,2.7252,246,0,7,,0,0,0,0,0,0,0,0,0,,3000,2994,,0,0,0,0
1613019277634,6,1010123456017,75,,1,0,24,1,1,,15.2272,854,183497,3.22014,243,0,7.8,,0,12,0,0,4,100,0,0,0,,3000,3000,,0,0,0,0
1613019277884,6,1010123456017,75,,1,0,24,1,1,,15.7073,844,174955,3.48948,242,0,8.5,,11.1667,18,0,0.1,5,40,0,17.7248,31,,3000,2979,,0,0,0,5
1613019278134,6,1010123456017,75,,1,0,24,1,1,,15.181,851,183244,3.16145,244,0,8.16667,,20.5,8,0,0,2,100,0,20.852,0,,3000,2976,,0,0,0,10
1613019278384,6,1010123456017,75,,1,0,24,1,1,,15.7104,853,180649,3.21693,243,0,8.85714,,0,0,0,0,0,0,0,0,0,,3000,3000,,0,0,0,0
1613019278634,6,1010123456017,75,,1,0,24,1,1,,21.9788,848,142351,5.38284,241,0,10.6667,,0,0,0,0,0,0,0,0,0,,3000,2988,,0,0,0,0
1613019278884,6,1010123456017,75,,1,0,24,1,1,,14.1548,859,162516,3.62946,247,0,7.5,,9.19355,31,0,0.1,9,44.4444,0,5.17657,31,,3000,3000,,0,0,0,5.83871
1613019279134,6,1010123456017,75,,1,0,24,1,1,,14.6336,857,169056,3.16565,245,0,8,,0,3,0,0.1,1,0,0,0,31,,3000,3000,,0,0,0,0
1613019279384,6,1010123456017,75,,1,0,24,1,1,,12.6192,835,175064,3.09854,240,0,7.42857,,15,13,0,0,4,100,0,1.65556,0,,3000,3000,,0,0,0,10
1613019279634,6,1010123456017,75,,1,0,24,1,1,,14.9162,859,183952,3.25645,245,0,7,,0,0,0,0,0,0,0,0,0,,3000,2994,,0,0,0,0
1613019279884,6,1010123456017,75,,1,0,24,1,1,,13.7879,858,170747,3.01757,246,0,8.16667,,4.48649,37,0,0.1,10,10,0,17.3647,31,,3000,3000,,0,0,0,2.08108
1613019280134,6,1010123456017,75,,1,0,24,1,1,,13.1541,850,182804,2.871,244,0,7.16667,,0,0,0,0,0,0,0,0,0,,3000,3000,,0,0,0,0
1613019280384,6,1010123456017,75,,1,0,24,1,1,,15.4494,850,183178,3.24768,244,0,8.28571,,0,0,0,0,0,0,0,0,0,,3000,3000,,0,0,0,0
1613019280634,6,1010123456017,75,,1,0,24,1,1,,22.3207,870,124972,5.65973,249,0,11,,0,0,0,0,0,0,0,0,0,,3000,3000,,0,0,0,0
1613019280884,6,1010123456017,75,,1,0,24,1,1,,18.1037,858,121583,4.42959,247,0,9,,13.175,40,0,0.1,11,36.3636,0,20.0291,31,,3000,3000,,0,0,0,4.15
1613019281134,6,1010123456017,75,,1,0,24,1,1,,13.2339,838,159647,2.94554,238,0,7.33333,,0,0,0,0,0,0,0,0,0,,3000,2985,,0,0,0,0
1613019281384,6,1010123456017,75,,1,0,24,1,1,,12.9057,859,178341,2.64347,246,0,8,,0,0,0,0,0,0,0,0,0,,3000,2988,,0,0,0,0
1613019281634,6,1010123456017,75,,1,0,24,1,1,,20.7934,842,150389,5.21722,242,0,9.83333,,0,0,0,0,0,0,0,0,0,,3000,3000,,0,0,0,0
1613019281884,6,1010123456017,75,,1,0,24,1,1,,18.5336,847,146558,4.25613,248,0,9.6,,7.31707,41,0,0.1,12,33.3333,0,9.8562,31,,3000,2988,,0,0,0,4.56098
1613019282134,6,1010123456017,75,,1,0,24,1,1,,14.3981,854,178019,3.14683,245,0,7.2,,0,0,0,0,0,0,0,0,0,,3000,3000,,0,0,0,0
1613019282384,6,1010123456017,75,,1,0,24,1,1,,12.307,847,184309,2.59496,244,0,6.42857,,0,0,0,0,0,0,0,0,0,,3000,3000,,0,0,0,0
1613019282634,6,1010123456017,75,,1,0,24,1,1,,17.7218,852,178749,3.92116,244,0,9.5,,0,0,0,0,0,0,0,0,0,,3000,2994,,0,0,0,0
1613019282884,6,1010123456017,75,,1,0,24,1,1,,15.4872,860,182368,3.28042,247,0,8.16667,,6.09524,42,0,0.1,11,36.3636,0,7.28019,31,,3000,2988,,0,0,0,4.90476
1613019283134,6,1010123456017,75,,1,0,24,1,1,,14.0538,855,183954,3.09166,244,0,7.16667,,0,0,0,0,0,0,0,0,0,,3000,3000,,0,0,0,0
1613019283384,6,1010123456017,75,,1,0,24,1,1,,18.1296,849,183127,3.90901,242,0,9.28572,,0,0,0,0,0,0,0,0,0,,3000,3000,,0,0,0,0
1613019283634,6,1010123456017,75,,1,0,24,1,1,,15.4242,858,183472,3.36366,246,0,8,,0,0,0,0,0,0,0,0,0,,3000,2982,,0,0,0,0
1613019283884,6,1010123456017,75,,1,0,24,1,1,,17.4965,854,166826,4.10856,245,0,9.5,,4.14894,47,0,0.1,14,64.2857,0,3.30389,31,,3000,2988,,0,0,0,6.91489
1613019284134,6,1010123456017,75,,1,0,24,1,1,,14,849,183350,3.4045,243,0,7.5,,0,0,0,0,0,0,0,0,0,,3000,3000,,0,0,0,0
1613019284384,6,1010123456017,75,,1,0,24,1,1,,16.2231,847,177177,3.68678,243,0,8.57143,,0.1,4,0,0.1,1,0,0,27.4523,31,,3000,3000,,0,0,0,1
1613019284634,6,1010123456017,75,,1,0,24,1,1,,10.9612,851,182749,2.32225,244,0,6.66667,,0,0,0,0,0,0,0,0,0,,3000,3000,,0,0,0,0
1613019284884,6,1010123456017,75,,1,0,24,1,1,,16.2852,838,182981,3.47171,245,0,8.66667,,0,0,0,0,0,0,0,0,0,,3000,3000,,0,0,0,0
1613019285134,6,1010123456017,75,,1,0,24,1,1,,15.1327,859,182978,3.24472,244,0,7.83333,,10.4348,23,0,0.1,6,66.6667,0,6.2074,31,,3000,2988,,0,0,0,7.65217
1613019285384,6,1010123456017,75,,1,0,24,1,1,,18.3629,857,183537,4.12996,245,0,9.28571,,0,0,0,0,0,0,0,0,0,,3000,3000,,0,0,0,0
1613019285634,6,1010123456017,75,,1,0,24,1,1,,17.0117,857,183553,3.63656,244,0,8.66667,,0,0,0,0,0,0,0,0,0,,3000,3000,,0,0,0,0
1613019285884,6,1010123456017,75,,1,0,24,1,1,,16.9013,841,183234,3.82191,243,0,9,,6.58491,53,0,0.119293,15,26.6667,0,8.79201,31,,3000,3000,,0,0,0,3.88679
1613019286134,6,1010123456017,75,,1,0,24,1,1,,17.5291,858,179221,3.96247,246,0,9.2,,0,0,0,0,0,0,0,0,0,,3000,2994,,0,0,0,0
1613019286384,6,1010123456017,75,,1,0,24,1,1,,14.62,850,183452,2.96569,243,0,7.85714,,0,0,0,0,0,0,0,0,0,,3000,2964,,0,0,0,0
1613019286634,6,1010123456017,75,,1,0,24,1,1,,12.4943,870,183873,2.64922,249,0,7,,0,0,0,0,0,0,0,0,0,,3000,3000,,0,0,0,0
1613019286884,6,1010123456017,75,,1,0,24,1,1,,14.0733,832,170250,3.20855,244,0,7.5,,10.2222,18,0,0.1,6,66.6667,0,8.84057,31,,3000,3000,,0,0,0,7
1613019287134,6,1010123456017,75,,1,0,24,1,1,,17.9204,842,183805,3.75435,242,0,9,,0,0,0,0,0,0,0,0,0,,3000,2988,,0,0,0,0
1613019287384,6,1010123456017,75,,1,0,24,1,1,,13.2363,855,179465,2.77092,245,0,8.14286,,0,12,0,0,4,100,0,0,0,,3000,3000,,0,0,0,0
1613019287634,6,1010123456017,75,,1,0,24,1,1,,17.5912,866,180672,4.28659,248,0,8.5,,0.1,4,0,0.1,1,0,0,25.4844,31,,3000,2946,,0,0,0,1
1613019287884,6,1010123456017,75,,1,0,24,1,1,,15.1947,863,172698,4.05777,246,0,7.2,,8.38095,42,0,0.1,12,41.6667,0,12.5987,31,,3000,2994,,0,0,0,4.80952
1613019288134,6,1010123456017,75,,1,0,24,1,1,,15.5808,854,183511,3.49793,243,0,8.33333,,0,3,0,0.1,1,0,0,0,31,,3000,2997,,0,0,0,0
1613019288385,6,1010123456017,75,,1,0,24,1,1,,20.2097,849,142356,5.04838,244,0,10.1429,,0,3,0,0.1,1,0,0,0,31,,3000,2994,,0,0,0,0
1613019288634,6,1010123456017,75,,1,0,24,1,1,,13.8615,845,183853,2.82143,241,0,7.33333,,0,3,0,0.1,1,0,0,0,31,,2988,2970,,0,0,0,0
1613019288884,6,1010123456017,75,,1,0,24,1,1,,13.7121,865,174720,3.20749,249,0,7.6,,0,12,0,0,4,100,0,0,0,,3000,2994,,0,0,0,0
1613019289134,6,1010123456017,75,,1,0,24,1,1,,17.1285,856,182494,3.61703,244,0,8.83333,,0,0,0,0,0,0,0,0,0,,3000,3000,,0,0,0,0
1613019289384,6,1010123456017,75,,1,0,24,1,1,,15.2656,851,184473,3.263,245,0,7.85714,,0.1,7,0,0.1,2,0,0,1.24858,31,,3000,2994,,0,0,0,1
1613019289634,6,1010123456017,75,,1,0,24,1,1,,17.9107,862,166843,4.3581,246,0,9.83333,,0,0,0,0,0,0,0,0,0,,3000,3000,,0,0,0,0
1613019289884,6,1010123456017,75,,1,0,24,1,1,,13.4063,832,182523,2.81584,243,0,7,,9.55224,67,0,0.1,21,61.9048,0,5.0872,31,,3000,2994,,0,0,0,7.29851
1613019290134,6,1010123456017,75,,1,0,24,1,1,,16.2958,852,182722,3.44954,243,0,8.25,,0,0,0,0,0,0,0,0,0,,3000,3000,,0,0,0,0
1613019290384,6,1010123456017,75,,1,0,24,1,1,,14.5982,866,183257,3.1067,248,0,8,,0.1,8,0,0.1,2,0,0,15.0622,31,,3000,3000,,0,0,0,1
1613019290634,6,1010123456017,75,,1,0,24,1,1,,14.7343,858,175271,3.40845,246,0,8,,0,0,0,0,0,0,0,0,0,,3000,2976,,0,0,0,0
1613019290884,6,1010123456017,75,,1,0,24,1,1,,16.1951,856,169007,3.81648,246,0,9.16667,,9,20,0,0.1,6,66.6667,0,2.63979,31,,3000,2964,,0,0,0,6.4
1613019291134,6,1010123456017,75,,1,0,24,1,1,,15.2175,846,184006,3.15949,243,0,8.16667,,0,0,0,0,0,0,0,0,0,,3000,2970,,0,0,0,0
1613019291384,6,1010123456017,75,,1,0,24,1,1,,15.8797,848,183773,3.31801,245,0,8,,0.1,8,0,0.1,2,0,0,13.2285,31,,3000,3000,,0,0,0,1.5
1613019291634,6,1010123456017,75,,1,0,24,1,1,,12.4901,859,177588,2.61581,247,0,8.6,,0,0,0,0,0,0,0,0,0,,3000,3000,,0,0,0,0
1613019291884,6,1010123456017,75,,1,0,24,1,1,,17.2904,847,183561,3.95023,245,0,8.5,,15.25,24,0,0.1,8,62.5,0,11.5028,31,,3000,3000,,0,0,0,7.08333
1613019292134,6,1010123456017,75,,1,0,24,1,1,,16.6254,865,182425,3.55737,247,0,8.66667,,0,3,0,0.1,1,0,0,0,31,,3000,2979,,0,0,0,0
1613019292384,6,1010123456017,75,,1,0,24,1,1,,16.3514,848,181133,3.52386,244,0,8.42857,,15,16,0,0,4,100,0,2.24881,0,,3000,3000,,0,0,0,10
1613019292634,6,1010123456017,75,,1,0,24,1,1,,16.1885,854,182978,3.71656,244,0,8.66667,,0,0,0,0,0,0,0,0,0,,3000,3000,,0,0,0,0
1613019292884,6,1010123456017,75,,1,0,24,1,1,,15.52,852,183489,3.58811,246,0,8,,0.1,36,0,0.1,11,18.1818,0,2.63493,31,,3012,3012,,0,0,0,4.86111
1613019293134,6,1010123456017,75,,1,0,24,1,1,,18.0293,853,165198,4.1912,245,0,9.6,,0,0,0,0,0,0,0,0,0,,2988,2982,,0,0,0,0
1613019293384,6,1010123456017,75,,1,0,24,1,1,,18.7043,859,152774,4.45632,247,0,10.2857,,0,3,0,0.1,1,0,0,0,31,,3000,3000,,0,0,0,0
1613019293634,6,1010123456017,75,,1,0,24,1,1,,15.3731,855,173332,3.65847,244,0,6.8,,0,12,0,0,4,100,0,0,0,,3000,2994,,0,0,0,0
1613019293884,6,1010123456017,75,,1,0,24,1,1,,17.6229,846,174146,4.04504,244,0,8.6,,0.1,25,0,0.1,7,57.1429,0,8.7076,31,,3000,2973,,0,0,0,6.36
1613019294134,6,1010123456017,75,,1,0,24,1,1,,13.2662,864,183925,2.72835,248,0,7,,6.66667,36,0,0.1,11,36.3636,0,7.02648,31,,3000,2994,,0,0,0,4.69444
1613019294384,6,1010123456017,75,,1,0,24,1,1,,12.9105,849,172032,3.23669,244,0,8.33333,,11.4706,17,0,0.1,5,80,0,8.56503,31,,3000,3000,,0,0,0,7.88235
1613019294634,6,1010123456017,75,,1,0,24,1,1,,16.9137,857,167630,3.99936,244,0,9.16667,,0,0,0,0,0,0,0,0,0,,3000,3000,,0,0,0,0
1613019294884,6,1010123456017,75,,1,0,24,1,1,,16.0703,839,183956,3.41475,244,0,8.33333,,10.8,30,0,0.1,10,40,0,13.6405,31,,3000,3012,,0,0,0,5
1613019295134,6,1010123456017,75,,1,0,24,1,1,,17.864,860,165744,4.15312,246,0,9.16667,,0,0,0,0,0,0,0,0,0,,2988,2982,,0,0,0,0
1613019295384,6,1010123456017,75,,1,0,24,1,1,,13.5192,859,182659,2.87788,246,0,7.42857,,12,20,0,0.1,5,80,0,7.78701,31,,3000,2988,,0,0,0,8.2
1613019295634,6,1010123456017,75,,1,0,24,1,1,,9.4911,843,179461,2.11441,243,0,5.83333,,0,0,0,0,0,0,0,0,0,,3000,3000,,0,0,0,0
1613019295884,6,1010123456017,75,,1,0,24,1,1,,18.7098,858,172597,4.47001,245,0,9.33333,,12,20,0,0.1,5,80,0,6.12877,31,,3000,3000,,0,0,0,8.2
1613019296134,6,1010123456017,75,,1,0,24,1,1,,14.5263,857,182918,3.02008,244,0,7.83333,,6.4,45,0,0.1,12,66.6667,0,5.3743,31,,3000,3000,,0,0,0,7.4
1613019296384,6,1010123456017,75,,1,0,24,1,1,,11.145,869,182482,2.52842,249,0,6.42857,,0,3,0,0.1,1,0,0,0,31,,3000,3000,,0,0,0,0
1613019296634,6,1010123456017,75,,1,0,24,1,1,,16.1179,857,182766,3.39595,243,0,8.66667,,0,0,0,0,0,0,0,0,0,,3000,2994,,0,0,0,0
1613019296884,6,1010123456017,75,,1,0,24,1,1,,13.864,853,183182,2.9155,245,0,7.5,,0,12,0,0,4,100,0,0,0,,3000,3000,,0,0,0,0
1613019297134,6,1010123456017,75,,1,0,24,1,1,,17.8666,847,167529,3.88588,242,0,9.33333,,6.23077,13,0,0.1,4,75,0,8.836,31,,3000,2988,,0,0,0,7.23077
1613019297384,6,1010123456017,75,,1,0,24,1,1,,12.2635,854,171220,3.04,246,0,7.14286,,5.19231,26,0,0.1,8,62.5,0,5.95941,0,,3000,3000,,0,0,0,6.34615
1613019297634,6,1010123456017,75,,1,0,24,1,1,,16.3138,854,176994,3.58953,244,0,8.33333,,0,0,0,0,0,0,0,0,0,,2988,2976,,0,0,0,0
1613019297884,6,1010123456017,75,,1,0,24,1,1,,12.4688,849,183683,2.7654,245,0,6.6,,5.81818,44,0,0.1,13,30.7692,0,12.3781,31,,3000,2988,,0,0,0,3.70455
1613019298134,6,1010123456017,75,,1,0,24,1,1,,15.806,866,162317,3.53635,247,0,9,,0,0,0,0,0,0,0,0,0,,3000,3000,,0,0,0,0
1613019298384,6,1010123456017,75,,1,0,24,1,1,,14.4648,839,182847,3.18448,241,0,7.85714,,0,0,0,0,0,0,0,0,0,,3000,3000,,0,0,0,0
1613019298634,6,1010123456017,75,,1,0,24,1,1,,15.9977,870,176534,3.35068,248,0,8.5,,0.1,4,0,0.1,1,0,0,4.10737,31,,3000,2988,,0,0,0,1
1613019298884,6,1010123456017,75,,1,0,24,1,1,,20.1607,859,147518,5.05304,246,0,10,,0,0,0,0,0,0,0,0,0,,3000,2973,,0,0,0,0
1613019299134,6,1010123456017,75,,1,0,24,1,1,,21.4101,851,107876,5.58914,242,0,10.6667,,0.1,28,0,0.1,8,0,0,1.18641,31,,3000,3000,,0,0,0,1.35714
1613019299384,6,1010123456017,75,,1,0,24,1,1,,13.2749,862,151405,2.77083,246,0,7.28571,,0,0,0,0,0,0,0,0,0,,3000,3000,,0,0,0,0
1613019299634,6,1010123456017,75,,1,0,24,1,1,,5.59836,854,183532,1.28755,243,0,6.33333,,0.1,8,0,0.1,2,0,0,0.654428,31,,3000,3000,,0,0,0,1.5
1613019299884,6,1010123456017,75,,1,0,24,1,1,,17.3392,858,173158,3.97841,248,0,9.16667,,0.1,46,0,0.1,13,23.0769,0,3.68518,31,,3000,2988,,0,0,0,4
1613019300134,6,1010123456017,75,,1,0,24,1,1,,14.1904,851,172429,3.30988,242,0,7.5,,0,3,0,0.1,1,0,0,0,31,,3000,3000,,0,0,0,0
1613019300384,6,1010123456017,75,,1,0,24,1,1,,12.0713,855,183194,2.65327,245,0,6.85714,,0,0,0,0,0,0,0,0,0,,3000,3000,,0,0,0,0
1613019300634,6,1010123456017,75,,1,0,24,1,1,,18.689,852,181020,4.18818,243,0,9.5,,0,0,0,0,0,0,0,0,0,,3000,2994,,0,0,0,0
1613019300884,6,1010123456017,75,,1,0,24,1,1,,15.6825,841,183409,3.32109,245,0,8.33333,,8.68421,19,0,0.1,6,66.6667,0,1.2749,0,,3000,2994,,0,0,0,6.21053
1613019301134,6,1010123456017,75,,1,0,24,1,1,,16.7694,863,161465,3.8586,247,0,9,,0,0,0,0,0,0,0,0,0,,3000,3000,,0,0,0,0
1613019301384,6,1010123456017,75,,1,0,24,1,1,,17.1951,851,149008,4.84453,244,0,7,,0.1,4,0,0.1,1,0,0,27.5419,31,,3000,3000,,0,0,0,1
1613019301634,6,1010123456017,75,,1,0,24,1,1,,8.17907,860,182968,1.76961,247,0,6,,0,0,0,0,0,0,0,0,0,,3012,3012,,0,0,0,0
1613019301884,6,1010123456017,75,,1,0,24,1,1,,11.5448,837,182704,2.39949,244,0,6.66667,,0,12,0,0,4,100,0,0,0,,2988,2988,,0,0,0,0
1613019302134,6,1010123456017,75,,1,0,24,1,1,,14.6651,854,183447,3.16893,245,0,7.83333,,0,0,0,0,0,0,0,0,0,,3000,3000,,0,0,0,0
1613019302384,6,1010123456017,75,,1,0,24,1,1,,16.42,850,183447,3.52296,244,0,8.28571,,5.53846,39,0,0.1,12,66.6667,0,7.96213,31,,3000,3000,,0,0,0,6.53846
1613019302634,6,1010123456017,75,,1,0,24,1,1,,9.40909,858,182489,1.82869,246,0,5.4,,0,0,0,0,0,0,0,0,0,,3000,3000,,0,0,0,0
1613019302884,6,1010123456017,75,,1,0,24,1,1,,14.321,838,183551,2.9617,243,0,7.83333,,0.1,29,0,0.1,9,0,0,3.65653,31,,3000,2994,,0,0,0,2.24138
1613019303134,6,1010123456017,75,,1,0,24,1,1,,17.4593,847,180952,3.90422,243,0,9.16667,,0,0,0,0,0,0,0,0,0,,3000,2994,,0,0,0,0
1613019303384,6,1010123456017,75,,1,0,24,1,1,,13.2258,846,183861,2.77976,244,0,7.28571,,0,0,0,0,0,0,0,0,0,,3000,2970,,0,0,0,0
1613019303634,6,1010123456017,75,,1,0,24,1,1,,12.3248,859,184074,2.6419,245,0,6.83333,,0,0,0,0,0,0,0,0,0,,3000,3000,,0,0,0,0
1613019303884,6,1010123456017,75,,1,0,24,1,1,,16.1285,848,159158,3.6632,245,0,9.8,,5.38462,39,0,0.1,11,45.4545,0,8.92768,31,,3000,3000,,0,0,0,5.74359
1613019304134,6,1010123456017,75,,1,0,24,1,1,,16.8999,859,168369,3.90795,245,0,8.66667,,0,0,0,0,0,0,0,0,0,,3000,2952,,0,0,0,0
1613019304384,6,1010123456017,75,,1,0,24,1,1,,16.7153,857,183234,3.64582,244,0,8.71429,,0,0,0,0,0,0,0,0,0,,3000,2994,,0,0,0,0
1613019304634,6,1010123456017,75,,1,0,24,1,1,,15.5643,863,184101,3.25995,246,0,8,,0,0,0,0,0,0,0,0,0,,3000,2988,,0,0,0,0
1613019304884,6,1010123456017,75,,1,0,24,1,1,,15.8302,842,183381,3.59145,244,0,8.5,,3.42222,45,0,0.1,14,42.8571,0,5.45838,31,,3000,2994,,0,0,0,4.53333
1613019305134,6,1010123456017,75,,1,0,24,1,1,,15.0965,850,184477,3.07194,242,0,8.16667,,0,3,0,0.1,1,0,0,0,31,,3000,3000,,0,0,0,0
1613019305384,6,1010123456017,75,,1,0,24,1,1,,17.6643,843,157737,4.017,243,0,9.16667,,0,0,0,0,0,0,0,0,0,,3000,2970,,0,0,0,0
1613019305634,6,1010123456017,75,,1,0,24,1,1,,19.9096,863,135017,4.97867,245,0,9.33333,,0,0,0,0,0,0,0,0,0,,3000,2982,,0,0,0,0
1613019305884,6,1010123456017,75,,1,0,24,1,1,,21.2082,850,94734,5.39679,247,0,11,,5.15625,32,0,0.1,10,40,0,7.06405,31,,3000,3000,,0,0,0,4.21875
1613019306134,6,1010123456017,75,,1,0,24,1,1,,14.3279,857,131561,2.99492,245,0,7.83333,,0,6,0,0.1,2,50,0,0,31,,3000,2994,,0,0,0,0
1613019306384,6,1010123456017,75,,1,0,24,1,1,,11.6051,861,180814,2.52408,246,0,6.85714,,0,0,0,0,0,0,0,0,0,,3000,3000,,0,0,0,0
1613019306634,6,1010123456017,75,,1,0,24,1,1,,18.2441,848,179395,3.99759,241,0,9.4,,0.1,10,0,0.1,3,33.3333,0,0.766512,31,,3000,2988,,0,0,0,4.7
1613019306884,6,1010123456017,75,,1,0,24,1,1,,17.0867,854,183461,3.64957,245,0,8.5,,5.52632,38,0,0.1,11,27.2727,0,7.76292,31,,3000,2994,,0,0,0,3.78947
1613019307134,6,1010123456017,75,,1,0,24,1,1,,15.0046,862,182642,3.08572,247,0,8,,0,3,0,0,1,100,0,0,0,,3000,3000,,0,0,0,0
1613019307384,6,1010123456017,75,,1,0,24,1,1,,15.9054,867,170742,3.64286,248,0,8.57143,,0.1,4,0,0.1,1,0,0,24.831,31,,3000,3000,,0,0,0,1
1613019307634,6,1010123456017,75,,1,0,24,1,1,,16.6775,859,182866,3.51711,246,0,8.4,,0,0,0,0,0,0,0,0,0,,3000,3000,,0,0,0,0
1613019307884,6,1010123456017,75,,1,0,24,1,1,,14.9049,852,183357,3.05905,245,0,8,,4.44444,54,0,0.1,15,40,0,4.8923,31,,3000,3000,,0,0,0,5.2963
1613019308134,6,1010123456017,75,,1,0,24,1,1,,12.6508,859,182861,2.72254,245,0,7,,0,0,0,0,0,0,0,0,0,,3000,2994,,0,0,0,0
1613019308384,6,1010123456017,75,,1,0,24,1,1,,15.8271,850,183744,3.38316,245,0,7.83333,,11.4706,17,0,0.1,5,80,0,7.71193,31,,3000,3000,,0,0,0,7.88235
1613019308634,6,1010123456017,75,,1,0,24,1,1,,15.8878,847,183592,3.20331,243,0,8.5,,0,0,0,0,0,0,0,0,0,,3000,3000,,0,0,0,0
1613019308884,6,1010123456017,75,,1,0,24,1,1,,12.4784,857,182513,2.67406,246,0,6.66667,,15.5217,23,0,0.1,7,57.1429,0,18.9354,31,,3000,3000,,0,0,0,6.08696
1613019309134,6,1010123456017,75,,1,0,24,1,1,,12.4936,863,184205,2.73388,246,0,6.66667,,0,0,0,0,0,0,0,0,0,,3000,2994,,0,0,0,0
1613019309384,6,1010123456017,75,,1,0,24,1,1,,11.3062,849,183346,2.33651,244,0,6.83333,,0,3,0,0.1,1,0,0,0,31,,3000,2994,,0,0,0,0
1613019309634,6,1010123456017,75,,1,0,24,1,1,,13.2439,861,183048,2.73118,244,0,7.16667,,12,20,0,0.1,5,80,0,7.58818,31,,3000,3000,,0,0,0,8.2
1613019309884,6,1010123456017,75,,1,0,24,1,1,,13.7439,859,159672,3.39338,247,0,7,,5.01961,51,0,0.1,15,46.6667,0,3.94429,31,,3000,2994,,0,0,0,5.47059
1613019310134,6,1010123456017,75,,1,0,24,1,1,,16.9687,862,172399,3.78872,246,0,8.66667,,0.1,4,0,0.1,1,0,0,25.5464,31,,3000,3000,,0,0,0,1
1613019310384,6,1010123456017,75,,1,0,24,1,1,,13.6974,846,182726,2.83563,243,0,7.71429,,0,24,0,0,8,100,0,0,0,,3000,3000,,0,0,0,0
1613019310634,6,1010123456017,75,,1,0,24,1,1,,14.8995,856,182173,3.53115,245,0,7.66667,,0,0,0,0,0,0,0,0,0,,3000,3000,,0,0,0,0
1613019310884,6,1010123456017,75,,1,0,24,1,1,,15.3185,854,183089,3.23357,245,0,8.2,,0,0,0,0,0,0,0,0,0,,3000,3000,,0,0,0,0
1613019311134,6,1010123456017,75,,1,0,24,1,1,,11.821,849,183518,2.3688,245,0,7,,4.36364,44,0,0.1,13,46.1538,0,2.97445,31,,3000,2988,,0,0,0,5.11364
1613019311384,6,1010123456017,75,,1,0,24,1,1,,11.7491,853,182755,2.54859,245,0,6.85714,,0,3,0,0.1,1,0,0,0,31,,3000,3000,,0,0,0,0
1613019311634,6,1010123456017,75,,1,0,24,1,1,,15.9556,856,184274,3.34741,244,0,8.33333,,0,0,0,0,0,0,0,0,0,,3000,3000,,0,0,0,0
1613019311884,6,1010123456017,75,,1,0,24,1,1,,17.5105,854,175678,3.98657,244,0,9,,0,0,0,0,0,0,0,0,0,,3000,3000,,0,0,0,0
1613019312134,6,1010123456017,75,,1,0,24,1,1,,19.7,850,140000,5.22076,244,0,8.75,,6,30,0,0.1,9,44.4444,0,11.4266,31,,3000,3000,,0,0,0,4.6
1613019312384,6,1010123456017,75,,1,0,24,1,1,,12.0861,859,183561,2.52459,246,0,6,,0,3,0,0.1,1,0,0,0,31,,3000,3000,,0,0,0,0
1613019312634,6,1010123456017,75,,1,0,24,1,1,,11.7143,854,183239,2.5769,242,0,6.8,,0,3,0,0.1,1,0,0,0,31,,3000,3000,,0,0,0,0
1613019312884,6,1010123456017,75,,1,0,24,1,1,,12.9202,827,182929,2.67525,243,0,7.83333,,12.2333,30,0,0.1,9,44.4444,0,15.8807,31,,3000,2976,,0,0,0,4.9
1613019313134,6,1010123456017,75,,1,0,24,1,1,,14.7371,852,183544,3.02834,245,0,7.83333,,0,0,0,0,0,0,0,0,0,,3000,3000,,0,0,0,0
1613019313384,6,1010123456017,75,,1,0,24,1,1,,20.2494,862,160391,4.87849,247,0,9.75,,0,0,0,0,0,0,0,0,0,,3000,3000,,0,0,0,0
1613019313634,6,1010123456017,75,,1,0,24,1,1,,18.0487,863,160294,4.13908,247,0,9.4,,0,0,0,0,0,0,0,0,0,,3000,2994,,0,0,0,0
1613019313884,6,1010123456017,75,,1,0,24,1,1,,16.1898,827,174305,3.76508,244,0,8.66667,,11.28,25,0,0.1,7,85.7143,0,5.53436,31,,3000,2988,,0,0,0,8.92
1613019314134,6,1010123456017,75,,1,0,24,1,1,,18.9814,858,163608,4.44238,245,0,9.66667,,4.8,15,0,0.1,4,50,0,8.85239,31,,3000,3000,,0,0,0,6
1613019314385,6,1010123456017,75,,1,0,24,1,1,,18.245,849,158923,4.26579,244,0,9.57143,,15,4,0,0.1,1,0,0,32.2976,31,,3000,2982,,0,0,0,1
1613019314634,6,1010123456017,75,,1,0,24,1,1,,17.3489,854,174037,3.6943,245,0,8.83333,,0,0,0,0,0,0,0,0,0,,3000,3000,,0,0,0,0
1613019314884,6,1010123456017,75,,1,0,24,1,1,,15.1549,833,183421,3.20138,243,0,7.6,,9.84615,26,0,0.1,7,57.1429,0,10.9585,31,,3000,3000,,0,0,0,6.53846
1613019315134,6,1010123456017,75,,1,0,24,1,1,,16.0746,858,177755,3.58088,245,0,8.5,,0,0,0,0,0,0,0,0,0,,3000,3000,,0,0,0,0
1613019315384,6,1010123456017,75,,1,0,24,1,1,,11.9156,853,175418,2.60922,244,0,7.42857,,0,12,0,0,4,100,0,0,0,,3000,3000,,0,0,0,0
1613019315634,6,1010123456017,75,,1,0,24,1,1,,14.2128,860,183903,3.44472,245,0,7,,0,3,0,0.1,1,0,0,0,31,,3000,3000,,0,0,0,0
1613019315884,6,1010123456017,75,,1,0,24,1,1,,16.4467,844,182320,3.66326,243,0,8.83333,,4.59184,49,0,0.1,14,35.7143,0,13.5941,31,,3000,2994,,0,0,0,4.42857
1613019316134,6,1010123456017,75,,1,0,24,1,1,,21.7956,861,141134,5.40254,246,0,10.3333,,0,0,0,0,0,0,0,0,0,,3000,3000,,0,0,0,0
1613019316384,6,1010123456017,75,,1,0,24,1,1,,14.0703,854,170933,3.26834,245,0,7.42857,,15,4,0,0.1,1,0,0,31.5503,31,,3000,3000,,0,0,0,1
1613019316634,6,1010123456017,75,,1,0,24,1,1,,12.3412,850,183513,2.62284,244,0,7.16667,,0,0,0,0,0,0,0,0,0,,3000,2994,,0,0,0,0
1613019316884,6,1010123456017,75,,1,0,24,1,1,,15.242,839,183541,3.2463,245,0,8.2,,0,11,0,0,4,100,0,0,0,,3000,2982,,0,0,0,0
1613019317134,6,1010123456017,75,,1,0,24,1,1,,13.5624,857,183813,2.8285,245,0,7.5,,0,0,0,0,0,0,0,0,0,,3000,3000,,0,0,0,0
1613019317384,6,1010123456017,75,,1,0,24,1,1,,10.9492,866,183770,2.42548,249,0,5.71429,,0.1,11,0,0.1,3,0,0,2.57932,31,,3000,2994,,0,0,0,1
1613019317634,6,1010123456017,75,,1,0,24,1,1,,15.7367,862,155262,3.58169,246,0,9.66667,,0.1,12,0,0.1,3,33.3333,0,1.23691,31,,3000,2976,,0,0,0,5
1613019317884,6,1010123456017,75,,1,0,24,1,1,,11.8792,836,183994,2.6835,242,0,6.16667,,6.2069,29,0,0.1,9,44.4444,0,6.74434,31,,3000,3000,,0,0,0,5.10345
1613019318134,6,1010123456017,75,,1,0,24,1,1,,16.587,845,180275,3.75656,243,0,8.66667,,0,3,0,0.1,1,0,0,0,31,,3000,3000,,0,0,0,0
1613019318384,6,1010123456017,75,,1,0,24,1,1,,14.135,852,183288,2.96533,245,0,7.66667,,0,0,0,0,0,0,0,0,0,,3000,2988,,0,0,0,0
1613019318634,6,1010123456017,75,,1,0,24,1,1,,12.0862,858,184047,2.52431,245,0,6.2,,0,0,0,0,0,0,0,0,0,,3000,2994,,0,0,0,0
1613019318884,6,1010123456017,75,,1,0,24,1,1,,18.9188,874,159878,4.52048,250,0,9.4,,0,0,0,0,0,0,0,0,0,,3000,2982,,0,0,0,0
1613019319134,6,1010123456017,75,,1,0,24,1,1,,17.6825,844,153206,3.99923,242,0,9.8,,0.1,26,0,0.1,8,0,0,4.38346,31,,3000,3000,,0,0,0,1.53846
1613019319384,6,1010123456017,75,,1,0,24,1,1,,10.2085,844,180027,2.21594,243,0,6.71429,,0,3,0,0.1,1,0,0,0,31,,3000,2976,,0,0,0,0
1613019319634,6,1010123456017,75,,1,0,24,1,1,,14.4156,847,183755,3.73092,243,0,6.16667,,0,0,0,0,0,0,0,0,0,,3000,3000,,0,0,0,0
1613019319884,6,1010123456017,75,,1,0,24,1,1,,9.89143,829,182821,2.20074,244,0,5.4,,8.875,40,0,0.1,12,75,0,6.09771,31,,3000,2970,,0,0,0,8.125
1613019320134,6,1010123456017,75,,1,0,24,1,1,,14.5395,849,183607,3.14943,244,0,8,,0,0,0,0,0,0,0,0,0,,3000,2982,,0,0,0,0
1613019320384,6,1010123456017,75,,1,0,24,1,1,,16.8174,849,166413,3.80964,243,0,9,,0.1,11,0,0.1,3,33.3333,0,1.17018,31,,3000,3000,,0,0,0,4.54545
1613019320634,6,1010123456017,75,,1,0,24,1,1,,14.9557,857,182541,3.52263,246,0,7.66667,,0,0,0,0,0,0,0,0,0,,3000,3000,,0,0,0,0
1613019320884,6,1010123456017,75,,1,0,24,1,1,,14.3943,847,184246,3.10271,244,0,7.4,,0.1,29,0,0.1,8,25,0,4.73381,31,,3000,3000,,0,0,0,3.7931
1613019321134,6,1010123456017,75,,1,0,24,1,1,,17.1444,859,177482,4.29173,244,0,9,,0.1,14,0,0.1,4,0,0,2.04252,0,,3000,3000,,0,0,0,1.28571
1613019321384,6,1010123456017,75,,1,0,24,1,1,,12.8721,860,182433,2.89349,246,0,7.28571,,0.1,4,0,0.1,1,0,0,3.12264,31,,3000,2994,,0,0,0,1
1613019321634,6,1010123456017,75,,1,0,24,1,1,,19.2117,855,171960,4.33006,245,0,9.8,,0,9,0,0.1,3,66.6667,0,0,0,,3000,3000,,0,0,0,0
1613019321884,6,1010123456017,75,,1,0,24,1,1,,8.89461,854,184269,2.10085,245,0,4.16667,,4.5283,53,0,0.1,15,60,0,9.00448,31,,3000,2988,,0,0,0,6.32075
1613019322134,6,1010123456017,75,,1,0,24,1,1,,15.7078,859,184189,3.67836,247,0,8.83333,,15,16,0,0,4,100,0,2.6225,0,,3000,2988,,0,0,0,10
1613019322384,6,1010123456017,75,,1,0,24,1,1,,15.4237,845,182842,3.09639,243,0,8.5,,0.1,4,0,0.1,1,0,0,1.27523,31,,3000,3000,,0,0,0,1
1613019322634,6,1010123456017,75,,1,0,24,1,1,,16.1744,866,175220,3.75698,248,0,8.66667,,0,0,0,0,0,0,0,0,0,,3000,2988,,0,0,0,0
1613019322885,6,1010123456017,75,,1,0,24,1,1,,16.1044,843,172273,4.06445,248,0,8.16667,,14.1852,108,0,0.146016,35,82.8571,0,6.1007,31,,3000,2994,,0,0,0,8.09259
1613019323134,6,1010123456017,75,,1,0,24,1,1,,19.1551,864,155613,4.74535,247,0,9,,0,0,0,0,0,0,0,0,0,,3000,3000,,0,0,0,0
1613019323384,6,1010123456017,75,,1,0,24,1,1,,15.9115,847,180229,3.4133,243,0,8.42857,,0,0,0,0,0,0,0,0,0,,3000,3000,,0,0,0,0
1613019323634,6,1010123456017,75,,1,0,24,1,1,,9.94477,851,182961,2.20379,245,0,5.5,,0,0,0,0,0,0,0,0,0,,3000,3000,,0,0,0,0
1613019323884,6,1010123456017,75,,1,0,24,1,1,,8.20925,865,183377,1.80508,247,0,5.6,,10.8,20,0,0.1,6,66.6667,0,13.337,31,,3000,2994,,0,0,0,6.4
1613019324134,6,1010123456017,75,,1,0,24,1,1,,14.0912,855,184013,2.91653,245,0,8,,12,20,0,0.1,5,80,0,7.55177,31,,3000,3000,,0,0,0,8.2
1613019324384,6,1010123456017,75,,1,0,24,1,1,,13.463,851,183291,2.80919,244,0,7.28571,,0,0,0,0,0,0,0,0,0,,3000,2994,,0,0,0,0
1613019324634,6,1010123456017,75,,1,0,24,1,1,,16.5623,843,182369,3.79393,242,0,8.33333,,0,0,0,0,0,0,0,0,0,,3000,2994,,0,0,0,0
1613019324884,6,1010123456017,75,,1,0,24,1,1,,16.1445,851,175757,3.50104,246,0,8.66667,,15.2308,13,0,0.1,4,0,0,31.8122,31,,3000,3000,,0,0,0,1
1613019325134,6,1010123456017,75,,1,0,24,1,1,,15.8792,853,183558,3.51133,244,0,8.16667,,0,0,0,0,0,0,0,0,0,,3000,2994,,0,0,0,0
1613019325384,6,1010123456017,75,,1,0,24,1,1,,14.0393,866,183402,3.01044,248,0,7.57143,,15,4,0,0.1,1,0,0,31.4552,31,,3000,2994,,0,0,0,1
1613019325634,6,1010123456017,75,,1,0,24,1,1,,15.1885,854,169300,3.77963,245,0,7.83333,,0,0,0,0,0,0,0,0,0,,3000,2994,,0,0,0,0
1613019325884,6,1010123456017,75,,1,0,24,1,1,,15.0326,860,183138,3.16077,247,0,8.66667,,12.913,23,0,0.1,6,66.6667,0,11.0345,31,,3000,3000,,0,0,0,7.26087
1613019326134,6,1010123456017,75,,1,0,24,1,1,,15.7855,853,183386,3.68941,245,0,8.16667,,0,0,0,0,0,0,0,0,0,,3000,3000,,0,0,0,0
1613019326384,6,1010123456017,75,,1,0,24,1,1,,14.3683,858,184530,3.12093,247,0,7.5,,0,0,0,0,0,0,0,0,0,,3000,3000,,0,0,0,0
1613019326634,6,1010123456017,75,,1,0,24,1,1,,16.0792,859,172132,3.62162,245,0,8.5,,0.1,12,0,0.1,3,66.6667,0,0.572721,31,,3000,2988,,0,0,0,7.33333
1613019326884,6,1010123456017,75,,1,0,24,1,1,,10.6659,838,183953,2.68386,245,0,6.8,,4.39024,41,0,0.1,13,30.7692,0,5.34395,31,,3000,2994,,0,0,0,3.95122
1613019327134,6,1010123456017,75,,1,0,24,1,1,,15.0835,850,183019,3.22744,244,0,8.33333,,0,0,0,0,0,0,0,0,0,,3000,2988,,0,0,0,0
1613019327384,6,1010123456017,75,,1,0,24,1,1,,12.9883,852,184418,2.81642,245,0,6.85714,,0.1,4,0,0.1,1,0,0,1.36901,31,,3000,2994,,0,0,0,1
1613019327634,6,1010123456017,75,,1,0,24,1,1,,15.9002,852,183732,3.60967,245,0,8.66667,,0.1,4,0,0.1,1,0,0,27.7102,31,,3000,3000,,0,0,0,1
1613019327884,6,1010123456017,75,,1,0,24,1,1,,12.8856,839,183675,2.90725,244,0,7.8,,14.1569,102,0,0.111261,33,84.8485,0,6.98949,31,,3000,3000,,0,0,0,8.29412
1613019328134,6,1010123456017,75,,1,0,24,1,1,,20.694,866,147604,5.0276,248,0,10.4,,0,0,0,0,0,0,0,0,0,,3000,2988,,0,0,0,0
1613019328384,6,1010123456017,75,,1,0,24,1,1,,16.8257,849,158414,3.82657,244,0,8.71429,,0,0,0,0,0,0,0,0,0,,3000,3000,,0,0,0,0
1613019328634,6,1010123456017,75,,1,0,24,1,1,,13.0346,866,182784,2.64694,246,0,7.16667,,0,0,0,0,0,0,0,0,0,,3000,2970,,0,0,0,0
1613019328884,6,1010123456017,75,,1,0,24,1,1,,12.8576,850,168494,2.83875,244,0,7.33333,,6.48649,37,0,0.1,10,40,0,8.84454,31,,3000,3000,,0,0,0,5
1613019329134,6,1010123456017,75,,1,0,24,1,1,,17.1467,859,178930,3.91528,245,0,8.66667,,0,0,0,0,0,0,0,0,0,,3000,2988,,0,0,0,0
1613019329384,6,1010123456017,75,,1,0,24,1,1,,13.9242,858,180765,2.9813,247,0,8.14286,,0,0,0,0,0,0,0,0,0,,3000,2970,,0,0,0,0
1613019329634,6,1010123456017,75,,1,0,24,1,1,,12.6632,867,184003,2.91351,247,0,6.16667,,0,0,0,0,0,0,0,0,0,,3000,2994,,0,0,0,0
1613019329884,6,1010123456017,75,,1,0,24,1,1,,15.5114,831,184297,3.28633,243,0,7.83333,,16,107,0,0.171181,34,82.3529,0,7.31385,31,,3000,3000,,0,0,0,8.42991
1613019330134,6,1010123456017,75,,1,0,24,1,1,,12.5302,860,183421,2.58946,245,0,7.33333,,0,0,0,0,0,0,0,0,0,,3000,3000,,0,0,0,0
1613019330384,6,1010123456017,75,,1,0,24,1,1,,12.9953,856,184429,2.64639,245,0,7.42857,,0,3,0,0.1,1,0,0,0,31,,3000,2982,,0,0,0,0
1613019330634,6,1010123456017,75,,1,0,24,1,1,,15.5259,850,183252,3.55412,244,0,8,,0,0,0,0,0,0,0,0,0,,3000,3000,,0,0,0,0
1613019330884,6,1010123456017,75,,1,0,24,1,1,,18.3433,839,156200,4.25613,242,0,9.5,,0,0,0,0,0,0,0,0,0,,3000,2994,,0,0,0,0
1613019331134,6,1010123456017,75,,1,0,24,1,1,,16.0821,865,170623,3.6052,246,0,8.16667,,7.27273,33,0,0.1,9,44.4444,0,9.07407,31,,3000,3000,,0,0,0,5.36364
1613019331384,6,1010123456017,75,,1,0,24,1,1,,16.7109,851,179898,3.53719,243,0,9.14286,,0,0,0,0,0,0,0,0,0,,3000,3000,,0,0,0,0
1613019331634,6,1010123456017,75,,1,0,24,1,1,,13.8096,851,183190,3.28379,244,0,6.66667,,0,3,0,0.1,1,0,0,0,31,,3000,3000,,0,0,0,0
1613019331884,6,1010123456017,75,,1,0,24,1,1,,9.04525,862,183290,2.06898,245,0,5,,6.15385,39,0,0.1,11,45.4545,0,6.33077,31,,3000,3000,,0,0,0,6.10256
1613019332134,6,1010123456017,75,,1,0,24,1,1,,13.858,866,183814,2.8755,248,0,7.5,,0,0,0,0,0,0,0,0,0,,3000,3000,,0,0,0,0
1613019332384,6,1010123456017,75,,1,0,24,1,1,,12.3502,851,183539,2.7137,244,0,7.14286,,0.1,4,0,0.1,1,0,0,1.17923,31,,3000,3000,,0,0,0,5
1613019332634,6,1010123456017,75,,1,0,24,1,1,,18.477,847,163346,4.09083,243,0,10,,0,0,0,0,0,0,0,0,0,,3000,2994,,0,0,0,0
1613019332885,6,1010123456017,75,,1,0,24,1,1,,16.8116,844,175762,3.87939,247,0,8.4,,0.1,28,0,0.1,8,0,0,6.17808,31,,3012,3012,,0,0,0,1.25
1613019333134,6,1010123456017,75,,1,0,24,1,1,,14.5453,860,183862,3.09301,246,0,7.83333,,0,0,0,0,0,0,0,0,0,,2988,2970,,0,0,0,0
1613019333384,6,1010123456017,75,,1,0,24,1,1,,9.23032,851,183725,2.06657,246,0,5.71429,,0,0,0,0,0,0,0,0,0,,3000,3000,,0,0,0,0
1613019333634,6,1010123456017,75,,1,0,24,1,1,,18.9676,863,147968,4.96299,245,0,9,,0,0,0,0,0,0,0,0,0,,3000,2988,,0,0,0,0
1613019333884,6,1010123456017,75,,1,0,24,1,1,,13.1492,851,183252,2.71014,245,0,7.83333,,15,16,0,0,4,100,0,0.646036,0,,3000,2991,,0,0,0,10
1613019334134,6,1010123456017,75,,1,0,24,1,1,,16.0867,865,169439,3.57234,247,0,8.66667,,0,0,0,0,0,0,0,0,0,,3000,3000,,0,0,0,0
1613019334384,6,1010123456017,75,,1,0,24,1,1,,18.3271,856,163079,4.47634,244,0,9,,0.1,10,0,0.1,3,0,0,1.29343,31,,3000,3000,,0,0,0,1.7
1613019334634,6,1010123456017,75,,1,0,24,1,1,,14.7441,848,183132,3.10262,241,0,8,,0,0,0,0,0,0,0,0,0,,3000,2988,,0,0,0,0
1613019334884,6,1010123456017,75,,1,0,24,1,1,,14.7934,818,174272,3.05478,240,0,8.16667,,14.7857,56,0,0.168803,17,70.5882,0,8.5732,31,,3000,3000,,0,0,0,7.42857
1613019335134,6,1010123456017,75,,1,0,24,1,1,,13.4696,854,183313,3.06124,245,0,6.25,,0.1,4,0,0.1,1,0,0,27.0986,31,,3000,2994,,0,0,0,1
1613019335384,6,1010123456017,75,,1,0,24,1,1,,17.3353,844,174194,4.19512,241,0,8.85714,,0,0,0,0,0,0,0,0,0,,3000,3000,,0,0,0,0
1613019335634,6,1010123456017,75,,1,0,24,1,1,,9.76245,863,182736,2.62924,247,0,5.5,,0,3,0,0.1,1,0,0,0,31,,3000,2982,,0,0,0,0
1613019335885,6,1010123456017,75,,1,0,24,1,1,,12.4346,849,183384,2.71338,245,0,6.33333,,13.7742,31,0,0.1,10,40,0,17.83,31,,3000,3000,,0,0,0,4.48387
1613019336134,6,1010123456017,75,,1,0,24,1,1,,15.3171,864,183577,3.19849,245,0,8.5,,0,0,0,0,0,0,0,0,0,,3000,2994,,0,0,0,0
1613019336384,6,1010123456017,75,,1,0,24,1,1,,8.50233,858,183343,1.99855,245,0,4.57143,,0.1,8,0,0.1,2,50,0,0.33278,31,,3000,2970,,0,0,0,9.5
1613019336634,6,1010123456017,75,,1,0,24,1,1,,6.93911,854,183148,1.53802,243,0,5.16667,,0.1,4,0,0.1,1,0,0,1.30604,31,,3000,3000,,0,0,0,1
1613019336884,6,1010123456017,75,,1,0,24,1,1,,13.7929,840,183394,2.87245,243,0,7.5,,14.6628,86,0,0.178538,27,77.7778,0,6.7362,31,,3000,2994,,0,0,0,8.01163
1613019337134,6,1010123456017,75,,1,0,24,1,1,,11.4031,836,182625,2.3271,239,0,6.4,,15,16,0,0,4,100,0,1.5443,0,,3000,3000,,0,0,0,10
1613019337384,6,1010123456017,75,,1,0,24,1,1,,18.3629,857,160756,4.42265,245,0,9.42857,,0,0,0,0,0,0,0,0,0,,3000,2964,,0,0,0,0
1613019337634,6,1010123456017,75,,1,0,24,1,1,,16.0655,855,183980,3.35939,245,0,8,,0,0,0,0,0,0,0,0,0,,3000,2958,,0,0,0,0
1613019337884,6,1010123456017,75,,1,0,24,1,1,,15.8938,829,183868,3.54516,243,0,8.66667,,5.20408,49,0,0.1,14,35.7143,0,7.50877,31,,3000,2994,,0,0,0,4.26531
1613019338134,6,1010123456017,75,,1,0,24,1,1,,14.0244,862,172173,3.24325,248,0,7.33333,,0.1,4,0,0.1,1,0,0,26.8909,31,,3000,2994,,0,0,0,1
1613019338384,6,1010123456017,75,,1,0,24,1,1,,14.7236,843,183197,3.19312,242,0,7.16667,,15,4,0,0.1,1,0,0,28.2502,31,,3000,3000,,0,0,0,1
1613019338634,6,1010123456017,75,,1,0,24,1,1,,17.7671,863,172994,4.28553,247,0,8.83333,,0,0,0,0,0,0,0,0,0,,3000,3000,,0,0,0,0
1613019338884,6,1010123456017,75,,1,0,24,1,1,,14.4768,862,182893,2.96684,247,0,8.33333,,15.8696,23,0,0.1,6,66.6667,0,16.6691,31,,3000,2988,,0,0,0,7.26087
1613019339134,6,1010123456017,75,,1,0,24,1,1,,15.4807,855,175853,3.60003,245,0,8,,0,0,0,0,0,0,0,0,0,,3000,3000,,0,0,0,0
1613019339384,6,1010123456017,75,,1,0,24,1,1,,16.5205,855,170063,3.70047,245,0,8.71429,,0,0,0,0,0,0,0,0,0,,3000,3000,,0,0,0,0
1613019339634,6,1010123456017,75,,1,0,24,1,1,,16.0258,853,183542,3.39129,246,0,8.2,,0,0,0,0,0,0,0,0,0,,3000,3000,,0,0,0,0
1613019339884,6,1010123456017,75,,1,0,24,1,1,,10.3847,850,184319,2.34265,243,0,5.83333,,11.3684,19,0,0.1,6,66.6667,0,14.847,0,,3000,3000,,0,0,0,6.68421
1613019340134,6,1010123456017,75,,1,0,24,1,1,,6.41176,850,183056,1.40745,243,0,5.25,,0,0,0,0,0,0,0,0,0,,3000,2994,,0,0,0,0
1613019340384,6,1010123456017,75,,1,0,24,1,1,,12.1976,835,183620,2.70946,240,0,5.83333,,15,16,0,0,4,100,0,1.79091,0,,3000,3000,,0,0,0,10
1613019340634,6,1010123456017,75,,1,0,24,1,1,,12.3151,857,184034,2.73908,246,0,7,,0.1,4,0,0.1,1,0,0,1.31448,31,,3000,3000,,0,0,0,1
1613019340885,6,1010123456017,75,,1,0,24,1,1,,13.2941,867,182981,2.7543,248,0,8,,6.48649,37,0,0.1,10,50,0,4.87687,31,,3000,3012,,0,0,0,6.2973
1613019341134,6,1010123456017,75,,1,0,24,1,1,,12.3114,851,175067,2.97571,243,0,6.83333,,0,0,0,0,0,0,0,0,0,,2988,2988,,0,0,0,0
1613019341384,6,1010123456017,75,,1,0,24,1,1,,17.2088,862,183716,3.61105,246,0,8.83333,,0,6,0,0.1,2,0,0,0,31,,3000,2994,,0,0,0,0
1613019341634,6,1010123456017,75,,1,0,24,1,1,,12.6461,859,182626,2.74194,247,0,6.83333,,12.9545,22,0,0.1,6,66.6667,0,7.20849,31,,3000,3000,,0,0,0,7.13636
1613019341884,6,1010123456017,75,,1,0,24,1,1,,15.1755,849,183603,3.27913,243,0,7.83333,,13.6364,22,0,0.1,7,57.1429,0,19.9201,31,,3000,2982,,0,0,0,5.90909
1613019342134,6,1010123456017,75,,1,0,24,1,1,,13.1929,850,184137,2.72884,243,0,7.5,,0,0,0,0,0,0,0,0,0,,3000,3000,,0,0,0,0
1613019342384,6,1010123456017,75,,1,0,24,1,1,,14.6056,857,183849,3.03929,246,0,8.33333,,0,0,0,0,0,0,0,0,0,,3000,3000,,0,0,0,0
1613019342634,6,1010123456017,75,,1,0,24,1,1,,13.3018,868,183030,2.96469,248,0,7,,15,16,0,0,4,100,0,0.504247,0,,3000,2994,,0,0,0,10
1613019342884,6,1010123456017,75,,1,0,24,1,1,,13.1384,860,170861,2.84501,247,0,7.83333,,11.1207,58,0,0.1,17,70.5882,0,7.31149,31,,3000,2985,,0,0,0,7.62069
1613019343134,6,1010123456017,75,,1,0,24,1,1,,17.7283,865,160330,4.55643,247,0,9.16667,,0,15,0,0.1,5,80,0,0,31,,3000,2988,,0,0,0,0
1613019343384,6,1010123456017,75,,1,0,24,1,1,,17.0386,856,170330,3.77526,245,0,8.71429,,0,0,0,0,0,0,0,0,0,,3000,3000,,0,0,0,0
1613019343634,6,1010123456017,75,,1,0,24,1,1,,14.3583,829,182876,3.23502,240,0,7.83333,,0.1,8,0,0.1,2,50,0,1.14225,31,,3000,3000,,0,0,0,6
1613019343887,6,1010123456017,75,,1,0,24,1,1,,16.2594,848,183112,3.45317,247,0,8.66667,,7.28846,52,0,0.134,16,31.25,0,13.2304,31,,3036,3030,,0,0,0,3.55769
1613019344134,6,1010123456017,75,,1,0,24,1,1,,17.874,857,183313,3.92836,244,0,9.33333,,0,0,0,0,0,0,0,0,0,,2964,2928,,0,0,0,0
1613019344384,6,1010123456017,75,,1,0,24,1,1,,17.7005,868,179867,4.12061,248,0,8.85714,,0,0,0,0,0,0,0,0,0,,3000,2976,,0,0,0,0
1613019344634,6,1010123456017,75,,1,0,24,1,1,,15.1779,849,183845,3.06994,244,0,8.33333,,16,4,0,0.1,1,0,0,32.6913,31,,3000,2994,,0,0,0,1
1613019344884,6,1010123456017,75,,1,0,24,1,1,,15.9988,849,183433,3.41282,248,0,8,,15.3673,49,0,0.1,15,80,0,8.58784,31,,3000,2979,,0,0,0,7.79592
1613019345134,6,1010123456017,75,,1,0,24,1,1,,15.4785,838,168948,3.73748,241,0,8.5,,0,0,0,0,0,0,0,0,0,,3000,3000,,0,0,0,0
1613019345384,6,1010123456017,75,,1,0,24,1,1,,15.9517,849,183323,3.28884,245,0,8.33333,,0,0,0,0,0,0,0,0,0,,3000,2988,,0,0,0,0
1613019345634,6,1010123456017,75,,1,0,24,1,1,,12.186,855,183462,2.54397,245,0,6.83333,,0,0,0,0,0,0,0,0,0,,3000,2994,,0,0,0,0
1613019345884,6,1010123456017,75,,1,0,24,1,1,,21.0521,844,145668,5.11907,243,0,11,,0.1,42,0,0.1,12,25,0,1.42747,31,,3000,2964,,0,0,0,4.57143
1613019346134,6,1010123456017,75,,1,0,24,1,1,,13.0117,857,183338,3.01484,245,0,6.83333,,0,0,0,0,0,0,0,0,0,,3000,3000,,0,0,0,0
1613019346384,6,1010123456017,75,,1,0,24,1,1,,14.5838,853,184092,2.98162,243,0,7.83333,,0.1,10,0,0.1,3,0,0,0.934935,31,,3000,2994,,0,0,0,1.7
1613019346634,6,1010123456017,75,,1,0,24,1,1,,14.9548,863,162652,3.57725,246,0,8.33333,,0,18,0,0.1,6,66.6667,0,0,31,,3000,3000,,0,0,0,0
1613019346884,6,1010123456017,75,,1,0,24,1,1,,16.8933,853,158314,4.35518,245,0,9,,15.8696,23,0,0.1,6,66.6667,0,17.8691,31,,3000,3000,,0,0,0,7.26087
1613019347134,6,1010123456017,75,,1,0,24,1,1,,18.6998,866,146762,4.4702,247,0,9.66667,,0,0,0,0,0,0,0,0,0,,3000,3000,,0,0,0,0
1613019347384,6,1010123456017,75,,1,0,24,1,1,,13.3055,851,183134,2.94214,242,0,7.28571,,0,3,0,0.1,1,0,0,0,31,,3000,2976,,0,0,0,0
1613019347634,6,1010123456017,75,,1,0,24,1,1,,15.0312,866,176143,3.38795,248,0,8.83333,,0,15,0,0.1,5,80,0,0,31,,3000,2994,,0,0,0,0
1613019347884,6,1010123456017,75,,1,0,24,1,1,,14.7077,845,182897,3.34255,245,0,7.66667,,7.85455,55,0,0.1,16,50,0,7.52638,31,,3000,3000,,0,0,0,5.54545
1613019348134,6,1010123456017,75,,1,0,24,1,1,,16.0236,847,182712,3.40353,243,0,8.5,,0,0,0,0,0,0,0,0,0,,3000,2991,,0,0,0,0
1613019348384,6,1010123456017,75,,1,0,24,1,1,,18.2063,863,181448,4.2827,247,0,8.57143,,0,0,0,0,0,0,0,0,0,,3000,3000,,0,0,0,0
1613019348634,6,1010123456017,75,,1,0,24,1,1,,9.01655,846,180698,1.88129,243,0,6.33333,,0,0,0,0,0,0,0,0,0,,3000,3000,,0,0,0,0
1613019348884,6,1010123456017,75,,1,0,24,1,1,,11.5602,839,183474,2.7334,245,0,5.66667,,14.6145,83,0,0.182008,26,76.9231,0,6.24049,31,,3000,3000,,0,0,0,7.86747
1613019349134,6,1010123456017,75,,1,0,24,1,1,,12.2442,856,182831,2.79544,244,0,8.2,,0,0,0,0,0,0,0,0,0,,3000,3000,,0,0,0,0
1613019349384,6,1010123456017,75,,1,0,24,1,1,,16.8289,859,167957,3.83965,247,0,8.85714,,0,3,0,0.1,1,0,0,0,31,,3000,2994,,0,0,0,0
1613019349634,6,1010123456017,75,,1,0,24,1,1,,20.2246,846,146518,4.81488,243,0,9.8,,0,0,0,0,0,0,0,0,0,,3000,2994,,0,0,0,0
1613019349884,6,1010123456017,75,,1,0,24,1,1,,12.5042,843,183292,2.65635,245,0,6.5,,14.1429,14,0,0.1,4,25,0,27.1164,31,,3000,2976,,0,0,0,3.21429
1613019350134,6,1010123456017,75,,1,0,24,1,1,,14.6975,866,176523,3.33712,248,0,8.2,,0,0,0,0,0,0,0,0,0,,3000,3000,,0,0,0,0
1613019350384,6,1010123456017,75,,1,0,24,1,1,,17.7825,846,174902,3.89995,244,0,9.85714,,0,0,0,0,0,0,0,0,0,,3000,3000,,0,0,0,0
1613019350634,6,1010123456017,75,,1,0,24,1,1,,17.1294,850,181184,4.07823,243,0,8.16667,,0,0,0,0,0,0,0,0,0,,3000,3000,,0,0,0,0
1613019350884,6,1010123456017,75,,1,0,24,1,1,,14.3407,819,183224,3.03152,244,0,8,,3.07229,83,0,0.105831,24,25,0,6.01259,31,,3000,3000,,0,0,0,3.38554
1613019351134,6,1010123456017,75,,1,0,24,1,1,,13.3005,862,182001,3.26564,247,0,7.16667,,0,0,0,0,0,0,0,0,0,,3000,3000,,0,0,0,0
1613019351384,6,1010123456017,75,,1,0,24,1,1,,15.7005,838,183692,3.28614,241,0,8.28571,,0,0,0,0,0,0,0,0,0,,3000,2994,,0,0,0,0
1613019351634,6,1010123456017,75,,1,0,24,1,1,,15.133,857,183456,3.16578,247,0,8,,15,16,0,0.1,5,80,0,8.2468,31,,3000,3000,,0,0,0,7.75
1613019351884,6,1010123456017,75,,1,0,24,1,1,,14.2672,842,184184,3.31088,243,0,7.16667,,4.21053,57,0,0.1,16,31.25,0,7.43821,31,,3000,3000,,0,0,0,4.49123
1613019352134,6,1010123456017,75,,1,0,24,1,1,,14.7218,859,183229,3.0381,245,0,8.33333,,0,0,0,0,0,0,0,0,0,,3000,3000,,0,0,0,0
1613019352384,6,1010123456017,75,,1,0,24,1,1,,14.7352,846,181523,3.0027,243,0,8.57143,,0,0,0,0,0,0,0,0,0,,3000,3000,,0,0,0,0
1613019352634,6,1010123456017,75,,1,0,24,1,1,,17.4632,870,183304,4.06712,249,0,8.5,,0,0,0,0,0,0,0,0,0,,3000,3000,,0,0,0,0
1613019352884,6,1010123456017,75,,1,0,24,1,1,,17.1774,823,182937,3.77896,244,0,8.83333,,1.875,24,0,0.1,8,0,0,12.3608,31,,3000,2988,,0,0,0,1.375
1613019353134,6,1010123456017,75,,1,0,24,1,1,,13.316,848,184115,3.24402,244,0,7.66667,,0,0,0,0,0,0,0,0,0,,3000,2970,,0,0,0,0
1613019353384,6,1010123456017,75,,1,0,24,1,1,,13.2845,854,183451,2.71878,246,0,7.42857,,0,3,0,0.1,1,0,0,0,31,,3000,3000,,0,0,0,0
1613019353634,6,1010123456017,75,,1,0,24,1,1,,20.8019,843,148784,5.18622,241,0,10.6667,,0,0,0,0,0,0,0,0,0,,3000,3000,,0,0,0,0
1613019353884,6,1010123456017,75,,1,0,24,1,1,,9.60384,833,183134,2.12839,244,0,5.6,,0.1,30,0,0.1,8,0,0,8.75496,31,,3000,2988,,0,0,0,1.33333
1613019354134,6,1010123456017,75,,1,0,24,1,1,,14.7444,849,177773,3.61314,243,0,8,,0,0,0,0,0,0,0,0,0,,3000,2988,,0,0,0,0
1613019354384,6,1010123456017,75,,1,0,24,1,1,,14.1163,851,183147,2.98259,245,0,7.28571,,15,16,0,0,4,100,0,2.42735,0,,3000,2994,,0,0,0,10
1613019354634,6,1010123456017,75,,1,0,24,1,1,,8.4409,846,182741,1.71952,242,0,5.33333,,0,0,0,0,0,0,0,0,0,,3000,2991,,0,0,0,0
1613019354884,6,1010123456017,75,,1,0,24,1,1,,15.8642,825,183205,3.26689,242,0,8.2,,14.0824,85,0,0.182008,27,77.7778,0,6.67474,31,,3000,3000,,0,0,0,7.95294
1613019355134,6,1010123456017,75,,1,0,24,1,1,,16.5023,862,182773,3.68716,247,0,8.83333,,0,0,0,0,0,0,0,0,0,,3000,2982,,0,0,0,0
1613019355384,6,1010123456017,75,,1,0,24,1,1,,13.7711,852,176548,3.07059,244,0,7.57143,,0,0,0,0,0,0,0,0,0,,3000,2958,,0,0,0,0
1613019355634,6,1010123456017,75,,1,0,24,1,1,,8.12618,848,183443,1.84861,242,0,5.33333,,0,0,0,0,0,0,0,0,0,,3000,3000,,0,0,0,0
1613019355884,6,1010123456017,75,,1,0,24,1,1,,16.5212,848,183321,3.49333,242,0,8.66667,,2.90323,31,0,0.1,9,0,0,9.70958,31,,3000,3000,,0,0,0,1.22581
1613019356134,6,1010123456017,75,,1,0,24,1,1,,15.1814,860,182850,3.28546,244,0,8.4,,0,3,0,0.1,1,0,0,0,31,,3000,3000,,0,0,0,0
1613019356384,6,1010123456017,75,,1,0,24,1,1,,12.5116,862,183277,2.67023,247,0,6.33333,,0,0,0,0,0,0,0,0,0,,3000,3000,,0,0,0,0
1613019356634,6,1010123456017,75,,1,0,24,1,1,,18.7753,859,163840,4.25568,246,0,10.1667,,0,0,0,0,0,0,0,0,0,,3000,2994,,0,0,0,0
1613019356884,6,1010123456017,75,,1,0,24,1,1,,13.5023,856,183493,3.23525,249,0,6.83333,,6.04286,70,0,0.1,20,55,0,9.68211,31,,3000,3000,,0,0,0,5.75714
1613019357134,6,1010123456017,75,,1,0,24,1,1,,12.7843,853,184227,3.21889,244,0,6.66667,,0,6,0,0.1,2,50,0,0,31,,3000,3000,,0,0,0,0
1613019357384,6,1010123456017,75,,1,0,24,1,1,,11.0198,860,182896,2.24736,245,0,6.57143,,0,0,0,0,0,0,0,0,0,,3000,3000,,0,0,0,0
1613019357634,6,1010123456017,75,,1,0,24,1,1,,10.8197,865,183756,2.44652,248,0,7,,0,0,0,0,0,0,0,0,0,,3000,3000,,0,0,0,0
1613019357884,6,1010123456017,75,,1,0,24,1,1,,16.7024,850,183194,3.66705,243,0,8.66667,,0.1,43,0,0.1,12,0,0,3.34143,31,,3000,3000,,0,0,0,1.46512
1613019358134,6,1010123456017,75,,1,0,24,1,1,,16.0952,851,183397,3.41915,245,0,8.33333,,0,0,0,0,0,0,0,0,0,,3000,3000,,0,0,0,0
1613019358384,6,1010123456017,75,,1,0,24,1,1,,14.6753,853,184118,3.45205,245,0,7.85714,,0,0,0,0,0,0,0,0,0,,3000,3000,,0,0,0,0
1613019358634,6,1010123456017,75,,1,0,24,1,1,,14.64,850,183262,3.01121,244,0,7.6,,0.1,8,0,0.1,2,0,0,13.8567,31,,3000,3000,,0,0,0,1.5
1613019358884,6,1010123456017,75,,1,0,24,1,1,,17.5435,863,168959,4.19229,249,0,9.25,,13.08,25,0,0.1,8,50,0,15.9637,31,,3000,3000,,0,0,0,5.68
1613019359134,6,1010123456017,75,,1,0,24,1,1,,12.7106,864,182810,2.72022,247,0,6.8,,0,12,0,0,4,100,0,0,0,,3000,2994,,0,0,0,0
1613019359384,6,1010123456017,75,,1,0,24,1,1,,11.5018,855,182166,2.35007,246,0,6.5,,0,9,0,0.1,3,66.6667,0,0,31,,3000,3000,,0,0,0,0
1613019359634,6,1010123456017,75,,1,0,24,1,1,,15.847,863,183529,3.36492,245,0,8,,0,0,0,0,0,0,0,0,0,,3000,3000,,0,0,0,0
1613019359884,6,1010123456017,75,,1,0,24,1,1,,13.3202,865,182917,2.9432,249,0,7,,6,30,0,0.1,9,44.4444,0,11.8958,31,,3000,2994,,0,0,0,4.7
1613019360134,6,1010123456017,75,,1,0,24,1,1,,18.0667,854,176949,4.09944,245,0,9.4,,0,3,0,0.1,1,0,0,0,31,,3000,3000,,0,0,0,0
1613019360384,6,1010123456017,75,,1,0,24,1,1,,15.1924,847,184194,3.16864,244,0,7.85714,,0,0,0,0,0,0,0,0,0,,3000,3000,,0,0,0,0
1613019360634,6,1010123456017,75,,1,0,24,1,1,,13.3862,857,182682,2.73661,245,0,8.2,,0,0,0,0,0,0,0,0,0,,3000,3000,,0,0,0,0
1613019360884,6,1010123456017,75,,1,0,24,1,1,,16.8731,843,183158,3.59412,243,0,8.6,,2.07407,27,0,0.1,8,12.5,0,11.8233,31,,3000,2994,,0,0,0,2.11111
1613019361134,6,1010123456017,75,,1,0,24,1,1,,12.4755,858,183482,2.66853,246,0,6.83333,,0.1,4,0,0.1,1,0,0,1.21993,31,,3000,3000,,0,0,0,1
1613019361384,6,1010123456017,75,,1,0,24,1,1,,9.54292,862,183372,2.11094,247,0,6.28571,,0,0,0,0,0,0,0,0,0,,3000,2994,,0,0,0,0
1613019361634,6,1010123456017,75,,1,0,24,1,1,,18.3469,859,171844,4.20736,246,0,9.33333,,0.1,4,0,0.1,1,0,0,25.8966,31,,3000,3000,,0,0,0,1
1613019361884,6,1010123456017,75,,1,0,24,1,1,,14.9297,825,183564,3.0577,243,0,8.4,,5.35294,51,0,0.1,15,26.6667,0,9.70195,31,,3000,2970,,0,0,0,3.68627
1613019362134,6,1010123456017,75,,1,0,24,1,1,,13.764,860,184156,2.91663,244,0,7.5,,0,3,0,0.1,1,0,0,0,31,,3000,3000,,0,0,0,0
1613019362384,6,1010123456017,75,,1,0,24,1,1,,13.7322,859,183046,3.00745,245,0,7.71429,,0,0,0,0,0,0,0,0,0,,3000,3000,,0,0,0,0
1613019362634,6,1010123456017,75,,1,0,24,1,1,,17.7368,851,180910,4.10763,244,0,8.66667,,0,3,0,0,1,100,0,0,0,,3000,3000,,0,0,0,0
1613019362884,6,1010123456017,75,,1,0,24,1,1,,10.9136,845,183382,2.28408,244,0,6.83333,,2.59615,52,0,0.1,15,40,0,1.42107,31,,3000,3000,,0,0,0,4.96154
1613019363134,6,1010123456017,75,,1,0,24,1,1,,14.817,858,183254,3.19171,246,0,7.2,,0,0,0,0,0,0,0,0,0,,3000,3000,,0,0,0,0
1613019363384,6,1010123456017,75,,1,0,24,1,1,,14.3349,860,183718,2.92209,246,0,7.8,,0,3,0,0.1,1,0,0,0,31,,3000,2994,,0,0,0,0
1613019363634,6,1010123456017,75,,1,0,24,1,1,,16.089,854,183314,3.36476,244,0,8.2,,0,6,0,0.1,2,0,0,0,31,,3000,3000,,0,0,0,0
1613019363884,6,1010123456017,75,,1,0,24,1,1,,12.783,848,182539,2.6853,244,0,6.83333,,15,14,0,0,4,100,0,0.729319,0,,3000,3000,,0,0,0,10
1613019364134,6,1010123456017,75,,1,0,24,1,1,,19.2584,859,167184,4.42005,246,0,9.8,,0,0,0,0,0,0,0,0,0,,3000,2994,,0,0,0,0
1613019364384,6,1010123456017,75,,1,0,24,1,1,,12.4366,859,182911,2.71248,246,0,7,,5.53846,39,0,0.1,12,66.6667,0,7.42752,31,,3000,3000,,0,0,0,6.53846
1613019364634,6,1010123456017,75,,1,0,24,1,1,,11.6816,851,183039,2.51669,244,0,6.66667,,0,6,0,0.1,2,0,0,0,31,,3000,3000,,0,0,0,0
1613019364884,6,1010123456017,75,,1,0,24,1,1,,16.6019,824,183204,3.69141,242,0,8.66667,,0.1,30,0,0.1,9,0,0,1.55318,31,,3000,2958,,0,0,0,4.26667
1613019365134,6,1010123456017,75,,1,0,24,1,1,,15.1123,846,183130,3.10207,240,0,8,,0,0,0,0,0,0,0,0,0,,3000,3000,,0,0,0,0
1613019365384,6,1010123456017,75,,1,0,24,1,1,,12.4784,855,183886,2.73767,246,0,7,,0,0,0,0,0,0,0,0,0,,3000,3000,,0,0,0,0
1613019365634,6,1010123456017,75,,1,0,24,1,1,,16.3451,849,165505,4.01876,242,0,8.16667,,0,0,0,0,0,0,0,0,0,,3000,3000,,0,0,0,0
1613019365884,6,1010123456017,75,,1,0,24,1,1,,12.2654,863,184134,2.52527,247,0,7.5,,0.1,37,0,0.1,10,20,0,1.28347,31,,3000,2988,,0,0,0,4
1613019366134,6,1010123456017,75,,1,0,24,1,1,,15.938,839,183352,3.48977,241,0,8.5,,0.1,10,0,0.1,3,33.3333,0,1.43008,31,,3000,3000,,0,0,0,3.7
1613019366384,6,1010123456017,75,,1,0,24,1,1,,17.5134,859,177363,4.30413,246,0,8.57143,,0.1,4,0,0.1,1,0,0,26.7605,31,,3000,3000,,0,0,0,1
1613019366634,6,1010123456017,75,,1,0,24,1,1,,12.3663,849,183850,2.55782,244,0,7,,0,0,0,0,0,0,0,0,0,,3000,3000,,0,0,0,0
1613019366884,6,1010123456017,75,,1,0,24,1,1,,9.6288,854,182809,2.12681,245,0,5.33333,,8.4375,32,0,0.1,9,44.4444,0,4.24109,31,,3000,3000,,0,0,0,5.34375
1613019367134,6,1010123456017,75,,1,0,24,1,1,,14.3605,846,172528,3.2026,243,0,7.6,,0,0,0,0,0,0,0,0,0,,3000,3000,,0,0,0,0
1613019367384,6,1010123456017,75,,1,0,24,1,1,,16.0458,851,183960,3.7741,245,0,7.66667,,0.1,4,0,0.1,1,0,0,25.2402,31,,3000,3000,,0,0,0,1
1613019367634,6,1010123456017,75,,1,0,24,1,1,,16.5527,854,173870,3.72225,245,0,8.6,,0,0,0,0,0,0,0,0,0,,3000,3000,,0,0,0,0
1613019367884,6,1010123456017,75,,1,0,24,1,1,,9.66859,866,184559,2.27582,247,0,5,,0,0,0,0,0,0,0,0,0,,3000,2994,,0,0,0,0
1613019368134,6,1010123456017,75,,1,0,24,1,1,,15.9627,857,183819,3.31984,246,0,8.4,,8,30,0,0.1,9,44.4444,0,12.2049,31,,3000,3000,,0,0,0,4.6
1613019368384,6,1010123456017,75,,1,0,24,1,1,,15.1071,859,169781,3.576,247,0,8.16667,,0,3,0,0.1,1,0,0,0,31,,3000,2994,,0,0,0,0
1613019368634,6,1010123456017,75,,1,0,24,1,1,,18.3906,855,163635,4.30998,244,0,9.33333,,0,0,0,0,0,0,0,0,0,,3000,2976,,0,0,0,0
1613019368884,6,1010123456017,75,,1,0,24,1,1,,17.5845,840,169929,4.13748,243,0,8.5,,0.1,38,0,0.1,12,33.3333,0,4.95761,31,,3000,3000,,0,0,0,4.42105
1613019369134,6,1010123456017,75,,1,0,24,1,1,,17.711,858,160026,4.38949,245,0,10.4,,0,0,0,0,0,0,0,0,0,,3000,2988,,0,0,0,0
1613019369384,6,1010123456017,75,,1,0,24,1,1,,9.84965,858,183516,2.20533,245,0,6.5,,0,0,0,0,0,0,0,0,0,,3000,3000,,0,0,0,0
1613019369634,6,1010123456017,75,,1,0,24,1,1,,15.8243,848,177641,4.04026,241,0,8,,0,6,0,0.1,2,50,0,0,31,,3000,3000,,0,0,0,0
1613019369884,6,1010123456017,75,,1,0,24,1,1,,13.3017,842,183541,2.70394,244,0,8.25,,0.1,31,0,0.1,9,0,0,1.28292,31,,3000,2994,,0,0,0,1.3871
1613019370134,6,1010123456017,75,,1,0,24,1,1,,14.7979,861,183789,3.10368,246,0,7.83333,,0,0,0,0,0,0,0,0,0,,3000,2988,,0,0,0,0
1613019370384,6,1010123456017,75,,1,0,24,1,1,,12.8021,849,183253,2.7254,244,0,7,,0.1,4,0,0.1,1,0,0,1.81162,31,,3000,3000,,0,0,0,2
1613019370634,6,1010123456017,75,,1,0,24,1,1,,16.1082,850,183625,3.34843,244,0,8.66667,,0,0,0,0,0,0,0,0,0,,3000,3000,,0,0,0,0
1613019370884,6,1010123456017,75,,1,0,24,1,1,,14.3216,849,183461,3.055,243,0,7.5,,5.29412,34,0,0.1,10,50,0,7.46911,31,,3000,3000,,0,0,0,5.32353
1613019371134,6,1010123456017,75,,1,0,24,1,1,,19.293,867,155887,4.81851,248,0,10,,0,0,0,0,0,0,0,0,0,,3000,2994,,0,0,0,0
1613019371384,6,1010123456017,75,,1,0,24,1,1,,14.231,857,183325,3.00884,246,0,7.57143,,0.1,4,0,0.1,1,0,0,0.542177,31,,3000,3000,,0,0,0,4
1613019371634,6,1010123456017,75,,1,0,24,1,1,,13.7021,846,183186,2.83001,244,0,7.83333,,0,0,0,0,0,0,0,0,0,,3000,3000,,0,0,0,0
1613019371884,6,1010123456017,75,,1,0,24,1,1,,14.5141,850,182982,3.11425,243,0,8.33333,,0.1,36,0,0.1,11,27.2727,0,1.46708,31,,3000,2994,,0,0,0,3.63889
1613019372134,6,1010123456017,75,,1,0,24,1,1,,13.5477,838,183445,2.75807,241,0,7.8,,0,0,0,0,0,0,0,0,0,,3000,3000,,0,0,0,0
1613019372384,6,1010123456017,75,,1,0,24,1,1,,10.5076,851,183362,2.31727,245,0,5.85714,,0,3,0,0.1,1,0,0,0,31,,3000,3000,,0,0,0,0
1613019372634,6,1010123456017,75,,1,0,24,1,1,,17.7668,849,172237,3.91682,243,0,9.5,,0,0,0,0,0,0,0,0,0,,3000,3000,,0,0,0,0
1613019372884,6,1010123456017,75,,1,0,24,1,1,,8.2248,863,182988,1.96842,247,0,4.66667,,9.61905,21,0,0.1,7,57.1429,0,16.0064,31,,3000,2976,,0,0,0,5.71429
1613019373134,6,1010123456017,75,,1,0,24,1,1,,15.6839,851,177591,3.52514,244,0,8.5,,0,0,0,0,0,0,0,0,0,,3000,2994,,0,0,0,0
1613019373384,6,1010123456017,75,,1,0,24,1,1,,21.2024,850,138181,5.32228,246,0,11.1429,,0,0,0,0,0,0,0,0,0,,3000,2994,,0,0,0,0
1613019373634,6,1010123456017,75,,1,0,24,1,1,,16.2785,851,157642,3.63258,242,0,7.6,,0,0,0,0,0,0,0,0,0,,3000,3000,,0,0,0,0
1613019373884,6,1010123456017,75,,1,0,24,1,1,,12.6277,838,183765,2.62708,244,0,7.33333,,15.3564,101,0,0.115149,32,87.5,0,5.221,31,,3000,3000,,0,0,0,8.66337
1613019374134,6,1010123456017,75,,1,0,24,1,1,,13.1916,856,182802,2.75078,246,0,7.16667,,0,0,0,0,0,0,0,0,0,,3000,2994,,0,0,0,0
1613019374384,6,1010123456017,75,,1,0,24,1,1,,14.9658,847,175970,3.6169,244,0,8.28571,,0,0,0,0,0,0,0,0,0,,3000,3000,,0,0,0,0
1613019374634,6,1010123456017,75,,1,0,24,1,1,,13.5158,853,183279,2.98487,244,0,6.66667,,0,0,0,0,0,0,0,0,0,,3000,2994,,0,0,0,0
1613019374884,6,1010123456017,75,,1,0,24,1,1,,12.6147,846,183315,2.98088,244,0,6.83333,,0.1,36,0,0.1,10,20,0,1.06042,31,,3000,3000,,0,0,0,3.47222
1613019375134,6,1010123456017,75,,1,0,24,1,1,,17.2922,859,178607,3.80167,245,0,9.2,,0,6,0,0.1,2,0,0,0,31,,3000,3000,,0,0,0,0
1613019375384,6,1010123456017,75,,1,0,24,1,1,,11.0945,847,183769,2.42255,241,0,5.16667,,0,0,0,0,0,0,0,0,0,,3000,2985,,0,0,0,0
1613019375634,6,1010123456017,75,,1,0,24,1,1,,13.9907,860,182570,3.11592,245,0,8.5,,15,4,0,0,1,100,0,0.951252,0,,3000,2979,,0,0,0,10
1613019375884,6,1010123456017,75,,1,0,24,1,1,,15.1692,845,165399,3.50496,244,0,8.16667,,9.5,48,0,0.1,14,50,0,9.57143,31,,3000,2994,,0,0,0,5.66667
1613019376134,6,1010123456017,75,,1,0,24,1,1,,15.9056,847,183508,3.28141,242,0,8.33333,,0,0,0,0,0,0,0,0,0,,3000,3000,,0,0,0,0
1613019376384,6,1010123456017,75,,1,0,24,1,1,,12.7721,860,183013,2.74885,246,0,7.33333,,0,0,0,0,0,0,0,0,0,,3000,2994,,0,0,0,0
1613019376634,6,1010123456017,75,,1,0,24,1,1,,10.5195,847,183159,2.26002,243,0,6,,0.1,4,0,0.1,1,0,0,1.10967,31,,3000,2976,,0,0,0,2
1613019376884,6,1010123456017,75,,1,0,24,1,1,,17.0186,861,178858,4.04257,247,0,9.16667,,3.91304,46,0,0.1,13,61.5385,0,7.85464,31,,3000,3000,,0,0,0,6.47826
1613019377134,6,1010123456017,75,,1,0,24,1,1,,15.2596,859,183598,3.52058,246,0,8.16667,,0,0,0,0,0,0,0,0,0,,3000,3000,,0,0,0,0
1613019377384,6,1010123456017,75,,1,0,24,1,1,,12.2668,847,183881,2.64662,244,0,7.6,,15,17,0,0.1,5,80,0,8.55407,31,,3000,3000,,0,0,0,7.88235
1613019377634,6,1010123456017,75,,1,0,24,1,1,,8.93627,863,184316,2.35068,245,0,5.2,,0,0,0,0,0,0,0,0,0,,3000,2991,,0,0,0,0
1613019377884,6,1010123456017,75,,1,0,24,1,1,,14.8855,847,162153,3.55463,244,0,8.5,,3.82353,51,0,0.1,15,73.3333,0,2.64521,31,,3000,3000,,0,0,0,8.11765
1613019378134,6,1010123456017,75,,1,0,24,1,1,,5.92715,851,183463,1.32212,243,0,4,,0,0,0,0,0,0,0,0,0,,3000,3000,,0,0,0,0
1613019378384,6,1010123456017,75,,1,0,24,1,1,,20.9066,846,153804,5.03794,244,0,10.4286,,0.1,7,0,0.1,2,0,0,14.6329,31,,3000,2994,,0,0,0,1
1613019378634,6,1010123456017,75,,1,0,24,1,1,,17.8077,858,155735,4.089,246,0,9.16667,,11.8421,19,0,0.1,6,66.6667,0,11.5197,31,,3000,2988,,0,0,0,6.68421
1613019378884,6,1010123456017,75,,1,0,24,1,1,,14.1814,849,182728,3.09921,243,0,7.5,,6.53846,39,0,0.1,12,66.6667,0,7.08368,31,,3000,3000,,0,0,0,7.30769
1613019379134,6,1010123456017,75,,1,0,24,1,1,,15.7365,854,183631,3.37131,244,0,8.33333,,0,0,0,0,0,0,0,0,0,,3000,3000,,0,0,0,0
1613019379384,6,1010123456017,75,,1,0,24,1,1,,12.877,854,183032,2.80627,245,0,7.28571,,0,2,0,0.1,1,0,0,0,31,,3000,3000,,0,0,0,0
1613019379634,6,1010123456017,75,,1,0,24,1,1,,16.2926,851,182940,3.47643,244,0,8.33333,,0,0,0,0,0,0,0,0,0,,3000,3000,,0,0,0,0
1613019379884,6,1010123456017,75,,1,0,24,1,1,,15.8133,857,183245,3.33757,246,0,8.33333,,11.1667,24,0,0.1,7,57.1429,0,18.6336,31,,3000,3000,,0,0,0,5.5
1613019380134,6,1010123456017,75,,1,0,24,1,1,,14.1548,872,183126,2.92733,249,0,7.8,,0,0,0,0,0,0,0,0,0,,3000,3000,,0,0,0,0
1613019380384,6,1010123456017,75,,1,0,24,1,1,,17.5861,860,181802,4.17552,245,0,8.66667,,0,0,0,0,0,0,0,0,0,,3000,2994,,0,0,0,0
1613019380634,6,1010123456017,75,,1,0,24,1,1,,17.2059,850,178642,3.91737,242,0,8.2,,0,0,0,0,0,0,0,0,0,,3000,3000,,0,0,0,0
1613019380884,6,1010123456017,75,,1,0,24,1,1,,14.7851,847,179035,3.16476,243,0,8.33333,,15,15,0,0.1,4,75,0,7.83688,31,,3000,3000,,0,0,0,8.2
1613019381134,6,1010123456017,75,,1,0,24,1,1,,15.1333,840,182663,3.17202,241,0,7.8,,5.45455,11,0,0.1,3,33.3333,0,1.69448,31,,3000,3000,,0,0,0,4.54545
1613019381384,6,1010123456017,75,,1,0,24,1,1,,18.0531,847,174020,4.01304,244,0,9.14286,,0,0,0,0,0,0,0,0,0,,3000,3000,,0,0,0,0
1613019381634,6,1010123456017,75,,1,0,24,1,1,,14.2326,860,183759,3.13706,245,0,6.83333,,0,0,0,0,0,0,0,0,0,,3000,3000,,0,0,0,0
1613019381884,6,1010123456017,75,,1,0,24,1,1,,13.5118,846,182878,2.71319,244,0,7.5,,6.66667,36,0,0.1,10,50,0,5.13499,31,,3000,3000,,0,0,0,6.22222
1613019382134,6,1010123456017,75,,1,0,24,1,1,,17.923,857,182606,3.82092,246,0,9,,0,0,0,0,0,0,0,0,0,,3000,3000,,0,0,0,0
1613019382384,6,1010123456017,75,,1,0,24,1,1,,14.8382,853,180810,3.01863,243,0,8.57143,,0,0,0,0,0,0,0,0,0,,3000,3000,,0,0,0,0
1613019382634,6,1010123456017,75,,1,0,24,1,1,,15.9756,859,183598,3.81462,246,0,7.2,,0,0,0,0,0,0,0,0,0,,3000,3000,,0,0,0,0
1613019382884,6,1010123456017,75,,1,0,24,1,1,,13.5376,852,182884,2.8453,244,0,6.6,,14.2105,19,0,0.1,6,66.6667,0,18.7388,31,,3000,2994,,0,0,0,6.68421
1613019383134,6,1010123456017,75,,1,0,24,1,1,,14.5128,860,183569,3.14194,245,0,7.2,,0,0,0,0,0,0,0,0,0,,3000,3000,,0,0,0,0
1613019383384,6,1010123456017,75,,1,0,24,1,1,,12.5772,868,182813,2.73131,248,0,6.83333,,0,3,0,0.1,1,0,0,0,31,,3000,2994,,0,0,0,0
1613019383634,6,1010123456017,75,,1,0,24,1,1,,14.9201,851,183182,3.27055,244,0,7.16667,,0,0,0,0,0,0,0,0,0,,3000,3000,,0,0,0,0
1613019383884,6,1010123456017,75,,1,0,24,1,1,,12.4645,859,183287,2.66114,246,0,7.5,,13.3256,43,0,0.1,13,69.2308,0,12.7528,31,,3000,2976,,0,0,0,6.93023
1613019384134,6,1010123456017,75,,1,0,24,1,1,,13.0999,851,184272,2.8462,244,0,6.6,,0,0,0,0,0,0,0,0,0,,3000,3000,,0,0,0,0
1613019384384,6,1010123456017,75,,1,0,24,1,1,,15.9684,855,166426,3.54227,245,0,9.2,,0,0,0,0,0,0,0,0,0,,3000,3000,,0,0,0,0
1613019384634,6,1010123456017,75,,1,0,24,1,1,,17.979,856,169230,4.08993,245,0,9.33333,,0,0,0,0,0,0,0,0,0,,3000,3000,,0,0,0,0
1613019384884,6,1010123456017,75,,1,0,24,1,1,,20.3775,853,147696,4.84161,245,0,10.1667,,0,24,0,0.1,8,50,0,0,31,,3000,3000,,0,0,0,0
1613019385134,6,1010123456017,75,,1,0,24,1,1,,17.0417,863,157822,3.79319,245,0,8.83333,,0,0,0,0,0,0,0,0,0,,3000,3000,,0,0,0,0
1613019385384,6,1010123456017,75,,1,0,24,1,1,,14.1828,859,183504,2.97173,247,0,7.85714,,0,15,0,0.1,5,80,0,0,31,,3000,2994,,0,0,0,0
1613019385634,6,1010123456017,75,,1,0,24,1,1,,14.4074,864,183944,3.0782,245,0,7.66667,,0,0,0,0,0,0,0,0,0,,3000,3000,,0,0,0,0
1613019385884,6,1010123456017,75,,1,0,24,1,1,,18.4291,846,172812,4.0765,245,0,9.5,,8.85714,49,0,0.1,14,57.1429,0,7.33261,31,,3000,3000,,0,0,0,6.44898
1613019386134,6,1010123456017,75,,1,0,24,1,1,,15.9953,859,181904,3.33745,246,0,8.2,,0,0,0,0,0,0,0,0,0,,3000,2958,,0,0,0,0
1613019386384,6,1010123456017,75,,1,0,24,1,1,,9.69293,863,184196,2.33002,246,0,4.66667,,0,0,0,0,0,0,0,0,0,,3000,3000,,0,0,0,0
1613019386634,6,1010123456017,75,,1,0,24,1,1,,16.6231,857,147499,4.14002,244,0,10.6,,0,0,0,0,0,0,0,0,0,,3000,2994,,0,0,0,0
1613019386885,6,1010123456017,75,,1,0,24,1,1,,17.3251,846,161177,3.68083,246,0,8.8,,5.625,40,0,0.1,12,33.3333,0,6.23079,31,,3012,3000,,0,0,0,3.85
1613019387134,6,1010123456017,75,,1,0,24,1,1,,13.0793,857,183461,2.65921,244,0,7.2,,0,3,0,0.1,1,0,0,0,31,,2988,2988,,0,0,0,0
1613019387384,6,1010123456017,75,,1,0,24,1,1,,15.736,856,171354,3.60325,245,0,8.28571,,0,0,0,0,0,0,0,0,0,,3000,3000,,0,0,0,0
1613019387634,6,1010123456017,75,,1,0,24,1,1,,15.6317,858,182670,3.28424,246,0,8.2,,0.1,7,0,0.1,2,0,0,2.95426,31,,3000,3000,,0,0,0,1
1613019387884,6,1010123456017,75,,1,0,24,1,1,,16.6494,850,183665,3.55152,245,0,8.66667,,11.6667,18,0,0.1,5,80,0,6.72218,31,,3000,2994,,0,0,0,8
1613019388134,6,1010123456017,75,,1,0,24,1,1,,12.5064,857,183625,2.61443,246,0,7,,0,0,0,0,0,0,0,0,0,,3000,2994,,0,0,0,0
1613019388384,6,1010123456017,75,,1,0,24,1,1,,12.9329,850,183039,2.87666,244,0,7,,5.89091,55,0,0.1,17,70.5882,0,7.87726,31,,3000,3000,,0,0,0,6.89091
1613019388634,6,1010123456017,75,,1,0,24,1,1,,15.1399,858,183917,3.42869,246,0,8.8,,0.1,4,0,0.1,1,0,0,25.5486,31,,3000,3000,,0,0,0,1
1613019388884,6,1010123456017,75,,1,0,24,1,1,,7.6292,863,183222,1.95843,248,0,5.4,,7.91667,36,0,0.1,10,40,0,6.18311,31,,3000,2919,,0,0,0,5.61111
1613019389134,6,1010123456017,75,,1,0,24,1,1,,13.307,860,183190,2.83001,244,0,7.33333,,0,0,0,0,0,0,0,0,0,,3000,3000,,0,0,0,0
1613019389384,6,1010123456017,75,,1,0,24,1,1,,18.0328,855,184097,4.11133,247,0,9.28572,,0,0,0,0,0,0,0,0,0,,3000,2994,,0,0,0,0
1613019389634,6,1010123456017,75,,1,0,24,1,1,,13.0789,849,183913,2.66092,241,0,7.4,,0,0,0,0,0,0,0,0,0,,3000,3000,,0,0,0,0
1613019389884,6,1010123456017,75,,1,0,24,1,1,,13.4007,861,182826,2.94888,248,0,7.33333,,6.85714,35,0,0.1,10,50,0,3.83964,31,,3000,3000,,0,0,0,5.88571
1613019390134,6,1010123456017,75,,1,0,24,1,1,,20.0562,855,155431,4.78448,245,0,9.75,,0.1,4,0,0.1,1,0,0,4.30756,31,,3000,3000,,0,0,0,1
1613019390384,6,1010123456017,75,,1,0,24,1,1,,14.3279,857,183929,3.32533,247,0,6.4,,0,0,0,0,0,0,0,0,0,,3000,2994,,0,0,0,0
1613019390634,6,1010123456017,75,,1,0,24,1,1,,8.8247,850,182812,1.87255,243,0,6.8,,0.1,7,0,0.1,2,0,0,16.5035,31,,3000,3000,,0,0,0,1.85714
1613019390887,6,1010123456017,75,,1,0,24,1,1,,13.9408,844,183186,3.00184,246,0,7.33333,,12.84,25,146134,0.1,8,75,0,8.97066,31,,3024,3024,,0,0,0,7.48
1613019391134,6,1010123456017,75,,1,0,24,1,1,,13.9558,838,183377,2.9222,243,0,7.5,,7.81395,86,0,0.1,27,70.3704,0,3.5582,31,,2976,2970,,0,0,0,7.83721
1613019391384,6,1010123456017,75,,1,0,24,1,1,,7.32029,843,182647,1.60967,243,0,5.83333,,0,0,0,0,0,0,0,0,0,,3000,2970,,0,0,0,0
1613019391634,6,1010123456017,75,,1,0,24,1,1,,13.8431,867,182930,2.93292,247,0,7.33333,,0.1,10,0,0.1,3,0,0,11.4941,31,,3000,3000,,0,0,0,1
1613019391884,6,1010123456017,75,,1,0,24,1,1,,14.6287,843,183393,3.11666,246,0,8,,15.5128,39,0,0.1,10,80,0,10.7565,31,,3000,3000,,0,0,0,8.38461
1613019392134,6,1010123456017,75,,1,0,24,1,1,,12.0588,850,170637,2.86657,244,0,7.4,,0,0,0,0,0,0,0,0,0,,3000,3000,,0,0,0,0
1613019392384,6,1010123456017,75,,1,0,24,1,1,,15.1895,855,182233,3.27602,246,0,8.14286,,0.1,4,0,0.1,1,0,0,26.9483,31,,3000,2988,,0,0,0,1
1613019392634,6,1010123456017,75,,1,0,24,1,1,,17.1535,847,170437,3.80684,240,0,9,,0,12,0,0,4,100,0,0,0,,3000,2994,,0,0,0,0
1613019392884,6,1010123456017,75,,1,0,24,1,1,,16.0071,850,183177,3.41783,244,0,8.5,,5.71429,42,0,0.1,12,33.3333,0,4.10264,31,,3000,3000,,0,0,0,4.64286
1613019393134,6,1010123456017,75,,1,0,24,1,1,,15.5671,850,183169,3.26895,242,0,8.16667,,0.1,4,0,0.1,1,0,0,1.15027,31,,3000,3000,,0,0,0,2
1613019393384,6,1010123456017,75,,1,0,24,1,1,,9.97902,858,183887,2.0978,246,0,6.14286,,0,0,0,0,0,0,0,0,0,,3000,3000,,0,0,0,0
1613019393634,6,1010123456017,75,,1,0,24,1,1,,15.5474,855,182756,3.28533,244,0,8.33333,,0.1,4,0,0.1,1,0,0,26.8673,31,,3000,2994,,0,0,0,1
1613019393884,6,1010123456017,75,,1,0,24,1,1,,18.8555,851,164452,4.5253,244,0,9.66667,,9.14286,42,0,0.1,11,72.7273,0,3.8028,31,,3000,3000,,0,0,0,7.85714
1613019394134,6,1010123456017,75,,1,0,24,1,1,,14.171,854,184156,2.88781,243,0,7.66667,,0,6,0,0.1,2,50,0,0,0,,3000,2994,,0,0,0,0
1613019394384,6,1010123456017,75,,1,0,24,1,1,,14.2117,855,184064,2.95624,245,0,7.83333,,0,3,0,0.1,1,0,0,0,31,,3000,3000,,0,0,0,0
1613019394634,6,1010123456017,75,,1,0,24,1,1,,17.3763,845,161161,4.11794,239,0,8.83333,,0,0,0,0,0,0,0,0,0,,3000,3000,,0,0,0,0
1613019394884,6,1010123456017,75,,1,0,24,1,1,,13.6176,850,183306,2.98146,242,0,7,,15.7895,19,0,0.1,6,66.6667,0,19.0184,31,,3000,2988,,0,0,0,6.68421
1613019395134,6,1010123456017,75,,1,0,24,1,1,,12.0988,860,183026,2.43348,246,0,7.4,,0,0,0,0,0,0,0,0,0,,3000,2994,,0,0,0,0
1613019395384,6,1010123456017,75,,1,0,24,1,1,,10.1741,856,183509,2.09227,246,0,6,,0,12,0,0,4,100,0,0,0,,3000,3000,,0,0,0,0
1613019395635,6,1010123456017,75,,1,0,24,1,1,,11.8644,870,183525,2.51213,248,0,6.33333,,0,0,0,0,0,0,0,0,0,,3000,3000,,0,0,0,0
1613019395884,6,1010123456017,75,,1,0,24,1,1,,14.529,862,183389,2.97356,248,0,8.4,,13.5185,27,0,0.1,7,57.1429,0,18.4452,31,,3000,3000,,0,0,0,6.33333
1613019396134,6,1010123456017,75,,1,0,24,1,1,,14.5462,855,182566,3.14708,245,0,7.5,,0,0,0,0,0,0,0,0,0,,3000,3000,,0,0,0,0
1613019396384,6,1010123456017,75,,1,0,24,1,1,,14.8089,853,182706,3.09606,245,0,7.85714,,0,12,0,0,4,100,0,0,0,,3000,3000,,0,0,0,0
1613019396634,6,1010123456017,75,,1,0,24,1,1,,12.3615,841,177315,2.56408,241,0,7.33333,,0,3,0,0.1,1,0,0,0,31,,3000,3000,,0,0,0,0
1613019396884,6,1010123456017,75,,1,0,24,1,1,,16.1424,857,183248,3.63569,245,0,8.16667,,9.54545,22,0,0.1,6,66.6667,0,6.83075,0,,3000,2982,,0,0,0,6.72727
1613019397134,6,1010123456017,75,,1,0,24,1,1,,16.993,853,175497,3.83094,244,0,8.83333,,0,0,0,0,0,0,0,0,0,,3000,3000,,0,0,0,0
1613019397384,6,1010123456017,75,,1,0,24,1,1,,12.6558,860,183731,2.73378,245,0,7,,0,0,0,0,0,0,0,0,0,,3000,3000,,0,0,0,0
1613019397634,6,1010123456017,75,,1,0,24,1,1,,18.9577,851,162557,4.39666,242,0,9.66667,,0,12,0,0,4,100,0,0,0,,3000,3000,,0,0,0,0
1613019397884,6,1010123456017,75,,1,0,24,1,1,,15.1447,836,171744,3.15843,244,0,8.66667,,4.89796,49,0,0.1,14,28.5714,0,5.30402,31,,3000,2994,,0,0,0,4
1613019398134,6,1010123456017,75,,1,0,24,1,1,,15.2037,859,183759,3.40347,245,0,8,,0,0,0,0,0,0,0,0,0,,3000,2994,,0,0,0,0
1613019398384,6,1010123456017,75,,1,0,24,1,1,,20.2822,854,163091,4.70512,245,0,10,,0.1,4,0,0.1,1,0,0,1.33399,31,,3000,3000,,0,0,0,1
1613019398634,6,1010123456017,75,,1,0,24,1,1,,15.2936,855,181971,3.57427,245,0,7.66667,,0,0,0,0,0,0,0,0,0,,3000,2988,,0,0,0,0
1613019398884,6,1010123456017,75,,1,0,24,1,1,,16.1397,852,184070,3.37545,245,0,8.33333,,14.9545,22,0,0.1,7,57.1429,0,19.7089,31,,3000,2994,,0,0,0,6.31818
1613019399134,6,1010123456017,75,,1,0,24,1,1,,18.2561,863,183135,4.18053,247,0,9.2,,0,0,0,0,0,0,0,0,0,,3000,2994,,0,0,0,0
1613019399384,6,1010123456017,75,,1,0,24,1,1,,17.9113,846,182387,3.69706,243,0,9,,15,16,0,0,4,100,0,0.356603,0,,3000,2994,,0,0,0,10
1613019399634,6,1010123456017,75,,1,0,24,1,1,,13.8193,858,182871,2.81475,245,0,7.33333,,0,3,0,0.1,1,0,0,0,31,,3000,3000,,0,0,0,0
1613019399884,6,1010123456017,75,,1,0,24,1,1,,14.8495,837,170785,3.36476,244,0,8,,15.6092,87,0,0.1,30,86.6667,0,5.44295,31,,3000,2988,,0,0,0,8.68966
1613019400134,6,1010123456017,75,,1,0,24,1,1,,12.5006,857,183692,2.49751,243,0,6.83333,,0.1,4,0,0.1,1,0,0,0.1,31,,3000,2994,,0,0,0,2
1613019400384,6,1010123456017,75,,1,0,24,1,1,,18.1015,857,172976,4.04514,245,0,9.14286,,0,0,0,0,0,0,0,0,0,,3000,3000,,0,0,0,0
1613019400634,6,1010123456017,75,,1,0,24,1,1,,15.2021,856,184060,3.25616,244,0,8.33333,,0,3,0,0.1,1,0,0,0,31,,3000,2988,,0,0,0,0
1613019400884,6,1010123456017,75,,1,0,24,1,1,,16.5837,836,172728,3.56466,244,0,9.16667,,8.91177,34,0,0.1,10,40,0,6.93028,31,,3000,2970,,0,0,0,4.82353
1613019401134,6,1010123456017,75,,1,0,24,1,1,,16.8179,851,182493,3.6702,241,0,8.5,,0,6,0,0.1,2,50,0,0,31,,3000,3000,,0,0,0,0
1613019401384,6,1010123456017,75,,1,0,24,1,1,,16.6202,853,171661,3.90464,244,0,8.42857,,0,0,0,0,0,0,0,0,0,,3000,3000,,0,0,0,0
1613019401634,6,1010123456017,75,,1,0,24,1,1,,12.8308,851,183432,2.49404,243,0,7.33333,,0,0,0,0,0,0,0,0,0,,3000,3000,,0,0,0,0
1613019401884,6,1010123456017,75,,1,0,24,1,1,,15.6608,858,183137,3.33873,246,0,8.16667,,1.36364,33,0,0.1,9,0,0,9.21769,31,,3000,3000,,0,0,0,1.48485
1613019402134,6,1010123456017,75,,1,0,24,1,1,,10.4199,855,183890,2.175,245,0,6,,0,0,0,0,0,0,0,0,0,,3000,2982,,0,0,0,0
1613019402384,6,1010123456017,75,,1,0,24,1,1,,15.5509,855,170741,3.5458,245,0,9,,12.5,24,0,0.1,7,57.1429,0,15.3498,31,,3000,2970,,0,0,0,5.5
1613019402634,6,1010123456017,75,,1,0,24,1,1,,17.075,867,177730,4.0667,248,0,8.16667,,15,4,0,0.1,1,0,0,31.5232,31,,3000,2994,,0,0,0,1
1613019402884,6,1010123456017,75,,1,0,24,1,1,,13.8333,822,184159,2.86876,242,0,7.66667,,11.55,20,0,0.1,6,66.6667,0,12.853,0,,3000,2994,,0,0,0,6.85
1613019403134,6,1010123456017,75,,1,0,24,1,1,,11.645,862,183361,2.59309,246,0,7.2,,0,0,0,0,0,0,0,0,0,,3000,2994,,0,0,0,0
1613019403384,6,1010123456017,75,,1,0,24,1,1,,18.0234,856,155361,4.30043,245,0,8.83333,,0,0,0,0,0,0,0,0,0,,3000,2988,,0,0,0,0
1613019403634,6,1010123456017,75,,1,0,24,1,1,,17.4064,849,163748,3.9324,244,0,9,,15,4,0,0.1,1,0,0,31.2587,31,,3000,2988,,0,0,0,1
1613019403884,6,1010123456017,75,,1,0,24,1,1,,15.7079,856,179465,3.71782,247,0,7.6,,14.881,42,0,0.1,12,66.6667,0,15.5759,31,,3000,3000,,0,0,0,7
1613019404134,6,1010123456017,75,,1,0,24,1,1,,18.1605,860,161045,4.22988,245,0,10,,0,3,0,0.1,1,0,0,0,31,,3000,2994,,0,0,0,0
1613019404384,6,1010123456017,75,,1,0,24,1,1,,16.4605,860,175940,3.85404,245,0,8.57143,,0,0,0,0,0,0,0,0,0,,3000,3000,,0,0,0,0
1613019404634,6,1010123456017,75,,1,0,24,1,1,,15.6865,858,183253,3.25388,245,0,7.75,,0,12,0,0,4,100,0,0,0,,3000,2988,,0,0,0,0
1613019404884,6,1010123456017,75,,1,0,24,1,1,,16.5192,859,174670,3.67978,247,0,9,,0.1,44,0,0.1,13,46.1538,0,0.827862,31,,3000,2994,,0,0,0,5.25
1613019405134,6,1010123456017,75,,1,0,24,1,1,,17.5347,851,182634,3.9759,244,0,9,,0,0,0,0,0,0,0,0,0,,3000,2988,,0,0,0,0
1613019405384,6,1010123456017,75,,1,0,24,1,1,,17.4238,840,176048,3.86477,243,0,9,,0,0,0,0,0,0,0,0,0,,3000,3000,,0,0,0,0
1613019405634,6,1010123456017,75,,1,0,24,1,1,,15.5871,855,176756,3.62622,244,0,7.83333,,0,0,0,0,0,0,0,0,0,,3000,3000,,0,0,0,0
1613019405884,6,1010123456017,75,,1,0,24,1,1,,16.3925,851,183989,3.73041,245,0,9,,0.1,45,0,0.1,13,23.0769,0,4.21224,31,,3000,3000,,0,0,0,4.11111
1613019406134,6,1010123456017,75,,1,0,24,1,1,,15.1538,852,171778,3.25452,243,0,8.16667,,0,0,0,0,0,0,0,0,0,,3000,3000,,0,0,0,0
1613019406384,6,1010123456017,75,,1,0,24,1,1,,9.23571,857,182273,2.09497,244,0,5.57143,,0,0,0,0,0,0,0,0,0,,3000,3000,,0,0,0,0
1613019406634,6,1010123456017,75,,1,0,24,1,1,,15.7605,860,176718,3.30895,247,0,8.5,,8.57143,7,0,0.1,2,0,0,29.5975,31,,3000,2946,,0,0,0,1
1613019406884,6,1010123456017,75,,1,0,24,1,1,,16.3022,847,178366,3.87798,246,0,8.16667,,15.3776,98,0,0.153799,31,80.6452,0,7.78888,31,,3000,2982,,0,0,0,8.30612
1613019407134,6,1010123456017,75,,1,0,24,1,1,,20.3019,858,121880,5.1548,247,0,10.4,,0,0,0,0,0,0,0,0,0,,3000,2994,,0,0,0,0
1613019407384,6,1010123456017,75,,1,0,24,1,1,,14.2773,851,160741,3.0588,245,0,7.42857,,0,0,0,0,0,0,0,0,0,,3000,2994,,0,0,0,0
1613019407634,6,1010123456017,75,,1,0,24,1,1,,12.8209,843,183094,2.92019,241,0,7.16667,,0,0,0,0,0,0,0,0,0,,3000,3000,,0,0,0,0
1613019407884,6,1010123456017,75,,1,0,24,1,1,,11.8099,847,183326,2.44421,244,0,6.6,,6,30,0,0.1,9,44.4444,0,11.5854,31,,3000,3000,,0,0,0,4.8
1613019408134,6,1010123456017,75,,1,0,24,1,1,,18.6788,853,169710,4.20328,243,0,9.5,,0,0,0,0,0,0,0,0,0,,3000,2994,,0,0,0,0
1613019408385,6,1010123456017,75,,1,0,24,1,1,,14.0232,863,180476,3.00912,247,0,8.33333,,0,0,0,0,0,0,0,0,0,,3000,3000,,0,0,0,0
1613019408634,6,1010123456017,75,,1,0,24,1,1,,19.4426,863,160218,4.90946,245,0,9.33333,,0,0,0,0,0,0,0,0,0,,3000,3000,,0,0,0,0
1613019408884,6,1010123456017,75,,1,0,24,1,1,,14.8606,861,182614,3.41073,247,0,7.66667,,4.42553,47,0,0.1,13,46.1538,0,3.78236,31,,3000,3000,,0,0,0,5.55319
1613019409134,6,1010123456017,75,,1,0,24,1,1,,13.0291,860,182398,3.00193,245,0,6.83333,,0,0,0,0,0,0,0,0,0,,3000,2988,,0,0,0,0
1613019409384,6,1010123456017,75,,1,0,24,1,1,,13.0863,857,183625,2.80806,245,0,7.42857,,0,0,0,0,0,0,0,0,0,,3000,3000,,0,0,0,0
1613019409634,6,1010123456017,75,,1,0,24,1,1,,15.7774,840,182090,3.27171,240,0,8.16667,,0,3,0,0.1,1,0,0,0,31,,3000,2994,,0,0,0,0
1613019409884,6,1010123456017,75,,1,0,24,1,1,,14.6828,845,183781,3.1137,246,0,8,,12.2826,46,0,0.1,15,80,0,11.3261,31,,3000,3000,,0,0,0,7.65217
1613019410134,6,1010123456017,75,,1,0,24,1,1,,15.8139,849,183365,3.34249,247,0,8.2,,0,0,0,0,0,0,0,0,0,,3000,2994,,0,0,0,0
1613019410384,6,1010123456017,75,,1,0,24,1,1,,11.9306,865,179265,2.30271,248,0,8,,0,0,0,0,0,0,0,0,0,,3000,3000,,0,0,0,0
1613019410634,6,1010123456017,75,,1,0,24,1,1,,15.033,849,184446,3.56154,243,0,7.2,,0.1,4,0,0.1,1,0,0,1.36166,31,,3000,2982,,0,0,0,2
1613019410884,6,1010123456017,75,,1,0,24,1,1,,16.6742,841,180804,3.84977,246,0,8.66667,,12.1429,21,0,0.1,6,66.6667,0,12.4285,31,,3000,2994,,0,0,0,6.57143
1613019411134,6,1010123456017,75,,1,0,24,1,1,,16.5035,852,182560,3.53398,243,0,8.83333,,0.1,10,0,0.1,3,0,0,9.44133,31,,3000,3000,,0,0,0,1
1613019411384,6,1010123456017,75,,1,0,24,1,1,,17.2822,861,184543,3.70259,247,0,8.85714,,0,0,0,0,0,0,0,0,0,,3000,2988,,0,0,0,0
1613019411634,6,1010123456017,75,,1,0,24,1,1,,17.0917,851,184022,3.84993,243,0,8.5,,15,16,0,0,4,100,0,1.12141,0,,3000,2979,,0,0,0,10
1613019411884,6,1010123456017,75,,1,0,24,1,1,,17.5226,861,167305,3.9672,247,0,10.2,,1.66667,36,0,0.1,10,10,0,9.51775,31,,3000,3000,,0,0,0,1.86111
1613019412134,6,1010123456017,75,,1,0,24,1,1,,19.6694,847,156725,4.44803,243,0,9.66667,,0,0,0,0,0,0,0,0,0,,3000,3000,,0,0,0,0
1613019412384,6,1010123456017,75,,1,0,24,1,1,,10.5621,861,181379,2.39043,246,0,7,,0,0,0,0,0,0,0,0,0,,3000,3000,,0,0,0,0
1613019412634,6,1010123456017,75,,1,0,24,1,1,,15.3692,856,177014,3.97365,244,0,6.83333,,0,3,0,0.1,1,0,0,0,31,,3000,2994,,0,0,0,0
1613019412884,6,1010123456017,75,,1,0,24,1,1,,17.8614,837,158093,4.51833,243,0,10.3333,,16.45,20,0,0.1,6,66.6667,0,19.6193,31,,3000,3000,,0,0,0,6.85
1613019413134,6,1010123456017,75,,1,0,24,1,1,,15.5167,869,183029,3.35113,248,0,8.33333,,0,0,0,0,0,0,0,0,0,,3000,3000,,0,0,0,0
1613019413384,6,1010123456017,75,,1,0,24,1,1,,19.2096,854,172277,4.44755,244,0,9.57143,,0,0,0,0,0,0,0,0,0,,3000,3000,,0,0,0,0
1613019413634,6,1010123456017,75,,1,0,24,1,1,,15.5141,852,183548,3.26602,243,0,7.83333,,15,16,0,0,4,100,0,2.32331,0,,3000,2988,,0,0,0,10
1613019413884,6,1010123456017,75,,1,0,24,1,1,,12.7488,848,183065,2.58686,244,0,7,,1.27273,44,0,0.1,13,46.1538,0,6.76712,31,,3000,2994,,0,0,0,4.97727
1613019414134,6,1010123456017,75,,1,0,24,1,1,,16.6752,856,182743,3.71261,245,0,9,,0,0,0,0,0,0,0,0,0,,3000,3000,,0,0,0,0
1613019414384,6,1010123456017,75,,1,0,24,1,1,,19.7602,855,144466,4.86442,245,0,10.3333,,0,0,0,0,0,0,0,0,0,,3000,2988,,0,0,0,0
1613019414634,6,1010123456017,75,,1,0,24,1,1,,14.8841,863,157910,3.83261,246,0,7.33333,,0,3,0,0.1,1,0,0,0,31,,3000,3000,,0,0,0,0
1613019414884,6,1010123456017,75,,1,0,24,1,1,,15.669,846,157049,3.6568,244,0,8.33333,,0.1,39,0,0.1,11,18.1818,0,1.41542,31,,3000,2988,,0,0,0,3.48718
1613019415134,6,1010123456017,75,,1,0,24,1,1,,17.3005,862,170602,3.84549,245,0,8.5,,0.1,4,0,0.1,1,0,0,1.32559,31,,3000,3000,,0,0,0,1
1613019415385,6,1010123456017,75,,1,0,24,1,1,,14.7866,853,184169,3.14326,243,0,7.14286,,0,3,0,0.1,1,0,0,0,31,,3000,3000,,0,0,0,0
1613019415634,6,1010123456017,75,,1,0,24,1,1,,10.4082,850,182790,2.12948,244,0,7.16667,,0,0,0,0,0,0,0,0,0,,3000,3000,,0,0,0,0
1613019415884,6,1010123456017,75,,1,0,24,1,1,,20.379,839,157522,5.00296,245,0,9.8,,9.28571,21,0,0.1,6,66.6667,0,1.89307,31,,3000,2994,,0,0,0,6.7619
1613019416134,6,1010123456017,75,,1,0,24,1,1,,15.3478,851,183881,3.15023,243,0,8,,0,0,0,0,0,0,0,0,0,,3000,3000,,0,0,0,0
1613019416384,6,1010123456017,75,,1,0,24,1,1,,14.3986,853,183555,2.88996,246,0,7.85714,,0.1,4,0,0.1,1,0,0,0.379641,31,,3000,3000,,0,0,0,3
1613019416634,6,1010123456017,75,,1,0,24,1,1,,13.2919,860,182682,2.82757,244,0,7,,0,3,0,0.1,1,0,0,0,31,,3000,3000,,0,0,0,0
1613019416884,6,1010123456017,75,,1,0,24,1,1,,16.541,854,173967,3.74516,244,0,9,,0.1,47,0,0.1,14,28.5714,0,2.95183,31,,3000,3000,,0,0,0,4.10638
1613019417134,6,1010123456017,75,,1,0,24,1,1,,19.4276,842,157271,4.67036,243,0,9.83333,,0,0,0,0,0,0,0,0,0,,3000,3000,,0,0,0,0
1613019417384,6,1010123456017,75,,1,0,24,1,1,,16.7889,867,173253,3.753,248,0,8.66667,,0,3,0,0.1,1,0,0,0,31,,3000,3000,,0,0,0,0
1613019417634,6,1010123456017,75,,1,0,24,1,1,,17.4901,859,183461,3.75884,246,0,8.5,,0,0,0,0,0,0,0,0,0,,3000,3000,,0,0,0,0
1613019417884,6,1010123456017,75,,1,0,24,1,1,,12.4853,849,174506,2.61028,247,0,7,,9,10,0,0.1,3,0,0,31.1364,31,,3000,3000,,0,0,0,1
1613019418134,6,1010123456017,75,,1,0,24,1,1,,15.301,867,182273,3.38005,248,0,7.83333,,0,0,0,0,0,0,0,0,0,,3000,3000,,0,0,0,0
1613019418384,6,1010123456017,75,,1,0,24,1,1,,11.3052,852,182781,2.45134,246,0,6.71429,,0,0,0,0,0,0,0,0,0,,3000,3000,,0,0,0,0
1613019418634,6,1010123456017,75,,1,0,24,1,1,,12.0664,858,183098,2.67531,245,0,6.66667,,0,0,0,0,0,0,0,0,0,,3000,3000,,0,0,0,0
1613019418885,6,1010123456017,75,,1,0,24,1,1,,15.373,823,183150,3.15011,245,0,8.8,,6.63415,41,0,0.1,12,33.3333,0,6.62486,31,,3012,3000,,0,0,0,4.2439
1613019419134,6,1010123456017,75,,1,0,24,1,1,,12.2459,858,182714,2.54127,245,0,6.83333,,0,0,0,0,0,0,0,0,0,,2988,2988,,0,0,0,0
1613019419384,6,1010123456017,75,,1,0,24,1,1,,16.726,854,169908,4.08238,244,0,8.14286,,0,0,0,0,0,0,0,0,0,,3000,3000,,0,0,0,0
1613019419634,6,1010123456017,75,,1,0,24,1,1,,13.8343,857,183404,3.01873,246,0,7,,0,15,0,0.1,5,80,0,0,31,,3000,3000,,0,0,0,0
1613019419884,6,1010123456017,75,,1,0,24,1,1,,16.4251,814,183224,3.54278,237,0,9.16667,,11.9178,73,0,0.105574,23,65.2174,0,10.9856,31,,3000,3000,,0,0,0,7.08219
1613019420134,6,1010123456017,75,,1,0,24,1,1,,16.9501,842,177316,3.77076,239,0,9,,0,3,0,0.1,1,0,0,0,31,,3000,2994,,0,0,0,0
1613019420384,6,1010123456017,75,,1,0,24,1,1,,15.1659,856,173453,3.6481,245,0,8.33333,,0,0,0,0,0,0,0,0,0,,3000,3000,,0,0,0,0
1613019420634,6,1010123456017,75,,1,0,24,1,1,,15.3631,862,182858,3.28896,245,0,8.16667,,0,0,0,0,0,0,0,0,0,,3000,3000,,0,0,0,0
1613019420884,6,1010123456017,75,,1,0,24,1,1,,12.7248,854,183300,2.6232,247,0,7.16667,,6.81818,33,0,0.1,10,60,0,6.75645,31,,3000,2994,,0,0,0,6.54545
1613019421134,6,1010123456017,75,,1,0,24,1,1,,10.3974,853,183861,2.27319,245,0,5.66667,,0.1,17,0,0.1,5,60,0,0.700767,31,,3000,3000,,0,0,0,6.29412
1613019421385,6,1010123456017,75,,1,0,24,1,1,,17.5217,851,182518,3.73568,244,0,9,,0,0,0,0,0,0,0,0,0,,3000,3000,,0,0,0,0
1613019421634,6,1010123456017,75,,1,0,24,1,1,,17.2861,846,184189,3.74882,242,0,8.6,,0.1,4,0,0.1,1,0,0,1.23708,31,,3000,3000,,0,0,0,1
1613019421884,6,1010123456017,75,,1,0,24,1,1,,14.5006,843,183277,3.11351,244,0,7.83333,,13.5,46,0,0.1,13,61.5385,0,9.76189,31,,3000,2976,,0,0,0,6.47826
1613019422134,6,1010123456017,75,,1,0,24,1,1,,15.1034,851,161876,3.8472,244,0,8.4,,0,0,0,0,0,0,0,0,0,,3000,3000,,0,0,0,0
1613019422384,6,1010123456017,75,,1,0,24,1,1,,13.4883,854,182865,2.88016,245,0,7.42857,,0,0,0,0,0,0,0,0,0,,3000,3000,,0,0,0,0
1613019422634,6,1010123456017,75,,1,0,24,1,1,,17.4553,861,158234,4.28058,247,0,8.83333,,0.1,4,0,0.1,1,0,0,1.2478,31,,3000,3000,,0,0,0,2
1613019422884,6,1010123456017,75,,1,0,24,1,1,,14.3112,842,183159,3.23942,243,0,7.66667,,0,0,0,0,0,0,0,0,0,,3000,2994,,0,0,0,0
1613019423134,6,1010123456017,75,,1,0,24,1,1,,14.358,866,183350,3.05041,248,0,7.66667,,7.27273,33,0,0.1,9,44.4444,0,6.1912,31,,3000,3000,,0,0,0,5.45455
1613019423384,6,1010123456017,75,,1,0,24,1,1,,13.5322,855,183190,2.86194,246,0,7.57143,,0,0,0,0,0,0,0,0,0,,3000,3000,,0,0,0,0
1613019423634,6,1010123456017,75,,1,0,24,1,1,,13.3161,851,184372,2.97613,244,0,6.33333,,0,6,0,0.1,2,0,0,0,31,,3000,2994,,0,0,0,0
1613019423884,6,1010123456017,75,,1,0,24,1,1,,13.0491,855,183151,2.66024,244,0,7.83333,,1.11628,43,0,0.1,12,8.33333,0,7.69778,31,,3000,3000,,0,0,0,1.81395
1613019424134,6,1010123456017,75,,1,0,24,1,1,,16.5479,856,183007,3.53597,245,0,8.66667,,0,12,0,0,4,100,0,0,0,,3000,3000,,0,0,0,0
1613019424384,6,1010123456017,75,,1,0,24,1,1,,12.3679,859,183200,2.69192,246,0,6.71429,,0,0,0,0,0,0,0,0,0,,3000,3000,,0,0,0,0
1613019424634,6,1010123456017,75,,1,0,24,1,1,,4.36721,866,182634,1.00549,248,0,5,,0,0,0,0,0,0,0,0,0,,3000,3000,,0,0,0,0
1613019424884,6,1010123456017,75,,1,0,24,1,1,,18.9516,847,178451,4.30288,245,0,9.5,,11.1429,14,0,0.1,4,0,0,32.9879,31,,3000,3000,,0,0,0,1
1613019425134,6,1010123456017,75,,1,0,24,1,1,,12.1773,863,183642,2.59576,245,0,6.8,,0,12,0,0,4,100,0,0,0,,3000,2994,,0,0,0,0
1613019425384,6,1010123456017,75,,1,0,24,1,1,,17.2814,860,183346,3.69806,246,0,8.85714,,0,0,0,0,0,0,0,0,0,,3000,3000,,0,0,0,0
1613019425634,6,1010123456017,75,,1,0,24,1,1,,5.92636,842,184207,1.44096,242,0,4.33333,,0,0,0,0,0,0,0,0,0,,3000,3000,,0,0,0,0
1613019425884,6,1010123456017,75,,1,0,24,1,1,,12.3271,856,183772,2.63239,245,0,8.6,,3.72222,54,0,0.1,16,43.75,0,8.16814,31,,3000,2982,,0,0,0,5.55556
1613019426134,6,1010123456017,75,,1,0,24,1,1,,13.4472,852,171031,2.91226,244,0,7.16667,,0.1,4,0,0.1,1,0,0,1.6133,31,,3000,3000,,0,0,0,1
1613019426384,6,1010123456017,75,,1,0,24,1,1,,15.8271,862,184536,3.5786,248,0,8.14286,,0,0,0,0,0,0,0,0,0,,3000,2994,,0,0,0,0
1613019426634,6,1010123456017,75,,1,0,24,1,1,,10.5629,851,183633,2.11287,243,0,6.5,,0,0,0,0,0,0,0,0,0,,3000,2985,,0,0,0,0
1613019426884,6,1010123456017,75,,1,0,24,1,1,,15.2951,854,183050,3.22538,246,0,8,,4.64706,51,0,0.1,14,28.5714,0,8.49064,31,,3000,3000,,0,0,0,4.03922
1613019427134,6,1010123456017,75,,1,0,24,1,1,,17.092,848,184233,3.55059,240,0,8.83333,,0,0,0,0,0,0,0,0,0,,3000,3000,,0,0,0,0
1613019427384,6,1010123456017,75,,1,0,24,1,1,,16.0457,854,183633,3.41793,243,0,8.57143,,0,3,0,0.1,1,0,0,0,31,,3000,3000,,0,0,0,0
1613019427634,6,1010123456017,75,,1,0,24,1,1,,18.1296,849,176798,4.05635,242,0,9.16667,,0,9,0,0.1,3,66.6667,0,0,31,,3000,3000,,0,0,0,0
1613019427884,6,1010123456017,75,,1,0,24,1,1,,17.1359,846,172381,3.96485,246,0,9.16667,,0.1,47,0,0.1,15,33.3333,0,3.01857,31,,3000,3000,,0,0,0,5.08511
1613019428134,6,1010123456017,75,,1,0,24,1,1,,14.6233,860,183765,2.99489,244,0,7.83333,,0,0,0,0,0,0,0,0,0,,3000,3000,,0,0,0,0
1613019428384,6,1010123456017,75,,1,0,24,1,1,,7.84332,868,183522,1.72135,249,0,5.4,,0,0,0,0,0,0,0,0,0,,3000,3000,,0,0,0,0
1613019428634,6,1010123456017,75,,1,0,24,1,1,,15.7251,862,182815,3.21687,245,0,8.5,,0,0,0,0,0,0,0,0,0,,3000,3000,,0,0,0,0
1613019428884,6,1010123456017,75,,1,0,24,1,1,,17.737,848,162105,4.20186,247,0,9.33333,,8.64,75,0,0.1,22,54.5455,0,8.94141,31,,3000,2976,,0,0,0,6.10667
1613019429134,6,1010123456017,75,,1,0,24,1,1,,13.067,851,182694,2.73478,244,0,7,,0,0,0,0,0,0,0,0,0,,3000,2970,,0,0,0,0
1613019429384,6,1010123456017,75,,1,0,24,1,1,,13.8906,850,182527,2.9574,245,0,7.16667,,0,0,0,0,0,0,0,0,0,,3000,3000,,0,0,0,0
1613019429635,6,1010123456017,75,,1,0,24,1,1,,15.4047,855,183550,3.26899,244,0,8.2,,15,12,0,0.1,3,66.6667,0,11.8639,31,,3000,3000,,0,0,0,7
1613019429884,6,1010123456017,75,,1,0,24,1,1,,13.3204,824,183131,2.69818,245,0,7.33333,,14.7,110,0,0.1,35,85.7143,0,4.93663,31,,3000,3000,,0,0,0,8.44546
1613019430134,6,1010123456017,75,,1,0,24,1,1,,16.6958,848,182986,3.53873,243,0,8.66667,,0,3,0,0.1,1,0,0,0,31,,3000,3000,,0,0,0,0
1613019430384,6,1010123456017,75,,1,0,24,1,1,,17.8653,854,180476,4.10214,245,0,10.3333,,0,0,0,0,0,0,0,0,0,,3000,3000,,0,0,0,0
1613019430634,6,1010123456017,75,,1,0,24,1,1,,17.7728,845,165230,4.41423,243,0,8.83333,,0,0,0,0,0,0,0,0,0,,3000,3000,,0,0,0,0
1613019430885,6,1010123456017,75,,1,0,24,1,1,,15.4656,857,183138,3.26944,246,0,8.16667,,0.1,38,0,0.1,10,10,0,7.1198,31,,3000,3000,,0,0,0,2.42105
1613019431134,6,1010123456017,75,,1,0,24,1,1,,17.4803,862,170210,3.95161,246,0,9,,0,0,0,0,0,0,0,0,0,,3000,3000,,0,0,0,0
1613019431384,6,1010123456017,75,,1,0,24,1,1,,13.4843,859,184055,3.19284,247,0,7.57143,,15,15,0,0,4,100,0,1.42661,0,,3000,3000,,0,0,0,10
1613019431634,6,1010123456017,75,,1,0,24,1,1,,12.1856,846,183751,2.86464,242,0,6.16667,,0.1,4,0,0.1,1,0,0,26.7544,31,,3000,2994,,0,0,0,1
1613019431884,6,1010123456017,75,,1,0,24,1,1,,13.7835,850,183611,2.70641,245,0,8,,3.86667,60,0,0.1,18,38.8889,0,9.04497,31,,3000,2952,,0,0,0,4.4
1613019432134,6,1010123456017,75,,1,0,24,1,1,,13.7771,857,183639,2.97224,243,0,7.5,,0,0,0,0,0,0,0,0,0,,3000,2994,,0,0,0,0
1613019432384,6,1010123456017,75,,1,0,24,1,1,,13.7485,859,183585,2.97745,245,0,7.57143,,0,0,0,0,0,0,0,0,0,,3000,2994,,0,0,0,0
1613019432634,6,1010123456017,75,,1,0,24,1,1,,16.1577,856,184329,3.48752,245,0,8.16667,,0,0,0,0,0,0,0,0,0,,3000,2994,,0,0,0,0
1613019432884,6,1010123456017,75,,1,0,24,1,1,,14.9148,857,183648,3.06641,246,0,8,,7.05882,34,0,0.1,9,44.4444,0,7.0178,31,,3000,2994,,0,0,0,5.44118
1613019433134,6,1010123456017,75,,1,0,24,1,1,,15.129,853,183746,3.50853,243,0,7.4,,0,0,0,0,0,0,0,0,0,,3000,3000,,0,0,0,0
1613019433384,6,1010123456017,75,,1,0,24,1,1,,14.4203,859,181830,3.03107,246,0,8,,0,3,0,0.1,1,0,0,0,31,,3000,3000,,0,0,0,0
1613019433634,6,1010123456017,75,,1,0,24,1,1,,16.6182,846,182994,3.77841,243,0,8.66667,,0,0,0,0,0,0,0,0,0,,3000,3000,,0,0,0,0
1613019433885,6,1010123456017,75,,1,0,24,1,1,,11.9089,867,183182,2.33741,248,0,6.5,,15,12,0,0,3,100,0,2.25402,0,,3000,3000,,0,0,0,10
1613019434135,6,1010123456017,75,,1,0,24,1,1,,15.2759,848,183098,3.14266,244,0,8.33333,,11.1111,27,0,0.1,7,71.4286,0,5.71002,31,,3000,3000,,0,0,0,7.77778
1613019434384,6,1010123456017,75,,1,0,24,1,1,,11.7518,854,183830,2.40511,243,0,6.71429,,0,0,0,0,0,0,0,0,0,,3000,3000,,0,0,0,0
1613019434634,6,1010123456017,75,,1,0,24,1,1,,15.4714,857,183402,3.2728,246,0,8.16667,,0,0,0,0,0,0,0,0,0,,3000,2994,,0,0,0,0
1613019434884,6,1010123456017,75,,1,0,24,1,1,,15.0024,846,182255,3.16681,243,0,8.2,,1.88235,34,0,0.1,10,20,0,7.30076,31,,3000,2994,,0,0,0,3.5
1613019435134,6,1010123456017,75,,1,0,24,1,1,,16.0638,862,182874,3.48668,247,0,8.6,,0.1,4,0,0.1,1,0,0,1.1962,31,,3000,2994,,0,0,0,7
1613019435384,6,1010123456017,75,,1,0,24,1,1,,10.823,853,182984,2.43823,246,0,6.28571,,0,0,0,0,0,0,0,0,0,,3000,3000,,0,0,0,0
1613019435634,6,1010123456017,75,,1,0,24,1,1,,19.1743,855,155443,4.752,244,0,10.3333,,0,0,0,0,0,0,0,0,0,,3000,3000,,0,0,0,0
1613019435884,6,1010123456017,75,,1,0,24,1,1,,14.1201,849,184009,3.21452,244,0,7.33333,,3.6,30,0,0.1,8,12.5,0,13.8906,31,,3000,3000,,0,0,0,2.2
1613019436134,6,1010123456017,75,,1,0,24,1,1,,13.9837,859,167893,3.063,246,0,7.66667,,0,0,0,0,0,0,0,0,0,,3000,3000,,0,0,0,0
1613019436384,6,1010123456017,75,,1,0,24,1,1,,12.1865,858,183353,2.80106,247,0,7.28571,,0,0,0,0,0,0,0,0,0,,3000,2994,,0,0,0,0
1613019436634,6,1010123456017,75,,1,0,24,1,1,,16.7774,858,183761,3.61539,245,0,8.33333,,15,4,0,0.1,1,0,0,26.8161,31,,3000,3000,,0,0,0,1
1613019436884,6,1010123456017,75,,1,0,24,1,1,,15.46,837,162842,3.4445,246,0,8,,14.9565,92,0,0.123149,29,82.7586,0,7.24742,31,,3000,3000,,0,0,0,8.1413
1613019437134,6,1010123456017,75,,1,0,24,1,1,,16.4035,850,177627,3.77552,241,0,8.33333,,0,0,0,0,0,0,0,0,0,,3000,3000,,0,0,0,0
1613019437384,6,1010123456017,75,,1,0,24,1,1,,15.6639,854,183470,3.62281,244,0,8,,0,0,0,0,0,0,0,0,0,,3000,3000,,0,0,0,0
1613019437634,6,1010123456017,75,,1,0,24,1,1,,12.8432,848,183178,2.53269,242,0,7,,0.1,4,0,0.1,1,0,0,0.895765,31,,3000,3000,,0,0,0,6
1613019437884,6,1010123456017,75,,1,0,24,1,1,,17.5176,854,177070,4.09542,246,0,9.66667,,0.1,30,0,0.1,8,0,0,8.97971,31,,3000,2994,,0,0,0,1
1613019438134,6,1010123456017,75,,1,0,24,1,1,,13.4146,849,183207,2.86882,244,0,7.33333,,0,0,0,0,0,0,0,0,0,,3000,3000,,0,0,0,0
1613019438384,6,1010123456017,75,,1,0,24,1,1,,12.4716,863,180870,2.64839,247,0,7.5,,11.25,16,0,0.1,5,80,0,1.0296,31,,3000,2994,,0,0,0,8.5
1613019438634,6,1010123456017,75,,1,0,24,1,1,,15.0973,843,182722,3.3334,242,0,7.4,,0.1,4,0,0.1,1,0,0,2.12112,31,,3000,2958,,0,0,0,1
1613019438884,6,1010123456017,75,,1,0,24,1,1,,10.9237,826,183204,2.32855,244,0,6,,2.83544,79,0,0.1,23,47.8261,0,4.2266,31,,3000,2988,,0,0,0,6.21519
1613019439134,6,1010123456017,75,,1,0,24,1,1,,16.1625,843,182992,3.56157,242,0,8.83333,,0.1,4,0,0.1,1,0,0,1.93905,31,,3000,3000,,0,0,0,2
1613019439384,6,1010123456017,75,,1,0,24,1,1,,9.3267,854,179993,1.92877,245,0,7.16667,,0,0,0,0,0,0,0,0,0,,3000,3000,,0,0,0,0
1613019439634,6,1010123456017,75,,1,0,24,1,1,,18.5928,862,169110,4.5946,247,0,9.4,,0,0,0,0,0,0,0,0,0,,3000,2994,,0,0,0,0
1613019439884,6,1010123456017,75,,1,0,24,1,1,,15.9767,857,183601,3.43846,246,0,8.6,,5.33333,45,0,0.1,13,69.2308,0,3.59205,31,,3000,3000,,0,0,0,7.82222
1613019440134,6,1010123456017,75,,1,0,24,1,1,,16.6926,862,183401,3.77259,246,0,8.83333,,0,0,0,0,0,0,0,0,0,,3000,3000,,0,0,0,0
1613019440384,6,1010123456017,75,,1,0,24,1,1,,17.3649,855,176080,3.95515,244,0,9.14286,,0,0,0,0,0,0,0,0,0,,3000,3000,,0,0,0,0
1613019440634,6,1010123456017,75,,1,0,24,1,1,,16.9412,850,182898,3.80283,243,0,8.66667,,0,0,0,0,0,0,0,0,0,,3000,3000,,0,0,0,0
1613019440884,6,1010123456017,75,,1,0,24,1,1,,17.8139,833,172191,3.85992,244,0,9.8,,9.64706,34,0,0.1,11,63.6364,0,11.055,31,,3000,3000,,0,0,0,6.41176
1613019441134,6,1010123456017,75,,1,0,24,1,1,,15.7597,849,171772,4.34439,241,0,6.8,,0,0,0,0,0,0,0,0,0,,3000,3000,,0,0,0,0
1613019441384,6,1010123456017,75,,1,0,24,1,1,,13.0875,846,180958,2.71836,245,0,8,,0,0,0,0,0,0,0,0,0,,3000,3000,,0,0,0,0
1613019441634,6,1010123456017,75,,1,0,24,1,1,,15.4988,856,182497,3.52652,243,0,7.66667,,0,0,0,0,0,0,0,0,0,,3000,3000,,0,0,0,0
1613019441884,6,1010123456017,75,,1,0,24,1,1,,15.9675,861,183173,3.375,247,0,8.2,,14.2105,19,0,0.1,6,66.6667,0,18.6155,31,,3000,2988,,0,0,0,6.68421
1613019442134,6,1010123456017,75,,1,0,24,1,1,,17.562,863,176191,4.01693,247,0,9,,0,0,0,0,0,0,0,0,0,,3000,3000,,0,0,0,0
1613019442384,6,1010123456017,75,,1,0,24,1,1,,17.3446,859,172272,3.97349,247,0,9.16667,,15,4,0,0.1,1,0,0,31.6493,31,,3000,2988,,0,0,0,1
1613019442634,6,1010123456017,75,,1,0,24,1,1,,14.2334,861,184439,3.472,246,0,7.25,,15,8,0,0.1,2,0,0,29.6906,31,,3000,3000,,0,0,0,1
1613019442884,6,1010123456017,75,,1,0,24,1,1,,10.506,830,171992,2.48511,243,0,9.25,,14.8571,42,0,0.1,13,69.2308,0,17.7134,31,,3000,3000,,0,0,0,7.42857
1613019443134,6,1010123456017,75,,1,0,24,1,1,,10.9269,848,183705,2.26143,243,0,6.16667,,4.15385,26,0,0.1,7,42.8571,0,1.50914,31,,3000,3000,,0,0,0,5.46154
1613019443384,6,1010123456017,75,,1,0,24,1,1,,16.5743,862,183361,3.52508,246,0,8.71429,,0.1,12,0,0.1,3,66.6667,0,0.870197,31,,3000,2988,,0,0,0,7.33333
1613019443634,6,1010123456017,75,,1,0,24,1,1,,16.7577,842,184229,3.47717,243,0,8.4,,0,0,0,0,0,0,0,0,0,,3000,2994,,0,0,0,0
1613019443884,6,1010123456017,75,,1,0,24,1,1,,12.3158,855,183953,2.61966,245,0,6.5,,0.1,41,0,0.1,11,18.1818,0,6.51897,31,,3000,2994,,0,0,0,2.53659
1613019444134,6,1010123456017,75,,1,0,24,1,1,,17.3838,852,174487,3.77979,244,0,9,,0,0,0,0,0,0,0,0,0,,3000,3000,,0,0,0,0
1613019444384,6,1010123456017,75,,1,0,24,1,1,,16.7168,837,182930,3.46352,242,0,8.57143,,15,14,0,0,4,100,0,0.904109,0,,3000,3000,,0,0,0,10
1613019444634,6,1010123456017,75,,1,0,24,1,1,,16.8662,852,183845,3.53696,244,0,8.6,,0,0,0,0,0,0,0,0,0,,3000,2994,,0,0,0,0
1613019444884,6,1010123456017,75,,1,0,24,1,1,,16.1081,842,181185,3.82641,243,0,8.2,,3.78182,55,0,0.1,16,37.5,0,5.34011,31,,3000,3000,,0,0,0,4.69091
1613019445134,6,1010123456017,75,,1,0,24,1,1,,11.4492,857,183368,2.4908,246,0,7.6,,0,0,0,0,0,0,0,0,0,,3000,3000,,0,0,0,0
1613019445384,6,1010123456017,75,,1,0,24,1,1,,16.2186,851,181007,3.296,244,0,9.14286,,0,0,0,0,0,0,0,0,0,,3000,3000,,0,0,0,0
1613019445634,6,1010123456017,75,,1,0,24,1,1,,14.1275,847,184145,3.25417,244,0,6.66667,,0,0,0,0,0,0,0,0,0,,3000,3000,,0,0,0,0
1613019445884,6,1010123456017,75,,1,0,24,1,1,,14.6298,851,182824,3.02207,246,0,7.83333,,0.1,25,0,0.1,7,28.5714,0,5.43442,31,,3000,3000,,0,0,0,4.48
1613019446134,6,1010123456017,75,,1,0,24,1,1,,13.1337,860,183754,3.18249,245,0,7.66667,,13.1765,17,0,0.1,5,80,0,0.899229,0,,3000,2982,,0,0,0,8.76471
1613019446384,6,1010123456017,75,,1,0,24,1,1,,16.3872,860,183680,3.41841,246,0,8.5,,12.6316,19,0,0.1,5,80,0,4.68932,31,,3000,2988,,0,0,0,8.57895
1613019446634,6,1010123456017,75,,1,0,24,1,1,,15.5473,866,182993,3.3341,246,0,8.5,,0,0,0,0,0,0,0,0,0,,3000,3000,,0,0,0,0
1613019446884,6,1010123456017,75,,1,0,24,1,1,,11.8877,837,183697,2.4996,244,0,6.5,,0.1,30,0,0.1,9,0,0,10.2183,31,,3000,2988,,0,0,0,1.1
1613019447134,6,1010123456017,75,,1,0,24,1,1,,19.3197,857,159894,4.43168,244,0,9.4,,0,0,0,0,0,0,0,0,0,,3000,3000,,0,0,0,0
1613019447384,6,1010123456017,75,,1,0,24,1,1,,12.3749,859,183076,3.07174,246,0,6.85714,,0,0,0,0,0,0,0,0,0,,3000,3000,,0,0,0,0
1613019447634,6,1010123456017,75,,1,0,24,1,1,,18.7298,855,161233,4.26027,245,0,10,,0,0,0,0,0,0,0,0,0,,3000,3000,,0,0,0,0
1613019447885,6,1010123456017,75,,1,0,24,1,1,,18.7815,856,144278,4.77859,249,0,9.33333,,14.75,80,0,0.256832,25,72,0,8.76556,31,,3000,3000,,0,0,0,7.2125
1613019448134,6,1010123456017,75,,1,0,24,1,1,,15.591,863,171621,3.2532,248,0,8,,0,0,0,0,0,0,0,0,0,,3000,2994,,0,0,0,0
1613019448384,6,1010123456017,75,,1,0,24,1,1,,16.8741,866,181535,3.59312,248,0,9.28571,,0,0,0,0,0,0,0,0,0,,3000,2994,,0,0,0,0
1613019448634,6,1010123456017,75,,1,0,24,1,1,,14.6372,860,184290,3.51418,245,0,7.16667,,0,0,0,0,0,0,0,0,0,,3000,2994,,0,0,0,0
1613019448884,6,1010123456017,75,,1,0,24,1,1,,16.4857,838,172074,3.59499,242,0,9.2,,11.1,30,0,0.1,10,50,0,10.3218,31,,3000,2970,,0,0,0,5.5
1613019449135,6,1010123456017,75,,1,0,24,1,1,,13.5634,852,184459,2.82032,243,0,7.33333,,0,0,0,0,0,0,0,0,0,,3000,2982,,0,0,0,0
1613019449384,6,1010123456017,75,,1,0,24,1,1,,15.455,866,183523,3.25471,247,0,8.28571,,0,3,0,0.1,1,0,0,0,31,,3000,3000,,0,0,0,0
1613019449634,6,1010123456017,75,,1,0,24,1,1,,17.9277,857,176030,3.80414,244,0,9.5,,0,3,0,0.1,1,0,0,0,31,,3000,2994,,0,0,0,0
1613019449884,6,1010123456017,75,,1,0,24,1,1,,19.1832,857,165124,4.6124,247,0,9.33333,,7.79592,49,0,0.105124,14,28.5714,0,11.5569,31,,3000,3000,,0,0,0,3.79592
1613019450134,6,1010123456017,75,,1,0,24,1,1,,11.1719,855,183047,2.32328,244,0,7,,0,0,0,0,0,0,0,0,0,,3000,2970,,0,0,0,0
1613019450384,6,1010123456017,75,,1,0,24,1,1,,11.9419,843,182738,2.55325,242,0,7,,15,16,0,0,4,100,0,2.88397,0,,3000,3000,,0,0,0,10
1613019450634,6,1010123456017,75,,1,0,24,1,1,,15.9565,850,182218,3.57719,244,0,8.33333,,0,3,0,0.1,1,0,0,0,31,,3000,3000,,0,0,0,0
1613019450884,6,1010123456017,75,,1,0,24,1,1,,15.7242,852,179978,3.63062,245,0,8.33333,,0.1,34,0,0.1,9,0,0,7.82846,31,,3000,3000,,0,0,0,1.82353
1613019451134,6,1010123456017,75,,1,0,24,1,1,,15.2613,861,183660,3.20999,247,0,8,,0,0,0,0,0,0,0,0,0,,3000,2994,,0,0,0,0
1613019451384,6,1010123456017,75,,1,0,24,1,1,,13.8588,857,183769,3.11447,246,0,7.2,,15.25,16,0,0.1,5,80,0,8.8313,31,,3000,3000,,0,0,0,7.75
1613019451634,6,1010123456017,75,,1,0,24,1,1,,12.9444,863,183633,2.85208,247,0,8.16667,,10,12,0,0.1,3,0,0,30.407,31,,3000,3000,,0,0,0,1
1613019451885,6,1010123456017,75,,1,0,24,1,1,,15.8817,837,183383,3.3969,245,0,8.5,,15.5747,87,0,0.103648,28,82.1429,0,6.90117,31,,3012,3012,,0,0,0,8.37931
1613019452134,6,1010123456017,75,,1,0,24,1,1,,16.2073,854,179003,3.67626,244,0,8.5,,14,24,0,0.1,8,87.5,0,0.688528,31,,2988,2988,,0,0,0,8.875
1613019452384,6,1010123456017,75,,1,0,24,1,1,,12.4698,862,184278,2.63679,246,0,6.16667,,0,0,0,0,0,0,0,0,0,,3000,2994,,0,0,0,0
1613019452634,6,1010123456017,75,,1,0,24,1,1,,10.6241,854,183514,2.15724,244,0,6.66667,,0,0,0,0,0,0,0,0,0,,3000,3000,,0,0,0,0
1613019452884,6,1010123456017,75,,1,0,24,1,1,,12.934,863,183866,2.94541,248,0,5,,8.29412,17,0,0.1,5,0,0,24.6763,31,,3000,2958,,0,0,0,1
1613019453134,6,1010123456017,75,,1,0,24,1,1,,12.8688,846,178320,2.68437,243,0,7.33333,,0,0,0,0,0,0,0,0,0,,3000,2994,,0,0,0,0
1613019453384,6,1010123456017,75,,1,0,24,1,1,,15.9977,859,183418,3.48129,247,0,8,,0,0,0,0,0,0,0,0,0,,3000,3000,,0,0,0,0
1613019453634,6,1010123456017,75,,1,0,24,1,1,,14.9356,854,168201,3.1813,244,0,8.16667,,15,4,0,0.1,1,0,0,30.9802,31,,3000,2982,,0,0,0,1
1613019453884,6,1010123456017,75,,1,0,24,1,1,,13.2895,822,183339,2.8561,244,0,7,,14.6047,43,0,0.1,13,69.2308,0,10.897,31,,3000,2994,,0,0,0,8.09302
1613019454134,6,1010123456017,75,,1,0,24,1,1,,16.4942,860,184070,3.97102,244,0,7.8,,0,0,0,0,0,0,0,0,0,,3000,2994,,0,0,0,0
1613019454384,6,1010123456017,75,,1,0,24,1,1,,13.6779,860,165776,3.48983,245,0,7.14286,,0,0,0,0,0,0,0,0,0,,3000,3000,,0,0,0,0
1613019454634,6,1010123456017,75,,1,0,24,1,1,,16.1281,859,183070,3.3635,245,0,8.66667,,0,0,0,0,0,0,0,0,0,,3000,2994,,0,0,0,0
1613019454885,6,1010123456017,75,,1,0,24,1,1,,15.5421,856,173171,3.23744,244,0,8.5,,0,12,0,0,4,100,0,0,0,,3000,3000,,0,0,0,0
1613019455134,6,1010123456017,75,,1,0,24,1,1,,17.042,857,172563,4.13105,245,0,8.5,,6.4,45,0,0.1,12,66.6667,0,5.66358,31,,3000,2994,,0,0,0,7.4
1613019455384,6,1010123456017,75,,1,0,24,1,1,,15.3431,851,182280,3.24716,244,0,8.14286,,0.1,4,0,0.1,1,0,0,29.1142,31,,3000,2994,,0,0,0,1
1613019455634,6,1010123456017,75,,1,0,24,1,1,,13.8859,859,183831,2.92045,247,0,7.5,,0,0,0,0,0,0,0,0,0,,3000,3000,,0,0,0,0
1613019455884,6,1010123456017,75,,1,0,24,1,1,,17.7055,842,174910,3.90631,244,0,9.33333,,7.02564,39,0,0.1,12,33.3333,0,10.6895,31,,3000,2994,,0,0,0,3.58974
1613019456134,6,1010123456017,75,,1,0,24,1,1,,17.9267,859,169142,4.08973,247,0,9.4,,0,0,0,0,0,0,0,0,0,,3000,2970,,0,0,0,0
1613019456384,6,1010123456017,75,,1,0,24,1,1,,18.266,857,165032,4.30978,246,0,9.5,,0,0,0,0,0,0,0,0,0,,3000,3000,,0,0,0,0
1613019456634,6,1010123456017,75,,1,0,24,1,1,,8.74392,863,183625,1.90278,246,0,5.6,,0,0,0,0,0,0,0,0,0,,3000,2994,,0,0,0,0
1613019456884,6,1010123456017,75,,1,0,24,1,1,,14.2413,837,182574,2.96087,245,0,7.6,,15,71,0,0.125526,22,77.2727,0,8.32352,31,,3000,2994,,0,0,0,7.88732
1613019457134,6,1010123456017,75,,1,0,24,1,1,,18.4165,862,170444,4.14043,245,0,9.33333,,0,0,0,0,0,0,0,0,0,,3000,3000,,0,0,0,0
1613019457384,6,1010123456017,75,,1,0,24,1,1,,15.0749,854,179662,3.11775,244,0,9,,0,0,0,0,0,0,0,0,0,,3000,2994,,0,0,0,0
1613019457634,6,1010123456017,75,,1,0,24,1,1,,18.7441,848,168680,4.66814,240,0,8.83333,,0,0,0,0,0,0,0,0,0,,3000,2982,,0,0,0,0
1613019457884,6,1010123456017,75,,1,0,24,1,1,,16.7202,847,183649,3.66098,244,0,8.83333,,7.24324,37,0,0.1,11,36.3636,0,11.1478,31,,3000,2988,,0,0,0,4.24324
1613019458134,6,1010123456017,75,,1,0,24,1,1,,15.4145,854,182718,3.35897,242,0,8.33333,,0,0,0,0,0,0,0,0,0,,3000,2994,,0,0,0,0
1613019458384,6,1010123456017,75,,1,0,24,1,1,,17.7899,852,182750,3.94885,244,0,9,,0,0,0,0,0,0,0,0,0,,3000,3000,,0,0,0,0
1613019458634,6,1010123456017,75,,1,0,24,1,1,,13.0477,859,184447,2.85899,246,0,6.33333,,0,0,0,0,0,0,0,0,0,,3000,3000,,0,0,0,0
1613019458884,6,1010123456017,75,,1,0,24,1,1,,13.3878,869,183436,2.7181,249,0,7.83333,,6.31579,38,0,0.1,10,40,0,4.73636,31,,3000,2994,,0,0,0,4.89474
1613019459134,6,1010123456017,75,,1,0,24,1,1,,15.6056,857,183292,3.33831,245,0,8.2,,0,6,0,0.1,2,0,0,0,31,,3000,3000,,0,0,0,0
1613019459384,6,1010123456017,75,,1,0,24,1,1,,17.6509,845,181555,4.08524,243,0,9.28571,,0,0,0,0,0,0,0,0,0,,3000,3000,,0,0,0,0
1613019459634,6,1010123456017,75,,1,0,24,1,1,,15.9268,847,169813,3.91367,243,0,7.66667,,0,0,0,0,0,0,0,0,0,,3000,3000,,0,0,0,0
1613019459884,6,1010123456017,75,,1,0,24,1,1,,13.3303,866,182954,2.84851,248,0,8.5,,7.8,55,0,0.1,16,62.5,0,3.07024,31,,3000,3000,,0,0,0,6.92727
1613019460134,6,1010123456017,75,,1,0,24,1,1,,12.8994,845,182562,2.78178,243,0,7.16667,,0,0,0,0,0,0,0,0,0,,3000,3000,,0,0,0,0
1613019460384,6,1010123456017,75,,1,0,24,1,1,,11.1839,859,184159,2.93645,245,0,6.57143,,0,3,0,0.1,1,0,0,0,31,,3000,3000,,0,0,0,0
1613019460634,6,1010123456017,75,,1,0,24,1,1,,14.5283,865,183879,2.967,248,0,7.83333,,0,0,0,0,0,0,0,0,0,,3000,2988,,0,0,0,0
1613019460884,6,1010123456017,75,,1,0,24,1,1,,15.9497,835,182668,3.28742,241,0,8.5,,6.66667,36,0,0.1,10,40,0,4.37392,31,,3000,2994,,0,0,0,5.77778
1613019461134,6,1010123456017,75,,1,0,24,1,1,,13.4644,857,184255,3.03023,244,0,7,,0,0,0,0,0,0,0,0,0,,3000,3000,,0,0,0,0
1613019461384,6,1010123456017,75,,1,0,24,1,1,,17.8972,846,184249,3.96186,243,0,8.71429,,0,0,0,0,0,0,0,0,0,,3000,3000,,0,0,0,0
1613019461634,6,1010123456017,75,,1,0,24,1,1,,14.0384,859,182182,2.85677,245,0,8,,0,0,0,0,0,0,0,0,0,,3000,3000,,0,0,0,0
1613019461884,6,1010123456017,75,,1,0,24,1,1,,12.6091,839,183035,2.64533,244,0,7.16667,,12.9259,27,0,0.1,8,50,0,17.1665,31,,3000,3000,,0,0,0,5.33333
1613019462134,6,1010123456017,75,,1,0,24,1,1,,12.963,865,182463,2.78027,248,0,6.83333,,0.1,4,0,0.1,1,0,0,26.267,31,,3000,2976,,0,0,0,1
1613019462384,6,1010123456017,75,,1,0,24,1,1,,14.3974,853,170224,3.28373,244,0,7.85714,,0,0,0,0,0,0,0,0,0,,3000,2976,,0,0,0,0
1613019462634,6,1010123456017,75,,1,0,24,1,1,,11.3984,851,176700,2.43145,243,0,6.66667,,0,0,0,0,0,0,0,0,0,,3000,3000,,0,0,0,0
1613019462884,6,1010123456017,75,,1,0,24,1,1,,15.0035,853,183463,3.77729,246,0,7.66667,,16.2381,21,0,0.1,6,66.6667,0,18.8178,31,,3000,3000,,0,0,0,7
1613019463134,6,1010123456017,75,,1,0,24,1,1,,11.828,849,169761,2.65986,244,0,6.33333,,12,20,0,0.1,5,80,0,6.96828,31,,3000,2988,,0,0,0,8.2
1613019463384,6,1010123456017,75,,1,0,24,1,1,,13.8801,851,184153,3.09041,245,0,7.16667,,0,0,0,0,0,0,0,0,0,,3000,3000,,0,0,0,0
1613019463635,6,1010123456017,75,,1,0,24,1,1,,14.2787,854,183142,2.89882,244,0,8.16667,,0,0,0,0,0,0,0,0,0,,3000,2988,,0,0,0,0
1613019463884,6,1010123456017,75,,1,0,24,1,1,,16.0933,847,182710,3.41908,247,0,8.5,,9.75,20,0,0.1,6,66.6667,0,1.88557,31,,3000,3000,,0,0,0,6.85
1613019464134,6,1010123456017,75,,1,0,24,1,1,,12.2249,858,184493,2.66182,245,0,6.8,,0,0,0,0,0,0,0,0,0,,3000,2994,,0,0,0,0
1613019464384,6,1010123456017,75,,1,0,24,1,1,,20.89,864,147202,5.1476,247,0,10.5,,0.1,4,0,0.1,1,0,0,1.3647,31,,3000,2994,,0,0,0,10
1613019464634,6,1010123456017,75,,1,0,24,1,1,,14.6464,857,175272,3.34638,244,0,7.5,,0,0,0,0,0,0,0,0,0,,3000,3000,,0,0,0,0
1613019464885,6,1010123456017,75,,1,0,24,1,1,,15.2408,839,182626,3.20973,244,0,7.83333,,9.50725,69,0,0.1,22,68.1818,0,4.96137,31,,3000,3000,,0,0,0,7.53623
1613019465134,6,1010123456017,75,,1,0,24,1,1,,16.6298,867,157322,4.17378,247,0,8.83333,,0,0,0,0,0,0,0,0,0,,3000,3000,,0,0,0,0
1613019465384,6,1010123456017,75,,1,0,24,1,1,,16.4309,861,160457,4.04485,248,0,8.28571,,0,3,0,0.1,1,0,0,0,31,,3000,3000,,0,0,0,0
1613019465634,6,1010123456017,75,,1,0,24,1,1,,13.7236,861,184431,3.06586,245,0,7.33333,,0,0,0,0,0,0,0,0,0,,3000,3000,,0,0,0,0
1613019465884,6,1010123456017,75,,1,0,24,1,1,,15.0368,843,183557,3.38586,245,0,8,,6.2069,29,0,0.1,9,44.4444,0,6.91779,31,,3000,2970,,0,0,0,4.86207
1613019466135,6,1010123456017,75,,1,0,24,1,1,,17.7113,866,177068,4.00733,247,0,9.6,,0,0,0,0,0,0,0,0,0,,3000,3000,,0,0,0,0
1613019466384,6,1010123456017,75,,1,0,24,1,1,,13.3919,842,182806,2.77147,242,0,7.57143,,0,0,0,0,0,0,0,0,0,,3000,3000,,0,0,0,0
1613019466634,6,1010123456017,75,,1,0,24,1,1,,14.3738,856,175475,3.05867,245,0,7.8,,0,0,0,0,0,0,0,0,0,,3000,2994,,0,0,0,0
1613019466884,6,1010123456017,75,,1,0,24,1,1,,15.9307,837,183495,3.63569,243,0,7.2,,5.21739,46,0,0.1,13,61.5385,0,5.27439,31,,3000,2988,,0,0,0,7.15217
1613019467134,6,1010123456017,75,,1,0,24,1,1,,14.9584,866,183143,3.42178,247,0,8.25,,0,0,0,0,0,0,0,0,0,,3000,3000,,0,0,0,0
1613019467384,6,1010123456017,75,,1,0,24,1,1,,16.4603,856,165944,3.89247,245,0,9.16667,,0,0,0,0,0,0,0,0,0,,3000,3000,,0,0,0,0
1613019467634,6,1010123456017,75,,1,0,24,1,1,,21.1535,847,135608,4.95897,242,0,11.1667,,0,0,0,0,0,0,0,0,0,,3000,2994,,0,0,0,0
1613019467884,6,1010123456017,75,,1,0,24,1,1,,14.7,840,153633,3.72418,243,0,7.33333,,1.875,32,0,0.1,9,0,0,8.45015,31,,3000,2994,,0,0,0,1.4375
1613019468134,6,1010123456017,75,,1,0,24,1,1,,16.2796,862,152698,4.17169,244,0,8.83333,,0,3,0,0.1,1,0,0,0,31,,3000,3000,,0,0,0,0
1613019468384,6,1010123456017,75,,1,0,24,1,1,,17.5133,863,156449,4.02927,247,0,9.14286,,0,0,0,0,0,0,0,0,0,,3000,2976,,0,0,0,0
1613019468634,6,1010123456017,75,,1,0,24,1,1,,16.8256,860,174115,3.59475,244,0,8.33333,,0,0,0,0,0,0,0,0,0,,3000,3000,,0,0,0,0
1613019468884,6,1010123456017,75,,1,0,24,1,1,,13.5012,852,183279,2.80368,247,0,7.33333,,6.77419,31,0,0.1,9,44.4444,0,7.91987,31,,3000,3000,,0,0,0,5.16129
1613019469134,6,1010123456017,75,,1,0,24,1,1,,13.8293,861,183193,3.05693,247,0,7.33333,,0.1,4,0,0.1,1,0,0,26.3716,31,,3000,2994,,0,0,0,1
1613019469384,6,1010123456017,75,,1,0,24,1,1,,12.5806,844,182623,3.12668,244,0,8.16667,,0,0,0,0,0,0,0,0,0,,3000,3000,,0,0,0,0
1613019469634,6,1010123456017,75,,1,0,24,1,1,,12.3372,860,183495,2.68713,245,0,6.16667,,0,3,0,0.1,1,0,0,0,31,,3000,3000,,0,0,0,0
1613019469884,6,1010123456017,75,,1,0,24,1,1,,14.043,838,171494,3.17632,241,0,8.5,,8,60,0,0.1,16,50,0,3.38393,31,,3000,2994,,0,0,0,6.23333
1613019470134,6,1010123456017,75,,1,0,24,1,1,,13.2827,856,183469,2.76643,246,0,6.8,,0,0,0,0,0,0,0,0,0,,3000,2994,,0,0,0,0
1613019470384,6,1010123456017,75,,1,0,24,1,1,,11.7388,846,183217,2.52501,243,0,6.28571,,0.1,4,0,0.1,1,0,0,1.30919,31,,3000,3000,,0,0,0,1
1613019470634,6,1010123456017,75,,1,0,24,1,1,,16.876,847,168782,3.88183,242,0,9.16667,,0.1,4,0,0.1,1,0,0,26.9428,31,,3000,2994,,0,0,0,1
1613019470884,6,1010123456017,75,,1,0,24,1,1,,14.757,852,183260,3.11354,245,0,8.16667,,14.85,20,0,0.1,6,16.6667,0,28.1641,31,,3000,3000,,0,0,0,2.35
1613019471135,6,1010123456017,75,,1,0,24,1,1,,11.7448,870,183175,2.56435,248,0,6.66667,,0,0,0,0,0,0,0,0,0,,3000,3000,,0,0,0,0
1613019471384,6,1010123456017,75,,1,0,24,1,1,,13.692,854,183696,2.72196,245,0,7.83333,,15,4,0,0.1,1,0,0,30.6412,31,,3000,2994,,0,0,0,1
1613019471634,6,1010123456017,75,,1,0,24,1,1,,16.7227,862,182333,3.53427,248,0,8.5,,15,4,0,0.1,1,0,0,32.3904,31,,3000,2988,,0,0,0,1
1613019471884,6,1010123456017,75,,1,0,24,1,1,,14.8561,848,183360,3.50471,248,0,8,,12.875,40,0,0.1,12,66.6667,0,5.83486,31,,3000,3000,,0,0,0,7.125
1613019472134,6,1010123456017,75,,1,0,24,1,1,,15.7165,857,183588,3.29587,244,0,8.5,,0,0,0,0,0,0,0,0,0,,3000,2994,,0,0,0,0
1613019472384,6,1010123456017,75,,1,0,24,1,1,,19.2274,862,169193,4.39306,246,0,9.42857,,0.1,4,0,0.1,1,0,0,1.30742,31,,3000,3000,,0,0,0,1
1613019472634,6,1010123456017,75,,1,0,24,1,1,,15.6369,851,182901,3.25308,244,0,8.2,,0,0,0,0,0,0,0,0,0,,3000,2994,,0,0,0,0
1613019472884,6,1010123456017,75,,1,0,24,1,1,,15.5895,860,183653,4.01651,246,0,8.33333,,0.1,32,0,0.1,9,11.1111,0,1.63194,31,,3000,2982,,0,0,0,2.4375
1613019473134,6,1010123456017,75,,1,0,24,1,1,,11.8628,853,182976,2.8782,244,0,6.33333,,0,0,0,0,0,0,0,0,0,,3000,2964,,0,0,0,0
1613019473384,6,1010123456017,75,,1,0,24,1,1,,14.3487,869,159602,3.4925,248,0,8.14286,,0,0,0,0,0,0,0,0,0,,3000,2976,,0,0,0,0
1613019473635,6,1010123456017,75,,1,0,24,1,1,,16.1778,866,175270,3.72051,248,0,8.33333,,0.1,4,0,0.1,1,0,0,26.5638,31,,3000,3000,,0,0,0,1
1613019473884,6,1010123456017,75,,1,0,24,1,1,,18.7948,814,150553,4.4988,241,0,10.1667,,10.7143,21,0,0.1,6,66.6667,0,1.97414,31,,3000,2994,,0,0,0,7.57143
1613019474135,6,1010123456017,75,,1,0,24,1,1,,18.4068,858,137857,4.52403,246,0,10.4,,0,0,0,0,0,0,0,0,0,,3000,2982,,0,0,0,0
1613019474384,6,1010123456017,75,,1,0,24,1,1,,13.9162,859,174170,2.87055,246,0,8.28571,,0,3,0,0.1,1,0,0,0,31,,3000,2994,,0,0,0,0
1613019474634,6,1010123456017,75,,1,0,24,1,1,,15.6966,857,183286,3.79961,245,0,7.66667,,0,6,0,0,2,100,0,0,0,,3000,3000,,0,0,0,0
1613019474884,6,1010123456017,75,,1,0,24,1,1,,16.1513,859,175929,3.56569,244,0,8.66667,,0,6,0,0,2,100,0,0,0,,3000,3000,,0,0,0,0
1613019475134,6,1010123456017,75,,1,0,24,1,1,,10.5402,846,184423,2.30165,243,0,5.8,,6.54545,44,0,0.1,12,50,0,4.63898,31,,3000,2994,,0,0,0,6.25
1613019475384,6,1010123456017,75,,1,0,24,1,1,,13.5984,849,178131,2.5892,245,0,8.66667,,0,0,0,0,0,0,0,0,0,,3000,3000,,0,0,0,0
1613019475634,6,1010123456017,75,,1,0,24,1,1,,18.5087,863,166343,4.72598,246,0,8.66667,,0.1,4,0,0.1,1,0,0,25.3219,31,,3000,2994,,0,0,0,1
1613019475884,6,1010123456017,75,,1,0,24,1,1,,14.1055,844,183114,2.89067,244,0,8,,0,12,0,0,4,100,0,0,0,,3000,2994,,0,0,0,0
1613019476134,6,1010123456017,75,,1,0,24,1,1,,15.9953,856,183849,3.41912,244,0,8.5,,0,6,0,0.1,2,0,0,0,31,,3000,3000,,0,0,0,0
1613019476384,6,1010123456017,75,,1,0,24,1,1,,16.5601,857,183741,3.50663,244,0,8.14286,,0.1,7,0,0.1,2,0,0,12.4585,31,,3000,3000,,0,0,0,1.57143
1613019476634,6,1010123456017,75,,1,0,24,1,1,,16.7998,859,181698,3.75267,246,0,9,,15,16,0,0,4,100,0,0.979475,0,,3000,3000,,0,0,0,10
1613019476885,6,1010123456017,75,,1,0,24,1,1,,18.2832,865,172411,4.18202,246,0,9.83333,,0.1,38,0,0.1,11,27.2727,0,1.45162,31,,3000,3000,,0,0,0,3.92105
1613019477134,6,1010123456017,75,,1,0,24,1,1,,15.094,862,183748,3.8987,247,0,7.66667,,0,0,0,0,0,0,0,0,0,,3000,3000,,0,0,0,0
1613019477384,6,1010123456017,75,,1,0,24,1,1,,15.7068,863,183704,3.3023,248,0,8.28571,,0,0,0,0,0,0,0,0,0,,3000,2910,,0,0,0,0
1613019477635,6,1010123456017,75,,1,0,24,1,1,,16.2506,850,183643,3.5737,242,0,8.5,,0,3,0,0.1,1,0,0,0,31,,3000,3000,,0,0,0,0
1613019477884,6,1010123456017,75,,1,0,24,1,1,,14.3783,846,183743,2.88832,243,0,7.66667,,0.1,67,0,0.1,19,36.8421,0,3.85609,31,,3000,2994,,0,0,0,4.55224
1613019478134,6,1010123456017,75,,1,0,24,1,1,,13.6138,857,183801,2.84482,245,0,7.66667,,0,0,0,0,0,0,0,0,0,,3000,3000,,0,0,0,0
1613019478384,6,1010123456017,75,,1,0,24,1,1,,14.8225,862,183503,3.07126,245,0,8.14286,,0.1,4,0,0.1,1,0,0,1.18003,31,,3000,2994,,0,0,0,1
1613019478634,6,1010123456017,75,,1,0,24,1,1,,15.8232,854,182958,3.34808,245,0,8.16667,,0,3,0,0.1,1,0,0,0,31,,3000,2988,,0,0,0,0
1613019478885,6,1010123456017,75,,1,0,24,1,1,,13.3097,859,183635,2.94704,247,0,7.16667,,16.2727,22,0,0.1,6,66.6667,0,16.4758,31,,3000,2994,,0,0,0,7.13636
1613019479134,6,1010123456017,75,,1,0,24,1,1,,15.893,860,183931,3.50403,245,0,8.8,,0,0,0,0,0,0,0,0,0,,3000,2994,,0,0,0,0
1613019479384,6,1010123456017,75,,1,0,24,1,1,,15.3862,857,172172,3.6276,245,0,8.28571,,15,16,0,0,4,100,0,1.16625,0,,3000,2994,,0,0,0,10
1613019479634,6,1010123456017,75,,1,0,24,1,1,,8.88551,856,183580,1.97031,244,0,5.33333,,0,3,0,0.1,1,0,0,0,31,,3000,2982,,0,0,0,0
1613019479884,6,1010123456017,75,,1,0,24,1,1,,16.5344,842,184524,3.50532,243,0,8.66667,,13.037,27,0,0.1,7,71.4286,0,9.39181,0,,3000,3000,,0,0,0,7.66667
1613019480134,6,1010123456017,75,,1,0,24,1,1,,18.0726,854,160672,4.15794,244,0,9.5,,0,0,0,0,0,0,0,0,0,,3000,2988,,0,0,0,0
1613019480384,6,1010123456017,75,,1,0,24,1,1,,14.8689,854,183189,3.25706,244,0,8.14286,,0,0,0,0,0,0,0,0,0,,3000,3000,,0,0,0,0
1613019480634,6,1010123456017,75,,1,0,24,1,1,,19.5111,853,167024,4.592,244,0,10,,0,0,0,0,0,0,0,0,0,,3000,2994,,0,0,0,0
1613019480884,6,1010123456017,75,,1,0,24,1,1,,16.5988,835,183821,3.54818,245,0,8.6,,7.83077,65,0,0.1,19,68.4211,0,5.33174,31,,3000,2994,,0,0,0,7.23077
1613019481134,6,1010123456017,75,,1,0,24,1,1,,9.03525,851,182962,2.06602,244,0,6,,0,0,0,0,0,0,0,0,0,,3000,2988,,0,0,0,0
1613019481385,6,1010123456017,75,,1,0,24,1,1,,14.5023,858,184637,2.93971,246,0,7.85714,,0,9,0,0.1,3,33.3333,0,0,31,,3000,3000,,0,0,0,0
1613019481634,6,1010123456017,75,,1,0,24,1,1,,13.0442,860,183497,2.72344,247,0,7.4,,0.1,7,0,0.1,2,0,0,15.8304,31,,3000,3000,,0,0,0,1
1613019481885,6,1010123456017,75,,1,0,24,1,1,,13.9738,839,183428,2.98496,244,0,7.66667,,14.1176,34,0,0.1,11,72.7273,0,13.7861,31,,3000,3000,,0,0,0,7.35294
1613019482134,6,1010123456017,75,,1,0,24,1,1,,15.8735,854,183462,3.43383,246,0,8.5,,0,0,0,0,0,0,0,0,0,,3000,3000,,0,0,0,0
1613019482384,6,1010123456017,75,,1,0,24,1,1,,15.5589,857,184066,3.18217,245,0,8.14286,,0,0,0,0,0,0,0,0,0,,3000,2994,,0,0,0,0
1613019482634,6,1010123456017,75,,1,0,24,1,1,,17.6179,848,171712,4.02259,243,0,8.83333,,0,0,0,0,0,0,0,0,0,,3000,2994,,0,0,0,0
1613019482884,6,1010123456017,75,,1,0,24,1,1,,15.1573,839,169652,3.55614,245,0,8.5,,11.4118,34,0,0.1,11,72.7273,0,12.1392,0,,3000,2994,,0,0,0,7.08824
1613019483134,6,1010123456017,75,,1,0,24,1,1,,13.3476,866,182871,2.77356,247,0,7.33333,,0,0,0,0,0,0,0,0,0,,3000,3000,,0,0,0,0
1613019483384,6,1010123456017,75,,1,0,24,1,1,,11.362,848,183571,2.56951,244,0,6.14286,,0,0,0,0,0,0,0,0,0,,3000,3000,,0,0,0,0
1613019483634,6,1010123456017,75,,1,0,24,1,1,,16.5176,852,173443,3.58477,242,0,9.4,,0,3,0,0.1,1,0,0,0,31,,3000,3000,,0,0,0,0
1613019483884,6,1010123456017,75,,1,0,24,1,1,,13.5084,838,184267,2.78586,242,0,7.5,,0.1,29,0,0.1,8,0,0,9.34842,31,,3000,3000,,0,0,0,1.13793
1613019484135,6,1010123456017,75,,1,0,24,1,1,,16.4481,857,183096,3.43082,245,0,8.66667,,0,0,0,0,0,0,0,0,0,,3000,2958,,0,0,0,0
1613019484384,6,1010123456017,75,,1,0,24,1,1,,15.9505,848,182949,3.58628,243,0,8.57143,,0,15,0,0.1,5,80,0,0,31,,3000,3000,,0,0,0,0
1613019484634,6,1010123456017,75,,1,0,24,1,1,,15.618,856,176962,3.59142,243,0,7.83333,,0,0,0,0,0,0,0,0,0,,3000,3000,,0,0,0,0
1613019484884,6,1010123456017,75,,1,0,24,1,1,,15.255,847,183214,3.4381,247,0,8.16667,,15.3333,78,0,0.187598,25,80,0,7.60879,31,,3000,3000,,0,0,0,7.80769
1613019485134,6,1010123456017,75,,1,0,24,1,1,,17.7707,859,182882,3.90133,245,0,9.25,,0,3,0,0.1,1,0,0,0,31,,3000,3000,,0,0,0,0
1613019485384,6,1010123456017,75,,1,0,24,1,1,,12.2764,861,183625,2.69709,247,0,7,,0,0,0,0,0,0,0,0,0,,3000,3000,,0,0,0,0
1613019485634,6,1010123456017,75,,1,0,24,1,1,,12.832,851,170645,3.07621,243,0,6.83333,,15,4,0,0.1,1,0,0,29.8158,31,,3000,3000,,0,0,0,1
1613019485884,6,1010123456017,75,,1,0,24,1,1,,16.1613,843,176171,3.54776,244,0,8.5,,10.4348,23,0,0.1,6,66.6667,0,5.9885,31,,3000,2964,,0,0,0,7.43478
1613019486134,6,1010123456017,75,,1,0,24,1,1,,16.906,840,170330,3.80048,240,0,9,,0,0,0,0,0,0,0,0,0,,3000,2991,,0,0,0,0
1613019486384,6,1010123456017,75,,1,0,24,1,1,,14.1729,856,184558,3.50798,246,0,6.71429,,15,4,0,0.1,1,0,0,32.6659,31,,3000,2994,,0,0,0,1
1613019486634,6,1010123456017,75,,1,0,24,1,1,,12.9584,865,184271,2.80042,247,0,7.2,,0,15,0,0.1,5,80,0,0,31,,3000,3000,,0,0,0,0
1613019486885,6,1010123456017,75,,1,0,24,1,1,,15.0216,835,183757,3.29488,243,0,8.66667,,14.5976,82,0,0.189344,26,76.9231,0,7.94217,31,,3000,3000,,0,0,0,7.87805
1613019487135,6,1010123456017,75,,1,0,24,1,1,,17.2369,857,183765,3.65648,245,0,8.8,,0,0,0,0,0,0,0,0,0,,3000,3000,,0,0,0,0
1613019487384,6,1010123456017,75,,1,0,24,1,1,,16.1468,865,182558,3.43724,248,0,8.33333,,0,0,0,0,0,0,0,0,0,,3000,3000,,0,0,0,0
1613019487634,6,1010123456017,75,,1,0,24,1,1,,13.4531,863,183050,2.92093,246,0,7.5,,0,0,0,0,0,0,0,0,0,,3000,3000,,0,0,0,0
1613019487884,6,1010123456017,75,,1,0,24,1,1,,18.0563,871,147784,4.62516,248,0,9.33333,,0,0,0,0,0,0,0,0,0,,3000,3000,,0,0,0,0
1613019488134,6,1010123456017,75,,1,0,24,1,1,,15.0315,858,167111,3.51039,247,0,7.83333,,0.1,30,0,0.1,9,0,0,4.13611,31,,3000,2976,,0,0,0,1.73333
1613019488384,6,1010123456017,75,,1,0,24,1,1,,17.4828,845,174113,3.92321,244,0,9,,0,0,0,0,0,0,0,0,0,,3000,2994,,0,0,0,0
1613019488634,6,1010123456017,75,,1,0,24,1,1,,14.2413,858,184033,2.97022,244,0,7.2,,0,0,0,0,0,0,0,0,0,,3000,3000,,0,0,0,0
1613019488884,6,1010123456017,75,,1,0,24,1,1,,20.6316,828,156417,4.99091,244,0,10,,0.1,23,0,0.1,7,0,0,12.3488,31,,3000,2988,,0,0,0,1.6087
1613019489134,6,1010123456017,75,,1,0,24,1,1,,14.8792,861,182570,3.21208,244,0,8,,0,0,0,0,0,0,0,0,0,,3000,3000,,0,0,0,0
1613019489384,6,1010123456017,75,,1,0,24,1,1,,14.6775,859,182363,3.48373,247,0,7.57143,,0,0,0,0,0,0,0,0,0,,3000,3000,,0,0,0,0
1613019489634,6,1010123456017,75,,1,0,24,1,1,,16.383,859,183382,3.39692,245,0,8.8,,0,0,0,0,0,0,0,0,0,,3000,3000,,0,0,0,0
1613019489887,6,1010123456017,75,,1,0,24,1,1,,15.3657,864,181845,3.36327,251,0,8.33333,,13.6667,18,0,0.1,5,80,0,7.37919,31,,3024,3024,,0,0,0,8
1613019490134,6,1010123456017,75,,1,0,24,1,1,,13.1918,855,184057,2.84078,245,0,6.6,,13.5455,33,0,0.1,10,90,0,9.86957,0,,2976,2976,,0,0,0,8.90909
1613019490384,6,1010123456017,75,,1,0,24,1,1,,17.2573,859,183174,3.67197,246,0,8.85714,,0,0,0,0,0,0,0,0,0,,3000,2982,,0,0,0,0
1613019490634,6,1010123456017,75,,1,0,24,1,1,,12.954,870,183148,2.87614,248,0,5.8,,0,0,0,0,0,0,0,0,0,,3000,3000,,0,0,0,0
1613019490884,6,1010123456017,75,,1,0,24,1,1,,15.0388,850,183281,3.27007,245,0,8.5,,4.28571,42,0,0.1,12,33.3333,0,2.99774,31,,3000,3000,,0,0,0,4.14286
1613019491134,6,1010123456017,75,,1,0,24,1,1,,14.7865,857,183874,3.22503,243,0,7.83333,,0,3,0,0.1,1,0,0,0,31,,3000,2988,,0,0,0,0
1613019491384,6,1010123456017,75,,1,0,24,1,1,,18.2866,855,171509,4.16344,245,0,9.33333,,0,12,0,0,4,100,0,0,0,,3000,3000,,0,0,0,0
1613019491634,6,1010123456017,75,,1,0,24,1,1,,14.7521,843,183933,3.47871,243,0,7.5,,0.1,4,0,0.1,1,0,0,4.24259,31,,3000,3000,,0,0,0,1
1613019491884,6,1010123456017,75,,1,0,24,1,1,,12.9836,853,183514,2.75945,244,0,7,,5.13158,38,0,0.1,11,45.4545,0,3.69627,31,,3000,3000,,0,0,0,5.10526
1613019492134,6,1010123456017,75,,1,0,24,1,1,,15.6148,836,183107,3.21105,240,0,8.6,,0.1,4,0,0.1,1,0,0,27.777,31,,3000,3000,,0,0,0,1
1613019492384,6,1010123456017,75,,1,0,24,1,1,,20.0462,845,163291,4.63242,242,0,9.85714,,0,0,0,0,0,0,0,0,0,,3000,2988,,0,0,0,0
1613019492634,6,1010123456017,75,,1,0,24,1,1,,16.6594,866,181093,3.60842,248,0,8.66667,,15,4,0,0.1,1,0,0,32.4837,31,,3000,3000,,0,0,0,1
1613019492884,6,1010123456017,75,,1,0,24,1,1,,16.6244,852,184452,3.95531,245,0,8.16667,,15,13,0,0,4,100,0,1.33451,0,,3000,3000,,0,0,0,10
1613019493134,6,1010123456017,75,,1,0,24,1,1,,10.8476,853,182626,2.19068,245,0,6.66667,,0.1,7,0,0.1,2,0,0,1.62825,31,,3000,2994,,0,0,0,2.71429
1613019493384,6,1010123456017,75,,1,0,24,1,1,,11.9482,868,184449,2.761,248,0,6,,0,0,0,0,0,0,0,0,0,,3000,3000,,0,0,0,0
1613019493634,6,1010123456017,75,,1,0,24,1,1,,13.2163,860,183436,2.87065,245,0,7.66667,,0,0,0,0,0,0,0,0,0,,3000,3000,,0,0,0,0
1613019493885,6,1010123456017,75,,1,0,24,1,1,,16.5809,828,182619,3.34749,241,0,9,,13.22,50,0,0.1,15,80,0,11.4759,31,,3012,3000,,0,0,0,8.02
1613019494134,6,1010123456017,75,,1,0,24,1,1,,14.624,859,184571,3.27716,244,0,7.5,,8,4,0,0,1,100,0,3.53382,0,,2988,2988,,0,0,0,10
1613019494384,6,1010123456017,75,,1,0,24,1,1,,12.8002,851,183770,2.56312,245,0,7.14286,,0,0,0,0,0,0,0,0,0,,3000,3000,,0,0,0,0
1613019494634,6,1010123456017,75,,1,0,24,1,1,,14.6792,851,181863,3.00768,242,0,8,,0,0,0,0,0,0,0,0,0,,3000,3000,,0,0,0,0
1613019494884,6,1010123456017,75,,1,0,24,1,1,,13.3735,846,183395,2.84119,244,0,6.6,,13.44,25,0,0.1,7,57.1429,0,16.9114,31,,3000,3000,,0,0,0,6.4
1613019495134,6,1010123456017,75,,1,0,24,1,1,,10.6276,862,184096,2.36103,247,0,5.66667,,0,0,0,0,0,0,0,0,0,,3000,3000,,0,0,0,0
1613019495385,6,1010123456017,75,,1,0,24,1,1,,12.4226,859,182297,2.70637,246,0,7,,0,0,0,0,0,0,0,0,0,,3000,3000,,0,0,0,0
1613019495634,6,1010123456017,75,,1,0,24,1,1,,18.671,851,176124,4.33227,244,0,9.5,,0,0,0,0,0,0,0,0,0,,3000,2988,,0,0,0,0
1613019495884,6,1010123456017,75,,1,0,24,1,1,,11.2295,854,183294,2.49041,246,0,6.16667,,0,9,0,0,3,100,0,0,0,,3000,3000,,0,0,0,0
1613019496134,6,1010123456017,75,,1,0,24,1,1,,16.6912,842,183390,3.54165,242,0,8.66667,,0,9,0,0.1,3,33.3333,0,0,31,,3000,3000,,0,0,0,0
1613019496384,6,1010123456017,75,,1,0,24,1,1,,10.2317,859,184073,2.24742,247,0,5.83333,,0.1,4,0,0.1,1,0,0,1.9271,31,,3000,3000,,0,0,0,1
1613019496634,6,1010123456017,75,,1,0,24,1,1,,9.1524,853,184184,1.97735,245,0,6,,0,6,0,0.1,2,0,0,0,31,,3000,3000,,0,0,0,0
1613019496884,6,1010123456017,75,,1,0,24,1,1,,14.8976,859,183033,3.00832,246,0,7.8,,7.82609,23,0,0.1,7,57.1429,0,9.6048,31,,3000,3000,,0,0,0,5.86957
1613019497134,6,1010123456017,75,,1,0,24,1,1,,15.1211,859,182347,3.18882,248,0,8,,15,16,0,0,4,100,0,1.43937,0,,3000,3000,,0,0,0,10
1613019497384,6,1010123456017,75,,1,0,24,1,1,,10.6702,849,183244,2.12533,243,0,6.42857,,0.1,4,0,0.1,1,0,0,1.86292,31,,3000,2994,,0,0,0,1
1613019497635,6,1010123456017,75,,1,0,24,1,1,,16.9176,862,171645,3.756,247,0,8.66667,,0,3,0,0.1,1,0,0,0,31,,3000,2994,,0,0,0,0
1613019497885,6,1010123456017,75,,1,0,24,1,1,,11.1931,844,182962,2.4391,244,0,7,,5.38462,39,0,0.1,12,58.3333,0,3.22823,31,,3000,2988,,0,0,0,6.53846
1613019498134,6,1010123456017,75,,1,0,24,1,1,,16.4139,848,183668,3.6355,243,0,8.66667,,0.1,4,0,0.1,1,0,0,25.4005,31,,3000,2994,,0,0,0,1
1613019498384,6,1010123456017,75,,1,0,24,1,1,,13.4713,853,179347,2.82545,242,0,7.85714,,0,0,0,0,0,0,0,0,0,,3000,2982,,0,0,0,0
1613019498634,6,1010123456017,75,,1,0,24,1,1,,11.7351,853,183478,2.64022,243,0,5.83333,,0,0,0,0,0,0,0,0,0,,3000,2994,,0,0,0,0
1613019498884,6,1010123456017,75,,1,0,24,1,1,,17.2416,861,165074,4.12543,248,0,9.66667,,4.89796,49,0,0.1,14,64.2857,0,2.96692,31,,3000,2994,,0,0,0,7.12245
1613019499134,6,1010123456017,75,,1,0,24,1,1,,14.9311,856,184184,3.49578,244,0,7.5,,0,0,0,0,0,0,0,0,0,,3000,3000,,0,0,0,0
1613019499384,6,1010123456017,75,,1,0,24,1,1,,15.5768,846,183159,3.41231,244,0,8.28571,,0,0,0,0,0,0,0,0,0,,3000,2982,,0,0,0,0
1613019499635,6,1010123456017,75,,1,0,24,1,1,,11.8654,847,183601,2.54128,243,0,6.83333,,0,0,0,0,0,0,0,0,0,,3000,3000,,0,0,0,0
1613019499884,6,1010123456017,75,,1,0,24,1,1,,14.3855,856,183485,2.94031,245,0,7.6,,0.1,39,0,0.1,11,0,0,1.16507,31,,3000,3000,,0,0,0,1.10256
1613019500134,6,1010123456017,75,,1,0,24,1,1,,14.965,856,181854,3.12832,245,0,7.6,,0,3,0,0.1,1,0,0,0,31,,3000,3000,,0,0,0,0
1613019500384,6,1010123456017,75,,1,0,24,1,1,,12.809,843,178423,3.08206,241,0,7.75,,0,0,0,0,0,0,0,0,0,,3000,2994,,0,0,0,0
1613019500635,6,1010123456017,75,,1,0,24,1,1,,13.3078,848,183381,2.77453,242,0,7,,0,0,0,0,0,0,0,0,0,,3000,2994,,0,0,0,0
1613019500885,6,1010123456017,75,,1,0,24,1,1,,16.0255,825,181972,3.34032,245,0,8.2,,8.6875,32,0,0.1,11,45.4545,0,6.39403,31,,3000,2976,,0,0,0,6
1613019501135,6,1010123456017,75,,1,0,24,1,1,,12.2468,859,183781,2.58947,245,0,6.66667,,0,0,0,0,0,0,0,0,0,,3000,2994,,0,0,0,0
1613019501384,6,1010123456017,75,,1,0,24,1,1,,13.5855,842,183717,2.82609,242,0,7.57143,,0.1,7,0,0.1,2,0,0,0.546884,31,,3000,3000,,0,0,0,2
1613019501635,6,1010123456017,75,,1,0,24,1,1,,19.1898,864,163918,4.5897,248,0,10,,0,0,0,0,0,0,0,0,0,,3000,2988,,0,0,0,0
1613019501884,6,1010123456017,75,,1,0,24,1,1,,18.1273,864,165541,4.15451,247,0,9.33333,,4.13793,58,0,0.1,16,56.25,0,2.78219,31,,3000,2979,,0,0,0,6.32759
1613019502135,6,1010123456017,75,,1,0,24,1,1,,13.8472,864,183080,2.9792,248,0,7.66667,,0,0,0,0,0,0,0,0,0,,3000,3000,,0,0,0,0
1613019502384,6,1010123456017,75,,1,0,24,1,1,,7.91057,861,183295,1.84296,246,0,4.71429,,0,0,0,0,0,0,0,0,0,,3000,3000,,0,0,0,0
1613019502635,6,1010123456017,75,,1,0,24,1,1,,11.8002,856,182763,2.3263,245,0,7,,0,0,0,0,0,0,0,0,0,,3000,3000,,0,0,0,0
1613019502884,6,1010123456017,75,,1,0,24,1,1,,17.2258,837,183631,3.65802,244,0,8.6,,6.7619,42,0,0.1,12,33.3333,0,8.46405,31,,3000,2994,,0,0,0,4.59524
1613019503134,6,1010123456017,75,,1,0,24,1,1,,14.0592,862,182918,2.99505,245,0,7.2,,15,16,0,0,4,100,0,1.4105,0,,3000,2994,,0,0,0,10
1613019503384,6,1010123456017,75,,1,0,24,1,1,,17.8179,851,182846,3.79284,244,0,8.83333,,0.1,4,0,0.1,1,0,0,28.2677,31,,3000,3000,,0,0,0,1
1613019503634,6,1010123456017,75,,1,0,24,1,1,,12.6412,850,183330,2.66461,244,0,7.33333,,0,0,0,0,0,0,0,0,0,,3000,2994,,0,0,0,0
1613019503884,6,1010123456017,75,,1,0,24,1,1,,16.3531,875,182914,3.5288,250,0,8.2,,7.5,56,0,0.1,16,50,0,7.46978,31,,3000,3000,,0,0,0,5.60714
1613019504134,6,1010123456017,75,,1,0,24,1,1,,17.3995,851,175946,3.89931,244,0,9,,0,0,0,0,0,0,0,0,0,,3000,2994,,0,0,0,0
1613019504384,6,1010123456017,75,,1,0,24,1,1,,15.8265,859,183119,3.58072,248,0,8.4,,0,0,0,0,0,0,0,0,0,,3000,3000,,0,0,0,0
1613019504635,6,1010123456017,75,,1,0,24,1,1,,15.8387,862,176188,3.69453,246,0,7.8,,0.1,7,0,0.1,2,0,0,1.47242,31,,3000,3000,,0,0,0,1.42857
1613019504884,6,1010123456017,75,,1,0,24,1,1,,14.445,845,182507,2.95737,244,0,8.33333,,9.01961,51,0,0.1,15,53.3333,0,7.66392,31,,3000,3000,,0,0,0,6.01961
1613019505134,6,1010123456017,75,,1,0,24,1,1,,13.4279,846,183977,2.89976,243,0,7.5,,0,0,0,0,0,0,0,0,0,,3000,3000,,0,0,0,0
1613019505384,6,1010123456017,75,,1,0,24,1,1,,17.1622,857,180398,4.06506,245,0,8.85714,,0,3,0,0.1,1,0,0,0,31,,3000,3000,,0,0,0,0
1613019505634,6,1010123456017,75,,1,0,24,1,1,,9.84371,851,182816,2.15364,244,0,5.66667,,0,3,0,0.1,1,0,0,0,31,,3000,3000,,0,0,0,0
1613019505884,6,1010123456017,75,,1,0,24,1,1,,18.6575,835,160847,4.39512,244,0,9.83333,,0.1,43,0,0.1,12,25,0,3.40945,31,,3000,3000,,0,0,0,4.25581
1613019506134,6,1010123456017,75,,1,0,24,1,1,,16.1359,868,175448,3.63753,248,0,8.5,,0,0,0,0,0,0,0,0,0,,3000,2994,,0,0,0,0
1613019506384,6,1010123456017,75,,1,0,24,1,1,,19.9918,849,151972,4.88945,244,0,10.1429,,15,13,0,0,4,100,0,1.34744,0,,3000,3000,,0,0,0,10
1613019506634,6,1010123456017,75,,1,0,24,1,1,,13.6852,864,183261,2.97944,247,0,7.16667,,0,0,0,0,0,0,0,0,0,,3000,2994,,0,0,0,0
1613019506884,6,1010123456017,75,,1,0,24,1,1,,15.3318,853,183849,3.24103,245,0,8.16667,,0.1,25,0,0.1,8,12.5,0,1.84749,31,,3000,3000,,0,0,0,3.64
1613019507134,6,1010123456017,75,,1,0,24,1,1,,18.5758,858,170382,4.48382,245,0,9.83333,,0,6,0,0.1,2,50,0,0,31,,3000,3000,,0,0,0,0
1613019507384,6,1010123456017,75,,1,0,24,1,1,,14.6488,857,183111,3.46349,245,0,7.57143,,0.1,4,0,0.1,1,0,0,0.862776,31,,3000,3000,,0,0,0,4
1613019507634,6,1010123456017,75,,1,0,24,1,1,,14.5248,848,183087,2.93764,242,0,8.16667,,0,3,0,0.1,1,0,0,0,31,,3000,3000,,0,0,0,0
1613019507885,6,1010123456017,75,,1,0,24,1,1,,16.1142,849,183271,3.31664,241,0,8.33333,,4.5,40,0,0.1,12,50,0,3.52175,31,,3000,3000,,0,0,0,5.9
1613019508134,6,1010123456017,75,,1,0,24,1,1,,16.6596,849,172671,3.91769,242,0,8.66667,,0,0,0,0,0,0,0,0,0,,3000,3000,,0,0,0,0
1613019508384,6,1010123456017,75,,1,0,24,1,1,,14.2392,857,183788,3.0436,244,0,7.85714,,0,3,0,0.1,1,0,0,0,31,,3000,2970,,0,0,0,0
1613019508634,6,1010123456017,75,,1,0,24,1,1,,15.1021,852,182898,3.24112,244,0,7.4,,0,0,0,0,0,0,0,0,0,,3000,3000,,0,0,0,0
1613019508884,6,1010123456017,75,,1,0,24,1,1,,15.813,861,182454,3.33626,249,0,8,,5.45455,33,0,0.1,10,50,0,10.7054,31,,3000,3000,,0,0,0,5.09091
1613019509135,6,1010123456017,75,,1,0,24,1,1,,14.6963,843,183295,3.20272,241,0,8,,0,0,0,0,0,0,0,0,0,,3000,3000,,0,0,0,0
1613019509384,6,1010123456017,75,,1,0,24,1,1,,13.2277,852,183561,3.08765,245,0,7.14286,,0,3,0,0.1,1,0,0,0,31,,3000,2991,,0,0,0,0
1613019509634,6,1010123456017,75,,1,0,24,1,1,,14.8674,867,183629,3.11181,247,0,8,,0,0,0,0,0,0,0,0,0,,3000,3000,,0,0,0,0
1613019509884,6,1010123456017,75,,1,0,24,1,1,,14.7969,842,184411,3.47226,242,0,7.66667,,0.1,33,0,0.1,9,11.1111,0,4.55289,31,,3000,2982,,0,0,0,2.30303
1613019510134,6,1010123456017,75,,1,0,24,1,1,,18.0233,857,170826,3.86095,246,0,9.5,,0,0,0,0,0,0,0,0,0,,3000,3000,,0,0,0,0
1613019510384,6,1010123456017,75,,1,0,24,1,1,,18.7274,851,167887,4.31778,245,0,9.42857,,12,20,0,0.1,5,80,0,7.10702,31,,3000,2988,,0,0,0,8.2
1613019510634,6,1010123456017,75,,1,0,24,1,1,,17.4028,869,174269,4.0701,248,0,8.5,,0,12,0,0,4,100,0,0,0,,3000,3000,,0,0,0,0
1613019510884,6,1010123456017,75,,1,0,24,1,1,,13.0653,858,182661,3.02236,247,0,7.5,,9,10,0,0.1,3,66.6667,0,10.9458,31,,3000,3000,,0,0,0,6.4
1613019511135,6,1010123456017,75,,1,0,24,1,1,,15.2679,866,183800,3.24733,247,0,8.16667,,3.46154,26,0,0.1,8,37.5,0,5.34954,31,,3000,3000,,0,0,0,4.57692
1613019511385,6,1010123456017,75,,1,0,24,1,1,,15.1984,852,183110,3.22138,244,0,8.28571,,0,3,0,0.1,1,0,0,0,31,,3000,2952,,0,0,0,0
1613019511634,6,1010123456017,75,,1,0,24,1,1,,15.2148,866,183448,3.23865,247,0,8.33333,,0,0,0,0,0,0,0,0,0,,3000,3000,,0,0,0,0
1613019511884,6,1010123456017,75,,1,0,24,1,1,,17.2998,864,183046,3.71775,247,0,8.83333,,15,16,0,0,4,100,0,1.31905,0,,3000,3000,,0,0,0,10
1613019512134,6,1010123456017,75,,1,0,24,1,1,,15.0502,856,184128,3.18146,243,0,8.2,,0.1,7,0,0.1,2,0,0,2.69875,31,,3000,3000,,0,0,0,1
1613019512384,6,1010123456017,75,,1,0,24,1,1,,16.4496,863,175258,4.02458,247,0,7.66667,,0,0,0,0,0,0,0,0,0,,3000,3000,,0,0,0,0
1613019512634,6,1010123456017,75,,1,0,24,1,1,,13.7853,857,182778,2.81083,243,0,8.33333,,0,3,0,0.1,1,0,0,0,31,,3000,3000,,0,0,0,0
1613019512884,6,1010123456017,75,,1,0,24,1,1,,10.3376,859,182239,2.26355,245,0,5.5,,9.47368,19,0,0.1,6,66.6667,0,1.74533,0,,3000,3000,,0,0,0,7.15789
1613019513134,6,1010123456017,75,,1,0,24,1,1,,15.4438,854,183304,3.35142,245,0,8.33333,,0,3,0,0.1,1,0,0,0,31,,3000,2988,,0,0,0,0
1613019513384,6,1010123456017,75,,1,0,24,1,1,,9.86675,848,183216,2.11213,244,0,5.71429,,0,0,0,0,0,0,0,0,0,,3000,2976,,0,0,0,0
1613019513635,6,1010123456017,75,,1,0,24,1,1,,16.0141,849,183149,3.69472,244,0,8.83333,,0,0,0,0,0,0,0,0,0,,3000,3000,,0,0,0,0
1613019513884,6,1010123456017,75,,1,0,24,1,1,,18.18,861,172203,4.32614,247,0,9.5,,10.1481,54,0,0.1,15,80,0,2.53931,31,,3000,3000,,0,0,0,8.33333
1613019514134,6,1010123456017,75,,1,0,24,1,1,,15.8515,862,184096,3.34863,246,0,8.16667,,0,0,0,0,0,0,0,0,0,,3000,2988,,0,0,0,0
1613019514384,6,1010123456017,75,,1,0,24,1,1,,17.1974,856,183041,3.60254,245,0,8.83333,,0,0,0,0,0,0,0,0,0,,3000,3000,,0,0,0,0
1613019514634,6,1010123456017,75,,1,0,24,1,1,,15.9604,859,183705,3.58525,245,0,8.4,,0,0,0,0,0,0,0,0,0,,3000,3000,,0,0,0,0
1613019514884,6,1010123456017,75,,1,0,24,1,1,,12.9371,859,182415,2.7697,247,0,7,,6.2069,29,0,0.1,9,44.4444,0,5.00199,31,,3000,3000,,0,0,0,4.86207
1613019515134,6,1010123456017,75,,1,0,24,1,1,,12.6129,855,182881,2.80832,245,0,6.83333,,0,0,0,0,0,0,0,0,0,,3000,2994,,0,0,0,0
1613019515384,6,1010123456017,75,,1,0,24,1,1,,16.3183,842,180591,3.31663,242,0,9,,0,3,0,0.1,1,0,0,0,31,,3000,3000,,0,0,0,0
1613019515634,6,1010123456017,75,,1,0,24,1,1,,14.6206,846,183671,3.49712,244,0,6.66667,,0.1,4,0,0.1,1,0,0,1.30085,31,,3000,2988,,0,0,0,1
1613019515884,6,1010123456017,75,,1,0,24,1,1,,12.8993,844,182110,2.55017,246,0,7.66667,,6.21429,56,0,0.1,17,47.0588,0,7.00673,31,,3000,2970,,0,0,0,5.5
1613019516134,6,1010123456017,75,,1,0,24,1,1,,13.6624,850,183809,2.97529,244,0,7.33333,,0,0,0,0,0,0,0,0,0,,3000,2994,,0,0,0,0
1613019516384,6,1010123456017,75,,1,0,24,1,1,,14.7783,857,181912,3.43855,245,0,8.42857,,0,0,0,0,0,0,0,0,0,,3000,2988,,0,0,0,0
1613019516634,6,1010123456017,75,,1,0,24,1,1,,17.6698,860,182914,4.0311,244,0,8.5,,0,0,0,0,0,0,0,0,0,,3000,3000,,0,0,0,0
1613019516885,6,1010123456017,75,,1,0,24,1,1,,15.0156,831,183399,3.1087,247,0,8.16667,,9.75,20,0,0.1,6,66.6667,0,2.26335,31,,3000,2994,,0,0,0,6.85
1613019517134,6,1010123456017,75,,1,0,24,1,1,,17.674,862,178607,4.23775,244,0,9.16667,,0.1,4,0,0.1,1,0,0,0.1,31,,3000,3000,,0,0,0,1
1613019517384,6,1010123456017,75,,1,0,24,1,1,,13.8273,857,182863,2.89317,246,0,7.42857,,0,3,0,0.1,1,0,0,0,31,,3000,2994,,0,0,0,0
1613019517634,6,1010123456017,75,,1,0,24,1,1,,17.6427,848,180149,4.15945,243,0,9.33333,,15,16,0,0,4,100,0,0.945307,0,,3000,2988,,0,0,0,10
1613019517884,6,1010123456017,75,,1,0,24,1,1,,13.0357,840,182744,2.86876,246,0,7.16667,,14.6471,85,0,0.191357,27,77.7778,0,6.0483,31,,3000,2994,,0,0,0,7.92941
1613019518134,6,1010123456017,75,,1,0,24,1,1,,10.8695,843,183292,2.39553,241,0,6,,0,0,0,0,0,0,0,0,0,,3000,3000,,0,0,0,0
1613019518385,6,1010123456017,75,,1,0,24,1,1,,18.6855,865,171841,4.45283,247,0,9.14286,,0,0,0,0,0,0,0,0,0,,3000,2994,,0,0,0,0
1613019518634,6,1010123456017,75,,1,0,24,1,1,,13.8773,856,184328,2.95923,246,0,7,,0,0,0,0,0,0,0,0,0,,3000,3000,,0,0,0,0
1613019518884,6,1010123456017,75,,1,0,24,1,1,,15.0943,848,184027,3.4658,245,0,8.66667,,9.46988,83,0,0.1,23,56.5217,0,9.50908,31,,3000,2994,,0,0,0,5.84337
1613019519134,6,1010123456017,75,,1,0,24,1,1,,14.6794,867,182482,3.04498,247,0,7.8,,0,3,0,0.1,1,0,0,0,31,,3000,3000,,0,0,0,0
1613019519384,6,1010123456017,75,,1,0,24,1,1,,12.7349,860,183589,3.06271,245,0,6.66667,,0,0,0,0,0,0,0,0,0,,3000,3000,,0,0,0,0
1613019519634,6,1010123456017,75,,1,0,24,1,1,,11.5897,853,182671,2.4808,243,0,6.33333,,0,12,0,0,4,100,0,0,0,,3000,2988,,0,0,0,0
1613019519884,6,1010123456017,75,,1,0,24,1,1,,16.6362,852,182599,3.50657,246,0,8.83333,,1.62162,37,0,0.1,10,20,0,16.6683,31,,3000,3000,,0,0,0,2.89189
1613019520135,6,1010123456017,75,,1,0,24,1,1,,12.0909,858,184060,2.50938,245,0,6.2,,0,0,0,0,0,0,0,0,0,,3000,2994,,0,0,0,0
1613019520384,6,1010123456017,75,,1,0,24,1,1,,13.9119,851,182586,2.84787,244,0,7.5,,0,0,0,0,0,0,0,0,0,,3000,3000,,0,0,0,0
1613019520634,6,1010123456017,75,,1,0,24,1,1,,17.7822,863,146673,4.39833,244,0,7.75,,0,0,0,0,0,0,0,0,0,,3000,3000,,0,0,0,0
1613019520884,6,1010123456017,75,,1,0,24,1,1,,13.5438,857,171453,3.22387,247,0,7.16667,,14.375,32,0,0.1,9,44.4444,0,18.7933,31,,3000,2988,,0,0,0,5.21875
1613019521134,6,1010123456017,75,,1,0,24,1,1,,15.1823,834,182514,3.31765,240,0,8.16667,,0.1,4,0,0.1,1,0,0,27.4265,31,,3000,3000,,0,0,0,1
1613019521385,6,1010123456017,75,,1,0,24,1,1,,19.4657,859,137589,5.04253,247,0,9.5,,0,12,0,0,4,100,0,0,0,,3000,3000,,0,0,0,0
1613019521634,6,1010123456017,75,,1,0,24,1,1,,17.2333,866,152938,3.66988,245,0,8.83333,,0,0,0,0,0,0,0,0,0,,3000,3000,,0,0,0,0
1613019521884,6,1010123456017,75,,1,0,24,1,1,,15.6487,854,173313,3.50699,245,0,8.16667,,0.1,33,0,0.1,9,11.1111,0,3.88557,31,,3000,2994,,0,0,0,2.39394
1613019522135,6,1010123456017,75,,1,0,24,1,1,,17.8143,851,167985,3.86998,243,0,9.33333,,0,0,0,0,0,0,0,0,0,,3000,3000,,0,0,0,0
1613019522384,6,1010123456017,75,,1,0,24,1,1,,12.2864,852,184114,2.69578,246,0,6.85714,,0.1,4,0,0.1,1,0,0,2.58229,31,,3000,2988,,0,0,0,1
1613019522635,6,1010123456017,75,,1,0,24,1,1,,16.3329,850,175317,3.34867,242,0,9.33333,,0,3,0,0.1,1,0,0,0,0,,3000,3000,,0,0,0,0
1613019522884,6,1010123456017,75,,1,0,24,1,1,,14.6927,833,183228,3.36646,243,0,7.5,,14.5745,94,0,0.137831,30,80,0,6.50727,31,,3000,2994,,0,0,0,8.18085
1613019523134,6,1010123456017,75,,1,0,24,1,1,,17.8941,859,173289,4.20418,247,0,9.66667,,0,0,0,0,0,0,0,0,0,,3000,2994,,0,0,0,0
1613019523384,6,1010123456017,75,,1,0,24,1,1,,14.0413,848,172384,3.21067,242,0,7.71429,,15,16,0,0,4,100,0,1.41218,0,,3000,3000,,0,0,0,10
1613019523634,6,1010123456017,75,,1,0,24,1,1,,12.0689,856,182368,2.82978,243,0,6.5,,0,0,0,0,0,0,0,0,0,,3000,3000,,0,0,0,0
1613019523884,6,1010123456017,75,,1,0,24,1,1,,18.6733,860,160375,4.74824,247,0,9.33333,,0,0,0,0,0,0,0,0,0,,3000,2952,,0,0,0,0
1613019524135,6,1010123456017,75,,1,0,24,1,1,,16.0724,843,176938,3.5857,243,0,8.66667,,0.1,37,0,0.1,10,10,0,4.19946,31,,3000,2982,,0,0,0,2.67568
1613019524384,6,1010123456017,75,,1,0,24,1,1,,20.3632,859,141382,5.16125,246,0,10.8571,,0,0,0,0,0,0,0,0,0,,3000,3000,,0,0,0,0
1613019524634,6,1010123456017,75,,1,0,24,1,1,,17.2317,859,132074,4.43425,246,0,8.83333,,0,0,0,0,0,0,0,0,0,,3000,3000,,0,0,0,0
1613019524884,6,1010123456017,75,,1,0,24,1,1,,15.191,864,159581,3.43451,247,0,7.66667,,15.625,32,0,0.1,9,77.7778,0,12.7559,31,,3000,2967,,0,0,0,8.03125
1613019525135,6,1010123456017,75,,1,0,24,1,1,,13.3415,858,183387,2.85152,246,0,7.6,,0,3,0,0,1,100,0,0,0,,3000,2994,,0,0,0,0
1613019525384,6,1010123456017,75,,1,0,24,1,1,,15.555,863,183635,3.38747,247,0,7.42857,,0,0,0,0,0,0,0,0,0,,3000,3000,,0,0,0,0
1613019525634,6,1010123456017,75,,1,0,24,1,1,,12.6172,862,183678,2.59267,245,0,7.83333,,0,0,0,0,0,0,0,0,0,,3000,2994,,0,0,0,0
1613019525884,6,1010123456017,75,,1,0,24,1,1,,15.6761,846,183561,3.28671,243,0,8.5,,3.45455,44,0,0.1,13,46.1538,0,11.5555,31,,3000,2994,,0,0,0,5.5
1613019526135,6,1010123456017,75,,1,0,24,1,1,,17.1313,868,182818,3.65901,248,0,8.83333,,0,0,0,0,0,0,0,0,0,,3000,3000,,0,0,0,0
1613019526384,6,1010123456017,75,,1,0,24,1,1,,15.4988,866,182925,3.34911,249,0,8.16667,,0,3,0,0.1,1,0,0,0,31,,3000,3000,,0,0,0,0
1613019526635,6,1010123456017,75,,1,0,24,1,1,,15.4693,846,182367,3.21853,243,0,8.16667,,9.54545,11,0,0.1,3,66.6667,0,10.7723,31,,3000,3000,,0,0,0,6.72727
1613019526885,6,1010123456017,75,,1,0,24,1,1,,8.59181,855,182640,1.88083,244,0,5.6,,2.14286,42,0,0.1,12,25,0,3.23715,31,,3000,2994,,0,0,0,3.38095
1613019527134,6,1010123456017,75,,1,0,24,1,1,,12.4244,853,183560,2.60938,245,0,6.83333,,0,0,0,0,0,0,0,0,0,,3000,2994,,0,0,0,0
1613019527384,6,1010123456017,75,,1,0,24,1,1,,15.8637,866,182929,3.44308,246,0,8.42857,,0.1,7,0,0.1,2,0,0,11.9274,31,,3000,3000,,0,0,0,1
1613019527634,6,1010123456017,75,,1,0,24,1,1,,14.0174,862,182853,2.93137,247,0,7.83333,,0,0,0,0,0,0,0,0,0,,3000,2994,,0,0,0,0
1613019527884,6,1010123456017,75,,1,0,24,1,1,,15.4005,844,167724,3.63733,244,0,8,,11.6346,52,0,0.1,16,62.5,0,10.0171,31,,3000,2988,,0,0,0,6.88462
1613019528135,6,1010123456017,75,,1,0,24,1,1,,14.6213,853,168895,3.7288,245,0,7.5,,0,0,0,0,0,0,0,0,0,,3000,3000,,0,0,0,0
1613019528384,6,1010123456017,75,,1,0,24,1,1,,13.624,859,179917,3.11014,245,0,7.71429,,0,0,0,0,0,0,0,0,0,,3000,3000,,0,0,0,0
1613019528634,6,1010123456017,75,,1,0,24,1,1,,18.7093,860,170640,4.4373,245,0,9,,0,0,0,0,0,0,0,0,0,,3000,3000,,0,0,0,0
1613019528884,6,1010123456017,75,,1,0,24,1,1,,17.3314,863,183126,3.73333,248,0,8.83333,,3.2069,29,0,0.102522,9,11.1111,0,12.8949,31,,3000,3000,,0,0,0,2.27586
1613019529134,6,1010123456017,75,,1,0,24,1,1,,17.4666,853,183687,3.91014,243,0,9,,0,0,0,0,0,0,0,0,0,,3000,3000,,0,0,0,0
1613019529384,6,1010123456017,75,,1,0,24,1,1,,14.819,862,183034,3.1183,245,0,8.14286,,0,0,0,0,0,0,0,0,0,,3000,3000,,0,0,0,0
1613019529634,6,1010123456017,75,,1,0,24,1,1,,16.6061,848,175516,3.5315,242,0,9.16667,,0,0,0,0,0,0,0,0,0,,3000,3000,,0,0,0,0
1613019529884,6,1010123456017,75,,1,0,24,1,1,,17.0752,838,162069,4.26002,247,0,8.83333,,9.47368,19,0,0.1,6,66.6667,0,2.61559,31,,3000,3000,,0,0,0,6.68421
1613019530134,6,1010123456017,75,,1,0,24,1,1,,11.3544,855,182527,2.48765,244,0,6,,0.1,4,0,0.1,1,0,0,1.32913,31,,3000,3000,,0,0,0,1
1613019530384,6,1010123456017,75,,1,0,24,1,1,,19.3606,857,170791,4.53253,245,0,9.71429,,0,3,0,0.1,1,0,0,0,31,,3000,2994,,0,0,0,0
1613019530634,6,1010123456017,75,,1,0,24,1,1,,16.4573,844,183026,3.44623,244,0,8.2,,0,0,0,0,0,0,0,0,0,,3000,2970,,0,0,0,0
1613019530884,6,1010123456017,75,,1,0,24,1,1,,15.8893,849,182901,3.32816,245,0,8.5,,0.1,53,0,0.1,14,42.8571,0,3.43245,31,,3000,2982,,0,0,0,5.43396
1613019531135,6,1010123456017,75,,1,0,24,1,1,,16.9478,862,160395,4.26221,246,0,8.83333,,0,0,0,0,0,0,0,0,0,,3000,2988,,0,0,0,0
1613019531385,6,1010123456017,75,,1,0,24,1,1,,15.0413,847,182860,3.27555,245,0,8,,0,0,0,0,0,0,0,0,0,,3000,3000,,0,0,0,0
1613019531634,6,1010123456017,75,,1,0,24,1,1,,12.6185,852,183262,2.63425,243,0,6.16667,,0.1,4,0,0.1,1,0,0,2.15419,31,,3000,3000,,0,0,0,1
1613019531884,6,1010123456017,75,,1,0,24,1,1,,17.3659,869,165459,4.1307,248,0,9.83333,,0.1,30,0,0.1,9,0,0,3.64795,31,,3000,2982,,0,0,0,1.2
1613019532134,6,1010123456017,75,,1,0,24,1,1,,14.9884,861,182341,3.13173,247,0,7.83333,,0,0,0,0,0,0,0,0,0,,3000,3000,,0,0,0,0
1613019532384,6,1010123456017,75,,1,0,24,1,1,,15.2832,858,182857,3.29571,247,0,8,,0,0,0,0,0,0,0,0,0,,3000,3000,,0,0,0,0
1613019532635,6,1010123456017,75,,1,0,24,1,1,,16.6061,858,178352,3.65994,245,0,9,,0,0,0,0,0,0,0,0,0,,3000,3000,,0,0,0,0
1613019532884,6,1010123456017,75,,1,0,24,1,1,,15.1452,854,182894,3.68032,246,0,8.16667,,15,12,0,0,3,100,0,1.24584,0,,3000,2994,,0,0,0,10
1613019533134,6,1010123456017,75,,1,0,24,1,1,,14.9083,851,183130,3.09825,241,0,8,,5.45455,11,0,0.1,3,33.3333,0,1.15642,31,,3000,2988,,0,0,0,4.27273
1613019533384,6,1010123456017,75,,1,0,24,1,1,,18.2688,863,179302,4.32713,246,0,9.83333,,0,0,0,0,0,0,0,0,0,,3000,2988,,0,0,0,0
1613019533634,6,1010123456017,75,,1,0,24,1,1,,16.6767,866,163001,4.08106,247,0,8.33333,,0,0,0,0,0,0,0,0,0,,3000,3000,,0,0,0,0
1613019533884,6,1010123456017,75,,1,0,24,1,1,,16.2844,844,182881,3.42805,246,0,8.33333,,3.42857,56,0,0.1,17,23.5294,0,5.90633,31,,3000,2970,,0,0,0,3.32143
1613019534134,6,1010123456017,75,,1,0,24,1,1,,10.1455,852,182979,2.21729,245,0,6.8,,0,0,0,0,0,0,0,0,0,,3000,3000,,0,0,0,0
1613019534384,6,1010123456017,75,,1,0,24,1,1,,15.0565,867,183721,3.30602,248,0,7.71429,,0.1,4,0,0.1,1,0,0,29.1622,31,,3000,3000,,0,0,0,1
1613019534635,6,1010123456017,75,,1,0,24,1,1,,8.16125,862,183111,1.78723,247,0,4.5,,0,0,0,0,0,0,0,0,0,,3000,3000,,0,0,0,0
1613019534884,6,1010123456017,75,,1,0,24,1,1,,15.3283,865,182026,3.23608,247,0,8.6,,11.3684,19,0,0.1,6,66.6667,0,14.108,0,,3000,3000,,0,0,0,6.68421
1613019535134,6,1010123456017,75,,1,0,24,1,1,,17.8545,852,183553,3.80806,246,0,9,,0,0,0,0,0,0,0,0,0,,3000,3000,,0,0,0,0
1613019535385,6,1010123456017,75,,1,0,24,1,1,,17.0511,862,183129,3.85898,247,0,8.57143,,0,0,0,0,0,0,0,0,0,,3000,3000,,0,0,0,0
1613019535635,6,1010123456017,75,,1,0,24,1,1,,13.2047,855,183317,2.90877,245,0,7.5,,15,7,0,0.1,2,0,0,30.6836,31,,3000,2994,,0,0,0,1
1613019535885,6,1010123456017,75,,1,0,24,1,1,,11.354,856,184119,2.41485,244,0,6.2,,13.6154,13,0,0.1,4,75,0,10.196,31,,3000,2988,,0,0,0,7.92308
1613019536135,6,1010123456017,75,,1,0,24,1,1,,15.3965,850,182570,3.51322,244,0,8.16667,,7,36,0,0.1,10,50,0,1.42908,0,,3000,3000,,0,0,0,5.77778
1613019536384,6,1010123456017,75,,1,0,24,1,1,,13.3581,863,182712,2.76353,247,0,7.57143,,0,0,0,0,0,0,0,0,0,,3000,3000,,0,0,0,0
1613019536634,6,1010123456017,75,,1,0,24,1,1,,17.927,849,173997,4.00906,244,0,9,,0,0,0,0,0,0,0,0,0,,3000,2982,,0,0,0,0
1613019536885,6,1010123456017,75,,1,0,24,1,1,,14.5523,842,172569,3.15213,242,0,8,,9.40909,22,0,0.1,7,57.1429,0,14.3646,31,,3000,2982,,0,0,0,5.90909
1613019537134,6,1010123456017,75,,1,0,24,1,1,,16.4795,855,181982,3.71614,245,0,8.6,,0,0,0,0,0,0,0,0,0,,3000,3000,,0,0,0,0
1613019537384,6,1010123456017,75,,1,0,24,1,1,,15.0972,864,181170,3.1911,247,0,8.57143,,0,12,0,0,4,100,0,0,0,,3000,3000,,0,0,0,0
1613019537634,6,1010123456017,75,,1,0,24,1,1,,18.7682,854,172290,4.46834,243,0,9.33333,,0,0,0,0,0,0,0,0,0,,3000,2985,,0,0,0,0
1613019537884,6,1010123456017,75,,1,0,24,1,1,,16.3785,848,180799,3.75573,245,0,8.33333,,15.4,85,0,0.191004,28,82.1429,0,6.01067,31,,3000,3000,,0,0,0,8.30588
1613019538134,6,1010123456017,75,,1,0,24,1,1,,17.7736,857,177463,3.95855,246,0,9.33333,,0,3,0,0,1,100,0,0,0,,3000,3000,,0,0,0,0
1613019538384,6,1010123456017,75,,1,0,24,1,1,,19.3314,845,166959,4.47123,243,0,9.71429,,0,0,0,0,0,0,0,0,0,,3000,2934,,0,0,0,0
1613019538635,6,1010123456017,75,,1,0,24,1,1,,14.9639,858,182862,3.23178,245,0,8,,0,0,0,0,0,0,0,0,0,,3000,3000,,0,0,0,0
1613019538884,6,1010123456017,75,,1,0,24,1,1,,14.8766,859,183825,3.07518,247,0,8.75,,3.82979,47,0,0.1,14,50,0,5.028,31,,3000,3000,,0,0,0,5.85106
1613019539135,6,1010123456017,75,,1,0,24,1,1,,15.5088,851,184185,3.30563,245,0,8.16667,,0,0,0,0,0,0,0,0,0,,3000,3000,,0,0,0,0
1613019539384,6,1010123456017,75,,1,0,24,1,1,,16.0245,856,183832,3.40527,245,0,8.14286,,0,0,0,0,0,0,0,0,0,,3000,2994,,0,0,0,0
1613019539634,6,1010123456017,75,,1,0,24,1,1,,11.5093,856,164235,2.89134,245,0,7.16667,,0,0,0,0,0,0,0,0,0,,3000,2994,,0,0,0,0
1613019539885,6,1010123456017,75,,1,0,24,1,1,,15.0186,858,173893,3.46643,246,0,8.16667,,2.06452,31,0,0.1,9,0,0,13.73,31,,3000,3000,,0,0,0,1.09677
1613019540134,6,1010123456017,75,,1,0,24,1,1,,19.8867,847,156855,4.664,241,0,9.6,,0,0,0,0,0,0,0,0,0,,3000,3000,,0,0,0,0
1613019540384,6,1010123456017,75,,1,0,24,1,1,,15.3845,853,183218,3.21018,245,0,8.28571,,0,0,0,0,0,0,0,0,0,,3000,2994,,0,0,0,0
1613019540634,6,1010123456017,75,,1,0,24,1,1,,15.0082,854,183631,3.61259,243,0,7.66667,,15,13,0,0,4,100,0,2.9288,0,,3000,2994,,0,0,0,10
1613019540885,6,1010123456017,75,,1,0,24,1,1,,15.0739,853,172657,3.38656,246,0,8.33333,,0.1,25,0,0.1,8,25,0,4.28663,31,,3000,2970,,0,0,0,4.56
1613019541134,6,1010123456017,75,,1,0,24,1,1,,13.8734,837,183667,3.16029,244,0,7,,0.1,12,0,0.1,3,33.3333,0,10.9041,0,,3000,3000,,0,0,0,4.66667
1613019541385,6,1010123456017,75,,1,0,24,1,1,,8.92459,862,181714,1.78787,247,0,7.2,,0,3,0,0.1,1,0,0,0,31,,3000,3000,,0,0,0,0
1613019541634,6,1010123456017,75,,1,0,24,1,1,,18.7887,866,179359,4.32029,245,0,8.83333,,0,0,0,0,0,0,0,0,0,,3000,3000,,0,0,0,0
1613019541885,6,1010123456017,75,,1,0,24,1,1,,14.9564,848,176466,3.52314,246,0,7.83333,,15.3684,19,0,0.1,6,33.3333,0,27.1233,31,,3000,2994,,0,0,0,3.84211
1613019542134,6,1010123456017,75,,1,0,24,1,1,,15.7037,854,183555,3.28447,245,0,8,,0,0,0,0,0,0,0,0,0,,3000,3000,,0,0,0,0
1613019542384,6,1010123456017,75,,1,0,24,1,1,,18.0944,847,178663,3.71274,243,0,9.66667,,0,12,0,0,4,100,0,0,0,,3000,3000,,0,0,0,0
1613019542634,6,1010123456017,75,,1,0,24,1,1,,21.0702,855,145639,5.33565,244,0,10,,0,0,0,0,0,0,0,0,0,,3000,3000,,0,0,0,0
1613019542884,6,1010123456017,75,,1,0,24,1,1,,16.6993,838,157441,3.80726,247,0,9.2,,14.3158,95,0,0.119454,30,80,0,6.72191,31,,3000,3000,,0,0,0,7.82105
1613019543134,6,1010123456017,75,,1,0,24,1,1,,13.2724,859,182585,2.83377,245,0,7,,0,0,0,0,0,0,0,0,0,,3000,3000,,0,0,0,0
1613019543384,6,1010123456017,75,,1,0,24,1,1,,17.993,855,171691,4.05173,244,0,9,,0.1,4,0,0.1,1,0,0,1.31852,31,,3000,3000,,0,0,0,1
1613019543634,6,1010123456017,75,,1,0,24,1,1,,14.8036,840,184338,3.13378,243,0,8.4,,0,0,0,0,0,0,0,0,0,,3000,2982,,0,0,0,0
1613019543884,6,1010123456017,75,,1,0,24,1,1,,12.686,847,183211,2.63335,243,0,6.25,,0.1,32,0,0.1,9,0,0,8.04261,31,,3000,3000,,0,0,0,1.5
1613019544134,6,1010123456017,75,,1,0,24,1,1,,12.6818,858,182846,2.729,244,0,7,,0,0,0,0,0,0,0,0,0,,3000,2994,,0,0,0,0
1613019544384,6,1010123456017,75,,1,0,24,1,1,,20.4965,850,148486,5.09205,244,0,10.2857,,15,16,0,0,4,100,0,1.69261,0,,3000,3000,,0,0,0,10
1613019544634,6,1010123456017,75,,1,0,24,1,1,,16.5012,850,160403,3.84643,244,0,7.83333,,0,0,0,0,0,0,0,0,0,,3000,2994,,0,0,0,0
1613019544884,6,1010123456017,75,,1,0,24,1,1,,15.8812,850,183533,3.30021,243,0,8.83333,,11.4706,17,0,0.1,5,80,0,8.68006,31,,3000,2994,,0,0,0,7.88235
1613019545134,6,1010123456017,75,,1,0,24,1,1,,16.3143,859,169548,3.50143,246,0,8.5,,0,0,0,0,0,0,0,0,0,,3000,2994,,0,0,0,0
1613019545384,6,1010123456017,75,,1,0,24,1,1,,11.9168,853,184269,2.91566,244,0,5.66667,,5.14286,7,0,0.1,2,0,0,33.2348,31,,3000,3000,,0,0,0,1
1613019545634,6,1010123456017,75,,1,0,24,1,1,,15.5917,862,183078,3.30583,246,0,8.33333,,0,0,0,0,0,0,0,0,0,,3000,3000,,0,0,0,0
1613019545885,6,1010123456017,75,,1,0,24,1,1,,16.21,838,183058,3.35235,241,0,8.4,,6.61905,63,0,0.1,18,72.2222,0,2.71956,31,,3000,2988,,0,0,0,7.61905
1613019546135,6,1010123456017,75,,1,0,24,1,1,,14.4456,855,184055,3.02006,245,0,8,,0,0,0,0,0,0,0,0,0,,3000,3000,,0,0,0,0
1613019546384,6,1010123456017,75,,1,0,24,1,1,,14.0468,855,182978,2.90432,245,0,7.71429,,0,0,0,0,0,0,0,0,0,,3000,2994,,0,0,0,0
1613019546634,6,1010123456017,75,,1,0,24,1,1,,10.1669,857,182918,2.13031,246,0,6.16667,,0,0,0,0,0,0,0,0,0,,3000,2952,,0,0,0,0
1613019546885,6,1010123456017,75,,1,0,24,1,1,,13.1864,853,183258,2.71149,246,0,7,,0.1,28,0,0.1,8,25,0,1.09729,31,,3000,2994,,0,0,0,6.03571
1613019547134,6,1010123456017,75,,1,0,24,1,1,,16.6908,857,175931,3.83894,243,0,8.83333,,0,9,0,0.1,3,0,0,0,31,,3000,3000,,0,0,0,0
1613019547384,6,1010123456017,75,,1,0,24,1,1,,16.9917,848,180761,3.80716,242,0,8.85714,,0,0,0,0,0,0,0,0,0,,3000,3000,,0,0,0,0
1613019547634,6,1010123456017,75,,1,0,24,1,1,,15.4381,856,183106,3.2782,246,0,8.16667,,0,0,0,0,0,0,0,0,0,,3000,3000,,0,0,0,0
1613019547884,6,1010123456017,75,,1,0,24,1,1,,12.605,843,184230,2.63547,245,0,6.6,,15.1184,76,0,0.185671,25,80,0,7.05876,31,,3000,2982,,0,0,0,7.98684
1613019548134,6,1010123456017,75,,1,0,24,1,1,,17.6803,854,147436,4.41304,244,0,9.33333,,0,0,0,0,0,0,0,0,0,,3000,3000,,0,0,0,0
1613019548385,6,1010123456017,75,,1,0,24,1,1,,15.2072,859,171929,3.40544,246,0,8.14286,,0.1,4,0,0.1,1,0,0,2.3226,31,,3000,3000,,0,0,0,1
1613019548634,6,1010123456017,75,,1,0,24,1,1,,5.58621,841,183571,1.33568,241,0,4.4,,7.5,8,0,0.1,2,0,0,29.2298,31,,3000,3000,,0,0,0,1
1613019548885,6,1010123456017,75,,1,0,24,1,1,,15.1081,842,181425,3.54611,246,0,7.83333,,11.55,20,0,0.1,6,66.6667,0,13.0245,0,,3000,2988,,0,0,0,6.85
1613019549134,6,1010123456017,75,,1,0,24,1,1,,11.9917,848,184436,2.59532,247,0,6.5,,0,0,0,0,0,0,0,0,0,,3000,3000,,0,0,0,0
1613019549384,6,1010123456017,75,,1,0,24,1,1,,13.4443,871,183241,2.88476,248,0,7.42857,,0,0,0,0,0,0,0,0,0,,3000,2994,,0,0,0,0
1613019549635,6,1010123456017,75,,1,0,24,1,1,,11.5579,855,183749,2.5849,246,0,5.83333,,12.6316,19,0,0.1,5,80,0,2.08627,0,,3000,3000,,0,0,0,8.73684
1613019549884,6,1010123456017,75,,1,0,24,1,1,,10.8636,836,182875,2.20559,245,0,6.5,,6.66667,27,0,0.1,8,50,0,14.5047,31,,3000,2988,,0,0,0,5.33333
1613019550134,6,1010123456017,75,,1,0,24,1,1,,13.9342,866,167819,3.07512,247,0,7.33333,,0,0,0,0,0,0,0,0,0,,3000,2994,,0,0,0,0
1613019550384,6,1010123456017,75,,1,0,24,1,1,,16.5926,869,176472,3.92633,249,0,8.71429,,0,0,0,0,0,0,0,0,0,,3000,3000,,0,0,0,0
1613019550634,6,1010123456017,75,,1,0,24,1,1,,11.2055,871,183156,2.30827,249,0,6.33333,,0,0,0,0,0,0,0,0,0,,3000,3000,,0,0,0,0
1613019550884,6,1010123456017,75,,1,0,24,1,1,,16.0329,850,169361,3.53459,244,0,8.33333,,15,12,0,0,3,100,0,3.49509,0,,3000,3000,,0,0,0,10
1613019551135,6,1010123456017,75,,1,0,24,1,1,,17.6859,850,168851,4.18317,242,0,9.16667,,2.4,25,0,0.1,8,37.5,0,1.82882,31,,3000,2994,,0,0,0,4.84
1613019551384,6,1010123456017,75,,1,0,24,1,1,,13.8522,859,173931,3.19418,245,0,7.66667,,0,0,0,0,0,0,0,0,0,,3000,3000,,0,0,0,0
1613019551634,6,1010123456017,75,,1,0,24,1,1,,12.083,855,183834,2.5849,247,0,6.5,,0,0,0,0,0,0,0,0,0,,3000,3000,,0,0,0,0
1613019551885,6,1010123456017,75,,1,0,24,1,1,,18.8369,852,174803,4.13958,244,0,9.83333,,2.2069,29,0,0.1,8,0,0,12.9792,31,,3000,3000,,0,0,0,1.24138
1613019552134,6,1010123456017,75,,1,0,24,1,1,,15.3263,852,182891,3.32129,245,0,7.83333,,0,0,0,0,0,0,0,0,0,,3000,2988,,0,0,0,0
1613019552384,6,1010123456017,75,,1,0,24,1,1,,18.7567,859,182172,4.26455,246,0,9,,15,16,0,0,4,100,0,2.88926,0,,3000,3000,,0,0,0,10
1613019552634,6,1010123456017,75,,1,0,24,1,1,,13.1977,860,183741,2.80369,245,0,7.33333,,0,0,0,0,0,0,0,0,0,,3000,3000,,0,0,0,0
1613019552885,6,1010123456017,75,,1,0,24,1,1,,9.71919,844,182123,2.1504,244,0,5.66667,,0.1,20,0,0.1,6,16.6667,0,3.84146,31,,3000,3000,,0,0,0,3.25
1613019553134,6,1010123456017,75,,1,0,24,1,1,,15.8713,855,173203,3.39807,245,0,8.5,,6.85714,7,0,0.1,2,0,0,10.8636,0,,3000,2982,,0,0,0,1
1613019553385,6,1010123456017,75,,1,0,24,1,1,,16.993,857,177509,3.94874,244,0,8.85714,,0,12,0,0,4,100,0,0,0,,3000,3000,,0,0,0,0
1613019553635,6,1010123456017,75,,1,0,24,1,1,,12.4088,866,183120,2.74109,247,0,7,,0,0,0,0,0,0,0,0,0,,3000,3000,,0,0,0,0
1613019553884,6,1010123456017,75,,1,0,24,1,1,,17.533,833,183609,3.93748,246,0,9,,3.6129,62,0,0.1,18,50,0,4.29238,31,,3000,2994,,0,0,0,5.40323
1613019554135,6,1010123456017,75,,1,0,24,1,1,,14.9929,851,183317,3.13686,243,0,8,,0,0,0,0,0,0,0,0,0,,3000,3000,,0,0,0,0
1613019554385,6,1010123456017,75,,1,0,24,1,1,,15.3898,862,181868,3.29181,245,0,8.5,,0,0,0,0,0,0,0,0,0,,3000,2994,,0,0,0,0
1613019554634,6,1010123456017,75,,1,0,24,1,1,,10.373,858,182429,2.38387,246,0,4.8,,12.6316,19,0,0.1,5,80,0,5.37127,31,,3000,3000,,0,0,0,8.57895
1613019554885,6,1010123456017,75,,1,0,24,1,1,,15.0329,851,182772,3.07968,244,0,8.33333,,0.1,29,0,0.1,8,37.5,0,3.91853,31,,3000,3000,,0,0,0,4.68966
1613019555135,6,1010123456017,75,,1,0,24,1,1,,14.1583,859,182569,3.02461,247,0,7.8,,7.38462,26,0,0.1,8,50,0,1.88531,0,,3000,3000,,0,0,0,5.57692
1613019555385,6,1010123456017,75,,1,0,24,1,1,,13.3749,859,183153,3.3392,246,0,7.33333,,0,0,0,0,0,0,0,0,0,,3000,2994,,0,0,0,0
1613019555634,6,1010123456017,75,,1,0,24,1,1,,15.0739,866,177017,3.54792,247,0,7.8,,0.1,4,0,0.1,1,0,0,2.31192,31,,3000,2982,,0,0,0,2
1613019555884,6,1010123456017,75,,1,0,24,1,1,,11.8478,854,183843,2.46541,244,0,8.2,,1.18421,38,0,0.1,11,18.1818,0,5.62319,31,,3000,3000,,0,0,0,3.02632
1613019556135,6,1010123456017,75,,1,0,24,1,1,,16.061,852,181856,3.58288,245,0,8.5,,0,0,0,0,0,0,0,0,0,,3000,3000,,0,0,0,0
1613019556384,6,1010123456017,75,,1,0,24,1,1,,16.8508,838,167765,4.08029,241,0,8.66667,,0,0,0,0,0,0,0,0,0,,3000,3000,,0,0,0,0
1613019556635,6,1010123456017,75,,1,0,24,1,1,,12.5112,851,183645,2.5784,245,0,7.33333,,0.1,4,0,0.1,1,0,0,27.3062,31,,3000,2994,,0,0,0,1
1613019556884,6,1010123456017,75,,1,0,24,1,1,,16.0389,848,184325,3.74101,247,0,8,,12.25,24,0,0.1,8,62.5,0,10.142,31,,3000,3000,,0,0,0,6.75
1613019557134,6,1010123456017,75,,1,0,24,1,1,,11.8825,868,183769,2.48572,248,0,6.66667,,0,0,0,0,0,0,0,0,0,,3000,3000,,0,0,0,0
1613019557385,6,1010123456017,75,,1,0,24,1,1,,15.829,842,183397,3.25706,243,0,8.14286,,0,0,0,0,0,0,0,0,0,,3000,2988,,0,0,0,0
1613019557634,6,1010123456017,75,,1,0,24,1,1,,12.5871,855,183290,2.70162,244,0,7,,0,0,0,0,0,0,0,0,0,,3000,3000,,0,0,0,0
1613019557884,6,1010123456017,75,,1,0,24,1,1,,17.094,851,172099,3.68418,246,0,9.33333,,6.77419,31,0,0.1,9,44.4444,0,7.98028,31,,3000,3000,,0,0,0,5.06452
1613019558134,6,1010123456017,75,,1,0,24,1,1,,16.7965,855,183363,3.74985,246,0,8.4,,0,0,0,0,0,0,0,0,0,,3000,2994,,0,0,0,0
1613019558385,6,1010123456017,75,,1,0,24,1,1,,11.411,871,182958,2.34266,248,0,6.85714,,0,6,0,0.1,2,50,0,0,31,,3000,2994,,0,0,0,0
1613019558634,6,1010123456017,75,,1,0,24,1,1,,18.3149,851,160191,4.45163,245,0,9.5,,0.1,4,0,0.1,1,0,0,25.8794,31,,3000,3000,,0,0,0,1
1613019558885,6,1010123456017,75,,1,0,24,1,1,,12.1005,856,182604,2.34733,246,0,6.5,,9.47368,19,0,0.1,6,66.6667,0,5.85724,31,,3000,3000,,0,0,0,6.68421
1613019559135,6,1010123456017,75,,1,0,24,1,1,,20.3738,848,157974,4.90461,243,0,9.8,,15,13,0,0,4,100,0,2.2833,0,,3000,2994,,0,0,0,10
1613019559384,6,1010123456017,75,,1,0,24,1,1,,16.1721,860,167567,3.88861,245,0,8.42857,,0,0,0,0,0,0,0,0,0,,3000,2994,,0,0,0,0
1613019559634,6,1010123456017,75,,1,0,24,1,1,,18.4214,859,166397,4.15354,245,0,9.4,,0,0,0,0,0,0,0,0,0,,3000,3000,,0,0,0,0
1613019559885,6,1010123456017,75,,1,0,24,1,1,,17.5988,850,158757,4.42,245,0,9.16667,,0.567568,74,0,0.1,22,31.8182,0,6.95674,31,,3000,3000,,0,0,0,4.33784
1613019560134,6,1010123456017,75,,1,0,24,1,1,,17.2562,851,164501,3.77889,242,0,9.33333,,0.1,4,0,0.1,1,0,0,1.29979,31,,3000,3000,,0,0,0,2
1613019560384,6,1010123456017,75,,1,0,24,1,1,,16.5684,855,175801,3.94342,247,0,8.71428,,0,0,0,0,0,0,0,0,0,,3000,3000,,0,0,0,0
1613019560635,6,1010123456017,75,,1,0,24,1,1,,16.6982,855,172188,3.6032,244,0,9.5,,0.1,4,0,0.1,1,0,0,1.20495,31,,3000,3000,,0,0,0,2
1613019560885,6,1010123456017,75,,1,0,24,1,1,,16.0366,847,179654,4.18042,244,0,7.5,,0.1,33,0,0.1,9,11.1111,0,1.34107,31,,3000,3000,,0,0,0,2.21212
1613019561135,6,1010123456017,75,,1,0,24,1,1,,17.35,860,184235,3.89296,245,0,9.4,,0,0,0,0,0,0,0,0,0,,3000,3000,,0,0,0,0
1613019561384,6,1010123456017,75,,1,0,24,1,1,,14.5047,854,183471,2.98342,243,0,8,,0,3,0,0.1,1,0,0,0,31,,3000,3000,,0,0,0,0
1613019561634,6,1010123456017,75,,1,0,24,1,1,,15.9908,866,182422,3.43206,247,0,8.5,,0.1,4,0,0.1,1,0,0,1.20628,31,,3000,2976,,0,0,0,1
1613019561885,6,1010123456017,75,,1,0,24,1,1,,16.1432,852,182942,3.36771,245,0,8.2,,5.80645,31,0,0.1,10,40,0,6.34501,31,,3000,2994,,0,0,0,4.48387
1613019562135,6,1010123456017,75,,1,0,24,1,1,,16.7092,846,182811,3.52816,243,0,8.66667,,0,0,0,0,0,0,0,0,0,,3000,3000,,0,0,0,0
1613019562384,6,1010123456017,75,,1,0,24,1,1,,14.3655,851,183112,3.33214,243,0,7.85714,,0,0,0,0,0,0,0,0,0,,3000,2994,,0,0,0,0
1613019562635,6,1010123456017,75,,1,0,24,1,1,,17.1525,872,164566,4.03011,247,0,9.33333,,0,0,0,0,0,0,0,0,0,,3000,2994,,0,0,0,0
1613019562884,6,1010123456017,75,,1,0,24,1,1,,15.4169,854,183450,3.52588,245,0,7.66667,,5,42,0,0.1,12,41.6667,0,5.97043,31,,3000,2994,,0,0,0,4.90476
1613019563134,6,1010123456017,75,,1,0,24,1,1,,15.6416,851,183685,3.35862,245,0,8.16667,,0,6,0,0.1,2,50,0,0,31,,3000,3000,,0,0,0,0
1613019563384,6,1010123456017,75,,1,0,24,1,1,,8.32009,856,183118,1.65234,245,0,5.83333,,0.1,4,0,0.1,1,0,0,2.00458,31,,3000,3000,,0,0,0,2
1613019563634,6,1010123456017,75,,1,0,24,1,1,,16.5345,870,143551,4.0907,249,0,9.33333,,0,3,0,0.1,1,0,0,0,31,,3000,2994,,0,0,0,0
1613019563884,6,1010123456017,75,,1,0,24,1,1,,17.7936,838,146690,4.05545,244,0,9,,12.1364,22,0,0.1,6,66.6667,0,10.1619,31,,3000,2988,,0,0,0,7.54545
1613019564134,6,1010123456017,75,,1,0,24,1,1,,17.6616,860,157700,3.91945,245,0,8.83333,,0,0,0,0,0,0,0,0,0,,3000,3000,,0,0,0,0
1613019564385,6,1010123456017,75,,1,0,24,1,1,,16.6315,871,158914,4.07814,250,0,8.83333,,15,16,0,0,4,100,0,1.12609,0,,3000,3000,,0,0,0,10
1613019564634,6,1010123456017,75,,1,0,24,1,1,,17.4983,863,159600,4.13835,246,0,9,,0,0,0,0,0,0,0,0,0,,3000,3000,,0,0,0,0
1613019564884,6,1010123456017,75,,1,0,24,1,1,,12.8378,857,175778,2.85558,248,0,7.16667,,11.9259,27,0,0.1,9,44.4444,0,17.535,31,,3000,3000,,0,0,0,5
1613019565135,6,1010123456017,75,,1,0,24,1,1,,13.8451,852,182817,3.60998,244,0,7.33333,,0,0,0,0,0,0,0,0,0,,3000,3000,,0,0,0,0
1613019565384,6,1010123456017,75,,1,0,24,1,1,,11.6932,854,182666,2.47984,243,0,7.14286,,0,0,0,0,0,0,0,0,0,,3000,2994,,0,0,0,0
1613019565634,6,1010123456017,75,,1,0,24,1,1,,16.7602,859,181752,3.51926,245,0,8.5,,0,0,0,0,0,0,0,0,0,,3000,3000,,0,0,0,0
1613019565885,6,1010123456017,75,,1,0,24,1,1,,17.3765,850,182852,4.13498,244,0,8.83333,,15.3,10,2005,0.1,3,33.3333,0,20.0851,31,,3000,2994,,0,0,0,3.7
1613019566135,6,1010123456017,75,,1,0,24,1,1,,12.4148,839,183391,2.53392,245,0,7,,14.4941,85,0,0.1088,27,85.1852,0,4.11271,31,,3000,3000,,0,0,0,8.27059
1613019566385,6,1010123456017,75,,1,0,24,1,1,,12,847,182462,2.58774,243,0,7,,0,0,0,0,0,0,0,0,0,,3000,3000,,0,0,0,0
1613019566635,6,1010123456017,75,,1,0,24,1,1,,17.8811,858,175318,3.81869,246,0,9.6,,0,0,0,0,0,0,0,0,0,,3000,2994,,0,0,0,0
1613019566885,6,1010123456017,75,,1,0,24,1,1,,15.1196,828,181912,3.46995,242,0,7.33333,,0.1,27,0,0.1,8,0,0,8.59542,31,,3000,2994,,0,0,0,1
1613019567135,6,1010123456017,75,,1,0,24,1,1,,14.2564,854,183499,3.07715,245,0,7.83333,,0,0,0,0,0,0,0,0,0,,3000,2994,,0,0,0,0
1613019567384,6,1010123456017,75,,1,0,24,1,1,,18.2197,851,167887,4.18313,244,0,9.28571,,0,0,0,0,0,0,0,0,0,,3000,2952,,0,0,0,0
1613019567635,6,1010123456017,75,,1,0,24,1,1,,15.5444,856,183131,3.23661,244,0,8,,0,0,0,0,0,0,0,0,0,,3000,3000,,0,0,0,0
1613019567884,6,1010123456017,75,,1,0,24,1,1,,15.2535,848,173321,3.60016,245,0,8,,5.13043,46,0,0.1,13,30.7692,0,11.2195,31,,3000,2994,,0,0,0,3.41304
1613019568134,6,1010123456017,75,,1,0,24,1,1,,16.3326,851,183781,3.44945,244,0,8.66667,,0,0,0,0,0,0,0,0,0,,3000,2988,,0,0,0,0
1613019568385,6,1010123456017,75,,1,0,24,1,1,,16.6706,856,182617,4.0161,245,0,8.57143,,0,0,0,0,0,0,0,0,0,,3000,2994,,0,0,0,0
1613019568635,6,1010123456017,75,,1,0,24,1,1,,18.0256,858,179762,4.05021,245,0,9.16667,,0,0,0,0,0,0,0,0,0,,3000,2988,,0,0,0,0
1613019568884,6,1010123456017,75,,1,0,24,1,1,,18.1184,853,174067,4.27068,243,0,9.66667,,8.30769,52,0,0.1,14,57.1429,0,4.52397,31,,3000,3000,,0,0,0,6.67308
1613019569135,6,1010123456017,75,,1,0,24,1,1,,18.7146,862,139416,4.58806,247,0,10.1667,,0,0,0,0,0,0,0,0,0,,3000,3000,,0,0,0,0
1613019569384,6,1010123456017,75,,1,0,24,1,1,,15.2735,863,168151,3.39161,248,0,8.14286,,0.1,7,0,0.1,2,0,0,14.682,31,,3000,2994,,0,0,0,1
1613019569634,6,1010123456017,75,,1,0,24,1,1,,13.2456,851,183259,2.79489,243,0,7.16667,,15,16,0,0,4,100,0,2.0006,0,,3000,3000,,0,0,0,10
1613019569884,6,1010123456017,75,,1,0,24,1,1,,19.013,844,171785,4.457,246,0,9.83333,,15.5253,99,0,0.139502,30,80,0,8.56518,31,,3000,2988,,0,0,0,8.22222
1613019570134,6,1010123456017,75,,1,0,24,1,1,,13.3905,863,182668,2.79692,246,0,7.33333,,0,0,0,0,0,0,0,0,0,,3000,2994,,0,0,0,0
1613019570385,6,1010123456017,75,,1,0,24,1,1,,16.0339,856,179411,3.5097,244,0,8.42857,,0,3,0,0.1,1,0,0,0,31,,3000,3000,,0,0,0,0
1613019570635,6,1010123456017,75,,1,0,24,1,1,,19.3228,858,150071,4.5392,246,0,9.8,,0,3,0,0.1,1,0,0,0,31,,3000,2988,,0,0,0,0
1613019570885,6,1010123456017,75,,1,0,24,1,1,,23.5544,837,81803,6.45642,245,0,11,,9.41379,29,0,0.1,9,44.4444,0,15.8804,31,,3000,3000,,0,0,0,4.41379
1613019571134,6,1010123456017,75,,1,0,24,1,1,,20.0292,856,56307,4.79428,246,0,11.25,,0,2,0,0.1,1,0,0,0,31,,3000,3000,,0,0,0,0
1613019571384,6,1010123456017,75,,1,0,24,1,1,,8.93302,851,125543,2.10879,244,0,6.16667,,11.4706,17,0,0.1,5,80,0,8.73443,31,,3000,3000,,0,0,0,7.88235
1613019571634,6,1010123456017,75,,1,0,24,1,1,,17.0552,870,139725,3.70249,248,0,8.66667,,0,3,0,0.1,1,0,0,0,31,,3000,3000,,0,0,0,0
1613019571884,6,1010123456017,75,,1,0,24,1,1,,10.1513,859,182898,2.18153,246,0,5.66667,,0,0,0,0,0,0,0,0,0,,3000,2982,,0,0,0,0
1613019572135,6,1010123456017,75,,1,0,24,1,1,,16.4953,844,172949,3.74093,246,0,8.83333,,15.2299,87,0,0.114688,28,85.7143,0,5.09732,31,,3000,3000,,0,0,0,8.65517
1613019572385,6,1010123456017,75,,1,0,24,1,1,,14.0605,860,183354,3.128,246,0,7.71429,,0,0,0,0,0,0,0,0,0,,3000,2982,,0,0,0,0
1613019572634,6,1010123456017,75,,1,0,24,1,1,,12.9871,854,182827,2.61841,242,0,7.16667,,0,15,0,0.1,5,80,0,0,31,,3000,3000,,0,0,0,0
1613019572885,6,1010123456017,75,,1,0,24,1,1,,13.497,847,183622,2.81037,244,0,7.5,,6,40,0,0.1,12,33.3333,0,7.01072,31,,3000,2994,,0,0,0,3.8
1613019573134,6,1010123456017,75,,1,0,24,1,1,,14.4421,855,170648,3.50284,244,0,7.16667,,0,3,0,0.1,1,0,0,0,31,,3000,2988,,0,0,0,0
1613019573384,6,1010123456017,75,,1,0,24,1,1,,14.84,856,183506,3.56431,243,0,7,,0,0,0,0,0,0,0,0,0,,3000,2994,,0,0,0,0
1613019573634,6,1010123456017,75,,1,0,24,1,1,,10.7721,860,183303,2.32193,246,0,7,,0,0,0,0,0,0,0,0,0,,3000,3000,,0,0,0,0
1613019573884,6,1010123456017,75,,1,0,24,1,1,,18.5059,848,182004,4.12084,245,0,9.33333,,6.17647,34,0,0.1,10,40,0,6.12429,31,,3000,2988,,0,0,0,4.82353
1613019574135,6,1010123456017,75,,1,0,24,1,1,,18.9718,852,167747,4.10077,243,0,10,,0,0,0,0,0,0,0,0,0,,3000,2994,,0,0,0,0
1613019574384,6,1010123456017,75,,1,0,24,1,1,,16.7155,854,183549,3.80312,244,0,9,,0,0,0,0,0,0,0,0,0,,3000,2994,,0,0,0,0
1613019574634,6,1010123456017,75,,1,0,24,1,1,,15.2095,859,183051,3.21465,244,0,8,,0,0,0,0,0,0,0,0,0,,3000,2994,,0,0,0,0
1613019574885,6,1010123456017,75,,1,0,24,1,1,,14.3816,828,170800,2.97386,241,0,8,,13.6957,23,0,0.1,6,66.6667,0,16.7189,31,,3000,3000,,0,0,0,6.86957
1613019575134,6,1010123456017,75,,1,0,24,1,1,,16.3523,860,177656,4.07206,245,0,7.4,,0,0,0,0,0,0,0,0,0,,3000,2985,,0,0,0,0
1613019575385,6,1010123456017,75,,1,0,24,1,1,,13.8853,846,183210,2.79382,243,0,7.57143,,15,14,0,0,4,100,0,1.55323,0,,3000,3000,,0,0,0,10
1613019575634,6,1010123456017,75,,1,0,24,1,1,,16.3426,867,183117,3.49353,248,0,8.5,,0,0,0,0,0,0,0,0,0,,3000,3000,,0,0,0,0
1613019575885,6,1010123456017,75,,1,0,24,1,1,,15.7417,840,184420,3.3335,244,0,8,,14.6232,69,0,0.116896,21,76.1905,0,8.86162,31,,3000,3000,,0,0,0,7.52174
1613019576134,6,1010123456017,75,,1,0,24,1,1,,14.8725,863,183580,3.18426,246,0,8.16667,,12.6316,19,0,0.1,5,80,0,5.61857,31,,3000,3000,,0,0,0,8.57895
1613019576385,6,1010123456017,75,,1,0,24,1,1,,15.9118,862,177874,3.65594,246,0,8.14286,,0,3,0,0.1,1,0,0,0,31,,3000,3000,,0,0,0,0
1613019576635,6,1010123456017,75,,1,0,24,1,1,,13.5401,872,182704,2.86378,249,0,7.4,,0,0,0,0,0,0,0,0,0,,3000,3000,,0,0,0,0
1613019576885,6,1010123456017,75,,1,0,24,1,1,,12.14,864,183867,2.41968,247,0,6.5,,0,18,0,0.1,6,66.6667,0,0,31,,3000,3000,,0,0,0,0
1613019577135,6,1010123456017,75,,1,0,24,1,1,,20.9097,853,128746,5.5857,243,0,10.8,,0,0,0,0,0,0,0,0,0,,3000,3000,,0,0,0,0
1613019577385,6,1010123456017,75,,1,0,24,1,1,,11.1705,862,169502,2.75277,246,0,7.33333,,0,0,0,0,0,0,0,0,0,,3000,2994,,0,0,0,0
1613019577634,6,1010123456017,75,,1,0,24,1,1,,17.8195,853,158713,4.5252,243,0,9.16667,,0,0,0,0,0,0,0,0,0,,3000,2982,,0,0,0,0
1613019577884,6,1010123456017,75,,1,0,24,1,1,,17.7969,842,155512,4.21211,244,0,9.33333,,10.2632,19,0,0.1,6,66.6667,0,2.03974,31,,3000,3000,,0,0,0,7.31579
1613019578134,6,1010123456017,75,,1,0,24,1,1,,17.8113,864,150909,4.17555,248,0,9.33333,,0,0,0,0,0,0,0,0,0,,3000,3000,,0,0,0,0
1613019578384,6,1010123456017,75,,1,0,24,1,1,,17.7664,839,155147,4.06692,241,0,9.16667,,0.1,4,0,0.1,1,0,0,1.22859,31,,3000,3000,,0,0,0,1
1613019578634,6,1010123456017,75,,1,0,24,1,1,,18.1465,860,149291,4.40482,244,0,8.83333,,0,0,0,0,0,0,0,0,0,,3000,3000,,0,0,0,0
1613019578884,6,1010123456017,75,,1,0,24,1,1,,17.2964,867,162033,3.72408,248,0,8.83333,,4.75,48,0,0.1,14,42.8571,0,4.3149,31,,3000,3000,,0,0,0,4.95833
1613019579134,6,1010123456017,75,,1,0,24,1,1,,15.3022,847,169323,3.32546,243,0,8.16667,,0,0,0,0,0,0,0,0,0,,3000,3000,,0,0,0,0
1613019579385,6,1010123456017,75,,1,0,24,1,1,,19.6138,857,149442,4.8671,245,0,9.85714,,0.1,11,0,0.1,3,33.3333,0,7.6106,31,,3000,2982,,0,0,0,4.27273
1613019579635,6,1010123456017,75,,1,0,24,1,1,,15.1377,857,179830,3.25277,245,0,7.33333,,0,6,0,0,2,100,0,0,0,,3000,2994,,0,0,0,0
1613019579884,6,1010123456017,75,,1,0,24,1,1,,12.7859,850,183100,2.67027,246,0,7.83333,,7.125,40,0,0.1,12,50,0,3.87835,31,,3000,2988,,0,0,0,5.575
1613019580134,6,1010123456017,75,,1,0,24,1,1,,12.7995,853,183604,2.9707,243,0,6.83333,,0,0,0,0,0,0,0,0,0,,3000,3000,,0,0,0,0
1613019580384,6,1010123456017,75,,1,0,24,1,1,,15.1977,860,182557,3.41035,245,0,8.5,,0,0,0,0,0,0,0,0,0,,3000,3000,,0,0,0,0
1613019580635,6,1010123456017,75,,1,0,24,1,1,,12.3353,856,183643,2.7305,244,0,6.5,,0,0,0,0,0,0,0,0,0,,3000,2988,,0,0,0,0
1613019580885,6,1010123456017,75,,1,0,24,1,1,,15.5368,842,184057,3.57162,245,0,8.16667,,12.16,100,0,0.1,32,75,0,3.65171,31,,3000,2988,,0,0,0,7.6
1613019581135,6,1010123456017,75,,1,0,24,1,1,,14.5041,863,182737,2.9921,247,0,8.16667,,9.6,25,0,0.1,7,85.7143,0,1.48103,0,,3000,2994,,0,0,0,9.04
1613019581385,6,1010123456017,75,,1,0,24,1,1,,13.589,854,183678,2.78301,245,0,7.42857,,11.6667,18,0,0.1,5,80,0,6.40144,31,,3000,3000,,0,0,0,8
1613019581635,6,1010123456017,75,,1,0,24,1,1,,16.7439,855,181631,3.79446,245,0,8.83333,,0,0,0,0,0,0,0,0,0,,3000,3000,,0,0,0,0
1613019581885,6,1010123456017,75,,1,0,24,1,1,,16.4292,848,172502,3.67334,248,0,8.83333,,13.9239,92,0,0.107744,26,76.9231,0,6.33242,31,,3000,2946,,0,0,0,7.94565
1613019582135,6,1010123456017,75,,1,0,24,1,1,,19.3544,869,157609,4.55168,248,0,10.2,,0,0,0,0,0,0,0,0,0,,3000,2994,,0,0,0,0
1613019582384,6,1010123456017,75,,1,0,24,1,1,,19.0071,848,149907,4.45028,243,0,9.42857,,0,0,0,0,0,0,0,0,0,,3000,2988,,0,0,0,0
1613019582634,6,1010123456017,75,,1,0,24,1,1,,15.0012,863,179497,3.1601,246,0,8,,0,0,0,0,0,0,0,0,0,,3000,2994,,0,0,0,0
1613019582884,6,1010123456017,75,,1,0,24,1,1,,16.0222,856,171650,3.56186,247,0,8.16667,,0.1,27,0,0.1,8,0,0,7.94561,31,,3000,2988,,0,0,0,1.2963
1613019583134,6,1010123456017,75,,1,0,24,1,1,,16.5111,859,183110,3.71351,245,0,8.5,,0.1,4,0,0.1,1,0,0,1.33325,31,,3000,3000,,0,0,0,1
1613019583385,6,1010123456017,75,,1,0,24,1,1,,20.9473,854,123584,5.47498,245,0,9.5,,0,0,0,0,0,0,0,0,0,,3000,3000,,0,0,0,0
1613019583635,6,1010123456017,75,,1,0,24,1,1,,16.0324,865,147820,3.39811,247,0,7,,0,0,0,0,0,0,0,0,0,,3000,2982,,0,0,0,0
1613019583885,6,1010123456017,75,,1,0,24,1,1,,17.2932,839,164606,3.56774,244,0,9,,2.48,25,0,0.1,8,25,0,7.50963,31,,3000,3000,,0,0,0,3.68
1613019584135,6,1010123456017,75,,1,0,24,1,1,,15.5822,852,180025,3.60611,245,0,8.6,,0,3,0,0.1,1,0,0,0,31,,3000,2964,,0,0,0,0
1613019584385,6,1010123456017,75,,1,0,24,1,1,,19.674,862,162898,4.60643,247,0,9.85714,,0,3,0,0.1,1,0,0,0,31,,3000,3000,,0,0,0,0
1613019584634,6,1010123456017,75,,1,0,24,1,1,,17.7488,848,170530,3.94821,242,0,9,,0,3,0,0.1,1,0,0,0,31,,3000,3000,,0,0,0,0
1613019584884,6,1010123456017,75,,1,0,24,1,1,,17.4513,853,166789,4.20414,248,0,9.8,,6,30,0,0.1,9,44.4444,0,5.0794,31,,3000,2994,,0,0,0,4.83333
1613019585134,6,1010123456017,75,,1,0,24,1,1,,14.1522,854,182995,2.95836,243,0,7.66667,,0,0,0,0,0,0,0,0,0,,3000,3000,,0,0,0,0
1613019585384,6,1010123456017,75,,1,0,24,1,1,,9.11021,862,182987,1.97703,247,0,6.16667,,0,3,0,0.1,1,0,0,0,31,,3000,2994,,0,0,0,0
1613019585635,6,1010123456017,75,,1,0,24,1,1,,16.061,869,183502,3.37584,247,0,8.66667,,0,0,0,0,0,0,0,0,0,,3000,2994,,0,0,0,0
1613019585885,6,1010123456017,75,,1,0,24,1,1,,13.6007,849,182907,2.89485,244,0,7.66667,,9.47368,19,0,0.1,6,66.6667,0,1.21159,0,,3000,2982,,0,0,0,6.68421
1613019586135,6,1010123456017,75,,1,0,24,1,1,,15.706,847,183683,3.24272,243,0,8.16667,,0.1,4,0,0.1,1,0,0,1.3324,31,,3000,3000,,0,0,0,1
1613019586385,6,1010123456017,75,,1,0,24,1,1,,17.3026,846,165146,4.08202,243,0,9,,0.1,4,0,0.1,1,0,0,1.43185,31,,3000,3000,,0,0,0,3
1613019586634,6,1010123456017,75,,1,0,24,1,1,,11.681,862,182798,2.44739,247,0,6.83333,,0.1,4,0,0.1,1,0,0,29.0112,31,,3000,3000,,0,0,0,1
1613019586885,6,1010123456017,75,,1,0,24,1,1,,16.6608,855,183285,3.61338,246,0,8.66667,,10.4762,42,0,0.1,12,66.6667,0,10.997,31,,3000,3000,,0,0,0,7
1613019587134,6,1010123456017,75,,1,0,24,1,1,,15.8795,863,168812,3.71014,246,0,8.16667,,0,0,0,0,0,0,0,0,0,,3000,2994,,0,0,0,0
1613019587384,6,1010123456017,75,,1,0,24,1,1,,13.4377,843,182756,2.73083,241,0,7.14286,,0,0,0,0,0,0,0,0,0,,3000,2994,,0,0,0,0
1613019587634,6,1010123456017,75,,1,0,24,1,1,,16.3365,850,181862,3.3672,244,0,8.8,,15,14,0,0,4,100,0,1.22811,0,,3000,2988,,0,0,0,10
1613019587884,6,1010123456017,75,,1,0,24,1,1,,15.2195,861,171559,3.24662,247,0,8.2,,7.68421,38,0,0.1,10,40,0,11.1448,31,,3000,3000,,0,0,0,4.78947
1613019588135,6,1010123456017,75,,1,0,24,1,1,,18.7649,855,166277,4.4033,245,0,9.5,,0,0,0,0,0,0,0,0,0,,3000,2994,,0,0,0,0
1613019588385,6,1010123456017,75,,1,0,24,1,1,,17.4021,863,170255,3.86682,248,0,9.71429,,0,12,0,0,4,100,0,0,0,,3000,2991,,0,0,0,0
1613019588634,6,1010123456017,75,,1,0,24,1,1,,15.2647,850,183362,3.64887,243,0,6.6,,0,0,0,0,0,0,0,0,0,,3000,2976,,0,0,0,0
1613019588884,6,1010123456017,75,,1,0,24,1,1,,15.0024,823,182351,3.07733,242,0,7.83333,,7.5,24,0,0.1,8,50,0,13.364,31,,3000,3000,,0,0,0,5.5
1613019589134,6,1010123456017,75,,1,0,24,1,1,,14.9342,851,182151,3.15859,243,0,8,,0,0,0,0,0,0,0,0,0,,3000,3000,,0,0,0,0
1613019589384,6,1010123456017,75,,1,0,24,1,1,,17.3011,857,183350,3.6996,246,0,8.85714,,0,0,0,0,0,0,0,0,0,,3000,3000,,0,0,0,0
1613019589635,6,1010123456017,75,,1,0,24,1,1,,14.7561,857,183736,3.1919,243,0,7,,0,0,0,0,0,0,0,0,0,,3000,3000,,0,0,0,0
1613019589884,6,1010123456017,75,,1,0,24,1,1,,12.6807,833,173599,2.97578,243,0,7.6,,9.27778,54,0,0.1,16,81.25,0,6.97963,31,,3000,2994,,0,0,0,8.5
1613019590134,6,1010123456017,75,,1,0,24,1,1,,13.9172,857,183233,3.21369,244,0,7.5,,4.69565,23,0,0.1,6,50,0,2.09004,31,,3000,2991,,0,0,0,5.86957
1613019590385,6,1010123456017,75,,1,0,24,1,1,,13.7535,856,171267,2.9657,244,0,7.2,,0,0,0,0,0,0,0,0,0,,3000,3000,,0,0,0,0
1613019590635,6,1010123456017,75,,1,0,24,1,1,,15.7494,866,182986,3.5944,247,0,7.66667,,0,3,0,0.1,1,0,0,0,31,,3000,2994,,0,0,0,0
1613019590884,6,1010123456017,75,,1,0,24,1,1,,9.80578,865,184231,2.12318,248,0,6.33333,,12.2353,34,0,0.1,9,55.5556,0,10.0423,31,,3000,3000,,0,0,0,6.29412
1613019591135,6,1010123456017,75,,1,0,24,1,1,,16.8457,849,182858,3.82938,244,0,8.83333,,0,0,0,0,0,0,0,0,0,,3000,3000,,0,0,0,0
1613019591384,6,1010123456017,75,,1,0,24,1,1,,12.5724,863,183841,2.82223,246,0,6.28571,,15,16,0,0,4,100,0,0.778942,0,,3000,2994,,0,0,0,10
1613019591635,6,1010123456017,75,,1,0,24,1,1,,16.2028,863,177608,3.3833,246,0,9.66667,,0,0,0,0,0,0,0,0,0,,3000,2994,,0,0,0,0
1613019591885,6,1010123456017,75,,1,0,24,1,1,,16.8539,842,168635,4.09334,247,0,8.66667,,11.1875,16,13428,0.1,5,40,0,19.3005,31,,3012,2988,,0,0,0,4.375
1613019592135,6,1010123456017,75,,1,0,24,1,1,,17.3813,855,175586,3.88102,244,0,9,,6.12245,49,0,0.1,14,57.1429,0,2.97979,0,,2988,2988,,0,0,0,6.85714
1613019592385,6,1010123456017,75,,1,0,24,1,1,,15.1087,865,183741,3.32736,248,0,7.14286,,0,3,0,0.1,1,0,0,0,31,,3000,2994,,0,0,0,0
1613019592635,6,1010123456017,75,,1,0,24,1,1,,9.4153,850,183330,1.86227,244,0,6.5,,0,0,0,0,0,0,0,0,0,,3000,2946,,0,0,0,0
1613019592884,6,1010123456017,75,,1,0,24,1,1,,10.2932,856,183841,2.20614,246,0,5.83333,,9.75,20,0,0.1,6,66.6667,0,1.27695,0,,3000,2979,,0,0,0,7
1613019593134,6,1010123456017,75,,1,0,24,1,1,,13.4983,861,167912,3.193,248,0,7.33333,,0.1,4,0,0.1,1,0,0,1.32572,31,,3000,2994,,0,0,0,1
1613019593384,6,1010123456017,75,,1,0,24,1,1,,18.9116,860,153244,4.67637,246,0,9.71429,,0,0,0,0,0,0,0,0,0,,3000,2994,,0,0,0,0
1613019593634,6,1010123456017,75,,1,0,24,1,1,,13.3702,859,183446,3.14098,245,0,7.5,,0,0,0,0,0,0,0,0,0,,3000,2964,,0,0,0,0
1613019593885,6,1010123456017,75,,1,0,24,1,1,,13.7583,844,182239,2.90566,242,0,8,,4.36364,44,0,0.1,13,38.4615,0,3.24859,31,,3000,3000,,0,0,0,5.18182
1613019594134,6,1010123456017,75,,1,0,24,1,1,,13.2654,859,168766,2.89471,244,0,7.16667,,0,3,0,0.1,1,0,0,0,31,,3000,3000,,0,0,0,0
1613019594384,6,1010123456017,75,,1,0,24,1,1,,16.8977,860,182850,3.65908,245,0,8.57143,,0,0,0,0,0,0,0,0,0,,3000,2994,,0,0,0,0
1613019594635,6,1010123456017,75,,1,0,24,1,1,,16.6399,872,181816,3.60131,249,0,8.66667,,0,0,0,0,0,0,0,0,0,,3000,3000,,0,0,0,0
1613019594885,6,1010123456017,75,,1,0,24,1,1,,15.9277,857,182839,3.39859,246,0,8.5,,0.1,31,0,0.1,9,0,0,1.25434,31,,3000,2988,,0,0,0,1.22581
1613019595134,6,1010123456017,75,,1,0,24,1,1,,10.9689,869,184535,2.35168,248,0,6,,0,0,0,0,0,0,0,0,0,,3000,2994,,0,0,0,0
1613019595384,6,1010123456017,75,,1,0,24,1,1,,12.7051,851,182979,2.70304,242,0,8,,0,3,0,0.1,1,0,0,0,31,,3000,2994,,0,0,0,0
1613019595634,6,1010123456017,75,,1,0,24,1,1,,13.9116,860,173418,3.23004,245,0,7.4,,0,0,0,0,0,0,0,0,0,,3000,3000,,0,0,0,0
1613019595885,6,1010123456017,75,,1,0,24,1,1,,16.7201,854,183095,3.4856,245,0,8.83333,,11.2857,21,0,0.1,6,66.6667,0,11.9306,31,,3000,2994,,0,0,0,7
1613019596135,6,1010123456017,75,,1,0,24,1,1,,12.8979,852,182983,2.72509,243,0,7.33333,,0,0,0,0,0,0,0,0,0,,3000,2994,,0,0,0,0
1613019596385,6,1010123456017,75,,1,0,24,1,1,,19.0314,859,169195,4.64234,247,0,8.33333,,0,3,0,0.1,1,0,0,0,31,,3000,2988,,0,0,0,0
1613019596635,6,1010123456017,75,,1,0,24,1,1,,12.2132,863,183937,2.63328,246,0,7.8,,0,0,0,0,0,0,0,0,0,,3000,3000,,0,0,0,0
1613019596885,6,1010123456017,75,,1,0,24,1,1,,15.3024,850,182710,3.39805,247,0,8.83333,,9.78261,23,0,0.1,6,66.6667,0,4.3863,31,,3000,3000,,0,0,0,6.86957
1613019597135,6,1010123456017,75,,1,0,24,1,1,,14.888,857,183967,3.1023,243,0,8.16667,,0,0,0,0,0,0,0,0,0,,3000,2970,,0,0,0,0
1613019597385,6,1010123456017,75,,1,0,24,1,1,,13.1777,850,184380,2.8112,243,0,7.33333,,9,4,0,0.1,1,0,0,3.43604,31,,3000,2988,,0,0,0,2
1613019597634,6,1010123456017,75,,1,0,24,1,1,,9.75986,862,183814,1.99614,246,0,6.33333,,0,0,0,0,0,0,0,0,0,,3000,3000,,0,0,0,0
1613019597885,6,1010123456017,75,,1,0,24,1,1,,13.4729,848,183215,2.92064,246,0,7.33333,,0.1,27,0,0.1,8,12.5,0,2.19485,31,,3000,3000,,0,0,0,2.25926
1613019598135,6,1010123456017,75,,1,0,24,1,1,,17.4519,863,163787,3.9615,247,0,9.5,,0,3,0,0.1,1,0,0,0,31,,3000,2982,,0,0,0,0
1613019598385,6,1010123456017,75,,1,0,24,1,1,,9.20351,855,180607,2.52982,245,0,4.5,,15,4,0,0.1,1,0,0,31.3097,31,,3000,3000,,0,0,0,1
1613019598635,6,1010123456017,75,,1,0,24,1,1,,12.7692,845,182031,2.96195,243,0,6.66667,,10,21,0,0.1,6,66.6667,0,1.72197,31,,3000,2982,,0,0,0,7
1613019598885,6,1010123456017,75,,1,0,24,1,1,,14.836,860,183358,3.1744,248,0,8,,7.20833,48,0,0.1,14,57.1429,0,5.01759,31,,3000,3000,,0,0,0,6.125
1613019599135,6,1010123456017,75,,1,0,24,1,1,,17.2892,861,179656,3.91171,245,0,8.8,,0,0,0,0,0,0,0,0,0,,3000,3000,,0,0,0,0
1613019599385,6,1010123456017,75,,1,0,24,1,1,,13.2609,851,179886,2.77258,243,0,8,,0,0,0,0,0,0,0,0,0,,3000,3000,,0,0,0,0
1613019599634,6,1010123456017,75,,1,0,24,1,1,,20.5934,851,161063,4.88578,242,0,9.66667,,0,0,0,0,0,0,0,0,0,,3000,3000,,0,0,0,0
1613019599885,6,1010123456017,75,,1,0,24,1,1,,18.3481,833,155681,4.31053,240,0,9.5,,10.8,20,0,0.1,6,66.6667,0,13.9031,31,,3000,3000,,0,0,0,6.4
1613019600135,6,1010123456017,75,,1,0,24,1,1,,17.4111,866,160929,3.82387,246,0,9.16667,,15,16,0,0,4,100,0,1.76482,0,,3000,3000,,0,0,0,10
1613019600385,6,1010123456017,75,,1,0,24,1,1,,17.0726,854,171527,3.96112,243,0,8.83333,,0,3,0,0.1,1,0,0,0,31,,3000,2994,,0,0,0,0
1613019600635,6,1010123456017,75,,1,0,24,1,1,,16.8763,857,165126,3.90912,246,0,9.33333,,0,0,0,0,0,0,0,0,0,,3000,3000,,0,0,0,0
1613019600885,6,1010123456017,75,,1,0,24,1,1,,12.5998,827,183551,2.71517,245,0,6.5,,15.8684,76,0,0.11136,25,84,0,6.23918,31,,3000,3000,,0,0,0,8.51316
1613019601134,6,1010123456017,75,,1,0,24,1,1,,15.035,857,177211,3.4827,245,0,8.33333,,0,3,0,0.1,1,0,0,0,31,,3000,2988,,0,0,0,0
1613019601385,6,1010123456017,75,,1,0,24,1,1,,16.4606,851,174548,3.88624,243,0,8.71429,,0,0,0,0,0,0,0,0,0,,3000,2994,,0,0,0,0
1613019601635,6,1010123456017,75,,1,0,24,1,1,,13.9494,850,183461,2.85562,242,0,8,,15,14,0,0,4,100,0,0.872244,0,,3000,3000,,0,0,0,10
1613019601884,6,1010123456017,75,,1,0,24,1,1,,17.9063,832,179315,4.01378,241,0,9.33333,,3.18182,33,0,0.1,9,0,0,9.95711,31,,3000,2994,,0,0,0,1.12121
1613019602134,6,1010123456017,75,,1,0,24,1,1,,10.7972,848,184086,2.38892,243,0,6.8,,15,20,0,0.1,5,80,0,8.2511,31,,3000,3000,,0,0,0,8.2
1613019602384,6,1010123456017,75,,1,0,24,1,1,,15.9147,856,182647,3.36469,246,0,8.16667,,0,0,0,0,0,0,0,0,0,,3000,2994,,0,0,0,0
1613019602635,6,1010123456017,75,,1,0,24,1,1,,13.241,859,184309,2.82726,244,0,7.5,,0.1,4,0,0.1,1,0,0,0.1,31,,3000,2988,,0,0,0,2
1613019602885,6,1010123456017,75,,1,0,24,1,1,,13.8365,838,183479,2.91478,247,0,7.2,,7.75862,29,0,0.1,9,44.4444,0,5.75151,31,,3000,3000,,0,0,0,5.65517
1613019603135,6,1010123456017,75,,1,0,24,1,1,,10.5053,843,182290,2.27334,242,0,5.66667,,0,0,0,0,0,0,0,0,0,,3000,3000,,0,0,0,0
1613019603385,6,1010123456017,75,,1,0,24,1,1,,17.1988,845,181840,3.62646,243,0,8.83333,,0,0,0,0,0,0,0,0,0,,3000,3000,,0,0,0,0
1613019603635,6,1010123456017,75,,1,0,24,1,1,,15.7891,863,183883,3.43718,248,0,8.2,,0.1,4,0,0.1,1,0,0,27.2382,31,,3000,2994,,0,0,0,1
1613019603884,6,1010123456017,75,,1,0,24,1,1,,16.9092,859,182859,3.63618,248,0,8.83333,,16,14,0,0,4,100,0,0.1,0,,3000,3000,,0,0,0,10
1613019604134,6,1010123456017,75,,1,0,24,1,1,,16.7451,863,182646,3.61427,246,0,8.66667,,0,12,0,0,4,100,0,0,0,,3000,3000,,0,0,0,0
1613019604384,6,1010123456017,75,,1,0,24,1,1,,15.2832,865,183195,3.23187,248,0,8.28571,,0,0,0,0,0,0,0,0,0,,3000,2994,,0,0,0,0
1613019604634,6,1010123456017,75,,1,0,24,1,1,,16.3283,856,183387,3.42204,243,0,8.5,,0,12,0,0.1,4,50,0,0,31,,3000,3000,,0,0,0,0
1613019604885,6,1010123456017,75,,1,0,24,1,1,,16.8405,859,182995,3.6063,245,0,8.66667,,7.27273,33,0,0.1,9,44.4444,0,6.4019,31,,3000,3000,,0,0,0,5.45455
1613019605135,6,1010123456017,75,,1,0,24,1,1,,18.5826,860,171423,4.18691,245,0,9.66667,,0,0,0,0,0,0,0,0,0,,3000,3000,,0,0,0,0
1613019605385,6,1010123456017,75,,1,0,24,1,1,,15.3045,854,179371,3.15389,243,0,9,,0,0,0,0,0,0,0,0,0,,3000,2988,,0,0,0,0
1613019605635,6,1010123456017,75,,1,0,24,1,1,,18.507,862,179737,4.27827,246,0,8.5,,0,0,0,0,0,0,0,0,0,,3000,3000,,0,0,0,0
1613019605885,6,1010123456017,75,,1,0,24,1,1,,17.5786,833,170500,3.96608,244,0,9.33333,,5.81633,49,0,0.1,14,28.5714,0,9.81731,31,,3000,3000,,0,0,0,4.06122
1613019606134,6,1010123456017,75,,1,0,24,1,1,,12.6163,847,184326,2.76546,243,0,6.83333,,0,0,0,0,0,0,0,0,0,,3000,3000,,0,0,0,0
1613019606385,6,1010123456017,75,,1,0,24,1,1,,16.8294,850,167706,3.84701,243,0,8.57143,,0,3,0,0.1,1,0,0,0,31,,3000,3000,,0,0,0,0
1613019606634,6,1010123456017,75,,1,0,24,1,1,,17.7722,856,174551,4.02191,244,0,8.83333,,0,0,0,0,0,0,0,0,0,,3000,2994,,0,0,0,0
1613019606885,6,1010123456017,75,,1,0,24,1,1,,10.788,868,183730,2.35776,248,0,5.83333,,6.27273,55,0,0.1,17,52.9412,0,4.65249,31,,3000,3000,,0,0,0,5.70909
1613019607135,6,1010123456017,75,,1,0,24,1,1,,11.1346,862,156617,2.85245,247,0,7.2,,0,0,0,0,0,0,0,0,0,,3000,3000,,0,0,0,0
1613019607385,6,1010123456017,75,,1,0,24,1,1,,19.9823,846,135160,4.98483,244,0,10,,0,0,0,0,0,0,0,0,0,,3000,3000,,0,0,0,0
1613019607635,6,1010123456017,75,,1,0,24,1,1,,15.322,851,146975,3.62634,243,0,8.5,,0,0,0,0,0,0,0,0,0,,3000,3000,,0,0,0,0
1613019607886,6,1010123456017,75,,1,0,24,1,1,,14.8796,847,175991,3.3826,247,0,7.5,,14.1875,64,0,0.232446,19,63.1579,0,13.6222,31,,3012,3012,,0,0,0,6.15625
1613019608135,6,1010123456017,75,,1,0,24,1,1,,14.9824,852,182814,2.99614,243,0,7.8,,0,3,0,0.1,1,0,0,0,31,,2988,2988,,0,0,0,0
1613019608384,6,1010123456017,75,,1,0,24,1,1,,13.7716,858,184038,2.8659,245,0,7.28571,,0,0,0,0,0,0,0,0,0,,3000,3000,,0,0,0,0
1613019608635,6,1010123456017,75,,1,0,24,1,1,,18.8326,854,154634,4.32829,243,0,10,,0,6,0,0.1,2,0,0,0,31,,3000,3000,,0,0,0,0
1613019608885,6,1010123456017,75,,1,0,24,1,1,,15.7007,852,166433,3.8431,245,0,7.83333,,7.5,40,0,0.1,11,54.5455,0,8.27128,31,,3000,3000,,0,0,0,6.35
1613019609135,6,1010123456017,75,,1,0,24,1,1,,14.6821,862,183511,3.1097,246,0,8,,0,9,0,0,3,100,0,0,0,,3000,3000,,0,0,0,0
1613019609385,6,1010123456017,75,,1,0,24,1,1,,14.7212,868,182899,3.08211,248,0,7.85714,,0,0,0,0,0,0,0,0,0,,3000,3000,,0,0,0,0
1613019609635,6,1010123456017,75,,1,0,24,1,1,,15.5779,860,182392,3.23856,245,0,8.33333,,0,0,0,0,0,0,0,0,0,,3000,2994,,0,0,0,0
1613019609885,6,1010123456017,75,,1,0,24,1,1,,17.0892,852,183126,3.8344,245,0,9,,5.27027,37,0,0.1,11,36.3636,0,8.81998,31,,3000,2982,,0,0,0,4.27027
1613019610135,6,1010123456017,75,,1,0,24,1,1,,17.0989,859,183555,3.8593,245,0,9,,0,0,0,0,0,0,0,0,0,,3000,2994,,0,0,0,0
1613019610384,6,1010123456017,75,,1,0,24,1,1,,16.58,850,181850,3.68231,242,0,8.83333,,0,0,0,0,0,0,0,0,0,,3000,3000,,0,0,0,0
1613019610635,6,1010123456017,75,,1,0,24,1,1,,15.3457,859,183237,3.18138,246,0,7.6,,0,0,0,0,0,0,0,0,0,,3000,2988,,0,0,0,0
1613019610885,6,1010123456017,75,,1,0,24,1,1,,16.7666,844,183391,3.96448,244,0,8.4,,6.17647,34,0,0.1,10,50,0,6.3647,31,,3000,3000,,0,0,0,6.08824
1613019611135,6,1010123456017,75,,1,0,24,1,1,,18.8291,860,167137,4.41558,245,0,9.83333,,0,0,0,0,0,0,0,0,0,,3000,3000,,0,0,0,0
1613019611385,6,1010123456017,75,,1,0,24,1,1,,17.6141,863,172737,4.1695,247,0,8.71428,,0,3,0,0.1,1,0,0,0,31,,3000,3000,,0,0,0,0
1613019611635,6,1010123456017,75,,1,0,24,1,1,,12.2793,863,184029,2.58029,246,0,6.2,,0,0,0,0,0,0,0,0,0,,3000,2976,,0,0,0,0
1613019611885,6,1010123456017,75,,1,0,24,1,1,,14.2862,863,172198,3.11331,247,0,8.16667,,0,0,0,0,0,0,0,0,0,,3000,2994,,0,0,0,0
1613019612135,6,1010123456017,75,,1,0,24,1,1,,16.4636,852,183018,3.67024,243,0,8.5,,0.1,40,0,0.1,11,18.1818,0,1.21481,31,,3000,2988,,0,0,0,3.25
1613019612385,6,1010123456017,75,,1,0,24,1,1,,14.3233,860,183133,2.98067,246,0,7.85714,,0,3,0,0.1,1,0,0,0,31,,3000,2982,,0,0,0,0
1613019612634,6,1010123456017,75,,1,0,24,1,1,,15.7378,843,183363,3.64132,240,0,8.5,,0,0,0,0,0,0,0,0,0,,3000,2994,,0,0,0,0
1613019612884,6,1010123456017,75,,1,0,24,1,1,,13.0024,846,182968,2.83724,247,0,7.5,,5.30612,98,0,0.1,28,53.5714,0,4.40233,31,,3000,2982,,0,0,0,6.2551
1613019613135,6,1010123456017,75,,1,0,24,1,1,,14.2406,852,182774,3.21725,243,0,7.5,,15,14,0,0,4,100,0,0.1,0,,3000,3000,,0,0,0,10
1613019613385,6,1010123456017,75,,1,0,24,1,1,,16.162,852,182845,3.37917,243,0,8.42857,,0,0,0,0,0,0,0,0,0,,3000,3000,,0,0,0,0
1613019613635,6,1010123456017,75,,1,0,24,1,1,,16.9907,857,183341,3.62202,244,0,8.66667,,0,0,0,0,0,0,0,0,0,,3000,3000,,0,0,0,0
1613019613885,6,1010123456017,75,,1,0,24,1,1,,16.6279,852,183651,3.788,243,0,9,,15,19,0,0.1,5,80,0,6.23807,31,,3000,2994,,0,0,0,8.57895
1613019614135,6,1010123456017,75,,1,0,24,1,1,,14.9885,869,183813,3.14906,248,0,8,,0,0,0,0,0,0,0,0,0,,3000,3000,,0,0,0,0
1613019614385,6,1010123456017,75,,1,0,24,1,1,,18.52,850,173133,4.1145,242,0,9.5,,0.1,7,0,0.1,2,0,0,1.28573,31,,3000,2982,,0,0,0,1.42857
1613019614635,6,1010123456017,75,,1,0,24,1,1,,15.0603,862,183845,3.45171,246,0,8.16667,,0,0,0,0,0,0,0,0,0,,3000,3000,,0,0,0,0
1613019614884,6,1010123456017,75,,1,0,24,1,1,,15.6647,832,183298,3.27708,243,0,8.16667,,15.028,107,0,0.1,34,85.2941,0,6.48445,31,,3000,3000,,0,0,0,8.43925
1613019615134,6,1010123456017,75,,1,0,24,1,1,,16.4443,862,182087,3.80382,246,0,8.2,,0,0,0,0,0,0,0,0,0,,3000,3000,,0,0,0,0
1613019615385,6,1010123456017,75,,1,0,24,1,1,,15.1183,871,184002,3.33942,249,0,8,,0,0,0,0,0,0,0,0,0,,3000,3000,,0,0,0,0
1613019615634,6,1010123456017,75,,1,0,24,1,1,,15.0035,856,183517,3.09105,245,0,8.6,,0,0,0,0,0,0,0,0,0,,3000,2964,,0,0,0,0
1613019615884,6,1010123456017,75,,1,0,24,1,1,,12.5246,854,170946,2.8399,244,0,6.83333,,5.22727,44,0,0.1,13,46.1538,0,7.58531,31,,3000,3000,,0,0,0,5.52273
1613019616135,6,1010123456017,75,,1,0,24,1,1,,18.7243,856,161490,4.58214,244,0,9.66667,,0,0,0,0,0,0,0,0,0,,3000,2994,,0,0,0,0
1613019616385,6,1010123456017,75,,1,0,24,1,1,,15.9183,869,183453,3.41389,248,0,8.66667,,0,3,0,0.1,1,0,0,0,31,,3000,2979,,0,0,0,0
1613019616635,6,1010123456017,75,,1,0,24,1,1,,13.4222,848,183386,3.03562,241,0,7,,0,0,0,0,0,0,0,0,0,,3000,3000,,0,0,0,0
1613019616885,6,1010123456017,75,,1,0,24,1,1,,16.285,849,182790,3.61542,248,0,8.83333,,15.3889,36,0,0.1,11,72.7273,0,12.2833,31,,3000,3000,,0,0,0,7.16667
1613019617135,6,1010123456017,75,,1,0,24,1,1,,13.131,855,183541,2.71747,245,0,6.8,,0,0,0,0,0,0,0,0,0,,3000,2994,,0,0,0,0
1613019617385,6,1010123456017,75,,1,0,24,1,1,,18.8657,849,128240,4.91181,244,0,9.2,,0,0,0,0,0,0,0,0,0,,3000,3000,,0,0,0,0
1613019617635,6,1010123456017,75,,1,0,24,1,1,,20.4122,849,110537,4.83363,243,0,9.66667,,0,0,0,0,0,0,0,0,0,,3000,3000,,0,0,0,0
1613019617885,6,1010123456017,75,,1,0,24,1,1,,15.5932,848,135374,3.34848,244,0,8.4,,9.75,20,0,0.1,6,66.6667,0,2.52509,31,,3000,2994,,0,0,0,6.85
1613019618135,6,1010123456017,75,,1,0,24,1,1,,16.0238,839,152540,3.42806,241,0,8.8,,0,0,0,0,0,0,0,0,0,,3000,2988,,0,0,0,0
1613019618385,6,1010123456017,75,,1,0,24,1,1,,18.4486,865,137387,4.79222,247,0,9.14286,,0,3,0,0.1,1,0,0,0,31,,3000,2970,,0,0,0,0
1613019618635,6,1010123456017,75,,1,0,24,1,1,,14.1504,851,175440,2.89213,243,0,7.66667,,12,20,0,0.1,5,80,0,1.68201,31,,3000,2994,,0,0,0,8.4
1613019618885,6,1010123456017,75,,1,0,24,1,1,,15.8298,858,182626,3.31322,246,0,8,,0.1,45,0,0.1,13,15.3846,0,3.72929,31,,3000,3000,,0,0,0,2.55556
1613019619134,6,1010123456017,75,,1,0,24,1,1,,15.4236,857,183651,3.70786,245,0,7.83333,,0,0,0,0,0,0,0,0,0,,3000,3000,,0,0,0,0
1613019619384,6,1010123456017,75,,1,0,24,1,1,,17.4136,851,177451,3.8292,242,0,9,,0,3,0,0.1,1,0,0,0,31,,3000,3000,,0,0,0,0
1613019619635,6,1010123456017,75,,1,0,24,1,1,,12.3505,856,183811,2.53955,245,0,6.83333,,0,3,0,0.1,1,0,0,0,31,,3000,3000,,0,0,0,0
1613019619885,6,1010123456017,75,,1,0,24,1,1,,13.1393,854,182579,2.69376,248,0,7.5,,0.1,32,0,0.1,9,0,0,5.17565,31,,3000,2994,,0,0,0,1.59375
1613019620135,6,1010123456017,75,,1,0,24,1,1,,16.1942,865,184211,3.44611,247,0,8.5,,0,0,0,0,0,0,0,0,0,,3000,2988,,0,0,0,0
1613019620385,6,1010123456017,75,,1,0,24,1,1,,17.6536,866,174680,3.87171,247,0,9,,2,12,0,0.1,3,66.6667,0,0.452729,31,,3000,2988,,0,0,0,8
1613019620635,6,1010123456017,75,,1,0,24,1,1,,18.8046,865,165054,4.42333,247,0,9.8,,0,0,0,0,0,0,0,0,0,,3000,2994,,0,0,0,0
1613019620885,6,1010123456017,75,,1,0,24,1,1,,15.7453,860,182922,3.27187,246,0,8,,10,12,0,0.1,3,66.6667,0,10.1081,31,,3000,3000,,0,0,0,7
1613019621135,6,1010123456017,75,,1,0,24,1,1,,14.7626,851,183154,3.05469,243,0,8,,2.30769,39,0,0.1,12,66.6667,0,3.28411,31,,3000,2994,,0,0,0,6.87179
1613019621384,6,1010123456017,75,,1,0,24,1,1,,19.6559,866,157265,4.70599,248,0,10,,0,0,0,0,0,0,0,0,0,,3000,3000,,0,0,0,0
1613019621634,6,1010123456017,75,,1,0,24,1,1,,12.6566,862,182899,2.64935,245,0,6.8,,12.6316,19,0,0.1,5,80,0,4.78733,31,,3000,3000,,0,0,0,8.57895
1613019621885,6,1010123456017,75,,1,0,24,1,1,,10.2019,842,182632,2.09997,245,0,6.4,,5.18518,81,0,0.1,23,65.2174,0,2.68973,31,,3000,2988,,0,0,0,7.48148
1613019622134,6,1010123456017,75,,1,0,24,1,1,,14.6851,848,183328,3.75068,242,0,8,,0.1,4,0,0.1,1,0,0,1.32752,31,,3000,3000,,0,0,0,1
1613019622385,6,1010123456017,75,,1,0,24,1,1,,21.6138,852,119287,6.00573,243,0,11,,0,0,0,0,0,0,0,0,0,,3000,3000,,0,0,0,0
1613019622635,6,1010123456017,75,,1,0,24,1,1,,15.5029,857,142896,3.53299,244,0,7,,0,0,0,0,0,0,0,0,0,,3000,2994,,0,0,0,0
1613019622885,6,1010123456017,75,,1,0,24,1,1,,14.6753,853,165570,3.33418,243,0,8.33333,,6.48649,37,0,0.1,10,40,0,5.84727,31,,3000,3000,,0,0,0,4.97297
1613019623135,6,1010123456017,75,,1,0,24,1,1,,17.7032,866,162819,4.27699,248,0,9.5,,0,0,0,0,0,0,0,0,0,,3000,3000,,0,0,0,0
1613019623385,6,1010123456017,75,,1,0,24,1,1,,13.3025,843,183443,2.78064,243,0,7.42857,,0,3,0,0.1,1,0,0,0,31,,3000,3000,,0,0,0,0
1613019623634,6,1010123456017,75,,1,0,24,1,1,,14.4882,846,183847,3.04562,243,0,7.66667,,0,0,0,0,0,0,0,0,0,,3000,2994,,0,0,0,0
1613019623884,6,1010123456017,75,,1,0,24,1,1,,18.324,858,176142,4.03814,245,0,9.5,,7.12195,41,0,0.1,11,45.4545,0,9.54218,31,,3000,3000,,0,0,0,5.26829
1613019624134,6,1010123456017,75,,1,0,24,1,1,,14.7627,847,183415,3.39357,243,0,7.83333,,0,0,0,0,0,0,0,0,0,,3000,2988,,0,0,0,0
1613019624385,6,1010123456017,75,,1,0,24,1,1,,17.8754,867,182474,3.82643,248,0,9,,0,3,0,0.1,1,0,0,0,31,,3000,3000,,0,0,0,0
1613019624635,6,1010123456017,75,,1,0,24,1,1,,15.0118,851,181276,3.36,244,0,7.83333,,0.1,4,0,0.1,1,0,0,26.3968,31,,3000,3000,,0,0,0,1
1613019624885,6,1010123456017,75,,1,0,24,1,1,,10.689,852,183287,2.39786,245,0,6.8,,9.28571,21,0,0.1,6,66.6667,0,4.301,31,,3000,3000,,0,0,0,6.57143
1613019625135,6,1010123456017,75,,1,0,24,1,1,,16.9371,859,175296,3.8679,246,0,9.2,,0,0,0,0,0,0,0,0,0,,3000,3000,,0,0,0,0
1613019625385,6,1010123456017,75,,1,0,24,1,1,,17.3279,857,179496,3.76992,244,0,9.28572,,9,16,0,0,4,100,0,0.797228,0,,3000,2994,,0,0,0,10
1613019625635,6,1010123456017,75,,1,0,24,1,1,,17.6798,865,183690,4.01955,247,0,8.6,,0,0,0,0,0,0,0,0,0,,3000,2982,,0,0,0,0
1613019625885,6,1010123456017,75,,1,0,24,1,1,,14.1871,855,183250,2.93674,245,0,7.66667,,0.1,39,0,0.1,12,33.3333,0,5.50834,31,,3000,3000,,0,0,0,4.28205
1613019626135,6,1010123456017,75,,1,0,24,1,1,,17.5301,847,167842,4.12611,243,0,10,,0,0,0,0,0,0,0,0,0,,3000,2994,,0,0,0,0
1613019626384,6,1010123456017,75,,1,0,24,1,1,,16.7218,859,183175,3.4559,245,0,8.57143,,0,0,0,0,0,0,0,0,0,,3000,3000,,0,0,0,0
1613019626635,6,1010123456017,75,,1,0,24,1,1,,17.6362,852,182412,3.95971,245,0,9.16667,,12,20,0,0.1,5,80,0,7.93125,31,,3000,2988,,0,0,0,8.2
1613019626885,6,1010123456017,75,,1,0,24,1,1,,9.7397,849,184121,2.2952,245,0,4.66667,,7.27273,33,0,0.1,9,44.4444,0,6.14144,31,,3000,2988,,0,0,0,5.57576
1613019627135,6,1010123456017,75,,1,0,24,1,1,,10.6674,857,183523,2.2777,244,0,5.83333,,0,0,0,0,0,0,0,0,0,,3000,2976,,0,0,0,0
1613019627385,6,1010123456017,75,,1,0,24,1,1,,11.1026,858,183321,2.44064,246,0,6.75,,0.1,4,0,0.1,1,0,0,1.10236,31,,3000,3000,,0,0,0,2
1613019627635,6,1010123456017,75,,1,0,24,1,1,,7.72609,847,182351,1.47222,243,0,5.66667,,0,0,0,0,0,0,0,0,0,,3000,2988,,0,0,0,0
1613019627885,6,1010123456017,75,,1,0,24,1,1,,15.9988,838,183888,3.42902,245,0,8,,14.717,53,0,0.154336,17,70.5882,0,8.80527,31,,3000,2988,,0,0,0,7.28302
1613019628135,6,1010123456017,75,,1,0,24,1,1,,15.4065,856,183103,3.12957,243,0,8.33333,,0,3,0,0.1,1,0,0,0,31,,3000,3000,,0,0,0,0
1613019628385,6,1010123456017,75,,1,0,24,1,1,,18.8123,847,170208,4.44013,244,0,9.57143,,0,0,0,0,0,0,0,0,0,,3000,3000,,0,0,0,0
1613019628635,6,1010123456017,75,,1,0,24,1,1,,11.6929,850,184180,2.50003,242,0,6.5,,0,0,0,0,0,0,0,0,0,,3000,2988,,0,0,0,0
1613019628885,6,1010123456017,75,,1,0,24,1,1,,16.2515,855,182725,3.46771,246,0,8.66667,,6.25,36,0,0.1,11,45.4545,0,9.32892,31,,3000,3000,,0,0,0,4.86111
1613019629135,6,1010123456017,75,,1,0,24,1,1,,15.6285,864,183140,3.31002,246,0,8.33333,,0,0,0,0,0,0,0,0,0,,3000,3000,,0,0,0,0
1613019629385,6,1010123456017,75,,1,0,24,1,1,,16.0421,856,183172,3.42915,245,0,8.5,,0,0,0,0,0,0,0,0,0,,3000,3000,,0,0,0,0
1613019629635,6,1010123456017,75,,1,0,24,1,1,,14.6929,850,182902,3.04173,242,0,7.5,,0,3,0,0.1,1,0,0,0,31,,3000,3000,,0,0,0,0
1613019629885,6,1010123456017,75,,1,0,24,1,1,,14.8699,838,182680,3.13757,245,0,8.4,,12.6395,86,0,0.1,27,77.7778,0,6.65661,31,,3000,2994,,0,0,0,7.89535
1613019630134,6,1010123456017,75,,1,0,24,1,1,,12.6794,867,182712,2.71483,247,0,7,,0,0,0,0,0,0,0,0,0,,3000,2958,,0,0,0,0
1613019630384,6,1010123456017,75,,1,0,24,1,1,,21.0047,860,153872,5.10699,245,0,10,,0,3,0,0.1,1,0,0,0,31,,3000,3000,,0,0,0,0
1613019630635,6,1010123456017,75,,1,0,24,1,1,,14.5195,847,183097,3.09146,244,0,7.25,,0,0,0,0,0,0,0,0,0,,3000,2994,,0,0,0,0
1613019630885,6,1010123456017,75,,1,0,24,1,1,,17.1545,848,160246,4.12723,244,0,8.66667,,14.7143,28,0,0.1,8,37.5,0,20.8178,31,,3000,3000,,0,0,0,3.89286
1613019631135,6,1010123456017,75,,1,0,24,1,1,,13.8483,857,183024,2.91443,244,0,7.2,,0,3,0,0,1,100,0,0,0,,3000,3000,,0,0,0,0
1613019631385,6,1010123456017,75,,1,0,24,1,1,,15.0012,855,183853,3.24573,245,0,7.71429,,0,0,0,0,0,0,0,0,0,,3000,3000,,0,0,0,0
1613019631635,6,1010123456017,75,,1,0,24,1,1,,12.1584,865,183732,2.86848,248,0,7.6,,0.1,8,0,0.1,2,0,0,1.20108,31,,3000,2994,,0,0,0,1.5
1613019631885,6,1010123456017,75,,1,0,24,1,1,,13.849,861,184622,2.99654,246,0,6.75,,0,0,0,0,0,0,0,0,0,,3000,2982,,0,0,0,0
1613019632135,6,1010123456017,75,,1,0,24,1,1,,13.6089,854,181144,3.38227,244,0,6.8,,7.5,32,0,0.1,9,44.4444,0,6.39468,31,,3000,2994,,0,0,0,5.5625
1613019632385,6,1010123456017,75,,1,0,24,1,1,,20.8322,852,149883,5.05069,244,0,10.2857,,0.1,16,0,0.1,5,80,0,0.486342,31,,3000,2994,,0,0,0,7.75
1613019632634,6,1010123456017,75,,1,0,24,1,1,,14.7517,866,182508,3.15267,247,0,8.25,,0.1,8,0,0.1,2,50,0,0.952683,0,,3000,2988,,0,0,0,5.5
1613019632885,6,1010123456017,75,,1,0,24,1,1,,17.5729,850,178073,3.92736,246,0,9.33333,,0.1,43,0,0.1,13,46.1538,0,3.99687,31,,3000,2970,,0,0,0,5.69767
1613019633135,6,1010123456017,75,,1,0,24,1,1,,17.1221,868,175994,3.94454,247,0,9.16667,,0,0,0,0,0,0,0,0,0,,3000,3000,,0,0,0,0
1613019633385,6,1010123456017,75,,1,0,24,1,1,,16.8629,868,171819,3.88352,248,0,8.85714,,0,0,0,0,0,0,0,0,0,,3000,3000,,0,0,0,0
1613019633635,6,1010123456017,75,,1,0,24,1,1,,12.7538,853,183943,2.57123,243,0,6.83333,,0,0,0,0,0,0,0,0,0,,3000,2988,,0,0,0,0
1613019633885,6,1010123456017,75,,1,0,24,1,1,,19.9693,846,154439,4.81104,243,0,9.5,,1.47368,38,0,0.1,10,20,0,6.77167,31,,3000,3000,,0,0,0,4.44737
1613019634135,6,1010123456017,75,,1,0,24,1,1,,13.9676,863,183115,2.96118,245,0,7.83333,,0,6,0,0.1,2,0,0,0,31,,3000,2994,,0,0,0,0
1613019634385,6,1010123456017,75,,1,0,24,1,1,,16.304,842,174890,3.5535,239,0,8.57143,,0,15,0,0.1,5,80,0,0,0,,3000,3000,,0,0,0,0
1613019634635,6,1010123456017,75,,1,0,24,1,1,,13.887,867,177750,2.98982,248,0,7.25,,0,0,0,0,0,0,0,0,0,,3000,2976,,0,0,0,0
1613019634885,6,1010123456017,75,,1,0,24,1,1,,17.5409,856,184104,3.96451,245,0,8.66667,,0.1,31,0,0.1,9,0,0,1.23985,31,,3000,3000,,0,0,0,2.32258
1613019635135,6,1010123456017,75,,1,0,24,1,1,,18.6112,859,164523,4.39878,244,0,9.2,,0,0,0,0,0,0,0,0,0,,3000,3000,,0,0,0,0
1613019635385,6,1010123456017,75,,1,0,24,1,1,,14.9748,832,183721,3.40138,239,0,7.57143,,0,3,0,0.1,1,0,0,0,31,,3000,2964,,0,0,0,0
1613019635635,6,1010123456017,75,,1,0,24,1,1,,16.3201,856,172207,3.59885,246,0,9.6,,0.1,4,0,0.1,1,0,0,0.420441,31,,3000,3000,,0,0,0,3
1613019635885,6,1010123456017,75,,1,0,24,1,1,,16.8938,838,184011,3.57206,247,0,8.6,,9.26471,102,0,0.101632,30,73.3333,0,8.4989,31,,3000,3000,,0,0,0,7.58824
1613019636135,6,1010123456017,75,,1,0,24,1,1,,13.9103,858,182947,2.92509,245,0,7.6,,0,0,0,0,0,0,0,0,0,,3000,3000,,0,0,0,0
1613019636385,6,1010123456017,75,,1,0,24,1,1,,18.8528,863,172859,4.41469,247,0,9.71429,,0,0,0,0,0,0,0,0,0,,3000,2982,,0,0,0,0
1613019636635,6,1010123456017,75,,1,0,24,1,1,,16.5303,858,183963,3.544,246,0,8.6,,0,0,0,0,0,0,0,0,0,,3000,2994,,0,0,0,0
1613019636885,6,1010123456017,75,,1,0,24,1,1,,16.5474,844,146537,4.42109,245,0,8.66667,,15.35,80,0,0.182912,25,80,0,7.16868,31,,3000,3000,,0,0,0,8.1625
1613019637135,6,1010123456017,75,,1,0,24,1,1,,16.8398,849,157944,3.67296,242,0,9,,0,0,0,0,0,0,0,0,0,,3000,3000,,0,0,0,0
1613019637385,6,1010123456017,75,,1,0,24,1,1,,16.971,863,176298,3.5905,247,0,8.71429,,0,0,0,0,0,0,0,0,0,,3000,3000,,0,0,0,0
1613019637635,6,1010123456017,75,,1,0,24,1,1,,11.5144,869,182525,2.57174,247,0,5.4,,0,0,0,0,0,0,0,0,0,,3000,3000,,0,0,0,0
1613019637885,6,1010123456017,75,,1,0,24,1,1,,16.0785,841,181981,3.30947,241,0,8.33333,,4.71429,35,0,0.1,11,36.3636,0,7.11355,31,,3000,3000,,0,0,0,4.14286
1613019638135,6,1010123456017,75,,1,0,24,1,1,,11.5696,855,184077,2.35354,244,0,6.16667,,0,0,0,0,0,0,0,0,0,,3000,3000,,0,0,0,0
1613019638385,6,1010123456017,75,,1,0,24,1,1,,11.1133,847,183953,2.35424,242,0,5.57143,,0,0,0,0,0,0,0,0,0,,3000,2988,,0,0,0,0
1613019638635,6,1010123456017,75,,1,0,24,1,1,,10.9055,868,183988,2.27571,248,0,7.16667,,0,0,0,0,0,0,0,0,0,,3000,2970,,0,0,0,0
1613019638885,6,1010123456017,75,,1,0,24,1,1,,16.5565,832,174403,3.65731,241,0,9,,15,19,0,0.1,5,80,0,19.9074,31,,3000,3000,,0,0,0,8.57895
1613019639135,6,1010123456017,75,,1,0,24,1,1,,15.4919,860,182975,3.26573,246,0,8.33333,,0,0,0,0,0,0,0,0,0,,3000,3000,,0,0,0,0
1613019639385,6,1010123456017,75,,1,0,24,1,1,,16.3361,851,182222,3.70906,242,0,8.83333,,15,16,0,0,4,100,0,1.39434,0,,3000,3000,,0,0,0,10
1613019639635,6,1010123456017,75,,1,0,24,1,1,,14.8314,848,171868,3.32118,241,0,7.83333,,0,0,0,0,0,0,0,0,0,,3000,2988,,0,0,0,0
1613019639885,6,1010123456017,75,,1,0,24,1,1,,21.3248,856,130963,5.42698,245,0,11,,10.9091,11,0,0.1,3,66.6667,0,9.07859,31,,3000,3000,,0,0,0,7.54545
1613019640135,6,1010123456017,75,,1,0,24,1,1,,11.7193,862,182776,2.46163,246,0,6.16667,,5.45455,22,0,0.1,6,33.3333,0,4.77354,0,,3000,2994,,0,0,0,4.40909
1613019640385,6,1010123456017,75,,1,0,24,1,1,,11.5342,863,183468,2.4336,246,0,6.57143,,0,0,0,0,0,0,0,0,0,,3000,3000,,0,0,0,0
1613019640635,6,1010123456017,75,,1,0,24,1,1,,15.3665,865,183896,3.2672,248,0,8,,0,3,0,0.1,1,0,0,0,31,,3000,2994,,0,0,0,0
1613019640884,6,1010123456017,75,,1,0,24,1,1,,13.162,821,184414,3.03653,244,0,6.83333,,0,5,0,0,2,100,0,0,0,,2988,2958,,0,0,0,0
1613019641135,6,1010123456017,75,,1,0,24,1,1,,12.6101,849,169501,2.84304,243,0,7.5,,8.4375,32,0,0.1,9,44.4444,0,8.67824,31,,3012,3012,,0,0,0,5.5
1613019641385,6,1010123456017,75,,1,0,24,1,1,,14.9722,862,183951,3.2216,247,0,8.14286,,0,6,0,0.1,2,0,0,0,31,,3000,3000,,0,0,0,0
1613019641635,6,1010123456017,75,,1,0,24,1,1,,12.7597,853,182850,2.75229,245,0,7.16667,,15,4,0,0.1,1,0,0,31.7446,31,,3000,2982,,0,0,0,1
1613019641885,6,1010123456017,75,,1,0,24,1,1,,17.5295,848,182510,4.11923,244,0,9.33333,,0,12,0,0.1,4,25,0,0,31,,3000,2979,,0,0,0,0
1613019642135,6,1010123456017,75,,1,0,24,1,1,,12.099,869,183865,2.67619,247,0,6.83333,,0,3,0,0.1,1,0,0,0,31,,3000,2982,,0,0,0,0
1613019642385,6,1010123456017,75,,1,0,24,1,1,,15.4737,857,182820,3.11798,245,0,8.14286,,0,6,0,0.1,2,0,0,0,31,,3000,2994,,0,0,0,0
1613019642635,6,1010123456017,75,,1,0,24,1,1,,13.2774,858,184174,2.95757,244,0,6.5,,0,3,0,0.1,1,0,0,0,31,,3000,3000,,0,0,0,0
1613019642885,6,1010123456017,75,,1,0,24,1,1,,13.8677,839,183139,2.83741,245,0,8.16667,,15,12,0,0,3,100,0,2.18079,0,,3000,3000,,0,0,0,10
1613019643135,6,1010123456017,75,,1,0,24,1,1,,16.0233,859,184133,3.60435,246,0,8.5,,7.90909,11,0,0.1,3,33.3333,0,19.8524,31,,3000,3000,,0,0,0,4.27273
1613019643385,6,1010123456017,75,,1,0,24,1,1,,15.7415,851,182576,3.34054,244,0,8.14286,,15,16,0,0,4,100,0,2.74146,0,,3000,3000,,0,0,0,10
1613019643635,6,1010123456017,75,,1,0,24,1,1,,17.2879,865,161243,4.05424,247,0,9.66667,,0,0,0,0,0,0,0,0,0,,3000,2994,,0,0,0,0
1613019643885,6,1010123456017,75,,1,0,24,1,1,,14.3008,841,183818,3.09642,245,0,7.16667,,15.3247,77,0,0.121856,24,83.3333,0,5.61444,31,,3000,2994,,0,0,0,8.36364
1613019644135,6,1010123456017,75,,1,0,24,1,1,,10.1254,861,182296,2.30723,245,0,7,,0,0,0,0,0,0,0,0,0,,3000,2994,,0,0,0,0
1613019644385,6,1010123456017,75,,1,0,24,1,1,,18.3475,869,164114,4.08998,248,0,9.71428,,0,0,0,0,0,0,0,0,0,,3000,3000,,0,0,0,0
1613019644635,6,1010123456017,75,,1,0,24,1,1,,16.3513,854,180132,3.73802,243,0,8,,0.1,8,0,0.1,2,50,0,0.647753,31,,3000,2994,,0,0,0,5.5
1613019644885,6,1010123456017,75,,1,0,24,1,1,,11.041,853,181896,2.30637,246,0,6.16667,,10,24,0,0.1,6,66.6667,0,6.38794,31,,3000,2979,,0,0,0,7
1613019645135,6,1010123456017,75,,1,0,24,1,1,,16.9544,856,172578,3.67165,245,0,8.83333,,0,0,0,0,0,0,0,0,0,,3000,2976,,0,0,0,0
1613019645385,6,1010123456017,75,,1,0,24,1,1,,16.0422,852,179358,3.41917,245,0,9.28571,,4.90909,22,0,0.1,7,57.1429,0,6.12773,31,,3000,2988,,0,0,0,5.90909
1613019645635,6,1010123456017,75,,1,0,24,1,1,,18.8522,859,158300,4.94768,245,0,9.33333,,0,0,0,0,0,0,0,0,0,,3000,2982,,0,0,0,0
1613019645885,6,1010123456017,75,,1,0,24,1,1,,17.7711,830,167371,3.83638,241,0,9,,4.46512,43,0,0.1,13,38.4615,0,3.27442,31,,3000,2976,,0,0,0,4.46512
1613019646135,6,1010123456017,75,,1,0,24,1,1,,15.794,864,169028,3.6873,248,0,8.16667,,0,0,0,0,0,0,0,0,0,,3000,2988,,0,0,0,0
1613019646385,6,1010123456017,75,,1,0,24,1,1,,15.1986,861,182512,3.36403,246,0,8.28571,,0,0,0,0,0,0,0,0,0,,3000,3000,,0,0,0,0
1613019646635,6,1010123456017,75,,1,0,24,1,1,,11.0047,854,162215,2.88451,243,0,6.16667,,0,0,0,0,0,0,0,0,0,,3000,3000,,0,0,0,0
1613019646885,6,1010123456017,75,,1,0,24,1,1,,15.9641,863,171621,3.86131,248,0,8.66667,,0.8,70,0,0.1,20,15,0,8.47296,31,,3000,2982,,0,0,0,2.57143
1613019647135,6,1010123456017,75,,1,0,24,1,1,,11.9942,863,183152,2.57606,246,0,6.66667,,0,0,0,0,0,0,0,0,0,,3000,2970,,0,0,0,0
1613019647384,6,1010123456017,75,,1,0,24,1,1,,15.0987,841,123550,3.18243,241,0,8,,0,0,0,0,0,0,0,0,0,,3000,3000,,0,0,0,0
1613019647634,6,1010123456017,75,,1,0,24,1,1,,20.8647,643,0,4.07409,192,0,10.8333,,0,0,0,0,0,0,0,0,0,,2220,2220,,0,0,0,0
1613019647884,6,1010123456017,75,,1,0,24,1,1,,0,0,0,0,0,0,8,,0,0,0,0,0,0,0,0,0,,0,0,,0,0,0,0
1613019648134,6,1010123456017,75,,1,0,24,1,1,,0,0,0,0,0,0,8,,0,0,0,0,0,0,0,0,0,,0,0,,0,0,0,0
1613019648384,6,1010123456017,75,,1,0,24,1,1,,0,0,0,0,0,0,8.16667,,0,0,0,0,0,0,0,0,0,,0,0,,0,0,0,0
1613019648634,6,1010123456017,75,,1,0,24,1,1,,0,0,0,0,0,0,7.5,,0,0,0,0,0,0,0,0,0,,0,0,,0,0,0,0
1613019648884,6,1010123456017,75,,1,0,24,1,1,,0,0,0,0,0,0,8.83333,,0,0,0,0,0,0,0,0,0,,0,0,,0,0,0,0
1613019649134,6,1010123456017,75,,1,0,24,1,1,,0,0,0,0,0,0,8.4,,0,0,0,0,0,0,0,0,0,,0,0,,0,0,0,0
1613019649385,6,1010123456017,75,,1,0,24,1,1,,0,0,0,0,0,0,8.4,,0,0,0,0,0,0,0,0,0,,0,0,,0,0,0,0
1613019649634,6,1010123456017,75,,1,0,24,1,1,,0,0,0,0,0,0,9,,0,0,0,0,0,0,0,0,0,,0,0,,0,0,0,0
1613019649884,6,1010123456017,75,,1,0,24,1,1,,0,0,0,0,0,0,8.8,,0,0,0,0,0,0,0,0,0,,0,0,,0,0,0,0
1613019650134,6,1010123456017,75,,1,0,24,1,1,,0,0,0,0,0,0,8.4,,0,0,0,0,0,0,0,0,0,,0,0,,0,0,0,0
1613019650384,6,1010123456017,75,,1,0,24,1,1,,0,0,0,0,0,0,8,,0,0,0,0,0,0,0,0,0,,0,0,,0,0,0,0
1613019650635,6,1010123456017,75,,1,0,24,1,1,,0,0,0,0,0,0,7.2,,0,3,0,0.1,1,0,0,0,31,,0,0,,0,0,0,0
1613019650884,6,1010123456017,75,,1,0,24,1,1,,0,0,0,0,0,0,8.66667,,0,0,0,0,0,0,0,0,0,,0,0,,0,0,0,0
1613019651134,6,1010123456017,75,,1,0,24,1,1,,0,0,0,0,0,0,8,,0,0,0,0,0,0,0,0,0,,0,0,,0,0,0,0
1613019651385,6,1010123456017,75,,1,0,24,1,1,,0,0,0,0,0,0,8,,0,0,0,0,0,0,0,0,0,,0,0,,0,0,0,0
1613019651635,6,1010123456017,75,,1,0,24,1,1,,0,0,0,0,0,0,9.6,,0,0,0,0,0,0,0,0,0,,0,0,,0,0,0,0
1613019651884,6,1010123456017,75,,1,0,24,1,1,,0,0,0,0,0,0,6,,0,0,0,0,0,0,0,0,0,,0,0,,0,0,0,0
1613019652134,6,1010123456017,75,,1,0,24,1,1,,0,0,0,0,0,0,8.16667,,0,0,0,0,0,0,0,0,0,,0,0,,0,0,0,0
1613019652384,6,1010123456017,75,,1,0,24,1,1,,0,0,0,0,0,0,7,,0,0,0,0,0,0,0,0,0,,0,0,,0,0,0,0
1613019652634,6,1010123456017,75,,1,0,24,1,1,,0,0,0,0,0,0,9.4,,0,0,0,0,0,0,0,0,0,,0,0,,0,0,0,0
1613019652885,6,1010123456017,75,,1,0,24,1,1,,0,0,0,0,0,0,7.83333,,0,0,0,0,0,0,0,0,0,,0,0,,0,0,0,0
1613019653134,6,1010123456017,75,,1,0,24,1,1,,0,0,0,0,0,0,9.25,,0,0,0,0,0,0,0,0,0,,0,0,,0,0,0,0
1613019653384,6,1010123456017,75,,1,0,24,1,1,,0,0,0,0,0,0,9.75,,0,0,0,0,0,0,0,0,0,,0,0,,0,0,0,0
1613019653634,6,1010123456017,75,,1,0,24,1,1,,0,0,0,0,0,0,0.1,,0,0,0,0,0,0,0,0,0,,0,0,,0,0,0,0
1613019653884,6,1010123456017,75,,1,0,24,1,1,,0,0,0,0,0,0,9.5,,0,0,0,0,0,0,0,0,0,,0,0,,0,0,0,0
1613019654134,6,1010123456017,75,,1,0,24,1,1,,0,0,0,0,0,0,7.5,,0,0,0,0,0,0,0,0,0,,0,0,,0,0,0,0
1613019654384,6,1010123456017,75,,1,0,24,1,1,,0,0,0,0,0,0,3.33333,,0,0,0,0,0,0,0,0,0,,0,0,,0,0,0,0
1613019654634,6,1010123456017,75,,1,0,24,1,1,,0,0,0,0,0,0,9.6,,0,0,0,0,0,0,0,0,0,,0,0,,0,0,0,0
1613019654885,6,1010123456017,75,,1,0,24,1,1,,0,0,0,0,0,0,4,,0,0,0,0,0,0,0,0,0,,0,0,,0,0,0,0
1613019655134,6,1010123456017,75,,1,0,24,1,1,,0,0,0,0,0,0,6,,0,0,0,0,0,0,0,0,0,,0,0,,0,0,0,0
1613019655384,6,1010123456017,75,,1,0,24,1,1,,0,0,0,0,0,0,12,,0,0,0,0,0,0,0,0,0,,0,0,,0,0,0,0
1613019655634,6,1010123456017,75,,1,0,24,1,1,,0,0,0,0,0,0,1.5,,0,0,0,0,0,0,0,0,0,,0,0,,0,0,0,0
1613019655885,6,1010123456017,75,,1,0,24,1,1,,0,0,0,0,0,0,12,,0,0,0,0,0,0,0,0,0,,0,0,,0,0,0,0
1613019656134,6,1010123456017,75,,1,0,24,1,1,,0,0,0,0,0,0,9.5,,0,0,0,0,0,0,0,0,0,,0,0,,0,0,0,0
1613019656384,6,1010123456017,75,,1,0,24,1,1,,0,0,0,0,0,0,8.4,,0,0,0,0,0,0,0,0,0,,0,0,,0,0,0,0
1613019656634,6,1010123456017,75,,1,0,24,1,1,,0,0,0,0,0,0,8,,0,0,0,0,0,0,0,0,0,,0,0,,0,0,0,0
1613019656884,6,1010123456017,75,,1,0,24,1,1,,0,0,0,0,0,0,0.1,,0,0,0,0,0,0,0,0,0,,0,0,,0,0,0,0
1613019657134,6,1010123456017,75,,1,0,24,1,1,,0,0,0,0,0,0,6.5,,0,0,0,0,0,0,0,0,0,,0,0,,0,0,0,0
1613019657384,6,1010123456017,75,,1,0,24,1,1,,0,0,0,0,0,0,6.33333,,0,0,0,0,0,0,0,0,0,,0,0,,0,0,0,0
1613019657634,6,1010123456017,75,,1,0,24,1,1,,0,0,0,0,0,0,12,,0,0,0,0,0,0,0,0,0,,0,0,,0,0,0,0
1613019657885,6,1010123456017,75,,1,0,24,1,1,,0,0,0,0,0,0,13,,0,0,0,0,0,0,0,0,0,,0,0,,0,0,0,0
1613019658134,6,1010123456017,75,,1,0,24,1,1,,0,0,0,0,0,0,10,,0,0,0,0,0,0,0,0,0,,0,0,,0,0,0,0
1613019658384,6,1010123456017,75,,1,0,24,1,1,,0,0,0,0,0,0,7,,0,0,0,0,0,0,0,0,0,,0,0,,0,0,0,0
1613019658634,6,1010123456017,75,,1,0,24,1,1,,0,0,0,0,0,0,14,,0,0,0,0,0,0,0,0,0,,0,0,,0,0,0,0
1613019658884,6,1010123456017,75,,1,0,24,1,1,,0,0,0,0,0,0,8,,0,0,0,0,0,0,0,0,0,,0,0,,0,0,0,0
1613019659135,6,1010123456017,75,,1,0,24,1,1,,0,0,0,0,0,0,7,,0,0,0,0,0,0,0,0,0,,0,0,,0,0,0,0
1613019659385,6,1010123456017,75,,1,0,24,1,1,,0,0,0,0,0,0,8.5,,0,0,0,0,0,0,0,0,0,,0,0,,0,0,0,0
1613019659635,6,1010123456017,75,,1,0,24,1,1,,0,0,0,0,0,0,6,,0,0,0,0,0,0,0,0,0,,0,0,,0,0,0,0
1613019659885,6,1010123456017,75,,1,0,24,1,1,,0,0,0,0,0,0,5.75,,0,0,0,0,0,0,0,0,0,,0,0,,0,0,0,0
1613019660135,6,1010123456017,75,,1,0,24,1,1,,0,0,0,0,0,0,4.66667,,0,0,0,0,0,0,0,0,0,,0,0,,0,0,0,0
1613019660384,6,1010123456017,75,,1,0,24,1,1,,0,0,0,0,0,0,7.25,,0,0,0,0,0,0,0,0,0,,0,0,,0,0,0,0
1613019660634,6,1010123456017,75,,1,0,24,1,1,,0,0,0,0,0,0,10,,0,0,0,0,0,0,0,0,0,,0,0,,0,0,0,0
1613019660884,6,1010123456017,75,,1,0,24,1,1,,0,0,0,0,0,0,11.5,,0,0,0,0,0,0,0,0,0,,0,0,,0,0,0,0
1613019661134,6,1010123456017,75,,1,0,24,1,1,,0,0,0,0,0,0,2,,0,0,0,0,0,0,0,0,0,,0,0,,0,0,0,0
1613019661384,6,1010123456017,75,,1,0,24,1,1,,0,0,0,0,0,0,6.33333,,0,0,0,0,0,0,0,0,0,,0,0,,0,0,0,0
1613019661634,6,1010123456017,75,,1,0,24,1,1,,0,0,0,0,0,0,8,,0,0,0,0,0,0,0,0,0,,0,0,,0,0,0,0
1613019661884,6,1010123456017,75,,1,0,24,1,1,,0,0,0,0,0,0,7.5,,0,0,0,0,0,0,0,0,0,,0,0,,0,0,0,0
1613019662135,6,1010123456017,75,,1,0,24,1,1,,0,0,0,0,0,0,8.5,,0,0,0,0,0,0,0,0,0,,0,0,,0,0,0,0
1613019662384,6,1010123456017,75,,1,0,24,1,1,,0,0,0,0,0,0,10.5,,0,0,0,0,0,0,0,0,0,,0,0,,0,0,0,0
1613019662634,6,1010123456017,75,,1,0,24,1,1,,0,0,0,0,0,0,6.5,,0,0,0,0,0,0,0,0,0,,0,0,,0,0,0,0
1613019662884,6,1010123456017,75,,1,0,24,1,1,,0,0,0,0,0,0,6,,0,0,0,0,0,0,0,0,0,,0,0,,0,0,0,0
1613019663134,6,1010123456017,75,,1,0,24,1,1,,0,0,0,0,0,0,0.1,,0,0,0,0,0,0,0,0,0,,0,0,,0,0,0,0
1613019663384,6,1010123456017,75,,1,0,24,1,1,,0,0,0,0,0,0,9.5,,0,0,0,0,0,0,0,0,0,,0,0,,0,0,0,0
1613019663635,6,1010123456017,75,,1,0,24,1,1,,0,0,0,0,0,0,12.5,,0,0,0,0,0,0,0,0,0,,0,0,,0,0,0,0
1613019663884,6,1010123456017,75,,1,0,24,1,1,,0,0,0,0,0,0,9,,0,0,0,0,0,0,0,0,0,,0,0,,0,0,0,0
1613019664135,6,1010123456017,75,,1,0,24,1,1,,0,0,0,0,0,0,6,,0,0,0,0,0,0,0,0,0,,0,0,,0,0,0,0
1613019664384,6,1010123456017,75,,1,0,24,1,1,,0,0,0,0,0,0,0.1,,0,0,0,0,0,0,0,0,0,,0,0,,0,0,0,0
1613019664634,6,1010123456017,75,,1,0,24,1,1,,0,0,0,0,0,0,5,,0,0,0,0,0,0,0,0,0,,0,0,,0,0,0,0
1613019664884,6,1010123456017,75,,1,0,24,1,1,,0,0,0,0,0,0,5,,0,0,0,0,0,0,0,0,0,,0,0,,0,0,0,0
1613019665134,6,1010123456017,75,,1,0,24,1,1,,0,0,0,0,0,0,7.75,,0,0,0,0,0,0,0,0,0,,0,0,,0,0,0,0
1613019665384,6,1010123456017,75,,1,0,24,1,1,,0,0,0,0,0,0,2,,0,0,0,0,0,0,0,0,0,,0,0,,0,0,0,0
1613019665634,6,1010123456017,75,,1,0,24,1,1,,0,0,0,0,0,0,5.5,,0,0,0,0,0,0,0,0,0,,0,0,,0,0,0,0
1613019665884,6,1010123456017,75,,1,0,24,1,1,,0,0,0,0,0,0,8,,0,0,0,0,0,0,0,0,0,,0,0,,0,0,0,0
1613019666135,6,1010123456017,75,,1,0,24,1,1,,0,0,0,0,0,0,5.33333,,0,0,0,0,0,0,0,0,0,,0,0,,0,0,0,0
1613019666384,6,1010123456017,75,,1,0,24,1,1,,0,0,0,0,0,0,8,,0,0,0,0,0,0,0,0,0,,0,0,,0,0,0,0
1613019666634,6,1010123456017,75,,1,0,24,1,1,,0,0,0,0,0,0,15,,0,0,0,0,0,0,0,0,0,,0,0,,0,0,0,0
1613019666884,6,1010123456017,75,,1,0,24,1,1,,0,0,0,0,0,0,9,,0,0,0,0,0,0,0,0,0,,0,0,,0,0,0,0
1613019667134,6,1010123456017,75,,1,0,24,1,1,,0,0,0,0,0,0,6.66667,,0,0,0,0,0,0,0,0,0,,0,0,,0,0,0,0
1613019667384,6,1010123456017,75,,1,0,24,1,1,,0,0,0,0,0,0,8.5,,0,0,0,0,0,0,0,0,0,,0,0,,0,0,0,0
1613019667634,6,1010123456017,75,,1,0,24,1,1,,0,0,0,0,0,0,11.75,,0,0,0,0,0,0,0,0,0,,0,0,,0,0,0,0
1613019667884,6,1010123456017,75,,1,0,24,1,1,,0,0,0,0,0,0,10.6667,,0,0,0,0,0,0,0,0,0,,0,0,,0,0,0,0
1613019668134,6,1010123456017,75,,1,0,24,1,1,,0,0,0,0,0,0,6,,0,0,0,0,0,0,0,0,0,,0,0,,0,0,0,0
1613019668384,6,1010123456017,75,,1,0,24,1,1,,0,0,0,0,0,0,13,,0,0,0,0,0,0,0,0,0,,0,0,,0,0,0,0
1613019668635,6,1010123456017,75,,1,0,24,1,1,,0,0,0,0,0,0,6.5,,0,0,0,0,0,0,0,0,0,,0,0,,0,0,0,0
1613019668884,6,1010123456017,75,,1,0,24,1,1,,0,0,0,0,0,0,0.1,,0,0,0,0,0,0,0,0,0,,0,0,,0,0,0,0
1613019669134,6,1010123456017,75,,1,0,24,1,1,,0,0,0,0,0,0,5.33333,,0,0,0,0,0,0,0,0,0,,0,0,,0,0,0,0
1613019669384,6,1010123456017,75,,1,0,24,1,1,,0,0,0,0,0,0,3.8,,0,0,0,0,0,0,0,0,0,,0,0,,0,0,0,0
1613019669634,6,1010123456017,75,,1,0,24,1,1,,0,0,0,0,0,0,3,,0,0,0,0,0,0,0,0,0,,0,0,,0,0,0,0
1613019669884,6,1010123456017,75,,1,0,24,1,1,,0,0,0,0,0,0,0.1,,0,0,0,0,0,0,0,0,0,,0,0,,0,0,0,0
1613019670135,6,1010123456017,75,,1,0,24,1,1,,0,0,0,0,0,0,11.5,,0,0,0,0,0,0,0,0,0,,0,0,,0,0,0,0
1613019670385,6,1010123456017,75,,1,0,24,1,1,,0,0,0,0,0,0,7,,0,0,0,0,0,0,0,0,0,,0,0,,0,0,0,0
1613019670635,6,1010123456017,75,,1,0,24,1,1,,0,0,0,0,0,0,12,,0,0,0,0,0,0,0,0,0,,0,0,,0,0,0,0
1613019670885,6,1010123456017,75,,1,0,24,1,1,,0,0,0,0,0,0,6,,0,0,0,0,0,0,0,0,0,,0,0,,0,0,0,0
1613019671134,6,1010123456017,75,,1,0,24,1,1,,0,0,0,0,0,0,8.5,,0,0,0,0,0,0,0,0,0,,0,0,,0,0,0,0
1613019671384,6,1010123456017,75,,1,0,24,1,1,,0,0,0,0,0,0,7.5,,0,0,0,0,0,0,0,0,0,,0,0,,0,0,0,0
1613019671634,6,1010123456017,75,,1,0,24,1,1,,0,0,0,0,0,0,7.33333,,0,0,0,0,0,0,0,0,0,,0,0,,0,0,0,0
1613019671884,6,1010123456017,75,,1,0,24,1,1,,0,0,0,0,0,0,13,,0,0,0,0,0,0,0,0,0,,0,0,,0,0,0,0
1613019672135,6,1010123456017,75,,1,0,24,1,1,,0,0,0,0,0,0,8.33333,,0,0,0,0,0,0,0,0,0,,0,0,,0,0,0,0
1613019672384,6,1010123456017,75,,1,0,24,1,1,,0,0,0,0,0,0,5.33333,,0,0,0,0,0,0,0,0,0,,0,0,,0,0,0,0
1613019672635,6,1010123456017,75,,1,0,24,1,1,,0,0,0,0,0,0,2.5,,0,0,0,0,0,0,0,0,0,,0,0,,0,0,0,0
1613019672884,6,1010123456017,75,,1,0,24,1,1,,0,0,0,0,0,0,8.5,,0,0,0,0,0,0,0,0,0,,0,0,,0,0,0,0
1613019673134,6,1010123456017,75,,1,0,24,1,1,,0,0,0,0,0,0,15,,0,0,0,0,0,0,0,0,0,,0,0,,0,0,0,0
1613019673384,6,1010123456017,75,,1,0,24,1,1,,0,0,0,0,0,0,8,,0,0,0,0,0,0,0,0,0,,0,0,,0,0,0,0
1613019673634,6,1010123456017,75,,1,0,24,1,1,,0,0,0,0,0,0,6.33333,,0,0,0,0,0,0,0,0,0,,0,0,,0,0,0,0
1613019673884,6,1010123456017,75,,1,0,24,1,1,,0,0,0,0,0,0,5.75,,0,0,0,0,0,0,0,0,0,,0,0,,0,0,0,0
1613019674134,6,1010123456017,75,,1,0,24,1,1,,0,0,0,0,0,0,0.1,,0,0,0,0,0,0,0,0,0,,0,0,,0,0,0,0
1613019674384,6,1010123456017,75,,1,0,24,1,1,,0,0,0,0,0,0,3,,0,0,0,0,0,0,0,0,0,,0,0,,0,0,0,0
1613019674634,6,1010123456017,75,,1,0,24,1,1,,0,0,0,0,0,0,12,,0,0,0,0,0,0,0,0,0,,0,0,,0,0,0,0
1613019674885,6,1010123456017,75,,1,0,24,1,1,,0,0,0,0,0,0,11,,0,0,0,0,0,0,0,0,0,,0,0,,0,0,0,0
1613019675135,6,1010123456017,75,,1,0,24,1,1,,0,0,0,0,0,0,9.25,,0,0,0,0,0,0,0,0,0,,0,0,,0,0,0,0
1613019675384,6,1010123456017,75,,1,0,24,1,1,,0,0,0,0,0,0,13.5,,0,0,0,0,0,0,0,0,0,,0,0,,0,0,0,0
1613019675634,6,1010123456017,75,,1,0,24,1,1,,0,0,0,0,0,0,2,,0,0,0,0,0,0,0,0,0,,0,0,,0,0,0,0
1613019675884,6,1010123456017,75,,1,0,24,1,1,,0,0,0,0,0,0,12,,0,0,0,0,0,0,0,0,0,,0,0,,0,0,0,0
1613019676134,6,1010123456017,75,,1,0,24,1,1,,0,0,0,0,0,0,6,,0,0,0,0,0,0,0,0,0,,0,0,,0,0,0,0
1613019676384,6,1010123456017,75,,1,0,24,1,1,,0,0,0,0,0,0,13,,0,0,0,0,0,0,0,0,0,,0,0,,0,0,0,0
1613019676634,6,1010123456017,75,,1,0,24,1,1,,0,0,0,0,0,0,1,,0,0,0,0,0,0,0,0,0,,0,0,,0,0,0,0
1613019676884,6,1010123456017,75,,1,0,24,1,1,,0,0,0,0,0,0,7.66667,,0,0,0,0,0,0,0,0,0,,0,0,,0,0,0,0
1613019677134,6,1010123456017,75,,1,0,24,1,1,,0,0,0,0,0,0,9.33333,,0,0,0,0,0,0,0,0,0,,0,0,,0,0,0,0
1613019677384,6,1010123456017,75,,1,0,24,1,1,,0,0,0,0,0,0,7.33333,,0,0,0,0,0,0,0,0,0,,0,0,,0,0,0,0
1613019677634,6,1010123456017,75,,1,0,24,1,1,,0,0,0,0,0,0,8.75,,0,0,0,0,0,0,0,0,0,,0,0,,0,0,0,0
1613019677884,6,1010123456017,75,,1,0,24,1,1,,0,0,0,0,0,0,12,,0,0,0,0,0,0,0,0,0,,0,0,,0,0,0,0
1613019678134,6,1010123456017,75,,1,0,24,1,1,,0,0,0,0,0,0,6.66667,,0,0,0,0,0,0,0,0,0,,0,0,,0,0,0,0
1613019678384,6,1010123456017,75,,1,0,24,1,1,,0,0,0,0,0,0,9.5,,0,0,0,0,0,0,0,0,0,,0,0,,0,0,0,0
1613019678634,6,1010123456017,75,,1,0,24,1,1,,0,0,0,0,0,0,10,,0,0,0,0,0,0,0,0,0,,0,0,,0,0,0,0
1613019678884,6,1010123456017,75,,1,0,24,1,1,,0,0,0,0,0,0,2,,0,0,0,0,0,0,0,0,0,,0,0,,0,0,0,0
1613019679135,6,1010123456017,75,,1,0,24,1,1,,0,0,0,0,0,0,10.3333,,0,0,0,0,0,0,0,0,0,,0,0,,0,0,0,0
1613019679384,6,1010123456017,75,,1,0,24,1,1,,0,0,0,0,0,0,7.66667,,0,0,0,0,0,0,0,0,0,,0,0,,0,0,0,0
