time,nof_ue,dl_brate,ul_brate
1617250456122,0,0.0,0.0
1617250456372,0,0.0,0.0
1617250456622,0,0.0,0.0
1617250456872,0,0.0,0.0
1617250457122,0,0.0,0.0
1617250457372,0,0.0,0.0
1617250457622,0,0.0,0.0
1617250457872,0,0.0,0.0
1617250458122,0,0.0,0.0
1617250458372,0,0.0,0.0
1617250458622,0,0.0,0.0
1617250458872,0,0.0,0.0
1617250459122,0,0.0,0.0
1617250459372,0,0.0,0.0
1617250459622,0,0.0,0.0
1617250459872,0,0.0,0.0
1617250460122,0,0.0,0.0
1617250460372,0,0.0,0.0
1617250460622,0,0.0,0.0
1617250460872,0,0.0,0.0
1617250461122,0,0.0,0.0
1617250461372,0,0.0,0.0
1617250461622,0,0.0,0.0
1617250461872,0,0.0,0.0
1617250462122,0,0.0,0.0
1617250462372,0,0.0,0.0
1617250462622,0,0.0,0.0
1617250462872,0,0.0,0.0
1617250463122,0,0.0,0.0
1617250463372,0,0.0,0.0
1617250463622,0,0.0,0.0
1617250463872,0,0.0,0.0
1617250464122,0,0.0,0.0
1617250464372,0,0.0,0.0
1617250464622,0,0.0,0.0
1617250464872,0,0.0,0.0
1617250465122,0,0.0,0.0
1617250465372,0,0.0,0.0
1617250465622,0,0.0,0.0
1617250465872,0,0.0,0.0
1617250466122,0,0.0,0.0
1617250466372,0,0.0,0.0
1617250466622,0,0.0,0.0
1617250466872,0,0.0,0.0
1617250467122,0,0.0,0.0
1617250467372,0,0.0,0.0
1617250467622,0,0.0,0.0
1617250467872,0,0.0,0.0
1617250468122,0,0.0,0.0
1617250468372,0,0.0,0.0
1617250468622,0,0.0,0.0
1617250468872,0,0.0,0.0
1617250469122,0,0.0,0.0
1617250469372,0,0.0,0.0
1617250469622,0,0.0,0.0
1617250469872,0,0.0,0.0
1617250470122,0,0.0,0.0
1617250470372,0,0.0,0.0
1617250470622,0,0.0,0.0
1617250470872,0,0.0,0.0
1617250471122,0,0.0,0.0
1617250471372,0,0.0,0.0
1617250471622,0,0.0,0.0
1617250471872,0,0.0,0.0
1617250472122,0,0.0,0.0
1617250472372,0,0.0,0.0
1617250472622,0,0.0,0.0
1617250472872,0,0.0,0.0
1617250473122,0,0.0,0.0
1617250473372,0,0.0,0.0
1617250473622,0,0.0,0.0
1617250473872,0,0.0,0.0
1617250474122,0,0.0,0.0
1617250474372,0,0.0,0.0
1617250474622,0,0.0,0.0
1617250474872,0,0.0,0.0
1617250475122,0,0.0,0.0
1617250475372,0,0.0,0.0
1617250475622,0,0.0,0.0
1617250475872,0,0.0,0.0
1617250476122,0,0.0,0.0
1617250476372,0,0.0,0.0
1617250476622,0,0.0,0.0
1617250476872,0,0.0,0.0
1617250477122,0,0.0,0.0
1617250477372,0,0.0,0.0
1617250477622,0,0.0,0.0
1617250477872,0,0.0,0.0
1617250478122,0,0.0,0.0
1617250478372,0,0.0,0.0
1617250478622,0,0.0,0.0
1617250478872,0,0.0,0.0
1617250479122,0,0.0,0.0
1617250479372,0,0.0,0.0
1617250479622,0,0.0,0.0
1617250479872,0,0.0,0.0
1617250480122,0,0.0,0.0
1617250480372,0,0.0,0.0
1617250480622,0,0.0,0.0
1617250480872,0,0.0,0.0
1617250481122,0,0.0,0.0
1617250481372,0,0.0,0.0
1617250481622,0,0.0,0.0
1617250481872,0,0.0,0.0
1617250482122,0,0.0,0.0
1617250482372,0,0.0,0.0
1617250482622,0,0.0,0.0
1617250482872,0,0.0,0.0
1617250483122,0,0.0,0.0
1617250483372,0,0.0,0.0
1617250483622,0,0.0,0.0
1617250483872,0,0.0,0.0
1617250484122,0,0.0,0.0
1617250484372,0,0.0,0.0
1617250484622,0,0.0,0.0
1617250484872,0,0.0,0.0
1617250485122,0,0.0,0.0
1617250485372,0,0.0,0.0
1617250485622,0,0.0,0.0
1617250485872,0,0.0,0.0
1617250486122,0,0.0,0.0
1617250486372,0,0.0,0.0
1617250486622,0,0.0,0.0
1617250486872,0,0.0,0.0
1617250487122,0,0.0,0.0
1617250487372,0,0.0,0.0
1617250487622,0,0.0,0.0
1617250487872,0,0.0,0.0
1617250488122,0,0.0,0.0
1617250488372,0,0.0,0.0
1617250488622,0,0.0,0.0
1617250488872,0,0.0,0.0
1617250489122,0,0.0,0.0
1617250489372,0,0.0,0.0
1617250489622,0,0.0,0.0
1617250489872,0,0.0,0.0
1617250490122,0,0.0,0.0
1617250490372,0,0.0,0.0
1617250490622,0,0.0,0.0
1617250490872,0,0.0,0.0
1617250491122,0,0.0,0.0
1617250491372,0,0.0,0.0
1617250491622,0,0.0,0.0
1617250491872,0,0.0,0.0
1617250492122,0,0.0,0.0
1617250492372,0,0.0,0.0
1617250492622,0,0.0,0.0
1617250492872,0,0.0,0.0
1617250493122,0,0.0,0.0
1617250493372,0,0.0,0.0
1617250493622,0,0.0,0.0
1617250493872,0,0.0,0.0
1617250494122,0,0.0,0.0
1617250494372,0,0.0,0.0
1617250494622,0,0.0,0.0
1617250494872,0,0.0,0.0
1617250495122,0,0.0,0.0
1617250495372,0,0.0,0.0
1617250495622,0,0.0,0.0
1617250495872,0,0.0,0.0
1617250496122,0,0.0,0.0
1617250496372,0,0.0,0.0
1617250496622,0,0.0,0.0
1617250496872,0,0.0,0.0
1617250497122,0,0.0,0.0
1617250497372,0,0.0,0.0
1617250497622,0,0.0,0.0
1617250497872,0,0.0,0.0
1617250498122,0,0.0,0.0
1617250498372,0,0.0,0.0
1617250498622,0,0.0,0.0
1617250498872,0,0.0,0.0
1617250499122,0,0.0,0.0
1617250499372,0,0.0,0.0
1617250499622,0,0.0,0.0
1617250499872,0,0.0,0.0
1617250500122,0,0.0,0.0
1617250500372,0,0.0,0.0
1617250500622,0,0.0,0.0
1617250500872,0,0.0,0.0
1617250501122,0,0.0,0.0
1617250501372,0,0.0,0.0
1617250501622,0,0.0,0.0
1617250501872,0,0.0,0.0
1617250502122,0,0.0,0.0
1617250502372,0,0.0,0.0
1617250502622,0,0.0,0.0
1617250502872,0,0.0,0.0
1617250503122,0,0.0,0.0
1617250503372,0,0.0,0.0
1617250503622,0,0.0,0.0
1617250503872,0,0.0,0.0
1617250504122,0,0.0,0.0
1617250504372,0,0.0,0.0
1617250504622,0,0.0,0.0
1617250504872,0,0.0,0.0
1617250505122,0,0.0,0.0
1617250505372,0,0.0,0.0
1617250505622,0,0.0,0.0
1617250505872,0,0.0,0.0
1617250506122,0,0.0,0.0
1617250506372,0,0.0,0.0
1617250506622,0,0.0,0.0
1617250506872,0,0.0,0.0
1617250507122,0,0.0,0.0
1617250507372,0,0.0,0.0
1617250507622,0,0.0,0.0
1617250507872,0,0.0,0.0
1617250508122,0,0.0,0.0
1617250508372,0,0.0,0.0
1617250508622,0,0.0,0.0
1617250508872,0,0.0,0.0
1617250509122,0,0.0,0.0
1617250509372,0,0.0,0.0
1617250509622,0,0.0,0.0
1617250509872,0,0.0,0.0
1617250510122,0,0.0,0.0
1617250510372,0,0.0,0.0
1617250510622,0,0.0,0.0
1617250510872,0,0.0,0.0
1617250511122,0,0.0,0.0
1617250511372,0,0.0,0.0
1617250511622,0,0.0,0.0
1617250511872,0,0.0,0.0
1617250512122,0,0.0,0.0
1617250512372,0,0.0,0.0
1617250512622,0,0.0,0.0
1617250512872,0,0.0,0.0
1617250513122,0,0.0,0.0
1617250513372,0,0.0,0.0
1617250513622,0,0.0,0.0
1617250513872,0,0.0,0.0
1617250514122,0,0.0,0.0
1617250514372,0,0.0,0.0
1617250514622,0,0.0,0.0
1617250514872,0,0.0,0.0
1617250515122,0,0.0,0.0
1617250515372,0,0.0,0.0
1617250515622,0,0.0,0.0
1617250515872,0,0.0,0.0
1617250516122,0,0.0,0.0
1617250516372,1,1174.311890,257
1617250516622,1,3104.000000,38400.000000
1617250516872,1,6528.000000,94752.000000
1617250517122,1,1824.000000,18080.000000
1617250517372,3,0.0,571
1617250517622,3,1019.920349,223
1617250517872,3,4096.000000,57024.000000
1617250518122,3,5269.076172,76433.734375
1617250518372,4,1816.733032,19530.845703
1617250518622,6,2865.726562,647
1617250518872,6,4690.763184,76851.406250
1617250519122,6,8480.000000,113632.000000
1617250519372,5,2656.000000,35136.000000
1617250519622,4,5248.000000,59072.000000
1617250519872,4,1816.733032,18007.968750
1617250520122,4,0.0,0.0
1617250520372,4,0.0,0.0
1617250520622,4,0.0,0.0
1617250520872,4,0.0,0.0
1617250521122,5,0.0,17056.000000
1617250521372,6,1523.809570,557
1617250521622,6,2080.000000,36576.000000
1617250521872,6,7328.000000,215968.000000
1617250522122,6,1816.733032,34996.015625
1617250522372,6,1828.571411,400
1617250522622,6,2240.000000,53632.000000
1617250522872,6,7678.714844,319582.312500
1617250523122,6,1824.000000,52192.000000
1617250523372,6,0.0,0.0
1617250523622,6,0.0,0.0
1617250523872,6,0.0,0.0
1617250524122,6,0.0,0.0
1617250524372,6,0.0,0.0
1617250524622,6,0.0,0.0
1617250524872,6,0.0,0.0
1617250525122,6,0.0,0.0
1617250525372,6,0.0,0.0
1617250525622,6,0.0,0.0
1617250525872,6,0.0,0.0
1617250526122,6,0.0,0.0
1617250526372,6,0.0,0.0
1617250526622,6,0.0,0.0
1617250526872,6,0.0,0.0
1617250527122,6,0.0,0.0
1617250527372,6,0.0,0.0
1617250527622,6,0.0,0.0
1617250527872,6,0.0,0.0
1617250528122,6,0.0,0.0
1617250528372,6,0.0,0.0
1617250528622,6,0.0,0.0
1617250528872,6,0.0,0.0
1617250529122,6,0.0,0.0
1617250529372,6,0.0,0.0
1617250529622,6,0.0,0.0
1617250529872,6,0.0,0.0
1617250530122,6,0.0,0.0
1617250530372,6,0.0,0.0
1617250530622,6,0.0,0.0
1617250530872,6,0.0,0.0
1617250531122,6,0.0,0.0
1617250531372,6,0.0,0.0
1617250531622,6,0.0,0.0
1617250531872,6,0.0,0.0
1617250532122,6,0.0,0.0
1617250532372,6,0.0,0.0
1617250532622,6,0.0,0.0
1617250532872,6,0.0,0.0
1617250533122,6,0.0,0.0
1617250533372,6,0.0,17056.000000
1617250533622,6,0.0,0.0
1617250533872,6,0.0,0.0
1617250534122,6,0.0,0.0
1617250534372,6,0.0,0.0
1617250534622,6,0.0,0.0
1617250534872,6,0.0,0.0
1617250535122,6,0.0,0.0
1617250535372,6,0.0,0.0
1617250535622,6,0.0,0.0
1617250535872,6,0.0,0.0
1617250536122,6,0.0,0.0
1617250536372,6,0.0,0.0
1617250536622,6,0.0,0.0
1617250536872,6,0.0,0.0
1617250537122,6,0.0,0.0
1617250537372,6,0.0,0.0
1617250537622,6,0.0,0.0
1617250537872,6,0.0,0.0
1617250538122,6,0.0,0.0
1617250538372,6,0.0,0.0
1617250538622,6,0.0,0.0
1617250538872,6,0.0,0.0
1617250539122,6,0.0,17056.000000
1617250539372,6,0.0,0.0
1617250539622,6,0.0,0.0
1617250539872,6,0.0,0.0
1617250540122,6,0.0,0.0
1617250540372,6,0.0,0.0
1617250540622,6,0.0,0.0
1617250540872,6,0.0,0.0
1617250541122,6,0.0,0.0
1617250541372,6,0.0,0.0
1617250541622,6,0.0,16988.046875
1617250541872,6,0.0,0.0
1617250542122,6,0.0,0.0
1617250542372,6,0.0,0.0
1617250542622,6,0.0,0.0
1617250542872,6,0.0,0.0
1617250543122,6,0.0,0.0
1617250543372,6,0.0,0.0
1617250543622,6,0.0,0.0
1617250543872,6,0.0,0.0
1617250544122,6,0.0,0.0
1617250544372,6,0.0,0.0
1617250544622,6,0.0,0.0
1617250544872,6,0.0,0.0
1617250545122,6,0.0,0.0
1617250545372,6,0.0,0.0
1617250545622,6,0.0,0.0
1617250545872,6,0.0,0.0
1617250546122,6,0.0,0.0
1617250546372,6,0.0,0.0
1617250546622,6,0.0,0.0
1617250546872,6,0.0,0.0
1617250547122,6,0.0,0.0
1617250547372,6,0.0,0.0
1617250547622,6,0.0,0.0
1617250547872,6,0.0,0.0
1617250548122,6,0.0,0.0
1617250548372,6,0.0,0.0
1617250548622,6,0.0,0.0
1617250548872,6,0.0,0.0
1617250549122,6,0.0,0.0
1617250549372,6,0.0,0.0
1617250549622,6,0.0,0.0
1617250549872,6,0.0,0.0
1617250550122,6,0.0,0.0
1617250550372,6,0.0,0.0
1617250550622,6,0.0,0.0
1617250550872,6,0.0,0.0
1617250551122,6,0.0,0.0
1617250551372,6,0.0,0.0
1617250551622,6,0.0,0.0
1617250551872,6,0.0,0.0
1617250552122,6,0.0,0.0
1617250552372,6,0.0,0.0
1617250552622,6,0.0,16988.046875
1617250552872,6,0.0,0.0
1617250553122,6,0.0,0.0
1617250553372,6,0.0,0.0
1617250553622,6,0.0,0.0
1617250553872,6,0.0,0.0
1617250554122,6,0.0,0.0
1617250554372,6,0.0,0.0
1617250554622,6,0.0,0.0
1617250554872,6,0.0,0.0
1617250555122,6,0.0,0.0
1617250555372,6,0.0,0.0
1617250555622,6,0.0,0.0
1617250555872,6,0.0,0.0
1617250556122,6,0.0,17056.000000
1617250556372,6,0.0,0.0
1617250556622,6,0.0,0.0
1617250556872,6,0.0,0.0
1617250557122,6,0.0,0.0
1617250557372,6,0.0,0.0
1617250557622,6,0.0,0.0
1617250557872,6,0.0,0.0
1617250558122,6,0.0,0.0
1617250558372,6,0.0,0.0
1617250558622,6,0.0,0.0
1617250558872,6,0.0,0.0
1617250559122,6,0.0,0.0
1617250559372,6,0.0,0.0
1617250559622,6,0.0,0.0
1617250559872,6,0.0,0.0
1617250560122,6,0.0,0.0
1617250560372,6,0.0,0.0
1617250560622,6,0.0,0.0
1617250560872,6,0.0,0.0
1617250561122,6,0.0,0.0
1617250561372,6,0.0,0.0
1617250561622,6,0.0,0.0
1617250561872,6,0.0,0.0
1617250562122,6,0.0,0.0
1617250562372,6,0.0,0.0
1617250562622,6,0.0,0.0
1617250562872,6,0.0,0.0
1617250563122,6,0.0,0.0
1617250563372,6,0.0,0.0
1617250563622,6,0.0,0.0
1617250563872,6,0.0,0.0
1617250564122,6,0.0,0.0
1617250564372,6,0.0,0.0
1617250564622,6,0.0,0.0
1617250564872,6,0.0,0.0
1617250565122,6,0.0,0.0
1617250565372,6,0.0,0.0
1617250565622,6,0.0,0.0
1617250565872,6,0.0,0.0
1617250566122,6,0.0,0.0
1617250566372,6,0.0,0.0
1617250566622,6,0.0,0.0
1617250566872,6,0.0,0.0
1617250567122,6,1295808.000000,121984.000000
1617250567372,6,5691744.000000,938528.000000
1617250567622,6,5513664.000000,5536.000000
1617250567872,6,6899968.000000,17056.000000
1617250568122,6,5981408.000000,68224.000000
1617250568372,6,5447776.000000,617376.000000
1617250568622,6,5328512.000000,0.0
1617250568872,6,4142976.000000,0.0
1617250569122,6,5598848.000000,29440.000000
1617250569372,6,6385152.000000,331936.000000
1617250569622,6,6241152.000000,0.0
1617250569872,6,5339392.000000,34112.000000
1617250570122,6,5400096.000000,132704.000000
1617250570372,6,5379569.500000,560924.312500
1617250570622,6,5959646.500000,17124.498047
1617250570872,6,5586976.000000,34112.000000
1617250571122,6,5352096.000000,0.0
1617250571372,6,6072224.000000,651264.000000
1617250571622,6,6211136.000000,0.0
1617250571872,6,6736128.000000,0.0
1617250572122,6,6088448.000000,54784.000000
1617250572372,6,5803506.000000,103776.890625
1617250572622,6,4816385.500000,45365.460938
1617250572872,6,5757376.000000,0.0
1617250573122,6,6892608.000000,83808.000000
1617250573372,6,4583360.000000,194624.000000
1617250573622,6,6231584.000000,17056.000000
1617250573872,6,6573824.000000,34112.000000
1617250574122,6,6252576.000000,301536.000000
1617250574372,6,6068992.000000,271264.000000
1617250574622,6,4961785.000000,0.0
1617250574872,6,5706602.500000,0.0
1617250575122,6,5470688.000000,0.0
1617250575372,6,5376832.000000,890528.000000
1617250575622,6,6026080.000000,0.0
1617250575872,6,4567488.000000,0.0
1617250576122,6,4720800.000000,11968.000000
1617250576372,6,6779360.000000,613824.000000
1617250576622,6,6402912.000000,34112.000000
1617250576872,6,6068448.000000,17056.000000
1617250577123,6,4673120.000000,269792.000000
1617250577372,6,5841216.000000,126336.000000
1617250577622,6,6386176.000000,34112.000000
1617250577872,6,5256800.000000,5536.000000
1617250578122,6,6302304.000000,22592.000000
1617250578372,6,4966720.000000,774944.000000
1617250578622,6,5262944.000000,17056.000000
1617250578872,6,6983585.500000,22501.992188
1617250579122,6,5730795.500000,0.0
1617250579372,6,6449856.000000,167776.000000
1617250579622,6,5777760.000000,68224.000000
1617250579872,6,6130272.000000,17056.000000
1617250580122,6,5816832.000000,51168.000000
1617250580372,6,6542400.000000,621888.000000
1617250580622,6,6290528.000000,0.0
1617250580872,6,5945536.000000,0.0
1617250581122,6,6322624.000000,182560.000000
1617250581372,6,6462624.000000,533312.000000
1617250581622,6,6365632.000000,39648.000000
1617250581872,6,5342560.000000,34112.000000
1617250582122,6,5119264.000000,22592.000000
1617250582372,6,5148224.000000,302752.000000
1617250582622,6,4105728.000000,17056.000000
1617250582872,6,4677696.000000,11072.000000
1617250583122,6,6467072.000000,22592.000000
1617250583372,6,6119490.000000,995474.125000
1617250583622,6,5489895.500000,5558.232910
1617250583872,6,5825728.000000,34112.000000
1617250584122,6,6235360.000000,51168.000000
1617250584372,6,4469440.000000,559072.000000
1617250584622,6,6267712.000000,34112.000000
1617250584872,6,5871424.000000,34112.000000
1617250585122,6,5828224.000000,17056.000000
1617250585372,6,5754112.000000,872896.000000
1617250585622,6,6461664.000000,29216.000000
1617250585872,6,5937792.000000,39648.000000
1617250586122,6,6029952.000000,17056.000000
1617250586372,6,6940896.000000,165536.000000
1617250586622,6,6429568.000000,22592.000000
1617250586872,6,6219008.000000,34112.000000
1617250587122,6,5385024.000000,341504.000000
1617250587372,6,5270432.000000,477344.000000
1617250587622,6,5134088.000000,33976.093750
1617250587872,6,6178698.500000,0.0
1617250588122,6,6042528.000000,61216.000000
1617250588372,6,5830112.000000,365120.000000
1617250588622,6,5892992.000000,17056.000000
1617250588872,6,5781152.000000,0.0
1617250589122,6,5816672.000000,22592.000000
1617250589372,6,5866720.000000,586816.000000
1617250589622,6,5674560.000000,5536.000000
1617250589872,6,5694848.000000,51168.000000
1617250590122,6,5904288.000000,435136.000000
1617250590372,6,7028448.000000,756192.000000
1617250590622,6,6201408.000000,17056.000000
1617250590872,6,6303040.000000,17056.000000
1617250591122,6,5986688.000000,144192.000000
1617250591372,6,6794464.000000,423744.000000
1617250591622,6,6179872.000000,34112.000000
1617250591872,6,6129344.000000,51168.000000
1617250592122,6,6000544.000000,68224.000000
1617250592372,6,6421344.000000,151360.000000
1617250592622,6,6389152.000000,17056.000000
1617250592872,6,6310112.000000,0.0
1617250593122,6,5719584.000000,0.0
1617250593372,6,6962784.000000,734464.000000
1617250593622,6,7120992.000000,17056.000000
1617250593872,6,6237568.000000,34112.000000
1617250594122,6,5902176.000000,355584.000000
1617250594372,6,6217728.000000,99328.000000
1617250594622,6,5373984.000000,51168.000000
1617250594872,6,7242752.000000,22592.000000
1617250595122,6,5738368.000000,135040.000000
1617250595372,6,6317184.000000,561408.000000
1617250595622,6,4953248.000000,17056.000000
1617250595872,6,6796416.000000,17056.000000
1617250596122,6,5058304.000000,39648.000000
1617250596372,6,7116672.000000,836896.000000
1617250596622,6,6152672.000000,17056.000000
1617250596872,6,5661088.000000,22592.000000
1617250597122,6,5177504.000000,415296.000000
1617250597372,6,7682784.000000,564928.000000
1617250597622,6,5626912.000000,51168.000000
1617250597872,6,6591008.000000,22592.000000
1617250598122,6,5222336.000000,5536.000000
1617250598372,6,6726080.000000,871968.000000
1617250598622,6,6145728.000000,56448.000000
1617250598872,6,6703872.000000,35680.000000
1617250599122,6,7420992.000000,22592.000000
1617250599372,6,6579040.000000,304832.000000
1617250599622,6,6276096.000000,5536.000000
1617250599872,6,6352160.000000,39648.000000
1617250600122,6,4803584.000000,73760.000000
1617250600372,6,6480960.000000,104096.000000
1617250600622,6,5027616.000000,17056.000000
1617250600872,6,4885792.000000,34112.000000
1617250601122,6,5159264.000000,17056.000000
1617250601372,6,4704032.000000,1132192.000000
1617250601622,6,4927904.000000,34112.000000
1617250601872,6,5659648.000000,0.0
1617250602122,6,6186592.000000,34976.000000
1617250602372,6,6360032.000000,568736.000000
1617250602622,6,5464128.000000,68224.000000
1617250602872,6,6465920.000000,0.0
1617250603122,6,6033600.000000,39648.000000
1617250603372,6,5756896.000000,232800.000000
1617250603622,6,5333248.000000,34112.000000
1617250603872,6,6145824.000000,51168.000000
1617250604122,6,6551456.000000,34112.000000
1617250604372,6,5562688.000000,773792.000000
1617250604622,6,5066784.000000,17056.000000
1617250604872,6,5478080.000000,17056.000000
1617250605122,6,5768768.000000,22592.000000
1617250605372,6,5665952.000000,232224.000000
1617250605622,6,7120288.000000,0.0
1617250605872,6,6976000.000000,5536.000000
1617250606122,6,6471840.000000,17056.000000
1617250606372,6,5753888.000000,558656.000000
1617250606622,6,6556128.000000,46720.000000
1617250606872,6,6110656.000000,24160.000000
1617250607122,6,6429792.000000,132224.000000
1617250607372,6,6275040.000000,583648.000000
1617250607622,6,6072896.000000,5536.000000
1617250607872,6,6412064.000000,17056.000000
1617250608122,6,5493856.000000,34112.000000
1617250608372,6,6906368.000000,526848.000000
1617250608622,6,5285472.000000,0.0
1617250608872,6,6657312.000000,0.0
1617250609122,6,5681696.000000,5536.000000
1617250609372,6,5072480.000000,575488.000000
1617250609622,6,6045920.000000,34112.000000
1617250609872,6,5912320.000000,56704.000000
1617250610122,6,5708192.000000,358656.000000
1617250610372,6,7240320.000000,484448.000000
1617250610622,6,5091232.000000,34112.000000
1617250610872,6,5966464.000000,56704.000000
1617250611122,6,3871744.000000,120128.000000
1617250611372,6,5104352.000000,577824.000000
1617250611622,6,5843232.000000,17056.000000
1617250611872,6,5944512.000000,34112.000000
1617250612122,6,6213504.000000,60192.000000
1617250612372,6,5052640.000000,229024.000000
1617250612622,6,4924352.000000,51168.000000
1617250612872,6,6061760.000000,0.0
1617250613122,6,4107072.000000,39648.000000
1617250613372,6,7209376.000000,669696.000000
1617250613622,6,5670016.000000,34112.000000
1617250613872,6,5804064.000000,17056.000000
1617250614122,6,5474176.000000,218624.000000
1617250614372,6,7435040.000000,344000.000000
1617250614622,6,5498304.000000,514368.000000
1617250614872,6,5743776.000000,0.0
1617250615122,6,6145184.000000,147616.000000
1617250615372,6,6801280.000000,389984.000000
1617250615622,6,6236480.000000,17056.000000
1617250615872,6,6864832.000000,0.0
1617250616122,6,5012128.000000,68224.000000
1617250616372,6,5818528.000000,202720.000000
1617250616622,6,5606080.000000,5536.000000
1617250616872,6,5745056.000000,0.0
1617250617122,6,5175488.000000,17056.000000
1617250617372,6,6086368.000000,587872.000000
1617250617622,6,7277536.000000,0.0
1617250617872,6,5546016.000000,39648.000000
1617250618122,6,6586912.000000,17056.000000
1617250618372,6,5417280.000000,406112.000000
1617250618622,6,4565824.000000,51168.000000
1617250618872,6,5548128.000000,0.0
1617250619122,6,5982656.000000,313760.000000
1617250619372,6,6550656.000000,575776.000000
1617250619622,6,4980736.000000,5536.000000
1617250619872,6,4779040.000000,0.0
1617250620122,6,5552800.000000,34112.000000
1617250620372,6,5701888.000000,663104.000000
1617250620622,6,6488960.000000,17056.000000
1617250620872,6,6457376.000000,51168.000000
1617250621122,6,4720768.000000,501728.000000
1617250621372,6,4273664.000000,177664.000000
1617250621622,6,6300800.000000,17056.000000
1617250621872,6,5256544.000000,17056.000000
1617250622122,6,5686624.000000,51168.000000
1617250622372,6,5794080.000000,786912.000000
1617250622622,6,6600192.000000,39648.000000
1617250622872,6,5304576.000000,51168.000000
1617250623122,6,6691456.000000,331968.000000
1617250623372,6,6038688.000000,286400.000000
1617250623622,6,5191232.000000,17056.000000
1617250623872,6,5574400.000000,11072.000000
1617250624122,6,5448128.000000,22592.000000
1617250624372,6,5797856.000000,389632.000000
1617250624622,6,5973600.000000,22592.000000
1617250624872,6,5373216.000000,51168.000000
1617250625122,6,5080064.000000,448320.000000
1617250625372,6,5802848.000000,131808.000000
1617250625622,6,3765312.000000,17056.000000
1617250625872,6,5423328.000000,22592.000000
1617250626122,6,5794304.000000,228480.000000
1617250626372,6,6213856.000000,390752.000000
1617250626622,6,4877344.000000,51168.000000
1617250626872,6,4483680.000000,0.0
1617250627122,6,5694560.000000,92992.000000
1617250627372,6,6656736.000000,92992.000000
1617250627622,6,6237152.000000,68224.000000
1617250627872,6,5599392.000000,17056.000000
1617250628122,6,5874368.000000,54592.000000
1617250628372,6,5737184.000000,145920.000000
1617250628622,6,5200608.000000,17056.000000
1617250628872,6,5304768.000000,51168.000000
1617250629122,6,6422144.000000,17056.000000
1617250629372,6,6512480.000000,272576.000000
1617250629622,6,5213664.000000,17056.000000
1617250629872,6,5385216.000000,17056.000000
1617250630122,6,5702208.000000,17056.000000
1617250630372,6,6358848.000000,875744.000000
1617250630622,6,5490912.000000,17056.000000
1617250630872,6,6204384.000000,0.0
1617250631122,6,5757504.000000,214208.000000
1617250631372,6,5640992.000000,482464.000000
1617250631622,6,5726304.000000,5536.000000
1617250631872,6,6495648.000000,34112.000000
1617250632122,6,5996224.000000,129440.000000
1617250632372,6,6709824.000000,158144.000000
1617250632622,6,5894656.000000,0.0
1617250632872,6,5419200.000000,17056.000000
1617250633122,6,6692800.000000,17056.000000
1617250633372,6,6327744.000000,965376.000000
1617250633622,6,6090816.000000,68224.000000
1617250633872,6,5844448.000000,34112.000000
1617250634122,6,5228320.000000,71808.000000
1617250634372,6,6658784.000000,405920.000000
1617250634622,6,6325664.000000,56704.000000
1617250634872,6,5471968.000000,34112.000000
1617250635122,6,5875328.000000,17056.000000
1617250635372,6,6291680.000000,398752.000000
1617250635622,6,5656800.000000,11072.000000
1617250635872,6,5972544.000000,34112.000000
1617250636122,6,6392480.000000,43232.000000
1617250636372,6,6200384.000000,417984.000000
1617250636622,6,6105664.000000,51168.000000
1617250636872,6,6303040.000000,17056.000000
1617250637122,6,4919872.000000,170208.000000
1617250637372,6,5806688.000000,590944.000000
1617250637622,6,6860576.000000,34112.000000
1617250637872,6,5723552.000000,0.0
1617250638122,6,5929504.000000,117984.000000
1617250638372,6,6548032.000000,296320.000000
1617250638622,6,6023392.000000,17056.000000
1617250638872,6,6083456.000000,34112.000000
1617250639122,6,5094592.000000,17056.000000
1617250639372,6,6282528.000000,414304.000000
1617250639622,6,5749792.000000,18880.000000
1617250639872,6,4793536.000000,34112.000000
1617250640122,6,6206496.000000,5536.000000
1617250640372,6,6815808.000000,525568.000000
1617250640622,6,6269056.000000,29216.000000
1617250640872,6,5574176.000000,0.0
1617250641122,6,6291840.000000,22592.000000
1617250641372,6,5944960.000000,436096.000000
1617250641622,6,6993920.000000,39168.000000
1617250641872,6,5551104.000000,68224.000000
1617250642122,6,5832032.000000,22592.000000
1617250642372,6,5171424.000000,231424.000000
1617250642622,6,6173952.000000,51168.000000
1617250642872,6,5923680.000000,34112.000000
1617250643122,6,6439712.000000,298752.000000
1617250643372,6,6844736.000000,695680.000000
1617250643622,6,5953824.000000,0.0
1617250643872,6,5834272.000000,34112.000000
1617250644122,6,6526752.000000,0.0
1617250644372,6,6213856.000000,702208.000000
1617250644622,6,5370016.000000,0.0
1617250644872,6,6413184.000000,56704.000000
1617250645122,6,6727264.000000,223552.000000
1617250645372,6,6041984.000000,433536.000000
1617250645622,6,5449920.000000,17056.000000
1617250645872,6,4258144.000000,17056.000000
1617250646122,6,5645280.000000,266944.000000
1617250646372,6,7553120.000000,977696.000000
1617250646622,6,5894496.000000,0.0
1617250646872,6,5949728.000000,0.0
1617250647122,6,5174112.000000,132896.000000
1617250647372,6,5471104.000000,167584.000000
1617250647622,6,6173472.000000,22592.000000
1617250647872,6,7643584.000000,5536.000000
1617250648122,6,5631520.000000,170208.000000
1617250648372,6,6624416.000000,1083264.000000
1617250648622,6,6075456.000000,34112.000000
1617250648872,6,6849440.000000,17056.000000
1617250649122,6,6029824.000000,11072.000000
1617250649372,6,6462784.000000,1027424.000000
1617250649622,6,6098816.000000,17056.000000
1617250649872,6,5222144.000000,51168.000000
1617250650122,6,5614720.000000,34112.000000
1617250650372,6,6182688.000000,414240.000000
1617250650622,6,3899392.000000,22592.000000
1617250650872,6,5225760.000000,17056.000000
1617250651122,6,5810912.000000,272480.000000
1617250651372,6,5743328.000000,448576.000000
1617250651622,6,5548832.000000,17056.000000
1617250651872,6,5033536.000000,17056.000000
1617250652122,6,4519104.000000,259840.000000
1617250652372,6,6128416.000000,357568.000000
1617250652622,6,5457856.000000,34592.000000
1617250652872,6,5766912.000000,74688.000000
1617250653122,6,6217120.000000,51168.000000
1617250653372,6,6559680.000000,276224.000000
1617250653622,6,5862016.000000,34112.000000
1617250653872,6,7439584.000000,34112.000000
1617250654122,6,5915328.000000,68896.000000
1617250654372,6,6327840.000000,159328.000000
1617250654622,6,5694400.000000,17056.000000
1617250654872,6,6623456.000000,22592.000000
1617250655122,6,5367488.000000,17056.000000
1617250655372,6,6189312.000000,899040.000000
1617250655622,6,5425856.000000,22592.000000
1617250655872,6,6744352.000000,5536.000000
1617250656122,6,6136928.000000,354400.000000
1617250656372,6,6131552.000000,583488.000000
1617250656622,6,5752224.000000,17056.000000
1617250656872,6,5752320.000000,34112.000000
1617250657122,6,5858144.000000,99168.000000
1617250657372,6,6194048.000000,500416.000000
1617250657622,6,5852288.000000,22592.000000
1617250657872,6,6165856.000000,17056.000000
1617250658122,6,4864928.000000,84032.000000
1617250658372,6,7022880.000000,154624.000000
1617250658622,6,6186368.000000,17056.000000
1617250658872,6,5897312.000000,0.0
1617250659122,6,5606880.000000,214208.000000
1617250659372,6,6502208.000000,692576.000000
1617250659622,6,5832992.000000,34112.000000
1617250659872,6,6660896.000000,51168.000000
1617250660122,6,6217920.000000,34112.000000
1617250660372,6,5170016.000000,497088.000000
1617250660622,6,5740960.000000,5536.000000
1617250660872,6,5062240.000000,51168.000000
1617250661122,6,5352384.000000,204160.000000
1617250661372,6,5371840.000000,547584.000000
1617250661622,6,5967360.000000,0.0
1617250661872,6,6371648.000000,0.0
1617250662122,6,5883584.000000,16384.000000
1617250662372,6,6103776.000000,798976.000000
1617250662622,6,5948832.000000,49184.000000
1617250662872,6,6689152.000000,56704.000000
1617250663122,6,6553088.000000,225728.000000
1617250663372,6,5956064.000000,471264.000000
1617250663622,6,5402240.000000,17056.000000
1617250663872,6,6438272.000000,34112.000000
1617250664122,6,5712736.000000,0.0
1617250664372,6,5567872.000000,717088.000000
1617250664622,6,6516192.000000,34112.000000
1617250664872,6,6211840.000000,5536.000000
1617250665122,6,5892352.000000,396512.000000
1617250665372,6,7503360.000000,267040.000000
1617250665622,6,5715072.000000,34112.000000
1617250665872,6,5727328.000000,17056.000000
1617250666122,6,6129984.000000,48160.000000
1617250666372,6,6207840.000000,306688.000000
1617250666622,6,5776384.000000,5536.000000
1617250666872,6,4981440.000000,17056.000000
1617250667122,6,6402112.000000,20768.000000
1617250667372,6,6414400.000000,269088.000000
1617250667622,6,6280544.000000,34112.000000
1617250667872,6,6265376.000000,34112.000000
1617250668123,6,6657504.000000,122784.000000
1617250668372,6,5164960.000000,884096.000000
1617250668622,6,7409696.000000,22592.000000
1617250668872,6,6418624.000000,85280.000000
1617250669122,6,6222016.000000,190336.000000
1617250669372,6,7061984.000000,862560.000000
1617250669622,6,5777728.000000,51168.000000
1617250669872,6,6214048.000000,34112.000000
1617250670122,6,4512640.000000,17056.000000
1617250670372,6,7303968.000000,768064.000000
1617250670622,6,6708608.000000,17056.000000
1617250670872,6,5568096.000000,34112.000000
1617250671122,6,5754112.000000,365760.000000
1617250671372,6,6075488.000000,371136.000000
1617250671622,6,5876224.000000,68224.000000
1617250671872,6,6209696.000000,34112.000000
1617250672122,6,6203712.000000,28128.000000
1617250672372,6,5527296.000000,413152.000000
1617250672622,6,6617824.000000,41472.000000
1617250672872,6,5767232.000000,34112.000000
1617250673122,6,5684928.000000,66720.000000
1617250673372,6,6345984.000000,419456.000000
1617250673622,6,4381760.000000,17056.000000
1617250673872,6,5142880.000000,34112.000000
1617250674122,6,6171776.000000,40544.000000
1617250674372,6,6361472.000000,584896.000000
1617250674622,6,5782336.000000,0.0
1617250674872,6,5340352.000000,17056.000000
1617250675122,6,5219200.000000,60192.000000
1617250675372,6,5879008.000000,748288.000000
1617250675622,6,6989728.000000,51168.000000
1617250675872,6,6168320.000000,11072.000000
1617250676122,6,6659776.000000,5536.000000
1617250676372,6,6190144.000000,804000.000000
1617250676622,6,5964608.000000,0.0
1617250676872,6,5837088.000000,5536.000000
1617250677122,6,5633280.000000,390720.000000
1617250677372,6,6067424.000000,575712.000000
1617250677622,6,6269696.000000,0.0
1617250677872,6,6193472.000000,17056.000000
1617250678122,6,6807392.000000,54592.000000
1617250678372,6,6209632.000000,595520.000000
1617250678622,6,6186880.000000,22592.000000
1617250678872,6,5712224.000000,0.0
1617250679122,6,5986240.000000,17056.000000
1617250679372,6,4511968.000000,240096.000000
1617250679622,6,6508064.000000,56704.000000
1617250679872,6,6082848.000000,34112.000000
1617250680122,6,6033248.000000,51168.000000
1617250680372,6,6312000.000000,575488.000000
1617250680622,6,5982624.000000,17056.000000
1617250680872,6,5731168.000000,17056.000000
1617250681122,6,5067136.000000,56704.000000
1617250681372,6,5993728.000000,714688.000000
1617250681622,6,5904768.000000,34112.000000
1617250681872,6,6379072.000000,68224.000000
1617250682122,6,6291296.000000,79296.000000
1617250682372,6,4746560.000000,1148992.000000
1617250682622,6,6723360.000000,0.0
1617250682872,6,6128512.000000,22592.000000
1617250683122,6,5939776.000000,26976.000000
1617250683372,6,5795392.000000,110592.000000
1617250683622,6,5849280.000000,51168.000000
1617250683872,6,6293120.000000,51168.000000
1617250684122,6,6131552.000000,51168.000000
1617250684372,6,5195488.000000,493472.000000
1617250684622,6,5740128.000000,17056.000000
1617250684872,6,4888992.000000,34112.000000
1617250685122,6,5843840.000000,235968.000000
1617250685372,6,6377344.000000,715840.000000
1617250685622,6,5322208.000000,51168.000000
1617250685872,6,6195808.000000,34112.000000
1617250686122,6,7608416.000000,131360.000000
1617250686372,6,6754592.000000,120128.000000
1617250686622,6,5998176.000000,17056.000000
1617250686872,6,5646048.000000,34112.000000
1617250687122,6,5813824.000000,34112.000000
1617250687372,6,6005888.000000,717408.000000
1617250687622,6,5597728.000000,39648.000000
1617250687872,6,4704992.000000,0.0
1617250688122,6,5725280.000000,365344.000000
1617250688372,6,6904288.000000,868256.000000
1617250688622,6,6453120.000000,68224.000000
1617250688872,6,6281216.000000,0.0
1617250689122,6,4088160.000000,191552.000000
1617250689372,6,6415648.000000,693120.000000
1617250689622,6,5316320.000000,17056.000000
1617250689872,6,5830016.000000,85280.000000
1617250690122,6,6004800.000000,34112.000000
1617250690372,6,6692864.000000,615008.000000
1617250690622,6,5954368.000000,17056.000000
1617250690872,6,6351744.000000,68224.000000
1617250691122,6,6062240.000000,269792.000000
1617250691372,6,6022048.000000,561376.000000
1617250691622,6,5604960.000000,51168.000000
1617250691872,6,5999808.000000,17056.000000
1617250692122,6,6737312.000000,34976.000000
1617250692372,6,5846048.000000,401024.000000
1617250692622,6,6409472.000000,39648.000000
1617250692872,6,6558336.000000,34112.000000
1617250693122,6,5849152.000000,22592.000000
1617250693372,6,6808192.000000,839712.000000
1617250693622,6,5477024.000000,39648.000000
1617250693872,6,6285984.000000,17056.000000
1617250694123,6,6135488.000000,235520.000000
1617250694372,6,5980064.000000,398336.000000
1617250694622,6,5515424.000000,51168.000000
1617250694872,6,6039968.000000,68224.000000
1617250695122,6,6216096.000000,60288.000000
1617250695372,6,5954112.000000,400640.000000
1617250695622,6,6493312.000000,34112.000000
1617250695872,6,6044448.000000,17056.000000
1617250696122,6,5161408.000000,5536.000000
1617250696372,6,6933920.000000,564064.000000
1617250696622,6,6236416.000000,17056.000000
1617250696872,6,5535904.000000,34112.000000
1617250697122,6,4769056.000000,307584.000000
1617250697372,6,6064320.000000,690624.000000
1617250697622,6,6312416.000000,34112.000000
1617250697872,6,5011808.000000,34112.000000
1617250698122,6,6483968.000000,105760.000000
1617250698372,6,4884192.000000,131680.000000
1617250698622,6,5819392.000000,34112.000000
1617250698872,6,5520736.000000,56704.000000
1617250699122,6,5997344.000000,51168.000000
1617250699372,6,5585440.000000,927488.000000
1617250699622,6,6444224.000000,17056.000000
1617250699872,6,5778240.000000,34112.000000
1617250700122,6,6595072.000000,56704.000000
1617250700372,6,6335392.000000,646816.000000
1617250700622,6,6517024.000000,51168.000000
1617250700872,6,7327424.000000,51168.000000
1617250701122,6,5254720.000000,65504.000000
1617250701372,6,6710368.000000,487040.000000
1617250701622,6,5259872.000000,34112.000000
1617250701872,6,6194912.000000,17056.000000
1617250702122,6,6537024.000000,22592.000000
1617250702372,6,6919712.000000,831520.000000
1617250702622,6,6015200.000000,39648.000000
1617250702872,6,6512800.000000,51168.000000
1617250703122,6,5054304.000000,17056.000000
1617250703372,6,5394560.000000,1042144.000000
1617250703622,6,6615872.000000,51168.000000
1617250703872,6,6000224.000000,34112.000000
1617250704122,6,7106336.000000,183776.000000
1617250704372,6,6369120.000000,489216.000000
1617250704622,6,5839840.000000,5536.000000
1617250704872,6,6338720.000000,17056.000000
1617250705122,6,7157536.000000,116384.000000
1617250705372,6,5980384.000000,190528.000000
1617250705622,6,5382848.000000,5536.000000
1617250705872,6,5294208.000000,0.0
1617250706122,6,5913344.000000,34112.000000
1617250706372,6,5145600.000000,659040.000000
1617250706622,6,5228800.000000,39648.000000
1617250706872,6,6124224.000000,22592.000000
1617250707122,6,6140288.000000,39232.000000
1617250707372,6,5665248.000000,546912.000000
1617250707622,6,6082784.000000,17056.000000
1617250707872,6,4628608.000000,51168.000000
1617250708122,6,5454144.000000,129184.000000
1617250708372,6,4760320.000000,156352.000000
1617250708622,6,7216512.000000,34112.000000
1617250708872,6,6500224.000000,34112.000000
1617250709122,6,6307648.000000,178080.000000
1617250709372,6,5464224.000000,87968.000000
1617250709622,6,6340960.000000,0.0
1617250709872,6,6056608.000000,34112.000000
1617250710122,6,4764672.000000,81088.000000
1617250710372,6,5060768.000000,534272.000000
1617250710622,6,5727936.000000,39648.000000
1617250710872,6,5748352.000000,34112.000000
1617250711122,6,6167936.000000,17056.000000
1617250711372,6,5487008.000000,834016.000000
1617250711622,6,5300032.000000,34112.000000
1617250711872,6,6509472.000000,17056.000000
1617250712122,6,5729856.000000,22592.000000
1617250712372,6,6047968.000000,985888.000000
1617250712622,6,6335680.000000,68224.000000
1617250712872,6,5452864.000000,51168.000000
1617250713122,6,6759968.000000,120672.000000
1617250713372,6,7144384.000000,485280.000000
1617250713622,6,6928096.000000,17056.000000
1617250713872,6,6423072.000000,0.0
1617250714122,6,5829952.000000,235904.000000
1617250714372,6,5947040.000000,506336.000000
1617250714622,6,5578208.000000,5536.000000
1617250714872,6,5885824.000000,11072.000000
1617250715122,6,5848608.000000,196288.000000
1617250715372,6,7120256.000000,455200.000000
1617250715622,6,5993664.000000,34112.000000
1617250715872,6,4516512.000000,51168.000000
1617250716122,6,5974816.000000,66496.000000
1617250716372,6,5209536.000000,136064.000000
1617250716622,6,7227968.000000,39648.000000
1617250716872,6,6015328.000000,22592.000000
1617250717122,6,5799840.000000,385696.000000
1617250717372,6,6770240.000000,655808.000000
1617250717622,6,7228800.000000,0.0
1617250717872,6,6790848.000000,0.0
1617250718122,6,5358720.000000,156672.000000
1617250718372,6,6742560.000000,558400.000000
1617250718622,6,6052480.000000,0.0
1617250718872,6,5956608.000000,5536.000000
1617250719122,6,6057120.000000,17056.000000
1617250719372,6,5937152.000000,907840.000000
1617250719622,6,5915424.000000,22592.000000
1617250719872,6,6288608.000000,68224.000000
1617250720122,6,6317216.000000,17056.000000
1617250720372,6,7011744.000000,561984.000000
1617250720622,6,6182368.000000,34112.000000
1617250720872,6,6090496.000000,34112.000000
1617250721122,6,6260896.000000,575264.000000
1617250721372,6,5017920.000000,573472.000000
1617250721622,6,6388512.000000,68224.000000
1617250721872,6,6711104.000000,17056.000000
1617250722122,6,5840896.000000,22592.000000
1617250722372,6,6566880.000000,862784.000000
1617250722622,6,5365248.000000,5536.000000
1617250722872,6,5551616.000000,22592.000000
1617250723122,6,6695136.000000,39648.000000
1617250723372,6,6042336.000000,639904.000000
1617250723622,6,6597120.000000,0.0
1617250723872,6,6193888.000000,22592.000000
1617250724122,6,5052640.000000,75840.000000
1617250724372,6,6286496.000000,243552.000000
1617250724622,6,5182560.000000,8864.000000
1617250724872,6,5958592.000000,17056.000000
1617250725122,6,5548416.000000,17056.000000
1617250725372,6,6657184.000000,883136.000000
1617250725622,6,5473248.000000,51168.000000
1617250725872,6,4052800.000000,17056.000000
1617250726122,6,5301920.500000,66533.734375
1617250726372,6,5354094.500000,172025.953125
1617250726622,6,6170720.000000,22592.000000
1617250726872,6,6314368.000000,34112.000000
1617250727122,6,6474432.000000,350592.000000
1617250727372,6,6238048.000000,352832.000000
1617250727622,6,5735808.000000,0.0
1617250727872,6,6744096.000000,17056.000000
1617250728122,6,4964736.000000,91040.000000
1617250728372,6,6080064.000000,240224.000000
1617250728622,6,6324992.000000,51168.000000
1617250728872,6,6077024.000000,34112.000000
1617250729122,6,5987136.000000,17056.000000
1617250729372,6,5375808.000000,170048.000000
1617250729622,6,5690816.000000,17056.000000
1617250729872,6,5775616.000000,51168.000000
1617250730122,6,6930304.000000,436352.000000
1617250730372,6,6084800.000000,661568.000000
1617250730622,6,5852192.000000,34112.000000
1617250730872,6,6256352.000000,22592.000000
1617250731122,6,5560352.000000,458432.000000
1617250731372,6,5899424.000000,448224.000000
1617250731622,6,4861248.000000,17056.000000
1617250731872,6,5258304.000000,17056.000000
1617250732122,6,6151392.000000,51168.000000
1617250732372,6,6502816.000000,563168.000000
1617250732622,6,5320480.000000,17056.000000
1617250732872,6,4950432.000000,34112.000000
1617250733122,6,5831744.000000,56704.000000
1617250733372,6,5919712.000000,527808.000000
1617250733622,6,5690336.000000,68224.000000
1617250733872,6,5544800.000000,17056.000000
1617250734122,6,5324384.000000,323040.000000
1617250734372,6,6111168.000000,249600.000000
1617250734622,6,6294816.000000,34112.000000
1617250734872,6,5873408.000000,34112.000000
1617250735122,6,5164864.000000,75840.000000
1617250735372,6,5860832.000000,698048.000000
1617250735622,6,5526176.000000,5536.000000
1617250735872,6,5583040.000000,17056.000000
1617250736122,6,5124032.000000,34112.000000
1617250736372,6,5750336.000000,311968.000000
1617250736622,6,6029216.000000,17056.000000
1617250736872,6,7384960.000000,17056.000000
1617250737122,6,6597632.000000,34112.000000
1617250737372,6,6326656.000000,299840.000000
1617250737622,6,5157344.000000,34112.000000
1617250737872,6,5903840.000000,51168.000000
1617250738122,6,5262976.000000,56704.000000
1617250738372,6,5923904.000000,797792.000000
1617250738622,6,6424640.000000,68224.000000
1617250738872,6,5460672.000000,5536.000000
1617250739122,6,6418496.000000,63808.000000
1617250739372,6,6647776.000000,1234752.000000
1617250739622,6,4860352.000000,39648.000000
1617250739872,6,5799392.000000,17056.000000
1617250740122,6,5829440.000000,120512.000000
1617250740372,6,6084608.000000,880864.000000
1617250740622,6,5420640.000000,0.0
1617250740872,6,6634112.000000,51168.000000
1617250741122,6,5399936.000000,88896.000000
1617250741372,6,6110848.000000,678176.000000
1617250741622,6,5340992.000000,11072.000000
1617250741872,6,5697376.000000,34112.000000
1617250742122,6,6539712.000000,51168.000000
1617250742372,6,6513952.000000,538496.000000
1617250742622,6,5626240.000000,51168.000000
1617250742872,6,4509600.000000,34112.000000
1617250743122,6,7140256.000000,39648.000000
1617250743372,6,5547104.000000,746688.000000
1617250743622,6,5947200.000000,0.0
1617250743872,6,5161824.000000,34112.000000
1617250744122,6,5613856.000000,39648.000000
1617250744372,6,6712256.000000,407520.000000
1617250744622,6,6201248.000000,38080.000000
1617250744872,6,6359232.000000,0.0
1617250745122,6,4637376.000000,54752.000000
1617250745372,6,5517696.000000,1099488.000000
1617250745622,6,5749056.000000,5536.000000
1617250745872,6,5957984.000000,34112.000000
1617250746122,6,6214688.000000,465728.000000
1617250746372,6,5464512.000000,254112.000000
1617250746622,6,5800256.000000,0.0
1617250746872,6,5477472.000000,17056.000000
1617250747122,6,6509216.000000,22592.000000
1617250747372,6,6118304.000000,621632.000000
1617250747622,6,6195744.000000,85280.000000
1617250747872,6,5399008.000000,22592.000000
1617250748122,6,6000512.000000,34112.000000
1617250748372,6,5616832.000000,733568.000000
1617250748622,6,5584160.000000,34112.000000
1617250748872,6,5842560.000000,17056.000000
1617250749122,6,5410656.000000,193248.000000
1617250749372,6,6854016.000000,523968.000000
1617250749622,6,5179392.000000,22592.000000
1617250749872,6,5930592.000000,51168.000000
1617250750122,6,6114592.000000,208672.000000
1617250750372,6,7059840.000000,717760.000000
1617250750622,6,6107104.000000,17056.000000
1617250750872,6,6422176.000000,34112.000000
1617250751122,6,6513376.000000,5536.000000
1617250751372,6,5131680.000000,396608.000000
1617250751622,6,6288256.000000,34112.000000
1617250751872,6,6581856.000000,34112.000000
1617250752122,6,5342912.000000,68832.000000
1617250752372,6,5567328.000000,212480.000000
1617250752622,6,5712544.000000,17056.000000
1617250752872,6,5078720.000000,34112.000000
1617250753122,6,5713248.000000,266304.000000
1617250753372,6,7747904.000000,607040.000000
1617250753622,6,5511744.000000,34112.000000
1617250753872,6,5483840.000000,34112.000000
1617250754122,6,5596768.000000,34112.000000
1617250754372,6,6278848.000000,433696.000000
1617250754622,6,4820768.000000,0.0
1617250754872,6,5676128.000000,0.0
1617250755122,6,5380704.000000,17056.000000
1617250755372,6,5838848.000000,706240.000000
1617250755622,6,5138496.000000,51168.000000
1617250755872,6,5043936.000000,0.0
1617250756122,6,5964480.000000,77248.000000
1617250756372,6,5387456.000000,224352.000000
1617250756622,6,6423776.000000,34112.000000
1617250756872,6,6450496.000000,17056.000000
1617250757122,6,5967648.000000,34112.000000
1617250757372,6,5344384.000000,275776.000000
1617250757622,6,6012416.000000,68224.000000
1617250757872,6,5069760.000000,17056.000000
1617250758122,6,4929664.000000,0.0
1617250758372,6,6025280.000000,989664.000000
1617250758622,6,6472192.000000,56704.000000
1617250758872,6,5342208.000000,17056.000000
1617250759122,6,6713920.000000,5536.000000
1617250759372,6,6167680.000000,579744.000000
1617250759622,6,6907392.000000,5536.000000
1617250759872,6,6609664.000000,0.0
1617250760122,6,6167168.000000,217888.000000
1617250760372,6,6500224.000000,81280.000000
1617250760622,6,7028640.000000,22592.000000
1617250760872,6,5590048.000000,34112.000000
1617250761124,6,6128384.000000,22592.000000
1617250761372,6,6733120.000000,955008.000000
1617250761622,6,6999200.000000,17056.000000
1617250761872,6,6018560.000000,34112.000000
1617250762122,6,6396608.000000,77344.000000
1617250762372,6,6437632.000000,1015520.000000
1617250762622,6,5481504.000000,0.0
1617250762872,6,4993632.000000,17056.000000
1617250763122,6,5579968.000000,0.0
1617250763372,6,7516768.000000,1103040.000000
1617250763622,6,7269568.000000,17056.000000
1617250763872,6,7014976.000000,0.0
1617250764122,6,5160064.000000,39648.000000
1617250764372,6,5567136.000000,921824.000000
1617250764622,6,5802944.000000,22592.000000
1617250764872,6,6075904.000000,51168.000000
1617250765122,6,4764320.000000,42496.000000
1617250765372,6,6422944.000000,556160.000000
1617250765622,6,5901696.000000,0.0
1617250765872,6,5625984.000000,5536.000000
1617250766122,6,5821984.000000,46080.000000
1617250766372,6,5646304.000000,155200.000000
1617250766622,6,5926816.000000,17056.000000
1617250766872,6,6078176.000000,51168.000000
1617250767122,6,5773088.000000,117920.000000
1617250767372,6,4788192.000000,108768.000000
1617250767622,6,5891680.000000,34112.000000
1617250767872,6,6073120.000000,34112.000000
1617250768122,6,6427040.000000,36256.000000
1617250768372,6,6274048.000000,118816.000000
1617250768622,6,5949600.000000,34112.000000
1617250768872,6,6119232.000000,17056.000000
1617250769122,6,6176352.000000,22592.000000
1617250769372,6,5245216.000000,636672.000000
1617250769622,6,6304224.000000,17056.000000
1617250769872,6,6240928.000000,11072.000000
1617250770122,6,5769536.000000,17056.000000
1617250770372,6,5964640.000000,586944.000000
1617250770622,6,5888160.000000,0.0
1617250770872,6,6034176.000000,34112.000000
1617250771122,6,5304640.000000,68224.000000
1617250771372,6,6033120.000000,940608.000000
1617250771622,6,5387712.000000,34112.000000
1617250771872,6,5777440.000000,51168.000000
1617250772122,6,4785760.000000,22592.000000
1617250772372,6,5463232.000000,716896.000000
1617250772622,6,5989920.000000,0.0
1617250772872,6,6150272.000000,39648.000000
1617250773123,6,5709248.000000,178240.000000
1617250773372,6,6009024.000000,370272.000000
1617250773622,6,6188256.000000,34112.000000
1617250773872,6,5529280.000000,17056.000000
1617250774122,6,6865984.000000,22592.000000
1617250774372,6,4973952.000000,689856.000000
1617250774622,6,4982272.000000,17056.000000
1617250774872,6,6560128.000000,39648.000000
1617250775122,6,6075072.000000,39648.000000
1617250775372,6,6701312.000000,344896.000000
1617250775622,6,6198944.000000,56704.000000
1617250775872,6,5409504.000000,0.0
1617250776122,6,6017632.000000,17056.000000
1617250776372,6,6270240.000000,585984.000000
1617250776622,6,5554784.000000,22592.000000
1617250776872,6,6291072.000000,17056.000000
1617250777122,6,5761408.000000,36192.000000
1617250777372,6,6376896.000000,628864.000000
1617250777622,6,5472832.000000,17056.000000
1617250777872,6,4833952.000000,0.0
1617250778122,6,6128032.000000,56704.000000
1617250778372,6,5912160.000000,833408.000000
1617250778622,6,6020320.000000,51168.000000
1617250778872,6,6864416.000000,22592.000000
1617250779122,6,5476384.000000,39648.000000
1617250779372,6,5165536.000000,182176.000000
1617250779622,6,5921888.000000,17056.000000
1617250779872,6,5755296.000000,34112.000000
1617250780122,6,5849024.000000,308256.000000
1617250780372,6,6432192.000000,737376.000000
1617250780622,6,6680256.000000,17056.000000
1617250780872,6,5562464.000000,22592.000000
1617250781122,6,4675872.000000,34112.000000
1617250781372,6,5976096.000000,1130784.000000
1617250781622,6,4379104.000000,22592.000000
1617250781872,6,6203424.000000,34112.000000
1617250782122,6,6135360.000000,68224.000000
1617250782372,6,6511328.000000,172960.000000
1617250782622,6,5890208.000000,5536.000000
1617250782872,6,5716384.000000,17056.000000
1617250783122,6,5859776.000000,0.0
1617250783372,6,6182848.000000,477024.000000
1617250783622,6,6449504.000000,0.0
1617250783872,6,6382816.000000,17056.000000
1617250784122,6,5222592.000000,17056.000000
1617250784372,6,6173888.000000,558304.000000
1617250784622,6,6865856.000000,34112.000000
1617250784872,6,5834208.000000,17056.000000
1617250785122,6,6728224.000000,34112.000000
1617250785372,6,6534944.000000,544928.000000
1617250785622,6,6381920.000000,0.0
1617250785872,6,5504384.000000,0.0
1617250786122,6,6089856.000000,62464.000000
1617250786372,6,4192480.000000,260032.000000
1617250786622,6,6276320.000000,66752.000000
1617250786872,6,5689792.000000,5536.000000
1617250787122,6,6026208.000000,22592.000000
1617250787372,6,6260352.000000,768960.000000
1617250787622,6,6983680.000000,39648.000000
1617250787872,6,6146528.000000,0.0
1617250788122,6,5629120.000000,94432.000000
1617250788372,6,6657056.000000,534368.000000
1617250788622,6,5647872.000000,34112.000000
1617250788872,6,4831552.000000,0.0
1617250789122,6,6116160.000000,46496.000000
1617250789372,6,6449120.000000,125440.000000
1617250789622,6,5417600.000000,0.0
1617250789872,6,6079040.000000,5536.000000
1617250790122,6,7273152.000000,200832.000000
1617250790372,6,6228992.000000,97728.000000
1617250790622,6,5977536.000000,17056.000000
1617250790872,6,5677280.000000,56704.000000
1617250791122,6,6229056.000000,73760.000000
1617250791372,6,6179712.000000,662784.000000
1617250791622,6,5760032.000000,0.0
1617250791872,6,4666016.000000,28128.000000
1617250792122,6,5281216.000000,483488.000000
1617250792372,6,6590944.000000,360320.000000
1617250792622,6,4978592.000000,34112.000000
1617250792872,6,5393600.000000,34112.000000
1617250793122,6,5828736.000000,22592.000000
1617250793372,6,5465120.000000,342080.000000
1617250793622,6,5508672.000000,17056.000000
1617250793872,6,5337920.000000,17056.000000
1617250794122,6,4697248.000000,17056.000000
1617250794372,6,4778336.000000,240352.000000
1617250794622,6,4800928.000000,17056.000000
1617250794872,6,6143136.000000,17056.000000
1617250795123,6,5409312.000000,105952.000000
1617250795372,6,5486144.000000,509568.000000
1617250795622,6,5816704.000000,34112.000000
1617250795872,6,5885632.000000,17056.000000
1617250796122,6,6182368.000000,143968.000000
1617250796372,6,5624512.000000,574784.000000
1617250796622,6,5975360.000000,39648.000000
1617250796873,6,6182208.000000,34112.000000
1617250797122,6,4983744.000000,108096.000000
1617250797372,6,5899520.000000,770976.000000
1617250797622,6,5086976.000000,17056.000000
1617250797872,6,6085184.000000,0.0
1617250798122,6,6874656.000000,479296.000000
1617250798372,6,5963488.000000,386848.000000
1617250798622,6,5805536.000000,39648.000000
1617250798872,6,5847328.000000,5536.000000
1617250799122,6,6874144.000000,46080.000000
1617250799372,6,6207360.000000,673728.000000
1617250799622,6,5987520.000000,22592.000000
1617250799872,6,6565568.000000,34112.000000
1617250800122,6,5893408.000000,17056.000000
1617250800372,6,6710464.000000,780640.000000
1617250800622,6,6328960.000000,12928.000000
1617250800872,6,6037376.000000,17056.000000
1617250801122,6,5736224.000000,39648.000000
1617250801372,6,5879072.000000,364896.000000
1617250801622,6,5917984.000000,17056.000000
1617250801872,6,6789024.000000,22592.000000
1617250802122,6,5197248.000000,225728.000000
1617250802372,6,5614656.000000,410496.000000
1617250802622,6,6114176.000000,5536.000000
1617250802872,6,6169376.000000,68224.000000
1617250803122,6,5705504.000000,77280.000000
1617250803372,6,6730656.000000,310144.000000
1617250803622,6,6180960.000000,0.0
1617250803872,6,6412288.000000,56704.000000
1617250804122,6,5571424.000000,17056.000000
1617250804372,6,6613120.000000,616384.000000
1617250804622,6,5937376.000000,68224.000000
1617250804872,6,6326496.000000,34112.000000
1617250805122,6,4944800.000000,51168.000000
1617250805372,6,6204448.000000,391232.000000
1617250805622,6,4625184.000000,17056.000000
1617250805872,6,5655392.000000,17056.000000
1617250806122,6,5309664.000000,73760.000000
1617250806372,6,6190112.000000,335392.000000
1617250806622,6,5733664.000000,11072.000000
1617250806872,6,5136864.000000,0.0
1617250807122,6,5918624.000000,61216.000000
1617250807372,6,5491008.000000,621632.000000
1617250807622,6,5510592.000000,51168.000000
1617250807872,6,6606272.000000,17056.000000
1617250808122,6,5639680.000000,17056.000000
1617250808372,6,5960512.000000,41216.000000
1617250808622,6,4730592.000000,33504.000000
1617250808872,6,6185216.000000,51168.000000
1617250809122,6,5736096.000000,330784.000000
1617250809372,6,5521152.000000,818336.000000
1617250809622,6,5640544.000000,17056.000000
1617250809872,6,5951840.000000,51168.000000
1617250810122,6,5756096.000000,78272.000000
1617250810372,6,5300128.000000,219968.000000
1617250810622,6,5850080.000000,17056.000000
1617250810872,6,5122176.000000,17056.000000
1617250811122,6,6209504.000000,176544.000000
1617250811372,6,4131808.000000,194848.000000
1617250811622,6,6353856.000000,17056.000000
1617250811872,6,5744608.000000,0.0
1617250812122,6,5902400.000000,81472.000000
1617250812372,6,6078368.000000,357152.000000
1617250812622,6,5363392.000000,34112.000000
1617250812872,6,5369472.000000,17056.000000
1617250813122,6,5700320.000000,265120.000000
1617250813372,6,5965568.000000,746624.000000
1617250813622,6,6173888.000000,39648.000000
1617250813872,6,5210784.000000,17056.000000
1617250814122,6,6451520.000000,5536.000000
1617250814372,6,6218240.000000,714112.000000
1617250814622,6,5083904.000000,22592.000000
1617250814872,6,5672864.000000,39648.000000
1617250815122,6,5709888.000000,51168.000000
1617250815372,6,5921664.000000,141184.000000
1617250815622,6,6090752.000000,22592.000000
1617250815872,6,6382784.000000,68224.000000
1617250816122,6,6261088.000000,32032.000000
1617250816372,6,6333888.000000,210944.000000
1617250816622,6,4630016.000000,0.0
1617250816872,6,5913696.000000,17056.000000
1617250817122,6,5463840.000000,22592.000000
1617250817372,6,6305824.000000,768448.000000
1617250817622,6,5573120.000000,17056.000000
1617250817872,6,5490368.000000,17056.000000
1617250818122,6,5922208.000000,224384.000000
1617250818372,6,5099136.000000,320256.000000
1617250818622,6,5780224.000000,51168.000000
1617250818872,6,5341024.000000,17056.000000
1617250819122,6,5748384.000000,5536.000000
1617250819372,6,5497696.000000,497824.000000
1617250819622,6,5420448.000000,5536.000000
1617250819872,6,4297888.000000,39648.000000
1617250820122,6,6352864.000000,17056.000000
1617250820372,6,5765056.000000,295456.000000
1617250820622,6,6491328.000000,17056.000000
1617250820872,6,5494784.000000,5536.000000
1617250821122,6,5619328.000000,95328.000000
1617250821372,6,6306368.000000,404960.000000
1617250821622,6,5296352.000000,34112.000000
1617250821872,6,5631168.000000,17056.000000
1617250822122,6,6413856.000000,207360.000000
1617250822372,6,6149568.000000,370944.000000
1617250822622,6,6342400.000000,0.0
1617250822872,6,5378880.000000,39648.000000
1617250823122,6,5251712.000000,68288.000000
1617250823372,6,6402048.000000,113664.000000
1617250823622,6,5392512.000000,0.0
1617250823872,6,4998272.000000,51168.000000
1617250824122,6,5637696.000000,39648.000000
1617250824372,6,5906976.000000,1083648.000000
1617250824622,6,5504832.000000,17056.000000
1617250824872,6,5984832.000000,51168.000000
1617250825122,6,6814304.000000,51168.000000
1617250825372,6,6586176.000000,975392.000000
1617250825622,6,5841760.000000,5536.000000
1617250825872,6,6664288.000000,34112.000000
1617250826122,6,6043776.000000,74656.000000
1617250826372,6,6751584.000000,775488.000000
1617250826622,6,5818496.000000,34112.000000
1617250826872,6,6236096.000000,0.0
1617250827122,6,5921536.000000,0.0
1617250827372,6,6327616.000000,588928.000000
1617250827622,6,6278464.000000,34112.000000
1617250827872,6,4899936.000000,22592.000000
1617250828122,6,5298784.000000,51168.000000
1617250828372,6,7300736.000000,734176.000000
1617250828622,6,5565984.000000,0.0
1617250828872,6,5499072.000000,51168.000000
1617250829122,6,6124960.000000,546944.000000
1617250829372,6,4968384.000000,522112.000000
1617250829622,6,5685504.000000,65472.000000
1617250829872,6,5848800.000000,21440.000000
1617250830122,6,4786464.000000,51168.000000
1617250830372,6,6054400.000000,787360.000000
1617250830622,6,6816704.000000,39648.000000
1617250830872,6,5898784.000000,34112.000000
1617250831122,6,6265632.000000,437024.000000
1617250831372,6,6356416.000000,243104.000000
1617250831622,6,5380864.000000,17056.000000
1617250831872,6,6197824.000000,17056.000000
1617250832122,6,6089888.000000,181728.000000
1617250832372,6,5976992.000000,549632.000000
1617250832622,6,5077056.000000,0.0
1617250832872,6,5674976.000000,34112.000000
1617250833122,6,5617376.000000,95328.000000
1617250833372,6,5389568.000000,564192.000000
1617250833622,6,5009824.000000,0.0
1617250833872,6,5827872.000000,0.0
1617250834122,6,6447488.000000,17056.000000
1617250834372,6,5949760.000000,198176.000000
1617250834622,6,5537600.000000,0.0
1617250834872,6,5456672.000000,22592.000000
1617250835122,6,5863424.000000,126880.000000
1617250835372,6,6193216.000000,558432.000000
1617250835622,6,6085280.000000,0.0
1617250835872,6,5449024.000000,17056.000000
1617250836122,6,6877088.000000,442528.000000
1617250836372,6,5696736.000000,368000.000000
1617250836622,6,6500864.000000,17056.000000
1617250836872,6,5246368.000000,0.0
1617250837122,6,5291488.000000,39648.000000
1617250837372,6,6436160.000000,183968.000000
1617250837622,6,5962016.000000,51168.000000
1617250837872,6,5611424.000000,51168.000000
1617250838122,6,5876448.000000,519488.000000
1617250838372,6,5621600.000000,567776.000000
1617250838622,6,5131456.000000,0.0
1617250838872,6,5062784.000000,5536.000000
1617250839122,6,5106624.000000,22592.000000
1617250839372,6,5555712.000000,420352.000000
1617250839622,6,6268832.000000,0.0
1617250839872,6,6720384.000000,22592.000000
1617250840122,6,5641472.000000,545568.000000
1617250840372,6,6486688.000000,431360.000000
1617250840622,6,6151712.000000,0.0
1617250840872,6,6410112.000000,17056.000000
1617250841122,6,6001856.000000,22592.000000
1617250841372,6,6525888.000000,1027008.000000
1617250841622,6,5081184.000000,56704.000000
1617250841872,6,5537824.000000,17056.000000
1617250842122,6,5299104.000000,17056.000000
1617250842372,6,6304576.000000,635136.000000
1617250842622,6,6573344.000000,0.0
1617250842872,6,5589856.000000,34112.000000
1617250843122,6,5424160.000000,34112.000000
1617250843372,6,5681088.000000,262528.000000
1617250843622,6,6085824.000000,17056.000000
1617250843872,6,6344576.000000,68224.000000
1617250844122,6,6253632.000000,58240.000000
1617250844372,6,5682432.000000,655296.000000
1617250844622,6,6506112.000000,34112.000000
1617250844872,6,6401920.000000,17056.000000
1617250845122,6,5425536.000000,83808.000000
1617250845372,6,5895648.000000,354752.000000
1617250845622,6,5780224.000000,68224.000000
1617250845872,6,5944384.000000,17056.000000
1617250846122,6,6795488.000000,322912.000000
1617250846372,6,6552992.000000,240192.000000
1617250846622,6,6498592.000000,7360.000000
1617250846872,6,4900416.000000,34112.000000
1617250847122,6,6819648.000000,40544.000000
1617250847372,6,6147104.000000,492768.000000
1617250847622,6,5736832.000000,0.0
1617250847872,6,5560416.000000,0.0
1617250848122,6,5280736.000000,49088.000000
1617250848373,6,6596224.000000,632160.000000
1617250848622,6,5491360.000000,17056.000000
1617250848872,6,5750528.000000,39648.000000
1617250849122,6,5568800.000000,5536.000000
1617250849372,6,6132576.000000,178496.000000
1617250849622,6,5602816.000000,17056.000000
1617250849872,6,5094208.000000,0.0
1617250850122,6,6643584.000000,39648.000000
1617250850372,6,5881984.000000,91264.000000
1617250850622,6,5447392.000000,17056.000000
1617250850872,6,5602048.000000,17056.000000
1617250851122,6,5743840.000000,119328.000000
1617250851372,6,6483296.000000,81664.000000
1617250851622,6,5432320.000000,22592.000000
1617250851872,6,6727008.000000,51168.000000
1617250852122,6,5261920.000000,317376.000000
1617250852372,6,6759584.000000,430432.000000
1617250852622,6,5482208.000000,0.0
1617250852872,6,5711872.000000,0.0
1617250853122,6,5537216.000000,17056.000000
1617250853372,6,6738688.000000,472288.000000
1617250853622,6,6913696.000000,0.0
1617250853872,6,5935776.000000,17056.000000
1617250854122,6,5683616.000000,301728.000000
1617250854372,6,5775104.000000,256032.000000
1617250854622,6,5626432.000000,17056.000000
1617250854872,6,6920192.000000,34112.000000
1617250855122,6,5264128.000000,480096.000000
1617250855372,6,7225152.000000,669952.000000
1617250855622,6,6537280.000000,0.0
1617250855872,6,6169248.000000,17056.000000
1617250856126,6,5628110.500000,22324.111328
1617250856372,6,6122882.500000,140955.468750
1617250856622,6,6368448.000000,17056.000000
1617250856872,6,4653024.000000,17056.000000
1617250857122,6,4904192.000000,253120.000000
1617250857372,6,5924000.000000,472576.000000
1617250857622,6,6540256.000000,11072.000000
1617250857872,6,6789632.000000,34112.000000
1617250858122,6,5279680.000000,39648.000000
1617250858372,6,6466432.000000,952960.000000
1617250858622,6,5290176.000000,5536.000000
1617250858872,6,5614816.000000,22592.000000
1617250859122,6,6210272.000000,395488.000000
1617250859372,6,6100608.000000,463776.000000
1617250859622,6,7245056.000000,34112.000000
1617250859872,6,6252032.000000,17056.000000
1617250860122,6,5878816.000000,34112.000000
1617250860372,6,5643136.000000,577344.000000
1617250860622,6,5296512.000000,34112.000000
1617250860872,6,6012480.000000,0.0
1617250861122,6,5574112.000000,51168.000000
1617250861372,6,6020800.000000,213120.000000
1617250861622,6,6599360.000000,34112.000000
1617250861872,6,5914080.000000,22592.000000
1617250862122,6,7094464.000000,68224.000000
1617250862372,6,6821376.000000,681600.000000
1617250862622,6,6375712.000000,39648.000000
1617250862872,6,6684352.000000,34112.000000
1617250863122,6,6696704.000000,51168.000000
1617250863372,6,6374656.000000,301696.000000
1617250863622,6,6044672.000000,0.0
1617250863872,6,4996000.000000,34112.000000
1617250864122,6,5389248.000000,56704.000000
1617250864372,6,5780896.000000,168288.000000
1617250864622,6,5919392.000000,39648.000000
1617250864872,6,5674048.000000,51168.000000
1617250865122,6,5634304.000000,479872.000000
1617250865372,6,6578496.000000,734944.000000
1617250865622,6,5617184.000000,17056.000000
1617250865872,6,5277120.000000,17056.000000
1617250866122,6,6227840.000000,41152.000000
1617250866372,6,7026464.000000,603264.000000
1617250866622,6,6518752.000000,34112.000000
1617250866872,6,5377632.000000,0.0
1617250867122,6,5547584.000000,11072.000000
1617250867372,6,6338176.000000,600352.000000
1617250867622,6,5951776.000000,17056.000000
1617250867872,6,5848576.000000,22592.000000
1617250868123,6,5328064.000000,273024.000000
1617250868372,6,6146688.000000,525888.000000
1617250868622,6,5874112.000000,22592.000000
1617250868872,6,6458080.000000,22592.000000
1617250869122,6,6282688.000000,17056.000000
1617250869372,6,6716288.000000,627008.000000
1617250869622,6,4952224.000000,5536.000000
1617250869872,6,6433984.000000,51168.000000
1617250870122,6,5588544.000000,437024.000000
1617250870372,6,5535072.000000,469728.000000
1617250870622,6,5900640.000000,0.0
1617250870872,6,6102368.000000,22592.000000
1617250871122,6,6079712.000000,34112.000000
1617250871372,6,5352288.000000,628512.000000
1617250871622,6,5033760.000000,34304.000000
1617250871872,6,5859936.000000,17056.000000
1617250872122,6,6306848.000000,39648.000000
1617250872372,6,5216896.000000,513568.000000
1617250872622,6,5722816.000000,0.0
1617250872872,6,5706816.000000,0.0
1617250873122,6,5399264.000000,439360.000000
1617250873372,6,5823840.000000,137152.000000
1617250873622,6,6382912.000000,40288.000000
1617250873872,6,6302944.000000,17056.000000
1617250874122,6,5608992.000000,34112.000000
1617250874372,6,6812640.000000,817568.000000
1617250874622,6,6258528.000000,34112.000000
1617250874872,6,6372672.000000,51168.000000
1617250875122,6,5252896.000000,85568.000000
1617250875372,6,4578976.000000,435968.000000
1617250875622,6,5075424.000000,32544.000000
1617250875872,6,5496832.000000,39648.000000
1617250876122,6,5636480.000000,17056.000000
1617250876372,6,5715488.000000,801216.000000
1617250876622,6,5318624.000000,58272.000000
1617250876872,6,5541184.000000,37248.000000
1617250877122,6,6196000.000000,5536.000000
1617250877372,6,6634272.000000,167072.000000
1617250877622,6,5899744.000000,47008.000000
1617250877872,6,4858848.000000,34112.000000
1617250878122,6,6325152.000000,34112.000000
1617250878372,6,6043136.000000,818624.000000
1617250878622,6,5239008.000000,34112.000000
1617250878872,6,4883232.000000,34112.000000
1617250879122,6,5000896.000000,349856.000000
1617250879372,6,6676992.000000,400992.000000
1617250879622,6,6190144.000000,51168.000000
1617250879872,6,5070720.000000,17056.000000
1617250880122,6,6279776.000000,51168.000000
1617250880372,6,6642144.000000,970112.000000
1617250880622,6,6308320.000000,0.0
1617250880872,6,6523136.000000,0.0
1617250881122,6,6063552.000000,5536.000000
1617250881372,6,7027072.000000,641728.000000
1617250881622,6,6095424.000000,39648.000000
1617250881872,6,5553152.000000,34112.000000
1617250882122,6,5141696.000000,17056.000000
1617250882372,6,6437440.000000,676224.000000
1617250882622,6,5745504.000000,17056.000000
1617250882872,6,5736384.000000,17056.000000
1617250883122,6,6276192.000000,57088.000000
1617250883372,6,5036192.000000,517152.000000
1617250883622,6,5380384.000000,5536.000000
1617250883872,6,5791136.000000,34112.000000
1617250884122,6,5279040.000000,101408.000000
1617250884372,6,5675968.000000,551168.000000
1617250884622,6,6546560.000000,34112.000000
1617250884872,6,5498496.000000,34112.000000
1617250885122,6,5600608.000000,97888.000000
1617250885372,6,6091104.000000,535584.000000
1617250885622,6,6210880.000000,0.0
1617250885872,6,6679904.000000,85280.000000
1617250886122,6,5845568.000000,78944.000000
1617250886372,6,5470496.000000,594752.000000
1617250886622,6,6210624.000000,17056.000000
1617250886872,6,5871712.000000,0.0
1617250887122,6,5435392.000000,103616.000000
1617250887372,6,6326592.000000,109856.000000
1617250887622,6,6962240.000000,51168.000000
1617250887872,6,7185088.000000,34112.000000
1617250888122,6,7281824.000000,34112.000000
1617250888372,6,5723200.000000,1129376.000000
1617250888622,6,6154560.000000,34112.000000
1617250888872,6,5488864.000000,17056.000000
1617250889122,6,5497536.000000,29024.000000
1617250889372,6,5591328.000000,215424.000000
1617250889622,6,5862656.000000,68224.000000
1617250889872,6,5655552.000000,0.0
1617250890122,6,5832864.000000,5536.000000
1617250890372,6,5990752.000000,542784.000000
1617250890622,6,5433536.000000,22592.000000
1617250890872,6,5547104.000000,34112.000000
1617250891122,6,6482560.000000,56928.000000
1617250891372,6,5504352.000000,130528.000000
1617250891622,6,5895264.000000,34112.000000
1617250891872,6,5731488.000000,34112.000000
1617250892122,6,4964192.000000,34112.000000
1617250892372,6,6330976.000000,416704.000000
1617250892622,6,5382720.000000,17056.000000
1617250892872,6,6902336.000000,22592.000000
1617250893122,6,5691040.000000,91040.000000
1617250893372,6,5718528.000000,406976.000000
1617250893622,6,5259648.000000,39648.000000
1617250893872,6,4328352.000000,22592.000000
1617250894122,6,5696000.000000,129184.000000
1617250894372,6,7025472.000000,682144.000000
1617250894622,6,5121824.000000,0.0
1617250894872,6,5680000.000000,56704.000000
1617250895122,6,5843680.000000,34112.000000
1617250895372,6,5823424.000000,362560.000000
1617250895622,6,4704224.000000,51168.000000
1617250895872,6,5419904.000000,17056.000000
1617250896122,6,6450944.000000,347840.000000
1617250896372,6,6253632.000000,522144.000000
1617250896622,6,5633920.000000,0.0
1617250896872,6,5578816.000000,22592.000000
1617250897122,6,6453952.000000,22592.000000
1617250897372,6,5491616.000000,198944.000000
1617250897622,6,5389824.000000,17056.000000
1617250897872,6,6011264.000000,0.0
1617250898122,6,6654048.000000,5536.000000
1617250898372,6,6652032.000000,314304.000000
1617250898622,6,5130080.000000,47680.000000
1617250898872,6,5658208.000000,3232.000000
1617250899122,6,5828032.000000,17056.000000
1617250899372,6,6362496.000000,497376.000000
1617250899622,6,6012608.000000,5536.000000
1617250899872,6,5728896.000000,68224.000000
1617250900122,6,5469472.000000,116224.000000
1617250900372,6,4623360.000000,480576.000000
1617250900622,6,5123104.000000,5536.000000
1617250900872,6,6104800.000000,0.0
1617250901122,6,5592256.000000,29696.000000
1617250901372,6,6268640.000000,444096.000000
1617250901622,6,5860864.000000,68224.000000
1617250901872,6,6130464.000000,17056.000000
1617250902122,6,6019872.000000,63456.000000
1617250902372,6,6324256.000000,197600.000000
1617250902622,6,4729472.000000,34112.000000
1617250902872,6,6165952.000000,22592.000000
1617250903122,6,5404512.000000,375040.000000
1617250903372,6,6759360.000000,725856.000000
1617250903622,6,5294176.000000,51168.000000
1617250903872,6,5256416.000000,0.0
1617250904122,6,6943456.000000,34112.000000
1617250904372,6,5056128.000000,628096.000000
1617250904622,6,5914656.000000,34112.000000
1617250904872,6,6191968.000000,17056.000000
1617250905122,6,5504160.000000,34112.000000
1617250905372,6,5771392.000000,182304.000000
1617250905622,6,5562272.000000,17056.000000
1617250905872,6,6281312.000000,51168.000000
1617250906122,6,5033888.000000,136384.000000
1617250906372,6,5635424.000000,80448.000000
1617250906622,6,6244064.000000,32640.000000
1617250906872,6,6154176.000000,5536.000000
1617250907122,6,5175008.000000,163104.000000
1617250907372,6,6266272.000000,473792.000000
1617250907622,6,5923488.000000,0.0
1617250907872,6,5434112.000000,39648.000000
1617250908122,6,5996160.000000,0.0
1617250908372,6,6014464.000000,795776.000000
1617250908622,6,4740544.000000,5536.000000
1617250908872,6,6029248.000000,17056.000000
1617250909122,6,6195392.000000,59232.000000
1617250909372,6,5967680.000000,501760.000000
1617250909622,6,5836032.000000,11072.000000
1617250909872,6,5151712.000000,0.0
1617250910122,6,5597184.000000,6848.000000
1617250910372,6,7174464.000000,1049184.000000
1617250910622,6,6366848.000000,39648.000000
1617250910872,6,5597664.000000,34112.000000
1617250911122,6,7140416.000000,34112.000000
1617250911372,6,5768800.000000,1119616.000000
1617250911622,6,6045792.000000,5536.000000
1617250911872,6,5553024.000000,11072.000000
1617250912122,6,4467104.000000,17056.000000
1617250912372,6,6050912.000000,107200.000000
1617250912622,6,5415552.000000,46272.000000
1617250912872,6,5792192.000000,22592.000000
1617250913122,6,6107936.000000,34112.000000
1617250913372,6,7106602.500000,881285.125000
1617250913622,6,6162390.500000,50964.144531
1617250913872,6,5121792.000000,0.0
1617250914122,6,6446400.000000,69504.000000
1617250914372,6,6094944.000000,200320.000000
1617250914622,6,5218176.000000,39648.000000
1617250914872,6,6408992.000000,51168.000000
1617250915122,6,6394400.000000,68224.000000
1617250915372,6,5920672.000000,610752.000000
1617250915622,6,6514528.000000,22592.000000
1617250915872,6,6461984.000000,17056.000000
1617250916122,6,6243840.000000,356864.000000
1617250916372,6,5927200.000000,289856.000000
1617250916622,6,5427232.000000,34112.000000
1617250916872,6,6431232.000000,17056.000000
1617250917122,6,5906784.000000,34112.000000
1617250917372,6,7534432.000000,892992.000000
1617250917622,6,5443136.000000,8672.000000
1617250917872,6,5710464.000000,1568.000000
1617250918122,6,5897600.000000,425952.000000
1617250918372,6,6465664.000000,502016.000000
1617250918622,6,6028192.000000,0.0
1617250918872,6,5764416.000000,51168.000000
1617250919122,6,6383776.000000,231264.000000
1617250919372,6,6621024.000000,389504.000000
1617250919622,6,5380384.000000,5536.000000
1617250919872,6,7349952.000000,39648.000000
1617250920122,6,6308704.000000,37600.000000
1617250920372,6,6756640.000000,437152.000000
1617250920622,6,4897536.000000,17056.000000
1617250920872,6,6537408.000000,17056.000000
1617250921122,6,5681152.000000,72576.000000
1617250921372,6,5505216.000000,171904.000000
1617250921622,6,5209440.000000,0.0
1617250921872,6,6143520.000000,0.0
1617250922122,6,5114528.000000,103168.000000
1617250922372,6,5997440.000000,469984.000000
1617250922622,6,5457280.000000,34112.000000
1617250922872,6,5496768.000000,17056.000000
1617250923122,6,6194976.000000,34112.000000
1617250923372,6,6419968.000000,711232.000000
1617250923622,6,6184704.000000,17056.000000
1617250923872,6,5727520.000000,34112.000000
1617250924122,6,5468448.000000,34112.000000
1617250924372,6,6856544.000000,525984.000000
1617250924622,6,6065312.000000,56704.000000
1617250924872,6,6543072.000000,5536.000000
1617250925122,6,6569120.000000,68224.000000
1617250925372,6,5116384.000000,651776.000000
1617250925622,6,6253760.000000,17056.000000
1617250925872,6,4887296.000000,17056.000000
1617250926122,6,4720000.000000,401984.000000
1617250926372,6,6248640.000000,686880.000000
1617250926622,6,7310272.000000,56448.000000
1617250926872,6,6289152.000000,52736.000000
1617250927122,6,5799136.000000,88160.000000
1617250927372,6,6417792.000000,641568.000000
1617250927622,6,6489408.000000,34112.000000
1617250927872,6,6115328.000000,17056.000000
1617250928122,6,5605568.000000,51168.000000
1617250928372,6,5248864.000000,326848.000000
1617250928622,6,6341728.000000,17056.000000
1617250928872,6,4481408.000000,39648.000000
1617250929122,6,5590688.000000,51168.000000
1617250929372,6,5885216.000000,659456.000000
1617250929622,6,6439072.000000,17056.000000
1617250929872,6,6945760.000000,34112.000000
1617250930122,6,5972128.000000,51168.000000
1617250930372,6,5650976.000000,547200.000000
1617250930622,6,5131200.000000,22592.000000
1617250930872,6,6093600.000000,17056.000000
1617250931122,6,5955392.000000,22592.000000
1617250931372,6,5082528.000000,870208.000000
1617250931622,6,5783552.000000,25920.000000
1617250931872,6,5680896.000000,34112.000000
1617250932122,6,6078048.000000,51168.000000
1617250932372,6,4218592.000000,530272.000000
1617250932622,6,6233120.000000,51168.000000
1617250932872,6,6790336.000000,34112.000000
1617250933122,6,7044768.000000,51168.000000
1617250933372,6,5343136.000000,360896.000000
1617250933622,6,5286592.000000,39648.000000
1617250933872,6,5485408.000000,34112.000000
1617250934122,6,5549856.000000,231264.000000
1617250934372,6,6901632.000000,308416.000000
1617250934622,6,4597248.000000,34112.000000
1617250934872,6,5213728.000000,17056.000000
1617250935122,6,5360256.000000,17056.000000
1617250935372,6,5649280.000000,203008.000000
1617250935622,6,6843424.000000,34112.000000
1617250935872,6,5533248.000000,0.0
1617250936122,6,6849696.000000,22592.000000
1617250936372,6,4735808.000000,600192.000000
1617250936622,6,5282432.000000,0.0
1617250936872,6,5869600.000000,17056.000000
1617250937122,6,6017344.000000,56704.000000
1617250937372,6,4579776.000000,199904.000000
1617250937622,6,5602912.000000,17056.000000
1617250937872,6,6349056.000000,0.0
1617250938122,6,5866560.000000,315648.000000
1617250938372,6,6726848.000000,986240.000000
1617250938622,6,6094016.000000,17056.000000
1617250938872,6,6042336.000000,0.0
1617250939122,6,5724032.000000,54304.000000
1617250939372,6,5025216.000000,475584.000000
1617250939622,6,6422400.000000,34112.000000
1617250939872,6,5463136.000000,17056.000000
1617250940122,6,6509312.000000,51168.000000
1617250940372,6,6612192.000000,827008.000000
1617250940622,6,5671936.000000,22592.000000
1617250940872,6,4830304.000000,17056.000000
1617250941122,6,5190848.000000,34112.000000
1617250941372,6,6777728.000000,620032.000000
1617250941622,6,6739296.000000,0.0
1617250941872,6,5572064.000000,5536.000000
1617250942122,6,4347168.000000,34112.000000
1617250942372,6,5897152.000000,368832.000000
1617250942622,6,5809824.000000,5536.000000
1617250942872,6,6803424.000000,17056.000000
1617250943122,6,5781600.000000,205248.000000
1617250943372,6,5178752.000000,269408.000000
1617250943622,6,6168128.000000,17056.000000
1617250943872,6,6970816.000000,34112.000000
1617250944122,6,5943616.000000,74976.000000
1617250944372,6,5721280.000000,154752.000000
1617250944622,6,4883744.000000,5536.000000
1617250944872,6,5536064.000000,17056.000000
1617250945122,6,5466976.000000,120672.000000
1617250945372,6,6348704.000000,1057568.000000
1617250945622,6,5879680.000000,17056.000000
1617250945872,6,6447104.000000,22592.000000
1617250946122,6,4490496.000000,51168.000000
1617250946372,6,6028768.000000,278912.000000
1617250946622,6,5564672.000000,34112.000000
1617250946872,6,6284960.000000,22592.000000
1617250947122,6,6698080.000000,17056.000000
1617250947372,6,6511232.000000,670528.000000
1617250947622,6,6308448.000000,0.0
1617250947872,6,4997376.000000,45184.000000
1617250948122,6,5977632.000000,129920.000000
1617250948372,6,5977440.000000,295808.000000
1617250948622,6,5404544.000000,51168.000000
1617250948872,6,5390528.000000,51168.000000
1617250949122,6,5816064.000000,64704.000000
1617250949372,6,6340192.000000,135072.000000
1617250949622,6,6231328.000000,17056.000000
1617250949872,6,6495264.000000,34112.000000
1617250950122,6,6195424.000000,37696.000000
1617250950372,6,5277120.000000,580384.000000
1617250950622,6,6425696.000000,0.0
1617250950872,6,5567072.000000,39648.000000
1617250951122,6,5476064.000000,332288.000000
1617250951372,6,6668864.000000,311296.000000
1617250951622,6,5881152.000000,17056.000000
1617250951872,6,6134848.000000,17056.000000
1617250952122,6,6929696.000000,34112.000000
1617250952372,6,5947680.000000,272608.000000
1617250952622,6,6251072.000000,27616.000000
1617250952872,6,6356448.000000,34112.000000
1617250953122,6,5482688.000000,0.0
1617250953372,6,6577408.000000,558048.000000
1617250953622,6,5416384.000000,5536.000000
1617250953872,6,5320224.000000,5536.000000
1617250954122,6,6010976.000000,51168.000000
1617250954372,6,6759968.000000,794208.000000
1617250954622,6,5903072.000000,22592.000000
1617250954872,6,6642240.000000,0.0
1617250955122,6,6302816.000000,68224.000000
1617250955372,6,6474336.000000,788352.000000
1617250955622,6,5607104.000000,17056.000000
1617250955872,6,6369152.000000,17056.000000
1617250956122,6,6358240.000000,12384.000000
1617250956372,6,5583264.000000,347296.000000
1617250956622,6,6358688.000000,11072.000000
1617250956872,6,4492320.000000,0.0
1617250957122,6,4982688.000000,84448.000000
1617250957372,6,5493536.000000,220960.000000
1617250957622,6,5965408.000000,34112.000000
1617250957872,6,5544416.000000,39648.000000
1617250958122,6,4979984.000000,243759.031250
1617250958372,6,6237068.000000,387856.562500
1617250958622,6,6926272.000000,22592.000000
1617250958872,6,5683584.000000,34112.000000
1617250959122,6,5509280.000000,95296.000000
1617250959372,6,5440128.000000,783168.000000
1617250959622,6,5994560.000000,17056.000000
1617250959872,6,5953344.000000,51168.000000
1617250960122,6,6057120.000000,487008.000000
1617250960372,6,6008480.000000,216384.000000
1617250960622,6,6194496.000000,34112.000000
1617250960872,6,6333760.000000,34112.000000
1617250961122,6,4915360.000000,51168.000000
1617250961372,6,5297152.000000,130912.000000
1617250961622,6,4476448.000000,11072.000000
1617250961872,6,5699040.000000,0.0
1617250962122,6,6384672.000000,46080.000000
1617250962372,6,5822176.000000,654752.000000
1617250962622,6,5865248.000000,17056.000000
1617250962872,6,5936960.000000,17056.000000
1617250963122,6,4937888.000000,22592.000000
1617250963372,6,6699744.000000,608160.000000
1617250963622,6,6350016.000000,34112.000000
1617250963872,6,6833760.000000,17056.000000
1617250964122,6,5943264.000000,29440.000000
1617250964372,6,5768361.500000,546267.000000
1617250964622,6,6147872.000000,17056.000000
1617250964872,6,4830336.000000,0.0
1617250965122,6,6031040.000000,28128.000000
1617250965372,6,5306912.000000,228864.000000
1617250965622,6,5066848.000000,34112.000000
1617250965872,6,5801248.000000,34112.000000
1617250966122,6,5480448.000000,51168.000000
1617250966372,6,6685760.000000,146048.000000
1617250966622,6,5025536.000000,17056.000000
1617250966872,6,5623904.000000,51168.000000
1617250967122,6,4804544.000000,68224.000000
1617250967372,6,6323040.000000,442912.000000
1617250967622,6,6125536.000000,11072.000000
1617250967872,6,7032320.000000,34112.000000
1617250968122,6,7230752.000000,63552.000000
1617250968372,6,6677216.000000,977056.000000
1617250968622,6,5384128.000000,42976.000000
1617250968872,6,5996416.000000,22592.000000
1617250969122,6,5670560.000000,346528.000000
1617250969372,6,6323456.000000,350944.000000
1617250969622,6,5894336.000000,68224.000000
1617250969872,6,5872256.000000,17056.000000
1617250970122,6,5059392.000000,34112.000000
1617250970372,6,6680544.000000,615616.000000
1617250970622,6,5145984.000000,5536.000000
1617250970872,6,6094048.000000,0.0
1617250971122,6,6184224.000000,56704.000000
1617250971372,6,6826432.000000,1102592.000000
1617250971622,6,5522240.000000,17056.000000
1617250971872,6,5895360.000000,5536.000000
1617250972122,6,6463072.000000,43040.000000
1617250972372,6,4788768.000000,499680.000000
1617250972622,6,6845152.000000,34112.000000
1617250972872,6,5854016.000000,34112.000000
1617250973122,6,5919456.000000,441888.000000
1617250973372,6,6349920.000000,396544.000000
1617250973622,6,6174272.000000,17056.000000
1617250973872,6,5936832.000000,0.0
1617250974122,6,6082688.000000,51168.000000
1617250974372,6,5734816.000000,652416.000000
1617250974622,6,5442944.000000,0.0
1617250974872,6,6417952.000000,73760.000000
1617250975122,6,6422016.000000,17056.000000
1617250975372,6,5578848.000000,892224.000000
1617250975622,6,5249024.000000,34112.000000
1617250975872,6,4388768.000000,17056.000000
1617250976122,6,5692576.000000,130624.000000
1617250976372,6,6008320.000000,199360.000000
1617250976622,6,4227264.000000,34112.000000
1617250976872,6,5847168.000000,39648.000000
1617250977122,6,6395984.000000,68497.992188
1617250977372,6,6250294.500000,854565.750000
1617250977622,6,5205120.000000,56704.000000
1617250977872,6,5746176.000000,17056.000000
1617250978122,6,5572448.000000,17056.000000
1617250978372,6,4895616.000000,683840.000000
1617250978622,6,6234560.000000,51168.000000
1617250978872,6,4299040.000000,34112.000000
1617250979122,6,5832128.000000,98784.000000
1617250979372,6,5559616.000000,1039584.000000
1617250979622,6,5223296.000000,22592.000000
1617250979872,6,5783488.000000,39648.000000
1617250980122,6,4892640.000000,0.0
1617250980372,6,5954624.000000,614144.000000
1617250980622,6,5850848.000000,34112.000000
1617250980872,6,4524896.000000,17056.000000
1617250981122,6,7114080.000000,17056.000000
1617250981372,6,6391520.000000,598784.000000
1617250981622,6,6845632.000000,0.0
1617250981872,6,6650080.000000,34112.000000
1617250982122,6,4770976.000000,22592.000000
1617250982372,6,6176704.000000,623168.000000
1617250982622,6,5842368.000000,25728.000000
1617250982872,6,6523392.000000,17056.000000
1617250983122,6,5164928.000000,208736.000000
1617250983372,6,5712064.000000,203104.000000
1617250983622,6,6531904.000000,34112.000000
1617250983872,6,5423008.000000,34112.000000
1617250984122,6,5239488.000000,22592.000000
1617250984372,6,6617888.000000,490624.000000
1617250984622,6,5524704.000000,34112.000000
1617250984872,6,5786432.000000,5536.000000
1617250985122,6,6946624.000000,39648.000000
1617250985372,6,4317152.000000,169728.000000
1617250985622,6,5713120.000000,39648.000000
1617250985872,6,6389920.000000,22592.000000
1617250986122,6,5211488.000000,51168.000000
1617250986372,6,5740192.000000,691008.000000
1617250986622,6,5145888.000000,17056.000000
1617250986872,6,5670688.000000,17056.000000
1617250987122,6,6875840.000000,381952.000000
1617250987372,6,6456928.000000,269344.000000
1617250987622,6,6003232.000000,45184.000000
1617250987872,6,5357888.000000,17056.000000
1617250988122,6,6080480.000000,51168.000000
1617250988372,6,5295424.000000,730432.000000
1617250988622,6,5325856.000000,51168.000000
1617250988872,6,5483328.000000,0.0
1617250989122,6,6119424.000000,83808.000000
1617250989372,6,5595456.000000,160864.000000
1617250989622,6,5607232.000000,24416.000000
1617250989872,6,5967904.000000,0.0
1617250990122,6,5812000.000000,34112.000000
1617250990372,6,6847008.000000,501504.000000
1617250990622,6,6391936.000000,34112.000000
1617250990872,6,5456640.000000,22592.000000
1617250991122,6,6202368.000000,17056.000000
1617250991372,6,5616608.000000,596224.000000
1617250991622,6,5165056.000000,17056.000000
1617250991872,6,6372512.000000,17056.000000
1617250992122,6,6214976.000000,361376.000000
1617250992372,6,7350048.000000,716448.000000
1617250992622,6,5842080.000000,28128.000000
1617250992872,6,4740576.000000,34112.000000
1617250993122,6,7366976.000000,68224.000000
1617250993372,6,6789792.000000,1120864.000000
1617250993622,6,5305248.000000,11072.000000
1617250993872,6,5812224.000000,56704.000000
1617250994122,6,4959360.000000,17056.000000
1617250994372,6,5848736.000000,174336.000000
1617250994622,6,5421696.000000,39648.000000
1617250994872,6,6456544.000000,51168.000000
1617250995122,6,5816928.000000,68224.000000
1617250995372,6,7079328.000000,877472.000000
1617250995622,6,6482304.000000,34112.000000
1617250995872,6,5245344.000000,39648.000000
1617250996122,6,5679968.000000,43136.000000
1617250996372,6,6067744.000000,1133056.000000
1617250996622,6,6112384.000000,49344.000000
1617250996873,6,6661039.000000,17056.000000
1617250997122,6,5584834.000000,219020.718750
1617250997372,6,5783552.000000,353536.000000
1617250997622,6,5638688.000000,34112.000000
1617250997872,6,5734304.000000,17056.000000
1617250998122,6,5201344.000000,34112.000000
1617250998372,6,7331072.000000,633984.000000
1617250998622,6,6763232.000000,22592.000000
1617250998872,6,5221760.000000,17056.000000
1617250999122,6,6872608.000000,17056.000000
1617250999372,6,6372832.000000,918720.000000
1617250999622,6,5482880.000000,34112.000000
1617250999872,6,5299808.000000,34112.000000
1617251000122,6,5788576.000000,217888.000000
1617251000372,6,6604992.000000,209504.000000
1617251000622,6,6533408.000000,17056.000000
1617251000872,6,6208704.000000,51168.000000
1617251001122,6,4752672.000000,430848.000000
1617251001372,6,7196883.000000,242602.406250
1617251001622,6,5063745.000000,33976.093750
1617251001872,6,5623904.000000,0.0
1617251002122,6,6121312.000000,39648.000000
1617251002372,6,5519712.000000,642432.000000
1617251002622,6,4765056.000000,34112.000000
1617251002872,6,6332704.000000,0.0
1617251003122,6,5338368.000000,174624.000000
1617251003372,6,5296352.000000,437280.000000
1617251003622,6,7581248.000000,34112.000000
1617251003872,6,5649184.000000,34112.000000
1617251004122,6,6411072.000000,33664.000000
1617251004372,6,6118592.000000,728992.000000
1617251004622,6,5402912.000000,50080.000000
1617251004872,6,5006656.000000,25728.000000
1617251005122,6,4592032.000000,428416.000000
1617251005372,6,6562432.000000,607104.000000
1617251005622,6,6080768.000000,22592.000000
1617251005872,6,5922400.000000,0.0
1617251006122,6,5899040.000000,51168.000000
1617251006372,6,5314048.000000,359232.000000
1617251006622,6,6468416.000000,56704.000000
1617251006872,6,5672224.000000,34112.000000
1617251007122,6,5030912.000000,106432.000000
1617251007372,6,6328544.000000,329824.000000
1617251007622,6,6005696.000000,34112.000000
1617251007872,6,5825856.000000,39648.000000
1617251008122,6,5959104.000000,5536.000000
1617251008372,6,6886368.000000,305536.000000
1617251008622,6,4834688.000000,17056.000000
1617251008872,6,5860320.000000,34112.000000
1617251009122,6,5962688.000000,300992.000000
1617251009372,6,5538688.000000,420992.000000
1617251009622,6,6662048.000000,34112.000000
1617251009872,6,5715872.000000,17056.000000
1617251010122,6,6178048.000000,11072.000000
1617251010372,6,5035008.000000,620544.000000
1617251010622,6,5776672.000000,39648.000000
1617251010872,6,5892896.000000,34112.000000
1617251011122,6,6465248.000000,73664.000000
1617251011372,6,5259136.000000,338304.000000
1617251011622,6,5265920.000000,0.0
1617251011872,6,5722688.000000,34112.000000
1617251012122,6,5675584.000000,51168.000000
1617251012372,6,6261856.000000,682176.000000
1617251012622,6,6786880.000000,20768.000000
1617251012872,6,6407520.000000,5536.000000
1617251013122,6,5610400.000000,22592.000000
1617251013372,6,6077792.000000,626688.000000
1617251013622,6,4728960.000000,17056.000000
1617251013872,6,5805312.000000,17056.000000
1617251014122,6,5683872.000000,73760.000000
1617251014372,6,5345600.000000,410976.000000
1617251014622,6,6369312.000000,17056.000000
1617251014872,6,5178560.000000,34112.000000
1617251015122,6,6211904.000000,73760.000000
1617251015372,6,6248928.000000,575584.000000
1617251015622,6,5617600.000000,0.0
1617251015872,6,5571840.000000,22592.000000
1617251016122,6,6034016.000000,34112.000000
1617251016372,6,6720032.000000,868160.000000
1617251016622,6,5367168.000000,17056.000000
1617251016872,6,5439392.000000,34112.000000
1617251017122,6,4802560.000000,22592.000000
1617251017372,6,5507488.000000,860288.000000
1617251017622,6,5604288.000000,39648.000000
1617251017872,6,6435744.000000,34112.000000
1617251018122,6,5012000.000000,22592.000000
1617251018372,6,6579104.000000,634400.000000
1617251018622,6,5237600.000000,5536.000000
1617251018872,6,6157152.000000,5536.000000
1617251019122,6,6253728.000000,51168.000000
1617251019372,6,6225536.000000,503552.000000
1617251019622,6,5357920.000000,17056.000000
1617251019872,6,6508864.000000,0.0
1617251020122,6,6314144.000000,306176.000000
1617251020372,6,6132256.000000,183264.000000
1617251020622,6,4965760.000000,34112.000000
1617251020872,6,6312704.000000,17056.000000
1617251021122,6,6202016.000000,34112.000000
1617251021372,6,5817728.000000,153984.000000
1617251021622