time,cc,pci,earfcn,rsrp,pl,cfo,dl_mcs,dl_snr,dl_turbo,dl_brate,dl_bler,ul_ta,ul_mcs,ul_buff,ul_brate,ul_bler,rf_o,rf_u,rf_l,is_attached
0,0,0,4294967295,0.0,0.0,0.0,0.0,0.0,0.0,0.0,0.0,0.0,0.0,0.0,0.0,0.0,0.0,0.0,0.0,0.0
249,0,0,3400,0.0,0.0,0.0,0.0,0.0,0.0,0.0,0.0,0.0,0.0,0.0,0.0,0.0,0.0,0.0,0.0,0.0
498,0,0,3400,0.0,0.0,0.0,0.0,0.0,0.0,0.0,0.0,0.0,0.0,0.0,0.0,0.0,0.0,0.0,0.0,0.0
747,0,1,3400,-54,54,195,0.53,18,0.13,583,0,0.0,0.0,0.0,0.0,0.0,0.0,0.0,0.0,0.0
996,0,1,3400,-54,54,171,3.1,19,0.35,2336.000000,0,0.0,0.0,33,224,0,0.0,0.0,0.0,1.0
1245,0,1,3400,-54,54,177,6.5,19,0.50,0.0,0.0,1.0,0.0,33,0.0,0.0,0.0,0.0,0.0,1.0
1494,0,1,3400,-54,54,177,3.5,19,0.50,5312.000000,0,1.0,9.6,0.0,94496.000000,0,0.0,0.0,0.0,1.0
1743,0,1,3400,-54,54,178,5.2,19,0.50,6144.000000,0,2.1,12,2.0,38656.000000,0,0.0,0.0,0.0,1.0
1992,0,1,3400,-54,54,176,9.0,19,0.50,0.0,0.0,2.1,12,0.0,18080.000000,0,0.0,0.0,0.0,1.0
2241,0,1,3400,-54,54,170,9.0,19,0.50,0.0,0.0,2.1,12,0.0,0.0,0.0,0.0,0.0,0.0,1.0
2490,0,1,3400,-54,54,174,9.0,19,0.50,0.0,0.0,2.1,12,0.0,0.0,0.0,0.0,0.0,0.0,1.0
2739,0,1,3400,-54,54,173,9.0,19,0.50,0.0,0.0,2.1,12,0.0,0.0,0.0,0.0,0.0,0.0,1.0
2989,0,1,3400,-54,54,171,9.0,19,0.50,0.0,0.0,2.1,12,0.0,0.0,0.0,0.0,0.0,0.0,1.0
3238,0,1,3400,-54,54,174,9.0,19,0.50,0.0,0.0,2.1,12,0.0,0.0,0.0,0.0,0.0,0.0,1.0
3487,0,1,3400,-54,54,171,9.0,19,0.50,0.0,0.0,2.1,12,0.0,0.0,0.0,0.0,0.0,0.0,1.0
3736,0,1,3400,-54,54,169,9.0,19,0.50,0.0,0.0,2.1,12,0.0,0.0,0.0,0.0,0.0,0.0,1.0
3985,0,1,3400,-54,54,169,9.0,19,0.50,0.0,0.0,2.1,12,0.0,0.0,0.0,0.0,0.0,0.0,1.0
4234,0,1,3400,-54,54,174,9.0,19,0.50,0.0,0.0,2.1,12,0.0,0.0,0.0,0.0,0.0,0.0,1.0
4483,0,1,3400,-54,54,173,9.0,19,0.50,0.0,0.0,2.1,12,0.0,0.0,0.0,0.0,0.0,0.0,1.0
4732,0,1,3400,-54,54,173,9.0,19,0.50,0.0,0.0,2.1,12,0.0,0.0,0.0,0.0,0.0,0.0,1.0
4981,0,1,3400,-54,54,176,9.0,19,0.50,0.0,0.0,2.1,12,0.0,0.0,0.0,0.0,0.0,0.0,1.0
5230,0,1,3400,-54,54,175,9.0,19,0.50,0.0,0.0,2.1,12,0.0,0.0,0.0,0.0,0.0,0.0,1.0
5479,0,1,3400,-54,54,168,9.0,19,0.50,0.0,0.0,2.1,12,0.0,0.0,0.0,0.0,0.0,0.0,1.0
5728,0,1,3400,-54,54,170,9.0,19,0.50,0.0,0.0,2.1,12,0.0,0.0,0.0,0.0,0.0,0.0,1.0
5977,0,1,3400,-54,54,172,9.0,19,0.50,0.0,0.0,2.1,12,0.0,0.0,0.0,0.0,0.0,0.0,1.0
6226,0,1,3400,-54,54,168,9.0,19,0.50,0.0,0.0,2.1,12,0.0,0.0,0.0,0.0,0.0,0.0,1.0
6475,0,1,3400,-54,54,172,9.0,19,0.50,0.0,0.0,2.1,12,0.0,0.0,0.0,0.0,0.0,0.0,1.0
6724,0,1,3400,-54,54,168,9.0,19,0.50,0.0,0.0,2.1,12,0.0,0.0,0.0,0.0,0.0,0.0,1.0
6973,0,1,3400,-54,54,173,9.0,19,0.50,0.0,0.0,2.1,12,0.0,0.0,0.0,0.0,0.0,0.0,1.0
7222,0,1,3400,-54,54,173,9.0,19,0.50,0.0,0.0,2.1,12,0.0,0.0,0.0,0.0,0.0,0.0,1.0
7471,0,1,3400,-54,54,174,9.0,19,0.50,0.0,0.0,2.1,12,0.0,0.0,0.0,0.0,0.0,0.0,1.0
7720,0,1,3400,-54,54,178,9.0,19,0.50,0.0,0.0,2.1,12,0.0,0.0,0.0,0.0,0.0,0.0,1.0
7969,0,1,3400,-54,54,175,9.0,19,0.50,0.0,0.0,2.1,12,0.0,0.0,0.0,0.0,0.0,0.0,1.0
8218,0,1,3400,-54,54,175,9.0,19,0.50,0.0,0.0,2.1,12,0.0,0.0,0.0,0.0,0.0,0.0,1.0
8467,0,1,3400,-54,54,173,9.0,19,0.50,0.0,0.0,2.1,12,0.0,0.0,0.0,0.0,0.0,0.0,1.0
8716,0,1,3400,-54,54,176,9.0,19,0.50,0.0,0.0,2.1,12,0.0,0.0,0.0,0.0,0.0,0.0,1.0
8965,0,1,3400,-54,54,177,9.0,19,0.50,0.0,0.0,2.1,12,0.0,0.0,0.0,0.0,0.0,0.0,1.0
9214,0,1,3400,-54,54,173,8.9,19,0.50,0.0,0.0,2.1,11,0.0,0.0,0.0,0.0,1.0,2.0,1.0
9463,0,1,3400,-54,54,173,9.0,19,0.50,0.0,0.0,2.1,12,0.0,0.0,0.0,0.0,0.0,0.0,1.0
9712,0,1,3400,-54,54,177,9.0,19,0.50,0.0,0.0,2.1,12,0.0,0.0,0.0,0.0,0.0,0.0,1.0
9961,0,1,3400,-54,54,172,9.0,19,0.50,0.0,0.0,2.1,12,0.0,0.0,0.0,0.0,0.0,0.0,1.0
10210,0,1,3400,-54,54,167,9.0,19,0.50,0.0,0.0,2.1,12,0.0,0.0,0.0,0.0,0.0,0.0,1.0
10459,0,1,3400,-54,54,167,9.0,19,0.50,0.0,0.0,2.1,12,0.0,0.0,0.0,0.0,0.0,0.0,1.0
10708,0,1,3400,-54,54,172,9.0,19,0.50,0.0,0.0,2.1,12,0.0,0.0,0.0,0.0,0.0,0.0,1.0
10957,0,1,3400,-54,54,178,9.0,19,0.50,0.0,0.0,2.1,12,0.0,0.0,0.0,0.0,0.0,0.0,1.0
11206,0,1,3400,-54,54,176,9.0,19,0.50,0.0,0.0,2.1,12,0.0,0.0,0.0,0.0,0.0,0.0,1.0
11455,0,1,3400,-54,54,176,9.0,19,0.50,0.0,0.0,2.1,12,0.0,0.0,0.0,0.0,0.0,0.0,1.0
11704,0,1,3400,-54,54,176,9.0,19,0.50,0.0,0.0,2.1,12,0.0,0.0,0.0,0.0,0.0,0.0,1.0
11953,0,1,3400,-54,54,176,9.0,19,0.50,0.0,0.0,2.1,12,0.0,0.0,0.0,0.0,0.0,0.0,1.0
12202,0,1,3400,-54,54,172,8.9,19,0.50,0.0,0.0,2.1,11,0.0,0.0,0.0,0.0,1.0,7.0,1.0
12451,0,1,3400,-54,54,175,9.0,19,0.50,0.0,0.0,2.1,12,0.0,0.0,0.0,0.0,0.0,0.0,1.0
12700,0,1,3400,-54,54,176,9.0,19,0.50,0.0,0.0,2.1,12,0.0,0.0,0.0,0.0,0.0,0.0,1.0
12949,0,1,3400,-54,54,171,9.0,19,0.50,0.0,0.0,2.1,12,0.0,0.0,0.0,0.0,0.0,0.0,1.0
13198,0,1,3400,-54,54,170,9.0,19,0.50,0.0,0.0,2.1,12,0.0,0.0,0.0,0.0,0.0,0.0,1.0
13447,0,1,3400,-54,54,175,9.0,19,0.50,0.0,0.0,2.1,12,0.0,0.0,0.0,0.0,0.0,0.0,1.0
13696,0,1,3400,-54,54,175,9.0,19,0.50,0.0,0.0,2.1,12,0.0,0.0,0.0,0.0,0.0,0.0,1.0
13945,0,1,3400,-54,54,177,9.0,19,0.50,0.0,0.0,2.1,12,0.0,0.0,0.0,0.0,0.0,0.0,1.0
14194,0,1,3400,-54,54,175,9.0,19,0.50,0.0,0.0,2.1,12,0.0,0.0,0.0,0.0,0.0,0.0,1.0
14443,0,1,3400,-54,54,174,9.0,19,0.50,0.0,0.0,2.1,12,0.0,0.0,0.0,0.0,0.0,0.0,1.0
14692,0,1,3400,-54,54,172,9.0,18,0.50,0.0,0.0,2.1,12,0.0,0.0,0.0,0.0,0.0,0.0,1.0
14941,0,1,3400,-54,54,168,9.0,19,0.50,0.0,0.0,2.1,11,0.0,0.0,0.0,0.0,0.0,0.0,1.0
15190,0,1,3400,-54,54,167,9.0,19,0.50,0.0,0.0,2.1,12,0.0,0.0,0.0,0.0,0.0,0.0,1.0
15439,0,1,3400,-54,54,173,9.0,19,0.50,0.0,0.0,2.1,12,0.0,0.0,0.0,0.0,0.0,0.0,1.0
15688,0,1,3400,-54,54,172,9.0,19,0.50,0.0,0.0,2.1,12,0.0,0.0,0.0,0.0,0.0,0.0,1.0
15937,0,1,3400,-54,54,169,9.0,19,0.50,0.0,0.0,2.1,12,0.0,0.0,0.0,0.0,0.0,0.0,1.0
16186,0,1,3400,-54,54,175,9.0,19,0.50,0.0,0.0,2.1,12,0.0,0.0,0.0,0.0,0.0,0.0,1.0
16435,0,1,3400,-54,54,181,9.0,19,0.50,0.0,0.0,2.1,12,0.0,0.0,0.0,0.0,0.0,0.0,1.0
16684,0,1,3400,-54,54,181,9.0,19,0.50,0.0,0.0,2.1,12,0.0,0.0,0.0,0.0,0.0,0.0,1.0
16933,0,1,3400,-54,54,179,9.0,19,0.50,0.0,0.0,2.1,12,0.0,0.0,0.0,0.0,0.0,0.0,1.0
17182,0,1,3400,-54,54,175,9.0,19,0.50,0.0,0.0,2.1,12,0.0,0.0,0.0,0.0,0.0,0.0,1.0
17431,0,1,3400,-54,54,176,9.0,19,0.50,0.0,0.0,2.1,12,0.0,0.0,0.0,0.0,0.0,0.0,1.0
17680,0,1,3400,-54,54,173,9.0,19,0.50,0.0,0.0,2.1,11,0.0,0.0,0.0,0.0,0.0,0.0,1.0
17929,0,1,3400,-54,54,175,9.0,19,0.50,0.0,0.0,2.1,12,0.0,0.0,0.0,0.0,0.0,0.0,1.0
18178,0,1,3400,-54,54,180,9.0,18,0.50,0.0,0.0,2.1,12,0.0,0.0,0.0,0.0,0.0,0.0,1.0
18427,0,1,3400,-54,54,175,9.0,19,0.50,0.0,0.0,2.1,12,0.0,0.0,0.0,0.0,0.0,0.0,1.0
18676,0,1,3400,-54,54,170,9.0,19,0.50,0.0,0.0,2.1,12,0.0,0.0,0.0,0.0,0.0,0.0,1.0
18925,0,1,3400,-54,54,175,9.0,19,0.50,0.0,0.0,2.1,12,0.0,0.0,0.0,0.0,0.0,0.0,1.0
19174,0,1,3400,-54,54,170,9.0,19,0.50,0.0,0.0,2.1,12,0.0,0.0,0.0,0.0,0.0,0.0,1.0
19423,0,1,3400,-54,54,171,9.0,19,0.50,0.0,0.0,2.1,12,0.0,0.0,0.0,0.0,0.0,0.0,1.0
19672,0,1,3400,-54,54,172,9.0,19,0.50,0.0,0.0,2.1,12,0.0,0.0,0.0,0.0,0.0,0.0,1.0
19921,0,1,3400,-54,54,173,9.0,19,0.50,0.0,0.0,2.1,12,0.0,0.0,0.0,0.0,0.0,0.0,1.0
20170,0,1,3400,-54,54,173,9.0,19,0.50,0.0,0.0,2.1,12,0.0,0.0,0.0,0.0,0.0,0.0,1.0
20419,0,1,3400,-54,54,176,9.0,19,0.50,0.0,0.0,2.1,12,0.0,0.0,0.0,0.0,0.0,0.0,1.0
20668,0,1,3400,-54,54,175,9.0,19,0.50,0.0,0.0,2.1,12,0.0,0.0,0.0,0.0,0.0,0.0,1.0
20917,0,1,3400,-54,54,170,9.0,19,0.50,0.0,0.0,2.1,12,0.0,0.0,0.0,0.0,0.0,0.0,1.0
21166,0,1,3400,-54,54,178,9.0,18,0.50,0.0,0.0,2.1,12,0.0,0.0,0.0,0.0,0.0,0.0,1.0
21415,0,1,3400,-54,54,173,9.0,19,0.50,0.0,0.0,2.1,12,0.0,0.0,0.0,0.0,0.0,0.0,1.0
21664,0,1,3400,-54,54,172,9.0,19,0.50,0.0,0.0,2.1,12,0.0,0.0,0.0,0.0,0.0,0.0,1.0
21913,0,1,3400,-54,54,174,9.0,19,0.50,0.0,0.0,2.1,12,0.0,0.0,0.0,0.0,0.0,0.0,1.0
22162,0,1,3400,-54,54,170,9.0,19,0.50,0.0,0.0,2.1,12,0.0,0.0,0.0,0.0,0.0,0.0,1.0
22411,0,1,3400,-54,54,169,9.0,19,0.50,0.0,0.0,2.1,12,0.0,0.0,0.0,0.0,0.0,0.0,1.0
22660,0,1,3400,-54,54,172,9.0,19,0.50,0.0,0.0,2.1,12,0.0,0.0,0.0,0.0,0.0,0.0,1.0
22909,0,1,3400,-54,54,178,9.0,19,0.50,0.0,0.0,2.1,12,0.0,0.0,0.0,0.0,0.0,0.0,1.0
23158,0,1,3400,-54,54,173,9.0,19,0.50,0.0,0.0,2.1,12,0.0,17056.000000,0,0.0,0.0,0.0,1.0
23407,0,1,3400,-54,54,175,9.0,19,0.50,0.0,0.0,2.1,11,0.0,0.0,0.0,0.0,0.0,0.0,1.0
23656,0,1,3400,-54,54,178,9.0,19,0.50,0.0,0.0,2.1,12,0.0,0.0,0.0,0.0,0.0,0.0,1.0
23905,0,1,3400,-54,54,175,9.0,19,0.50,0.0,0.0,2.1,12,0.0,0.0,0.0,0.0,0.0,0.0,1.0
24154,0,1,3400,-54,54,174,9.0,19,0.50,0.0,0.0,2.1,12,0.0,0.0,0.0,0.0,0.0,0.0,1.0
24403,0,1,3400,-54,54,177,9.0,19,0.50,0.0,0.0,2.1,12,0.0,0.0,0.0,0.0,0.0,0.0,1.0
24652,0,1,3400,-54,54,174,9.0,19,0.50,0.0,0.0,2.1,12,0.0,0.0,0.0,0.0,0.0,0.0,1.0
24901,0,1,3400,-54,54,173,9.0,19,0.50,0.0,0.0,2.1,12,0.0,0.0,0.0,0.0,0.0,0.0,1.0
25150,0,1,3400,-54,54,176,9.0,19,0.50,0.0,0.0,2.1,12,0.0,0.0,0.0,0.0,0.0,0.0,1.0
25399,0,1,3400,-54,54,172,9.0,19,0.50,0.0,0.0,2.1,12,0.0,0.0,0.0,0.0,0.0,0.0,1.0
25648,0,1,3400,-54,54,173,9.0,19,0.50,0.0,0.0,2.1,12,0.0,0.0,0.0,0.0,0.0,0.0,1.0
25897,0,1,3400,-54,54,175,9.0,19,0.50,0.0,0.0,2.1,12,0.0,0.0,0.0,0.0,0.0,0.0,1.0
26146,0,1,3400,-54,54,172,9.0,19,0.50,0.0,0.0,2.1,12,0.0,0.0,0.0,0.0,0.0,0.0,1.0
26395,0,1,3400,-54,54,175,9.0,19,0.50,0.0,0.0,2.1,11,0.0,0.0,0.0,0.0,0.0,0.0,1.0
26644,0,1,3400,-54,54,173,9.0,19,0.50,0.0,0.0,2.1,12,0.0,0.0,0.0,0.0,0.0,0.0,1.0
26893,0,1,3400,-54,54,172,9.0,19,0.50,0.0,0.0,2.1,12,0.0,0.0,0.0,0.0,0.0,0.0,1.0
27142,0,1,3400,-54,54,175,9.0,19,0.50,0.0,0.0,2.1,12,0.0,0.0,0.0,0.0,0.0,0.0,1.0
27391,0,1,3400,-54,54,177,9.0,19,0.50,0.0,0.0,2.1,12,0.0,0.0,0.0,0.0,0.0,0.0,1.0
27640,0,1,3400,-54,54,176,9.0,19,0.50,0.0,0.0,2.1,12,0.0,0.0,0.0,0.0,0.0,0.0,1.0
27889,0,1,3400,-54,54,175,9.0,19,0.50,0.0,0.0,2.1,12,0.0,0.0,0.0,0.0,0.0,0.0,1.0
28138,0,1,3400,-54,54,172,9.0,19,0.50,0.0,0.0,2.1,12,0.0,0.0,0.0,0.0,0.0,0.0,1.0
28387,0,1,3400,-54,54,174,9.0,19,0.50,0.0,0.0,2.1,12,0.0,0.0,0.0,0.0,0.0,0.0,1.0
28636,0,1,3400,-54,54,170,9.0,19,0.50,0.0,0.0,2.1,12,0.0,0.0,0.0,0.0,0.0,0.0,1.0
28885,0,1,3400,-54,54,171,9.0,19,0.50,0.0,0.0,2.1,12,0.0,0.0,0.0,0.0,0.0,0.0,1.0
29134,0,1,3400,-54,54,172,9.0,19,0.50,0.0,0.0,2.1,12,0.0,0.0,0.0,0.0,0.0,0.0,1.0
29383,0,1,3400,-54,54,167,9.0,19,0.50,0.0,0.0,2.1,12,0.0,0.0,0.0,0.0,0.0,0.0,1.0
29632,0,1,3400,-54,54,170,9.0,19,0.50,0.0,0.0,2.1,11,0.0,0.0,0.0,0.0,0.0,0.0,1.0
29881,0,1,3400,-54,54,177,9.0,19,0.50,0.0,0.0,2.1,12,0.0,0.0,0.0,0.0,0.0,0.0,1.0
30130,0,1,3400,-54,54,175,9.0,19,0.50,0.0,0.0,2.1,12,0.0,0.0,0.0,0.0,0.0,0.0,1.0
30379,0,1,3400,-54,54,174,9.0,19,0.50,0.0,0.0,2.1,12,0.0,0.0,0.0,0.0,0.0,0.0,1.0
30628,0,1,3400,-54,54,173,9.0,19,0.50,0.0,0.0,2.1,12,0.0,0.0,0.0,0.0,0.0,0.0,1.0
30877,0,1,3400,-54,54,178,9.0,19,0.50,0.0,0.0,2.1,12,0.0,0.0,0.0,0.0,0.0,0.0,1.0
31126,0,1,3400,-54,54,178,9.0,19,0.50,0.0,0.0,2.1,12,0.0,0.0,0.0,0.0,0.0,0.0,1.0
31375,0,1,3400,-54,54,178,9.0,19,0.50,0.0,0.0,2.1,12,0.0,0.0,0.0,0.0,0.0,0.0,1.0
31624,0,1,3400,-54,54,175,9.0,19,0.50,0.0,0.0,2.1,12,0.0,0.0,0.0,0.0,0.0,0.0,1.0
31873,0,1,3400,-54,54,171,9.0,19,0.50,0.0,0.0,2.1,12,0.0,0.0,0.0,0.0,0.0,0.0,1.0
32122,0,1,3400,-54,54,172,9.0,19,0.50,0.0,0.0,2.1,12,0.0,0.0,0.0,0.0,0.0,0.0,1.0
32371,0,1,3400,-54,54,174,9.0,19,0.50,0.0,0.0,2.1,12,0.0,0.0,0.0,0.0,0.0,0.0,1.0
32620,0,1,3400,-54,54,179,9.0,19,0.50,0.0,0.0,2.1,11,0.0,0.0,0.0,0.0,0.0,0.0,1.0
32869,0,1,3400,-54,54,174,9.0,19,0.50,0.0,0.0,2.1,12,0.0,0.0,0.0,0.0,0.0,0.0,1.0
33118,0,1,3400,-54,54,169,9.0,19,0.50,0.0,0.0,2.1,12,0.0,0.0,0.0,0.0,0.0,0.0,1.0
33367,0,1,3400,-54,54,176,9.0,19,0.50,0.0,0.0,2.1,12,0.0,0.0,0.0,0.0,0.0,0.0,1.0
33616,0,1,3400,-54,54,177,9.0,19,0.50,0.0,0.0,2.1,12,0.0,0.0,0.0,0.0,0.0,0.0,1.0
33865,0,1,3400,-54,54,178,9.0,19,0.50,0.0,0.0,2.1,12,0.0,0.0,0.0,0.0,0.0,0.0,1.0
34114,0,1,3400,-54,54,173,9.0,19,0.50,0.0,0.0,2.1,12,0.0,0.0,0.0,0.0,0.0,0.0,1.0
34363,0,1,3400,-54,54,176,9.0,19,0.50,0.0,0.0,2.1,12,0.0,0.0,0.0,0.0,0.0,0.0,1.0
34612,0,1,3400,-54,54,174,9.0,19,0.50,0.0,0.0,2.1,12,0.0,0.0,0.0,0.0,0.0,0.0,1.0
34861,0,1,3400,-54,54,168,9.0,19,0.50,0.0,0.0,2.1,12,0.0,0.0,0.0,0.0,0.0,0.0,1.0
35110,0,1,3400,-54,54,172,9.0,19,0.50,0.0,0.0,2.1,12,0.0,0.0,0.0,0.0,0.0,0.0,1.0
35359,0,1,3400,-54,54,173,9.0,19,0.50,0.0,0.0,2.1,12,0.0,0.0,0.0,0.0,0.0,0.0,1.0
35608,0,1,3400,-54,54,174,9.0,19,0.50,0.0,0.0,2.1,12,0.0,0.0,0.0,0.0,0.0,0.0,1.0
35857,0,1,3400,-54,54,178,9.0,19,0.50,0.0,0.0,2.1,12,0.0,0.0,0.0,0.0,0.0,0.0,1.0
36106,0,1,3400,-54,54,170,9.0,19,0.50,0.0,0.0,2.1,12,0.0,0.0,0.0,0.0,0.0,0.0,1.0
36355,0,1,3400,-54,54,168,9.0,19,0.50,0.0,0.0,2.1,12,0.0,0.0,0.0,0.0,0.0,0.0,1.0
36604,0,1,3400,-54,54,170,9.0,19,0.50,0.0,0.0,2.1,12,0.0,0.0,0.0,0.0,0.0,0.0,1.0
36853,0,1,3400,-54,54,175,9.0,19,0.50,0.0,0.0,2.1,12,0.0,0.0,0.0,0.0,0.0,0.0,1.0
37102,0,1,3400,-54,54,173,9.0,19,0.50,0.0,0.0,2.1,12,0.0,0.0,0.0,0.0,0.0,0.0,1.0
37351,0,1,3400,-54,54,169,9.0,19,0.50,0.0,0.0,2.1,12,0.0,0.0,0.0,0.0,0.0,0.0,1.0
37600,0,1,3400,-54,54,173,9.0,19,0.50,0.0,0.0,2.1,12,0.0,0.0,0.0,0.0,0.0,0.0,1.0
37849,0,1,3400,-54,54,180,9.0,19,0.50,0.0,0.0,2.1,12,0.0,0.0,0.0,0.0,0.0,0.0,1.0
38098,0,1,3400,-54,54,174,9.0,19,0.50,0.0,0.0,2.1,11,0.0,0.0,0.0,0.0,0.0,0.0,1.0
38347,0,1,3400,-54,54,170,9.0,19,0.50,0.0,0.0,2.1,12,0.0,0.0,0.0,0.0,0.0,0.0,1.0
38596,0,1,3400,-54,54,170,9.0,19,0.50,0.0,0.0,2.1,12,0.0,0.0,0.0,0.0,0.0,0.0,1.0
38845,0,1,3400,-54,54,169,9.0,19,0.50,0.0,0.0,2.1,12,0.0,0.0,0.0,0.0,0.0,0.0,1.0
39094,0,1,3400,-54,54,176,9.0,19,0.50,0.0,0.0,2.1,12,0.0,0.0,0.0,0.0,0.0,0.0,1.0
39343,0,1,3400,-54,54,176,9.0,19,0.50,0.0,0.0,2.1,12,0.0,0.0,0.0,0.0,0.0,0.0,1.0
39592,0,1,3400,-54,54,169,9.0,19,0.50,0.0,0.0,2.1,12,0.0,0.0,0.0,0.0,0.0,0.0,1.0
39841,0,1,3400,-54,54,175,9.0,18,0.50,0.0,0.0,2.1,12,0.0,0.0,0.0,0.0,0.0,0.0,1.0
40090,0,1,3400,-54,54,178,9.0,19,0.50,0.0,0.0,2.1,12,0.0,0.0,0.0,0.0,0.0,0.0,1.0
40339,0,1,3400,-54,54,177,9.0,19,0.50,0.0,0.0,2.1,12,0.0,0.0,0.0,0.0,0.0,0.0,1.0
40588,0,1,3400,-54,54,177,9.0,19,0.50,0.0,0.0,2.1,12,0.0,0.0,0.0,0.0,0.0,0.0,1.0
40837,0,1,3400,-54,54,179,9.0,19,0.50,0.0,0.0,2.1,12,0.0,0.0,0.0,0.0,0.0,0.0,1.0
41086,0,1,3400,-54,54,177,9.0,19,0.50,0.0,0.0,2.1,12,0.0,0.0,0.0,0.0,0.0,0.0,1.0
41335,0,1,3400,-54,54,172,9.0,19,0.50,0.0,0.0,2.1,12,0.0,0.0,0.0,0.0,0.0,0.0,1.0
41584,0,1,3400,-54,54,175,9.0,19,0.50,0.0,0.0,2.1,12,0.0,0.0,0.0,0.0,0.0,0.0,1.0
41833,0,1,3400,-54,54,177,9.0,19,0.50,0.0,0.0,2.1,12,0.0,0.0,0.0,0.0,0.0,0.0,1.0
42082,0,1,3400,-54,54,178,9.0,19,0.50,0.0,0.0,2.1,12,0.0,0.0,0.0,0.0,0.0,0.0,1.0
42331,0,1,3400,-54,54,175,9.0,19,0.50,0.0,0.0,2.1,12,0.0,0.0,0.0,0.0,0.0,0.0,1.0
42580,0,1,3400,-54,54,172,9.0,19,0.50,0.0,0.0,2.1,12,0.0,0.0,0.0,0.0,0.0,0.0,1.0
42829,0,1,3400,-54,54,173,9.0,19,0.50,0.0,0.0,2.1,12,0.0,0.0,0.0,0.0,0.0,0.0,1.0
43078,0,1,3400,-54,54,175,9.0,19,0.50,0.0,0.0,2.1,12,0.0,0.0,0.0,0.0,0.0,0.0,1.0
43327,0,1,3400,-54,54,174,9.0,19,0.50,0.0,0.0,2.1,12,0.0,0.0,0.0,0.0,0.0,0.0,1.0
43576,0,1,3400,-54,54,177,9.0,19,0.50,0.0,0.0,2.1,12,0.0,0.0,0.0,0.0,0.0,0.0,1.0
43825,0,1,3400,-54,54,170,9.0,19,0.50,0.0,0.0,2.1,12,0.0,0.0,0.0,0.0,0.0,0.0,1.0
44074,0,1,3400,-54,54,171,9.0,19,0.50,0.0,0.0,2.1,11,0.0,0.0,0.0,0.0,0.0,0.0,1.0
44323,0,1,3400,-54,54,175,9.0,19,0.50,0.0,0.0,2.1,12,0.0,0.0,0.0,0.0,0.0,0.0,1.0
44572,0,1,3400,-54,54,173,9.0,19,0.50,0.0,0.0,2.1,12,0.0,0.0,0.0,0.0,0.0,0.0,1.0
44821,0,1,3400,-54,54,173,9.0,18,0.50,0.0,0.0,2.1,12,0.0,0.0,0.0,0.0,0.0,0.0,1.0
45070,0,1,3400,-54,54,179,9.0,19,0.50,0.0,0.0,2.1,12,0.0,0.0,0.0,0.0,0.0,0.0,1.0
45319,0,1,3400,-54,54,175,9.0,19,0.50,0.0,0.0,2.1,12,0.0,0.0,0.0,0.0,0.0,0.0,1.0
45568,0,1,3400,-54,54,176,9.0,19,0.50,0.0,0.0,2.1,12,0.0,0.0,0.0,0.0,0.0,0.0,1.0
45817,0,1,3400,-54,54,172,9.0,19,0.50,0.0,0.0,2.1,12,0.0,0.0,0.0,0.0,0.0,0.0,1.0
46066,0,1,3400,-54,54,169,9.0,19,0.50,0.0,0.0,2.1,12,0.0,0.0,0.0,0.0,0.0,0.0,1.0
46315,0,1,3400,-54,54,169,9.0,19,0.50,0.0,0.0,2.1,12,0.0,0.0,0.0,0.0,0.0,0.0,1.0
46564,0,1,3400,-54,54,172,9.0,19,0.50,0.0,0.0,2.1,12,0.0,0.0,0.0,0.0,0.0,0.0,1.0
46813,0,1,3400,-54,54,174,9.0,19,0.50,0.0,0.0,2.1,12,0.0,0.0,0.0,0.0,0.0,0.0,1.0
47062,0,1,3400,-54,54,175,9.0,19,0.50,0.0,0.0,2.1,12,0.0,0.0,0.0,0.0,0.0,0.0,1.0
47311,0,1,3400,-54,54,178,9.0,19,0.50,0.0,0.0,2.1,12,0.0,0.0,0.0,0.0,0.0,0.0,1.0
47560,0,1,3400,-54,54,174,9.0,19,0.50,0.0,0.0,2.1,12,0.0,0.0,0.0,0.0,0.0,0.0,1.0
47809,0,1,3400,-54,54,172,9.0,19,0.50,0.0,0.0,2.1,12,0.0,0.0,0.0,0.0,0.0,0.0,1.0
48058,0,1,3400,-54,54,174,9.0,19,0.50,0.0,0.0,2.1,12,0.0,0.0,0.0,0.0,0.0,0.0,1.0
48307,0,1,3400,-54,54,178,9.0,18,0.50,0.0,0.0,2.1,12,0.0,0.0,0.0,0.0,0.0,0.0,1.0
48556,0,1,3400,-54,54,173,9.0,19,0.50,0.0,0.0,2.1,12,0.0,0.0,0.0,0.0,0.0,0.0,1.0
48805,0,1,3400,-54,54,172,9.0,19,0.50,0.0,0.0,2.1,12,0.0,0.0,0.0,0.0,0.0,0.0,1.0
49054,0,1,3400,-54,54,177,9.0,19,0.50,0.0,0.0,2.1,12,0.0,0.0,0.0,0.0,0.0,0.0,1.0
49303,0,1,3400,-54,54,174,9.0,19,0.50,0.0,0.0,2.1,12,0.0,0.0,0.0,0.0,0.0,0.0,1.0
49552,0,1,3400,-54,54,172,9.0,19,0.50,0.0,0.0,2.1,12,0.0,0.0,0.0,0.0,0.0,0.0,1.0
49801,0,1,3400,-54,54,174,9.0,19,0.50,0.0,0.0,2.1,12,0.0,0.0,0.0,0.0,0.0,0.0,1.0
50050,0,1,3400,-54,54,175,9.0,19,0.50,0.0,0.0,2.1,11,0.0,0.0,0.0,0.0,0.0,0.0,1.0
50299,0,1,3400,-54,54,171,9.0,19,0.50,0.0,0.0,2.1,12,0.0,0.0,0.0,0.0,0.0,0.0,1.0
50548,0,1,3400,-54,54,173,9.0,19,0.50,0.0,0.0,2.1,12,0.0,0.0,0.0,0.0,0.0,0.0,1.0
50797,0,1,3400,-54,54,167,9.0,19,0.50,0.0,0.0,2.1,12,0.0,0.0,0.0,0.0,0.0,0.0,1.0
51046,0,1,3400,-54,54,170,9.0,19,0.50,0.0,0.0,2.1,12,0.0,0.0,0.0,0.0,0.0,0.0,1.0
51295,0,1,3400,-54,54,174,9.0,19,0.50,0.0,0.0,2.1,12,0.0,0.0,0.0,0.0,0.0,0.0,1.0
51544,0,1,3400,-54,54,176,9.0,19,0.50,0.0,0.0,2.1,12,0.0,0.0,0.0,0.0,0.0,0.0,1.0
51793,0,1,3400,-54,54,174,9.0,19,0.50,0.0,0.0,2.1,12,0.0,0.0,0.0,0.0,0.0,0.0,1.0
52042,0,1,3400,-54,54,175,17,19,0.50,2412960.000000,0,2.1,15,0.0,204160.000000,52,0.0,0.0,0.0,1.0
52291,0,1,3400,-54,54,172,18,18,0.50,2868000.000000,0,2.1,16,0.0,0.0,0.0,0.0,0.0,0.0,1.0
52540,0,1,3400,-54,54,165,17,18,0.50,2767648.000000,0,2.1,12,0.0,5536.000000,0,0.0,0.0,0.0,1.0
52789,0,1,3400,-54,54,169,18,18,0.57,2784736.000000,2,2.1,8.0,0.0,0.0,0.0,0.0,0.0,0.0,1.0
53038,0,1,3400,-54,54,172,17,18,0.51,2665600.000000,0,2.1,1.9,0.0,41728.000000,19,0.0,0.0,0.0,1.0
53287,0,1,3400,-54,54,174,17,18,0.51,2747872.000000,0,2.1,0.0,0.0,0.0,0.0,0.0,0.0,0.0,1.0
53536,0,1,3400,-54,54,170,17,18,0.51,2725654.500000,0.4,2.1,0.0,0.0,0.0,0.0,0.0,0.0,0.0,1.0
53785,0,1,3400,-54,54,176,17,18,0.52,2714741.000000,0.4,2.1,0.0,0.0,0.0,0.0,0.0,0.0,0.0,1.0
54034,0,1,3400,-54,54,173,16,18,0.52,2588832.000000,0.4,2.1,0.0,0.0,41728.000000,0,0.0,0.0,0.0,1.0
54283,0,1,3400,-54,54,167,15,18,0.53,2321440.000000,0,2.1,0.0,0.0,0.0,0.0,0.0,0.0,0.0,1.0
54532,0,1,3400,-54,54,171,18,18,0.51,2842752.000000,0,2.1,0.0,0.0,0.0,0.0,0.0,0.0,0.0,1.0
54781,0,1,3400,-54,54,169,17,18,0.51,2795232.000000,0,2.1,0.0,0.0,0.0,0.0,0.0,0.0,0.0,1.0
55030,0,1,3400,-54,54,167,15,18,0.50,2443456.000000,0,2.1,4.6,0.0,69664.000000,22,0.0,0.0,0.0,1.0
55279,0,1,3400,-54,54,171,14,18,0.51,2306184.750000,0,2.1,6.0,0.0,0.0,0.0,0.0,0.0,0.0,1.0
55528,0,1,3400,-54,54,175,16,18,0.50,2557248.000000,0,2.1,6.0,0.0,5536.000000,0,0.0,0.0,0.0,1.0
55777,0,1,3400,-54,54,170,18,19,0.51,2846176.000000,0,2.1,6.0,0.0,0.0,0.0,0.0,0.0,0.0,1.0
56026,0,1,3400,-54,54,168,17,18,0.51,2754454.250000,0,2.1,12,55,0.0,80,0.0,0.0,0.0,1.0
56275,0,1,3400,-54,54,168,17,18,0.50,2732064.000000,0,2.1,8.9,0.0,7680.000000,0,0.0,0.0,0.0,1.0
56524,0,1,3400,-54,54,172,17,19,0.51,2793600.000000,0,2.1,0.0,0.0,0.0,0.0,0.0,0.0,0.0,1.0
56773,0,1,3400,-54,54,177,17,18,0.50,2642752.000000,0,2.1,0.0,0.0,0.0,0.0,0.0,0.0,0.0,1.0
57022,0,1,3400,-54,54,173,16,18,0.51,2477568.000000,0,2.1,0.032,0.0,36192.000000,0,0.0,0.0,0.0,1.0
57271,0,1,3400,-54,54,170,18,19,0.50,2893504.000000,0,2.1,0.0,0.0,0.0,0.0,0.0,0.0,0.0,1.0
57520,0,1,3400,-54,54,173,17,18,0.51,2810698.750000,0,2.1,0.0,0.0,0.0,0.0,0.0,0.0,0.0,1.0
57769,0,1,3400,-54,54,169,17,19,0.51,2653408.000000,0,2.1,0.0,0.0,0.0,0.0,0.0,0.0,0.0,1.0
58018,0,1,3400,-54,54,173,17,18,0.51,2750336.000000,0,2.1,0.0,0.0,41728.000000,8,0.0,0.0,0.0,1.0
58267,0,1,3400,-54,54,181,17,18,0.51,2624318.750000,0,2.1,0.0,0.0,0.0,0.0,0.0,0.0,0.0,1.0
58516,0,1,3400,-54,54,173,15,18,0.51,2420192.000000,0,2.1,0.0,0.0,0.0,0.0,0.0,0.0,0.0,1.0
58765,0,1,3400,-54,54,172,18,19,0.51,2857792.000000,0,2.1,0.0,0.0,0.0,0.0,0.0,0.0,0.0,1.0
59014,0,1,3400,-54,54,171,16,18,0.50,2580064.000000,0,2.1,0.0,0.0,41728.000000,0,0.0,0.0,0.0,1.0
59263,0,1,3400,-54,54,163,16,18,0.57,2543520.000000,2,2.1,0.0,0.0,0.0,0.0,0.0,0.0,0.0,1.0
59512,0,1,3400,-54,54,169,16,18,0.57,2476192.000000,2,2.1,0.0,0.0,0.0,0.0,0.0,0.0,0.0,1.0
59761,0,1,3400,-54,54,168,16,18,0.50,2498955.750000,0,2.1,0.0,0.0,0.0,0.0,0.0,0.0,0.0,1.0
60010,0,1,3400,-54,54,173,18,18,0.52,2814272.000000,0,2.1,0.0,0.0,79328.000000,4,0.0,0.0,0.0,1.0
60259,0,1,3400,-54,54,177,17,18,0.50,2666080.000000,0,2.1,0.0,0.0,0.0,0.0,0.0,0.0,0.0,1.0
60508,0,1,3400,-54,54,177,17,18,0.54,2657370.500000,0,2.1,0.0,0.0,0.0,0.0,0.0,0.0,0.0,1.0
60757,0,1,3400,-54,54,176,17,18,0.50,2805760.000000,0,2.1,0.0,0.0,0.0,0.0,0.0,0.0,0.0,1.0
61006,0,1,3400,-54,54,179,17,18,0.50,2682048.000000,0,2.1,0.0,0.0,41728.000000,0,0.0,0.0,0.0,1.0
61255,0,1,3400,-54,54,178,16,18,0.50,2618784.000000,0,2.1,0.0,0.0,5536.000000,0,0.0,0.0,0.0,1.0
61504,0,1,3400,-54,54,173,16,18,0.57,2521248.000000,2,2.1,0.0,0.0,0.0,0.0,0.0,0.0,0.0,1.0
61753,0,1,3400,-54,54,177,16,18,0.50,2632610.500000,0,2.1,0.0,0.0,5558.232910,0,0.0,0.0,0.0,1.0
62002,0,1,3400,-54,54,170,17,18,0.50,2724781.000000,0,2.1,5.4,0.0,63235.058594,0,0.0,0.0,0.0,1.0
62251,0,1,3400,-54,54,170,17,18,0.57,2696996.000000,2,2.1,7.5,0.0,0.0,80,0.0,0.0,0.0,1.0
62500,0,1,3400,-54,54,177,15,18,0.50,2423777.000000,0,2.1,7.5,0.0,0.0,0.0,0.0,0.0,0.0,1.0
62749,0,1,3400,-54,54,172,17,18,0.50,2657344.000000,0,2.1,7.5,0.0,0.0,0.0,0.0,0.0,0.0,1.0
62998,0,1,3400,-54,54,169,17,18,0.50,2756192.000000,0,2.1,7.2,0.0,72416.000000,0,0.0,0.0,0.0,1.0
63247,0,1,3400,-54,54,172,18,19,0.51,2853664.000000,0,2.1,7.5,0.0,0.0,0.0,0.0,0.0,0.0,1.0
63496,0,1,3400,-54,54,175,17,18,0.50,2713728.000000,0,2.1,7.5,0.0,0.0,0.0,0.0,0.0,0.0,1.0
63745,0,1,3400,-54,54,175,17,19,0.50,2740160.000000,0,2.1,7.5,0.0,0.0,0.0,0.0,0.0,0.0,1.0
63994,0,1,3400,-54,54,175,15,18,0.50,2426144.000000,0,2.1,13,55,0.0,80,0.0,0.0,0.0,1.0
64243,0,1,3400,-54,54,173,16,18,0.50,2585542.250000,0,2.1,11,0.0,9542.168945,46,0.0,0.0,0.0,1.0
64492,0,1,3400,-54,54,175,16,18,0.51,2588384.000000,0,2.1,4.5,0.0,0.0,0.0,0.0,0.0,0.0,1.0
64741,0,1,3400,-54,54,175,17,18,0.50,2724589.750000,0,2.1,4.5,0.0,0.0,0.0,0.0,0.0,0.0,1.0
64990,0,1,3400,-54,54,174,18,19,0.50,2838560.000000,0,2.1,10,53,5536.000000,57,0.0,0.0,0.0,1.0
65239,0,1,3400,-54,54,174,15,18,0.51,2438016.000000,0,2.1,7.9,0.0,7680.000000,0,0.0,0.0,0.0,1.0
65488,0,1,3400,-54,54,171,18,18,0.50,2865056.000000,0,2.1,0.0,0.0,0.0,0.0,0.0,0.0,0.0,1.0
65737,0,1,3400,-54,54,173,18,19,0.50,2875296.000000,0,2.1,0.0,0.0,0.0,0.0,0.0,1.0,0.0,1.0
65986,0,1,3400,-54,54,175,18,19,0.51,2848514.000000,0,2.1,4.6,0.0,25477.912109,40,0.0,0.0,0.0,1.0
66235,0,1,3400,-54,54,173,16,18,0.52,2524192.000000,0,2.1,6.5,0.0,8864.000000,0,0.0,0.0,0.0,1.0
66484,0,1,3400,-54,54,175,16,18,0.50,2568384.000000,0,2.1,8.5,0.0,17056.000000,0,0.0,0.0,0.0,1.0
66733,0,1,3400,-54,54,169,16,18,0.57,2579136.000000,2,2.1,14,0.0,0.0,0.0,0.0,0.0,0.0,1.0
66982,0,1,3400,-54,54,170,17,18,0.50,2727553.750000,0,2.1,15,55,0.0,80,0.0,0.0,0.0,1.0
67231,0,1,3400,-54,54,172,17,18,0.57,2730240.000000,2,2.1,6.3,0.0,7360.000000,20,0.0,0.0,0.0,1.0
67480,0,1,3400,-54,54,168,16,18,0.57,2595424.000000,2,2.1,4.5,0.0,5536.000000,0,0.0,0.0,0.0,1.0
67729,0,1,3400,-54,54,171,16,18,0.51,2535136.000000,0,2.1,4.5,0.0,0.0,0.0,0.0,0.0,0.0,1.0
67978,0,1,3400,-54,54,173,16,18,0.52,2633312.000000,0,2.1,5.7,0.0,35552.000000,38,0.0,0.0,0.0,1.0
68227,0,1,3400,-54,54,177,16,18,0.51,2552864.000000,0,2.1,6.0,0.0,0.0,0.0,0.0,0.0,0.0,1.0
68476,0,1,3400,-54,54,171,18,19,0.51,2897510.000000,0,2.1,6.0,0.0,0.0,0.0,0.0,0.0,0.0,1.0
68725,0,1,3400,-54,54,170,17,18,0.50,2673280.000000,0,2.1,6.0,0.0,0.0,0.0,0.0,0.0,0.0,1.0
68974,0,1,3400,-54,54,173,17,18,0.50,2762688.000000,0,2.1,2.3,0.0,25376.000000,27,0.0,0.0,0.0,1.0
69223,0,1,3400,-54,54,174,17,18,0.50,2761593.750000,0,2.1,0.0,0.0,0.0,0.0,0.0,0.0,0.0,1.0
69472,0,1,3400,-54,54,176,18,18,0.50,2903136.000000,0,2.1,0.0,0.0,0.0,0.0,0.0,0.0,0.0,1.0
69721,0,1,3400,-54,54,170,16,18,0.58,2440960.000000,2,2.1,0.0,0.0,5536.000000,0,0.0,0.0,0.0,1.0
69970,0,1,3400,-54,54,170,16,18,0.50,2647136.000000,0,2.1,12,0.0,19392.000000,50,0.0,0.0,0.0,1.0
70219,0,1,3400,-54,54,174,18,18,0.54,2814618.500000,0.4,2.1,20,0.0,0.0,0.0,0.0,0.0,0.0,1.0
70468,0,1,3400,-54,54,177,17,18,0.50,2781984.000000,0,2.1,20,0.0,0.0,0.0,0.0,0.0,0.0,1.0
70717,0,1,3400,-54,54,176,18,19,0.51,2880800.000000,0,2.1,20,0.0,0.0,0.0,0.0,0.0,0.0,1.0
70966,0,1,3400,-54,54,173,17,18,0.51,2747936.000000,0.4,2.1,22,55,0.0,80,0.0,0.0,0.0,1.0
71215,0,1,3400,-54,54,170,18,18,0.50,2867952.250000,0,2.1,15,0.0,7649.402344,0,0.0,0.0,0.0,1.0
71464,0,1,3400,-54,54,174,18,18,0.50,2783008.000000,0,2.1,0.0,0.0,0.0,0.0,0.0,0.0,0.0,1.0
71713,0,1,3400,-54,54,171,17,18,0.50,2757856.000000,0,2.1,0.0,0.0,0.0,0.0,0.0,0.0,0.0,1.0
71962,0,1,3400,-54,54,170,16,18,0.57,2544576.000000,2,2.1,0.0,0.0,36192.000000,0,0.0,0.0,0.0,1.0
72211,0,1,3400,-54,54,168,16,18,0.57,2621760.000000,2,2.1,0.0,0.0,0.0,0.0,0.0,0.0,0.0,1.0
72460,0,1,3400,-54,54,172,17,18,0.57,2694912.000000,2,2.1,0.0,0.0,0.0,0.0,0.0,0.0,0.0,1.0
72709,0,1,3400,-54,54,179,18,18,0.50,2852273.000000,0,2.1,0.0,0.0,0.0,0.0,0.0,0.0,0.0,1.0
72958,0,1,3400,-54,54,177,18,18,0.51,2903296.000000,0,2.1,15,0.0,19392.000000,50,0.0,0.0,0.0,1.0
73207,0,1,3400,-54,54,170,16,18,0.50,2620224.000000,0,2.1,20,0.0,0.0,0.0,0.0,0.0,0.0,1.0
73456,0,1,3400,-54,54,172,16,18,0.52,2616223.000000,0.4,2.1,20,0.0,0.0,0.0,0.0,0.0,0.0,1.0
73705,0,1,3400,-54,54,171,17,18,0.51,2683520.000000,0,2.1,20,0.0,0.0,0.0,0.0,0.0,0.0,1.0
73954,0,1,3400,-54,54,172,17,18,0.50,2787392.000000,0,2.1,3.4,0.0,41728.000000,28,0.0,0.0,0.0,1.0
74203,0,1,3400,-54,54,173,17,18,0.53,2776544.000000,0,2.1,0.0,0.0,0.0,0.0,0.0,0.0,0.0,1.0
74452,0,1,3400,-54,54,172,17,18,0.50,2765408.000000,0,2.1,0.0,0.0,0.0,0.0,0.0,0.0,0.0,1.0
74701,0,1,3400,-54,54,171,16,18,0.50,2642016.000000,0,2.1,0.0,0.0,0.0,0.0,0.0,0.0,0.0,1.0
74950,0,1,3400,-54,54,175,17,18,0.50,2720546.250000,0,2.1,5.3,0.0,66441.765625,0,0.0,0.0,0.0,1.0
75199,0,1,3400,-54,54,171,18,18,0.51,2800064.000000,0,2.1,7.5,0.0,0.0,0.0,0.0,0.0,0.0,1.0
75448,0,1,3400,-54,54,169,17,18,0.50,2757856.000000,0,2.1,7.5,0.0,0.0,0.0,0.0,0.0,0.0,1.0
75697,0,1,3400,-54,54,171,16,18,0.50,2594518.000000,0,2.1,7.5,0.0,0.0,0.0,0.0,0.0,0.0,1.0
75946,0,1,3400,-54,54,176,18,18,0.52,2843840.000000,0,2.1,7.5,55,0.0,80,0.0,0.0,0.0,1.0
76195,0,1,3400,-54,54,171,17,19,0.51,2794688.000000,0,2.1,4.9,0.0,7680.000000,0,0.0,0.0,0.0,1.0
76444,0,1,3400,-54,54,168,18,19,0.50,2861024.000000,0,2.1,0.0,0.0,0.0,0.0,0.0,0.0,0.0,1.0
76693,0,1,3400,-54,54,171,17,18,0.51,2758912.000000,0,2.1,0.0,0.0,0.0,0.0,0.0,0.0,0.0,1.0
76942,0,1,3400,-54,54,170,17,19,0.51,2771727.000000,0,2.1,9.7,0.0,56128.515625,25,0.0,0.0,0.0,1.0
77191,0,1,3400,-54,54,172,18,18,0.51,2884512.000000,0,2.1,14,0.0,0.0,0.0,0.0,0.0,0.0,1.0
77440,0,1,3400,-54,54,172,17,19,0.50,2782496.000000,0,2.1,14,0.0,0.0,0.0,0.0,0.0,0.0,1.0
77689,0,1,3400,-54,54,170,17,18,0.50,2701004.000000,0,2.1,14,0.0,0.0,0.0,0.0,0.0,0.0,1.0
77938,0,1,3400,-54,54,172,17,19,0.50,2827648.000000,0,2.1,20,55,0.0,80,0.0,0.0,0.0,1.0
78187,0,1,3400,-54,54,171,18,18,0.51,2887616.000000,0,2.1,14,0.0,7680.000000,0,0.0,0.0,0.0,1.0
78436,0,1,3400,-54,54,174,16,18,0.50,2580480.000000,0,2.1,0.0,0.0,0.0,0.0,0.0,0.0,0.0,1.0
78685,0,1,3400,-54,54,176,17,18,0.50,2679648.000000,0,2.1,0.0,0.0,0.0,0.0,0.0,0.0,0.0,1.0
78934,0,1,3400,-54,54,171,18,18,0.51,2836723.000000,0,2.1,0.0,0.0,41895.582031,0,0.0,0.0,0.0,1.0
79183,0,1,3400,-54,54,168,17,18,0.57,2685376.000000,2,2.1,0.0,0.0,0.0,0.0,0.0,0.0,0.0,1.0
79432,0,1,3400,-54,54,170,16,18,0.50,2659072.000000,0,2.1,0.0,0.0,0.0,0.0,0.0,0.0,0.0,1.0
79681,0,1,3400,-54,54,167,17,18,0.51,2677536.000000,0,2.1,0.0,0.0,0.0,0.0,0.0,0.0,0.0,1.0
79930,0,1,3400,-54,54,173,17,18,0.50,2743872.500000,0,2.1,5.4,0.0,62725.097656,0,0.0,0.0,0.0,1.0
80179,0,1,3400,-54,54,174,17,18,0.50,2698368.000000,0,2.1,7.5,0.0,0.0,0.0,0.0,0.0,0.0,1.0
80428,0,1,3400,-54,54,175,17,18,0.51,2666880.000000,0,2.1,7.5,0.0,0.0,0.0,0.0,0.0,0.0,1.0
80677,0,1,3400,-54,54,175,17,18,0.50,2754848.000000,0,2.1,7.5,0.0,0.0,0.0,0.0,0.0,0.0,1.0
80926,0,1,3400,-54,54,172,17,17,0.64,2639424.000000,4,2.1,5.0,0.0,25376.000000,27,0.0,0.0,0.0,1.0
81175,0,1,3400,-54,54,170,17,18,0.51,2700768.000000,0,2.1,0.0,0.0,0.0,0.0,0.0,0.0,0.0,1.0
81424,0,1,3400,-54,54,170,17,18,0.57,2593670.750000,2,2.1,0.0,0.0,0.0,0.0,0.0,0.0,0.0,1.0
81673,0,1,3400,-54,54,170,18,19,0.50,2837984.000000,0,2.1,0.0,0.0,5536.000000,0,0.0,0.0,0.0,1.0
81922,0,1,3400,-54,54,172,17,18,0.50,2740544.000000,0,2.1,1.0,0.0,25376.000000,27,0.0,0.0,0.0,1.0
82171,0,1,3400,-54,54,174,18,18,0.51,2837896.500000,0,2.1,0.0,0.0,0.0,0.0,0.0,0.0,0.0,1.0
82420,0,1,3400,-54,54,173,17,18,0.50,2785120.000000,0,2.1,0.0,0.0,0.0,0.0,0.0,0.0,0.0,1.0
82669,0,1,3400,-54,54,172,17,18,0.50,2736576.000000,0,2.1,0.0,0.0,5536.000000,0,0.0,0.0,0.0,1.0
82918,0,1,3400,-54,54,175,16,18,0.50,2597824.000000,0,2.1,0.0,0.0,41728.000000,0,0.0,0.0,0.0,1.0
83167,0,1,3400,-54,54,173,18,18,0.57,2800928.000000,2,2.1,0.0,0.0,0.0,0.0,0.0,0.0,0.0,1.0
83416,0,1,3400,-54,54,168,17,18,0.57,2683180.750000,2,2.1,0.0,0.0,0.0,0.0,0.0,0.0,0.0,1.0
83665,0,1,3400,-54,54,167,16,18,0.50,2442240.000000,0,2.1,0.0,0.0,0.0,0.0,0.0,0.0,0.0,1.0
83914,0,1,3400,-54,54,175,17,18,0.50,2605088.000000,0,2.1,0.0,0.0,41728.000000,0,0.0,0.0,0.0,1.0
84163,0,1,3400,-54,54,172,17,18,0.51,2790752.000000,0,2.1,0.0,0.0,5536.000000,0,0.0,0.0,0.0,1.0
84412,0,1,3400,-54,54,169,15,18,0.51,2435569.750000,0,2.1,0.0,0.0,0.0,0.0,0.0,0.0,0.0,1.0
84661,0,1,3400,-54,54,169,18,18,0.50,2843072.000000,0,2.1,0.0,0.0,0.0,0.0,0.0,1.0,0.0,1.0
84910,0,1,3400,-54,54,173,18,19,0.50,2829760.000000,0,2.1,16,0.0,20672.000000,50,0.0,0.0,0.0,1.0
85159,0,1,3400,-54,54,176,16,18,0.50,2642720.000000,0,2.1,22,0.0,0.0,0.0,0.0,0.0,0.0,1.0
85408,0,1,3400,-54,54,178,16,17,0.57,2449092.250000,2,2.1,22,0.0,0.0,0.0,0.0,0.0,0.0,1.0
85657,0,1,3400,-54,54,170,16,18,0.51,2523488.000000,0,2.1,22,0.0,0.0,0.0,0.0,0.0,0.0,1.0
85906,0,1,3400,-54,54,172,18,18,0.50,2872448.000000,0,2.1,15,0.0,21696.000000,40,0.0,0.0,0.0,1.0
86155,0,1,3400,-54,54,174,16,18,0.51,2615904.000000,0,2.1,11,0.0,0.0,0.0,0.0,0.0,0.0,1.0
86404,0,1,3400,-54,54,169,17,18,0.50,2648000.000000,0,2.1,11,0.0,0.0,0.0,0.0,0.0,0.0,1.0
86653,0,1,3400,-54,54,170,18,18,0.51,2876192.000000,0,2.1,11,0.0,0.0,0.0,0.0,0.0,0.0,1.0
86902,0,1,3400,-54,54,175,17,18,0.51,2774720.000000,0,2.1,19,0.0,20672.000000,50,0.0,0.0,0.0,1.0
87151,0,1,3400,-54,54,174,18,18,0.57,2802016.000000,2,2.1,22,0.0,0.0,0.0,0.0,0.0,0.0,1.0
87400,0,1,3400,-54,54,169,17,18,0.55,2765856.000000,0.8,2.1,22,0.0,0.0,0.0,0.0,0.0,0.0,1.0
87649,0,1,3400,-54,54,174,17,18,0.50,2774816.000000,0,2.1,22,0.0,0.0,0.0,0.0,1.0,1.0,1.0
87898,0,1,3400,-54,54,173,18,18,0.57,2834666.750000,2,2.1,16,55,0.0,80,0.0,0.0,0.0,1.0
88147,0,1,3400,-54,54,173,15,18,0.50,2354784.000000,0,2.1,7.6,0.0,13216.000000,0,0.0,0.0,0.0,1.0
88396,0,1,3400,-54,54,172,16,18,0.50,2649984.000000,0,2.1,0.0,0.0,0.0,0.0,0.0,0.0,0.0,1.0
88645,0,1,3400,-54,54,169,17,18,0.50,2643761.000000,0,2.1,0.0,0.0,0.0,0.0,0.0,0.0,0.0,1.0
88894,0,1,3400,-54,54,170,18,18,0.50,2778112.000000,0,2.1,5.9,55,0.0,80,0.0,0.0,0.0,1.0
89143,0,1,3400,-54,54,169,17,18,0.50,2712032.000000,0,2.1,6.3,0.0,7360.000000,0,0.0,0.0,0.0,1.0
89392,0,1,3400,-54,54,170,17,18,0.51,2780032.000000,0.4,2.1,4.5,0.0,0.0,0.0,0.0,0.0,0.0,1.0
89641,0,1,3400,-54,54,166,18,18,0.51,2849600.000000,0,2.1,4.5,0.0,0.0,0.0,0.0,0.0,0.0,1.0
89890,0,1,3400,-54,54,176,18,19,0.50,3087293.250000,0,2.1,13,0.0,182779.109375,63,0.0,0.0,0.0,1.0
90139,0,1,3400,-54,54,176,15,18,0.50,2444160.000000,0,2.1,11,0.0,5536.000000,33,0.0,0.0,0.0,1.0
90388,0,1,3400,-54,54,174,17,18,0.52,2788032.000000,0,2.1,8.0,0.0,0.0,0.0,0.0,0.0,0.0,1.0
90637,0,1,3400,-54,54,176,16,18,0.50,2509664.000000,0,2.1,7.9,0.0,0.0,0.0,0.0,0.0,0.0,1.0
90886,0,1,3400,-54,54,174,15,18,0.57,2381737.000000,2,2.1,2.9,0.0,25274.900391,27,0.0,0.0,0.0,1.0
91135,0,1,3400,-54,54,172,17,18,0.51,2752032.000000,0,2.1,0.0,0.0,5536.000000,0,0.0,0.0,0.0,1.0
91384,0,1,3400,-54,54,175,16,18,0.50,2648672.000000,0,2.1,0.0,0.0,0.0,0.0,0.0,0.0,0.0,1.0
91633,0,1,3400,-54,54,174,17,18,0.50,2787072.000000,0,2.1,0.0,0.0,0.0,0.0,0.0,0.0,0.0,1.0
91882,0,1,3400,-54,54,172,18,18,0.58,2817664.000000,2,2.1,12,0.0,395136.000000,40,0.0,0.0,0.0,1.0
92131,0,1,3400,-54,54,171,17,18,0.51,2786731.000000,0,2.1,16,0.0,0.0,0.0,0.0,0.0,0.0,1.0
92380,0,1,3400,-54,54,170,18,18,0.50,2870048.000000,0,2.1,16,0.0,0.0,0.0,0.0,0.0,0.0,1.0
92629,0,1,3400,-54,54,169,16,18,0.57,2488416.000000,2,2.1,16,0.0,0.0,0.0,0.0,0.0,0.0,1.0
92878,0,1,3400,-54,54,168,17,18,0.52,2745536.000000,0,2.1,9.2,0.0,134816.000000,24,0.0,0.0,0.0,1.0
93127,0,1,3400,-54,54,169,16,18,0.50,2589896.500000,0,2.1,7.5,0.0,0.0,0.0,0.0,0.0,0.0,1.0
93376,0,1,3400,-54,54,170,17,18,0.57,2641408.000000,2,2.1,7.5,0.0,0.0,0.0,0.0,0.0,0.0,1.0
93625,0,1,3400,-54,54,169,18,19,0.51,2880640.000000,0,2.1,7.4,0.0,0.0,0.0,0.0,0.0,0.0,1.0
93874,0,1,3400,-54,54,175,17,18,0.52,2778560.000000,0.4,2.1,7.5,0.0,163584.000000,0,0.0,0.0,0.0,1.0
94123,0,1,3400,-54,54,176,15,18,0.50,2417312.000000,0,2.1,8.0,0.0,0.0,0.0,0.0,0.0,0.0,1.0
94372,0,1,3400,-54,54,170,18,18,0.51,2906763.000000,0.4,2.1,8.0,0.0,0.0,0.0,0.0,0.0,0.0,1.0
94621,0,1,3400,-54,54,167,17,18,0.50,2769184.000000,0,2.1,8.0,0.0,0.0,0.0,0.0,0.0,0.0,1.0
94870,0,1,3400,-54,54,172,18,18,0.51,2848320.000000,0,2.1,3.9,0.0,36608.000000,24,0.0,0.0,0.0,1.0
95119,0,1,3400,-54,54,172,17,18,0.50,2608350.500000,0,2.1,0.0,0.0,0.0,0.0,0.0,0.0,0.0,1.0
95368,0,1,3400,-54,54,171,17,18,0.58,2602080.000000,2,2.1,0.0,0.0,0.0,0.0,0.0,0.0,0.0,1.0
95617,0,1,3400,-54,54,174,17,18,0.51,2740960.000000,0.4,2.1,0.0,0.0,0.0,0.0,0.0,0.0,0.0,1.0
95866,0,1,3400,-54,54,174,18,18,0.50,2911200.000000,0,2.1,12,0.0,182048.000000,60,0.0,0.0,0.0,1.0
96115,0,1,3400,-54,54,171,17,18,0.50,2788960.000000,0,2.1,16,0.0,0.0,0.0,0.0,0.0,0.0,1.0
96364,0,1,3400,-54,54,171,17,18,0.52,2818409.750000,0,2.1,16,0.0,0.0,0.0,0.0,0.0,0.0,1.0
96613,0,1,3400,-54,54,176,17,19,0.50,2800160.000000,0,2.1,16,0.0,0.0,0.0,0.0,0.0,0.0,1.0
96862,0,1,3400,-54,54,172,16,18,0.58,2558304.000000,2,2.1,16,0.0,80576.000000,55,0.0,0.0,0.0,1.0
97111,0,1,3400,-54,54,174,16,18,0.50,2582624.000000,0,2.1,16,0.0,0.0,0.0,0.0,0.0,0.0,1.0
97360,0,1,3400,-54,54,172,17,18,0.51,2742342.750000,0,2.1,16,0.0,0.0,0.0,0.0,0.0,0.0,1.0
97609,0,1,3400,-54,54,171,17,18,0.50,2717312.000000,0,2.1,16,0.0,0.0,0.0,0.0,0.0,0.0,1.0
97858,0,1,3400,-54,54,169,18,18,0.50,2834400.000000,0,2.1,9.3,0.0,124256.000000,0,0.0,1.0,1.0,1.0
98107,0,1,3400,-54,54,172,16,18,0.51,2537184.000000,0,2.1,8.0,0.0,0.0,0.0,0.0,0.0,0.0,1.0
98356,0,1,3400,-54,54,169,19,18,0.51,3214425.750000,0,2.1,7.9,0.0,0.0,0.0,0.0,0.0,0.0,1.0
98605,0,1,3400,-54,54,173,17,18,0.51,2750784.000000,0,2.1,8.0,0.0,0.0,0.0,0.0,0.0,0.0,1.0
98854,0,1,3400,-54,54,173,17,18,0.57,2689568.000000,2,2.1,14,55,0.0,80,0.0,0.0,0.0,1.0
99103,0,1,3400,-54,54,173,17,18,0.50,2800896.000000,0,2.1,5.3,0.0,7680.000000,0,0.0,0.0,0.0,1.0
99352,0,1,3400,-54,54,171,18,18,0.50,2826624.000000,0,2.1,0.0,0.0,0.0,0.0,0.0,0.0,0.0,1.0
99601,0,1,3400,-54,54,172,17,18,0.50,2747028.000000,0,2.1,0.0,0.0,0.0,0.0,0.0,0.0,0.0,1.0
99850,0,1,3400,-54,54,171,17,18,0.51,2634464.000000,0,2.1,0.0,0.0,36192.000000,0,0.0,0.0,0.0,1.0
100099,0,1,3400,-54,54,168,16,18,0.50,2474176.000000,0,2.1,0.0,0.0,11072.000000,0,0.0,0.0,0.0,1.0
100348,0,1,3400,-54,54,172,16,18,0.50,2552416.000000,0,2.1,0.0,0.0,0.0,0.0,0.0,0.0,0.0,1.0
100597,0,1,3400,-54,54,173,17,18,0.51,2809574.250000,0,2.1,0.0,0.0,0.0,0.0,0.0,0.0,0.0,1.0
100846,0,1,3400,-54,54,171,16,18,0.50,2651776.000000,0,2.1,5.9,55,0.0,80,0.0,0.0,0.0,1.0
101095,0,1,3400,-54,54,173,16,18,0.50,2571104.000000,0,2.1,5.1,0.0,7680.000000,0,0.0,0.0,0.0,1.0
101344,0,1,3400,-54,54,166,16,18,0.50,2569568.000000,0,2.1,0.0,0.0,0.0,0.0,0.0,0.0,0.0,1.0
101593,0,1,3400,-54,54,169,18,18,0.50,2839680.000000,0,2.1,0.0,0.0,0.0,0.0,0.0,0.0,0.0,1.0
101842,0,1,3400,-54,54,170,18,18,0.51,2976127.500000,0.4,2.1,12,0.0,243410.359375,46,0.0,0.0,0.0,1.0
102091,0,1,3400,-54,54,167,17,19,0.50,2707648.000000,0,2.1,16,0.0,0.0,0.0,0.0,0.0,0.0,1.0
102340,0,1,3400,-54,54,170,17,18,0.50,2742816.000000,0,2.1,16,0.0,0.0,0.0,0.0,0.0,0.0,1.0
102589,0,1,3400,-54,54,173,18,19,0.51,2869590.250000,0,2.1,16,0.0,0.0,0.0,0.0,0.0,0.0,1.0
102838,0,1,3400,-54,54,172,16,18,0.50,2632832.000000,0,2.1,18,0.0,17056.000000,73,0.0,0.0,0.0,1.0
103087,0,1,3400,-54,54,169,17,18,0.51,2632000.000000,0,2.1,20,0.0,0.0,0.0,0.0,0.0,0.0,1.0
103336,0,1,3400,-54,54,164,17,18,0.50,2735392.000000,0,2.1,20,0.0,0.0,0.0,0.0,0.0,0.0,1.0
103585,0,1,3400,-54,54,167,17,18,0.50,2710976.000000,0,2.1,20,0.0,0.0,0.0,0.0,0.0,0.0,1.0
103834,0,1,3400,-54,54,170,18,18,0.50,2872350.500000,0,2.1,6.7,0.0,31649.402344,22,0.0,1.0,13,1.0
104083,0,1,3400,-54,54,167,17,19,0.50,2708096.000000,0,2.1,6.2,0.0,0.0,80,0.0,0.0,0.0,1.0
104332,0,1,3400,-54,54,168,16,18,0.50,2593184.000000,0,2.1,7.5,0.0,0.0,0.0,0.0,0.0,0.0,1.0
104581,0,1,3400,-54,54,174,17,18,0.51,2741216.000000,0,2.1,7.4,0.0,0.0,0.0,0.0,0.0,0.0,1.0
104830,0,1,3400,-54,54,169,18,18,0.50,2891116.500000,0,2.1,3.8,0.0,154923.687500,59,0.0,0.0,0.0,1.0
105079,0,1,3400,-54,54,170,16,18,0.50,2641344.000000,0,2.1,0.0,0.0,0.0,0.0,0.0,0.0,0.0,1.0
105328,0,1,3400,-54,54,173,17,19,0.51,2832224.000000,0,2.1,0.0,0.0,0.0,0.0,0.0,0.0,0.0,1.0
105577,0,1,3400,-54,54,170,17,18,0.50,2660480.000000,0,2.1,0.0,0.0,0.0,0.0,0.0,0.0,0.0,1.0
105826,0,1,3400,-54,54,172,16,18,0.51,2634208.000000,0,2.1,1.1,0.0,28640.000000,22,0.0,0.0,0.0,1.0
106075,0,1,3400,-54,54,172,16,18,0.51,2559713.250000,0,2.1,0.0,0.0,5513.944336,0,0.0,0.0,0.0,1.0
106324,0,1,3400,-54,54,169,17,18,0.50,2721728.000000,0,2.1,0.0,0.0,0.0,0.0,0.0,0.0,0.0,1.0
106573,0,1,3400,-54,54,169,17,18,0.50,2635328.000000,0,2.1,0.064,0.0,5536.000000,0,0.0,0.0,0.0,1.0
106822,0,1,3400,-54,54,174,18,18,0.57,2822656.000000,2,2.1,1.0,0.0,25088.000000,24,0.0,0.0,0.0,1.0
107071,0,1,3400,-54,54,172,16,18,0.50,2630650.500000,0,2.1,0.0,0.0,0.0,0.0,0.0,0.0,0.0,1.0
107320,0,1,3400,-54,54,173,16,18,0.55,2451072.000000,0.4,2.1,0.0,0.0,5536.000000,0,0.0,0.0,0.0,1.0
107569,0,1,3400,-54,54,174,17,18,0.50,2742496.000000,0,2.1,0.064,0.0,0.0,0.0,0.0,0.0,0.0,1.0
107818,0,1,3400,-54,54,165,18,18,0.51,2876352.000000,0,2.1,0.0,0.0,36192.000000,21,0.0,0.0,0.0,1.0
108067,0,1,3400,-54,54,169,18,18,0.52,2844416.000000,0,2.1,0.064,0.0,0.0,0.0,0.0,0.0,0.0,1.0
108316,0,1,3400,-54,54,177,18,18,0.50,2809338.750000,0,2.1,0.0,0.0,0.0,0.0,0.0,0.0,0.0,1.0
108565,0,1,3400,-54,54,174,16,18,0.51,2552864.000000,0,2.1,0.0,0.0,5536.000000,0,0.0,0.0,0.0,1.0
108814,0,1,3400,-54,54,177,18,19,0.51,2862208.000000,0,2.1,0.72,0.0,38784.000000,0,0.0,0.0,0.0,1.0
109063,0,1,3400,-54,54,173,18,18,0.57,2782656.000000,2,2.1,1.0,0.0,0.0,0.0,0.0,0.0,0.0,1.0
109312,0,1,3400,-54,54,174,17,18,0.50,2749108.500000,0,2.1,1.1,0.0,0.0,0.0,0.0,0.0,0.0,1.0
109561,0,1,3400,-54,54,173,16,18,0.50,2483840.000000,0,2.1,1.0,0.0,0.0,0.0,0.0,0.0,0.0,1.0
109810,0,1,3400,-54,54,171,18,18,0.50,2898176.000000,0,2.1,6.1,0.0,82080.000000,42,0.0,1.0,13,1.0
110059,0,1,3400,-54,54,168,17,18,0.50,2777024.000000,0,2.1,8.0,0.0,0.0,0.0,0.0,0.0,0.0,1.0
110308,0,1,3400,-54,54,163,16,18,0.51,2617024.000000,0,2.1,8.0,0.0,0.0,0.0,0.0,0.0,0.0,1.0
110557,0,1,3400,-54,54,171,16,18,0.50,2496478.000000,0,2.1,8.0,0.0,0.0,0.0,0.0,0.0,0.0,1.0
110806,0,1,3400,-54,54,169,16,18,0.50,2603648.000000,0,2.1,10,0.0,25056.000000,40,0.0,0.0,0.0,1.0
111055,0,1,3400,-54,54,164,16,18,0.50,2612704.000000,0,2.1,13,0.0,0.0,0.0,0.0,0.0,0.0,1.0
111304,0,1,3400,-54,54,171,16,18,0.51,2656160.750000,0,2.1,13,0.0,0.0,0.0,0.0,0.0,0.0,1.0
111553,0,1,3400,-54,54,175,17,18,0.50,2808288.000000,0,2.1,13,0.0,0.0,0.0,0.0,0.0,0.0,1.0
111802,0,1,3400,-54,54,173,18,18,0.50,2849184.000000,0,2.1,8.3,0.0,64768.000000,0,0.0,0.0,0.0,1.0
112051,0,1,3400,-54,54,173,16,18,0.50,2617504.000000,0,2.1,7.6,0.0,0.0,0.0,0.0,1.0,8.0,1.0
112300,0,1,3400,-54,54,173,18,18,0.50,2814784.000000,0,2.1,2.2,0.0,5536.000000,0,0.0,0.0,0.0,1.0
112549,0,1,3400,-54,54,170,17,18,0.50,2756717.250000,0,2.1,0.0,0.0,5513.944336,0,0.0,0.0,0.0,1.0
112798,0,1,3400,-54,54,170,17,19,0.51,2763040.000000,0,2.1,5.9,53,5536.000000,57,0.0,0.0,0.0,1.0
113047,0,1,3400,-54,54,168,17,18,0.57,2645888.000000,2,2.1,5.2,0.0,7680.000000,0,0.0,1.0,4.0,1.0
113296,0,1,3400,-54,54,167,17,18,0.53,2685108.500000,0,2.1,0.0,0.0,5558.232910,0,0.0,0.0,0.0,1.0
113545,0,1,3400,-54,54,169,17,18,0.50,2739936.000000,0,2.1,0.0,0.0,0.0,0.0,0.0,0.0,0.0,1.0
113794,0,1,3400,-54,54,167,17,18,0.50,2798944.000000,0,2.1,1.0,0.0,25376.000000,27,0.0,0.0,0.0,1.0
114043,0,1,3400,-54,54,176,16,18,0.51,2638784.000000,0,2.1,0.0,0.0,0.0,0.0,0.0,0.0,0.0,1.0
114292,0,1,3400,-54,54,177,16,18,0.50,2590560.000000,0,2.1,4.1,0.0,5536.000000,57,0.0,0.0,0.0,1.0
114541,0,1,3400,-54,54,172,17,18,0.50,2740960.000000,0,2.1,7.5,0.0,0.0,0.0,0.0,0.0,0.0,1.0
114790,0,1,3400,-54,54,176,17,18,0.57,2714263.000000,2,2.1,2.6,0.0,25880.478516,24,0.0,0.0,0.0,1.0
115039,0,1,3400,-54,54,172,17,18,0.50,2659456.000000,0,2.1,0.0,0.0,0.0,0.0,0.0,0.0,0.0,1.0
115288,0,1,3400,-54,54,170,17,18,0.51,2713984.000000,0,2.1,0.0,0.0,0.0,0.0,0.0,0.0,0.0,1.0
115537,0,1,3400,-54,54,167,16,18,0.50,2622490.000000,0,2.1,0.0,0.0,0.0,0.0,0.0,0.0,0.0,1.0
115786,0,1,3400,-54,54,163,16,18,0.52,2615104.000000,0.4,2.1,6.9,0.0,21920.000000,57,0.0,0.0,0.0,1.0
116035,0,1,3400,-54,54,165,16,18,0.57,2509056.000000,2,2.1,0.0,0.0,0.0,0.0,0.0,0.0,0.0,1.0
116284,0,1,3400,-54,54,173,18,18,0.51,2871584.000000,0.4,2.1,0.0,0.0,0.0,0.0,0.0,0.0,0.0,1.0
116533,0,1,3400,-54,54,176,17,18,0.50,2783840.000000,0,2.1,0.064,0.0,0.0,0.0,0.0,0.0,0.0,1.0
116782,0,1,3400,-54,54,168,15,18,0.50,2417024.000000,0,2.1,5.8,0.0,146112.000000,0,0.0,0.0,0.0,1.0
117031,0,1,3400,-54,54,173,17,18,0.52,2735968.250000,0.4,2.1,8.1,0.0,0.0,0.0,0.0,0.0,0.0,1.0
117280,0,1,3400,-54,54,171,18,18,0.50,2879040.000000,0,2.1,8.0,0.0,0.0,0.0,0.0,0.0,0.0,1.0
117529,0,1,3400,-54,54,171,16,18,0.58,2558176.000000,2,2.1,8.0,0.0,0.0,0.0,0.0,0.0,0.0,1.0
117778,0,1,3400,-54,54,170,16,18,0.50,2669494.000000,0,2.1,7.7,55,0.0,80,0.0,0.0,0.0,1.0
118027,0,1,3400,-54,54,170,17,18,0.51,2787520.000000,0,2.1,5.1,0.0,7680.000000,0,0.0,0.0,0.0,1.0
118276,0,1,3400,-54,54,168,16,18,0.50,2529056.000000,0,2.1,0.0,0.0,0.0,0.0,0.0,0.0,0.0,1.0
118525,0,1,3400,-54,54,168,17,18,0.50,2765632.000000,0,2.1,0.0,0.0,0.0,0.0,0.0,0.0,0.0,1.0
118774,0,1,3400,-54,54,170,18,18,0.50,2848960.000000,0,2.1,0.0,0.0,41728.000000,0,0.0,0.0,0.0,1.0
119023,0,1,3400,-54,54,171,17,19,0.50,2703458.250000,0,2.1,0.0,0.0,0.0,0.0,0.0,0.0,0.0,1.0
119272,0,1,3400,-54,54,167,17,18,0.50,2680352.000000,0,2.1,0.0,0.0,0.0,0.0,0.0,0.0,0.0,1.0
119521,0,1,3400,-54,54,171,17,18,0.50,2720192.000000,0,2.1,0.064,0.0,0.0,0.0,0.0,0.0,0.0,1.0
119770,0,1,3400,-54,54,171,18,18,0.51,2855518.000000,0,2.1,1.1,0.0,25477.912109,27,0.0,0.0,0.0,1.0
120019,0,1,3400,-54,54,165,17,18,0.58,2601056.000000,2,2.1,0.064,0.0,0.0,0.0,0.0,0.0,0.0,1.0
120268,0,1,3400,-54,54,169,17,18,0.51,2746848.000000,0.4,2.1,0.0,0.0,0.0,0.0,0.0,0.0,0.0,1.0
120517,0,1,3400,-54,54,174,18,18,0.52,2909952.000000,0.4,2.1,0.0,0.0,0.0,0.0,0.0,0.0,0.0,1.0
120766,0,1,3400,-54,54,165,16,18,0.51,2566592.000000,0,2.1,1.0,0.0,28608.000000,25,0.0,0.0,0.0,1.0
121015,0,1,3400,-54,54,166,17,18,0.50,2692960.000000,0,2.1,0.0,0.0,5536.000000,0,0.0,0.0,0.0,1.0
121264,0,1,3400,-54,54,166,16,18,0.50,2608223.000000,0,2.1,0.0,0.0,0.0,0.0,0.0,0.0,0.0,1.0
121513,0,1,3400,-54,54,171,17,18,0.51,2793568.000000,0,2.1,3.6,0.0,5536.000000,57,0.0,0.0,0.0,1.0
121762,0,1,3400,-54,54,172,16,18,0.50,2538784.000000,0,2.1,1.0,0.0,25184.000000,21,0.0,0.0,0.0,1.0
122011,0,1,3400,-54,54,170,18,18,0.50,2905188.750000,0,2.1,0.0,0.0,0.0,0.0,0.0,0.0,0.0,1.0
122260,0,1,3400,-54,54,167,17,18,0.52,2727360.000000,0,2.1,0.064,0.0,0.0,0.0,0.0,0.0,0.0,1.0
122509,0,1,3400,-54,54,170,17,18,0.51,2710752.000000,0,2.1,0.0,0.0,0.0,0.0,0.0,0.0,0.0,1.0
122758,0,1,3400,-54,54,177,17,18,0.51,2785056.000000,0,2.1,0.0,0.0,36192.000000,0,0.0,0.0,0.0,1.0
123007,0,1,3400,-54,54,168,16,18,0.50,2618336.000000,0,2.1,0.0,0.0,0.0,0.0,0.0,0.0,0.0,1.0
123256,0,1,3400,-54,54,170,17,18,0.50,2805536.000000,0,2.1,0.0,0.0,5536.000000,0,0.0,0.0,0.0,1.0
123505,0,1,3400,-54,54,166,17,18,0.50,2724685.250000,0,2.1,0.0,0.0,0.0,0.0,0.0,0.0,0.0,1.0
123754,0,1,3400,-54,54,171,17,18,0.51,2624832.000000,0.4,2.1,10,0.0,71264.000000,0,0.0,0.0,0.0,1.0
124003,0,1,3400,-54,54,175,17,18,0.51,2708690.750000,0,2.1,14,0.0,0.0,0.0,0.0,0.0,0.0,1.0
124252,0,1,3400,-54,54,173,17,18,0.52,2820960.000000,0,2.1,14,0.0,0.0,0.0,0.0,0.0,0.0,1.0
124501,0,1,3400,-54,54,170,18,18,0.51,2853856.000000,0,2.1,14,0.0,0.0,0.0,0.0,0.0,0.0,1.0
124750,0,1,3400,-54,54,168,18,18,0.50,2891200.000000,0,2.1,14,55,0.0,80,0.0,0.0,0.0,1.0
124999,0,1,3400,-54,54,169,16,18,0.50,2646048.000000,0,2.1,11,0.0,7360.000000,33,0.0,0.0,0.0,1.0
125248,0,1,3400,-54,54,169,17,18,0.50,2723200.000000,0,2.1,4.5,0.0,5536.000000,0,0.0,0.0,0.0,1.0
125497,0,1,3400,-54,54,168,15,18,0.52,2433984.000000,0,2.1,4.5,0.0,0.0,0.0,0.0,0.0,0.0,1.0
125746,0,1,3400,-54,54,174,16,18,0.51,2622757.000000,0,2.1,17,0.0,20589.640625,50,0.0,0.0,0.0,1.0
125995,0,1,3400,-54,54,174,16,18,0.51,2612544.000000,0,2.1,22,0.0,0.0,0.0,0.0,0.0,0.0,1.0
126244,0,1,3400,-54,54,172,18,18,0.52,2900064.000000,0.4,2.1,22,0.0,0.0,0.0,0.0,0.0,0.0,1.0
126493,0,1,3400,-54,54,173,16,18,0.52,2613301.250000,0,2.1,22,0.0,17124.498047,0,0.0,0.0,0.0,1.0
126742,0,1,3400,-54,54,168,17,18,0.51,2760800.000000,0,2.1,22,55,0.0,80,0.0,0.0,0.0,1.0
126991,0,1,3400,-54,54,170,17,18,0.57,2669408.000000,2,2.1,16,0.0,7680.000000,53,0.0,0.0,0.0,1.0
127240,0,1,3400,-54,54,167,17,18,0.50,2644896.000000,0,2.1,0.072,0.0,4288.000000,0,0.0,0.0,0.0,1.0
127489,0,1,3400,-54,54,167,16,18,0.50,2653792.000000,0,2.1,0.0,0.0,0.0,0.0,0.0,0.0,0.0,1.0
127738,0,1,3400,-54,54,170,16,18,0.51,2525705.250000,0,2.1,5.7,0.0,99410.359375,24,0.0,0.0,0.0,1.0
127987,0,1,3400,-54,54,166,17,18,0.54,2704032.000000,0,2.1,8.0,0.0,0.0,0.0,0.0,0.0,0.0,1.0
128236,0,1,3400,-54,54,166,18,18,0.50,2866464.000000,0,2.1,8.0,0.0,0.0,0.0,0.0,0.0,0.0,1.0
128485,0,1,3400,-54,54,170,16,18,0.51,2586345.500000,0,2.1,8.1,0.0,0.0,0.0,0.0,0.0,0.0,1.0
128734,0,1,3400,-54,54,172,17,18,0.50,2749536.000000,0,2.1,2.7,0.0,25376.000000,27,0.0,0.0,0.0,1.0
128983,0,1,3400,-54,54,164,18,18,0.50,2841536.000000,0,2.1,0.0,0.0,5536.000000,0,0.0,0.0,0.0,1.0
129232,0,1,3400,-54,54,169,17,18,0.50,2692320.000000,0,2.1,0.0,0.0,5536.000000,0,0.0,0.0,0.0,1.0
129481,0,1,3400,-54,54,172,18,18,0.50,2805248.000000,0,2.1,0.0,0.0,0.0,0.0,0.0,0.0,0.0,1.0
129730,0,1,3400,-54,54,169,16,18,0.58,2554976.000000,2,2.1,0.064,0.0,47264.000000,0,0.0,0.0,0.0,1.0
129979,0,1,3400,-54,54,168,16,18,0.51,2578773.000000,0,2.1,0.0,0.0,5513.944336,0,0.0,0.0,0.0,1.0
130228,0,1,3400,-54,54,171,17,18,0.51,2646176.000000,0,2.1,0.0,0.0,5536.000000,0,0.0,0.0,0.0,1.0
130477,0,1,3400,-54,54,175,15,18,0.50,2458752.000000,0,2.1,0.0,0.0,0.0,0.0,0.0,0.0,0.0,1.0
130726,0,1,3400,-54,54,174,17,18,0.51,2732337.250000,0,2.1,15,0.0,19469.878906,50,0.0,0.0,0.0,1.0
130975,0,1,3400,-54,54,168,17,18,0.58,2647936.000000,2,2.1,20,0.0,0.0,0.0,0.0,0.0,0.0,1.0
131224,0,1,3400,-54,54,167,16,18,0.52,2607392.000000,0.4,2.1,20,0.0,0.0,0.0,0.0,0.0,0.0,1.0
131473,0,1,3400,-54,54,171,15,18,0.53,2436640.000000,0,2.1,20,0.0,0.0,0.0,0.0,0.0,0.0,1.0
131722,0,1,3400,-54,54,168,17,18,0.50,2766336.000000,0,2.1,15,55,0.0,80,0.0,0.0,0.0,1.0
131971,0,1,3400,-54,54,163,17,18,0.51,2779232.000000,0,2.1,10,0.0,7360.000000,0,0.0,0.0,0.0,1.0
132220,0,1,3400,-54,54,169,17,18,0.50,2639777.000000,0,2.1,4.5,0.0,5513.944336,0,0.0,0.0,0.0,1.0
132469,0,1,3400,-54,54,170,17,18,0.52,2767744.000000,0,2.1,4.5,0.0,0.0,0.0,0.0,0.0,0.0,1.0
132718,0,1,3400,-54,54,170,16,18,0.50,2620819.250000,0,2.1,6.9,55,0.0,80,0.0,0.0,0.0,1.0
132967,0,1,3400,-54,54,169,17,18,0.50,2724781.000000,0,2.1,6.5,0.0,7330.677246,0,0.0,0.0,0.0,1.0
133216,0,1,3400,-54,54,169,18,18,0.51,2867534.250000,0,2.1,4.5,0.0,5558.232910,0,0.0,0.0,0.0,1.0
133465,0,1,3400,-54,54,168,17,18,0.50,2756320.000000,0,2.1,4.5,0.0,0.0,0.0,0.0,0.0,0.0,1.0
133714,0,1,3400,-54,54,169,17,18,0.51,2773440.000000,0,2.1,6.3,0.0,49120.000000,25,0.0,0.0,0.0,1.0
133963,0,1,3400,-54,54,166,16,18,0.51,2676736.000000,0,2.1,7.5,0.0,0.0,0.0,0.0,0.0,0.0,1.0
134212,0,1,3400,-54,54,170,17,18,0.50,2834112.000000,0,2.1,7.5,0.0,0.0,0.0,0.0,0.0,0.0,1.0
134461,0,1,3400,-54,54,167,16,18,0.50,2611282.750000,0,2.1,3.1,0.0,5513.944336,0,0.0,0.0,0.0,1.0
134710,0,1,3400,-54,54,168,17,18,0.50,2784512.000000,0,2.1,0.0,0.0,36192.000000,0,0.0,0.0,0.0,1.0
134959,0,1,3400,-54,54,164,17,18,0.51,2673317.250000,0,2.1,0.0,0.0,0.0,0.0,0.0,0.0,0.0,1.0
135208,0,1,3400,-54,54,166,17,18,0.57,2718208.000000,2,2.1,0.0,0.0,0.0,0.0,0.0,0.0,0.0,1.0
135457,0,1,3400,-54,54,165,16,18,0.50,2549920.000000,0,2.1,0.0,0.0,0.0,0.0,0.0,0.0,0.0,1.0
135706,0,1,3400,-54,54,162,18,18,0.50,2914848.000000,0,2.1,0.064,0.0,47264.000000,0,0.0,0.0,0.0,1.0
135955,0,1,3400,-54,54,164,16,18,0.50,2629248.000000,0,2.1,0.0,0.0,0.0,0.0,0.0,0.0,0.0,1.0
136204,0,1,3400,-54,54,167,17,18,0.51,2691360.000000,0,2.1,0.064,0.0,0.0,0.0,0.0,0.0,0.0,1.0
136453,0,1,3400,-54,54,171,16,18,0.51,2530486.000000,0,2.1,0.0,0.0,0.0,0.0,0.0,0.0,0.0,1.0
136702,0,1,3400,-54,54,175,17,19,0.51,2776064.000000,0,2.1,5.0,0.0,102304.000000,21,0.0,0.0,0.0,1.0
136951,0,1,3400,-54,54,176,16,18,0.51,2644672.000000,0,2.1,8.0,0.0,0.0,0.0,0.0,0.0,0.0,1.0
137200,0,1,3400,-54,54,165,16,18,0.50,2635759.000000,0,2.1,8.0,0.0,0.0,0.0,0.0,0.0,0.0,1.0
137449,0,1,3400,-54,54,164,16,18,0.50,2502368.000000,0,2.1,8.0,0.0,0.0,0.0,0.0,0.0,0.0,1.0
137698,0,1,3400,-54,54,169,18,19,0.51,2831744.000000,0,2.1,14,55,0.0,80,0.0,0.0,0.0,1.0
137947,0,1,3400,-54,54,171,17,18,0.59,2712448.000000,2,2.1,10.0,0.0,7680.000000,0,0.0,0.0,0.0,1.0
138196,0,1,3400,-54,54,175,18,18,0.50,2875232.000000,0,2.1,0.0,0.0,5536.000000,0,0.0,0.0,0.0,1.0
138445,0,1,3400,-54,54,175,17,18,0.52,2781632.000000,0,2.1,0.0,0.0,0.0,0.0,0.0,0.0,0.0,1.0
138694,0,1,3400,-54,54,176,17,18,0.50,2727745.000000,0,2.1,10,0.0,62980.078125,0,0.0,0.0,0.0,1.0
138943,0,1,3400,-54,54,173,18,18,0.52,2833568.000000,0,2.1,14,0.0,0.0,0.0,0.0,0.0,0.0,1.0
139192,0,1,3400,-54,54,169,17,18,0.50,2622811.250000,0,2.1,14,0.0,0.0,0.0,0.0,0.0,0.0,1.0
139441,0,1,3400,-54,54,164,17,18,0.51,2733184.000000,0,2.1,15,0.0,0.0,80,0.0,0.0,0.0,1.0
139690,0,1,3400,-54,54,161,15,18,0.50,2418976.000000,0,2.1,5.3,0.0,91744.000000,26,0.0,0.0,0.0,1.0
139939,0,1,3400,-54,54,167,16,18,0.50,2653728.000000,0,2.1,0.0,0.0,0.0,0.0,0.0,0.0,0.0,1.0
140188,0,1,3400,-54,54,169,17,18,0.50,2735264.000000,0,2.1,4.1,0.0,17056.000000,0,0.0,0.0,0.0,1.0
140437,0,1,3400,-54,54,165,16,18,0.58,2531264.000000,2,2.1,7.5,0.0,0.0,80,0.0,0.0,0.0,1.0
140686,0,1,3400,-54,54,169,17,18,0.50,2757920.000000,0,2.1,6.3,0.0,122880.000000,21,0.0,0.0,0.0,1.0
140935,0,1,3400,-54,54,168,17,18,0.50,2743107.500000,0,2.1,6.0,0.0,0.0,0.0,0.0,0.0,0.0,1.0
141184,0,1,3400,-54,54,167,17,18,0.50,2666441.750000,0,2.1,6.0,0.0,5558.232910,0,0.0,0.0,0.0,1.0
141433,0,1,3400,-54,54,173,17,18,0.50,2703360.000000,0,2.1,6.0,0.0,0.0,0.0,0.0,0.0,0.0,1.0
141682,0,1,3400,-54,54,174,16,18,0.58,2500864.000000,2,2.1,12,55,0.0,80,0.0,0.0,0.0,1.0
141931,0,1,3400,-54,54,171,17,18,0.50,2757088.000000,0,2.1,10,0.0,7360.000000,43,0.0,0.0,0.0,1.0
142180,0,1,3400,-54,54,174,16,18,0.50,2629984.000000,0,2.1,4.5,0.0,5536.000000,0,0.0,0.0,0.0,1.0
142429,0,1,3400,-54,54,174,17,18,0.58,2660864.000000,2,2.1,4.5,0.0,0.0,0.0,0.0,0.0,0.0,1.0
142678,0,1,3400,-54,54,170,16,18,0.51,2615200.000000,0,2.1,0.94,0.0,36192.000000,0,0.0,0.0,0.0,1.0
142927,0,1,3400,-54,54,171,16,18,0.50,2637440.000000,0,2.1,0.0,0.0,5536.000000,0,0.0,0.0,0.0,1.0
143176,0,1,3400,-54,54,170,18,18,0.51,2870502.000000,0,2.1,0.0,0.0,5513.944336,0,0.0,0.0,0.0,1.0
143425,0,1,3400,-54,54,171,16,18,0.50,2565108.500000,0,2.1,0.0,0.0,0.0,0.0,0.0,0.0,0.0,1.0
143674,0,1,3400,-54,54,167,16,18,0.51,2545600.000000,0,2.1,11,0.0,184352.000000,0,0.0,0.0,0.0,1.0
143923,0,1,3400,-54,54,167,18,18,0.50,2816320.000000,0,2.1,16,0.0,0.0,0.0,0.0,0.0,0.0,1.0
144172,0,1,3400,-54,54,167,17,18,0.50,2713088.000000,0,2.1,15,0.0,17056.000000,0,0.0,0.0,0.0,1.0
144421,0,1,3400,-54,54,164,17,19,0.50,2772704.000000,0,2.1,15,0.0,0.0,80,0.0,0.0,0.0,1.0
144670,0,1,3400,-54,54,164,16,18,0.51,2487104.000000,0,2.1,3.4,0.0,41728.000000,0,0.0,0.0,0.0,1.0
144919,0,1,3400,-54,54,170,18,18,0.51,2875584.000000,0,2.1,0.0,0.0,0.0,0.0,0.0,0.0,0.0,1.0
145168,0,1,3400,-54,54,174,17,18,0.51,2707155.500000,0,2.1,0.0,0.0,0.0,0.0,0.0,0.0,0.0,1.0
145417,0,1,3400,-54,54,171,16,18,0.50,2629504.000000,0,2.1,0.0,0.0,0.0,0.0,0.0,0.0,0.0,1.0
145666,0,1,3400,-54,54,168,15,18,0.50,2423680.000000,0,2.1,15,0.0,22592.000000,62,0.0,0.0,0.0,1.0
145915,0,1,3400,-54,54,172,17,18,0.51,2785092.250000,0,2.1,20,0.0,0.0,0.0,0.0,0.0,0.0,1.0
146164,0,1,3400,-54,54,174,16,18,0.50,2529856.000000,0,2.1,20,0.0,0.0,0.0,0.0,0.0,0.0,1.0
146413,0,1,3400,-54,54,169,15,18,0.51,2365824.000000,0,2.1,12,0.0,5536.000000,57,0.0,0.0,0.0,1.0
146662,0,1,3400,-54,54,168,16,18,0.51,2589504.000000,0,2.1,18,0.0,20672.000000,50,0.0,0.0,0.0,1.0
146911,0,1,3400,-54,54,165,15,18,0.51,2476384.000000,0,2.1,22,0.0,0.0,0.0,0.0,0.0,0.0,1.0
147160,0,1,3400,-54,54,164,17,18,0.50,2750080.000000,0,2.1,22,0.0,0.0,0.0,0.0,0.0,0.0,1.0
147409,0,1,3400,-54,54,167,16,18,0.50,2558502.000000,0,2.1,19,0.0,16988.046875,0,0.0,0.0,0.0,1.0
147658,0,1,3400,-54,54,172,16,18,0.50,2536482.000000,0,2.1,4.2,0.0,57381.527344,0,0.0,0.0,0.0,1.0
147907,0,1,3400,-54,54,174,16,18,0.50,2556000.000000,0,2.1,0.064,0.0,0.0,0.0,0.0,0.0,0.0,1.0
148156,0,1,3400,-54,54,168,17,18,0.50,2664256.000000,0,2.1,0.0,0.0,0.0,0.0,0.0,0.0,0.0,1.0
148405,0,1,3400,-54,54,170,18,18,0.50,2870048.000000,0,2.1,0.0,0.0,0.0,0.0,0.0,0.0,0.0,1.0
148654,0,1,3400,-54,54,176,17,18,0.50,2810432.000000,0,2.1,12,0.0,182048.000000,59,0.0,0.0,0.0,1.0
148903,0,1,3400,-54,54,172,16,18,0.50,2561984.000000,0,2.1,16,0.0,0.0,0.0,0.0,0.0,0.0,1.0
149152,0,1,3400,-54,54,172,18,18,0.50,2900064.000000,0,2.1,16,0.0,0.0,0.0,0.0,0.0,0.0,1.0
149401,0,1,3400,-54,54,164,15,18,0.51,2422240.000000,0,2.1,16,0.0,0.0,0.0,0.0,0.0,0.0,1.0
149650,0,1,3400,-54,54,167,17,17,0.67,2583649.500000,5,2.1,9.4,0.0,84047.812500,42,0.0,0.0,0.0,1.0
149899,0,1,3400,-54,54,166,16,18,0.56,2625632.000000,2,2.1,8.0,0.0,0.0,0.0,0.0,0.0,0.0,1.0
150148,0,1,3400,-54,54,163,17,18,0.50,2691116.500000,0,2.1,7.8,0.0,17124.498047,0,0.0,0.0,0.0,1.0
150397,0,1,3400,-54,54,166,18,18,0.50,2825024.000000,0,2.1,7.5,0.0,0.0,80,0.0,0.0,0.0,1.0
150646,0,1,3400,-54,54,168,17,18,0.50,2781056.000000,0,2.1,16,0.0,19392.000000,50,0.0,0.0,0.0,1.0
150895,0,1,3400,-54,54,167,17,18,0.50,2731744.000000,0,2.1,20,0.0,0.0,0.0,0.0,0.0,0.0,1.0
151144,0,1,3400,-54,54,162,17,18,0.50,2675072.000000,0,2.1,20,0.0,0.0,0.0,0.0,0.0,0.0,1.0
151393,0,1,3400,-54,54,163,15,18,0.50,2459232.000000,0,2.1,20,0.0,0.0,0.0,0.0,0.0,0.0,1.0
151642,0,1,3400,-54,54,171,17,18,0.52,2703522.000000,0,2.1,15,55,0.0,80,0.0,0.0,0.0,1.0
151891,0,1,3400,-54,54,172,15,18,0.50,2434891.500000,0,2.1,8.9,0.0,7710.843262,0,0.0,0.0,0.0,1.0
152140,0,1,3400,-54,54,167,16,18,0.51,2573864.500000,0,2.1,0.0,0.0,0.0,0.0,0.0,0.0,0.0,1.0
152389,0,1,3400,-54,54,171,16,18,0.50,2586152.500000,0,2.1,0.0,0.0,5558.232910,0,0.0,0.0,0.0,1.0
152638,0,1,3400,-54,54,170,17,18,0.50,2743072.000000,0,2.1,3.2,0.0,140352.000000,12,0.0,0.0,0.0,1.0
152887,0,1,3400,-54,54,167,17,18,0.50,2773952.000000,0,2.1,0.0,0.0,0.0,0.0,0.0,0.0,0.0,1.0
153136,0,1,3400,-54,54,165,17,18,0.50,2737440.000000,0,2.1,0.0,0.0,0.0,0.0,0.0,0.0,0.0,1.0
153385,0,1,3400,-54,54,168,16,18,0.50,2540704.000000,0,2.1,1.4,0.0,576,0,0.0,0.0,0.0,1.0
153634,0,1,3400,-54,54,172,17,18,0.50,2778656.000000,0,2.1,3.7,0.0,99744.000000,14,0.0,0.0,0.0,1.0
153883,0,1,3400,-54,54,165,16,18,0.50,2648000.000000,0,2.1,2.0,0.0,0.0,0.0,0.0,0.0,0.0,1.0
154132,0,1,3400,-54,54,165,17,18,0.50,2738923.750000,0,2.1,1.6,0.0,5558.232910,0,0.0,0.0,0.0,1.0
154381,0,1,3400,-54,54,166,18,18,0.50,2773248.000000,0,2.1,1.0,0.0,5536.000000,0,0.0,0.0,0.0,1.0
154630,0,1,3400,-54,54,167,16,18,0.51,2665920.000000,0,2.1,10,0.0,55136.000000,37,0.0,0.0,0.0,1.0
154879,0,1,3400,-54,54,173,17,18,0.58,2667040.000000,2,2.1,14,0.0,0.0,0.0,0.0,0.0,0.0,1.0
155128,0,1,3400,-54,54,172,15,18,0.50,2484992.000000,0,2.1,14,0.0,0.0,0.0,0.0,0.0,0.0,1.0
155377,0,1,3400,-54,54,170,17,18,0.57,2718688.000000,2,2.1,14,0.0,0.0,0.0,0.0,0.0,0.0,1.0
155626,0,1,3400,-54,54,170,15,18,0.50,2360416.000000,0,2.1,8.6,0.0,49120.000000,38,0.0,0.0,0.0,1.0
155875,0,1,3400,-54,54,170,17,18,0.50,2664576.000000,0,2.1,0.060,0.0,5536.000000,0,0.0,0.0,0.0,1.0
156124,0,1,3400,-54,54,162,17,18,0.50,2809402.500000,0,2.1,0.0,0.0,0.0,0.0,0.0,0.0,0.0,1.0
156373,0,1,3400,-54,54,164,16,18,0.53,2591616.000000,0.4,2.1,0.0,0.0,5536.000000,0,0.0,0.0,0.0,1.0
156622,0,1,3400,-54,54,171,17,18,0.51,2770538.250000,0,2.1,5.9,55,0.0,80,0.0,0.0,0.0,1.0
156871,0,1,3400,-54,54,174,18,18,0.51,2870496.000000,0,2.1,6.5,0.0,9504.000000,46,0.0,0.0,0.0,1.0
157120,0,1,3400,-54,54,174,17,18,0.50,2773024.000000,0,2.1,4.5,0.0,5536.000000,0,0.0,0.0,0.0,1.0
157369,0,1,3400,-54,54,169,15,18,0.50,2474432.000000,0,2.1,4.5,0.0,0.0,0.0,0.0,0.0,0.0,1.0
157618,0,1,3400,-54,54,172,15,18,0.50,2469632.000000,0,2.1,2.8,0.0,25504.000000,29,0.0,0.0,0.0,1.0
157867,0,1,3400,-54,54,170,17,18,0.50,2680512.000000,0,2.1,5.4,0.0,0.0,80,0.0,0.0,0.0,1.0
158116,0,1,3400,-54,54,162,17,18,0.51,2830528.000000,0,2.1,7.5,0.0,0.0,0.0,0.0,0.0,0.0,1.0
158365,0,1,3400,-54,54,164,15,18,0.50,2418518.000000,0,2.1,4.3,0.0,11027.888672,0,0.0,0.0,0.0,1.0
158614,0,1,3400,-54,54,167,17,18,0.50,2823582.250000,0,2.1,11,0.0,91309.234375,27,0.0,0.0,0.0,1.0
158863,0,1,3400,-54,54,163,16,18,0.53,2525920.000000,0.8,2.1,15,0.0,0.0,0.0,0.0,0.0,0.0,1.0
159112,0,1,3400,-54,54,167,17,18,0.50,2717216.000000,0,2.1,15,0.0,0.0,0.0,0.0,0.0,0.0,1.0
159361,0,1,3400,-54,54,166,17,18,0.50,2718752.000000,0,2.1,15,0.0,0.0,0.0,0.0,0.0,0.0,1.0
159610,0,1,3400,-54,54,174,16,18,0.50,2627456.000000,0,2.1,3.4,0.0,79328.000000,4,0.0,0.0,0.0,1.0
159859,0,1,3400,-54,54,168,15,18,0.51,2439712.000000,0,2.1,0.0,0.0,0.0,0,0.0,0.0,0.0,1.0
160108,0,1,3400,-54,54,173,16,18,0.50,2616800.000000,0,2.1,0.0,0.0,5536.000000,0,0.0,0.0,0.0,1.0
160357,0,1,3400,-54,54,170,17,18,0.50,2713440.000000,0,2.1,0.0,0.0,0.0,0.0,0.0,0.0,0.0,1.0
160606,0,1,3400,-54,54,171,17,18,0.51,2737280.000000,0,2.1,5.9,53,5536.000000,57,0.0,0.0,0.0,1.0
160855,0,1,3400,-54,54,167,16,18,0.50,2638464.000000,0,2.1,5.1,0.0,7680.000000,0,0.0,0.0,0.0,1.0
161104,0,1,3400,-54,54,170,18,18,0.50,2864384.000000,0,2.1,0.0,0.0,0.0,0.0,0.0,0.0,0.0,1.0
161353,0,1,3400,-54,54,166,17,18,0.57,2660224.000000,2,2.1,0.0,0.0,0.0,0.0,0.0,0.0,0.0,1.0
161602,0,1,3400,-54,54,167,16,18,0.50,2663104.000000,0,2.1,1.0,0.0,23968.000000,27,0.0,0.0,0.0,1.0
161851,0,1,3400,-54,54,170,15,18,0.50,2323680.000000,0,2.1,0.0,0.0,0.0,0.0,0.0,0.0,0.0,1.0
162100,0,1,3400,-54,54,165,16,18,0.50,2464480.000000,0,2.1,0.0,0.0,0.0,0.0,0.0,0.0,0.0,1.0
162349,0,1,3400,-54,54,163,16,18,0.50,2631008.000000,0,2.1,0.0,0.0,0.0,0.0,0.0,0.0,0.0,1.0
162598,0,1,3400,-54,54,171,16,18,0.50,2497051.750000,0,2.1,0.0,0.0,79011.953125,12,0.0,0.0,0.0,1.0
162847,0,1,3400,-54,54,173,16,18,0.50,2637847.500000,0,2.1,0.0,0.0,0.0,0.0,0.0,0.0,0.0,1.0
163096,0,1,3400,-54,54,174,15,18,0.50,2424704.000000,0,2.1,0.064,0.0,0.0,0.0,0.0,0.0,0.0,1.0
163345,0,1,3400,-54,54,172,15,18,0.51,2447552.000000,0,2.1,0.0,0.0,0.0,0.0,0.0,0.0,0.0,1.0
163594,0,1,3400,-54,54,172,18,18,0.50,2857824.000000,0,2.1,12,0.0,61952.000000,38,0.0,0.0,0.0,1.0
163843,0,1,3400,-54,54,169,18,18,0.50,2869536.000000,0,2.1,15,0.0,0.0,0.0,0.0,0.0,0.0,1.0
164092,0,1,3400,-54,54,169,17,18,0.51,2669216.000000,0,2.1,15,0.0,0.0,0.0,0.0,0.0,0.0,1.0
164341,0,1,3400,-54,54,168,16,18,0.51,2604896.000000,0,2.1,15,0.0,0.0,0.0,0.0,0.0,0.0,1.0
164590,0,1,3400,-54,54,170,17,18,0.50,2684192.000000,0,2.1,14,0.0,7360.000000,55,0.0,0.0,0.0,1.0
164839,0,1,3400,-54,54,170,15,18,0.51,2462024.000000,0,2.1,4.5,0.0,0.0,0.0,0.0,0.0,0.0,1.0
165088,0,1,3400,-54,54,165,18,18,0.50,2906409.750000,0,2.1,4.5,0.0,0.0,0.0,0.0,0.0,0.0,1.0
165337,0,1,3400,-54,54,169,18,18,0.50,2820928.000000,0,2.1,4.5,0.0,0.0,0.0,0.0,0.0,0.0,1.0
165586,0,1,3400,-54,54,173,16,18,0.50,2662336.000000,0,2.1,6.5,0.0,49472.000000,27,0.0,0.0,0.0,1.0
165835,0,1,3400,-54,54,171,17,18,0.50,2766368.000000,0,2.1,7.6,0.0,0.0,0.0,0.0,0.0,0.0,1.0
166084,0,1,3400,-54,54,170,18,18,0.51,2825024.000000,0,2.1,7.5,0.0,0.0,0.0,0.0,0.0,0.0,1.0
166333,0,1,3400,-54,54,168,18,18,0.50,2860608.000000,0,2.1,7.5,0.0,0.0,0.0,0.0,0.0,0.0,1.0
166582,0,1,3400,-54,54,173,17,18,0.50,2766112.000000,0,2.1,3.3,0.0,71200.000000,11,0.0,0.0,0.0,1.0
166831,0,1,3400,-54,54,171,18,18,0.51,2840096.000000,0,2.1,1.0,0.0,0.0,0.0,0.0,0.0,0.0,1.0
167080,0,1,3400,-54,54,166,16,18,0.50,2615232.000000,0,2.1,1.1,0.0,0.0,0.0,0.0,0.0,0.0,1.0
167329,0,1,3400,-54,54,172,17,18,0.50,2734176.000000,0,2.1,1.0,0.0,0.0,0.0,0.0,0.0,0.0,1.0
167578,0,1,3400,-54,54,169,16,18,0.52,2599488.000000,0.4,2.1,0.21,0.0,41728.000000,0,0.0,0.0,0.0,1.0
167827,0,1,3400,-54,54,164,16,18,0.50,2634464.000000,0,2.1,0.0,0.0,0.0,0.0,0.0,0.0,0.0,1.0
168076,0,1,3400,-54,54,167,18,18,0.50,2860832.000000,0,2.1,0.0,0.0,0.0,0.0,0.0,0.0,0.0,1.0
168325,0,1,3400,-54,54,172,17,18,0.50,2662688.000000,0,2.1,0.0,0.0,0.0,0.0,0.0,0.0,0.0,1.0
168574,0,1,3400,-54,54,170,16,18,0.57,2515616.000000,2,2.1,5.7,0.0,182016.000000,0,0.0,0.0,0.0,1.0
168823,0,1,3400,-54,54,165,16,18,0.51,2642880.000000,0,2.1,7.5,0.0,0.0,0.0,0.0,0.0,0.0,1.0
169072,0,1,3400,-54,54,168,17,18,0.51,2812271.000000,0,2.1,7.5,0.0,0.0,80,0.0,0.0,0.0,1.0
169321,0,1,3400,-54,54,172,17,18,0.58,2646939.750000,2,2.1,5.5,0.0,5558.232910,0,0.0,0.0,0.0,1.0
169570,0,1,3400,-54,54,170,16,18,0.50,2650464.000000,0,2.1,5.9,55,0.0,80,0.0,0.0,0.0,1.0
169819,0,1,3400,-54,54,167,16,18,0.58,2447072.000000,2,2.1,4.9,0.0,7680.000000,0,0.0,0.0,0.0,1.0
170068,0,1,3400,-54,54,170,16,18,0.50,2615744.000000,0,2.1,0.064,0.0,0.0,0.0,0.0,0.0,0.0,1.0
170317,0,1,3400,-54,54,172,17,18,0.53,2838464.000000,0,2.1,0.91,0.0,8864.000000,0,0.0,0.0,0.0,1.0
170566,0,1,3400,-54,54,167,18,18,0.55,2859136.000000,0,2.1,6.1,55,0.0,80,0.0,0.0,0.0,1.0
170815,0,1,3400,-54,54,172,16,18,0.50,2594816.000000,0,2.1,2.5,0.0,7680.000000,0,0.0,0.0,0.0,1.0
171064,0,1,3400,-54,54,170,16,18,0.51,2665920.000000,0,2.1,0.064,0.0,0.0,0.0,0.0,0.0,0.0,1.0
171313,0,1,3400,-54,54,164,17,18,0.51,2675219.000000,0,2.1,0.0,0.0,0.0,0.0,0.0,0.0,0.0,1.0
171562,0,1,3400,-54,54,168,17,18,0.51,2711453.750000,0.4,2.1,1.0,0.0,25477.912109,27,0.0,0.0,0.0,1.0
171811,0,1,3400,-54,54,171,16,18,0.50,2619872.000000,0,2.1,0.0,0.0,5536.000000,0,0.0,0.0,0.0,1.0
172060,0,1,3400,-54,54,172,16,18,0.51,2500768.000000,0,2.1,0.0,0.0,0.0,0.0,0.0,0.0,0.0,1.0
172309,0,1,3400,-54,54,171,15,18,0.50,2316320.000000,0,2.1,0.0,0.0,0.0,0.0,0.0,0.0,0.0,1.0
172558,0,1,3400,-54,54,167,18,18,0.50,2805312.000000,0,2.1,6.0,55,0.0,80,0.0,0.0,0.0,1.0
172807,0,1,3400,-54,54,162,15,17,0.57,2295904.000000,2,2.1,6.6,0.0,7360.000000,29,0.0,0.0,0.0,1.0
173056,0,1,3400,-54,54,165,17,18,0.50,2779072.000000,0,2.1,4.5,0.0,5536.000000,0,0.0,0.0,0.0,1.0
173305,0,1,3400,-54,54,176,17,18,0.60,2680864.000000,2,2.1,4.5,0.0,5536.000000,0,0.0,0.0,0.0,1.0
173554,0,1,3400,-54,54,175,16,18,0.50,2623168.000000,0,2.1,1.1,0.0,41728.000000,0,0.0,0.0,0.0,1.0
173803,0,1,3400,-54,54,171,17,18,0.50,2768352.000000,0,2.1,0.0,0.0,0.0,0.0,0.0,0.0,0.0,1.0
174052,0,1,3400,-54,54,169,17,18,0.56,2703520.000000,0.8,2.1,0.0,0.0,0.0,0.0,0.0,0.0,0.0,1.0
174301,0,1,3400,-54,54,168,15,18,0.50,2430464.000000,0,2.1,0.0,0.0,0.0,0.0,0.0,0.0,0.0,1.0
174550,0,1,3400,-54,54,169,17,18,0.50,2819456.000000,0,2.1,0.064,0.0,27104.000000,8,0.0,0.0,0.0,1.0
174799,0,1,3400,-54,54,172,17,18,0.50,2774912.000000,0,2.1,0.0,0.0,0.0,0.0,0.0,0.0,0.0,1.0
175048,0,1,3400,-54,54,171,17,18,0.50,2795104.000000,0,2.1,0.0,0.0,0.0,0.0,0.0,0.0,0.0,1.0
175297,0,1,3400,-54,54,168,17,18,0.57,2703616.000000,2,2.1,0.11,0.0,8864.000000,0,0.0,0.0,0.0,1.0
175546,0,1,3400,-54,54,170,18,18,0.50,2810880.000000,0,2.1,5.6,0.0,49120.000000,25,0.0,0.0,0.0,1.0
175795,0,1,3400,-54,54,167,16,18,0.50,2534944.000000,0,2.1,3.9,0.0,22592.000000,0,0.0,0.0,0.0,1.0
176044,0,1,3400,-54,54,163,16,18,0.51,2583744.000000,0,2.1,7.5,0.0,0.0,0.0,0.0,0.0,0.0,1.0
176294,0,1,3400,-54,54,167,18,18,0.50,2870400.000000,0,2.1,7.6,0.0,0.0,0.0,0.0,0.0,0.0,1.0
176543,0,1,3400,-54,54,171,18,18,0.50,2840640.000000,0,2.1,7.5,55,0.0,80,0.0,0.0,0.0,1.0
176792,0,1,3400,-54,54,170,17,18,0.50,2774880.000000,0,2.1,5.5,0.0,11008.000000,0,0.0,0.0,0.0,1.0
177041,0,1,3400,-54,54,172,16,18,0.50,2626912.000000,0,2.1,0.93,0.0,5536.000000,0,0.0,0.0,0.0,1.0
177290,0,1,3400,-54,54,167,16,18,0.51,2674944.000000,0,2.1,0.0,0.0,0.0,0.0,0.0,0.0,0.0,1.0
177539,0,1,3400,-54,54,165,16,18,0.51,2639904.000000,0,2.1,5.9,55,0.0,80,0.0,0.0,0.0,1.0
177788,0,1,3400,-54,54,165,17,18,0.50,2746836.750000,0,2.1,4.9,0.0,7649.402344,0,0.0,0.0,0.0,1.0
178037,0,1,3400,-54,54,170,15,18,0.50,2419598.500000,0,2.1,0.0,0.0,5558.232910,0,0.0,0.0,0.0,1.0
178286,0,1,3400,-54,54,172,17,18,0.51,2774432.000000,0,2.1,0.064,0.0,0.0,0.0,0.0,0.0,0.0,1.0
178535,0,1,3400,-54,54,169,16,18,0.53,2658336.000000,0.8,2.1,5.4,0.0,65280.000000,24,0.0,0.0,0.0,1.0
178784,0,1,3400,-54,54,173,16,18,0.50,2513120.000000,0,2.1,4.9,0.0,5536.000000,0,0.0,0.0,0.0,1.0
179033,0,1,3400,-54,54,172,15,18,0.50,2459776.000000,0,2.1,0.0,0.0,5536.000000,0,0.0,0.0,0.0,1.0
179282,0,1,3400,-54,54,165,17,18,0.50,2635168.000000,0,2.1,0.0,0.0,0.0,0.0,0.0,0.0,0.0,1.0
179531,0,1,3400,-54,54,170,16,18,0.51,2505600.000000,0,2.1,5.9,55,0.0,80,0.0,0.0,0.0,1.0
179780,0,1,3400,-54,54,165,17,18,0.50,2687648.000000,0,2.1,5.2,0.0,11008.000000,0,0.0,0.0,0.0,1.0
180029,0,1,3400,-54,54,168,17,18,0.51,2766208.000000,0,2.1,1.0,0.0,0.0,0.0,0.0,0.0,0.0,1.0
180278,0,1,3400,-54,54,167,17,18,0.50,2671648.000000,0,2.1,1.0,0.0,0.0,0.0,0.0,0.0,0.0,1.0
180527,0,1,3400,-54,54,169,16,18,0.50,2590208.000000,0,2.1,1.3,0.0,28448.000000,27,0.0,0.0,0.0,1.0
180776,0,1,3400,-54,54,162,17,18,0.58,2742752.000000,2,2.1,0.0,0.0,0.0,0.0,0.0,0.0,0.0,1.0
181025,0,1,3400,-54,54,164,15,18,0.50,2433760.000000,0,2.1,0.064,0.0,5536.000000,0,0.0,0.0,0.0,1.0
181274,0,1,3400,-54,54,165,17,18,0.50,2721952.000000,0,2.1,2.0,0.0,22592.000000,0,0.0,0.0,0.0,1.0
181523,0,1,3400,-54,54,164,17,18,0.50,2765088.000000,0,2.1,7.5,55,0.0,80,0.0,0.0,0.0,1.0
181772,0,1,3400,-54,54,168,17,18,0.57,2606848.000000,2,2.1,2.8,0.0,11968.000000,44,0.0,0.0,0.0,1.0
182021,0,1,3400,-54,54,166,16,18,0.50,2588000.000000,0,2.1,0.0,0.0,0.0,0.0,0.0,0.0,0.0,1.0
182270,0,1,3400,-54,54,164,17,18,0.51,2590720.000000,0,2.1,0.0,0.0,0.0,0.0,0.0,0.0,0.0,1.0
182519,0,1,3400,-54,54,166,16,18,0.51,2621024.000000,0,2.1,1.0,0.0,20096.000000,25,0.0,0.0,0.0,1.0
182768,0,1,3400,-54,54,168,16,18,0.51,2563264.000000,0,2.1,0.0,0.0,0.0,0.0,0.0,0.0,0.0,1.0
183017,0,1,3400,-54,54,164,18,18,0.57,2806624.000000,2,2.1,0.0,0.0,0.0,0.0,0.0,0.0,0.0,1.0
183266,0,1,3400,-54,54,170,17,18,0.51,2758304.000000,0,2.1,0.0,0.0,0.0,0.0,0.0,0.0,0.0,1.0
183515,0,1,3400,-54,54,166,17,18,0.50,2759040.000000,0,2.1,0.032,0.0,41728.000000,0,0.0,0.0,0.0,1.0
183764,0,1,3400,-54,54,163,18,18,0.50,2896832.000000,0,2.1,0.0,0.0,0.0,0.0,0.0,0.0,0.0,1.0
184013,0,1,3400,-54,54,168,17,18,0.52,2759104.000000,0,2.1,0.0,0.0,0.0,0.0,0.0,0.0,0.0,1.0
184262,0,1,3400,-54,54,170,15,18,0.50,2437696.000000,0,2.1,0.0,0.0,0.0,0.0,0.0,0.0,0.0,1.0
184511,0,1,3400,-54,54,168,17,18,0.50,2648416.000000,0,2.1,0.0,0.0,41728.000000,13,0.0,0.0,0.0,1.0
184760,0,1,3400,-54,54,167,14,18,0.50,2258176.000000,0,2.1,0.0,0.0,0.0,0.0,0.0,0.0,0.0,1.0
185009,0,1,3400,-54,54,165,17,18,0.50,2754080.000000,0,2.1,0.0,0.0,0.0,0.0,0.0,0.0,0.0,1.0
185258,0,1,3400,-54,54,167,15,17,0.58,2417824.000000,2,2.1,0.0,0.0,0.0,0.0,0.0,0.0,0.0,1.0
185507,0,1,3400,-54,54,168,17,18,0.50,2768160.000000,0,2.1,5.3,0.0,49472.000000,27,0.0,0.0,0.0,1.0
185756,0,1,3400,-54,54,168,16,18,0.50,2540096.000000,0,2.1,7.5,0.0,0.0,0.0,0.0,0.0,0.0,1.0
186005,0,1,3400,-54,54,166,18,18,0.50,2863040.000000,0,2.1,4.6,0.0,5536.000000,0,0.0,0.0,0.0,1.0
186254,0,1,3400,-54,54,165,15,18,0.51,2349696.000000,0,2.1,0.064,0.0,0.0,0.0,0.0,1.0,2.0,1.0
186503,0,1,3400,-54,54,169,16,18,0.50,2641280.000000,0,2.1,0.0,0.0,41728.000000,0,0.0,0.0,0.0,1.0
186752,0,1,3400,-54,54,167,16,18,0.50,2591584.000000,0,2.1,0.0,0.0,0.0,0.0,0.0,0.0,0.0,1.0
187001,0,1,3400,-54,54,168,17,18,0.58,2695008.000000,2,2.1,0.0,0.0,0.0,0.0,0.0,0.0,0.0,1.0
187250,0,1,3400,-54,54,173,16,18,0.50,2534624.000000,0,2.1,2.0,0.0,5536.000000,57,0.0,0.0,0.0,1.0
187499,0,1,3400,-54,54,167,18,18,0.51,2844960.000000,0,2.1,2.6,0.0,25376.000000,27,0.0,0.0,0.0,1.0
187748,0,1,3400,-54,54,166,17,18,0.51,2749312.000000,0.4,2.1,0.0,0.0,5536.000000,0,0.0,0.0,0.0,1.0
187997,0,1,3400,-54,54,165,16,18,0.51,2513984.000000,0,2.1,0.0,0.0,0.0,0.0,0.0,0.0,0.0,1.0
188246,0,1,3400,-54,54,160,16,18,0.50,2585280.000000,0,2.1,0.0,0.0,0.0,0.0,0.0,0.0,0.0,1.0
188495,0,1,3400,-54,54,166,16,18,0.51,2465184.000000,0,2.1,0.0,0.0,46752.000000,6,0.0,0.0,0.0,1.0
188744,0,1,3400,-54,54,171,18,18,0.51,2805312.000000,0,2.1,0.0,0.0,0.0,0.0,0.0,0.0,0.0,1.0
188993,0,1,3400,-54,54,170,17,18,0.50,2677888.000000,0,2.1,0.0,0.0,0.0,0.0,0.0,0.0,0.0,1.0
189242,0,1,3400,-54,54,173,16,18,0.50,2537280.000000,0,2.1,0.0,0.0,5536.000000,0,0.0,0.0,0.0,1.0
189491,0,1,3400,-54,54,162,17,18,0.50,2681536.000000,0,2.1,0.0,0.0,41728.000000,0,0.0,0.0,0.0,1.0
189740,0,1,3400,-54,54,164,18,18,0.50,2849056.000000,0,2.1,0.0,0.0,0.0,0.0,0.0,0.0,0.0,1.0
189989,0,1,3400,-54,54,168,18,18,0.50,2822784.000000,0,2.1,0.0,0.0,0.0,0.0,0.0,0.0,0.0,1.0
190238,0,1,3400,-54,54,171,18,19,0.51,2879264.000000,0,2.1,0.0,0.0,0.0,0.0,0.0,0.0,0.0,1.0
190487,0,1,3400,-54,54,167,17,18,0.50,2760224.000000,0,2.1,0.0,0.0,41728.000000,0,0.0,0.0,0.0,1.0
190736,0,1,3400,-54,54,164,17,18,0.53,2753984.000000,0.4,2.1,0.0,0.0,0.0,0.0,0.0,0.0,0.0,1.0
190985,0,1,3400,-54,54,167,17,18,0.50,2659200.000000,0,2.1,0.0,0.0,0.0,0.0,0.0,0.0,0.0,1.0
191234,0,1,3400,-54,54,168,16,18,0.51,2587840.000000,0,2.1,0.0,0.0,0.0,0.0,0.0,0.0,0.0,1.0
191483,0,1,3400,-54,54,169,15,18,0.53,2360416.000000,0.8,2.1,5.7,0.0,94272.000000,31,0.0,0.0,0.0,1.0
191732,0,1,3400,-54,54,167,16,18,0.55,2618368.000000,1,2.1,8.1,0.0,0.0,0.0,0.0,0.0,0.0,1.0
191981,0,1,3400,-54,54,162,15,18,0.50,2496704.000000,0,2.1,8.0,0.0,5536.000000,0,0.0,0.0,0.0,1.0
192230,0,1,3400,-54,54,164,18,18,0.50,2827584.000000,0,2.1,8.0,0.0,0.0,0.0,0.0,0.0,0.0,1.0
192479,0,1,3400,-54,54,169,18,18,0.51,2955040.000000,0,2.1,14,0.0,305024.000000,54,0.0,0.0,0.0,1.0
192728,0,1,3400,-54,54,172,17,18,0.57,2713280.000000,2,2.1,16,0.0,0.0,0.0,0.0,0.0,0.0,1.0
192977,0,1,3400,-54,54,169,17,18,0.50,2675648.000000,0,2.1,16,0.0,0.0,0.0,0.0,0.0,0.0,1.0
193226,0,1,3400,-54,54,166,17,18,0.51,2722304.000000,0,2.1,14,0.0,5536.000000,0,0.0,0.0,0.0,1.0
193475,0,1,3400,-54,54,164,16,18,0.50,2637088.000000,0,2.1,7.6,55,0.0,80,0.0,0.0,0.0,1.0
193724,0,1,3400,-54,54,167,16,18,0.50,2609888.000000,0,2.1,6.6,0.0,10688.000000,0,0.0,0.0,0.0,1.0
193973,0,1,3400,-54,54,171,16,18,0.50,2637952.000000,0,2.1,4.5,0.0,5536.000000,0,0.0,0.0,0.0,1.0
194222,0,1,3400,-54,54,164,17,18,0.50,2656384.000000,0,2.1,4.5,0.0,5536.000000,0,0.0,0.0,0.0,1.0
194471,0,1,3400,-54,54,166,17,18,0.51,2676928.000000,0,2.1,10,55,0.0,80,0.0,0.0,0.0,1.0
194720,0,1,3400,-54,54,166,17,18,0.50,2682560.000000,0,2.1,9.5,0.0,7360.000000,43,0.0,0.0,0.0,1.0
194969,0,1,3400,-54,54,169,16,18,0.57,2471776.000000,2,2.1,4.5,0.0,0.0,0.0,0.0,0.0,0.0,1.0
195218,0,1,3400,-54,54,169,16,18,0.50,2617312.000000,0,2.1,4.5,0.0,0.0,0.0,0.0,0.0,0.0,1.0
195467,0,1,3400,-54,54,166,17,18,0.52,2777280.000000,0,2.1,1.1,0.0,41728.000000,0,0.0,0.0,0.0,1.0
195716,0,1,3400,-54,54,169,16,18,0.50,2558752.000000,0,2.1,0.24,0.0,5536.000000,0,0.0,0.0,0.0,1.0
195965,0,1,3400,-54,54,165,17,18,0.51,2716480.000000,0,2.1,7.5,0.0,17056.000000,0,0.0,0.0,0.0,1.0
196214,0,1,3400,-54,54,161,15,18,0.50,2384608.000000,0,2.1,7.5,0.0,0.0,0.0,0.0,0.0,0.0,1.0
196463,0,1,3400,-54,54,167,17,18,0.58,2706592.000000,2,2.1,7.6,0.0,40224.000000,18,0.0,0.0,0.0,1.0
196712,0,1,3400,-54,54,170,17,18,0.51,2813024.000000,0,2.1,7.5,0.0,0.0,0.0,0.0,0.0,0.0,1.0
196961,0,1,3400,-54,54,169,17,18,0.50,2824608.000000,0,2.1,7.5,0.0,0.0,0.0,0.0,0.0,0.0,1.0
197210,0,1,3400,-54,54,166,17,18,0.50,2628416.000000,0,2.1,7.5,0.0,0.0,0.0,0.0,0.0,0.0,1.0
197459,0,1,3400,-54,54,164,17,18,0.50,2763616.000000,0,2.1,6.9,0.0,54432.000000,0,0.0,0.0,0.0,1.0
197708,0,1,3400,-54,54,165,17,18,0.50,2701120.000000,0,2.1,13,0.0,0.0,80,0.0,0.0,0.0,1.0
197957,0,1,3400,-54,54,169,17,18,0.51,2726336.000000,0,2.1,14,0.0,0.0,0.0,0.0,0.0,0.0,1.0
198206,0,1,3400,-54,54,168,16,18,0.51,2531872.000000,0.4,2.1,14,0.0,0.0,0.0,0.0,0.0,0.0,1.0
198455,0,1,3400,-54,54,170,15,18,0.50,2404128.000000,0,2.1,3.2,0.0,41728.000000,0,0.0,0.0,0.0,1.0
198704,0,1,3400,-54,54,166,17,18,0.50,2762880.000000,0,2.1,0.0,0.0,5536.000000,0,0.0,0.0,0.0,1.0
198953,0,1,3400,-54,54,168,16,18,0.51,2624608.000000,0,2.1,0.064,0.0,5536.000000,0,0.0,0.0,0.0,1.0
199202,0,1,3400,-54,54,168,16,18,0.50,2615328.000000,0,2.1,0.84,0.0,0.0,75,0.0,0.0,0.0,1.0
199451,0,1,3400,-54,54,167,16,18,0.51,2667968.000000,0,2.1,7.0,0.0,44640.000000,35,0.0,0.0,0.0,1.0
199700,0,1,3400,-54,54,162,18,18,0.50,2860960.000000,0,2.1,7.5,0.0,0.0,0.0,0.0,0.0,0.0,1.0
199949,0,1,3400,-54,54,164,16,18,0.50,2524448.000000,0,2.1,7.5,0.0,0.0,0.0,0.0,0.0,0.0,1.0
200198,0,1,3400,-54,54,166,17,18,0.51,2677216.000000,0,2.1,7.5,0.0,5536.000000,0,0.0,0.0,0.0,1.0
200447,0,1,3400,-54,54,167,16,18,0.50,2544608.000000,0,2.1,3.8,0.0,25120.000000,27,0.0,0.0,0.0,1.0
200696,0,1,3400,-54,54,168,15,18,0.51,2394624.000000,0,2.1,0.0,0.0,0.0,0.0,0.0,0.0,0.0,1.0
200945,0,1,3400,-54,54,171,17,18,0.50,2665344.000000,0,2.1,0.0,0.0,0.0,0.0,0.0,0.0,0.0,1.0
201194,0,1,3400,-54,54,170,17,18,0.50,2741312.000000,0,2.1,0.0,0.0,0.0,0.0,0.0,0.0,0.0,1.0
201443,0,1,3400,-54,54,163,18,19,0.50,3018720.000000,0,2.1,12,0.0,227072.000000,61,0.0,0.0,0.0,1.0
201692,0,1,3400,-54,54,165,18,18,0.50,2881984.000000,0,2.1,16,0.0,0.0,0.0,0.0,0.0,0.0,1.0
201941,0,1,3400,-54,54,165,16,18,0.51,2599616.000000,0,2.1,16,0.0,0.0,0.0,0.0,0.0,0.0,1.0
202190,0,1,3400,-54,54,167,16,18,0.51,2508576.000000,0,2.1,16,0.0,0.0,0.0,0.0,0.0,0.0,1.0
202439,0,1,3400,-54,54,164,17,18,0.51,2802272.000000,0,2.1,6.0,0.0,20352.000000,22,0.0,0.0,0.0,1.0
202688,0,1,3400,-54,54,164,15,18,0.57,2397440.000000,2,2.1,6.3,0.0,0.0,80,0.0,0.0,0.0,1.0
202937,0,1,3400,-54,54,169,17,18,0.50,2656224.000000,0,2.1,7.5,0.0,0.0,0.0,0.0,0.0,0.0,1.0
203186,0,1,3400,-54,54,170,16,18,0.52,2507904.000000,0,2.1,7.5,0.0,0.0,0.0,0.0,0.0,0.0,1.0
203435,0,1,3400,-54,54,168,17,18,0.50,2703936.000000,0,2.1,7.6,0.0,159712.000000,0,0.0,0.0,0.0,1.0
203684,0,1,3400,-54,54,167,17,18,0.51,2674048.000000,0,2.1,8.0,0.0,0.0,0.0,0.0,0.0,0.0,1.0
203933,0,1,3400,-54,54,167,15,18,0.50,2342688.000000,0,2.1,8.0,0.0,0.0,0.0,0.0,0.0,0.0,1.0
204182,0,1,3400,-54,54,171,18,18,0.50,2887776.000000,0,2.1,8.0,0.0,0.0,0.0,0.0,0.0,0.0,1.0
204431,0,1,3400,-54,54,169,16,18,0.50,2642144.000000,0,2.1,7.6,55,0.0,80,0.0,0.0,0.0,1.0
204680,0,1,3400,-54,54,165,17,18,0.51,2792032.000000,0,2.1,6.3,0.0,7360.000000,43,0.0,0.0,0.0,1.0
204929,0,1,3400,-54,54,161,16,18,0.57,2593376.000000,2,2.1,4.5,0.0,0.0,0.0,0.0,0.0,0.0,1.0
205178,0,1,3400,-54,54,163,16,18,0.50,2621760.000000,0,2.1,4.5,0.0,0.0,0.0,0.0,0.0,0.0,1.0
205427,0,1,3400,-54,54,168,17,18,0.51,2740448.000000,0,2.1,2.7,0.0,25120.000000,27,0.0,0.0,0.0,1.0
205676,0,1,3400,-54,54,168,16,18,0.50,2671232.000000,0,2.1,0.24,0.0,5536.000000,0,0.0,0.0,0.0,1.0
205925,0,1,3400,-54,54,167,17,18,0.51,2744128.000000,0,2.1,7.5,0.0,0.0,100.000000,0.0,0.0,0.0,1.0
206174,0,1,3400,-54,54,164,16,18,0.50,2595008.000000,0,2.1,7.5,0.0,0.0,0.0,0.0,0.0,0.0,1.0
206423,0,1,3400,-54,54,170,18,18,0.50,2888704.000000,0,2.1,13,0.0,161312.000000,25,0.0,0.0,0.0,1.0
206672,0,1,3400,-54,54,169,17,18,0.50,2699264.000000,0,2.1,16,0.0,0.0,0.0,0.0,0.0,0.0,1.0
206921,0,1,3400,-54,54,167,17,18,0.51,2736864.000000,0,2.1,16,0.0,0.0,0.0,0.0,0.0,0.0,1.0
207170,0,1,3400,-54,54,170,17,18,0.50,2732544.000000,0,2.1,16,0.0,0.0,0.0,0.0,0.0,0.0,1.0
207419,0,1,3400,-54,54,169,16,18,0.50,2566464.000000,0,2.1,3.5,0.0,51264.000000,0,0.0,0.0,0.0,1.0
207668,0,1,3400,-54,54,168,17,18,0.53,2774816.000000,0,2.1,0.0,0.0,0.0,0.0,0.0,0.0,0.0,1.0
207917,0,1,3400,-54,54,162,17,18,0.50,2762976.000000,0,2.1,2.9,0.0,0.0,80,0.0,0.0,0.0,1.0
208166,0,1,3400,-54,54,164,17,18,0.52,2597376.000000,0.4,2.1,7.5,0.0,0.0,0.0,0.0,0.0,0.0,1.0
208415,0,1,3400,-54,54,164,17,18,0.51,2734528.000000,0,2.1,1.6,0.0,41728.000000,0,0.0,0.0,0.0,1.0
208664,0,1,3400,-54,54,162,17,18,0.51,2768608.000000,0,2.1,0.0,0.0,5536.000000,0,0.0,0.0,0.0,1.0
208913,0,1,3400,-54,54,166,16,18,0.50,2492640.000000,0,2.1,0.0,0.0,0.0,0.0,0.0,0.0,0.0,1.0
209162,0,1,3400,-54,54,170,17,18,0.50,2848096.000000,0,2.1,0.0,0.0,0.0,0.0,0.0,0.0,0.0,1.0
209411,0,1,3400,-54,54,172,17,18,0.51,2659200.000000,0,2.1,0.0,0.0,41728.000000,0,0.0,0.0,0.0,1.0
209660,0,1,3400,-54,54,170,18,18,0.50,2885920.000000,0,2.1,0.0,0.0,0.0,0.0,0.0,0.0,0.0,1.0
209909,0,1,3400,-54,54,163,17,18,0.51,2704960.000000,0,2.1,0.0,0.0,0.0,0.0,0.0,0.0,0.0,1.0
210158,0,1,3400,-54,54,164,17,18,0.50,2687136.000000,0,2.1,0.0,0.0,5536.000000,0,0.0,0.0,0.0,1.0
210407,0,1,3400,-54,54,166,15,18,0.51,2314528.000000,0,2.1,6.5,0.0,57024.000000,33,0.0,0.0,0.0,1.0
210656,0,1,3400,-54,54,161,18,18,0.50,2870464.000000,0,2.1,0.056,0.0,5536.000000,0,0.0,0.0,0.0,1.0
210905,0,1,3400,-54,54,170,16,18,0.51,2575200.000000,0,2.1,1.7,0.0,0.0,80,0.0,0.0,0.0,1.0
211154,0,1,3400,-54,54,171,17,19,0.50,2808416.000000,0,2.1,7.5,0.0,0.0,0.0,0.0,0.0,0.0,1.0
211403,0,1,3400,-54,54,164,16,18,0.51,2579296.000000,0,2.1,2.6,0.0,26816.000000,24,0.0,0.0,0.0,1.0
211652,0,1,3400,-54,54,167,16,18,0.51,2537088.000000,0,2.1,4.4,0.0,0.0,80,0.0,0.0,0.0,1.0
211901,0,1,3400,-54,54,165,18,18,0.50,2854176.000000,0,2.1,6.5,0.0,0.0,0.0,0.0,0.0,0.0,1.0
212150,0,1,3400,-54,54,163,17,18,0.51,2714816.000000,0.4,2.1,6.5,0.0,0.0,0.0,0.0,0.0,0.0,1.0
212399,0,1,3400,-54,54,163,17,18,0.58,2728736.000000,2,2.1,1.4,0.0,41728.000000,0,0.0,0.0,0.0,1.0
212648,0,1,3400,-54,54,166,17,18,0.57,2704480.000000,2,2.1,0.0,0.0,5536.000000,0,0.0,0.0,0.0,1.0
212897,0,1,3400,-54,54,169,17,18,0.50,2864800.000000,0,2.1,0.0,0.0,0.0,0.0,0.0,0.0,0.0,1.0
213146,0,1,3400,-54,54,168,17,18,0.50,2694272.000000,0,2.1,0.0,0.0,0.0,0.0,0.0,0.0,0.0,1.0
213395,0,1,3400,-54,54,166,16,18,0.50,2525152.000000,0,2.1,10,0.0,63232.000000,0,0.0,0.0,0.0,1.0
213644,0,1,3400,-54,54,167,16,18,0.50,2661056.000000,0,2.1,15,0.0,0.0,80,0.0,0.0,0.0,1.0
213893,0,1,3400,-54,54,169,17,18,0.51,2816864.000000,0,2.1,15,0.0,0.0,0.0,0.0,0.0,0.0,1.0
214142,0,1,3400,-54,54,170,16,18,0.51,2589824.000000,0,2.1,15,0.0,0.0,0.0,0.0,0.0,0.0,1.0
214391,0,1,3400,-54,54,164,16,18,0.57,2605792.000000,2,2.1,3.4,0.0,41728.000000,0,0.0,0.0,0.0,1.0
214640,0,1,3400,-54,54,166,15,18,0.51,2344640.000000,0,2.1,0.0,0.0,5536.000000,0,0.0,0.0,0.0,1.0
214889,0,1,3400,-54,54,170,17,18,0.57,2598944.000000,2,2.1,0.0,0.0,0.0,0.0,0.0,0.0,0.0,1.0
215138,0,1,3400,-54,54,164,17,18,0.50,2725344.000000,0,2.1,0.0,0.0,0.0,0.0,0.0,0.0,0.0,1.0
215387,0,1,3400,-54,54,169,17,18,0.50,2689920.000000,0,2.1,0.17,0.0,47360.000000,8,0.0,0.0,0.0,1.0
215636,0,1,3400,-54,54,167,18,18,0.51,2862880.000000,0,2.1,0.0,0.0,0.0,0.0,0.0,0.0,0.0,1.0
215885,0,1,3400,-54,54,167,18,18,0.50,2875168.000000,0,2.1,0.0,0.0,0.0,0.0,0.0,0.0,0.0,1.0
216134,0,1,3400,-54,54,168,15,18,0.53,2472288.000000,0.4,2.1,0.0,0.0,0.0,0.0,0.0,0.0,0.0,1.0
216383,0,1,3400,-54,54,165,16,18,0.51,2666944.000000,0,2.1,9.8,0.0,19520.000000,50,0.0,0.0,0.0,1.0
216632,0,1,3400,-54,54,162,15,18,0.50,2325536.000000,0,2.1,13,0.0,0.0,0.0,0.0,0.0,0.0,1.0
216881,0,1,3400,-54,54,167,16,18,0.50,2541216.000000,0,2.1,12,0.0,5536.000000,40,0.0,0.0,0.0,1.0
217130,0,1,3400,-54,54,171,17,18,0.50,2767072.000000,0,2.1,14,0.0,0.0,100.000000,0.0,0.0,0.0,1.0
217379,0,1,3400,-54,54,167,16,18,0.50,2629728.000000,0,2.1,8.4,0.0,61696.000000,25,0.0,0.0,0.0,1.0
217628,0,1,3400,-54,54,164,17,18,0.52,2768160.000000,0.4,2.1,7.5,0.0,0.0,0.0,0.0,0.0,0.0,1.0
217877,0,1,3400,-54,54,169,16,18,0.50,2567008.000000,0,2.1,13,0.0,0.0,80,0.0,0.0,0.0,1.0
218126,0,1,3400,-54,54,171,18,18,0.50,2883008.000000,0,2.1,15,0.0,0.0,0.0,0.0,0.0,0.0,1.0
218375,0,1,3400,-54,54,165,16,18,0.50,2604704.000000,0,2.1,4.4,0.0,25376.000000,27,0.0,0.0,0.0,1.0
218624,0,1,3400,-54,54,164,17,18,0.50,2638048.000000,0,2.1,0.0,0.0,0.0,0.0,0.0,0.0,0.0,1.0
218873,0,1,3400,-54,54,163,17,18,0.50,2785472.000000,0,2.1,0.0,0.0,0.0,0.0,0.0,0.0,0.0,1.0
219122,0,1,3400,-54,54,162,17,18,0.50,2698240.000000,0,2.1,0.0,0.0,0.0,0.0,0.0,0.0,0.0,1.0
219371,0,1,3400,-54,54,163,17,18,0.51,2739232.000000,0,2.1,12,0.0,234240.000000,53,0.0,0.0,0.0,1.0
219620,0,1,3400,-54,54,163,16,18,0.50,2658592.000000,0,2.1,9.3,0.0,5536.000000,0,0.0,0.0,0.0,1.0
219869,0,1,3400,-54,54,166,16,18,0.50,2488192.000000,0,2.1,8.0,0.0,0.0,0.0,0.0,0.0,0.0,1.0
220118,0,1,3400,-54,54,162,17,18,0.50,2685600.000000,0,2.1,11,0.0,22592.000000,0,0.0,0.0,0.0,1.0
220367,0,1,3400,-54,54,168,16,18,0.50,2574272.000000,0,2.1,15,55,0.0,80,0.0,0.0,0.0,1.0
220616,0,1,3400,-54,54,173,16,18,0.51,2665152.000000,0,2.1,10.0,0.0,7680.000000,0,0.0,0.0,0.0,1.0
220865,0,1,3400,-54,54,167,18,18,0.50,2854080.000000,0,2.1,0.0,0.0,0.0,0.0,0.0,0.0,0.0,1.0
221114,0,1,3400,-54,54,163,16,18,0.50,2620352.000000,0,2.1,0.064,0.0,5536.000000,0,0.0,0.0,0.0,1.0
221363,0,1,3400,-54,54,166,17,18,0.50,2724832.000000,0,2.1,5.7,0.0,93120.000000,29,0.0,0.0,0.0,1.0
221612,0,1,3400,-54,54,169,16,18,0.50,2585184.000000,0,2.1,8.0,0.0,0.0,0.0,0.0,0.0,0.0,1.0
221861,0,1,3400,-54,54,170,17,18,0.50,2720640.000000,0,2.1,8.0,0.0,0.0,0.0,0.0,0.0,0.0,1.0
222110,0,1,3400,-54,54,165,16,18,0.50,2633184.000000,0,2.1,8.0,0.0,0.0,0.0,0.0,0.0,0.0,1.0
222359,0,1,3400,-54,54,167,16,18,0.50,2604000.000000,0,2.1,2.0,0.0,36192.000000,0,0.0,0.0,0.0,1.0
222608,0,1,3400,-54,54,165,16,18,0.51,2545440.000000,0,2.1,0.0,0.0,11072.000000,0,0.0,0.0,0.0,1.0
222857,0,1,3400,-54,54,164,16,18,0.50,2584000.000000,0,2.1,0.0,0.0,5536.000000,0,0.0,0.0,0.0,1.0
223106,0,1,3400,-54,54,168,16,18,0.51,2532736.000000,0,2.1,0.0,0.0,0.0,0.0,0.0,0.0,0.0,1.0
223355,0,1,3400,-54,54,168,17,18,0.51,2691648.000000,0,2.1,5.9,55,0.0,80,0.0,0.0,0.0,1.0
223604,0,1,3400,-54,54,167,17,18,0.50,2762368.000000,0,2.1,6.7,0.0,12832.000000,46,0.0,0.0,0.0,1.0
223853,0,1,3400,-54,54,163,17,18,0.50,2724384.000000,0,2.1,4.5,0.0,0.0,0.0,0.0,0.0,0.0,1.0
224102,0,1,3400,-54,54,168,16,18,0.50,2623936.000000,0,2.1,4.5,0.0,0.0,0.0,0.0,0.0,0.0,1.0
224351,0,1,3400,-54,54,170,18,18,0.50,2825600.000000,0,2.1,1.1,0.0,47264.000000,0,0.0,0.0,0.0,1.0
224600,0,1,3400,-54,54,169,17,18,0.52,2656288.000000,0.4,2.1,0.064,0.0,0.0,0.0,0.0,0.0,0.0,1.0
224849,0,1,3400,-54,54,167,16,18,0.51,2546624.000000,0,2.1,0.0,0.0,0.0,0.0,0.0,0.0,0.0,1.0
225098,0,1,3400,-54,54,168,16,18,0.50,2597408.000000,0,2.1,0.0,0.0,0.0,0.0,0.0,0.0,0.0,1.0
225347,0,1,3400,-54,54,170,18,18,0.50,2860224.000000,0,2.1,1.0,0.0,25376.000000,27,0.0,0.0,0.0,1.0
225596,0,1,3400,-54,54,165,16,18,0.50,2632576.000000,0,2.1,0.0,0.0,0.0,0.0,0.0,0.0,0.0,1.0
225845,0,1,3400,-54,54,164,16,18,0.50,2507392.000000,0,2.1,0.0,0.0,0.0,0.0,0.0,0.0,0.0,1.0
226094,0,1,3400,-54,54,167,16,18,0.51,2640672.000000,0,2.1,0.0,0.0,0.0,0.0,0.0,0.0,0.0,1.0
226343,0,1,3400,-54,54,168,17,18,0.50,2817216.000000,0,2.1,8.8,0.0,187584.000000,54,0.0,0.0,0.0,1.0
226592,0,1,3400,-54,54,169,16,18,0.50,2553184.000000,0,2.1,16,0.0,0.0,0.0,0.0,0.0,0.0,1.0
226841,0,1,3400,-54,54,171,17,18,0.51,2685792.000000,0,2.1,16,0.0,0.0,0.0,0.0,0.0,0.0,1.0
227090,0,1,3400,-54,54,166,17,18,0.50,2667808.000000,0,2.1,16,0.0,0.0,0.0,0.0,0.0,0.0,1.0
227339,0,1,3400,-54,54,167,15,18,0.52,2402784.000000,0,2.1,9.0,0.0,61696.000000,0,0.0,0.0,0.0,1.0
227588,0,1,3400,-54,54,164,17,18,0.50,2787008.000000,0,2.1,7.5,0.0,0.0,0.0,0.0,0.0,0.0,1.0
227837,0,1,3400,-54,54,169,18,18,0.50,2863744.000000,0,2.1,7.5,0.0,0.0,0.0,0.0,0.0,0.0,1.0
228086,0,1,3400,-54,54,165,18,18,0.50,2810688.000000,0,2.1,7.5,0.0,0.0,0.0,0.0,0.0,0.0,1.0
228335,0,1,3400,-54,54,166,15,18,0.50,2434080.000000,0,2.1,1.9,0.0,36192.000000,0,0.0,0.0,0.0,1.0
228584,0,1,3400,-54,54,169,16,18,0.52,2520736.000000,0.4,2.1,0.0,0.0,0.0,0.0,0.0,0.0,0.0,1.0
228833,0,1,3400,-54,54,166,15,18,0.50,2398656.000000,0,2.1,0.0,0.0,0.0,0.0,0.0,0.0,0.0,1.0
229082,0,1,3400,-54,54,165,17,18,0.50,2692224.000000,0,2.1,0.0,0.0,5536.000000,0,0.0,0.0,0.0,1.0
229331,0,1,3400,-54,54,167,17,18,0.50,2670528.000000,0,2.1,0.0,0.0,41728.000000,0,0.0,0.0,0.0,1.0
229580,0,1,3400,-54,54,168,16,18,0.50,2637440.000000,0,2.1,0.0,0.0,5536.000000,0,0.0,0.0,0.0,1.0
229829,0,1,3400,-54,54,168,16,18,0.52,2593312.000000,0,2.1,0.0,0.0,5536.000000,0,0.0,0.0,0.0,1.0
230078,0,1,3400,-54,54,167,18,18,0.50,2812672.000000,0,2.1,0.064,0.0,0.0,0.0,0.0,0.0,0.0,1.0
230327,0,1,3400,-54,54,164,16,18,0.50,2532992.000000,0,2.1,5.7,0.0,154176.000000,19,0.0,0.0,0.0,1.0
230576,0,1,3400,-54,54,161,16,18,0.52,2502720.000000,0,2.1,8.0,0.0,0.0,0.0,0.0,0.0,0.0,1.0
230825,0,1,3400,-54,54,163,16,18,0.50,2512288.000000,0,2.1,7.6,0.0,0.0,80,0.0,0.0,0.0,1.0
231074,0,1,3400,-54,54,168,17,18,0.51,2817376.000000,0,2.1,7.5,0.0,5536.000000,0,0.0,0.0,0.0,1.0
231323,0,1,3400,-54,54,166,15,17,0.64,2340576.000000,4,2.1,1.8,0.0,36192.000000,0,0.0,0.0,0.0,1.0
231572,0,1,3400,-54,54,165,17,18,0.50,2771072.000000,0,2.1,0.0,0.0,0.0,0.0,0.0,0.0,0.0,1.0
231821,0,1,3400,-54,54,168,17,18,0.58,2601568.000000,2,2.1,0.0,0.0,5536.000000,0,0.0,0.0,0.0,1.0
232070,0,1,3400,-54,54,165,17,18,0.51,2744544.000000,0,2.1,0.0,0.0,0.0,0.0,0.0,0.0,0.0,1.0
232319,0,1,3400,-54,54,164,18,18,0.50,2993568.000000,0,2.1,12,0.0,197152.000000,64,0.0,0.0,0.0,1.0
232568,0,1,3400,-54,54,169,17,18,0.50,2719136.000000,0,2.1,16,0.0,0.0,0.0,0.0,0.0,0.0,1.0
232817,0,1,3400,-54,54,169,18,18,0.51,2843456.000000,0,2.1,16,0.0,0.0,0.0,0.0,0.0,0.0,1.0
233066,0,1,3400,-54,54,164,16,18,0.51,2565504.000000,0,2.1,13,0.0,5536.000000,0,0.0,0.0,0.0,1.0
233315,0,1,3400,-54,54,163,17,18,0.51,2712960.000000,0,2.1,1.7,0.0,41728.000000,0,0.0,0.0,0.0,1.0
233564,0,1,3400,-54,54,166,16,18,0.50,2624384.000000,0,2.1,0.0,0.0,0.0,0.0,0.0,0.0,0.0,1.0
233813,0,1,3400,-54,54,166,17,18,0.50,2784864.000000,0,2.1,0.0,0.0,0.0,0.0,0.0,0.0,0.0,1.0
234062,0,1,3400,-54,54,163,17,18,0.51,2799904.000000,0,2.1,0.0,0.0,5536.000000,0,0.0,0.0,0.0,1.0
234311,0,1,3400,-54,54,164,17,18,0.50,2674496.000000,0,2.1,0.0,0.0,41728.000000,0,0.0,0.0,0.0,1.0
234560,0,1,3400,-54,54,167,17,18,0.50,2753664.000000,0,2.1,0.0,0.0,0.0,0.0,0.0,0.0,0.0,1.0
234809,0,1,3400,-54,54,169,17,18,0.51,2780864.000000,0,2.1,0.0,0.0,5536.000000,0,0.0,0.0,0.0,1.0
235058,0,1,3400,-54,54,171,17,18,0.50,2658432.000000,0,2.1,0.0,0.0,0.0,0.0,0.0,0.0,0.0,1.0
235307,0,1,3400,-54,54,164,18,18,0.52,2871360.000000,0,2.1,1.0,0.0,25120.000000,27,0.0,0.0,0.0,1.0
235556,0,1,3400,-54,54,164,17,18,0.50,2751552.000000,0,2.1,0.0,0.0,0.0,0.0,0.0,0.0,0.0,1.0
235805,0,1,3400,-54,54,168,17,18,0.50,2786400.000000,0,2.1,0.0,0.0,0.0,0.0,0.0,0.0,0.0,1.0
236054,0,1,3400,-54,54,165,17,18,0.50,2729600.000000,0,2.1,0.59,0.0,8864.000000,33,0.0,0.0,0.0,1.0
236303,0,1,3400,-54,54,167,17,18,0.52,2681536.000000,0,2.1,4.9,0.0,122880.000000,21,0.0,0.0,0.0,1.0
236552,0,1,3400,-54,54,165,17,18,0.50,2724992.000000,0,2.1,6.0,0.0,0.0,0.0,0.0,0.0,0.0,1.0
236801,0,1,3400,-54,54,160,15,18,0.52,2458848.000000,0.4,2.1,6.0,0.0,5536.000000,0,0.0,0.0,0.0,1.0
237050,0,1,3400,-54,54,165,15,18,0.50,2454272.000000,0,2.1,6.0,0.0,0.0,0.0,0.0,0.0,0.0,1.0
237299,0,1,3400,-54,54,166,17,18,0.50,2796032.000000,0,2.1,13,0.0,93344.000000,44,0.0,0.0,0.0,1.0
237548,0,1,3400,-54,54,163,17,18,0.51,2799712.000000,0,2.1,11,0.0,5536.000000,25,0.0,0.0,0.0,1.0
237797,0,1,3400,-54,54,166,17,18,0.53,2786912.000000,0.4,2.1,1.0,0.0,2464.000000,50,0.0,0.0,0.0,1.0
238046,0,1,3400,-54,54,168,15,18,0.51,2471456.000000,0,2.1,1.0,0.0,0.0,0.0,0.0,0.0,0.0,1.0
238295,0,1,3400,-54,54,166,16,17,0.57,2491808.000000,2,2.1,6.9,55,0.0,80,0.0,0.0,0.0,1.0
238544,0,1,3400,-54,54,165,17,18,0.51,2689408.000000,0.4,2.1,5.5,0.0,7680.000000,0,0.0,0.0,0.0,1.0
238793,0,1,3400,-54,54,168,14,17,0.57,2169440.000000,2,2.1,5.3,0.0,22592.000000,0,0.0,0.0,0.0,1.0
239042,0,1,3400,-54,54,164,17,18,0.50,2823200.000000,0,2.1,7.5,0.0,0.0,0.0,0.0,0.0,0.0,1.0
239291,0,1,3400,-54,54,168,17,18,0.57,2661760.000000,2,2.1,14,0.0,99968.000000,0,0.0,0.0,0.0,1.0
239540,0,1,3400,-54,54,157,17,18,0.58,2711552.000000,2,2.1,16,0.0,0.0,0.0,0.0,0.0,0.0,1.0
239789,0,1,3400,-54,54,160,17,18,0.52,2778656.000000,0,2.1,16,0.0,0.0,0.0,0.0,0.0,0.0,1.0
240038,0,1,3400,-54,54,170,17,19,0.50,2781536.000000,0,2.1,16,0.0,0.0,0.0,0.0,0.0,0.0,1.0
240287,0,1,3400,-54,54,169,17,18,0.50,2774560.000000,0,2.1,5.7,0.0,36896.000000,27,0.0,0.0,0.0,1.0
240536,0,1,3400,-54,54,161,18,18,0.51,2831520.000000,0,2.1,0.0,0.0,0.0,0.0,0.0,0.0,0.0,1.0
240785,0,1,3400,-54,54,161,17,18,0.51,2794336.000000,0,2.1,0.0,0.0,0.0,0.0,0.0,0.0,0.0,1.0
241034,0,1,3400,-54,54,168,17,18,0.50,2651008.000000,0,2.1,0.0,0.0,11072.000000,0,0.0,0.0,0.0,1.0
241283,0,1,3400,-54,54,166,18,18,0.57,2934496.000000,2,2.1,6.4,0.0,232192.000000,52,0.0,0.0,0.0,1.0
241532,0,1,3400,-54,54,167,16,18,0.50,2536992.000000,0,2.1,16,0.0,0.0,0.0,0.0,0.0,0.0,1.0
241781,0,1,3400,-54,54,166,17,18,0.51,2719680.000000,0.4,2.1,16,0.0,0.0,0.0,0.0,0.0,0.0,1.0
242030,0,1,3400,-54,54,166,17,18,0.50,2667392.000000,0,2.1,16,0.0,0.0,0.0,0.0,0.0,0.0,1.0
242279,0,1,3400,-54,54,166,17,18,0.51,2790752.000000,0,2.1,3.6,0.0,41728.000000,0,0.0,0.0,0.0,1.0
242528,0,1,3400,-54,54,163,17,18,0.50,2752224.000000,0,2.1,0.0,0.0,0.0,0.0,0.0,0.0,0.0,1.0
242777,0,1,3400,-54,54,160,17,18,0.51,2859168.000000,0,2.1,0.0,0.0,0.0,0.0,0.0,0.0,0.0,1.0
243026,0,1,3400,-54,54,167,17,18,0.50,2723680.000000,0,2.1,0.064,0.0,0.0,0.0,0.0,0.0,0.0,1.0
243275,0,1,3400,-54,54,164,17,18,0.50,2813824.000000,0,2.1,0.0,0.0,47264.000000,0,0.0,0.0,0.0,1.0
243524,0,1,3400,-54,54,159,16,18,0.50,2522240.000000,0,2.1,0.0,0.0,0.0,0.0,0.0,0.0,0.0,1.0
243773,0,1,3400,-54,54,164,18,18,0.50,2885056.000000,0,2.1,0.0,0.0,0.0,0.0,0.0,0.0,0.0,1.0
244022,0,1,3400,-54,54,167,18,18,0.51,2883200.000000,0,2.1,0.064,0.0,0.0,0.0,0.0,0.0,0.0,1.0
244271,0,1,3400,-54,54,165,18,18,0.53,2954784.000000,0.4,2.1,12,0.0,148192.000000,63,0.0,0.0,0.0,1.0
244520,0,1,3400,-54,54,164,16,18,0.50,2598112.000000,0,2.1,16,0.0,0.0,0.0,0.0,0.0,0.0,1.0
244769,0,1,3400,-54,54,168,16,18,0.50,2589632.000000,0,2.1,16,0.0,0.0,0.0,0.0,0.0,0.0,1.0
245018,0,1,3400,-54,54,169,17,18,0.50,2674112.000000,0,2.1,16,0.0,0.0,0.0,0.0,0.0,0.0,1.0
245267,0,1,3400,-54,54,169,16,18,0.50,2653376.000000,0,2.1,4.6,0.0,23328.000000,27,0.0,0.0,0.0,1.0
245516,0,1,3400,-54,54,163,17,18,0.57,2574208.000000,2,2.1,0.0,0.0,0.0,0.0,0.0,0.0,0.0,1.0
245765,0,1,3400,-54,54,163,17,18,0.51,2735712.000000,0,2.1,0.0,0.0,0.0,0.0,0.0,0.0,0.0,1.0
246014,0,1,3400,-54,54,166,17,18,0.58,2675872.000000,2,2.1,0.0,0.0,5536.000000,0,0.0,0.0,0.0,1.0
246263,0,1,3400,-54,54,164,17,18,0.54,2751552.000000,0.4,2.1,9.2,0.0,234912.000000,48,0.0,0.0,0.0,1.0
246512,0,1,3400,-54,54,162,18,18,0.51,2861696.000000,0,2.1,16,0.0,0.0,0.0,0.0,0.0,0.0,1.0
246761,0,1,3400,-54,54,163,17,18,0.51,2798912.000000,0,2.1,16,0.0,0.0,0.0,0.0,0.0,0.0,1.0
247010,0,1,3400,-54,54,169,17,18,0.50,2867360.000000,0,2.1,16,0.0,0.0,0.0,0.0,0.0,0.0,1.0
247259,0,1,3400,-54,54,161,17,18,0.50,2776000.000000,0,2.1,3.6,0.0,41728.000000,0,0.0,0.0,0.0,1.0
247508,0,1,3400,-54,54,163,16,18,0.50,2563776.000000,0,2.1,0.0,0.0,0.0,0.0,0.0,0.0,0.0,1.0
247757,0,1,3400,-54,54,171,17,18,0.50,2666912.000000,0,2.1,0.0,0.0,0.0,0.0,0.0,0.0,0.0,1.0
248006,0,1,3400,-54,54,165,14,18,0.50,2295584.000000,0,2.1,0.0,0.0,0.0,0.0,0.0,0.0,0.0,1.0
248255,0,1,3400,-54,54,158,18,19,0.50,2891360.000000,0,2.1,5.5,0.0,66176.000000,0,0.0,0.0,0.0,1.0
248504,0,1,3400,-54,54,163,17,18,0.51,2745248.000000,0,2.1,7.5,0.0,0.0,0.0,0.0,0.0,0.0,1.0
248753,0,1,3400,-54,54,170,17,18,0.50,2746432.000000,0,2.1,9.2,0.0,0.0,80,0.0,0.0,0.0,1.0
249002,0,1,3400,-54,54,168,16,18,0.51,2632064.000000,0,2.1,11,0.0,5536.000000,0,0.0,0.0,0.0,1.0
249251,0,1,3400,-54,54,170,17,18,0.51,2758432.000000,0,2.1,6.9,0.0,49472.000000,27,0.0,0.0,0.0,1.0
249500,0,1,3400,-54,54,173,17,18,0.51,2726880.000000,0,2.1,7.5,0.0,0.0,0.0,0.0,0.0,0.0,1.0
249749,0,1,3400,-54,54,171,17,18,0.54,2767424.000000,0,2.1,7.5,0.0,0.0,0.0,0.0,0.0,0.0,1.0
249998,0,1,3400,-54,54,166,17,18,0.51,2640864.000000,0,2.1,4.3,0.0,5536.000000,0,0.0,0.0,0.0,1.0
250247,0,1,3400,-54,54,163,16,18,0.50,2641184.000000,0,2.1,5.9,55,0.0,80,0.0,0.0,0.0,1.0
250496,0,1,3400,-54,54,162,17,18,0.53,2707744.000000,0,2.1,5.1,0.0,7680.000000,0,0.0,0.0,0.0,1.0
250745,0,1,3400,-54,54,163,17,18,0.51,2652544.000000,0,2.1,0.0,0.0,5536.000000,50,0.0,0.0,0.0,1.0
250994,0,1,3400,-54,54,163,18,18,0.50,2840192.000000,0,2.1,0.0,0.0,0.0,0.0,0.0,0.0,0.0,1.0
251243,0,1,3400,-54,54,165,16,18,0.57,2482368.000000,2,2.1,1.0,0.0,24992.000000,27,0.0,0.0,0.0,1.0
251492,0,1,3400,-54,54,167,18,18,0.58,2792192.000000,2,2.1,0.0,0.0,0.0,0.0,0.0,0.0,0.0,1.0
251741,0,1,3400,-54,54,166,17,18,0.50,2694080.000000,0,2.1,0.0,0.0,5536.000000,0,0.0,0.0,0.0,1.0
251990,0,1,3400,-54,54,170,16,18,0.59,2606496.000000,2,2.1,0.0,0.0,5536.000000,0,0.0,0.0,0.0,1.0
252239,0,1,3400,-54,54,170,18,18,0.51,2864768.000000,0,2.1,5.8,0.0,80672.000000,29,0.0,0.0,0.0,1.0
252488,0,1,3400,-54,54,162,17,18,0.50,2753312.000000,0,2.1,8.0,0.0,0.0,0.0,0.0,0.0,0.0,1.0
252737,0,1,3400,-54,54,166,18,18,0.51,2862560.000000,0,2.1,8.0,0.0,0.0,0.0,0.0,0.0,0.0,1.0
252986,0,1,3400,-54,54,167,17,18,0.50,2754272.000000,0,2.1,8.0,0.0,0.0,0.0,0.0,0.0,0.0,1.0
253235,0,1,3400,-54,54,169,17,18,0.50,2741120.000000,0,2.1,12,0.0,65344.000000,27,0.0,0.0,0.0,1.0
253484,0,1,3400,-54,54,168,18,18,0.51,2855904.000000,0,2.1,14,0.0,0.0,0.0,0.0,0.0,0.0,1.0
253733,0,1,3400,-54,54,161,17,18,0.50,2759584.000000,0,2.1,10,0.0,5536.000000,0,0.0,0.0,0.0,1.0
253982,0,1,3400,-54,54,160,18,19,0.52,2857248.000000,0.4,2.1,7.5,0.0,0.0,0.0,0.0,0.0,0.0,1.0
254231,0,1,3400,-54,54,162,17,18,0.50,2729568.000000,0,2.1,13,55,0.0,80,0.0,0.0,0.0,1.0
254480,0,1,3400,-54,54,167,16,18,0.50,2610624.000000,0,2.1,10.0,0.0,7680.000000,0,0.0,0.0,0.0,1.0
254729,0,1,3400,-54,54,168,17,18,0.51,2757856.000000,0,2.1,0.0,0.0,0.0,0.0,0.0,0.0,0.0,1.0
254978,0,1,3400,-54,54,171,17,19,0.50,2736960.000000,0,2.1,0.0,0.0,5536.000000,0,0.0,0.0,0.0,1.0
255227,0,1,3400,-54,54,173,18,18,0.52,2811904.000000,0.4,2.1,5.9,55,0.0,80,0.0,0.0,0.0,1.0
255476,0,1,3400,-54,54,163,17,18,0.50,2763296.000000,0,2.1,1.5,0.0,7680.000000,0,0.0,0.0,0.0,1.0
255725,0,1,3400,-54,54,162,16,18,0.50,2613984.000000,0,2.1,0.39,0.0,8864.000000,0,0.0,0.0,0.0,1.0
255974,0,1,3400,-54,54,163,18,19,0.50,2830368.000000,0,2.1,1.0,0.0,0.0,0.0,0.0,0.0,0.0,1.0
256223,0,1,3400,-54,54,167,17,18,0.50,2797568.000000,0,2.1,10,0.0,63232.000000,0,0.0,0.0,0.0,1.0
256472,0,1,3400,-54,54,170,18,18,0.51,2819328.000000,0,2.1,14,0.0,0.0,0.0,0.0,0.0,0.0,1.0
256721,0,1,3400,-54,54,165,17,18,0.50,2766304.000000,0,2.1,14,0.0,0.0,0.0,0.0,0.0,0.0,1.0
256970,0,1,3400,-54,54,167,18,19,0.50,2901440.000000,0,2.1,14,0.0,0.0,0.0,0.0,0.0,0.0,1.0
257219,0,1,3400,-54,54,169,18,18,0.53,2866304.000000,0.4,2.1,15,55,0.0,80,0.0,0.0,0.0,1.0
257468,0,1,3400,-54,54,168,17,18,0.52,2730976.000000,0,2.1,10.0,0.0,7680.000000,0,0.0,0.0,0.0,1.0
257717,0,1,3400,-54,54,170,17,18,0.51,2716608.000000,0,2.1,0.0,0.0,0.0,0.0,0.0,0.0,0.0,1.0
257966,0,1,3400,-54,54,162,17,18,0.50,2619424.000000,0,2.1,0.0,0.0,0.0,0.0,0.0,0.0,0.0,1.0
258215,0,1,3400,-54,54,165,17,18,0.50,2835136.000000,0,2.1,12,0.0,254624.000000,55,0.0,0.0,0.0,1.0
258464,0,1,3400,-54,54,165,16,19,0.50,2606112.000000,0,2.1,16,0.0,0.0,0.0,0.0,0.0,0.0,1.0
258713,0,1,3400,-54,54,167,17,18,0.50,2722336.000000,0,2.1,16,0.0,0.0,0.0,0.0,0.0,0.0,1.0
258962,0,1,3400,-54,54,164,17,18,0.51,2719584.000000,0,2.1,8.7,0.0,5536.000000,0,0.0,0.0,0.0,1.0
259211,0,1,3400,-54,54,170,17,18,0.50,2746240.000000,0,2.1,7.6,55,0.0,80,0.0,0.0,0.0,1.0
259460,0,1,3400,-54,54,166,17,18,0.50,2675648.000000,0,2.1,6.5,0.0,7360.000000,20,0.0,0.0,0.0,1.0
259709,0,1,3400,-54,54,161,16,18,0.51,2680160.000000,0,2.1,4.5,0.0,0.0,0.0,0.0,0.0,0.0,1.0
259958,0,1,3400,-54,54,165,16,18,0.51,2531712.000000,0,2.1,4.5,0.0,0.0,0.0,0.0,0.0,0.0,1.0
260207,0,1,3400,-54,54,165,16,18,0.52,2651072.000000,0,2.1,6.9,53,5536.000000,57,0.0,0.0,0.0,1.0
260456,0,1,3400,-54,54,166,15,18,0.50,2390752.000000,0,2.1,6.7,0.0,16224.000000,0,0.0,0.0,0.0,1.0
260705,0,1,3400,-54,54,167,17,18,0.50,2793088.000000,0,2.1,4.5,0.0,0.0,0.0,0.0,0.0,0.0,1.0
260954,0,1,3400,-54,54,165,18,18,0.51,2887616.000000,0,2.1,4.5,0.0,0.0,0.0,0.0,0.0,0.0,1.0
261203,0,1,3400,-54,54,166,18,19,0.51,2886432.000000,0,2.1,6.5,0.0,79104.000000,0,0.0,0.0,0.0,1.0
261452,0,1,3400,-54,54,161,17,18,0.50,2766752.000000,0,2.1,7.5,0.0,0.0,0.0,0.0,0.0,0.0,1.0
261701,0,1,3400,-54,54,165,17,18,0.50,2675904.000000,0,2.1,4.6,0.0,5536.000000,0,0.0,0.0,0.0,1.0
261950,0,1,3400,-54,54,168,17,18,0.58,2753504.000000,2,2.1,0.0,0.0,0.0,0.0,0.0,0.0,0.0,1.0
262199,0,1,3400,-54,54,171,16,18,0.51,2646656.000000,0,2.1,5.4,0.0,62976.000000,0,0.0,0.0,0.0,1.0
262448,0,1,3400,-54,54,169,17,18,0.51,2769024.000000,0,2.1,7.5,0.0,0.0,0.0,0.0,0.0,0.0,1.0
262697,0,1,3400,-54,54,164,17,18,0.51,2749632.000000,0,2.1,7.6,0.0,0.0,0.0,0.0,0.0,0.0,1.0
262946,0,1,3400,-54,54,168,17,18,0.50,2818592.000000,0,2.1,0.66,0.0,5536.000000,0,0.0,0.0,0.0,1.0
263195,0,1,3400,-54,54,166,17,18,0.50,2713504.000000,0,2.1,4.7,0.0,69664.000000,18,0.0,0.0,0.0,1.0
263444,0,1,3400,-54,54,160,17,18,0.50,2753760.000000,0,2.1,6.0,0.0,5536.000000,0,0.0,0.0,0.0,1.0
263693,0,1,3400,-54,54,165,18,18,0.50,2881248.000000,0,2.1,6.0,0.0,0.0,0.0,0.0,0.0,0.0,1.0
263942,0,1,3400,-54,54,164,16,18,0.50,2624384.000000,0,2.1,6.0,0.0,0.0,0.0,0.0,0.0,0.0,1.0
264191,0,1,3400,-54,54,164,18,18,0.50,2864416.000000,0,2.1,1.5,0.0,41728.000000,0,0.0,0.0,0.0,1.0
264440,0,1,3400,-54,54,161,17,18,0.50,2776672.000000,0,2.1,0.0,0.0,0.0,0.0,0.0,0.0,0.0,1.0
264689,0,1,3400,-54,54,158,17,18,0.50,2708576.000000,0,2.1,0.0,0.0,5536.000000,0,0.0,0.0,0.0,1.0
264938,0,1,3400,-54,54,167,17,19,0.50,2753408.000000,0,2.1,0.0,0.0,0.0,0.0,0.0,0.0,0.0,1.0
265187,0,1,3400,-54,54,171,17,18,0.50,2825728.000000,0,2.1,1.0,0.0,25088.000000,24,0.0,0.0,0.0,1.0
265436,0,1,3400,-54,54,168,18,18,0.50,2855168.000000,0,2.1,0.0,0.0,0.0,0.0,0.0,0.0,0.0,1.0
265685,0,1,3400,-54,54,169,16,18,0.51,2612256.000000,0,2.1,0.0,0.0,0.0,0.0,0.0,0.0,0.0,1.0
265934,0,1,3400,-54,54,169,17,18,0.50,2682688.000000,0,2.1,0.0,0.0,0.0,0.0,0.0,0.0,0.0,1.0
266183,0,1,3400,-54,54,163,18,18,0.51,2841728.000000,0,2.1,11,0.0,160192.000000,0,0.0,0.0,0.0,1.0
266432,0,1,3400,-54,54,166,16,18,0.51,2564224.000000,0,2.1,9.5,0.0,5536.000000,57,0.0,0.0,0.0,1.0
266681,0,1,3400,-54,54,166,18,19,0.51,2871232.000000,0,2.1,7.0,0.0,0.0,0.0,0.0,0.0,0.0,1.0
266930,0,1,3400,-54,54,165,17,18,0.50,2691520.000000,0,2.1,11,0.0,17056.000000,0,0.0,0.0,0.0,1.0
267179,0,1,3400,-54,54,161,17,18,0.51,2682816.000000,0,2.1,6.7,0.0,57184.000000,22,0.0,0.0,0.0,1.0
267428,0,1,3400,-54,54,162,17,19,0.51,2792640.000000,0,2.1,7.5,0.0,0.0,0.0,0.0,0.0,0.0,1.0
267677,0,1,3400,-54,54,167,18,18,0.50,2853504.000000,0,2.1,7.5,0.0,0.0,0.0,0.0,0.0,0.0,1.0
267926,0,1,3400,-54,54,168,17,18,0.51,2704320.000000,0,2.1,7.5,0.0,0.0,0.0,0.0,0.0,0.0,1.0
268175,0,1,3400,-54,54,168,18,19,0.50,2862432.000000,0,2.1,18,0.0,37728.000000,40,0.0,0.0,0.0,1.0
268424,0,1,3400,-54,54,166,16,18,0.50,2621568.000000,0,2.1,22,0.0,0.0,0.0,0.0,0.0,0.0,1.0
268673,0,1,3400,-54,54,167,17,18,0.50,2694848.000000,0,2.1,22,0.0,0.0,0.0,0.0,0.0,0.0,1.0
268922,0,1,3400,-54,54,166,16,18,0.50,2547680.000000,0,2.1,22,0.0,0.0,0.0,0.0,0.0,0.0,1.0
269171,0,1,3400,-54,54,171,16,18,0.50,2604928.000000,0,2.1,21,0.0,20672.000000,50,0.0,0.0,0.0,1.0
269420,0,1,3400,-54,54,170,17,18,0.50,2711872.000000,0,2.1,22,0.0,0.0,0.0,0.0,0.0,0.0,1.0
269669,0,1,3400,-54,54,165,17,18,0.52,2707296.000000,0,2.1,22,0.0,0.0,0.0,0.0,0.0,0.0,1.0
269918,0,1,3400,-54,54,156,18,18,0.51,2853344.000000,0,2.1,22,0.0,0.0,0.0,0.0,0.0,0.0,1.0
270167,0,1,3400,-54,54,159,18,18,0.50,2812512.000000,0,2.1,16,55,0.0,80,0.0,0.0,0.0,1.0
270416,0,1,3400,-54,54,168,18,18,0.50,2847616.000000,0,2.1,10,0.0,11008.000000,0,0.0,0.0,0.0,1.0
270665,0,1,3400,-54,54,164,17,18,0.50,2718816.000000,0,2.1,1.0,0.0,0.0,0.0,0.0,0.0,0.0,1.0
270914,0,1,3400,-54,54,164,17,18,0.51,2821632.000000,0,2.1,1.0,0.0,0.0,0.0,0.0,0.0,0.0,1.0
271163,0,1,3400,-54,54,162,17,18,0.63,2615200.000000,4,2.1,6.8,0.0,41536.000000,0,0.0,0.0,0.0,1.0
271412,0,1,3400,-54,54,165,16,18,0.51,2531360.000000,0,2.1,9.0,0.0,0.0,0.0,0.0,0.0,0.0,1.0
271661,0,1,3400,-54,54,170,17,18,0.51,2781472.000000,0,2.1,9.0,0.0,0.0,0.0,0.0,0.0,0.0,1.0
271910,0,1,3400,-54,54,163,17,18,0.50,2725088.000000,0,2.1,9.0,0.0,0.0,0.0,0.0,0.0,0.0,1.0
272159,0,1,3400,-54,54,161,19,19,0.52,3354080.000000,0,2.1,8.6,55,0.0,80,0.0,0.0,0.0,1.0
272408,0,1,3400,-54,54,164,17,18,0.50,2741280.000000,0,2.1,5.5,0.0,7680.000000,0,0.0,0.0,0.0,1.0
272657,0,1,3400,-54,54,166,16,18,0.50,2598496.000000,0,2.1,0.0,0.0,0.0,0.0,0.0,0.0,0.0,1.0
272906,0,1,3400,-54,54,170,18,18,0.50,2814112.000000,0,2.1,0.0,0.0,0.0,0.0,0.0,0.0,0.0,1.0
273155,0,1,3400,-54,54,164,16,18,0.50,2656704.000000,0,2.1,9.7,0.0,65344.000000,27,0.0,0.0,0.0,1.0
273404,0,1,3400,-54,54,159,16,18,0.50,2546304.000000,0,2.1,8.5,0.0,16608.000000,0,0.0,0.0,0.0,1.0
273653,0,1,3400,-54,54,160,17,18,0.51,2687392.000000,0,2.1,7.5,0.0,0.0,0.0,0.0,0.0,0.0,1.0
273902,0,1,3400,-54,54,167,16,18,0.50,2531968.000000,0,2.1,8.3,0.0,5536.000000,50,0.0,0.0,0.0,1.0
274151,0,1,3400,-54,54,165,16,18,0.50,2635168.000000,0,2.1,3.4,0.0,41728.000000,8,0.0,0.0,0.0,1.0
274400,0,1,3400,-54,54,164,17,18,0.51,2646496.000000,0,2.1,0.0,0.0,0.0,0.0,0.0,0.0,0.0,1.0
274649,0,1,3400,-54,54,165,16,18,0.50,2594784.000000,0,2.1,0.0,0.0,0.0,0.0,0.0,0.0,0.0,1.0
274898,0,1,3400,-54,54,165,17,18,0.51,2848096.000000,0,2.1,0.0,0.0,0.0,0.0,0.0,0.0,0.0,1.0
275147,0,1,3400,-54,54,168,18,18,0.51,2834720.000000,0,2.1,5.7,0.0,140352.000000,13,0.0,0.0,0.0,1.0
275396,0,1,3400,-54,54,165,18,18,0.50,2873120.000000,0,2.1,8.0,0.0,0.0,0.0,0.0,0.0,0.0,1.0
275645,0,1,3400,-54,54,159,17,18,0.51,2729760.000000,0,2.1,8.0,0.0,0.0,0.0,0.0,0.0,0.0,1.0
275894,0,1,3400,-54,54,165,17,18,0.58,2720640.000000,2,2.1,8.0,0.0,0.0,0.0,0.0,0.0,0.0,1.0
276143,0,1,3400,-54,54,172,18,19,0.50,2890304.000000,0,2.1,2.7,0.0,25120.000000,27,0.0,0.0,0.0,1.0
276392,0,1,3400,-54,54,167,18,18,0.50,2872416.000000,0,2.1,0.0,0.0,0.0,0.0,0.0,0.0,0.0,1.0
276641,0,1,3400,-54,54,161,17,18,0.50,2670368.000000,0,2.1,0.0,0.0,0.0,0.0,0.0,0.0,0.0,1.0
276890,0,1,3400,-54,54,163,17,18,0.57,2677184.000000,2,2.1,0.0,0.0,5536.000000,0,0.0,0.0,0.0,1.0
277139,0,1,3400,-54,54,169,18,18,0.59,2818656.000000,2,2.1,0.0,0.0,41728.000000,0,0.0,0.0,0.0,1.0
277388,0,1,3400,-54,54,170,17,18,0.50,2679840.000000,0,2.1,0.0,0.0,0.0,0.0,0.0,0.0,0.0,1.0
277637,0,1,3400,-54,54,168,18,18,0.50,2881696.000000,0,2.1,0.0,0.0,0.0,0.0,0.0,0.0,0.0,1.0
277886,0,1,3400,-54,54,164,16,18,0.50,2561408.000000,0,2.1,0.0,0.0,0.0,0.0,0.0,0.0,0.0,1.0
278135,0,1,3400,-54,54,167,17,19,0.51,2631072.000000,0,2.1,0.72,0.0,56480.000000,0,0.0,0.0,0.0,1.0
278384,0,1,3400,-54,54,171,18,18,0.50,2869184.000000,0,2.1,1.0,0.0,0.0,0.0,0.0,0.0,0.0,1.0
278633,0,1,3400,-54,54,168,17,18,0.50,2767904.000000,0,2.1,1.0,0.0,0.0,0.0,0.0,0.0,0.0,1.0
278882,0,1,3400,-54,54,166,17,18,0.58,2582976.000000,2,2.1,1.0,0.0,0.0,0.0,0.0,0.0,0.0,1.0
279131,0,1,3400,-54,54,158,18,18,0.50,2936000.000000,0,2.1,12,0.0,255808.000000,56,0.0,0.0,0.0,1.0
279380,0,1,3400,-54,54,165,17,18,0.52,2771680.000000,0,2.1,16,0.0,0.0,0.0,0.0,0.0,0.0,1.0
279629,0,1,3400,-54,54,169,16,18,0.50,2627904.000000,0,2.1,15,0.0,5536.000000,0,0.0,0.0,0.0,1.0
279878,0,1,3400,-54,54,166,18,18,0.50,2907744.000000,0,2.1,8.0,0.0,0.0,0.0,0.0,0.0,0.0,1.0
280127,0,1,3400,-54,54,169,18,18,0.50,2818304.000000,0,2.1,7.6,55,0.0,80,0.0,0.0,0.0,1.0
280376,0,1,3400,-54,54,169,18,18,0.50,2882944.000000,0,2.1,5.1,0.0,7680.000000,0,0.0,0.0,0.0,1.0
280625,0,1,3400,-54,54,162,18,18,0.51,2922752.000000,0,2.1,0.0,0.0,0.0,0.0,0.0,0.0,0.0,1.0
280874,0,1,3400,-54,54,163,17,18,0.57,2685568.000000,2,2.1,0.0,0.0,0.0,0.0,0.0,0.0,0.0,1.0
281123,0,1,3400,-54,54,168,16,18,0.50,2681696.000000,0,2.1,1.1,0.0,28448.000000,27,0.0,0.0,0.0,1.0
281372,0,1,3400,-54,54,170,17,18,0.50,2722112.000000,0,2.1,0.0,0.0,0.0,0.0,0.0,0.0,0.0,1.0
281621,0,1,3400,-54,54,173,17,18,0.50,2818784.000000,0,2.1,0.0,0.0,0.0,0.0,0.0,0.0,0.0,1.0
281870,0,1,3400,-54,54,171,16,18,0.50,2631168.000000,0,2.1,0.0,0.0,0.0,0.0,0.0,0.0,0.0,1.0
282119,0,1,3400,-54,54,167,18,19,0.50,2835648.000000,0,2.1,0.064,0.0,41728.000000,0,0.0,0.0,0.0,1.0
282368,0,1,3400,-54,54,167,17,18,0.50,2646912.000000,0,2.1,0.0,0.0,0.0,0.0,0.0,0.0,0.0,1.0
282617,0,1,3400,-54,54,167,17,18,0.51,2808032.000000,0,2.1,0.064,0.0,0.0,0.0,0.0,0.0,0.0,1.0
282866,0,1,3400,-54,54,161,17,18,0.50,2801024.000000,0,2.1,0.0,0.0,0.0,0.0,0.0,0.0,0.0,1.0
283115,0,1,3400,-54,54,163,18,19,0.50,2859648.000000,0,2.1,0.0,0.0,41728.000000,0,0.0,0.0,0.0,1.0
283364,0,1,3400,-54,54,169,18,18,0.58,2797120.000000,2,2.1,0.0,0.0,0.0,0.0,0.0,0.0,0.0,1.0
283613,0,1,3400,-54,54,166,17,18,0.50,2707648.000000,0,2.1,0.0,0.0,0.0,0.0,0.0,0.0,0.0,1.0
283862,0,1,3400,-54,54,165,17,18,0.50,2769696.000000,0,2.1,0.0,0.0,5536.000000,0,0.0,0.0,0.0,1.0
284111,0,1,3400,-54,54,165,15,18,0.58,2373152.000000,2,2.1,5.9,55,0.0,80,0.0,0.0,0.0,1.0
284360,0,1,3400,-54,54,169,17,18,0.51,2779168.000000,0,2.1,6.3,0.0,7360.000000,0,0.0,0.0,0.0,1.0
284609,0,1,3400,-54,54,164,16,18,0.51,2667456.000000,0,2.1,4.5,0.0,0.0,0.0,0.0,0.0,0.0,1.0
284858,0,1,3400,-54,54,167,17,18,0.51,2736224.000000,0,2.1,4.5,0.0,5536.000000,0,0.0,0.0,0.0,1.0
285107,0,1,3400,-54,54,168,17,18,0.50,2787616.000000,0,2.1,10,55,0.0,80,0.0,0.0,0.0,1.0
285356,0,1,3400,-54,54,165,16,18,0.50,2491104.000000,0,2.1,7.9,0.0,7680.000000,0,0.0,0.0,0.0,1.0
285605,0,1,3400,-54,54,164,17,18,0.51,2776512.000000,0,2.1,0.0,0.0,0.0,0.0,0.0,0.0,0.0,1.0
285854,0,1,3400,-54,54,160,16,18,0.57,2488064.000000,2,2.1,0.0,0.0,0.0,0.0,0.0,0.0,0.0,1.0
286103,0,1,3400,-54,54,162,17,18,0.50,2761856.000000,0,2.1,0.040,0.0,33984.000000,0,0.0,0.0,0.0,1.0
286352,0,1,3400,-54,54,164,17,18,0.50,2696768.000000,0,2.1,0.0,0.0,0.0,0,0.0,0.0,0.0,1.0
286601,0,1,3400,-54,54,168,16,18,0.50,2557152.000000,0,2.1,6.5,0.0,5536.000000,67,0.0,0.0,0.0,1.0
286850,0,1,3400,-54,54,165,17,18,0.57,2759584.000000,2,2.1,7.5,0.0,0.0,0.0,0.0,0.0,0.0,1.0
287099,0,1,3400,-54,54,167,17,18,0.51,2788992.000000,0.4,2.1,13,0.0,255808.000000,53,0.0,0.0,0.0,1.0
287348,0,1,3400,-54,54,168,16,18,0.50,2649536.000000,0,2.1,16,0.0,0.0,0.0,0.0,0.0,0.0,1.0
287597,0,1,3400,-54,54,168,17,19,0.51,2697920.000000,0,2.1,14,0.0,22592.000000,0,0.0,0.0,0.0,1.0
287846,0,1,3400,-54,54,165,17,18,0.51,2777888.000000,0,2.1,16,0.0,0.0,0.0,0.0,0.0,0.0,1.0
288095,0,1,3400,-54,54,166,17,18,0.53,2697728.000000,0.8,2.1,16,55,0.0,80,0.0,0.0,0.0,1.0
288344,0,1,3400,-54,54,165,18,18,0.55,2788512.000000,1,2.1,10,0.0,7680.000000,0,0.0,0.0,0.0,1.0
288593,0,1,3400,-54,54,164,16,18,0.50,2676064.000000,0,2.1,0.0,0.0,0.0,0.0,0.0,0.0,0.0,1.0
288842,0,1,3400,-54,54,158,18,18,0.50,2872608.000000,0,2.1,0.0,0.0,0.0,0.0,0.0,0.0,0.0,1.0
289091,0,1,3400,-54,54,163,16,18,0.51,2728128.000000,0,2.1,12,0.0,237568.000000,62,0.0,0.0,0.0,1.0
289340,0,1,3400,-54,54,163,18,19,0.52,2891456.000000,0,2.1,16,0.0,0.0,0.0,0.0,0.0,0.0,1.0
289589,0,1,3400,-54,54,158,18,19,0.51,2870208.000000,0,2.1,16,0.0,0.0,0.0,0.0,0.0,0.0,1.0
289838,0,1,3400,-54,54,159,18,18,0.50,2878912.000000,0,2.1,16,0.0,0.0,0.0,0.0,0.0,0.0,1.0
290087,0,1,3400,-54,54,163,18,18,0.50,2886080.000000,0,2.1,4.6,0.0,25088.000000,24,0.0,0.0,0.0,1.0
290336,0,1,3400,-54,54,161,18,18,0.51,2839360.000000,0,2.1,0.0,0.0,0.0,0.0,0.0,0.0,0.0,1.0
290585,0,1,3400,-54,54,169,17,18,0.50,2785216.000000,0,2.1,0.0,0.0,5536.000000,0,0.0,0.0,0.0,1.0
290834,0,1,3400,-54,54,168,18,18,0.50,2867488.000000,0,2.1,5.6,0.0,0.0,80,0.0,0.0,0.0,1.0
291083,0,1,3400,-54,54,166,16,18,0.50,2662080.000000,0,2.1,1.6,0.0,41728.000000,0,0.0,0.0,0.0,1.0
291332,0,1,3400,-54,54,163,17,18,0.50,2667584.000000,0,2.1,0.0,0.0,5536.000000,0,0.0,0.0,0.0,1.0
291581,0,1,3400,-54,54,160,18,18,0.50,2856736.000000,0,2.1,0.54,0.0,0.0,67,0.0,0.0,0.0,1.0
291830,0,1,3400,-54,54,165,17,18,0.50,2667744.000000,0,2.1,7.5,0.0,0.0,100.000000,0.0,0.0,0.0,1.0
292079,0,1,3400,-54,54,168,17,18,0.50,2735584.000000,0,2.1,2.6,0.0,30656.000000,24,0.0,0.0,0.0,1.0
292328,0,1,3400,-54,54,168,17,18,0.51,2683456.000000,0,2.1,0.0,0.0,0.0,0.0,0.0,0.0,0.0,1.0
292577,0,1,3400,-54,54,168,16,18,0.50,2650656.000000,0,2.1,2.4,0.0,5536.000000,57,0.0,0.0,0.0,1.0
292826,0,1,3400,-54,54,159,16,18,0.51,2651168.000000,0,2.1,0.0,0.0,0.0,0.0,0.0,0.0,0.0,1.0
293076,0,1,3400,-54,54,159,17,19,0.51,2754848.000000,0,2.1,11,0.0,123296.000000,27,0.0,0.0,0.0,1.0
293325,0,1,3400,-54,54,162,16,18,0.50,2609792.000000,0,2.1,16,0.0,0.0,0.0,0.0,0.0,0.0,1.0
293574,0,1,3400,-54,54,168,16,18,0.50,2636928.000000,0,2.1,16,0.0,0.0,0.0,0.0,0.0,0.0,1.0
293823,0,1,3400,-54,54,165,18,18,0.50,2902272.000000,0,2.1,16,0.0,0.0,0.0,0.0,0.0,0.0,1.0
294072,0,1,3400,-54,54,169,18,18,0.50,2866784.000000,0,2.1,3.5,0.0,41728.000000,8,0.0,0.0,0.0,1.0
294321,0,1,3400,-54,54,164,17,18,0.51,2649472.000000,0,2.1,0.0,0.0,0.0,0.0,0.0,0.0,0.0,1.0
294570,0,1,3400,-54,54,158,18,18,0.50,2866464.000000,0,2.1,0.0,0.0,0.0,0.0,0.0,0.0,0.0,1.0
294819,0,1,3400,-54,54,160,17,18,0.50,2672800.000000,0,2.1,0.0,0.0,0.0,0.0,0.0,0.0,0.0,1.0
295068,0,1,3400,-54,54,163,16,18,0.50,2655168.000000,0,2.1,1.0,0.0,25120.000000,27,0.0,0.0,0.0,1.0
295317,0,1,3400,-54,54,165,18,18,0.50,2831616.000000,0,2.1,0.0,0.0,0.0,0.0,0.0,0.0,0.0,1.0
295566,0,1,3400,-54,54,157,17,18,0.50,2748288.000000,0,2.1,0.0,0.0,0.0,0.0,0.0,0.0,0.0,1.0
295815,0,1,3400,-54,54,162,16,18,0.50,2564576.000000,0,2.1,0.0,0.0,5536.000000,0,0.0,0.0,0.0,1.0
296064,0,1,3400,-54,54,168,16,18,0.50,2657216.000000,0,2.1,1.0,0.0,25120.000000,27,0.0,0.0,0.0,1.0
296313,0,1,3400,-54,54,168,18,18,0.57,2794912.000000,2,2.1,0.0,0.0,0.0,0.0,0.0,0.0,0.0,1.0
296562,0,1,3400,-54,54,166,17,18,0.50,2687424.000000,0,2.1,0.0,0.0,0.0,0.0,0.0,0.0,0.0,1.0
296811,0,1,3400,-54,54,167,17,18,0.50,2771712.000000,0,2.1,0.0,0.0,0.0,0.0,0.0,0.0,0.0,1.0
297060,0,1,3400,-54,54,165,18,18,0.55,2884416.000000,0.8,2.1,12,0.0,139232.000000,52,0.0,0.0,0.0,1.0
297309,0,1,3400,-54,54,160,17,19,0.50,2748800.000000,0,2.1,16,0.0,0.0,0.0,0.0,0.0,0.0,1.0
297558,0,1,3400,-54,54,164,16,18,0.50,2564064.000000,0,2.1,16,0.0,0.0,0.0,0.0,0.0,0.0,1.0
297807,0,1,3400,-54,54,166,17,18,0.51,2823712.000000,0,2.1,16,0.0,0.0,0.0,0.0,0.0,0.0,1.0
298056,0,1,3400,-54,54,159,18,18,0.50,2898688.000000,0,2.1,4.6,0.0,25376.000000,27,0.0,0.0,0.0,1.0
298305,0,1,3400,-54,54,162,18,19,0.50,2833216.000000,0,2.1,0.0,0.0,0.0,0.0,0.0,0.0,0.0,1.0
298554,0,1,3400,-54,54,167,17,18,0.50,2725920.000000,0,2.1,0.0,0.0,0.0,0.0,0.0,0.0,0.0,1.0
298803,0,1,3400,-54,54,170,16,18,0.50,2606976.000000,0,2.1,0.0,0.0,0.0,0.0,0.0,0.0,0.0,1.0
299052,0,1,3400,-54,54,165,17,18,0.51,2739264.000000,0,2.1,5.7,0.0,140352.000000,0,0.0,0.0,0.0,1.0
299301,0,1,3400,-54,54,164,18,18,0.57,2819936.000000,2,2.1,8.0,0.0,0.0,0.0,0.0,0.0,0.0,1.0
299550,0,1,3400,-54,54,161,18,18,0.50,2804896.000000,0,2.1,8.0,0.0,0.0,0.0,0.0,0.0,0.0,1.0
299799,0,1,3400,-54,54,164,17,18,0.58,2613312.000000,2,2.1,8.0,0.0,0.0,0.0,0.0,0.0,0.0,1.0
300048,0,1,3400,-54,54,168,18,18,0.51,2824448.000000,0,2.1,14,55,0.0,80,0.0,0.0,0.0,1.0
300297,0,1,3400,-54,54,163,16,18,0.50,2609792.000000,0,2.1,10,0.0,7680.000000,0,0.0,0.0,0.0,1.0
300546,0,1,3400,-54,54,166,18,18,0.50,2848800.000000,0,2.1,0.0,0.0,5536.000000,0,0.0,0.0,0.0,1.0
300795,0,1,3400,-54,54,168,17,18,0.50,2767296.000000,0,2.1,0.0,0.0,0.0,0.0,0.0,0.0,0.0,1.0
301044,0,1,3400,-54,54,169,17,18,0.51,2755008.000000,0.4,2.1,3.8,0.0,72000.000000,14,0.0,0.0,0.0,1.0
301293,0,1,3400,-54,54,167,16,18,0.50,2556384.000000,0,2.1,6.0,0.0,0.0,0.0,0.0,0.0,0.0,1.0
301542,0,1,3400,-54,54,162,18,18,0.50,2840832.000000,0,2.1,6.0,0.0,0.0,0.0,0.0,0.0,0.0,1.0
301791,0,1,3400,-54,54,160,16,18,0.50,2625600.000000,0,2.1,12,0.0,0.0,80,0.0,0.0,0.0,1.0
302040,0,1,3400,-54,54,164,16,18,0.50,2563808.000000,0,2.1,3.0,0.0,36192.000000,8,0.0,0.0,0.0,1.0
302289,0,1,3400,-54,54,169,17,18,0.50,2746176.000000,0,2.1,0.0,0.0,0.0,0.0,0.0,0.0,0.0,1.0
302538,0,1,3400,-54,54,163,17,18,0.50,2776608.000000,0,2.1,0.0,0.0,0.0,0.0,0.0,0.0,0.0,1.0
302787,0,1,3400,-54,54,163,17,18,0.51,2687808.000000,0,2.1,0.0,0.0,0.0,0.0,0.0,0.0,0.0,1.0
303036,0,1,3400,-54,54,166,16,18,0.50,2498016.000000,0,2.1,0.0,0.0,43424.000000,0,0.0,0.0,0.0,1.0
303285,0,1,3400,-54,54,163,18,18,0.52,2862016.000000,0,2.1,0.0,0.0,0.0,0.0,0.0,0.0,0.0,1.0
303534,0,1,3400,-54,54,161,18,18,0.57,2783488.000000,2,2.1,0.0,0.0,0.0,0.0,0.0,0.0,0.0,1.0
303783,0,1,3400,-54,54,164,16,18,0.50,2507968.000000,0,2.1,0.0,0.0,0.0,0.0,0.0,0.0,0.0,1.0
304032,0,1,3400,-54,54,165,17,18,0.50,2700544.000000,0,2.1,0.0,0.0,41728.000000,0,0.0,0.0,0.0,1.0
304281,0,1,3400,-54,54,158,18,18,0.50,2872960.000000,0,2.1,0.0,0.0,0.0,0.0,0.0,0.0,0.0,1.0
304530,0,1,3400,-54,54,159,18,18,0.52,2892736.000000,0.4,2.1,0.0,0.0,0.0,0.0,0.0,0.0,0.0,1.0
304779,0,1,3400,-54,54,158,17,18,0.50,2757952.000000,0,2.1,0.0,0.0,0.0,0.0,0.0,0.0,0.0,1.0
305028,0,1,3400,-54,54,156,17,18,0.50,2731168.000000,0,2.1,9.8,0.0,138528.000000,33,0.0,0.0,0.0,1.0
305277,0,1,3400,-54,54,164,17,18,0.51,2741920.000000,0,2.1,14,0.0,0.0,0.0,0.0,0.0,0.0,1.0
305526,0,1,3400,-54,54,169,17,18,0.51,2826880.000000,0,2.1,14,0.0,0.0,0.0,0.0,0.0,0.0,1.0
305775,0,1,3400,-54,54,166,16,18,0.52,2689440.000000,0,2.1,14,0.0,0.0,0.0,0.0,0.0,0.0,1.0
306024,0,1,3400,-54,54,166,16,18,0.57,2546272.000000,2,2.1,9.0,55,0.0,80,0.0,0.0,0.0,1.0
306273,0,1,3400,-54,54,166,17,18,0.50,2648192.000000,0,2.1,4.9,0.0,7680.000000,0,0.0,0.0,0.0,1.0
306522,0,1,3400,-54,54,171,16,18,0.50,2569664.000000,0,2.1,0.0,0.0,0.0,0.0,0.0,0.0,0.0,1.0
306771,0,1,3400,-54,54,168,16,18,0.50,2582304.000000,0,2.1,0.0,0.0,0.0,0.0,0.0,0.0,0.0,1.0
307020,0,1,3400,-54,54,167,18,18,0.50,2888000.000000,0,2.1,12,0.0,182752.000000,54,0.0,0.0,0.0,1.0
307269,0,1,3400,-54,54,165,18,18,0.50,2822880.000000,0,2.1,16,0.0,0.0,0.0,0.0,0.0,0.0,1.0
307518,0,1,3400,-54,54,166,16,18,0.51,2622848.000000,0,2.1,16,0.0,0.0,0.0,0.0,0.0,0.0,1.0
307767,0,1,3400,-54,54,167,17,18,0.50,2856608.000000,0,2.1,16,0.0,0.0,0.0,0.0,0.0,0.0,1.0
308016,0,1,3400,-54,54,164,16,18,0.50,2669664.000000,0,2.1,9.2,0.0,99808.000000,33,0.0,0.0,0.0,1.0
308265,0,1,3400,-54,54,164,16,18,0.50,2571872.000000,0,2.1,8.0,0.0,0.0,0.0,0.0,0.0,0.0,1.0
308514,0,1,3400,-54,54,165,17,19,0.51,2740512.000000,0,2.1,8.0,0.0,0.0,0.0,0.0,0.0,0.0,1.0
308763,0,1,3400,-54,54,166,17,18,0.51,2757024.000000,0.4,2.1,8.0,0.0,0.0,0.0,0.0,0.0,0.0,1.0
309012,0,1,3400,-54,54,164,17,18,0.50,2715904.000000,0,2.1,3.1,0.0,96352.000000,25,0.0,0.0,0.0,1.0
309261,0,1,3400,-54,54,166,16,18,0.50,2649248.000000,0,2.1,0.0,0.0,0.0,0.0,0.0,0.0,0.0,1.0
309510,0,1,3400,-54,54,170,18,18,0.51,2878400.000000,0,2.1,0.0,0.0,0.0,0.0,0.0,0.0,0.0,1.0
309759,0,1,3400,-54,54,169,16,18,0.50,2571904.000000,0,2.1,0.0,0.0,5536.000000,0,0.0,0.0,0.0,1.0
310008,0,1,3400,-54,54,169,16,18,0.50,2525728.000000,0,2.1,5.9,55,0.0,80,0.0,0.0,0.0,1.0
310257,0,1,3400,-54,54,158,17,18,0.50,2760416.000000,0,2.1,6.9,0.0,10688.000000,0,0.0,0.0,0.0,1.0
310506,0,1,3400,-54,54,162,17,18,0.50,2767232.000000,0,2.1,5.5,0.0,8864.000000,0,0.0,0.0,0.0,1.0
310755,0,1,3400,-54,54,171,16,18,0.50,2637184.000000,0,2.1,5.4,0.0,5536.000000,0,0.0,0.0,0.0,1.0
311004,0,1,3400,-54,54,167,16,18,0.51,2600256.000000,0,2.1,6.7,0.0,99808.000000,32,0.0,0.0,0.0,1.0
311253,0,1,3400,-54,54,163,17,18,0.50,2749568.000000,0,2.1,8.0,0.0,0.0,0.0,0.0,0.0,0.0,1.0
311502,0,1,3400,-54,54,167,17,18,0.52,2674240.000000,0,2.1,8.0,0.0,0.0,0.0,0.0,0.0,0.0,1.0
311751,0,1,3400,-54,54,169,18,18,0.50,2797888.000000,0,2.1,8.0,0.0,0.0,0.0,0.0,0.0,0.0,1.0
312000,0,1,3400,-54,54,169,16,18,0.51,2524352.000000,0,2.1,2.7,0.0,25376.000000,27,0.0,0.0,0.0,1.0
312249,0,1,3400,-54,54,164,18,18,0.50,2831072.000000,0,2.1,0.0,0.0,0.0,0.0,0.0,0.0,0.0,1.0
312498,0,1,3400,-54,54,159,17,18,0.50,2689632.000000,0,2.1,0.0,0.0,0.0,0.0,0.0,0.0,0.0,1.0
312747,0,1,3400,-54,54,162,17,18,0.51,2789472.000000,0,2.1,0.0,0.0,0.0,0.0,0.0,0.0,0.0,1.0
312996,0,1,3400,-54,54,168,17,18,0.50,2682720.000000,0,2.1,14,0.0,81024.000000,58,0.0,0.0,0.0,1.0
313245,0,1,3400,-54,54,168,17,18,0.50,2733376.000000,0,2.1,21,0.0,0.0,0.0,0.0,0.0,0.0,1.0
313494,0,1,3400,-54,54,166,17,18,0.57,2598432.000000,2,2.1,20,0.0,5536.000000,0,0.0,0.0,0.0,1.0
313743,0,1,3400,-54,54,164,17,18,0.56,2700384.000000,0.4,2.1,8.5,0.0,0.0,80,0.0,0.0,0.0,1.0
313992,0,1,3400,-54,54,166,17,18,0.51,2770624.000000,0,2.1,8.6,0.0,61696.000000,0,0.0,0.0,0.0,1.0
314241,0,1,3400,-54,54,165,16,18,0.50,2657312.000000,0,2.1,7.5,0.0,0.0,0.0,0.0,0.0,0.0,1.0
314490,0,1,3400,-54,54,164,16,18,0.50,2516544.000000,0,2.1,7.5,0.0,0.0,0.0,0.0,0.0,0.0,1.0
314739,0,1,3400,-54,54,169,17,18,0.51,2791104.000000,0,2.1,7.5,0.0,5536.000000,0,0.0,0.0,0.0,1.0
314988,0,1,3400,-54,54,171,17,18,0.51,2730112.000000,0,2.1,18,0.0,20672.000000,50,0.0,0.0,0.0,1.0
315237,0,1,3400,-54,54,165,16,17,0.59,2590464.000000,2,2.1,22,0.0,0.0,0.0,0.0,0.0,0.0,1.0
315487,0,1,3400,-54,54,172,17,18,0.57,2686464.000000,2,2.1,22,0.0,0.0,0.0,0.0,0.0,0.0,1.0
315736,0,1,3400,-54,54,165,17,18,0.51,2776000.000000,0,2.1,20,0.0,17056.000000,0,0.0,0.0,0.0,1.0
315985,0,1,3400,-54,54,163,16,18,0.51,2541984.000000,0,2.1,15,55,0.0,80,0.0,0.0,0.0,1.0
316234,0,1,3400,-54,54,171,17,18,0.51,2702080.000000,0,2.1,8.2,0.0,16224.000000,14,0.0,0.0,0.0,1.0
316483,0,1,3400,-54,54,161,17,18,0.50,2841952.000000,0,2.1,4.5,0.0,0.0,0.0,0.0,0.0,0.0,1.0
316732,0,1,3400,-54,54,165,16,18,0.51,2628224.000000,0,2.1,4.5,0.0,0.0,0.0,0.0,0.0,0.0,1.0
316981,0,1,3400,-54,54,166,17,18,0.50,2841280.000000,0,2.1,10,55,0.0,80,0.0,0.0,0.0,1.0
317230,0,1,3400,-54,54,166,16,18,0.50,2561248.000000,0,2.1,9.4,0.0,7360.000000,20,0.0,0.0,0.0,1.0
317479,0,1,3400,-54,54,167,16,18,0.50,2534176.000000,0,2.1,4.7,0.0,8864.000000,0,0.0,0.0,0.0,1.0
317728,0,1,3400,-54,54,159,16,18,0.50,2590240.000000,0,2.1,6.2,0.0,17056.000000,0,0.0,0.0,0.0,1.0
317977,0,1,3400,-54,54,160,17,18,0.51,2698496.000000,0,2.1,19,0.0,20672.000000,50,0.0,0.0,0.0,1.0
318226,0,1,3400,-54,54,169,17,18,0.50,2757472.000000,0,2.1,22,0.0,0.0,0.0,0.0,0.0,0.0,1.0
318475,0,1,3400,-54,54,161,17,18,0.50,2662784.000000,0,2.1,22,0.0,0.0,0.0,0.0,0.0,0.0,1.0
318724,0,1,3400,-54,54,158,17,18,0.50,2776448.000000,0,2.1,22,0.0,0.0,0.0,0.0,0.0,0.0,1.0
318973,0,1,3400,-54,54,165,16,18,0.50,2495456.000000,0,2.1,16,55,0.0,80,0.0,0.0,0.0,1.0
319222,0,1,3400,-54,54,167,18,18,0.53,2817312.000000,0.4,2.1,10.0,0.0,7680.000000,0,0.0,0.0,0.0,1.0
319471,0,1,3400,-54,54,167,17,18,0.50,2698496.000000,0,2.1,0.0,0.0,5536.000000,0,0.0,0.0,0.0,1.0
319720,0,1,3400,-54,54,160,17,18,0.50,2824640.000000,0,2.1,0.0,0.0,0.0,0.0,0.0,0.0,0.0,1.0
319969,0,1,3400,-54,54,160,16,18,0.51,2521888.000000,0,2.1,8.0,0.0,65152.000000,22,0.0,0.0,0.0,1.0
320218,0,1,3400,-54,54,163,17,18,0.50,2775328.000000,0,2.1,7.5,0.0,0.0,0.0,0.0,0.0,0.0,1.0
320467,0,1,3400,-54,54,165,18,18,0.52,2874496.000000,0.4,2.1,7.5,0.0,0.0,0.0,0.0,0.0,0.0,1.0
320716,0,1,3400,-54,54,168,17,18,0.51,2648288.000000,0,2.1,7.5,0.0,0.0,0.0,0.0,0.0,0.0,1.0
320965,0,1,3400,-54,54,170,17,18,0.50,2656032.000000,0,2.1,1.9,0.0,41728.000000,0,0.0,0.0,0.0,1.0
321214,0,1,3400,-54,54,164,17,18,0.51,2724672.000000,0,2.1,0.0,0.0,0.0,0.0,0.0,0.0,0.0,1.0
321463,0,1,3400,-54,54,160,17,18,0.51,2736512.000000,0,2.1,0.0,0.0,0.0,0.0,0.0,0.0,0.0,1.0
321712,0,1,3400,-54,54,168,18,18,0.50,2857600.000000,0,2.1,0.0,0.0,0.0,0.0,0.0,0.0,0.0,1.0
321961,0,1,3400,-54,54,163,16,18,0.50,2651264.000000,0,2.1,5.7,0.0,154176.000000,0,0.0,0.0,0.0,1.0
322210,0,1,3400,-54,54,162,17,18,0.50,2675392.000000,0,2.1,7.5,0.0,51168.000000,0,0.0,0.0,0.0,1.0
322459,0,1,3400,-54,54,167,16,18,0.50,2596832.000000,0,2.1,7.5,0.0,0.0,0.0,0.0,0.0,0.0,1.0
322708,0,1,3400,-54,54,166,17,19,0.50,2682176.000000,0,2.1,7.5,0.0,0.0,0.0,0.0,0.0,0.0,1.0
322957,0,1,3400,-54,54,159,17,18,0.50,2741984.000000,0,2.1,13,55,0.0,80,0.0,0.0,0.0,1.0
323206,0,1,3400,-54,54,161,15,18,0.50,2418560.000000,0,2.1,2.8,0.0,7680.000000,0,0.0,0.0,0.0,1.0
323455,0,1,3400,-54,54,167,16,18,0.50,2575616.000000,0,2.1,0.0,0.0,0.0,0.0,0.0,0.0,0.0,1.0
323704,0,1,3400,-54,54,164,17,18,0.50,2679232.000000,0,2.1,0.0,0.0,0.0,0.0,0.0,0.0,0.0,1.0
323953,0,1,3400,-54,54,168,17,18,0.51,2766464.000000,0,2.1,1.0,0.0,25376.000000,27,0.0,0.0,0.0,1.0
324202,0,1,3400,-54,54,168,17,18,0.51,2731904.000000,0,2.1,0.0,0.0,5536.000000,0,0.0,0.0,0.0,1.0
324451,0,1,3400,-54,54,168,17,18,0.51,2714304.000000,0,2.1,4.1,0.0,0.0,80,0.0,0.0,0.0,1.0
324700,0,1,3400,-54,54,167,16,18,0.50,2619680.000000,0,2.1,7.5,0.0,0.0,0.0,0.0,0.0,0.0,1.0
324949,0,1,3400,-54,54,161,16,18,0.50,2686112.000000,0,2.1,7.2,0.0,49472.000000,27,0.0,0.0,0.0,1.0
325198,0,1,3400,-54,54,164,16,18,0.51,2493856.000000,0,2.1,4.9,0.0,11072.000000,0,0.0,0.0,0.0,1.0
325447,0,1,3400,-54,54,167,17,18,0.51,2602976.000000,0.4,2.1,0.0,0.0,0.0,0.0,0.0,0.0,0.0,1.0
325696,0,1,3400,-54,54,166,16,18,0.51,2670976.000000,0,2.1,0.0,0.0,0.0,0.0,0.0,0.0,0.0,1.0
325945,0,1,3400,-54,54,161,18,18,0.51,2832800.000000,0,2.1,5.2,0.0,66816.000000,8,0.0,0.0,0.0,1.0
326194,0,1,3400,-54,54,166,17,18,0.51,2737984.000000,0,2.1,7.5,0.0,0.0,0.0,0.0,0.0,0.0,1.0
326443,0,1,3400,-54,54,164,17,18,0.51,2679648.000000,0,2.1,7.5,0.0,0.0,0.0,0.0,0.0,0.0,1.0
326692,0,1,3400,-54,54,164,16,18,0.50,2613728.000000,0,2.1,7.5,0.0,0.0,0.0,0.0,0.0,0.0,1.0
326941,0,1,3400,-54,54,162,16,18,0.50,2662912.000000,0,2.1,18,0.0,20672.000000,50,0.0,0.0,0.0,1.0
327190,0,1,3400,-54,54,160,16,18,0.51,2642112.000000,0,2.1,22,0.0,0.0,0.0,0.0,0.0,0.0,1.0
327439,0,1,3400,-54,54,166,17,18,0.57,2631008.000000,2,2.1,19,0.0,17056.000000,0,0.0,0.0,0.0,1.0
327688,0,1,3400,-54,54,165,16,18,0.50,2560096.000000,0,2.1,15,0.0,17056.000000,0,0.0,0.0,0.0,1.0
327937,0,1,3400,-54,54,165,16,18,0.51,2687232.000000,0,2.1,15,0.0,99968.000000,0,0.0,0.0,0.0,1.0
328186,0,1,3400,-54,54,158,18,18,0.50,2859392.000000,0,2.1,16,0.0,0.0,0.0,0.0,0.0,0.0,1.0
328435,0,1,3400,-54,54,161,17,18,0.51,2823104.000000,0,2.1,16,0.0,0.0,0.0,0.0,0.0,0.0,1.0
328684,0,1,3400,-54,54,166,16,18,0.50,2462112.000000,0,2.1,16,0.0,0.0,0.0,0.0,0.0,0.0,1.0
328933,0,1,3400,-54,54,166,16,18,0.57,2630112.000000,2,2.1,16,55,0.0,80,0.0,0.0,0.0,1.0
329182,0,1,3400,-54,54,166,17,18,0.50,2780608.000000,0,2.1,10,0.0,13216.000000,0,0.0,0.0,0.0,1.0
329431,0,1,3400,-54,54,165,17,18,0.50,2712768.000000,0,2.1,0.0,0.0,0.0,0.0,0.0,0.0,0.0,1.0
329680,0,1,3400,-54,54,163,17,18,0.50,2638208.000000,0,2.1,0.0,0.0,0.0,0.0,0.0,0.0,0.0,1.0
329929,0,1,3400,-54,54,162,17,18,0.52,2763296.000000,0,2.1,1.0,0.0,25088.000000,24,0.0,0.0,0.0,1.0
330178,0,1,3400,-54,54,162,18,18,0.50,2858528.000000,0,2.1,0.0,0.0,0.0,0.0,0.0,0.0,0.0,1.0
330427,0,1,3400,-54,54,161,17,18,0.50,2683680.000000,0,2.1,0.0,0.0,0.0,0.0,0.0,0.0,0.0,1.0
330676,0,1,3400,-54,54,164,17,18,0.50,2719552.000000,0,2.1,0.0,0.0,0.0,0.0,0.0,0.0,0.0,1.0
330925,0,1,3400,-54,54,168,16,18,0.50,2535872.000000,0,2.1,1.0,0.0,25376.000000,27,0.0,0.0,0.0,1.0
331174,0,1,3400,-54,54,170,16,18,0.50,2536736.000000,0,2.1,1.4,0.0,22592.000000,0,0.0,0.0,0.0,1.0
331423,0,1,3400,-54,54,165,18,18,0.50,2915232.000000,0,2.1,7.5,0.0,0.0,0.0,0.0,0.0,0.0,1.0
331672,0,1,3400,-54,54,167,18,18,0.51,2824864.000000,0,2.1,7.5,0.0,0.0,0.0,0.0,0.0,0.0,1.0
331921,0,1,3400,-54,54,163,17,18,0.50,2629504.000000,0,2.1,10,0.0,36544.000000,20,0.0,0.0,0.0,1.0
332170,0,1,3400,-54,54,161,16,18,0.50,2599328.000000,0,2.1,11,0.0,0.0,0,0.0,0.0,0.0,1.0
332419,0,1,3400,-54,54,161,17,18,0.50,2678720.000000,0,2.1,9.2,0.0,5536.000000,67,0.0,0.0,0.0,1.0
332668,0,1,3400,-54,54,167,16,18,0.50,2589536.000000,0,2.1,14,0.0,5536.000000,0,0.0,0.0,0.0,1.0
332917,0,1,3400,-54,54,171,18,18,0.51,2857920.000000,0,2.1,12,55,0.0,71,0.0,0.0,0.0,1.0
333166,0,1,3400,-54,54,168,15,17,0.52,2352992.000000,0,2.1,13,0.0,7360.000000,33,0.0,0.0,0.0,1.0
333415,0,1,3400,-54,54,163,16,18,0.51,2553920.000000,0,2.1,4.6,0.0,8864.000000,0,0.0,0.0,0.0,1.0
333664,0,1,3400,-54,54,167,17,18,0.50,2653408.000000,0,2.1,5.5,0.0,0.0,0.0,0.0,0.0,0.0,1.0
333913,0,1,3400,-54,54,160,16,18,0.50,2651008.000000,0,2.1,6.4,0.0,46848.000000,0,0.0,0.0,0.0,1.0
334162,0,1,3400,-54,54,162,17,18,0.51,2687424.000000,0,2.1,5.7,0.0,5536.000000,0,0.0,0.0,0.0,1.0
334411,0,1,3400,-54,54,165,17,18,0.51,2621952.000000,0,2.1,0.0,0.0,0.0,0.0,0.0,0.0,0.0,1.0
334660,0,1,3400,-54,54,165,17,18,0.52,2704032.000000,0,2.1,0.0,0.0,0.0,0.0,0.0,0.0,0.0,1.0
334909,0,1,3400,-54,54,164,16,18,0.50,2564160.000000,0,2.1,5.9,55,0.0,80,0.0,0.0,0.0,1.0
335158,0,1,3400,-54,54,163,18,18,0.50,2847264.000000,0,2.1,6.5,0.0,7360.000000,0,0.0,0.0,0.0,1.0
335407,0,1,3400,-54,54,163,17,18,0.50,2651456.000000,0,2.1,4.5,0.0,0.0,0.0,0.0,0.0,0.0,1.0
335656,0,1,3400,-54,54,165,17,18,0.51,2766112.000000,0,2.1,4.5,0.0,0.0,0.0,0.0,0.0,0.0,1.0
335905,0,1,3400,-54,54,166,15,18,0.51,2408416.000000,0,2.1,2.1,0.0,30656.000000,24,0.0,0.0,0.0,1.0
336154,0,1,3400,-54,54,168,16,18,0.50,2637440.000000,0,2.1,0.0,0.0,0.0,0.0,0.0,0.0,0.0,1.0
336403,0,1,3400,-54,54,168,17,18,0.50,2678976.000000,0,2.1,0.0,0.0,5536.000000,0,0.0,0.0,0.0,1.0
336652,0,1,3400,-54,54,165,17,18,0.50,2759968.000000,0,2.1,0.0,0.0,0.0,0.0,0.0,0.0,0.0,1.0
336901,0,1,3400,-54,54,161,16,18,0.52,2366976.000000,0,2.1,5.9,55,0.0,80,0.0,0.0,0.0,1.0
337150,0,1,3400,-54,54,165,17,18,0.50,2666528.000000,0,2.1,5.8,0.0,7360.000000,20,0.0,0.0,0.0,1.0
337399,0,1,3400,-54,54,161,16,18,0.50,2555008.000000,0,2.1,4.5,0.0,0.0,0.0,0.0,0.0,0.0,1.0
337648,0,1,3400,-54,54,162,17,18,0.50,2693728.000000,0,2.1,4.6,0.0,5536.000000,0,0.0,0.0,0.0,1.0
337897,0,1,3400,-54,54,165,16,18,0.50,2640672.000000,0,2.1,16,0.0,19392.000000,50,0.0,0.0,0.0,1.0
338146,0,1,3400,-54,54,165,15,18,0.50,2377696.000000,0,2.1,13,0.0,5536.000000,50,0.0,0.0,0.0,1.0
338395,0,1,3400,-54,54,167,15,18,0.50,2417792.000000,0,2.1,11,0.0,28128.000000,0,0.0,0.0,0.0,1.0
338644,0,1,3400,-54,54,165,17,18,0.50,2702368.000000,0,2.1,13,0.0,0.0,80,0.0,0.0,0.0,1.0
338893,0,1,3400,-54,54,167,17,18,0.50,2666528.000000,0,2.1,18,0.0,19392.000000,50,0.0,0.0,0.0,1.0
339142,0,1,3400,-54,54,160,16,18,0.50,2638560.000000,0,2.1,20,0.0,0.0,0.0,0.0,0.0,0.0,1.0
339391,0,1,3400,-54,54,160,17,18,0.51,2768928.000000,0,2.1,19,0.0,0.0,80,0.0,0.0,0.0,1.0
339640,0,1,3400,-54,54,163,17,18,0.50,2677696.000000,0,2.1,14,0.0,0.0,0.0,0.0,0.0,0.0,1.0
339889,0,1,3400,-54,54,163,17,18,0.57,2635680.000000,2,2.1,4.8,0.0,25120.000000,27,0.0,0.0,0.0,1.0
340138,0,1,3400,-54,54,163,16,18,0.50,2560288.000000,0,2.1,0.0,0.0,0.0,0.0,0.0,0.0,0.0,1.0
340387,0,1,3400,-54,54,165,17,18,0.50,2758080.000000,0,2.1,0.0,0.0,0.0,0.0,0.0,0.0,0.0,1.0
340636,0,1,3400,-54,54,169,16,18,0.51,2595328.000000,0,2.1,0.0,0.0,5536.000000,33,0.0,0.0,0.0,1.0
340885,0,1,3400,-54,54,163,16,18,0.50,2560032.000000,0,2.1,1.1,0.0,30016.000000,24,0.0,0.0,0.0,1.0
341134,0,1,3400,-54,54,161,17,18,0.52,2730816.000000,0.4,2.1,0.0,0.0,0.0,0.0,0.0,0.0,0.0,1.0
341383,0,1,3400,-54,54,164,16,18,0.50,2605248.000000,0,2.1,5.3,0.0,17056.000000,0,0.0,0.0,0.0,1.0
341632,0,1,3400,-54,54,162,17,18,0.51,2739008.000000,0,2.1,7.5,0.0,17056.000000,0,0.0,0.0,0.0,1.0
341881,0,1,3400,-54,54,162,18,18,0.50,2856576.000000,0,2.1,7.5,55,0.0,80,0.0,0.0,0.0,1.0
342130,0,1,3400,-54,54,158,15,18,0.50,2447232.000000,0,2.1,4.9,0.0,7360.000000,33,0.0,0.0,0.0,1.0
342379,0,1,3400,-54,54,165,16,18,0.51,2571808.000000,0,2.1,6.0,0.0,14400.000000,44,0.0,0.0,0.0,1.0
342628,0,1,3400,-54,54,166,16,18,0.51,2592288.000000,0,2.1,4.5,0.0,0.0,0.0,0.0,0.0,0.0,1.0
342877,0,1,3400,-54,54,165,16,18,0.50,2659008.000000,0,2.1,6.6,0.0,154176.000000,0,0.0,0.0,0.0,1.0
343126,0,1,3400,-54,54,166,17,18,0.51,2760928.000000,0,2.1,7.6,0.0,17056.000000,0,0.0,0.0,0.0,1.0
343375,0,1,3400,-54,54,161,17,18,0.50,2761184.000000,0,2.1,7.5,0.0,0.0,0.0,0.0,0.0,0.0,1.0
343624,0,1,3400,-54,54,158,18,18,0.50,2879424.000000,0,2.1,7.5,0.0,0.0,0.0,0.0,0.0,0.0,1.0
343873,0,1,3400,-54,54,167,17,18,0.50,2675648.000000,0,2.1,7.5,55,0.0,80,0.0,0.0,0.0,1.0
344122,0,1,3400,-54,54,166,18,18,0.50,2843776.000000,0,2.1,4.9,0.0,7680.000000,0,0.0,0.0,0.0,1.0
344371,0,1,3400,-54,54,162,15,18,0.50,2446208.000000,0,2.1,0.0,0.0,5536.000000,0,0.0,0.0,0.0,1.0
344620,0,1,3400,-54,54,161,17,18,0.50,2774560.000000,0,2.1,0.0,0.0,0.0,0.0,0.0,0.0,0.0,1.0
344869,0,1,3400,-54,54,166,18,18,0.52,2894944.000000,0,2.1,0.0,0.0,41728.000000,7,0.0,0.0,0.0,1.0
345118,0,1,3400,-54,54,165,17,18,0.50,2672064.000000,0,2.1,0.0,0.0,0.0,0.0,0.0,0.0,0.0,1.0
345367,0,1,3400,-54,54,159,16,18,0.57,2489568.000000,2,2.1,0.0,0.0,0.0,0.0,0.0,0.0,0.0,1.0
345616,0,1,3400,-54,54,161,15,18,0.51,2410624.000000,0,2.1,0.0,0.0,0.0,0.0,0.0,0.0,0.0,1.0
345865,0,1,3400,-54,54,168,16,17,0.59,2481824.000000,2,2.1,2.9,0.0,48896.000000,0,0.0,0.0,0.0,1.0
346114,0,1,3400,-54,54,168,17,18,0.50,2747104.000000,0,2.1,7.0,0.0,0.0,0.0,0.0,0.0,0.0,1.0
346363,0,1,3400,-54,54,164,16,18,0.51,2630080.000000,0,2.1,7.0,0.0,0.0,0.0,0.0,0.0,0.0,1.0
346612,0,1,3400,-54,54,163,17,18,0.50,2732480.000000,0,2.1,7.0,0.0,0.0,0.0,0.0,0.0,0.0,1.0
346861,0,1,3400,-54,54,163,18,18,0.57,2909184.000000,2,2.1,13,0.0,75040.000000,57,0.0,0.0,0.0,1.0
347110,0,1,3400,-54,54,162,14,18,0.50,2209984.000000,0,2.1,16,0.0,0.0,0.0,0.0,0.0,0.0,1.0
347359,0,1,3400,-54,54,164,16,18,0.50,2657824.000000,0,2.1,16,0.0,0.0,0.0,0.0,0.0,0.0,1.0
347608,0,1,3400,-54,54,162,16,18,0.50,2550144.000000,0,2.1,16,0.0,0.0,0.0,0.0,0.0,0.0,1.0
347857,0,1,3400,-54,54,162,15,18,0.50,2447040.000000,0,2.1,9.1,0.0,56064.000000,0,0.0,0.0,0.0,1.0
348106,0,1,3400,-54,54,161,15,18,0.50,2457856.000000,0,2.1,0.060,0.0,11072.000000,20,0.0,0.0,0.0,1.0
348355,0,1,3400,-54,54,161,17,18,0.50,2752800.000000,0,2.1,0.0,0.0,0.0,0.0,0.0,0.0,0.0,1.0
348604,0,1,3400,-54,54,162,15,18,0.50,2505056.000000,0,2.1,0.0,0.0,0.0,0.0,0.0,0.0,0.0,1.0
348853,0,1,3400,-54,54,165,15,18,0.50,2431680.000000,0,2.1,2.3,0.0,36608.000000,24,0.0,0.0,0.0,1.0
349102,0,1,3400,-54,54,164,17,18,0.57,2698016.000000,2,2.1,0.0,0.0,0.0,0.0,0.0,0.0,0.0,1.0
349351,0,1,3400,-54,54,167,16,18,0.50,2571296.000000,0,2.1,0.0,0.0,0.0,0.0,0.0,0.0,0.0,1.0
349600,0,1,3400,-54,54,157,17,18,0.50,2658880.000000,0,2.1,0.0,0.0,0.0,0.0,0.0,0.0,0.0,1.0
349849,0,1,3400,-54,54,160,17,18,0.50,2807648.000000,0,2.1,5.3,0.0,66176.000000,24,0.0,0.0,0.0,1.0
350098,0,1,3400,-54,54,170,18,18,0.50,2851360.000000,0,2.1,7.5,0.0,0.0,0.0,0.0,0.0,0.0,1.0
350347,0,1,3400,-54,54,165,16,18,0.50,2517600.000000,0,2.1,7.5,0.0,0.0,80,0.0,0.0,0.0,1.0
350596,0,1,3400,-54,54,165,15,18,0.50,2448512.000000,0,2.1,5.5,0.0,5536.000000,0,0.0,0.0,0.0,1.0
350845,0,1,3400,-54,54,167,16,18,0.50,2656448.000000,0,2.1,5.3,0.0,49120.000000,25,0.0,0.0,0.0,1.0
351094,0,1,3400,-54,54,166,15,18,0.51,2461376.000000,0,2.1,3.7,0.0,5536.000000,0,0.0,0.0,0.0,1.0
351343,0,1,3400,-54,54,166,17,18,0.50,2762400.000000,0,2.1,0.0,0.0,0.0,0.0,0.0,0.0,0.0,1.0
351592,0,1,3400,-54,54,162,17,18,0.51,2748640.000000,0,2.1,0.0,0.0,0.0,0.0,0.0,0.0,0.0,1.0
351841,0,1,3400,-54,54,166,17,18,0.51,2655200.000000,0.4,2.1,5.7,0.0,139968.000000,0,0.0,0.0,0.0,1.0
352090,0,1,3400,-54,54,163,16,18,0.50,2658144.000000,0,2.1,2.5,0.0,5536.000000,57,0.0,0.0,0.0,1.0
352339,0,1,3400,-54,54,159,16,18,0.57,2584352.000000,2,2.1,1.7,0.0,17056.000000,0,0.0,0.0,0.0,1.0
352588,0,1,3400,-54,54,165,17,18,0.53,2785664.000000,0.4,2.1,7.5,0.0,0.0,0.0,0.0,0.0,0.0,1.0
352837,0,1,3400,-54,54,165,18,18,0.50,2848448.000000,0,2.1,3.8,0.0,31776.000000,22,0.0,0.0,0.0,1.0
353086,0,1,3400,-54,54,169,16,18,0.50,2530528.000000,0,2.1,1.4,0.0,0.0,80,0.0,0.0,0.0,1.0
353335,0,1,3400,-54,54,169,17,18,0.50,2669344.000000,0,2.1,7.5,0.0,0.0,0.0,0.0,0.0,0.0,1.0
353584,0,1,3400,-54,54,164,17,18,0.50,2634976.000000,0,2.1,1.9,0.0,5536.000000,0,0.0,0.0,0.0,1.0
353833,0,1,3400,-54,54,159,16,18,0.50,2659008.000000,0,2.1,5.0,0.0,56192.000000,33,0.0,0.0,0.0,1.0
354082,0,1,3400,-54,54,166,17,18,0.50,2640224.000000,0,2.1,0.0,0.0,0.0,0.0,0.0,0.0,0.0,1.0
354331,0,1,3400,-54,54,168,17,18,0.50,2750848.000000,0,2.1,6.5,0.0,17056.000000,0,0.0,0.0,0.0,1.0
354580,0,1,3400,-54,54,168,17,18,0.50,2605824.000000,0,2.1,7.5,0.0,0.0,0.0,0.0,0.0,0.0,1.0
354829,0,1,3400,-54,54,162,17,18,0.50,2660128.000000,0,2.1,18,0.0,20672.000000,50,0.0,0.0,0.0,1.0
355078,0,1,3400,-54,54,159,15,18,0.50,2434592.000000,0,2.1,21,0.0,0.0,80,0.0,0.0,0.0,1.0
355327,0,1,3400,-54,54,161,17,18,0.50,2645504.000000,0,2.1,8.5,0.0,5536.000000,0,0.0,0.0,0.0,1.0
355576,0,1,3400,-54,54,159,17,18,0.50,2652960.000000,0,2.1,7.5,0.0,0.0,0.0,0.0,0.0,0.0,1.0
355825,0,1,3400,-54,54,161,17,18,0.51,2719264.000000,0,2.1,7.5,55,0.0,80,0.0,0.0,0.0,1.0
356074,0,1,3400,-54,54,163,17,18,0.50,2740256.000000,0,2.1,4.9,0.0,7680.000000,0,0.0,0.0,0.0,1.0
356323,0,1,3400,-54,54,165,16,18,0.59,2557632.000000,2,2.1,0.0,0.0,0.0,0.0,0.0,0.0,0.0,1.0
356572,0,1,3400,-54,54,158,15,17,0.57,2382848.000000,2,2.1,0.0,0.0,0.0,0.0,0.0,0.0,0.0,1.0
356821,0,1,3400,-54,54,161,16,18,0.50,2650592.000000,0,2.1,1.0,0.0,25376.000000,27,0.0,0.0,0.0,1.0
357070,0,1,3400,-54,54,166,17,18,0.50,2770144.000000,0,2.1,0.0,0.0,0.0,0.0,0.0,0.0,0.0,1.0
357319,0,1,3400,-54,54,164,17,18,0.51,2753056.000000,0,2.1,0.0,0.0,0.0,0.0,0.0,0.0,0.0,1.0
357568,0,1,3400,-54,54,162,17,18,0.50,2697056.000000,0,2.1,0.0,0.0,0.0,0.0,0.0,0.0,0.0,1.0
357817,0,1,3400,-54,54,162,16,18,0.50,2656960.000000,0,2.1,11,0.0,98688.000000,0,0.0,0.0,0.0,1.0
358066,0,1,3400,-54,54,160,16,18,0.50,2616352.000000,0,2.1,14,0.0,0.0,0.0,0.0,0.0,0.0,1.0
358315,0,1,3400,-54,54,163,15,18,0.50,2462336.000000,0,2.1,14,0.0,17056.000000,0,0.0,0.0,0.0,1.0
358564,0,1,3400,-54,54,172,15,18,0.51,2468800.000000,0,2.1,14,0.0,17056.000000,0,0.0,0.0,0.0,1.0
358813,0,1,3400,-54,54,168,17,18,0.50,2768672.000000,0,2.1,15,0.0,40576.000000,55,0.0,0.0,0.0,1.0
359062,0,1,3400,-54,54,168,17,18,0.50,2743168.000000,0,2.1,16,0.0,0.0,0.0,0.0,0.0,0.0,1.0
359311,0,1,3400,-54,54,166,15,18,0.50,2441088.000000,0,2.1,16,0.0,0.0,0.0,0.0,0.0,0.0,1.0
359560,0,1,3400,-54,54,166,16,18,0.51,2610272.000000,0,2.1,3.8,0.0,5536.000000,0,0.0,0.0,0.0,1.0
359809,0,1,3400,-54,54,164,17,18,0.54,2852000.000000,0.8,2.1,12,0.0,190240.000000,55,0.0,0.0,0.0,1.0
360058,0,1,3400,-54,54,160,15,18,0.57,2371840.000000,2,2.1,16,0.0,0.0,0.0,0.0,0.0,0.0,1.0
360307,0,1,3400,-54,54,163,15,18,0.50,2408416.000000,0,2.1,16,0.0,0.0,0.0,0.0,0.0,0.0,1.0
360556,0,1,3400,-54,54,161,15,18,0.50,2328352.000000,0,2.1,16,0.0,0.0,0.0,0.0,0.0,0.0,1.0
360805,0,1,3400,-54,54,157,16,18,0.51,2519584.000000,0,2.1,4.6,0.0,25184.000000,21,0.0,0.0,0.0,1.0
361054,0,1,3400,-54,54,161,16,18,0.50,2527360.000000,0,2.1,0.0,0.0,5536.000000,0,0.0,0.0,0.0,1.0
361303,0,1,3400,-54,54,163,17,18,0.58,2571808.000000,2,2.1,5.3,0.0,0.0,80,0.0,0.0,0.0,1.0
361552,0,1,3400,-54,54,163,16,18,0.51,2558912.000000,0,2.1,7.5,0.0,0.0,0.0,0.0,0.0,0.0,1.0
361801,0,1,3400,-54,54,163,16,18,0.50,2516000.000000,0,2.1,1.6,0.0,36192.000000,8,0.0,0.0,0.0,1.0
362050,0,1,3400,-54,54,158,18,18,0.57,2838176.000000,2,2.1,0.0,0.0,5536.000000,0,0.0,0.0,0.0,1.0
362299,0,1,3400,-54,54,160,16,18,0.58,2597632.000000,2,2.1,1.7,0.0,0.0,80,0.0,0.0,0.0,1.0
362548,0,1,3400,-54,54,165,17,18,0.51,2727072.000000,0,2.1,7.5,0.0,0.0,0.0,0.0,0.0,0.0,1.0
362797,0,1,3400,-54,54,162,17,18,0.50,2663968.000000,0,2.1,9.5,0.0,62816.000000,24,0.0,0.0,0.0,1.0
363046,0,1,3400,-54,54,166,15,18,0.50,2451488.000000,0,2.1,6.5,0.0,0.0,0.0,0.0,0.0,0.0,1.0
363295,0,1,3400,-54,54,169,17,18,0.51,2695168.000000,0,2.1,6.5,0.0,0.0,0.0,0.0,0.0,0.0,1.0
363544,0,1,3400,-54,54,165,17,18,0.50,2684608.000000,0,2.1,6.5,0.0,0.0,0.0,0.0,0.0,0.0,1.0
363793,0,1,3400,-54,54,165,17,18,0.50,2744800.000000,0,2.1,12,55,0.0,80,0.0,0.0,0.0,1.0
364042,0,1,3400,-54,54,162,18,18,0.51,2879744.000000,0,2.1,11,0.0,7360.000000,0,0.0,0.0,0.0,1.0
364291,0,1,3400,-54,54,163,16,18,0.59,2479680.000000,2,2.1,4.5,0.0,0.0,0.0,0.0,0.0,0.0,1.0
364540,0,1,3400,-54,54,162,16,18,0.50,2492736.000000,0,2.1,4.5,0.0,0.0,0.0,0.0,0.0,0.0,1.0
364789,0,1,3400,-54,54,162,16,18,0.51,2690848.000000,0,2.1,13,0.0,285664.000000,43,0.0,0.0,0.0,1.0
365038,0,1,3400,-54,54,157,17,18,0.50,2649632.000000,0,2.1,16,0.0,0.0,0.0,0.0,0.0,0.0,1.0
365287,0,1,3400,-54,54,161,17,18,0.52,2681792.000000,0,2.1,14,0.0,5536.000000,0,0.0,0.0,0.0,1.0
365536,0,1,3400,-54,54,168,18,18,0.50,2897504.000000,0,2.1,8.0,0.0,0.0,0.0,0.0,0.0,0.0,1.0
365785,0,1,3400,-54,54,169,17,18,0.50,2770976.000000,0,2.1,4.2,0.0,40128.000000,25,0.0,0.0,0.0,1.0
366034,0,1,3400,-54,54,166,17,18,0.50,2634880.000000,0,2.1,0.73,0.0,8864.000000,0,0.0,0.0,0.0,1.0
366283,0,1,3400,-54,54,163,17,18,0.50,2732992.000000,0,2.1,1.0,0.0,0.0,0.0,0.0,0.0,0.0,1.0
366532,0,1,3400,-54,54,165,17,18,0.52,2809376.000000,0.4,2.1,1.0,0.0,0.0,0.0,0.0,0.0,0.0,1.0
366781,0,1,3400,-54,54,166,17,18,0.54,2808704.000000,1,2.1,12,0.0,194752.000000,60,0.0,0.0,0.0,1.0
367030,0,1,3400,-54,54,165,18,18,0.50,2899200.000000,0,2.1,16,0.0,0.0,0.0,0.0,0.0,0.0,1.0
367279,0,1,3400,-54,54,163,17,18,0.58,2698848.000000,2,2.1,16,0.0,0.0,0.0,0.0,0.0,0.0,1.0
367528,0,1,3400,-54,54,164,18,18,0.51,2876000.000000,0,2.1,16,0.0,0.0,0.0,0.0,0.0,0.0,1.0
367777,0,1,3400,-54,54,162,17,18,0.53,2674208.000000,0,2.1,9.0,0.0,80224.000000,0,0.0,0.0,0.0,1.0
368026,0,1,3400,-54,54,164,15,18,0.50,2431616.000000,0,2.1,7.5,0.0,0.0,0.0,0.0,0.0,0.0,1.0
368275,0,1,3400,-54,54,166,16,18,0.50,2620192.000000,0,2.1,7.5,0.0,0.0,0.0,0.0,0.0,0.0,1.0
368524,0,1,3400,-54,54,168,16,18,0.50,2523264.000000,0,2.1,7.5,0.0,0.0,0.0,0.0,0.0,0.0,1.0
368773,0,1,3400,-54,54,166,17,18,0.50,2744352.000000,0,2.1,12,0.0,20672.000000,50,0.0,0.0,0.0,1.0
369022,0,1,3400,-54,54,167,17,18,0.52,2742976.000000,0.4,2.1,14,0.0,0.0,0.0,0.0,0.0,0.0,1.0
369271,0,1,3400,-54,54,163,16,18,0.50,2637600.000000,0,2.1,14,0.0,0.0,0.0,0.0,0.0,0.0,1.0
369520,0,1,3400,-54,54,162,16,18,0.51,2532640.000000,0,2.1,14,0.0,0.0,0.0,0.0,0.0,0.0,1.0
369769,0,1,3400,-54,54,165,18,18,0.50,2818272.000000,0,2.1,8.5,0.0,66816.000000,0,0.0,0.0,0.0,1.0
370018,0,1,3400,-54,54,163,18,18,0.50,2872448.000000,0,2.1,7.5,0.0,0.0,0.0,0.0,0.0,0.0,1.0
370267,0,1,3400,-54,54,160,16,18,0.50,2572512.000000,0,2.1,7.5,0.0,11072.000000,0,0.0,0.0,0.0,1.0
370516,0,1,3400,-54,54,163,16,18,0.50,2533536.000000,0,2.1,7.5,0.0,0.0,0.0,0.0,0.0,0.0,1.0
370765,0,1,3400,-54,54,165,18,18,0.52,2933696.000000,0.4,2.1,14,0.0,190240.000000,56,0.0,0.0,0.0,1.0
371014,0,1,3400,-54,54,165,17,18,0.50,2779360.000000,0,2.1,9.3,0.0,5536.000000,0,0.0,0.0,0.0,1.0
371263,0,1,3400,-54,54,164,15,17,0.57,2334976.000000,2,2.1,11,0.0,0.0,80,0.0,0.0,0.0,1.0
371512,0,1,3400,-54,54,165,16,18,0.50,2616000.000000,0,2.1,16,0.0,0.0,0.0,0.0,0.0,0.0,1.0
371761,0,1,3400,-54,54,161,17,18,0.57,2748640.000000,2,2.1,4.5,0.0,25376.000000,27,0.0,0.0,0.0,1.0
372010,0,1,3400,-54,54,166,16,18,0.50,2581952.000000,0,2.1,0.0,0.0,0.0,0.0,0.0,0.0,0.0,1.0
372259,0,1,3400,-54,54,165,15,18,0.51,2419712.000000,0,2.1,0.0,0.0,0.0,0.0,0.0,0.0,0.0,1.0
372508,0,1,3400,-54,54,167,16,18,0.50,2579424.000000,0,2.1,0.0,0.0,5536.000000,0,0.0,0.0,0.0,1.0
372757,0,1,3400,-54,54,160,17,18,0.50,2679328.000000,0,2.1,5.4,0.0,61152.000000,38,0.0,0.0,0.0,1.0
373006,0,1,3400,-54,54,161,17,18,0.50,2651744.000000,0,2.1,0.0,0.0,5536.000000,0,0.0,0.0,0.0,1.0
373255,0,1,3400,-54,54,162,16,18,0.51,2525568.000000,0,2.1,0.0,0.0,0.0,0.0,0.0,0.0,0.0,1.0
373504,0,1,3400,-54,54,166,16,18,0.50,2615232.000000,0,2.1,0.0,0.0,0.0,0.0,0.0,0.0,0.0,1.0
373753,0,1,3400,-54,54,164,16,18,0.50,2543328.000000,0,2.1,0.0,0.0,41728.000000,0,0.0,0.0,0.0,1.0
374002,0,1,3400,-54,54,161,17,18,0.51,2789312.000000,0,2.1,0.0,0.0,0.0,0.0,0.0,0.0,0.0,1.0
374251,0,1,3400,-54,54,166,17,18,0.50,2720992.000000,0,2.1,0.0,0.0,0.0,0.0,0.0,0.0,0.0,1.0
374500,0,1,3400,-54,54,166,16,18,0.51,2605600.000000,0,2.1,0.0,0.0,5536.000000,0,0.0,0.0,0.0,1.0
374749,0,1,3400,-54,54,166,17,18,0.50,2699488.000000,0,2.1,16,0.0,20672.000000,50,0.0,0.0,0.0,1.0
374998,0,1,3400,-54,54,164,16,18,0.51,2493696.000000,0,2.1,22,0.0,0.0,0,0.0,0.0,0.0,1.0
375247,0,1,3400,-54,54,164,16,18,0.50,2519552.000000,0,2.1,11,0.0,11072.000000,50,0.0,0.0,0.0,1.0
375496,0,1,3400,-54,54,164,15,18,0.51,2465824.000000,0,2.1,7.5,0.0,0.0,0.0,0.0,0.0,0.0,1.0
375745,0,1,3400,-54,54,164,15,18,0.51,2341504.000000,0,2.1,1.8,0.0,41728.000000,0,0.0,0.0,0.0,1.0
375994,0,1,3400,-54,54,163,15,18,0.50,2434688.000000,0,2.1,0.0,0.0,5536.000000,0,0.0,0.0,0.0,1.0
376243,0,1,3400,-54,54,159,16,18,0.50,2560800.000000,0,2.1,0.0,0.0,5536.000000,0,0.0,0.0,0.0,1.0
376492,0,1,3400,-54,54,163,15,18,0.50,2477856.000000,0,2.1,0.0,0.0,0.0,0.0,0.0,0.0,0.0,1.0
376741,0,1,3400,-54,54,166,17,18,0.50,2832704.000000,0,2.1,12,0.0,190240.000000,58,0.0,0.0,0.0,1.0
376990,0,1,3400,-54,54,161,16,18,0.50,2512192.000000,0,2.1,16,0.0,0.0,0.0,0.0,0.0,0.0,1.0
377239,0,1,3400,-54,54,164,16,18,0.50,2501856.000000,0,2.1,16,0.0,0.0,0.0,0.0,0.0,0.0,1.0
377488,0,1,3400,-54,54,170,16,18,0.57,2562464.000000,2,2.1,14,0.0,5536.000000,0,0.0,0.0,0.0,1.0
377737,0,1,3400,-54,54,166,15,18,0.50,2344928.000000,0,2.1,12,0.0,23008.000000,0,0.0,0.0,0.0,1.0
377986,0,1,3400,-54,54,164,16,18,0.50,2624480.000000,0,2.1,14,0.0,0.0,0.0,0.0,0.0,0.0,1.0
378235,0,1,3400,-54,54,161,16,18,0.50,2607488.000000,0,2.1,14,0.0,0.0,0.0,0.0,0.0,0.0,1.0
378484,0,1,3400,-54,54,168,15,18,0.50,2448832.000000,0,2.1,14,0.0,0.0,0.0,0.0,0.0,0.0,1.0
378733,0,1,3400,-54,54,162,14,17,0.50,2241920.000000,0,2.1,15,55,0.0,80,0.0,0.0,0.0,1.0
378982,0,1,3400,-54,54,163,16,18,0.50,2636384.000000,0,2.1,10.0,0.0,7680.000000,0,0.0,0.0,0.0,1.0
379231,0,1,3400,-54,54,164,16,18,0.51,2544640.000000,0,2.1,0.0,0.0,0.0,0.0,0.0,0.0,0.0,1.0
379480,0,1,3400,-54,54,163,17,18,0.50,2765856.000000,0,2.1,0.0,0.0,0.0,0.0,0.0,0.0,0.0,1.0
379729,0,1,3400,-54,54,163,16,18,0.50,2636416.000000,0,2.1,11,0.0,104256.000000,25,0.0,0.0,0.0,1.0
379978,0,1,3400,-54,54,162,17,18,0.50,2725152.000000,0,2.1,9.3,0.0,5536.000000,0,0.0,0.0,0.0,1.0
380227,0,1,3400,-54,54,166,16,18,0.57,2483456.000000,2,2.1,8.0,0.0,0.0,0.0,0.0,0.0,0.0,1.0
380476,0,1,3400,-54,54,164,17,18,0.50,2720288.000000,0,2.1,8.0,0.0,0.0,0.0,0.0,0.0,0.0,1.0
380725,0,1,3400,-54,54,166,15,18,0.57,2384576.000000,2,2.1,11,0.0,213760.000000,52,0.0,0.0,0.0,1.0
380974,0,1,3400,-54,54,165,17,18,0.50,2760480.000000,0,2.1,16,0.0,0.0,0.0,0.0,0.0,0.0,1.0
381223,0,1,3400,-54,54,161,15,18,0.50,2406464.000000,0,2.1,16,0.0,0.0,0.0,0.0,0.0,0.0,1.0
381472,0,1,3400,-54,54,165,17,18,0.50,2671680.000000,0,2.1,11,0.0,5536.000000,0,0.0,0.0,0.0,1.0
381721,0,1,3400,-54,54,165,16,18,0.50,2677856.000000,0,2.1,5.2,0.0,25120.000000,40,0.0,0.0,0.0,1.0
381970,0,1,3400,-54,54,163,17,18,0.50,2638560.000000,0,2.1,0.0,0.0,5536.000000,0,0.0,0.0,0.0,1.0
382219,0,1,3400,-54,54,163,17,18,0.50,2763392.000000,0,2.1,0.0,0.0,0.0,0.0,0.0,0.0,0.0,1.0
382468,0,1,3400,-54,54,162,17,18,0.50,2782496.000000,0,2.1,5.6,0.0,17056.000000,0,0.0,0.0,0.0,1.0
382717,0,1,3400,-54,54,162,18,18,0.50,2806208.000000,0,2.1,13,55,0.0,80,0.0,0.0,0.0,1.0
382966,0,1,3400,-54,54,165,16,18,0.50,2672928.000000,0,2.1,10.0,0.0,7680.000000,0,0.0,0.0,0.0,1.0
383215,0,1,3400,-54,54,163,18,18,0.52,2837312.000000,0.4,2.1,0.0,0.0,5536.000000,0,0.0,0.0,0.0,1.0
383464,0,1,3400,-54,54,167,17,18,0.50,2769408.000000,0,2.1,0.0,0.0,0.0,0.0,0.0,0.0,0.0,1.0
383713,0,1,3400,-54,54,164,16,18,0.51,2567872.000000,0,2.1,2.1,0.0,84928.000000,24,0.0,0.0,0.0,1.0
383962,0,1,3400,-54,54,163,15,18,0.50,2409600.000000,0,2.1,1.1,0.0,5536.000000,0,0.0,0.0,0.0,1.0
384211,0,1,3400,-54,54,165,15,18,0.50,2506848.000000,0,2.1,6.3,0.0,17056.000000,0,0.0,0.0,0.0,1.0
384460,0,1,3400,-54,54,164,15,18,0.50,2459360.000000,0,2.1,8.5,0.0,0.0,80,0.0,0.0,0.0,1.0
384709,0,1,3400,-54,54,161,16,18,0.51,2728640.000000,0.4,2.1,14,0.0,175744.000000,62,0.0,0.0,0.0,1.0
384958,0,1,3400,-54,54,158,16,18,0.50,2502464.000000,0,2.1,8.1,0.0,5536.000000,0,0.0,0.0,0.0,1.0
385207,0,1,3400,-54,54,165,15,18,0.50,2427424.000000,0,2.1,8.0,0.0,0.0,0.0,0.0,0.0,0.0,1.0
385456,0,1,3400,-54,54,166,16,18,0.58,2569664.000000,2,2.1,8.0,0.0,5536.000000,0,0.0,0.0,0.0,1.0
385705,0,1,3400,-54,54,167,17,18,0.50,2671936.000000,0,2.1,12,0.0,248896.000000,55,0.0,0.0,0.0,1.0
385954,0,1,3400,-54,54,162,16,18,0.51,2554048.000000,0,2.1,16,0.0,0.0,0.0,0.0,0.0,0.0,1.0
386203,0,1,3400,-54,54,167,15,18,0.50,2470592.000000,0,2.1,16,0.0,0.0,0.0,0.0,0.0,0.0,1.0
386452,0,1,3400,-54,54,163,16,18,0.50,2583424.000000,0,2.1,16,0.0,0.0,0.0,0.0,0.0,0.0,1.0
386701,0,1,3400,-54,54,165,17,18,0.58,2597632.000000,2,2.1,3.6,0.0,41728.000000,0,0.0,0.0,0.0,1.0
386950,0,1,3400,-54,54,162,15,18,0.50,2362272.000000,0,2.1,0.0,0.0,5536.000000,0,0.0,0.0,0.0,1.0
387199,0,1,3400,-54,54,162,15,18,0.51,2409856.000000,0,2.1,3.0,0.0,0.0,80,0.0,0.0,0.0,1.0
387448,0,1,3400,-54,54,158,16,18,0.50,2551296.000000,0,2.1,0.66,0.0,5536.000000,0,0.0,0.0,0.0,1.0
387697,0,1,3400,-54,54,161,17,18,0.51,2660736.000000,0,2.1,6.0,55,0.0,80,0.0,0.0,0.0,1.0
387946,0,1,3400,-54,54,165,15,18,0.50,2456256.000000,0,2.1,6.3,0.0,7360.000000,0,0.0,0.0,0.0,1.0
388195,0,1,3400,-54,54,163,16,18,0.50,2504736.000000,0,2.1,4.5,0.0,0.0,0.0,0.0,0.0,0.0,1.0
388444,0,1,3400,-54,54,164,16,18,0.50,2519680.000000,0,2.1,8.9,0.0,22592.000000,0,0.0,0.0,0.0,1.0
388693,0,1,3400,-54,54,163,17,18,0.51,2714496.000000,0,2.1,8.1,0.0,61152.000000,38,0.0,0.0,0.0,1.0
388942,0,1,3400,-54,54,162,17,18,0.51,2685888.000000,0,2.1,0.0,0.0,0.0,0.0,0.0,0.0,0.0,1.0
389191,0,1,3400,-54,54,163,15,18,0.50,2442016.000000,0,2.1,0.0,0.0,5536.000000,0,0.0,0.0,0.0,1.0
389440,0,1,3400,-54,54,165,17,18,0.50,2685216.000000,0,2.1,0.0,0.0,0.0,0.0,0.0,0.0,0.0,1.0
389689,0,1,3400,-54,54,169,17,18,0.53,2736416.000000,0.4,2.1,13,0.0,46720.000000,38,0.0,0.0,0.0,1.0
389938,0,1,3400,-54,54,167,17,18,0.50,2616480.000000,0,2.1,23,0.0,0.0,0.0,0.0,0.0,0.0,1.0
390187,0,1,3400,-54,54,160,17,18,0.50,2767232.000000,0,2.1,23,0.0,0.0,0.0,0.0,0.0,0.0,1.0
390436,0,1,3400,-54,54,159,16,18,0.52,2535712.000000,0.4,2.1,23,0.0,0.0,0.0,0.0,0.0,0.0,1.0
390685,0,1,3400,-54,54,167,17,18,0.50,2747520.000000,0,2.1,5.0,0.0,47264.000000,0,0.0,0.0,0.0,1.0
390934,0,1,3400,-54,54,169,16,18,0.50,2657216.000000,0,2.1,0.0,0.0,0.0,0.0,0.0,0.0,0.0,1.0
391183,0,1,3400,-54,54,166,15,18,0.58,2312448.000000,2,2.1,0.0,0.0,0.0,0.0,0.0,0.0,0.0,1.0
391432,0,1,3400,-54,54,163,16,18,0.50,2586240.000000,0,2.1,0.0,0.0,0.0,0.0,0.0,0.0,0.0,1.0
391681,0,1,3400,-54,54,162,16,18,0.57,2568448.000000,2,2.1,0.0,0.0,41728.000000,0,0.0,0.0,0.0,1.0
391930,0,1,3400,-54,54,160,16,18,0.50,2540736.000000,0,2.1,0.0,0.0,0.0,0.0,0.0,0.0,0.0,1.0
392179,0,1,3400,-54,54,163,16,18,0.50,2601056.000000,0,2.1,0.0,0.0,0.0,0.0,0.0,0.0,0.0,1.0
392428,0,1,3400,-54,54,162,17,18,0.51,2678528.000000,0,2.1,0.0,0.0,0.0,0.0,0.0,0.0,0.0,1.0
392677,0,1,3400,-54,54,169,16,18,0.52,2555680.000000,0,2.1,5.3,0.0,49024.000000,24,0.0,0.0,0.0,1.0
392926,0,1,3400,-54,54,163,16,18,0.50,2547488.000000,0,2.1,7.5,0.0,0.0,0.0,0.0,0.0,0.0,1.0
393175,0,1,3400,-54,54,158,16,18,0.57,2567840.000000,2,2.1,7.5,0.0,0.0,0.0,0.0,0.0,0.0,1.0
393424,0,1,3400,-54,54,158,15,18,0.50,2400224.000000,0,2.1,7.5,0.0,0.0,0.0,0.0,0.0,0.0,1.0
393673,0,1,3400,-54,54,162,16,18,0.50,2577312.000000,0,2.1,2.6,0.0,25376.000000,27,0.0,0.0,0.0,1.0
393922,0,1,3400,-54,54,162,16,18,0.51,2676576.000000,0,2.1,0.0,0.0,0.0,0.0,0.0,0.0,0.0,1.0
394171,0,1,3400,-54,54,160,16,18,0.50,2530592.000000,0,2.1,0.0,0.0,0.0,0.0,0.0,0.0,0.0,1.0
394420,0,1,3400,-54,54,161,17,18,0.50,2668064.000000,0,2.1,2.6,0.0,8864.000000,57,0.0,0.0,0.0,1.0
394669,0,1,3400,-54,54,170,16,18,0.50,2661312.000000,0,2.1,7.6,0.0,160864.000000,0,0.0,0.0,0.0,1.0
394918,0,1,3400,-54,54,165,17,18,0.50,2795872.000000,0,2.1,8.0,0.0,0.0,0.0,0.0,0.0,0.0,1.0
395167,0,1,3400,-54,54,163,16,18,0.51,2556448.000000,0,2.1,8.0,0.0,0.0,0.0,0.0,0.0,0.0,1.0
395416,0,1,3400,-54,54,165,16,18,0.50,2480256.000000,0,2.1,8.0,0.0,0.0,0.0,0.0,0.0,0.0,1.0
395665,0,1,3400,-54,54,163,17,18,0.50,2745632.000000,0,2.1,1.7,0.0,41728.000000,0,0.0,0.0,0.0,1.0
395914,0,1,3400,-54,54,163,17,18,0.51,2692320.000000,0,2.1,0.064,0.0,0.0,0.0,0.0,0.0,0.0,1.0
396163,0,1,3400,-54,54,165,16,18,0.51,2644864.000000,0,2.1,0.064,0.0,5536.000000,0,0.0,0.0,0.0,1.0
396412,0,1,3400,-54,54,167,15,18,0.50,2423936.000000,0,2.1,6.9,0.0,0.0,80,0.0,0.0,0.0,1.0
396661,0,1,3400,-54,54,167,17,18,0.51,2737696.000000,0,2.1,2.6,0.0,25088.000000,28,0.0,0.0,0.0,1.0
396910,0,1,3400,-54,54,169,15,18,0.50,2369888.000000,0,2.1,0.0,0.0,0.0,0.0,0.0,0.0,0.0,1.0
397159,0,1,3400,-54,54,167,17,18,0.50,2739648.000000,0,2.1,0.0,0.0,0.0,0.0,0.0,0.0,0.0,1.0
397408,0,1,3400,-54,54,161,15,18,0.51,2355712.000000,0,2.1,0.0,0.0,0.0,0.0,0.0,0.0,0.0,1.0
397657,0,1,3400,-54,54,159,16,18,0.50,2621216.000000,0,2.1,5.7,0.0,80672.000000,27,0.0,0.0,0.0,1.0
397906,0,1,3400,-54,54,165,18,18,0.59,2769184.000000,2,2.1,8.0,0.0,0.0,0.0,0.0,0.0,0.0,1.0
398155,0,1,3400,-54,54,165,16,18,0.50,2566784.000000,0,2.1,6.1,0.0,11072.000000,0,0.0,0.0,0.0,1.0
398404,0,1,3400,-54,54,158,17,18,0.50,2674720.000000,0,2.1,0.0,0.0,0.0,0.0,0.0,0.0,0.0,1.0
398653,0,1,3400,-54,54,160,15,18,0.52,2491648.000000,0,2.1,5.4,0.0,66176.000000,0,0.0,0.0,0.0,1.0
398902,0,1,3400,-54,54,161,17,18,0.57,2732512.000000,2,2.1,7.5,0.0,0.0,0.0,0.0,0.0,0.0,1.0
399151,0,1,3400,-54,54,165,15,18,0.50,2343968.000000,0,2.1,7.5,0.0,0.0,0.0,0.0,0.0,0.0,1.0
399400,0,1,3400,-54,54,162,17,18,0.51,2677344.000000,0,2.1,7.5,0.0,0.0,0.0,0.0,0.0,0.0,1.0
399649,0,1,3400,-54,54,161,18,18,0.51,2847616.000000,0,2.1,2.7,0.0,150464.000000,0,0.0,0.0,0.0,1.0
399898,0,1,3400,-54,54,170,15,18,0.51,2372704.000000,0,2.1,0.0,0.0,0.0,0,0.0,0.0,0.0,1.0
400147,0,1,3400,-54,54,169,17,18,0.50,2808672.000000,0,2.1,0.0,0.0,11072.000000,0,0.0,0.0,0.0,1.0
400396,0,1,3400,-54,54,162,17,17,0.64,2566880.000000,4,2.1,0.0,0.0,0.0,0.0,0.0,0.0,0.0,1.0
400645,0,1,3400,-54,54,164,16,18,0.50,2562752.000000,0,2.1,4.7,55,0.0,80,0.0,0.0,0.0,1.0
400894,0,1,3400,-54,54,167,17,18,0.50,2695456.000000,0,2.1,6.3,0.0,7680.000000,43,0.0,0.0,0.0,1.0
401143,0,1,3400,-54,54,161,16,18,0.50,2486848.000000,0,2.1,0.0,0.0,0.0,0.0,0.0,0.0,0.0,1.0
401392,0,1,3400,-54,54,172,17,18,0.58,2711552.000000,2,2.1,0.0,0.0,0.0,0.0,0.0,0.0,0.0,1.0
401641,0,1,3400,-54,54,170,16,18,0.50,2678432.000000,0,2.1,4.4,0.0,148640.000000,0,0.0,0.0,0.0,1.0
401890,0,1,3400,-54,54,165,15,18,0.50,2415264.000000,0,2.1,8.0,0.0,0.0,0.0,0.0,0.0,0.0,1.0
402139,0,1,3400,-54,54,164,16,18,0.51,2486496.000000,0,2.1,8.0,0.0,0.0,0.0,0.0,0.0,0.0,1.0
402388,0,1,3400,-54,54,167,16,18,0.53,2582912.000000,0,2.1,7.5,0.0,0.0,80,0.0,0.0,0.0,1.0
402637,0,1,3400,-54,54,168,16,18,0.50,2494368.000000,0,2.1,2.6,0.0,25120.000000,27,0.0,0.0,0.0,1.0
402886,0,1,3400,-54,54,166,17,18,0.55,2810976.000000,0,2.1,0.0,0.0,0.0,0.0,0.0,0.0,0.0,1.0
403135,0,1,3400,-54,54,161,16,18,0.57,2502016.000000,2,2.1,0.0,0.0,0.0,0.0,0.0,0.0,0.0,1.0
403384,0,1,3400,-54,54,160,17,18,0.50,2706848.000000,0,2.1,0.0,0.0,0.0,0.0,0.0,0.0,0.0,1.0
403633,0,1,3400,-54,54,160,17,18,0.50,2656640.000000,0,2.1,0.0,0.0,41728.000000,13,0.0,0.0,0.0,1.0
403882,0,1,3400,-54,54,168,15,18,0.50,2408512.000000,0,2.1,0.0,0.0,0.0,0,0.0,0.0,0.0,1.0
404131,0,1,3400,-54,54,167,17,18,0.50,2719520.000000,0,2.1,0.0,0.0,5536.000000,0,0.0,0.0,0.0,1.0
404380,0,1,3400,-54,54,170,16,17,0.54,2499648.000000,0.8,2.1,0.064,0.0,0.0,0.0,0.0,0.0,0.0,1.0
404629,0,1,3400,-54,54,168,18,18,0.51,2846592.000000,0,2.1,1.0,0.0,30912.000000,24,0.0,0.0,0.0,1.0
404878,0,1,3400,-54,54,164,17,18,0.50,2755040.000000,0,2.1,0.0,0.0,0.0,0.0,0.0,0.0,0.0,1.0
405127,0,1,3400,-54,54,164,17,18,0.51,2796800.000000,0,2.1,0.0,0.0,0.0,0.0,0.0,0.0,0.0,1.0
405376,0,1,3400,-54,54,168,17,18,0.50,2646240.000000,0,2.1,0.0,0.0,0.0,0.0,0.0,0.0,0.0,1.0
405625,0,1,3400,-54,54,167,16,18,0.52,2568384.000000,0.4,2.1,10,0.0,74592.000000,35,0.0,0.0,0.0,1.0
405874,0,1,3400,-54,54,170,18,18,0.50,2861344.000000,0,2.1,14,0.0,0.0,0.0,0.0,0.0,0.0,1.0
406123,0,1,3400,-54,54,163,16,18,0.51,2618240.000000,0,2.1,11,0.0,5536.000000,0,0.0,0.0,0.0,1.0
406372,0,1,3400,-54,54,165,16,18,0.50,2594016.000000,0,2.1,6.5,0.0,5536.000000,0,0.0,0.0,0.0,1.0
406621,0,1,3400,-54,54,166,16,18,0.50,2546496.000000,0,2.1,12,55,0.0,80,0.0,0.0,0.0,1.0
406870,0,1,3400,-54,54,163,16,18,0.51,2631200.000000,0,2.1,11,0.0,7360.000000,0,0.0,0.0,0.0,1.0
407119,0,1,3400,-54,54,168,16,18,0.51,2582688.000000,0,2.1,4.5,0.0,0.0,0.0,0.0,0.0,0.0,1.0
407368,0,1,3400,-54,54,162,15,17,0.57,2326528.000000,2,2.1,4.5,0.0,5536.000000,0,0.0,0.0,0.0,1.0
407617,0,1,3400,-54,54,161,15,18,0.50,2409152.000000,0,2.1,1.1,0.0,79328.000000,4,0.0,0.0,0.0,1.0
407866,0,1,3400,-54,54,163,15,18,0.50,2447040.000000,0,2.1,0.0,0.0,5536.000000,0,0.0,0.0,0.0,1.0
408115,0,1,3400,-54,54,162,17,18,0.51,2650080.000000,0,2.1,0.0,0.0,5536.000000,0,0.0,0.0,0.0,1.0
408364,0,1,3400,-54,54,166,17,18,0.50,2753408.000000,0,2.1,0.0,0.0,0.0,0.0,0.0,0.0,0.0,1.0
408613,0,1,3400,-54,54,165,15,18,0.51,2436992.000000,0,2.1,6.4,0.0,102624.000000,24,0.0,0.0,0.0,1.0
408862,0,1,3400,-54,54,164,16,18,0.51,2543296.000000,0,2.1,9.0,0.0,0.0,0.0,0.0,0.0,0.0,1.0
409111,0,1,3400,-54,54,164,18,18,0.51,2843072.000000,0,2.1,9.0,0.0,0.0,0.0,0.0,0.0,0.0,1.0
409360,0,1,3400,-54,54,162,16,18,0.57,2518592.000000,2,2.1,9.0,0.0,0.0,0.0,0.0,0.0,0.0,1.0
409609,0,1,3400,-54,54,161,15,18,0.53,2427712.000000,0.8,2.1,7.4,0.0,67168.000000,15,0.0,0.0,0.0,1.0
409858,0,1,3400,-54,54,160,16,18,0.54,2478336.000000,1,2.1,7.9,0.0,8864.000000,0,0.0,0.0,0.0,1.0
410107,0,1,3400,-54,54,161,16,18,0.50,2642624.000000,0,2.1,8.5,0.0,0.0,0.0,0.0,0.0,0.0,1.0
410356,0,1,3400,-54,54,162,16,18,0.50,2500032.000000,0,2.1,8.5,0.0,0.0,0.0,0.0,0.0,0.0,1.0
410605,0,1,3400,-54,54,168,16,18,0.54,2528128.000000,0.8,2.1,2.1,0.0,36192.000000,0,0.0,0.0,0.0,1.0
410854,0,1,3400,-54,54,166,17,18,0.51,2703808.000000,0.4,2.1,0.0,0.0,0.0,0.0,0.0,0.0,0.0,1.0
411103,0,1,3400,-54,54,164,15,18,0.50,2322208.000000,0,2.1,0.0,0.0,5536.000000,0,0.0,0.0,0.0,1.0
411352,0,1,3400,-54,54,163,17,18,0.57,2627904.000000,2,2.1,0.0,0.0,0.0,0.0,0.0,0.0,0.0,1.0
411601,0,1,3400,-54,54,162,16,18,0.52,2567616.000000,0,2.1,5.0,435,0.0,80,0.0,0.0,0.0,1.0
411850,0,1,3400,-54,54,169,17,18,0.50,2672128.000000,0,2.1,6.5,0.0,31168.000000,0,0.0,0.0,0.0,1.0
412099,0,1,3400,-54,54,167,17,18,0.50,2736928.000000,0,2.1,0.0,0.0,0.0,0.0,0.0,0.0,0.0,1.0
412348,0,1,3400,-54,54,167,16,18,0.51,2533888.000000,0,2.1,0.0,0.0,0.0,0.0,0.0,0.0,0.0,1.0
412597,0,1,3400,-54,54,165,16,18,0.50,2637632.000000,0,2.1,3.8,0.0,32288.000000,42,0.0,0.0,0.0,1.0
412846,0,1,3400,-54,54,165,16,18,0.50,2624000.000000,0,2.1,2.0,0.0,0.0,0.0,0.0,0.0,0.0,1.0
413095,0,1,3400,-54,54,171,17,18,0.51,2651616.000000,0.4,2.1,2.0,0.0,0.0,0.0,0.0,0.0,0.0,1.0
413344,0,1,3400,-54,54,168,17,18,0.50,2778080.000000,0,2.1,2.0,0.0,0.0,0.0,0.0,0.0,0.0,1.0
413593,0,1,3400,-54,54,165,16,18,0.50,2644064.000000,0,2.1,6.1,0.0,164960.000000,24,0.0,0.0,0.0,1.0
413842,0,1,3400,-54,54,166,16,18,0.51,2628064.000000,0,2.1,1.3,0.0,5536.000000,0,0.0,0.0,0.0,1.0
414091,0,1,3400,-54,54,166,14,18,0.50,2210944.000000,0,2.1,0.0,0.0,5536.000000,0,0.0,0.0,0.0,1.0
414340,0,1,3400,-54,54,160,17,18,0.50,2732352.000000,0,2.1,0.0,0.0,5536.000000,0,0.0,0.0,0.0,1.0
414589,0,1,3400,-54,54,167,16,18,0.51,2625568.000000,0,2.1,0.72,0.0,56480.000000,0,0.0,0.0,0.0,1.0
414838,0,1,3400,-54,54,165,17,18,0.51,2733600.000000,0,2.1,1.0,0.0,0.0,0.0,0.0,0.0,0.0,1.0
415087,0,1,3400,-54,54,166,17,18,0.51,2751712.000000,0,2.1,1.0,0.0,0.0,0.0,0.0,0.0,0.0,1.0
415336,0,1,3400,-54,54,165,17,18,0.50,2647008.000000,0,2.1,1.00,0.0,5536.000000,0,0.0,0.0,0.0,1.0
415585,0,1,3400,-54,54,163,17,18,0.51,2736512.000000,0,2.1,1.3,0.0,25120.000000,27,0.0,0.0,0.0,1.0
415834,0,1,3400,-54,54,169,18,18,0.50,2863744.000000,0,2.1,0.0,0.0,0.0,0.0,0.0,0.0,0.0,1.0
416083,0,1,3400,-54,54,168,16,18,0.58,2531232.000000,2,2.1,0.0,0.0,0.0,0.0,0.0,0.0,0.0,1.0
416332,0,1,3400,-54,54,167,17,18,0.51,2679424.000000,0,2.1,0.0,0.0,0.0,0.0,0.0,0.0,0.0,1.0
416581,0,1,3400,-54,54,168,16,17,0.57,2562528.000000,2,2.1,12,0.0,255808.000000,57,0.0,0.0,0.0,1.0
416830,0,1,3400,-54,54,168,16,18,0.51,2616800.000000,0,2.1,9.3,0.0,5536.000000,0,0.0,0.0,0.0,1.0
417079,0,1,3400,-54,54,157,15,18,0.50,2435424.000000,0,2.1,8.0,0.0,0.0,0.0,0.0,0.0,0.0,1.0
417328,0,1,3400,-54,54,162,15,18,0.50,2471968.000000,0,2.1,8.0,0.0,0.0,0.0,0.0,0.0,0.0,1.0
417577,0,1,3400,-54,54,163,17,18,0.50,2712352.000000,0,2.1,14,0.0,85344.000000,40,0.0,0.0,0.0,1.0
417826,0,1,3400,-54,54,164,15,18,0.50,2320448.000000,0,2.1,16,0.0,0.0,0.0,0.0,0.0,0.0,1.0
418075,0,1,3400,-54,54,164,16,17,0.57,2420256.000000,2,2.1,10,0.0,5536.000000,0,0.0,0.0,0.0,1.0
418324,0,1,3400,-54,54,164,16,18,0.50,2525280.000000,0,2.1,8.0,0.0,5536.000000,0,0.0,0.0,0.0,1.0
418573,0,1,3400,-54,54,163,18,18,0.52,2854528.000000,0.4,2.1,7.6,55,0.0,80,0.0,0.0,0.0,1.0
418822,0,1,3400,-54,54,164,15,17,0.50,2338752.000000,0,2.1,5.1,0.0,7680.000000,0,0.0,0.0,0.0,1.0
419071,0,1,3400,-54,54,160,16,18,0.53,2517344.000000,0,2.1,0.0,0.0,5536.000000,0,0.0,0.0,0.0,1.0
419320,0,1,3400,-54,54,161,17,18,0.50,2747424.000000,0,2.1,0.0,0.0,0.0,0.0,0.0,0.0,0.0,1.0
419569,0,1,3400,-54,54,161,18,18,0.54,2916960.000000,0.8,2.1,12,0.0,190240.000000,58,0.0,0.0,0.0,1.0
419818,0,1,3400,-54,54,165,17,18,0.54,2741568.000000,0.4,2.1,16,0.0,0.0,0.0,0.0,0.0,0.0,1.0
420067,0,1,3400,-54,54,162,16,18,0.51,2581024.000000,0.4,2.1,16,0.0,0.0,0.0,0.0,0.0,0.0,1.0
420316,0,1,3400,-54,54,164,17,18,0.51,2763648.000000,0,2.1,16,0.0,0.0,0.0,0.0,0.0,0.0,1.0
420565,0,1,3400,-54,54,166,17,18,0.54,2666176.000000,0.4,2.1,19,0.0,17056.000000,73,0.0,0.0,0.0,1.0
420814,0,1,3400,-54,54,164,17,18,0.50,2687168.000000,0,2.1,20,0.0,0.0,0.0,0.0,0.0,0.0,1.0
421063,0,1,3400,-54,54,164,18,18,0.52,2830976.000000,0.4,2.1,20,0.0,0.0,0.0,0.0,0.0,0.0,1.0
421312,0,1,3400,-54,54,164,17,18,0.57,2583328.000000,2,2.1,20,0.0,0.0,0.0,0.0,0.0,0.0,1.0
421561,0,1,3400,-54,54,165,16,18,0.54,2559520.000000,0.4,2.1,21,0.0,2336.000000,73,0.0,0.0,0.0,1.0
421810,0,1,3400,-54,54,161,15,18,0.50,2445920.000000,0,2.1,22,0.0,0.0,0.0,0.0,0.0,0.0,1.0
422059,0,1,3400,-54,54,162,15,18,0.50,2444544.000000,0,2.1,22,0.0,0.0,0.0,0.0,0.0,0.0,1.0
422308,0,1,3400,-54,54,163,17,18,0.57,2599904.000000,2,2.1,22,0.0,0.0,0.0,0.0,0.0,0.0,1.0
422557,0,1,3400,-54,54,162,15,18,0.50,2297920.000000,0,2.1,16,55,0.0,80,0.0,0.0,0.0,1.0
422806,0,1,3400,-54,54,163,17,18,0.51,2670016.000000,0,2.1,2.8,0.0,7680.000000,0,0.0,0.0,0.0,1.0
423055,0,1,3400,-54,54,162,16,18,0.50,2591360.000000,0,2.1,0.0,0.0,0.0,0.0,0.0,0.0,0.0,1.0
423304,0,1,3400,-54,54,157,16,18,0.50,2625760.000000,0,2.1,0.0,0.0,11072.000000,0,0.0,0.0,0.0,1.0
423553,0,1,3400,-54,54,161,16,18,0.50,2640768.000000,0,2.1,2.3,0.0,36896.000000,27,0.0,0.0,0.0,1.0
423802,0,1,3400,-54,54,164,16,18,0.51,2543232.000000,0,2.1,0.0,0.0,0.0,0.0,0.0,0.0,0.0,1.0
424051,0,1,3400,-54,54,163,17,18,0.50,2768832.000000,0,2.1,0.0,0.0,0.0,0.0,0.0,0.0,0.0,1.0
424300,0,1,3400,-54,54,166,16,18,0.50,2574016.000000,0,2.1,0.0,0.0,0.0,0.0,0.0,0.0,0.0,1.0
424549,0,1,3400,-54,54,165,18,18,0.51,2999456.000000,0,2.1,12,0.0,247712.000000,46,0.0,0.0,0.0,1.0
424798,0,1,3400,-54,54,163,16,18,0.50,2527008.000000,0,2.1,16,0.0,0.0,0.0,0.0,0.0,0.0,1.0
425047,0,1,3400,-54,54,162,17,19,0.51,2823776.000000,0,2.1,16,0.0,0.0,0.0,0.0,0.0,0.0,1.0
425296,0,1,3400,-54,54,161,17,18,0.50,2769856.000000,0,2.1,16,0.0,0.0,0.0,0.0,0.0,0.0,1.0
425545,0,1,3400,-54,54,162,16,18,0.51,2652224.000000,0,2.1,4.4,0.0,68160.000000,10,0.0,0.0,0.0,1.0
425794,0,1,3400,-54,54,163,15,18,0.50,2441152.000000,0,2.1,0.30,0.0,0.0,0,0.0,0.0,0.0,1.0
426043,0,1,3400,-54,54,158,16,18,0.57,2569984.000000,2,2.1,7.5,0.0,17056.000000,67,0.0,0.0,0.0,1.0
426292,0,1,3400,-54,54,160,17,18,0.52,2635040.000000,0,2.1,7.5,0.0,0.0,0.0,0.0,0.0,0.0,1.0
426541,0,1,3400,-54,54,164,18,18,0.51,2900864.000000,0,2.1,12,0.0,200288.000000,57,0.0,0.0,0.0,1.0
426790,0,1,3400,-54,54,164,16,18,0.50,2628224.000000,0,2.1,16,0.0,0.0,0.0,0.0,0.0,0.0,1.0
427039,0,1,3400,-54,54,158,16,18,0.51,2543008.000000,0,2.1,16,0.0,0.0,0.0,0.0,0.0,0.0,1.0
427288,0,1,3400,-54,54,162,17,18,0.51,2684800.000000,0,2.1,16,0.0,0.0,0.0,0.0,0.0,0.0,1.0
427537,0,1,3400,-54,54,165,17,18,0.50,2698048.000000,0,2.1,3.3,0.0,30912.000000,24,0.0,0.0,0.0,1.0
427786,0,1,3400,-54,54,160,15,18,0.50,2468704.000000,0,2.1,0.0,0.0,0.0,0.0,0.0,0.0,0.0,1.0
428035,0,1,3400,-54,54,163,17,18,0.50,2653152.000000,0,2.1,0.0,0.0,5536.000000,0,0.0,0.0,0.0,1.0
428284,0,1,3400,-54,54,160,17,18,0.50,2710944.000000,0,2.1,0.0,0.0,0.0,0.0,0.0,0.0,0.0,1.0
428533,0,1,3400,-54,54,163,17,18,0.51,2634656.000000,0,2.1,6.5,0.0,193056.000000,20,0.0,0.0,0.0,1.0
428782,0,1,3400,-54,54,164,18,18,0.57,2786368.000000,2,2.1,9.8,0.0,0.0,80,0.0,0.0,0.0,1.0
429031,0,1,3400,-54,54,168,16,18,0.50,2616960.000000,0,2.1,14,0.0,0.0,0.0,0.0,0.0,0.0,1.0
429280,0,1,3400,-54,54,165,16,18,0.50,2563488.000000,0,2.1,7.5,0.0,28128.000000,0,0.0,0.0,0.0,1.0
429529,0,1,3400,-54,54,157,18,18,0.50,2924288.000000,0,2.1,8.1,0.0,26528.000000,41,0.0,0.0,0.0,1.0
429778,0,1,3400,-54,54,166,16,18,0.50,2576480.000000,0,2.1,4.0,0.0,0.0,0.0,0.0,0.0,0.0,1.0
430028,0,1,3400,-54,54,168,16,18,0.50,2609440.000000,0,2.1,4.0,0.0,0.0,0.0,0.0,0.0,0.0,1.0
430277,0,1,3400,-54,54,163,16,18,0.50,2658912.000000,0,2.1,4.0,0.0,0.0,0.0,0.0,0.0,0.0,1.0
430526,0,1,3400,-54,54,165,16,18,0.50,2542784.000000,0,2.1,1.8,0.0,36640.000000,17,0.0,0.0,0.0,1.0
430775,0,1,3400,-54,54,169,18,18,0.50,2858528.000000,0,2.1,0.0,0.0,0.0,0.0,0.0,0.0,0.0,1.0
431024,0,1,3400,-54,54,170,17,18,0.50,2706592.000000,0,2.1,0.0,0.0,0.0,0.0,0.0,0.0,0.0,1.0
431273,0,1,3400,-54,54,167,16,18,0.50,2529568.000000,0,2.1,0.0,0.0,0.0,0.0,0.0,0.0,0.0,1.0
431522,0,1,3400,-54,54,163,17,18,0.50,2719040.000000,0,2.1,4.8,0.0,40928.000000,0,0.0,0.0,0.0,1.0
431771,0,1,3400,-54,54,157,15,18,0.50,2424640.000000,0,2.1,7.5,0.0,0.0,0.0,0.0,0.0,0.0,1.0
432020,0,1,3400,-54,54,161,17,18,0.52,2799360.000000,0,2.1,7.5,0.0,0.0,80,0.0,0.0,0.0,1.0
432269,0,1,3400,-54,54,167,16,18,0.50,2645888.000000,0,2.1,7.5,0.0,0.0,0.0,0.0,0.0,0.0,1.0
432518,0,1,3400,-54,54,165,18,18,0.50,2849568.000000,0,2.1,2.1,0.0,125216.000000,11,0.0,0.0,0.0,1.0
432767,0,1,3400,-54,54,162,17,18,0.50,2639680.000000,0,2.1,0.0,0.0,0.0,0,0.0,0.0,0.0,1.0
433016,0,1,3400,-54,54,165,17,18,0.58,2586560.000000,2,2.1,0.0,0.0,11072.000000,0,0.0,0.0,0.0,1.0
433265,0,1,3400,-54,54,162,16,18,0.50,2523872.000000,0,2.1,0.0,0.0,0.0,0.0,0.0,0.0,0.0,1.0
433514,0,1,3400,-54,54,162,16,18,0.50,2580672.000000,0,2.1,16,0.0,20672.000000,50,0.0,0.0,0.0,1.0
433763,0,1,3400,-54,54,159,17,18,0.50,2769568.000000,0,2.1,22,0.0,0.0,0.0,0.0,0.0,0.0,1.0
434012,0,1,3400,-54,54,158,17,18,0.57,2673152.000000,2,2.1,22,0.0,0.0,0.0,0.0,0.0,0.0,1.0
434261,0,1,3400,-54,54,161,17,18,0.57,2649888.000000,2,2.1,22,0.0,0.0,0.0,0.0,0.0,0.0,1.0
434510,0,1,3400,-54,54,164,17,18,0.50,2773568.000000,0,2.1,21,0.0,20672.000000,50,0.0,0.0,0.0,1.0
434759,0,1,3400,-54,54,169,16,18,0.50,2552608.000000,0,2.1,20,0.0,0.0,80,0.0,0.0,0.0,1.0
435008,0,1,3400,-54,54,159,16,18,0.50,2578656.000000,0,2.1,15,0.0,0.0,0.0,0.0,0.0,0.0,1.0
435257,0,1,3400,-54,54,155,16,18,0.51,2630752.000000,0,2.1,15,0.0,0.0,0.0,0.0,0.0,0.0,1.0
435506,0,1,3400,-54,54,162,17,18,0.50,2784704.000000,0,2.1,15,0.0,123296.000000,27,0.0,0.0,0.0,1.0
435755,0,1,3400,-54,54,165,16,18,0.50,2492672.000000,0,2.1,16,0.0,0.0,0.0,0.0,0.0,0.0,1.0
436004,0,1,3400,-54,54,164,16,18,0.51,2508800.000000,0.4,2.1,16,0.0,0.0,0.0,0.0,0.0,0.0,1.0
436253,0,1,3400,-54,54,164,15,18,0.50,2411968.000000,0,2.1,16,0.0,0.0,0.0,0.0,0.0,0.0,1.0
436502,0,1,3400,-54,54,158,16,18,0.51,2623040.000000,0,2.1,4.5,0.0,25376.000000,27,0.0,0.0,0.0,1.0
436751,0,1,3400,-54,54,159,15,18,0.50,2473568.000000,0,2.1,0.0,0.0,5536.000000,0,0.0,0.0,0.0,1.0
437000,0,1,3400,-54,54,157,17,18,0.51,2744288.000000,0,2.1,0.0,0.0,0.0,0.0,0.0,0.0,0.0,1.0
437249,0,1,3400,-54,54,158,17,18,0.50,2688480.000000,0,2.1,0.0,0.0,0.0,0.0,0.0,0.0,0.0,1.0
437498,0,1,3400,-54,54,162,17,18,0.50,2765312.000000,0,2.1,5.9,55,0.0,80,0.0,0.0,0.0,1.0
437747,0,1,3400,-54,54,167,16,18,0.50,2531136.000000,0,2.1,3.9,0.0,7680.000000,0,0.0,0.0,0.0,1.0
437996,0,1,3400,-54,54,163,16,18,0.50,2489888.000000,0,2.1,0.0,0.0,0.0,0.0,0.0,0.0,0.0,1.0
438245,0,1,3400,-54,54,166,16,17,0.57,2483040.000000,2,2.1,0.064,0.0,0.0,0.0,0.0,0.0,0.0,1.0
438494,0,1,3400,-54,54,166,16,18,0.50,2514944.000000,0,2.1,0.0,0.0,79328.000000,11,0.0,0.0,0.0,1.0
438743,0,1,3400,-54,54,163,16,18,0.50,2561152.000000,0,2.1,0.0,0.0,5536.000000,0,0.0,0.0,0.0,1.0
438992,0,1,3400,-54,54,161,16,18,0.51,2642464.000000,0,2.1,0.0,0.0,0.0,0.0,0.0,0.0,0.0,1.0
439241,0,1,3400,-54,54,164,16,18,0.57,2445248.000000,1,2.1,0.0,0.0,0.0,0.0,0.0,0.0,0.0,1.0
439490,0,1,3400,-54,54,163,15,18,0.50,2329952.000000,0,2.1,6.5,0.0,200640.000000,31,0.0,0.0,0.0,1.0
439739,0,1,3400,-54,54,161,17,18,0.50,2760064.000000,0,2.1,8.0,0.0,0.0,0.0,0.0,0.0,0.0,1.0
439988,0,1,3400,-54,54,166,17,18,0.50,2660736.000000,0,2.1,8.0,0.0,0.0,0.0,0.0,0.0,0.0,1.0
440237,0,1,3400,-54,54,164,16,18,0.50,2626496.000000,0,2.1,8.0,0.0,0.0,0.0,0.0,0.0,0.0,1.0
440486,0,1,3400,-54,54,159,17,18,0.51,2772576.000000,0,2.1,7.7,0.0,140352.000000,0,0.0,0.0,0.0,1.0
440735,0,1,3400,-54,54,163,17,18,0.51,2738272.000000,0,2.1,8.0,0.0,0.0,0.0,0.0,0.0,0.0,1.0
440984,0,1,3400,-54,54,167,18,18,0.50,2847680.000000,0,2.1,8.0,0.0,0.0,0.0,0.0,0.0,0.0,1.0
441233,0,1,3400,-54,54,161,16,18,0.50,2493312.000000,0,2.1,8.0,0.0,0.0,0.0,0.0,0.0,0.0,1.0
441482,0,1,3400,-54,54,163,17,18,0.50,2668576.000000,0,2.1,4.1,0.0,7680.000000,44,0.0,0.0,0.0,1.0
441731,0,1,3400,-54,54,163,17,18,0.50,2611040.000000,0,2.1,0.0,0.0,0.0,0.0,0.0,0.0,0.0,1.0
441980,0,1,3400,-54,54,166,16,18,0.51,2654656.000000,0,2.1,0.0,0.0,0.0,0.0,0.0,0.0,0.0,1.0
442229,0,1,3400,-54,54,164,18,18,0.50,2840192.000000,0,2.1,0.0,0.0,0.0,0.0,0.0,0.0,0.0,1.0
442478,0,1,3400,-54,54,165,17,18,0.50,2651264.000000,0,2.1,5.7,0.0,93120.000000,25,0.0,0.0,0.0,1.0
442727,0,1,3400,-54,54,162,17,18,0.50,2738624.000000,0,2.1,8.1,0.0,0.0,0.0,0.0,0.0,0.0,1.0
442976,0,1,3400,-54,54,163,17,18,0.51,2755328.000000,0.4,2.1,8.0,0.0,0.0,0.0,0.0,0.0,0.0,1.0
443225,0,1,3400,-54,54,163,15,18,0.50,2475136.000000,0,2.1,4.6,0.0,5536.000000,0,0.0,0.0,0.0,1.0
443474,0,1,3400,-54,54,168,17,18,0.51,2760832.000000,0,2.1,5.9,55,0.0,80,0.0,0.0,0.0,1.0
443723,0,1,3400,-54,54,169,15,18,0.50,2404064.000000,0,2.1,4.9,0.0,13216.000000,0,0.0,0.0,0.0,1.0
443972,0,1,3400,-54,54,169,16,18,0.57,2613312.000000,2,2.1,0.064,0.0,5536.000000,0,0.0,0.0,0.0,1.0
444221,0,1,3400,-54,54,164,18,18,0.50,2898880.000000,0,2.1,0.0,0.0,0.0,0.0,0.0,0.0,0.0,1.0
444470,0,1,3400,-54,54,165,17,18,0.50,2686720.000000,0,2.1,5.9,55,0.0,80,0.0,0.0,0.0,1.0
444719,0,1,3400,-54,54,166,17,18,0.51,2730848.000000,0,2.1,5.1,0.0,7680.000000,0,0.0,0.0,0.0,1.0
444968,0,1,3400,-54,54,166,18,18,0.50,2858784.000000,0,2.1,0.0,0.0,0.0,0.0,0.0,0.0,0.0,1.0
445217,0,1,3400,-54,54,163,16,18,0.50,2573632.000000,0,2.1,0.0,0.0,0.0,0.0,0.0,0.0,0.0,1.0
445466,0,1,3400,-54,54,163,16,18,0.51,2634272.000000,0,2.1,0.040,0.0,34240.000000,0,0.0,0.0,0.0,1.0
445715,0,1,3400,-54,54,163,18,18,0.51,2866144.000000,0,2.1,0.0,0.0,5536.000000,0,0.0,0.0,0.0,1.0
445964,0,1,3400,-54,54,161,16,18,0.50,2537600.000000,0,2.1,5.3,0.0,0.0,80,0.0,0.0,0.0,1.0
446213,0,1,3400,-54,54,165,16,18,0.50,2660864.000000,0,2.1,7.5,0.0,0.0,0.0,0.0,0.0,0.0,1.0
446462,0,1,3400,-54,54,164,16,18,0.57,2492256.000000,2,2.1,2.3,0.0,65632.000000,5,0.0,0.0,0.0,1.0
446711,0,1,3400,-54,54,161,18,18,0.50,2891200.000000,0,2.1,0.0,0.0,0.0,0.0,0.0,0.0,0.0,1.0
446960,0,1,3400,-54,54,163,17,18,0.50,2686848.000000,0,2.1,0.0,0.0,0.0,0.0,0.0,0.0,0.0,1.0
447209,0,1,3400,-54,54,167,16,18,0.50,2551936.000000,0,2.1,0.0,0.0,0.0,0.0,0.0,0.0,0.0,1.0
447458,0,1,3400,-54,54,165,16,18,0.52,2615616.000000,0.4,2.1,5.9,55,0.0,80,0.0,0.0,0.0,1.0
447707,0,1,3400,-54,54,165,17,18,0.50,2770720.000000,0,2.1,5.1,0.0,7680.000000,0,0.0,0.0,0.0,1.0
447956,0,1,3400,-54,54,163,17,18,0.52,2793152.000000,0.4,2.1,0.0,0.0,0.0,0.0,0.0,0.0,0.0,1.0
448205,0,1,3400,-54,54,164,17,18,0.57,2643168.000000,2,2.1,0.0,0.0,0.0,0.0,0.0,0.0,0.0,1.0
448454,0,1,3400,-54,54,165,16,18,0.50,2637792.000000,0,2.1,10,0.0,80288.000000,0,0.0,0.0,0.0,1.0
448703,0,1,3400,-54,54,161,18,18,0.51,2810016.000000,0,2.1,15,0.0,0.0,0.0,0.0,0.0,0.0,1.0
448952,0,1,3400,-54,54,160,16,18,0.50,2640512.000000,0,2.1,15,0.0,0.0,0.0,0.0,0.0,0.0,1.0
449201,0,1,3400,-54,54,169,18,18,0.50,2898208.000000,0,2.1,15,0.0,0.0,0.0,0.0,0.0,0.0,1.0
449450,0,1,3400,-54,54,163,16,18,0.50,2595424.000000,0,2.1,9.3,0.0,40896.000000,32,0.0,0.0,0.0,1.0
449699,0,1,3400,-54,54,162,15,18,0.50,2453824.000000,0,2.1,13,0.0,0.0,80,0.0,0.0,0.0,1.0
449948,0,1,3400,-54,54,167,16,18,0.50,2527072.000000,0,2.1,13,0.0,0.0,0.0,0.0,0.0,0.0,1.0
450197,0,1,3400,-54,54,168,15,18,0.50,2383136.000000,0,2.1,14,0.0,0.0,0.0,0.0,0.0,0.0,1.0
450446,0,1,3400,-54,54,166,16,18,0.50,2571456.000000,0,2.1,3.0,0.0,41728.000000,0,0.0,0.0,0.0,1.0
450695,0,1,3400,-54,54,162,15,18,0.50,2351200.000000,0,2.1,0.0,0.0,0.0,0.0,0.0,0.0,0.0,1.0
450944,0,1,3400,-54,54,165,17,18,0.50,2748736.000000,0,2.1,0.0,0.0,0.0,0.0,0.0,0.0,0.0,1.0
451193,0,1,3400,-54,54,164,17,18,0.50,2682592.000000,0,2.1,0.0,0.0,0.0,0.0,0.0,0.0,0.0,1.0
451442,0,1,3400,-54,54,160,16,18,0.50,2609824.000000,0,2.1,5.9,53,5536.000000,57,0.0,0.0,0.0,1.0
451691,0,1,3400,-54,54,161,17,18,0.50,2719456.000000,0,2.1,5.1,0.0,9504.000000,36,0.0,0.0,0.0,1.0
451940,0,1,3400,-54,54,167,17,18,0.50,2793568.000000,0,2.1,4.5,0.0,0.0,0.0,0.0,0.0,0.0,1.0
452189,0,1,3400,-54,54,165,16,18,0.50,2522848.000000,0,2.1,4.5,0.0,0.0,0.0,0.0,0.0,0.0,1.0
452438,0,1,3400,-54,54,164,16,18,0.55,2648704.000000,0,2.1,1.1,0.0,39520.000000,0,0.0,0.0,0.0,1.0
452687,0,1,3400,-54,54,164,16,18,0.51,2561056.000000,0,2.1,0.0,0.0,0.0,0.0,0.0,0.0,0.0,1.0
452936,0,1,3400,-54,54,165,16,18,0.50,2582560.000000,0,2.1,0.0,0.0,11072.000000,0,0.0,0.0,0.0,1.0
453185,0,1,3400,-54,54,163,16,18,0.57,2513952.000000,2,2.1,0.0,0.0,0.0,0.0,0.0,0.0,0.0,1.0
453434,0,1,3400,-54,54,163,18,18,0.51,3053856.000000,0,2.1,12,0.0,244384.000000,44,0.0,0.0,0.0,1.0
453683,0,1,3400,-54,54,164,18,18,0.50,2859712.000000,0,2.1,16,0.0,0.0,0.0,0.0,0.0,0.0,1.0
453932,0,1,3400,-54,54,170,15,18,0.50,2377408.000000,0,2.1,12,0.0,22592.000000,0,0.0,0.0,0.0,1.0
454181,0,1,3400,-54,54,170,18,18,0.51,2849056.000000,0,2.1,16,0.0,0.0,0.0,0.0,0.0,0.0,1.0
454430,0,1,3400,-54,54,164,17,18,0.50,2740288.000000,0,2.1,5.8,0.0,36896.000000,27,0.0,0.0,0.0,1.0
454679,0,1,3400,-54,54,159,15,18,0.51,2472736.000000,0,2.1,0.0,0.0,0.0,0.0,0.0,0.0,0.0,1.0
454928,0,1,3400,-54,54,164,16,18,0.51,2521024.000000,0,2.1,0.0,0.0,0.0,0.0,0.0,0.0,0.0,1.0
455177,0,1,3400,-54,54,161,17,18,0.50,2713216.000000,0,2.1,0.0,0.0,0.0,0.0,0.0,0.0,0.0,1.0
455426,0,1,3400,-54,54,162,17,18,0.58,2737120.000000,2,2.1,6.6,0.0,87200.000000,0,0.0,0.0,0.0,1.0
455675,0,1,3400,-54,54,165,16,18,0.50,2514816.000000,0,2.1,9.0,0.0,0.0,0.0,0.0,0.0,0.0,1.0
455924,0,1,3400,-54,54,163,15,18,0.51,2473408.000000,0,2.1,14,0.0,0.0,80,0.0,0.0,0.0,1.0
456173,0,1,3400,-54,54,165,17,18,0.51,2728192.000000,0,2.1,16,0.0,0.0,0.0,0.0,0.0,0.0,1.0
456422,0,1,3400,-54,54,166,18,18,0.52,2797728.000000,0.4,2.1,8.9,0.0,64768.000000,0,0.0,0.0,0.0,1.0
456671,0,1,3400,-54,54,163,17,18,0.50,2729440.000000,0,2.1,7.5,0.0,0.0,0.0,0.0,0.0,0.0,1.0
456920,0,1,3400,-54,54,165,17,18,0.50,2747232.000000,0,2.1,7.5,0.0,0.0,0.0,0.0,0.0,0.0,1.0
457169,0,1,3400,-54,54,165,15,18,0.51,2463936.000000,0,2.1,5.4,0.0,25920.000000,0,0.0,0.0,0.0,1.0
457418,0,1,3400,-54,54,163,17,18,0.52,2646240.000000,0,2.1,7.5,55,0.0,80,0.0,0.0,0.0,1.0
457667,0,1,3400,-54,54,167,17,18,0.51,2724064.000000,0,2.1,4.9,0.0,7680.000000,0,0.0,0.0,0.0,1.0
457916,0,1,3400,-54,54,171,16,18,0.50,2621728.000000,0,2.1,0.0,0.0,0.0,0.0,0.0,0.0,0.0,1.0
458165,0,1,3400,-54,54,166,17,18,0.50,2621888.000000,0,2.1,0.0,0.0,0.0,0.0,0.0,0.0,0.0,1.0
458414,0,1,3400,-54,54,161,16,18,0.50,2530752.000000,0,2.1,1.2,0.0,28704.000000,27,0.0,0.0,0.0,1.0
458663,0,1,3400,-54,54,159,16,18,0.50,2609888.000000,0,2.1,0.0,0.0,0.0,0.0,0.0,0.0,0.0,1.0
458912,0,1,3400,-54,54,162,15,18,0.51,2458112.000000,0,2.1,0.0,0.0,5536.000000,0,0.0,0.0,0.0,1.0
459161,0,1,3400,-54,54,163,16,18,0.50,2671104.000000,0,2.1,0.0,0.0,0.0,0.0,0.0,0.0,0.0,1.0
459410,0,1,3400,-54,54,161,16,18,0.50,2494528.000000,0,2.1,16,0.0,20672.000000,50,0.0,0.0,0.0,1.0
459659,0,1,3400,-54,54,169,16,18,0.50,2532224.000000,0,2.1,18,0.0,0.0,80,0.0,0.0,0.0,1.0
459908,0,1,3400,-54,54,164,16,18,0.50,2529088.000000,0,2.1,9.7,0.0,11072.000000,0,0.0,0.0,0.0,1.0
460157,0,1,3400,-54,54,165,16,18,0.50,2561760.000000,0,2.1,7.5,0.0,0.0,0.0,0.0,0.0,0.0,1.0
460406,0,1,3400,-54,54,169,16,18,0.50,2569056.000000,0,2.1,7.3,0.0,148640.000000,0,0.0,0.0,0.0,1.0
460655,0,1,3400,-54,54,167,16,18,0.50,2562048.000000,0,2.1,8.0,0.0,0.0,0.0,0.0,0.0,0.0,1.0
460904,0,1,3400,-54,54,170,17,18,0.51,2780704.000000,0,2.1,8.0,0.0,0.0,0.0,0.0,0.0,0.0,1.0
461153,0,1,3400,-54,54,168,18,18,0.52,2828960.000000,0,2.1,8.0,0.0,0.0,0.0,0.0,0.0,0.0,1.0
461402,0,1,3400,-54,54,163,17,18,0.50,2646752.000000,0,2.1,3.5,0.0,79680.000000,10,0.0,0.0,0.0,1.0
461651,0,1,3400,-54,54,160,17,18,0.51,2686400.000000,0,2.1,0.0,0.0,0.0,0.0,0.0,0.0,0.0,1.0
461900,0,1,3400,-54,54,161,17,18,0.51,2795904.000000,0,2.1,0.0,0.0,0.0,0.0,0.0,0.0,0.0,1.0
462149,0,1,3400,-54,54,166,16,18,0.50,2668960.000000,0,2.1,0.0,0.0,0.0,0.0,0.0,0.0,0.0,1.0
462398,0,1,3400,-54,54,167,16,18,0.50,2641952.000000,0,2.1,2.3,0.0,36608.000000,24,0.0,0.0,0.0,1.0
462647,0,1,3400,-54,54,162,15,18,0.64,2343392.000000,4,2.1,0.0,0.0,11072.000000,0,0.0,0.0,0.0,1.0
462896,0,1,3400,-54,54,169,17,18,0.50,2725344.000000,0,2.1,0.0,0.0,0.0,0.0,0.0,0.0,0.0,1.0
463145,0,1,3400,-54,54,160,17,18,0.51,2636096.000000,0,2.1,0.0,0.0,0.0,0.0,0.0,0.0,0.0,1.0
463394,0,1,3400,-54,54,164,17,18,0.50,2708288.000000,0,2.1,0.0,0.0,27104.000000,0,0.0,0.0,0.0,1.0
463643,0,1,3400,-54,54,162,17,18,0.50,2782464.000000,0,2.1,0.0,0.0,0.0,0.0,0.0,0.0,0.0,1.0
463892,0,1,3400,-54,54,166,17,18,0.51,2824480.000000,0,2.1,0.072,0.0,8864.000000,0,0.0,0.0,0.0,1.0
464141,0,1,3400,-54,54,168,16,18,0.50,2612352.000000,0,2.1,1.0,0.0,0.0,0.0,0.0,0.0,0.0,1.0
464390,0,1,3400,-54,54,159,17,18,0.52,2834464.000000,0.4,2.1,12,0.0,194752.000000,60,0.0,0.0,0.0,1.0
464639,0,1,3400,-54,54,160,17,18,0.50,2740288.000000,0,2.1,16,0.0,0.0,0.0,0.0,0.0,0.0,1.0
464888,0,1,3400,-54,54,164,16,18,0.50,2670688.000000,0,2.1,16,0.0,0.0,0.0,0.0,0.0,0.0,1.0
465137,0,1,3400,-54,54,168,16,18,0.50,2544288.000000,0,2.1,16,0.0,0.0,0.0,0.0,0.0,0.0,1.0
465386,0,1,3400,-54,54,167,16,18,0.50,2634880.000000,0,2.1,13,0.0,51968.000000,24,0.0,0.0,0.0,1.0
465635,0,1,3400,-54,54,167,16,18,0.50,2551936.000000,0,2.1,8.6,0.0,5536.000000,0,0.0,0.0,0.0,1.0
465884,0,1,3400,-54,54,164,17,18,0.51,2824544.000000,0,2.1,7.5,0.0,0.0,0.0,0.0,0.0,0.0,1.0
466133,0,1,3400,-54,54,162,16,18,0.51,2612288.000000,0,2.1,7.5,0.0,0.0,0.0,0.0,0.0,0.0,1.0
466382,0,1,3400,-54,54,166,16,18,0.51,2490176.000000,0,2.1,7.6,0.0,160864.000000,0,0.0,0.0,0.0,1.0
466631,0,1,3400,-54,54,164,15,18,0.50,2373376.000000,0,2.1,8.0,0.0,0.0,0.0,0.0,0.0,0.0,1.0
466880,0,1,3400,-54,54,166,17,19,0.50,2701248.000000,0,2.1,8.0,0.0,0.0,0.0,0.0,0.0,0.0,1.0
467129,0,1,3400,-54,54,167,18,18,0.50,2874304.000000,0,2.1,8.0,0.0,0.0,0.0,0.0,0.0,0.0,1.0
467378,0,1,3400,-54,54,169,16,18,0.50,2618560.000000,0,2.1,7.6,55,0.0,80,0.0,0.0,0.0,1.0
467627,0,1,3400,-54,54,168,16,18,0.50,2635648.000000,0,2.1,6.3,0.0,7360.000000,0,0.0,0.0,0.0,1.0
467876,0,1,3400,-54,54,166,16,18,0.50,2547904.000000,0,2.1,4.5,0.0,0.0,0.0,0.0,0.0,0.0,1.0
468125,0,1,3400,-54,54,160,17,18,0.50,2815264.000000,0,2.1,4.5,0.0,5536.000000,0,0.0,0.0,0.0,1.0
468374,0,1,3400,-54,54,162,17,18,0.51,2637024.000000,0,2.1,6.9,55,0.0,80,0.0,0.0,0.0,1.0
468623,0,1,3400,-54,54,159,17,18,0.51,2771264.000000,0,2.1,6.9,0.0,10688.000000,0,0.0,0.0,0.0,1.0
468872,0,1,3400,-54,54,161,15,18,0.50,2377568.000000,0,2.1,5.5,0.0,0.0,0.0,0.0,0.0,0.0,1.0
469121,0,1,3400,-54,54,166,17,18,0.50,2717920.000000,0,2.1,4.7,0.0,5536.000000,0,0.0,0.0,0.0,1.0
469370,0,1,3400,-54,54,161,15,18,0.52,2430272.000000,0,2.1,11,0.0,62336.000000,33,0.0,0.0,0.0,1.0
469619,0,1,3400,-54,54,162,16,18,0.51,2573408.000000,0,2.1,15,0.0,0.0,0.0,0.0,0.0,0.0,1.0
469868,0,1,3400,-54,54,161,16,18,0.50,2487776.000000,0,2.1,15,0.0,0.0,0.0,0.0,0.0,0.0,1.0
470117,0,1,3400,-54,54,161,16,18,0.50,2603744.000000,0,2.1,15,0.0,0.0,0.0,0.0,0.0,0.0,1.0
470366,0,1,3400,-54,54,166,17,18,0.50,2778080.000000,0,2.1,3.5,0.0,41728.000000,14,0.0,0.0,0.0,1.0
470615,0,1,3400,-54,54,168,17,18,0.50,2670528.000000,0,2.1,0.0,0.0,0.0,0.0,0.0,0.0,0.0,1.0
470864,0,1,3400,-54,54,165,17,18,0.51,2808160.000000,0,2.1,0.0,0.0,0.0,0.0,0.0,0.0,0.0,1.0
471113,0,1,3400,-54,54,164,17,18,0.52,2692896.000000,0.4,2.1,0.0,0.0,0.0,0.0,0.0,0.0,0.0,1.0
471362,0,1,3400,-54,54,167,18,18,0.50,2873184.000000,0,2.1,10.0,0.0,68768.000000,0,0.0,0.0,0.0,1.0
471611,0,1,3400,-54,54,164,17,18,0.52,2630432.000000,0.4,2.1,14,0.0,0.0,0.0,0.0,0.0,0.0,1.0
471860,0,1,3400,-54,54,162,17,18,0.50,2743776.000000,0,2.1,14,0.0,0.0,0.0,0.0,0.0,0.0,1.0
472109,0,1,3400,-54,54,170,16,18,0.57,2547456.000000,2,2.1,14,0.0,0.0,0.0,0.0,0.0,0.0,1.0
472358,0,1,3400,-54,54,162,17,18,0.50,2740928.000000,0,2.1,15,53,17056.000000,57,0.0,0.0,0.0,1.0
472607,0,1,3400,-54,54,156,17,18,0.50,2634816.000000,0,2.1,10,0.0,7680.000000,0,0.0,0.0,0.0,1.0
472856,0,1,3400,-54,54,163,16,18,0.50,2621088.000000,0,2.1,0.0,0.0,0.0,0.0,0.0,0.0,0.0,1.0
473105,0,1,3400,-54,54,164,18,18,0.51,2836800.000000,0,2.1,0.0,0.0,0.0,0.0,0.0,0.0,0.0,1.0
473354,0,1,3400,-54,54,164,18,18,0.50,2825376.000000,0,2.1,4.8,0.0,30400.000000,25,0.0,0.0,0.0,1.0
473603,0,1,3400,-54,54,165,17,18,0.50,2727296.000000,0,2.1,6.5,0.0,0.0,0.0,0.0,0.0,0.0,1.0
473852,0,1,3400,-54,54,160,16,18,0.52,2629440.000000,0,2.1,6.5,0.0,0.0,0.0,0.0,0.0,0.0,1.0
474101,0,1,3400,-54,54,162,17,18,0.50,2697440.000000,0,2.1,6.5,0.0,0.0,0.0,0.0,0.0,0.0,1.0
474350,0,1,3400,-54,54,162,16,18,0.51,2619168.000000,0,2.1,7.3,55,0.0,80,0.0,0.0,0.0,1.0
474599,0,1,3400,-54,54,160,16,18,0.50,2536992.000000,0,2.1,6.3,0.0,7360.000000,43,0.0,0.0,0.0,1.0
474848,0,1,3400,-54,54,163,18,18,0.50,2828928.000000,0,2.1,4.5,0.0,0.0,0.0,0.0,0.0,0.0,1.0
475097,0,1,3400,-54,54,160,17,18,0.51,2672608.000000,0,2.1,4.5,0.0,5536.000000,0,0.0,0.0,0.0,1.0
475346,0,1,3400,-54,54,164,16,18,0.51,2551680.000000,0,2.1,1.1,0.0,41728.000000,0,0.0,0.0,0.0,1.0
475595,0,1,3400,-54,54,164,17,18,0.52,2598400.000000,0.4,2.1,0.0,0.0,0.0,0.0,0.0,0.0,0.0,1.0
475844,0,1,3400,-54,54,163,17,18,0.58,2730176.000000,2,2.1,0.0,0.0,0.0,0.0,0.0,0.0,0.0,1.0
476093,0,1,3400,-54,54,162,16,18,0.50,2454080.000000,0,2.1,0.064,0.0,0.0,0.0,0.0,0.0,0.0,1.0
476342,0,1,3400,-54,54,162,15,18,0.50,2417280.000000,0,2.1,1.1,0.0,30624.000000,21,0.0,0.0,0.0,1.0
476591,0,1,3400,-54,54,159,17,18,0.50,2700416.000000,0,2.1,0.0,0.0,0.0,0.0,0.0,0.0,0.0,1.0
476840,0,1,3400,-54,54,160,16,18,0.51,2494336.000000,0,2.1,0.0,0.0,0.0,0.0,0.0,0.0,0.0,1.0
477089,0,1,3400,-54,54,165,15,18,0.50,2363104.000000,0,2.1,0.0,0.0,0.0,0.0,0.0,0.0,0.0,1.0
477338,0,1,3400,-54,54,165,15,18,0.50,2357440.000000,0,2.1,5.7,0.0,86208.000000,25,0.0,0.0,0.0,1.0
477587,0,1,3400,-54,54,164,15,18,0.51,2389312.000000,0,2.1,8.0,0.0,0.0,0.0,0.0,0.0,0.0,1.0
477836,0,1,3400,-54,54,163,15,18,0.50,2400736.000000,0,2.1,8.0,0.0,0.0,0.0,0.0,0.0,0.0,1.0
478085,0,1,3400,-54,54,163,16,18,0.50,2554368.000000,0,2.1,7.1,0.0,5536.000000,0,0.0,0.0,0.0,1.0
478334,0,1,3400,-54,54,156,18,18,0.51,2805728.000000,0,2.1,5.9,55,0.0,80,0.0,0.0,0.0,1.0
478583,0,1,3400,-54,54,160,15,18,0.50,2482944.000000,0,2.1,6.3,0.0,7360.000000,0,0.0,0.0,0.0,1.0
478832,0,1,3400,-54,54,161,15,18,0.50,2444864.000000,0,2.1,4.5,0.0,0.0,0.0,0.0,0.0,0.0,1.0
479081,0,1,3400,-54,54,159,16,18,0.50,2535104.000000,0,2.1,4.5,0.0,0.0,0.0,0.0,0.0,0.0,1.0
479330,0,1,3400,-54,54,162,18,18,0.52,2949216.000000,0.4,2.1,13,0.0,312352.000000,50,0.0,0.0,0.0,1.0
479579,0,1,3400,-54,54,163,15,18,0.55,2396000.000000,0.8,2.1,16,0.0,0.0,0.0,0.0,0.0,0.0,1.0
479828,0,1,3400,-54,54,161,16,18,0.51,2574272.000000,0,2.1,16,0.0,0.0,0.0,0.0,0.0,0.0,1.0
480077,0,1,3400,-54,54,162,17,18,0.54,2671584.000000,0.4,2.1,16,0.0,0.0,0.0,0.0,0.0,0.0,1.0
480326,0,1,3400,-54,54,164,16,18,0.50,2525312.000000,0,2.1,9.1,0.0,44864.000000,27,0.0,0.0,0.0,1.0
480575,0,1,3400,-54,54,165,16,18,0.50,2468096.000000,0,2.1,7.5,0.0,0.0,0.0,0.0,0.0,0.0,1.0
480824,0,1,3400,-54,54,164,15,18,0.57,2331168.000000,2,2.1,7.5,0.0,0.0,0.0,0.0,0.0,0.0,1.0
481073,0,1,3400,-54,54,156,16,18,0.57,2433984.000000,2,2.1,4.3,0.0,5536.000000,0,0.0,0.0,0.0,1.0
481322,0,1,3400,-54,54,163,16,18,0.50,2634368.000000,0,2.1,6.1,0.0,50272.000000,25,0.0,0.0,0.0,1.0
481571,0,1,3400,-54,54,168,18,18,0.50,2824608.000000,0,2.1,8.5,0.0,0.0,0.0,0.0,0.0,0.0,1.0
481820,0,1,3400,-54,54,161,18,18,0.51,2941504.000000,0,2.1,8.5,0.0,0.0,0.0,0.0,0.0,0.0,1.0
482069,0,1,3400,-54,54,159,16,18,0.50,2581120.000000,0,2.1,8.5,0.0,0.0,0.0,0.0,0.0,0.0,1.0
482318,0,1,3400,-54,54,165,16,18,0.50,2560096.000000,0,2.1,8.7,0.0,153440.000000,38,0.0,0.0,0.0,1.0
482567,0,1,3400,-54,54,163,17,18,0.50,2783264.000000,0,2.1,9.0,0.0,0.0,0.0,0.0,0.0,0.0,1.0
482816,0,1,3400,-54,54,160,17,18,0.51,2724512.000000,0,2.1,9.0,0.0,0.0,0.0,0.0,0.0,0.0,1.0
483065,0,1,3400,-54,54,162,16,18,0.51,2614944.000000,0.4,2.1,9.0,0.0,0.0,0.0,0.0,0.0,0.0,1.0
483314,0,1,3400,-54,54,163,16,18,0.50,2586880.000000,0,2.1,7.3,0.0,63488.000000,0,0.0,0.0,0.0,1.0
483563,0,1,3400,-54,54,165,15,18,0.50,2339360.000000,0,2.1,7.5,0.0,0.0,80,0.0,0.0,0.0,1.0
483812,0,1,3400,-54,54,166,17,18,0.50,2821152.000000,0,2.1,7.5,0.0,0.0,0.0,0.0,0.0,0.0,1.0
484061,0,1,3400,-54,54,159,15,18,0.51,2298848.000000,0,2.1,7.5,0.0,0.0,0.0,0.0,0.0,0.0,1.0
484310,0,1,3400,-54,54,158,16,18,0.50,2513536.000000,0,2.1,7.6,0.0,140352.000000,0,0.0,0.0,0.0,1.0
484559,0,1,3400,-54,54,159,16,18,0.50,2623616.000000,0,2.1,8.0,0.0,0.0,0.0,0.0,0.0,0.0,1.0
484808,0,1,3400,-54,54,165,16,17,0.57,2518432.000000,2,2.1,8.0,0.0,0.0,0.0,0.0,0.0,0.0,1.0
485057,0,1,3400,-54,54,166,17,18,0.57,2615200.000000,2,2.1,8.0,0.0,0.0,0.0,0.0,0.0,0.0,1.0
485306,0,1,3400,-54,54,160,16,18,0.50,2652704.000000,0,2.1,3.9,0.0,36896.000000,27,0.0,0.0,0.0,1.0
485555,0,1,3400,-54,54,162,15,18,0.50,2419936.000000,0,2.1,0.0,0.0,0.0,0.0,0.0,0.0,0.0,1.0
485804,0,1,3400,-54,54,166,16,18,0.51,2612992.000000,0,2.1,0.0,0.0,0.0,0.0,0.0,0.0,0.0,1.0
486053,0,1,3400,-54,54,167,16,18,0.57,2489856.000000,2,2.1,0.0,0.0,0.0,0.0,0.0,0.0,0.0,1.0
486302,0,1,3400,-54,54,162,16,18,0.51,2595072.000000,0,2.1,1.2,0.0,34240.000000,24,0.0,0.0,0.0,1.0
486551,0,1,3400,-54,54,166,15,18,0.50,2433472.000000,0,2.1,0.0,0.0,5536.000000,0,0.0,0.0,0.0,1.0
486800,0,1,3400,-54,54,164,16,18,0.50,2602080.000000,0,2.1,0.0,0.0,0.0,0.0,0.0,0.0,0.0,1.0
487049,0,1,3400,-54,54,165,17,18,0.50,2627648.000000,0,2.1,0.0,0.0,0.0,0.0,0.0,0.0,0.0,1.0
487298,0,1,3400,-54,54,159,16,18,0.50,2527136.000000,0,2.1,5.9,55,0.0,80,0.0,0.0,0.0,1.0
487547,0,1,3400,-54,54,163,17,18,0.50,2755616.000000,0,2.1,5.1,0.0,7680.000000,0,0.0,0.0,0.0,1.0
487796,0,1,3400,-54,54,162,15,18,0.51,2432224.000000,0,2.1,0.0,0.0,0.0,0.0,0.0,0.0,0.0,1.0
488045,0,1,3400,-54,54,160,17,18,0.50,2745984.000000,0,2.1,0.91,0.0,8864.000000,0,0.0,0.0,0.0,1.0
488294,0,1,3400,-54,54,162,18,18,0.51,2869760.000000,0,2.1,5.6,0.0,72416.000000,0,0.0,0.0,0.0,1.0
488543,0,1,3400,-54,54,162,15,18,0.51,2412832.000000,0,2.1,7.7,0.0,0.0,0,0.0,0.0,0.0,1.0
488792,0,1,3400,-54,54,162,16,18,0.50,2612576.000000,0,2.1,15,0.0,0.0,100.000000,0.0,0.0,0.0,1.0
489041,0,1,3400,-54,54,163,16,18,0.51,2484352.000000,0,2.1,11,0.0,11072.000000,0,0.0,0.0,0.0,1.0
489290,0,1,3400,-54,54,161,17,18,0.51,2669344.000000,0,2.1,1.9,0.0,36192.000000,8,0.0,0.0,0.0,1.0
489539,0,1,3400,-54,54,164,16,18,0.50,2542624.000000,0,2.1,0.064,0.0,0.0,0.0,0.0,0.0,0.0,1.0
489788,0,1,3400,-54,54,166,17,18,0.52,2781632.000000,0.4,2.1,0.0,0.0,0.0,0.0,0.0,0.0,0.0,1.0
490037,0,1,3400,-54,54,163,15,18,0.50,2446016.000000,0,2.1,0.0,0.0,5536.000000,0,0.0,0.0,0.0,1.0
490286,0,1,3400,-54,54,163,17,18,0.50,2708160.000000,0,2.1,2.3,0.0,36896.000000,27,0.0,0.0,0.0,1.0
490535,0,1,3400,-54,54,166,15,18,0.50,2463744.000000,0,2.1,0.0,0.0,0.0,0.0,0.0,0.0,0.0,1.0
490784,0,1,3400,-54,54,165,16,18,0.50,2579264.000000,0,2.1,0.0,0.0,0.0,0.0,0.0,0.0,0.0,1.0
491033,0,1,3400,-54,54,162,16,18,0.50,2574368.000000,0,2.1,0.0,0.0,0.0,0.0,0.0,0.0,0.0,1.0
491282,0,1,3400,-54,54,164,18,18,0.58,2971840.000000,2,2.1,12,0.0,176512.000000,65,0.0,0.0,0.0,1.0
491531,0,1,3400,-54,54,164,17,18,0.50,2667456.000000,0,2.1,16,0.0,0.0,0.0,0.0,0.0,0.0,1.0
491780,0,1,3400,-54,54,158,17,18,0.50,2667008.000000,0,2.1,16,0.0,0.0,0.0,0.0,0.0,0.0,1.0
492029,0,1,3400,-54,54,156,17,18,0.50,2696576.000000,0,2.1,16,0.0,0.0,0.0,0.0,0.0,0.0,1.0
492278,0,1,3400,-54,54,160,17,18,0.50,2649216.000000,0,2.1,13,0.0,46016.000000,29,0.0,0.0,0.0,1.0
492527,0,1,3400,-54,54,169,17,18,0.50,2749152.000000,0,2.1,14,0.0,0.0,0.0,0.0,0.0,0.0,1.0
492776,0,1,3400,-54,54,172,16,18,0.50,2587904.000000,0,2.1,14,0.0,0.0,0.0,0.0,0.0,0.0,1.0
493025,0,1,3400,-54,54,162,16,18,0.50,2683392.000000,0,2.1,15,0.0,0.0,0.0,0.0,0.0,0.0,1.0
493274,0,1,3400,-54,54,162,17,18,0.50,2682720.000000,0,2.1,19,0.0,20672.000000,50,0.0,0.0,0.0,1.0
493523,0,1,3400,-54,54,165,17,18,0.50,2789568.000000,0,2.1,22,0.0,0.0,0.0,0.0,0.0,0.0,1.0
493772,0,1,3400,-54,54,159,15,18,0.51,2442624.000000,0,2.1,22,0.0,0.0,0.0,0.0,0.0,0.0,1.0
494021,0,1,3400,-54,54,159,15,18,0.50,2494048.000000,0,2.1,22,0.0,0.0,0.0,0.0,0.0,0.0,1.0
494270,0,1,3400,-54,54,164,17,18,0.51,2752768.000000,0.4,2.1,16,55,0.0,80,0.0,0.0,0.0,1.0
494519,0,1,3400,-54,54,169,17,18,0.50,2786080.000000,0,2.1,11,0.0,7360.000000,33,0.0,0.0,0.0,1.0
494768,0,1,3400,-54,54,167,16,18,0.50,2616768.000000,0,2.1,4.5,0.0,0.0,0.0,0.0,0.0,0.0,1.0
495017,0,1,3400,-54,54,171,16,18,0.50,2614208.000000,0,2.1,4.5,0.0,5536.000000,0,0.0,0.0,0.0,1.0
495266,0,1,3400,-54,54,165,16,18,0.51,2605568.000000,0,2.1,6.4,0.0,49120.000000,25,0.0,0.0,0.0,1.0
495515,0,1,3400,-54,54,166,16,18,0.50,2621920.000000,0,2.1,7.5,0.0,0.0,0.0,0.0,0.0,0.0,1.0
495764,0,1,3400,-54,54,164,17,18,0.57,2630048.000000,2,2.1,7.5,0.0,0.0,0.0,0.0,0.0,0.0,1.0
496013,0,1,3400,-54,54,159,15,18,0.50,2451488.000000,0,2.1,7.5,0.0,0.0,0.0,0.0,0.0,0.0,1.0
496262,0,1,3400,-54,54,169,18,18,0.50,3094784.000000,0,2.1,13,0.0,129184.000000,61,0.0,0.0,0.0,1.0
496511,0,1,3400,-54,54,167,15,18,0.50,2438176.000000,0,2.1,16,0.0,0.0,0.0,0.0,0.0,0.0,1.0
496760,0,1,3400,-54,54,164,16,18,0.53,2630272.000000,0,2.1,14,0.0,5536.000000,0,0.0,0.0,0.0,1.0
497009,0,1,3400,-54,54,163,15,18,0.50,2403392.000000,0,2.1,8.0,0.0,0.0,0.0,0.0,0.0,0.0,1.0
497258,0,1,3400,-54,54,166,17,18,0.51,2785792.000000,0,2.1,17,0.0,19392.000000,50,0.0,0.0,0.0,1.0
497507,0,1,3400,-54,54,167,16,18,0.50,2506208.000000,0,2.1,20,0.0,0.0,0.0,0.0,0.0,0.0,1.0
497756,0,1,3400,-54,54,170,16,18,0.51,2469600.000000,0,2.1,19,0.0,17056.000000,0,0.0,0.0,0.0,1.0
498005,0,1,3400,-54,54,163,15,18,0.50,2463456.000000,0,2.1,14,0.0,0.0,0.0,0.0,0.0,0.0,1.0
498254,0,1,3400,-54,54,160,15,18,0.51,2386944.000000,0,2.1,8.5,0.0,67552.000000,21,0.0,0.0,0.0,1.0
498503,0,1,3400,-54,54,158,17,18,0.51,2687072.000000,0,2.1,7.5,0.0,0.0,0.0,0.0,0.0,0.0,1.0
498752,0,1,3400,-54,54,159,16,18,0.50,2534528.000000,0,2.1,7.5,0.0,0.0,0.0,0.0,0.0,0.0,1.0
499001,0,1,3400,-54,54,163,17,18,0.50,2789312.000000,0,2.1,7.5,0.0,0.0,0.0,0.0,0.0,0.0,1.0
499250,0,1,3400,-54,54,165,16,18,0.50,2517856.000000,0,2.1,3.8,0.0,36896.000000,27,0.0,0.0,0.0,1.0
499499,0,1,3400,-54,54,167,16,18,0.51,2550560.000000,0,2.1,0.0,0.0,0.0,0.0,0.0,0.0,0.0,1.0
499748,0,1,3400,-54,54,166,17,18,0.57,2671264.000000,2,2.1,0.0,0.0,0.0,0.0,0.0,0.0,0.0,1.0
499997,0,1,3400,-54,54,162,16,18,0.52,2595456.000000,0.4,2.1,0.0,0.0,0.0,0.0,0.0,0.0,0.0,1.0
500246,0,1,3400,-54,54,164,15,18,0.50,2473664.000000,0,2.1,5.8,0.0,133920.000000,0,0.0,0.0,0.0,1.0
500495,0,1,3400,-54,54,167,16,18,0.51,2598208.000000,0,2.1,8.0,0.0,0.0,0.0,0.0,0.0,0.0,1.0
500744,0,1,3400,-54,54,162,16,18,0.50,2548416.000000,0,2.1,8.0,0.0,0.0,0.0,0.0,0.0,0.0,1.0
500993,0,1,3400,-54,54,162,17,18,0.50,2719936.000000,0,2.1,8.0,0.0,0.0,0.0,0.0,0.0,0.0,1.0
501242,0,1,3400,-54,54,166,16,18,0.50,2631392.000000,0,2.1,4.0,0.0,36640.000000,27,0.0,0.0,0.0,1.0
501491,0,1,3400,-54,54,169,16,18,0.50,2482432.000000,0,2.1,0.0,0.0,0.0,0.0,0.0,0.0,0.0,1.0
501740,0,1,3400,-54,54,173,16,18,0.51,2666592.000000,0,2.1,0.0,0.0,0.0,0.0,0.0,0.0,0.0,1.0
501989,0,1,3400,-54,54,168,16,18,0.50,2640416.000000,0,2.1,0.0,0.0,5536.000000,0,0.0,0.0,0.0,1.0
502238,0,1,3400,-54,54,166,17,18,0.51,2811168.000000,0,2.1,5.1,0.0,26528.000000,38,0.0,0.0,0.0,1.0
502487,0,1,3400,-54,54,169,17,18,0.50,2636896.000000,0,2.1,4.0,0.0,0.0,0.0,0.0,0.0,0.0,1.0
502736,0,1,3400,-54,54,164,17,18,0.50,2727520.000000,0,2.1,4.0,0.0,0.0,0.0,0.0,0.0,0.0,1.0
502985,0,1,3400,-54,54,172,16,18,0.50,2628640.000000,0,2.1,4.0,0.0,0.0,0.0,0.0,0.0,0.0,1.0
503234,0,1,3400,-54,54,165,16,18,0.51,2514656.000000,0,2.1,2.6,0.0,61344.000000,11,0.0,0.0,0.0,1.0
503483,0,1,3400,-54,54,164,17,18,0.52,2760320.000000,0,2.1,0.064,0.0,0.0,0.0,0.0,0.0,0.0,1.0
503732,0,1,3400,-54,54,167,16,18,0.50,2606208.000000,0,2.1,0.0,0.0,0.0,0.0,0.0,0.0,0.0,1.0
503981,0,1,3400,-54,54,165,15,18,0.51,2360608.000000,0,2.1,0.0,0.0,0.0,0.0,0.0,0.0,0.0,1.0
504230,0,1,3400,-54,54,168,17,18,0.50,2751552.000000,0,2.1,0.064,0.0,41728.000000,0,0.0,0.0,0.0,1.0
504479,0,1,3400,-54,54,161,17,18,0.50,2653824.000000,0,2.1,0.0,0.0,0.0,0.0,0.0,0.0,0.0,1.0
504728,0,1,3400,-54,54,162,18,18,0.50,2850656.000000,0,2.1,0.0,0.0,0.0,0.0,0.0,0.0,0.0,1.0
504977,0,1,3400,-54,54,168,17,18,0.50,2768288.000000,0,2.1,0.0,0.0,0.0,0.0,0.0,0.0,0.0,1.0
505226,0,1,3400,-54,54,168,16,18,0.51,2637184.000000,0,2.1,5.4,0.0,160864.000000,24,0.0,0.0,0.0,1.0
505475,0,1,3400,-54,54,162,16,18,0.50,2497856.000000,0,2.1,8.0,0.0,0.0,0.0,0.0,0.0,0.0,1.0
505724,0,1,3400,-54,54,164,17,18,0.50,2799808.000000,0,2.1,8.0,0.0,0.0,0.0,0.0,0.0,0.0,1.0
505973,0,1,3400,-54,54,162,17,18,0.50,2777888.000000,0,2.1,8.0,0.0,0.0,0.0,0.0,0.0,0.0,1.0
506222,0,1,3400,-54,54,161,17,18,0.51,2850240.000000,0,2.1,13,0.0,129184.000000,64,0.0,0.0,0.0,1.0
506471,0,1,3400,-54,54,163,17,18,0.51,2722208.000000,0,2.1,16,0.0,0.0,0.0,0.0,0.0,0.0,1.0
506720,0,1,3400,-54,54,164,16,18,0.50,2600512.000000,0,2.1,16,0.0,0.0,0.0,0.0,0.0,0.0,1.0
506969,0,1,3400,-54,54,165,16,18,0.50,2624832.000000,0,2.1,16,0.0,0.0,0.0,0.0,0.0,0.0,1.0
507218,0,1,3400,-54,54,160,16,18,0.50,2673920.000000,0,2.1,9.4,0.0,140352.000000,19,0.0,0.0,0.0,1.0
507467,0,1,3400,-54,54,162,17,18,0.50,2727552.000000,0,2.1,8.0,0.0,0.0,0.0,0.0,0.0,0.0,1.0
507716,0,1,3400,-54,54,165,15,18,0.50,2341760.000000,0,2.1,8.0,0.0,0.0,0.0,0.0,0.0,0.0,1.0
507965,0,1,3400,-54,54,165,17,18,0.50,2788544.000000,0,2.1,8.0,0.0,0.0,0.0,0.0,0.0,0.0,1.0
508214,0,1,3400,-54,54,160,15,18,0.50,2415488.000000,0,2.1,12,0.0,19520.000000,50,0.0,0.0,0.0,1.0
508463,0,1,3400,-54,54,156,16,18,0.50,2497536.000000,0,2.1,13,0.0,0.0,0.0,0.0,0.0,0.0,1.0
508712,0,1,3400,-54,54,162,16,18,0.50,2541056.000000,0,2.1,13,0.0,0.0,0.0,0.0,0.0,0.0,1.0
508961,0,1,3400,-54,54,162,15,18,0.50,2411584.000000,0,2.1,13,0.0,0.0,0.0,0.0,0.0,0.0,1.0
509210,0,1,3400,-54,54,165,17,18,0.50,2763168.000000,0,2.1,15,0.0,237568.000000,63,0.0,0.0,0.0,1.0
509459,0,1,3400,-54,54,167,16,18,0.51,2641280.000000,0,2.1,16,0.0,0.0,0.0,0.0,0.0,0.0,1.0
509708,0,1,3400,-54,54,165,16,18,0.50,2640096.000000,0,2.1,16,0.0,0.0,0.0,0.0,0.0,0.0,1.0
509957,0,1,3400,-54,54,164,15,17,0.57,2295936.000000,2,2.1,16,0.0,0.0,0.0,0.0,0.0,0.0,1.0
510206,0,1,3400,-54,54,160,16,18,0.50,2585856.000000,0,2.1,3.6,0.0,41728.000000,0,0.0,0.0,0.0,1.0
510455,0,1,3400,-54,54,160,18,18,0.50,2909792.000000,0,2.1,0.0,0.0,0.0,0.0,0.0,0.0,0.0,1.0
510704,0,1,3400,-54,54,161,17,18,0.50,2693984.000000,0,2.1,0.0,0.0,0.0,0.0,0.0,0.0,0.0,1.0
510953,0,1,3400,-54,54,162,16,17,0.51,2591296.000000,0,2.1,0.0,0.0,0.0,0.0,0.0,0.0,0.0,1.0
511202,0,1,3400,-54,54,166,17,18,0.50,2663968.000000,0,2.1,0.0,0.0,41728.000000,0,0.0,0.0,0.0,1.0
511451,0,1,3400,-54,54,165,15,18,0.50,2424384.000000,0,2.1,0.0,0.0,0.0,0.0,0.0,0.0,0.0,1.0
511700,0,1,3400,-54,54,165,15,18,0.50,2351072.000000,0,2.1,0.0,0.0,0.0,0.0,0.0,0.0,0.0,1.0
511949,0,1,3400,-54,54,164,17,18,0.50,2744416.000000,0,2.1,0.0,0.0,0.0,0.0,0.0,0.0,0.0,1.0
512198,0,1,3400,-54,54,169,15,18,0.51,2439552.000000,0,2.1,0.0,0.0,41728.000000,14,0.0,0.0,0.0,1.0
512447,0,1,3400,-54,54,174,15,18,0.50,2441952.000000,0,2.1,0.0,0.0,0.0,0.0,0.0,0.0,0.0,1.0
512696,0,1,3400,-54,54,170,17,18,0.50,2682048.000000,0,2.1,0.0,0.0,0.0,0.0,0.0,0.0,0.0,1.0
512945,0,1,3400,-54,54,160,17,18,0.51,2732352.000000,0,2.1,0.0,0.0,5536.000000,0,0.0,0.0,0.0,1.0
513194,0,1,3400,-54,54,159,16,18,0.50,2586464.000000,0,2.1,2.4,0.0,17920.000000,42,0.0,0.0,0.0,1.0
513443,0,1,3400,-54,54,174,17,18,0.50,2733632.000000,0,2.1,0.0,0.0,0.0,0.0,0.0,0.0,0.0,1.0
513692,0,1,3400,-54,54,169,16,18,0.50,2524352.000000,0,2.1,0.0,0.0,0.0,0.0,0.0,0.0,0.0,1.0
513941,0,1,3400,-54,54,173,17,18,0.50,2722432.000000,0,2.1,0.0,0.0,0.0,0.0,0.0,0.0,0.0,1.0
514190,0,1,3400,-54,54,173,17,18,0.51,2677280.000000,0,2.1,5.9,55,0.0,80,0.0,0.0,0.0,1.0
514439,0,1,3400,-54,54,163,17,18,0.50,2718176.000000,0,2.1,4.9,0.0,7680.000000,0,0.0,0.0,0.0,1.0
514688,0,1,3400,-54,54,158,16,18,0.50,2533056.000000,0,2.1,0.0,0.0,0.0,0.0,0.0,0.0,0.0,1.0
514937,0,1,3400,-54,54,162,16,18,0.50,2601120.000000,0,2.1,0.0,0.0,0.0,0.0,0.0,0.0,0.0,1.0
515186,0,1,3400,-54,54,163,16,18,0.50,2637184.000000,0,2.1,5.7,0.0,87584.000000,27,0.0,0.0,0.0,1.0
515435,0,1,3400,-54,54,163,17,18,0.50,2792192.000000,0,2.1,8.0,0.0,0.0,0.0,0.0,0.0,0.0,1.0
515684,0,1,3400,-54,54,159,17,18,0.50,2801760.000000,0,2.1,8.0,0.0,0.0,0.0,0.0,0.0,0.0,1.0
515933,0,1,3400,-54,54,167,16,18,0.54,2545824.000000,0.8,2.1,8.0,0.0,0.0,0.0,0.0,0.0,0.0,1.0
516182,0,1,3400,-54,54,166,16,17,0.57,2469472.000000,2,2.1,3.5,0.0,24960.000000,8,0.0,0.0,0.0,1.0
516431,0,1,3400,-54,54,168,17,18,0.52,2661376.000000,0.4,2.1,0.0,0.0,0.0,0.0,0.0,0.0,0.0,1.0
516681,0,1,3400,-54,54,162,16,18,0.50,2549600.000000,0,2.1,0.0,0.0,0.0,0.0,0.0,0.0,0.0,1.0
516930,0,1,3400,-54,54,159,16,17,0.57,2490432.000000,2,2.1,0.0,0.0,0.0,0.0,0.0,0.0,0.0,1.0
517179,0,1,3400,-54,54,160,17,18,0.50,2731904.000000,0,2.1,7.2,0.0,140352.000000,22,0.0,0.0,0.0,1.0
517428,0,1,3400,-54,54,167,16,18,0.50,2614240.000000,0,2.1,8.0,0.0,0.0,0.0,0.0,0.0,0.0,1.0
517677,0,1,3400,-54,54,168,15,17,0.57,2268160.000000,2,2.1,15,0.0,17056.000000,0,0.0,0.0,0.0,1.0
517926,0,1,3400,-54,54,161,17,18,0.50,2733504.000000,0,2.1,16,0.0,0.0,0.0,0.0,0.0,0.0,1.0
518175,0,1,3400,-54,54,159,16,18,0.50,2641184.000000,0,2.1,15,55,0.0,80,0.0,0.0,0.0,1.0
518424,0,1,3400,-54,54,169,15,18,0.54,2378400.000000,0.4,2.1,10,0.0,7680.000000,0,0.0,0.0,0.0,1.0
518673,0,1,3400,-54,54,164,16,18,0.50,2574720.000000,0,2.1,0.0,0.0,5536.000000,0,0.0,0.0,0.0,1.0
518922,0,1,3400,-54,54,165,17,18,0.57,2731168.000000,2,2.1,0.0,0.0,0.0,0.0,0.0,0.0,0.0,1.0
519171,0,1,3400,-54,54,167,17,18,0.52,2777024.000000,0,2.1,5.3,0.0,49120.000000,25,0.0,0.0,0.0,1.0
519420,0,1,3400,-54,54,164,17,18,0.50,2747456.000000,0,2.1,7.5,0.0,0.0,0.0,0.0,0.0,0.0,1.0
519669,0,1,3400,-54,54,162,17,18,0.50,2778080.000000,0,2.1,7.5,0.0,0.0,0.0,0.0,0.0,0.0,1.0
519918,0,1,3400,-54,54,167,17,18,0.50,2805376.000000,0,2.1,7.5,0.0,0.0,0.0,0.0,0.0,0.0,1.0
520167,0,1,3400,-54,54,159,18,18,0.50,998432.000000,0,2.1,2.8,0.0,25376.000000,27,0.0,0.0,0.0,1.0
520416,0,1,3400,-54,54,158,18,18,0.50,0.0,0.0,2.1,0.0,0.0,0.0,0.0,0.0,0.0,0.0,1.0
520665,0,1,3400,-54,54,162,18,18,0.50,0.0,0.0,2.1,0.0,0.0,0.0,0.0,0.0,0.0,0.0,1.0
520914,0,1,3400,-54,54,163,18,18,0.50,0.0,0.0,2.1,0.0,0.0,0.0,0.0,0.0,0.0,0.0,1.0
521163,0,1,3400,-54,54,163,18,18,0.50,0.0,0.0,2.1,0.0,0.0,0.0,0.0,0.0,0.0,0.0,1.0
521412,0,1,3400,-54,54,164,18,18,0.50,0.0,0.0,2.1,0.0,0.0,0.0,0.0,0.0,0.0,0.0,1.0
521661,0,1,3400,-54,54,161,18,18,0.50,0.0,0.0,2.1,0.0,0.0,0.0,0.0,0.0,0.0,0.0,1.0
521910,0,1,3400,-54,54,163,18,18,0.50,0.0,0.0,2.1,0.0,0.0,0.0,0.0,0.0,0.0,0.0,1.0
522159,0,1,3400,-54,54,160,18,18,0.50,0.0,0.0,2.1,0.0,0.0,0.0,0.0,0.0,0.0,0.0,1.0
522408,0,1,3400,-54,54,164,18,18,0.50,0.0,0.0,2.1,0.0,0.0,0.0,0.0,0.0,0.0,0.0,1.0
522657,0,1,3400,-54,54,162,18,18,0.50,0.0,0.0,2.1,0.0,0.0,0.0,0.0,0.0,0.0,0.0,1.0
522906,0,1,3400,-54,54,164,18,18,0.50,0.0,0.0,2.1,0.0,0.0,0.0,0.0,0.0,0.0,0.0,1.0
523155,0,1,3400,-54,54,165,18,18,0.50,0.0,0.0,2.1,0.0,0.0,0.0,0.0,0.0,0.0,0.0,1.0
523404,0,1,3400,-54,54,165,18,18,0.50,0.0,0.0,2.1,0.0,0.0,0.0,0.0,0.0,0.0,0.0,1.0
523653,0,1,3400,-54,54,158,18,18,0.50,0.0,0.0,2.1,0.0,0.0,0.0,0.0,0.0,0.0,0.0,1.0
523902,0,1,3400,-54,54,153,18,18,0.50,0.0,0.0,2.1,0.0,0.0,0.0,0.0,0.0,0.0,0.0,1.0
524151,0,1,3400,-54,54,166,18,18,0.50,0.0,0.0,2.1,0.0,0.0,0.0,0.0,0.0,0.0,0.0,1.0
524400,0,1,3400,-54,54,166,18,18,0.50,0.0,0.0,2.1,0.0,0.0,0.0,0.0,0.0,0.0,0.0,1.0
524649,0,1,3400,-54,54,165,18,19,0.50,0.0,0.0,2.1,0.0,0.0,0.0,0.0,0.0,0.0,0.0,1.0
524898,0,1,3400,-54,54,167,18,18,0.50,0.0,0.0,2.1,0.0,0.0,0.0,0.0,0.0,0.0,0.0,1.0
525147,0,1,3400,-55,55,167,18,17,0.50,0.0,0.0,2.1,0.0,0.0,0.0,0.0,0.0,0.0,0.0,1.0
525396,0,1,3400,-79,79,116,18,-6.0,0.50,0.0,0.0,2.1,0.0,0.0,0.0,0.0,0.0,0.0,0.0,1.0
525645,0,1,3400,-79,79,99,18,-6.1,0.50,0.0,0.0,2.1,0.0,0.0,0.0,0.0,0.0,0.0,0.0,1.0
525894,0,1,3400,-79,79,902,18,-5.9,0.50,0.0,0.0,2.1,0.0,0.0,0.0,0.0,0.0,0.0,0.0,1.0
526143,0,1,3400,-79,79,1232.935791,18,-5.8,0.50,0.0,0.0,2.1,0.0,0.0,0.0,0.0,0.0,0.0,0.0,1.0
526392,0,1,3400,-79,79,1220.080200,18,-5.9,0.50,0.0,0.0,2.1,0.0,0.0,0.0,0.0,0.0,0.0,0.0,1.0
526641,0,1,3400,-79,79,1220.080200,18,-5.9,0.50,0.0,0.0,2.1,0.0,0.0,0.0,0.0,0.0,0.0,0.0,1.0
526890,0,1,3400,-79,79,1220.080200,18,-5.9,0.50,0.0,0.0,2.1,0.0,0.0,0.0,0.0,0.0,0.0,0.0,1.0
527139,0,1,3400,-79,79,1220.080200,18,-5.9,0.50,0.0,0.0,2.1,0.0,0.0,0.0,0.0,0.0,0.0,0.0,1.0
527388,0,1,3400,-79,79,1220.080200,18,-5.9,0.50,0.0,0.0,2.1,0.0,0.0,0.0,0.0,0.0,0.0,0.0,0.0
527637,0,1,3400,-79,79,1220.080200,18,-5.9,0.50,0.0,0.0,2.1,0.0,0.0,0.0,0.0,0.0,0.0,0.0,0.0
527886,0,1,3400,-79,79,1220.080200,18,-5.9,0.50,0.0,0.0,2.1,0.0,0.0,0.0,0.0,0.0,0.0,0.0,0.0
528135,0,1,3400,-79,79,1220.080200,18,-5.9,0.50,0.0,0.0,2.1,0.0,0.0,0.0,0.0,0.0,0.0,0.0,0.0
528384,0,1,3400,-79,79,1220.080200,18,-5.9,0.50,0.0,0.0,2.1,0.0,0.0,0.0,0.0,0.0,0.0,0.0,0.0
528633,0,1,3400,-79,79,1220.080200,18,-5.9,0.50,0.0,0.0,2.1,0.0,0.0,0.0,0.0,0.0,0.0,0.0,0.0
528882,0,1,3400,-79,79,1220.080200,18,-5.9,0.50,0.0,0.0,2.1,0.0,0.0,0.0,0.0,0.0,0.0,0.0,0.0
529131,0,1,3400,-79,79,1220.080200,18,-5.9,0.50,0.0,0.0,2.1,0.0,0.0,0.0,0.0,0.0,0.0,0.0,0.0
529380,0,1,3400,-79,79,1220.080200,18,-5.9,0.50,0.0,0.0,2.1,0.0,0.0,0.0,0.0,0.0,0.0,0.0,0.0
529629,0,1,3400,-79,79,1220.080200,18,-5.9,0.50,0.0,0.0,2.1,0.0,0.0,0.0,0.0,0.0,0.0,0.0,0.0
529878,0,1,3400,-79,79,1220.080200,18,-5.9,0.50,0.0,0.0,2.1,0.0,0.0,0.0,0.0,0.0,0.0,0.0,0.0
530127,0,1,3400,-79,79,1220.080200,18,-5.9,0.50,0.0,0.0,2.1,0.0,0.0,0.0,0.0,0.0,0.0,0.0,0.0
530376,0,1,3400,-79,79,1220.080200,18,-5.9,0.50,0.0,0.0,2.1,0.0,0.0,0.0,0.0,0.0,0.0,0.0,0.0
530625,0,1,3400,-79,79,1220.080200,18,-5.9,0.50,0.0,0.0,2.1,0.0,0.0,0.0,0.0,0.0,0.0,0.0,0.0
530874,0,1,3400,-79,79,1220.080200,18,-5.9,0.50,0.0,0.0,2.1,0.0,0.0,