Timestamp,num_ues,IMSI,RNTI,,slicing_enabled,slice_id,slice_prb,power_multiplier,scheduling_policy,,dl_mcs,dl_n_samples,dl_buffer [bytes],tx_brate downlink [Mbps],tx_pkts downlink,tx_errors downlink (%),dl_cqi,,ul_mcs,ul_n_samples,ul_buffer [bytes],rx_brate uplink [Mbps],rx_pkts uplink,rx_errors uplink (%),ul_rssi,ul_sinr,phr,,sum_requested_prbs,sum_granted_prbs,,dl_pmi,dl_ri,ul_n,ul_turbo_iters
1613102920235,4,1010123456045,71,,1,0,6,1,1,,3.28571,14,0,0.005248,4,0,9,,11.4286,28,0,0.1,8,0,0,35.6762,31,,2,24,,0,0,0,1
1613102920485,4,1010123456045,71,,1,0,6,1,1,,0,3,0,0.001824,1,0,8.5,,11,7,0,0.1,2,0,0,34.6171,31,,0,6,,0,0,0,1
1613102920735,4,1010123456045,71,,1,0,6,1,1,,0,0,0,0,0,0,9.5,,0,0,0,0,0,0,0,0,0,,0,0,,0,0,0,0
1613102920985,3,1010123456045,71,,1,0,6,1,1,,0,0,0,0,0,0,9,,0,0,0,0,0,0,0,0,0,,0,0,,0,0,0,0
1613102921235,3,1010123456045,71,,1,0,6,1,1,,0,0,0,0,0,0,9,,0,0,0,0,0,0,0,0,0,,0,0,,0,0,0,0
1613102921485,3,1010123456045,71,,1,0,6,1,1,,0,0,0,0,0,0,9,,0,0,0,0,0,0,0,0,0,,0,0,,0,0,0,0
1613102921735,3,1010123456045,71,,1,0,6,1,1,,0,0,0,0,0,0,8.5,,0,0,0,0,0,0,0,0,0,,0,0,,0,0,0,0
1613102921985,3,1010123456045,71,,1,0,6,1,1,,0,0,0,0,0,0,9,,0,0,0,0,0,0,0,0,0,,0,0,,0,0,0,0
1613102922235,5,1010123456045,71,,1,0,6,1,1,,0,0,0,0,0,0,9,,0,0,0,0,0,0,0,0,0,,0,0,,0,0,0,0
1613102922485,5,1010123456045,71,,1,0,6,1,1,,0,0,0,0,0,0,9,,0,0,0,0,0,0,0,0,0,,0,0,,0,0,0,0
1613102922749,6,1010123456045,71,,1,0,6,1,1,,0,0,0,0,0,0,9,,0,0,0,0,0,0,0,0,0,,0,0,,0,0,0,0
1613102922985,6,1010123456045,71,,1,0,6,1,1,,0,0,0,0,0,0,8.6,,0,0,0,0,0,0,0,0,0,,0,0,,0,0,0,0
1613102923235,5,1010123456045,71,,1,0,6,1,1,,0,0,0,0,0,0,8.57143,,0,0,0,0,0,0,0,0,0,,0,0,,0,0,0,0
1613102923485,5,1010123456045,71,,1,0,6,1,1,,0,0,0,0,0,0,8,,0,0,0,0,0,0,0,0,0,,0,0,,0,0,0,0
1613102923735,5,1010123456045,71,,1,0,6,1,1,,0,0,0,0,0,0,8.5,,0,0,0,0,0,0,0,0,0,,0,0,,0,0,0,0
1613102923985,7,1010123456045,71,,1,0,6,1,1,,0,0,0,0,0,0,8.2,,0,0,0,0,0,0,0,0,0,,0,0,,0,0,0,0
1613102924235,9,1010123456045,71,,1,0,6,1,1,,0,0,0,0,0,0,8.83333,,0,0,0,0,0,0,0,0,0,,0,0,,0,0,0,0
1613102924485,9,1010123456045,71,,1,0,6,1,1,,0,0,0,0,0,0,9,,0,0,0,0,0,0,0,0,0,,0,0,,0,0,0,0
1613102924735,9,1010123456045,71,,1,0,6,1,1,,0,0,0,0,0,0,8.25,,0,0,0,0,0,0,0,0,0,,0,0,,0,0,0,0
1613102924985,7,1010123456045,71,,1,0,6,1,1,,0,0,0,0,0,0,9,,0,0,0,0,0,0,0,0,0,,0,0,,0,0,0,0
1613102925235,6,1010123456045,71,,1,0,6,1,1,,0,0,0,0,0,0,9,,0,0,0,0,0,0,0,0,0,,0,0,,0,0,0,0
1613102925485,6,1010123456045,71,,1,0,6,1,1,,0,0,0,0,0,0,8,,0,0,0,0,0,0,0,0,0,,0,0,,0,0,0,0
1613102925735,6,1010123456045,71,,1,0,6,1,1,,0,0,0,0,0,0,9,,0,0,0,0,0,0,0,0,0,,0,0,,0,0,0,0
1613102925985,6,1010123456045,71,,1,0,6,1,1,,0,0,0,0,0,0,6.75,,0,0,0,0,0,0,0,0,0,,0,0,,0,0,0,0
1613102926235,6,1010123456045,71,,1,0,6,1,1,,0,0,0,0,0,0,8,,0,0,0,0,0,0,0,0,0,,0,0,,0,0,0,0
1613102926485,6,1010123456045,71,,1,0,6,1,1,,0,0,0,0,0,0,5.25,,0,0,0,0,0,0,0,0,0,,0,0,,0,0,0,0
1613102926735,6,1010123456045,71,,1,0,6,1,1,,0,0,0,0,0,0,8.25,,0,0,0,0,0,0,0,0,0,,0,0,,0,0,0,0
1613102926985,6,1010123456045,71,,1,0,6,1,1,,0,0,0,0,0,0,9,,0,0,0,0,0,0,0,0,0,,0,0,,0,0,0,0
1613102927235,6,1010123456045,71,,1,0,6,1,1,,0,0,0,0,0,0,8.85714,,0,0,0,0,0,0,0,0,0,,0,0,,0,0,0,0
1613102927485,6,1010123456045,71,,1,0,6,1,1,,0,0,0,0,0,0,6.5,,0,0,0,0,0,0,0,0,0,,0,0,,0,0,0,0
1613102927735,6,1010123456045,71,,1,0,6,1,1,,0,0,0,0,0,0,8.75,,0,0,0,0,0,0,0,0,0,,0,0,,0,0,0,0
1613102927985,6,1010123456045,71,,1,0,6,1,1,,0,0,0,0,0,0,7,,0,0,0,0,0,0,0,0,0,,0,0,,0,0,0,0
1613102928235,6,1010123456045,71,,1,0,6,1,1,,0,0,0,0,0,0,4.8,,0,0,0,0,0,0,0,0,0,,0,0,,0,0,0,0
1613102928485,6,1010123456045,71,,1,0,6,1,1,,0,0,0,0,0,0,7.5,,0,0,0,0,0,0,0,0,0,,0,0,,0,0,0,0
1613102928735,6,1010123456045,71,,1,0,6,1,1,,0,0,0,0,0,0,10,,0,0,0,0,0,0,0,0,0,,0,0,,0,0,0,0
1613102928985,6,1010123456045,71,,1,0,6,1,1,,0,0,0,0,0,0,8.8,,0,0,0,0,0,0,0,0,0,,0,0,,0,0,0,0
1613102929235,6,1010123456045,71,,1,0,6,1,1,,0,0,0,0,0,0,7.6,,0,0,0,0,0,0,0,0,0,,0,0,,0,0,0,0
1613102929485,6,1010123456045,71,,1,0,6,1,1,,0,0,0,0,0,0,6.5,,0,0,0,0,0,0,0,0,0,,0,0,,0,0,0,0
1613102929735,6,1010123456045,71,,1,0,6,1,1,,0,0,0,0,0,0,9,,0,0,0,0,0,0,0,0,0,,0,0,,0,0,0,0
1613102929985,6,1010123456045,71,,1,0,6,1,1,,0,0,0,0,0,0,8,,0,0,0,0,0,0,0,0,0,,0,0,,0,0,0,0
1613102930235,6,1010123456045,71,,1,0,6,1,1,,0,0,0,0,0,0,6.66667,,0,0,0,0,0,0,0,0,0,,0,0,,0,0,0,0
1613102930485,6,1010123456045,71,,1,0,6,1,1,,0,0,0,0,0,0,9,,0,0,0,0,0,0,0,0,0,,0,0,,0,0,0,0
1613102930735,6,1010123456045,71,,1,0,6,1,1,,0,0,0,0,0,0,9,,0,0,0,0,0,0,0,0,0,,0,0,,0,0,0,0
1613102930985,6,1010123456045,71,,1,0,6,1,1,,0,0,0,0,0,0,5.5,,0,0,0,0,0,0,0,0,0,,0,0,,0,0,0,0
1613102931235,6,1010123456045,71,,1,0,6,1,1,,0,0,0,0,0,0,9,,0,0,0,0,0,0,0,0,0,,0,0,,0,0,0,0
1613102931485,6,1010123456045,71,,1,0,6,1,1,,0,0,0,0,0,0,9.5,,0,0,0,0,0,0,0,0,0,,0,0,,0,0,0,0
1613102931735,6,1010123456045,71,,1,0,6,1,1,,0,0,0,0,0,0,9,,0,0,0,0,0,0,0,0,0,,0,0,,0,0,0,0
1613102931985,6,1010123456045,71,,1,0,6,1,1,,0,0,0,0,0,0,9,,0,0,0,0,0,0,0,0,0,,0,0,,0,0,0,0
1613102932235,6,1010123456045,71,,1,0,6,1,1,,0,0,0,0,0,0,10.1429,,0,0,0,0,0,0,0,0,0,,0,0,,0,0,0,0
1613102932485,6,1010123456045,71,,1,0,6,1,1,,0,0,0,0,0,0,9,,0,0,0,0,0,0,0,0,0,,0,0,,0,0,0,0
1613102932735,6,1010123456045,71,,1,0,6,1,1,,0,0,0,0,0,0,6.75,,0,0,0,0,0,0,0,0,0,,0,0,,0,0,0,0
1613102932985,6,1010123456045,71,,1,0,6,1,1,,0,0,0,0,0,0,8.75,,0,0,0,0,0,0,0,0,0,,0,0,,0,0,0,0
1613102933235,6,1010123456045,71,,1,0,6,1,1,,0,0,0,0,0,0,9.8,,0,0,0,0,0,0,0,0,0,,0,0,,0,0,0,0
1613102933485,6,1010123456045,71,,1,0,6,1,1,,0,0,0,0,0,0,8.4,,0,0,0,0,0,0,0,0,0,,0,0,,0,0,0,0
1613102933735,6,1010123456045,71,,1,0,6,1,1,,0,0,0,0,0,0,8.25,,0,0,0,0,0,0,0,0,0,,0,0,,0,0,0,0
1613102933985,6,1010123456045,71,,1,0,6,1,1,,0,0,0,0,0,0,10.75,,0,0,0,0,0,0,0,0,0,,0,0,,0,0,0,0
1613102934235,6,1010123456045,71,,1,0,6,1,1,,0,0,0,0,0,0,8,,0,0,0,0,0,0,0,0,0,,0,0,,0,0,0,0
1613102934485,6,1010123456045,71,,1,0,6,1,1,,0,0,0,0,0,0,7.75,,0,0,0,0,0,0,0,0,0,,0,0,,0,0,0,0
1613102934735,6,1010123456045,71,,1,0,6,1,1,,0,0,0,0,0,0,9,,0,0,0,0,0,0,0,0,0,,0,0,,0,0,0,0
1613102934985,6,1010123456045,71,,1,0,6,1,1,,0,0,0,0,0,0,7.25,,0,0,0,0,0,0,0,0,0,,0,0,,0,0,0,0
1613102935235,6,1010123456045,71,,1,0,6,1,1,,0,0,0,0,0,0,8.2,,0,0,0,0,0,0,0,0,0,,0,0,,0,0,0,0
1613102935485,6,1010123456045,71,,1,0,6,1,1,,0,0,0,0,0,0,9,,0,0,0,0,0,0,0,0,0,,0,0,,0,0,0,0
1613102935735,6,1010123456045,71,,1,0,6,1,1,,0,0,0,0,0,0,4.25,,0,0,0,0,0,0,0,0,0,,0,0,,0,0,0,0
1613102935985,6,1010123456045,71,,1,0,6,1,1,,0,0,0,0,0,0,8.25,,0,0,0,0,0,0,0,0,0,,0,0,,0,0,0,0
1613102936235,6,1010123456045,71,,1,0,6,1,1,,0,0,0,0,0,0,9,,0,0,0,0,0,0,0,0,0,,0,0,,0,0,0,0
1613102936485,6,1010123456045,71,,1,0,6,1,1,,0,0,0,0,0,0,9,,0,0,0,0,0,0,0,0,0,,0,0,,0,0,0,0
1613102936735,6,1010123456045,71,,1,0,6,1,1,,0,0,0,0,0,0,9,,0,0,0,0,0,0,0,0,0,,0,0,,0,0,0,0
1613102936985,6,1010123456045,71,,1,0,6,1,1,,0,0,0,0,0,0,9,,0,0,0,0,0,0,0,0,0,,0,0,,0,0,0,0
1613102937235,6,1010123456045,71,,1,0,6,1,1,,0,0,0,0,0,0,7.6,,0,0,0,0,0,0,0,0,0,,0,0,,0,0,0,0
1613102937485,6,1010123456045,71,,1,0,6,1,1,,0,0,0,0,0,0,7.2,,0,0,0,0,0,0,0,0,0,,0,0,,0,0,0,0
1613102937735,6,1010123456045,71,,1,0,6,1,1,,0,0,0,0,0,0,7.66667,,0,0,0,0,0,0,0,0,0,,0,0,,0,0,0,0
1613102937985,6,1010123456045,71,,1,0,6,1,1,,0,0,0,0,0,0,9,,0,0,0,0,0,0,0,0,0,,0,0,,0,0,0,0
1613102938235,6,1010123456045,71,,1,0,6,1,1,,0,0,0,0,0,0,5.6,,0,0,0,0,0,0,0,0,0,,0,0,,0,0,0,0
1613102938485,6,1010123456045,71,,1,0,6,1,1,,0,0,0,0,0,0,9,,0,0,0,0,0,0,0,0,0,,0,0,,0,0,0,0
1613102938735,6,1010123456045,71,,1,0,6,1,1,,0,0,0,0,0,0,9,,0,0,0,0,0,0,0,0,0,,0,0,,0,0,0,0
1613102938985,6,1010123456045,71,,1,0,6,1,1,,0,0,0,0,0,0,9,,0,0,0,0,0,0,0,0,0,,0,0,,0,0,0,0
1613102939235,6,1010123456045,71,,1,0,6,1,1,,0,0,0,0,0,0,9.25,,0,0,0,0,0,0,0,0,0,,0,0,,0,0,0,0
1613102939485,6,1010123456045,71,,1,0,6,1,1,,0,0,0,0,0,0,9,,0,0,0,0,0,0,0,0,0,,0,0,,0,0,0,0
1613102939735,6,1010123456045,71,,1,0,6,1,1,,0,0,0,0,0,0,9,,0,0,0,0,0,0,0,0,0,,0,0,,0,0,0,0
1613102939985,6,1010123456045,71,,1,0,6,1,1,,0,0,0,0,0,0,7.2,,0,0,0,0,0,0,0,0,0,,0,0,,0,0,0,0
1613102940235,6,1010123456045,71,,1,0,6,1,1,,0,0,0,0,0,0,8,,0,0,0,0,0,0,0,0,0,,0,0,,0,0,0,0
1613102940485,6,1010123456045,71,,1,0,6,1,1,,0,0,0,0,0,0,9,,0,0,0,0,0,0,0,0,0,,0,0,,0,0,0,0
1613102940735,6,1010123456045,71,,1,0,6,1,1,,0,0,0,0,0,0,9,,0,0,0,0,0,0,0,0,0,,0,0,,0,0,0,0
1613102940985,6,1010123456045,71,,1,0,6,1,1,,0,0,0,0,0,0,9,,0,0,0,0,0,0,0,0,0,,0,0,,0,0,0,0
1613102941235,6,1010123456045,71,,1,0,6,1,1,,0,0,0,0,0,0,6.66667,,0,0,0,0,0,0,0,0,0,,0,0,,0,0,0,0
1613102941485,6,1010123456045,71,,1,0,6,1,1,,0,0,0,0,0,0,7.75,,0,0,0,0,0,0,0,0,0,,0,0,,0,0,0,0
1613102941735,6,1010123456045,71,,1,0,6,1,1,,0,0,0,0,0,0,9,,0,0,0,0,0,0,0,0,0,,0,0,,0,0,0,0
1613102941985,6,1010123456045,71,,1,0,6,1,1,,0,0,0,0,0,0,8,,0,0,0,0,0,0,0,0,0,,0,0,,0,0,0,0
1613102942235,6,1010123456045,71,,1,0,6,1,1,,0,0,0,0,0,0,9,,0,0,0,0,0,0,0,0,0,,0,0,,0,0,0,0
1613102942485,6,1010123456045,71,,1,0,6,1,1,,0,0,0,0,0,0,9,,0,0,0,0,0,0,0,0,0,,0,0,,0,0,0,0
1613102942735,6,1010123456045,71,,1,0,6,1,1,,0,0,0,0,0,0,8.75,,0,0,0,0,0,0,0,0,0,,0,0,,0,0,0,0
1613102942985,6,1010123456045,71,,1,0,6,1,1,,0,0,0,0,0,0,8.4,,0,0,0,0,0,0,0,0,0,,0,0,,0,0,0,0
1613102943235,6,1010123456045,71,,1,0,6,1,1,,0,0,0,0,0,0,8.14286,,0,0,0,0,0,0,0,0,0,,0,0,,0,0,0,0
1613102943485,6,1010123456045,71,,1,0,6,1,1,,0,0,0,0,0,0,9,,0,0,0,0,0,0,0,0,0,,0,0,,0,0,0,0
1613102943735,6,1010123456045,71,,1,0,6,1,1,,0,0,0,0,0,0,9.66667,,0,0,0,0,0,0,0,0,0,,0,0,,0,0,0,0
1613102943985,6,1010123456045,71,,1,0,6,1,1,,0,0,0,0,0,0,9,,0,0,0,0,0,0,0,0,0,,0,0,,0,0,0,0
1613102944235,6,1010123456045,71,,1,0,6,1,1,,0,0,0,0,0,0,9,,0,0,0,0,0,0,0,0,0,,0,0,,0,0,0,0
1613102944485,6,1010123456045,71,,1,0,6,1,1,,0,0,0,0,0,0,8.4,,0,0,0,0,0,0,0,0,0,,0,0,,0,0,0,0
1613102944735,6,1010123456045,71,,1,0,6,1,1,,0,0,0,0,0,0,7,,0,0,0,0,0,0,0,0,0,,0,0,,0,0,0,0
1613102944985,6,1010123456045,71,,1,0,6,1,1,,0,0,0,0,0,0,6.75,,0,0,0,0,0,0,0,0,0,,0,0,,0,0,0,0
1613102945235,6,1010123456045,71,,1,0,6,1,1,,0,0,0,0,0,0,7.5,,0,0,0,0,0,0,0,0,0,,0,0,,0,0,0,0
1613102945485,6,1010123456045,71,,1,0,6,1,1,,0,0,0,0,0,0,8.75,,0,0,0,0,0,0,0,0,0,,0,0,,0,0,0,0
1613102945735,6,1010123456045,71,,1,0,6,1,1,,0,0,0,0,0,0,7.5,,0,0,0,0,0,0,0,0,0,,0,0,,0,0,0,0
1613102945985,6,1010123456045,71,,1,0,6,1,1,,0,0,0,0,0,0,9,,0,0,0,0,0,0,0,0,0,,0,0,,0,0,0,0
1613102946235,6,1010123456045,71,,1,0,6,1,1,,0,0,0,0,0,0,9.2,,0,0,0,0,0,0,0,0,0,,0,0,,0,0,0,0
1613102946485,6,1010123456045,71,,1,0,6,1,1,,0,0,0,0,0,0,9,,0,0,0,0,0,0,0,0,0,,0,0,,0,0,0,0
1613102946735,6,1010123456045,71,,1,0,6,1,1,,0,0,0,0,0,0,10.2,,0,0,0,0,0,0,0,0,0,,0,0,,0,0,0,0
1613102946985,6,1010123456045,71,,1,0,6,1,1,,0,0,0,0,0,0,9,,0,0,0,0,0,0,0,0,0,,0,0,,0,0,0,0
1613102947235,6,1010123456045,71,,1,0,6,1,1,,0,0,0,0,0,0,9,,0,0,0,0,0,0,0,0,0,,0,0,,0,0,0,0
1613102947485,6,1010123456045,71,,1,0,6,1,1,,0,0,0,0,0,0,9,,0,0,0,0,0,0,0,0,0,,0,0,,0,0,0,0
1613102947735,6,1010123456045,71,,1,0,6,1,1,,0,0,0,0,0,0,9,,0,0,0,0,0,0,0,0,0,,0,0,,0,0,0,0
1613102947985,6,1010123456045,71,,1,0,6,1,1,,0,0,0,0,0,0,7.2,,0,0,0,0,0,0,0,0,0,,0,0,,0,0,0,0
1613102948235,6,1010123456045,71,,1,0,6,1,1,,0,0,0,0,0,0,7.2,,0,0,0,0,0,0,0,0,0,,0,0,,0,0,0,0
1613102948485,6,1010123456045,71,,1,0,6,1,1,,0,0,0,0,0,0,8.25,,0,0,0,0,0,0,0,0,0,,0,0,,0,0,0,0
1613102948735,6,1010123456045,71,,1,0,6,1,1,,0,0,0,0,0,0,9,,0,0,0,0,0,0,0,0,0,,0,0,,0,0,0,0
1613102948985,6,1010123456045,71,,1,0,6,1,1,,0,0,0,0,0,0,9,,0,0,0,0,0,0,0,0,0,,0,0,,0,0,0,0
1613102949235,6,1010123456045,71,,1,0,6,1,1,,0,0,0,0,0,0,6.75,,0,0,0,0,0,0,0,0,0,,0,0,,0,0,0,0
1613102949485,6,1010123456045,71,,1,0,6,1,1,,0,0,0,0,0,0,7.66667,,0,0,0,0,0,0,0,0,0,,0,0,,0,0,0,0
1613102949735,6,1010123456045,71,,1,0,6,1,1,,0,0,0,0,0,0,6.66667,,0,0,0,0,0,0,0,0,0,,0,0,,0,0,0,0
1613102949985,6,1010123456045,71,,1,0,6,1,1,,0,0,0,0,0,0,7.6,,0,0,0,0,0,0,0,0,0,,0,0,,0,0,0,0
1613102950235,6,1010123456045,71,,1,0,6,1,1,,0,0,0,0,0,0,9,,0,0,0,0,0,0,0,0,0,,0,0,,0,0,0,0
1613102950485,6,1010123456045,71,,1,0,6,1,1,,0,0,0,0,0,0,9,,0,0,0,0,0,0,0,0,0,,0,0,,0,0,0,0
1613102950735,6,1010123456045,71,,1,0,6,1,1,,0,0,0,0,0,0,9,,0,0,0,0,0,0,0,0,0,,0,0,,0,0,0,0
1613102950985,6,1010123456045,71,,1,0,6,1,1,,0,0,0,0,0,0,9,,0,0,0,0,0,0,0,0,0,,0,0,,0,0,0,0
1613102951235,6,1010123456045,71,,1,0,6,1,1,,0,0,0,0,0,0,8,,0,0,0,0,0,0,0,0,0,,0,0,,0,0,0,0
1613102951485,6,1010123456045,71,,1,0,6,1,1,,0,0,0,0,0,0,7.6,,0,0,0,0,0,0,0,0,0,,0,0,,0,0,0,0
1613102951735,6,1010123456045,71,,1,0,6,1,1,,0,0,0,0,0,0,9,,0,0,0,0,0,0,0,0,0,,0,0,,0,0,0,0
1613102951985,6,1010123456045,71,,1,0,6,1,1,,0,0,0,0,0,0,9,,0,0,0,0,0,0,0,0,0,,0,0,,0,0,0,0
1613102952235,6,1010123456045,71,,1,0,6,1,1,,0,0,0,0,0,0,9,,0,0,0,0,0,0,0,0,0,,0,0,,0,0,0,0
1613102952485,6,1010123456045,71,,1,0,6,1,1,,0,0,0,0,0,0,9.4,,0,0,0,0,0,0,0,0,0,,0,0,,0,0,0,0
1613102952735,6,1010123456045,71,,1,0,6,1,1,,0,0,0,0,0,0,8,,0,0,0,0,0,0,0,0,0,,0,0,,0,0,0,0
1613102952985,6,1010123456045,71,,1,0,6,1,1,,0,0,0,0,0,0,7.8,,0,0,0,0,0,0,0,0,0,,0,0,,0,0,0,0
1613102953235,6,1010123456045,71,,1,0,6,1,1,,0,0,0,0,0,0,9,,0,0,0,0,0,0,0,0,0,,0,0,,0,0,0,0
1613102953485,6,1010123456045,71,,1,0,6,1,1,,0,0,0,0,0,0,8.6,,0,0,0,0,0,0,0,0,0,,0,0,,0,0,0,0
1613102953735,6,1010123456045,71,,1,0,6,1,1,,0,0,0,0,0,0,9,,0,0,0,0,0,0,0,0,0,,0,0,,0,0,0,0
1613102953985,6,1010123456045,71,,1,0,6,1,1,,0,0,0,0,0,0,9,,0,0,0,0,0,0,0,0,0,,0,0,,0,0,0,0
1613102954235,6,1010123456045,71,,1,0,6,1,1,,0,0,0,0,0,0,8.5,,0,0,0,0,0,0,0,0,0,,0,0,,0,0,0,0
1613102954485,6,1010123456045,71,,1,0,6,1,1,,0,0,0,0,0,0,8,,0,0,0,0,0,0,0,0,0,,0,0,,0,0,0,0
1613102954735,6,1010123456045,71,,1,0,6,1,1,,0,0,0,0,0,0,10,,0,0,0,0,0,0,0,0,0,,0,0,,0,0,0,0
1613102954985,6,1010123456045,71,,1,0,6,1,1,,0,0,0,0,0,0,9,,0,0,0,0,0,0,0,0,0,,0,0,,0,0,0,0
1613102955235,6,1010123456045,71,,1,0,6,1,1,,0,0,0,0,0,0,6.6,,0,0,0,0,0,0,0,0,0,,0,0,,0,0,0,0
1613102955485,6,1010123456045,71,,1,0,6,1,1,,0,0,0,0,0,0,9,,0,0,0,0,0,0,0,0,0,,0,0,,0,0,0,0
1613102955735,6,1010123456045,71,,1,0,6,1,1,,0,0,0,0,0,0,9,,0,0,0,0,0,0,0,0,0,,0,0,,0,0,0,0
1613102955985,6,1010123456045,71,,1,0,6,1,1,,0,0,0,0,0,0,9,,0,0,0,0,0,0,0,0,0,,0,0,,0,0,0,0
1613102956235,6,1010123456045,71,,1,0,6,1,1,,0,0,0,0,0,0,9,,0,0,0,0,0,0,0,0,0,,0,0,,0,0,0,0
1613102956485,6,1010123456045,71,,1,0,6,1,1,,0,0,0,0,0,0,8.75,,0,0,0,0,0,0,0,0,0,,0,0,,0,0,0,0
1613102956735,6,1010123456045,71,,1,0,6,1,1,,0,0,0,0,0,0,9,,0,0,0,0,0,0,0,0,0,,0,0,,0,0,0,0
1613102956985,6,1010123456045,71,,1,0,6,1,1,,0,0,0,0,0,0,9,,0,0,0,0,0,0,0,0,0,,0,0,,0,0,0,0
1613102957235,6,1010123456045,71,,1,0,6,1,1,,0,0,0,0,0,0,9,,0,0,0,0,0,0,0,0,0,,0,0,,0,0,0,0
1613102957485,6,1010123456045,71,,1,0,6,1,1,,0,0,0,0,0,0,10.25,,0,0,0,0,0,0,0,0,0,,0,0,,0,0,0,0
1613102957735,6,1010123456045,71,,1,0,6,1,1,,0,0,0,0,0,0,8.25,,0,0,0,0,0,0,0,0,0,,0,0,,0,0,0,0
1613102957985,6,1010123456045,71,,1,0,6,1,1,,0,0,0,0,0,0,8.66667,,0,0,0,0,0,0,0,0,0,,0,0,,0,0,0,0
1613102958235,6,1010123456045,71,,1,0,6,1,1,,0,0,0,0,0,0,9,,0,0,0,0,0,0,0,0,0,,0,0,,0,0,0,0
1613102958485,6,1010123456045,71,,1,0,6,1,1,,0,0,0,0,0,0,9,,0,0,0,0,0,0,0,0,0,,0,0,,0,0,0,0
1613102958735,6,1010123456045,71,,1,0,6,1,1,,0,0,0,0,0,0,9,,0,0,0,0,0,0,0,0,0,,0,0,,0,0,0,0
1613102958985,6,1010123456045,71,,1,0,6,1,1,,0,0,0,0,0,0,4.66667,,0,0,0,0,0,0,0,0,0,,0,0,,0,0,0,0
1613102959235,6,1010123456045,71,,1,0,6,1,1,,0,0,0,0,0,0,8.83333,,0,0,0,0,0,0,0,0,0,,0,0,,0,0,0,0
1613102959485,6,1010123456045,71,,1,0,6,1,1,,0,0,0,0,0,0,8.66667,,0,0,0,0,0,0,0,0,0,,0,0,,0,0,0,0
1613102959735,6,1010123456045,71,,1,0,6,1,1,,0,0,0,0,0,0,7.83333,,0,0,0,0,0,0,0,0,0,,0,0,,0,0,0,0
1613102959985,6,1010123456045,71,,1,0,6,1,1,,0,0,0,0,0,0,8,,0,0,0,0,0,0,0,0,0,,0,0,,0,0,0,0
1613102960235,6,1010123456045,71,,1,0,6,1,1,,0,0,0,0,0,0,9,,0,0,0,0,0,0,0,0,0,,0,0,,0,0,0,0
1613102960485,6,1010123456045,71,,1,0,6,1,1,,0,0,0,0,0,0,8.8,,0,0,0,0,0,0,0,0,0,,0,0,,0,0,0,0
1613102960735,6,1010123456045,71,,1,0,6,1,1,,0,0,0,0,0,0,9,,0,0,0,0,0,0,0,0,0,,0,0,,0,0,0,0
1613102960985,6,1010123456045,71,,1,0,6,1,1,,0,0,0,0,0,0,9,,0,0,0,0,0,0,0,0,0,,0,0,,0,0,0,0
1613102961235,6,1010123456045,71,,1,0,6,1,1,,0,0,0,0,0,0,9.28571,,0,0,0,0,0,0,0,0,0,,0,0,,0,0,0,0
1613102961485,6,1010123456045,71,,1,0,6,1,1,,0,0,0,0,0,0,7.5,,0,0,0,0,0,0,0,0,0,,0,0,,0,0,0,0
1613102961735,6,1010123456045,71,,1,0,6,1,1,,0,0,0,0,0,0,7.8,,0,0,0,0,0,0,0,0,0,,0,0,,0,0,0,0
1613102961985,6,1010123456045,71,,1,0,6,1,1,,0,0,0,0,0,0,9,,0,0,0,0,0,0,0,0,0,,0,0,,0,0,0,0
1613102962235,6,1010123456045,71,,1,0,6,1,1,,0,0,0,0,0,0,9,,0,0,0,0,0,0,0,0,0,,0,0,,0,0,0,0
1613102962485,6,1010123456045,71,,1,0,6,1,1,,0,0,0,0,0,0,8,,0,0,0,0,0,0,0,0,0,,0,0,,0,0,0,0
1613102962735,6,1010123456045,71,,1,0,6,1,1,,0,0,0,0,0,0,9,,0,0,0,0,0,0,0,0,0,,0,0,,0,0,0,0
1613102962985,6,1010123456045,71,,1,0,6,1,1,,0,0,0,0,0,0,7.2,,0,0,0,0,0,0,0,0,0,,0,0,,0,0,0,0
1613102963235,6,1010123456045,71,,1,0,6,1,1,,0,0,0,0,0,0,7.83333,,0,0,0,0,0,0,0,0,0,,0,0,,0,0,0,0
1613102963485,6,1010123456045,71,,1,0,6,1,1,,0,0,0,0,0,0,7.66667,,0,0,0,0,0,0,0,0,0,,0,0,,0,0,0,0
1613102963735,6,1010123456045,71,,1,0,6,1,1,,0,0,0,0,0,0,8.8,,0,0,0,0,0,0,0,0,0,,0,0,,0,0,0,0
1613102963985,6,1010123456045,71,,1,0,6,1,1,,0,0,0,0,0,0,7.5,,0,0,0,0,0,0,0,0,0,,0,0,,0,0,0,0
1613102964235,6,1010123456045,71,,1,0,6,1,1,,0,0,0,0,0,0,9,,0,0,0,0,0,0,0,0,0,,0,0,,0,0,0,0
1613102964485,6,1010123456045,71,,1,0,6,1,1,,0,0,0,0,0,0,8.66667,,0,0,0,0,0,0,0,0,0,,0,0,,0,0,0,0
1613102964735,6,1010123456045,71,,1,0,6,1,1,,0,0,0,0,0,0,6.6,,0,0,0,0,0,0,0,0,0,,0,0,,0,0,0,0
1613102964985,6,1010123456045,71,,1,0,6,1,1,,0,0,0,0,0,0,8.6,,0,0,0,0,0,0,0,0,0,,0,0,,0,0,0,0
1613102965235,6,1010123456045,71,,1,0,6,1,1,,0,0,0,0,0,0,4.33333,,0,0,0,0,0,0,0,0,0,,0,0,,0,0,0,0
1613102965485,6,1010123456045,71,,1,0,6,1,1,,0,0,0,0,0,0,7.25,,0,0,0,0,0,0,0,0,0,,0,0,,0,0,0,0
1613102965735,6,1010123456045,71,,1,0,6,1,1,,0,0,0,0,0,0,9,,0,0,0,0,0,0,0,0,0,,0,0,,0,0,0,0
1613102965985,6,1010123456045,71,,1,0,6,1,1,,0,0,0,0,0,0,7.6,,0,0,0,0,0,0,0,0,0,,0,0,,0,0,0,0
1613102966235,6,1010123456045,71,,1,0,6,1,1,,0,0,0,0,0,0,8.8,,0,0,0,0,0,0,0,0,0,,0,0,,0,0,0,0
1613102966485,6,1010123456045,71,,1,0,6,1,1,,0,0,0,0,0,0,7.83333,,0,0,0,0,0,0,0,0,0,,0,0,,0,0,0,0
1613102966735,6,1010123456045,71,,1,0,6,1,1,,0,0,0,0,0,0,6.8,,0,0,0,0,0,0,0,0,0,,0,0,,0,0,0,0
1613102966985,6,1010123456045,71,,1,0,6,1,1,,0,0,0,0,0,0,7.4,,0,0,0,0,0,0,0,0,0,,0,0,,0,0,0,0
1613102967235,6,1010123456045,71,,1,0,6,1,1,,0,0,0,0,0,0,8.75,,0,0,0,0,0,0,0,0,0,,0,0,,0,0,0,0
1613102967485,6,1010123456045,71,,1,0,6,1,1,,0,0,0,0,0,0,8.66667,,0,0,0,0,0,0,0,0,0,,0,0,,0,0,0,0
1613102967735,6,1010123456045,71,,1,0,6,1,1,,0,0,0,0,0,0,7.2,,0,0,0,0,0,0,0,0,0,,0,0,,0,0,0,0
1613102967985,6,1010123456045,71,,1,0,6,1,1,,0,0,0,0,0,0,9.25,,0,0,0,0,0,0,0,0,0,,0,0,,0,0,0,0
1613102968235,6,1010123456045,71,,1,0,6,1,1,,0,0,0,0,0,0,9,,0,0,0,0,0,0,0,0,0,,0,0,,0,0,0,0
1613102968485,6,1010123456045,71,,1,0,6,1,1,,0,0,0,0,0,0,9,,0,0,0,0,0,0,0,0,0,,0,0,,0,0,0,0
1613102968735,6,1010123456045,71,,1,0,6,1,1,,0,0,0,0,0,0,8,,0,0,0,0,0,0,0,0,0,,0,0,,0,0,0,0
1613102968985,6,1010123456045,71,,1,0,6,1,1,,0,0,0,0,0,0,7.5,,0,0,0,0,0,0,0,0,0,,0,0,,0,0,0,0
1613102969235,6,1010123456045,71,,1,0,6,1,1,,0,0,0,0,0,0,7.2,,0,0,0,0,0,0,0,0,0,,0,0,,0,0,0,0
1613102969485,6,1010123456045,71,,1,0,6,1,1,,0,0,0,0,0,0,10.3333,,0,0,0,0,0,0,0,0,0,,0,0,,0,0,0,0
1613102969735,6,1010123456045,71,,1,0,6,1,1,,18,4,1197,0,0,0,8.2,,0,0,0,0,0,0,0,0,0,,0,12,,0,0,0,0
1613102969985,6,1010123456045,71,,1,0,6,1,1,,17.3029,756,98835,0.959552,218,0,8.83333,,11.4348,138,0,0.458176,43,51.1628,0,11.3981,31,,621,822,,0,0,0,5.30435
1613102970235,6,1010123456045,71,,1,0,6,1,1,,18,798,183825,0.886688,229,0,9,,7.69231,65,0,0.1,18,72.2222,0,3.1474,31,,750,726,,0,0,0,7.78462
1613102970485,6,1010123456045,71,,1,0,6,1,1,,18,813,183653,0.902176,233,0,9,,0,0,0,0,0,0,0,0,0,,750,744,,0,0,0,0
1613102970735,6,1010123456045,71,,1,0,6,1,1,,17.4033,791,183830,0.852096,228,0,8.83333,,0,0,0,0,0,0,0,0,0,,750,729,,0,0,0,0
1613102970985,6,1010123456045,71,,1,0,6,1,1,,17.985,800,183559,0.905536,234,0,9,,0.1,29,0,0.1,8,0,0,4.02213,31,,750,747,,0,0,0,1.82759
1613102971235,6,1010123456045,71,,1,0,6,1,1,,16.7429,805,184449,0.833536,232,0,8.71429,,0,0,0,0,0,0,0,0,0,,750,735,,0,0,0,0
1613102971485,6,1010123456045,71,,1,0,6,1,1,,18,793,183315,0.886688,229,0,9,,0,0,0,0,0,0,0,0,0,,750,738,,0,0,0,0
1613102971735,6,1010123456045,71,,1,0,6,1,1,,18,804,183378,0.898304,232,0,9,,0,0,0,0,0,0,0,0,0,,750,735,,0,0,0,0
1613102971985,6,1010123456045,71,,1,0,6,1,1,,18.8562,793,183483,0.9856,228,0,9.5,,4.53846,52,0,0.1,15,26.6667,0,11.7993,31,,753,732,,0,0,0,3.07692
1613102972235,6,1010123456045,71,,1,0,6,1,1,,18,816,183196,0.913792,236,0,9,,0,0,0,0,0,0,0,0,0,,747,747,,0,0,0,0
1613102972485,6,1010123456045,71,,1,0,6,1,1,,18,805,183143,0.902176,233,0,9,,0,0,0,0,0,0,0,0,0,,750,747,,0,0,0,0
1613102972735,6,1010123456045,71,,1,0,6,1,1,,17.9887,793,184041,0.870688,225,0,9,,0,0,0,0,0,0,0,0,0,,750,720,,0,0,0,0
1613102972985,6,1010123456045,71,,1,0,6,1,1,,17.4714,768,184446,0.883712,224,0,9.4,,15.4222,90,0,0.15136,30,83.3333,0,7.98145,31,,750,717,,0,0,0,8.16667
1613102973235,6,1010123456045,71,,1,0,6,1,1,,17.9733,786,183695,0.885664,229,0,9,,0,0,0,0,0,0,0,0,0,,750,717,,0,0,0,0
1613102973485,6,1010123456045,71,,1,0,6,1,1,,18,810,183523,0.898304,232,0,9,,0,0,0,0,0,0,0,0,0,,750,744,,0,0,0,0
1613102973735,6,1010123456045,71,,1,0,6,1,1,,14.2359,797,184072,0.702976,230,0,7.5,,0,0,0,0,0,0,0,0,0,,753,732,,0,0,0,0
1613102973985,6,1010123456045,71,,1,0,6,1,1,,18.8852,793,184156,0.986592,231,0,9.5,,15.2024,84,0,0.233824,26,76.9231,0,7.00165,31,,747,735,,0,0,0,8.07143
1613102974235,6,1010123456045,71,,1,0,6,1,1,,17.0153,787,183705,0.826368,228,0,8.71429,,0,0,0,0,0,0,0,0,0,,750,729,,0,0,0,0
1613102974485,6,1010123456045,71,,1,0,6,1,1,,17.065,800,183498,0.864832,234,0,8.66667,,0,0,0,0,0,0,0,0,0,,750,747,,0,0,0,0
1613102974735,6,1010123456045,71,,1,0,6,1,1,,16.7293,809,184426,0.821536,233,0,8.66667,,0,0,0,0,0,0,0,0,0,,750,747,,0,0,0,0
1613102974985,6,1010123456045,71,,1,0,6,1,1,,17.9772,790,184522,0.89728,232,0,9,,0.1,71,0,0.1,20,25,0,2.96275,31,,750,726,,0,0,0,3.76056
1613102975235,6,1010123456045,71,,1,0,6,1,1,,17.1146,794,183979,0.83664,225,0,8.42857,,0,0,0,0,0,0,0,0,0,,750,723,,0,0,0,0
1613102975485,6,1010123456045,71,,1,0,6,1,1,,17.9939,823,183859,0.985792,234,0,9.66667,,0,0,0,0,0,0,0,0,0,,753,747,,0,0,0,0
1613102975735,6,1010123456045,71,,1,0,6,1,1,,17.3779,823,183498,0.866048,232,0,8.83333,,0,0,0,0,0,0,0,0,0,,747,735,,0,0,0,0
1613102975985,6,1010123456045,71,,1,0,6,1,1,,17.3503,768,183846,0.838688,225,0,8.83333,,6.61765,34,0,0.1,10,40,0,7.16856,31,,750,723,,0,0,0,5.20588
1613102976235,6,1010123456045,71,,1,0,6,1,1,,15.1229,773,184183,0.720608,227,0,8,,0,0,0,0,0,0,0,0,0,,753,705,,0,0,0,0
1613102976485,6,1010123456045,71,,1,0,6,1,1,,17.2916,751,184192,0.790944,213,0,8.83333,,0,0,0,0,0,0,0,0,0,,747,690,,0,0,0,0
1613102976735,6,1010123456045,71,,1,0,6,1,1,,17.5681,815,183190,0.897152,236,0,8.83333,,0,0,0,0,0,0,0,0,0,,753,753,,0,0,0,0
1613102976985,6,1010123456045,71,,1,0,6,1,1,,16.5571,788,183367,0.792096,225,0,8.8,,14.5714,14,0,0.1,4,0,0,32.4259,31,,747,720,,0,0,0,1
1613102977235,6,1010123456045,71,,1,0,6,1,1,,17.1136,792,183963,0.842784,231,0,8.71429,,0,0,0,0,0,0,0,0,0,,750,729,,0,0,0,0
1613102977485,6,1010123456045,71,,1,0,6,1,1,,16.8686,761,184502,0.802944,220,0,8.33333,,0,0,0,0,0,0,0,0,0,,750,696,,0,0,0,0
1613102977735,6,1010123456045,71,,1,0,6,1,1,,16.22,759,183893,0.717344,213,0,8.66667,,0,0,0,0,0,0,0,0,0,,750,690,,0,0,0,0
1613102977985,6,1010123456045,71,,1,0,6,1,1,,18,803,183957,0.894432,231,0,9,,8.14286,28,0,0.1,9,44.4444,0,9.1155,31,,750,735,,0,0,0,4.85714
1613102978235,6,1010123456045,71,,1,0,6,1,1,,18,813,184136,0.898304,232,0,9,,0,0,0,0,0,0,0,0,0,,750,738,,0,0,0,0
1613102978485,6,1010123456045,71,,1,0,6,1,1,,18,827,183849,0.906048,234,0,9,,0,0,0,0,0,0,0,0,0,,750,747,,0,0,0,0
1613102978735,6,1010123456045,71,,1,0,6,1,1,,18,780,183417,0.8712,225,0,9,,0,0,0,0,0,0,0,0,0,,750,717,,0,0,0,0
1613102978985,6,1010123456045,71,,1,0,6,1,1,,18.7807,789,183948,0.972096,230,0,9.5,,15.299,97,0,0.130784,31,87.0968,0,5.93315,31,,753,738,,0,0,0,8.60825
1613102979235,6,1010123456045,71,,1,0,6,1,1,,17.3572,767,183645,0.821504,220,0,8.85714,,0,0,0,0,0,0,0,0,0,,747,693,,0,0,0,0
1613102979485,6,1010123456045,71,,1,0,6,1,1,,18,819,183709,0.90128,233,0,9,,0,0,0,0,0,0,0,0,0,,750,744,,0,0,0,0
1613102979735,6,1010123456045,71,,1,0,6,1,1,,13.5452,796,183283,0.6344,225,0,7.33333,,0,0,0,0,0,0,0,0,0,,750,723,,0,0,0,0
1613102979985,6,1010123456045,71,,1,0,6,1,1,,18.2231,780,183752,0.927648,225,0,9.33333,,15.4583,96,0,0.1,31,90.3226,0,3.58379,31,,753,720,,0,0,0,9.1875
1613102980235,6,1010123456045,71,,1,0,6,1,1,,16.7097,806,183375,0.825152,230,0,8.71429,,0,0,0,0,0,0,0,0,0,,747,726,,0,0,0,0
1613102980485,6,1010123456045,71,,1,0,6,1,1,,16.2719,809,183819,0.789568,230,0,8.33333,,0,0,0,0,0,0,0,0,0,,750,744,,0,0,0,0
1613102980735,6,1010123456045,71,,1,0,6,1,1,,16.735,800,183622,0.818176,228,0,8.66667,,0,0,0,0,0,0,0,0,0,,750,723,,0,0,0,0
1613102980985,6,1010123456045,71,,1,0,6,1,1,,15.9109,808,183953,0.794464,233,0,8.16667,,2.29545,44,0,0.1,13,0,0,14.3913,31,,750,744,,0,0,0,1
1613102981235,6,1010123456045,71,,1,0,6,1,1,,16.8879,794,183949,0.863584,227,0,9.16667,,0,0,0,0,0,0,0,0,0,,750,717,,0,0,0,0
1613102981485,6,1010123456045,71,,1,0,6,1,1,,18,830,183662,0.90128,233,0,9,,0,0,0,0,0,0,0,0,0,,750,750,,0,0,0,0
1613102981735,6,1010123456045,71,,1,0,6,1,1,,18,808,184075,0.89056,230,0,9,,0,0,0,0,0,0,0,0,0,,750,735,,0,0,0,0
1613102981985,6,1010123456045,71,,1,0,6,1,1,,16.0338,798,183443,0.785888,227,0,8.5,,6.34783,46,0,0.1,13,30.7692,0,13.0446,31,,750,720,,0,0,0,3.73913
1613102982235,6,1010123456045,71,,1,0,6,1,1,,17.2989,793,183429,0.851424,231,0,8.85714,,0,0,0,0,0,0,0,0,0,,750,741,,0,0,0,0
1613102982485,6,1010123456045,71,,1,0,6,1,1,,16.4064,780,183938,0.787904,226,0,8.4,,0,0,0,0,0,0,0,0,0,,750,720,,0,0,0,0
1613102982735,6,1010123456045,71,,1,0,6,1,1,,18,814,184236,0.894432,231,0,9,,0,0,0,0,0,0,0,0,0,,750,735,,0,0,0,0
1613102982985,6,1010123456045,71,,1,0,6,1,1,,18,822,184065,0.90992,235,0,9,,5.0566,53,0,0.1,15,40,0,9.48629,31,,750,741,,0,0,0,4.71698
1613102983235,6,1010123456045,71,,1,0,6,1,1,,17.3923,803,183911,0.855328,229,0,8.85714,,0,0,0,0,0,0,0,0,0,,750,744,,0,0,0,0
1613102983485,6,1010123456045,71,,1,0,6,1,1,,16.6783,805,183239,0.830208,232,0,8.66667,,0,0,0,0,0,0,0,0,0,,747,738,,0,0,0,0
1613102983735,6,1010123456045,71,,1,0,6,1,1,,12.7974,765,184013,0.606976,223,0,7.16667,,0,0,0,0,0,0,0,0,0,,750,708,,0,0,0,0
1613102983985,6,1010123456045,71,,1,0,6,1,1,,16.1654,762,183748,0.758528,220,0,8.5,,14.2727,22,0,0.1,6,66.6667,0,19.0841,31,,750,708,,0,0,0,6.72727
1613102984235,6,1010123456045,71,,1,0,6,1,1,,16.3548,806,183602,0.817504,235,0,8.57143,,0,0,0,0,0,0,0,0,0,,750,747,,0,0,0,0
1613102984485,6,1010123456045,71,,1,0,6,1,1,,15.4068,799,183906,0.761312,229,0,7.83333,,0,0,0,0,0,0,0,0,0,,750,738,,0,0,0,0
1613102984735,6,1010123456045,71,,1,0,6,1,1,,16.7935,804,183189,0.823264,233,0,8.83333,,0,0,0,0,0,0,0,0,0,,750,741,,0,0,0,0
1613102984985,6,1010123456045,71,,1,0,6,1,1,,17.4054,814,184231,0.87024,231,0,8.83333,,13,24,0,0.1,6,66.6667,0,11.6588,31,,750,741,,0,0,0,7
1613102985235,6,1010123456045,71,,1,0,6,1,1,,17.3,800,184098,0.859168,233,0,8.85714,,0,0,0,0,0,0,0,0,0,,750,741,,0,0,0,0
1613102985485,6,1010123456045,71,,1,0,6,1,1,,16.2618,787,183632,0.76928,224,0,8.33333,,0,0,0,0,0,0,0,0,0,,750,720,,0,0,0,0
1613102985735,6,1010123456045,71,,1,0,6,1,1,,18,812,183579,0.906048,234,0,9,,0,0,0,0,0,0,0,0,0,,750,750,,0,0,0,0
1613102985985,6,1010123456045,71,,1,0,6,1,1,,17.3384,795,183485,0.853408,229,0,8.83333,,6.62857,35,0,0.1,11,45.4545,0,10.8863,31,,750,726,,0,0,0,4.8
1613102986235,6,1010123456045,71,,1,0,6,1,1,,15.5899,812,183345,0.77104,232,0,8.28571,,0,0,0,0,0,0,0,0,0,,750,741,,0,0,0,0
1613102986485,6,1010123456045,71,,1,0,6,1,1,,18,796,184111,0.8712,225,0,9,,0,0,0,0,0,0,0,0,0,,750,720,,0,0,0,0
1613102986735,6,1010123456045,71,,1,0,6,1,1,,14.6031,786,183305,0.699616,223,0,7.5,,0,0,0,0,0,0,0,0,0,,750,717,,0,0,0,0
1613102986985,6,1010123456045,71,,1,0,6,1,1,,18,812,183485,0.89056,230,0,9,,1.36364,33,0,0.1,10,10,0,9.8627,31,,750,735,,0,0,0,2.0303
1613102987235,6,1010123456045,71,,1,0,6,1,1,,18,787,183054,0.8712,225,0,9,,0,0,0,0,0,0,0,0,0,,750,723,,0,0,0,0
1613102987485,6,1010123456045,71,,1,0,6,1,1,,17.3012,767,184036,0.821664,221,0,8.83333,,0,0,0,0,0,0,0,0,0,,750,702,,0,0,0,0
1613102987735,6,1010123456045,71,,1,0,6,1,1,,14.4439,784,184137,0.713184,227,0,7.33333,,0,0,0,0,0,0,0,0,0,,750,726,,0,0,0,0
1613102987985,6,1010123456045,71,,1,0,6,1,1,,18.0815,785,183345,0.922528,227,0,9.16667,,15.4348,92,0,0.179488,29,82.7586,0,6.87808,0,,750,732,,0,0,0,8.1413
1613102988235,6,1010123456045,71,,1,0,6,1,1,,17.2442,815,183107,0.871488,234,0,8.66667,,0,0,0,0,0,0,0,0,0,,750,741,,0,0,0,0
1613102988485,6,1010123456045,71,,1,0,6,1,1,,16.7715,814,183611,0.833056,233,0,8.83333,,0,0,0,0,0,0,0,0,0,,750,741,,0,0,0,0
1613102988735,6,1010123456045,71,,1,0,6,1,1,,18,811,183909,0.89056,230,0,9,,0,0,0,0,0,0,0,0,0,,750,729,,0,0,0,0
1613102988985,6,1010123456045,71,,1,0,6,1,1,,16.5699,758,183326,0.776256,220,0,8.5,,3.6,50,0,0.1,16,37.5,0,3.34893,31,,750,708,,0,0,0,4.5
1613102989235,6,1010123456045,71,,1,0,6,1,1,,18,810,184588,0.913792,236,0,9,,0,0,0,0,0,0,0,0,0,,750,750,,0,0,0,0
1613102989485,6,1010123456045,71,,1,0,6,1,1,,17.3477,811,184270,0.856896,230,0,8.83333,,0,0,0,0,0,0,0,0,0,,750,738,,0,0,0,0
1613102989735,6,1010123456045,71,,1,0,6,1,1,,17.3494,810,183857,0.871744,234,0,8.83333,,0,0,0,0,0,0,0,0,0,,750,750,,0,0,0,0
1613102989985,6,1010123456045,71,,1,0,6,1,1,,17.9851,808,183585,0.905536,234,0,9,,1.93103,29,0,0.1,8,0,0,12.0045,31,,750,744,,0,0,0,1
1613102990235,6,1010123456045,71,,1,0,6,1,1,,18,804,183648,0.902176,233,0,9,,0,0,0,0,0,0,0,0,0,,750,747,,0,0,0,0
1613102990485,6,1010123456045,71,,1,0,6,1,1,,15.8424,774,183972,0.747872,225,0,8.16667,,0,0,0,0,0,0,0,0,0,,750,717,,0,0,0,0
1613102990735,6,1010123456045,71,,1,0,6,1,1,,15.9897,777,183891,0.77472,226,0,8.33333,,0,0,0,0,0,0,0,0,0,,750,726,,0,0,0,0
1613102990985,6,1010123456045,71,,1,0,6,1,1,,17.7792,779,183795,0.846432,223,0,9,,11.4286,14,0,0.1,4,0,0,30.5673,31,,753,714,,0,0,0,1
1613102991235,6,1010123456045,71,,1,0,6,1,1,,15.5637,722,183295,0.688288,211,0,8.5,,0,0,0,0,0,0,0,0,0,,747,678,,0,0,0,0
1613102991485,6,1010123456045,71,,1,0,6,1,1,,17.3612,803,184508,0.861408,231,0,8.83333,,0,0,0,0,0,0,0,0,0,,750,735,,0,0,0,0
1613102991735,6,1010123456045,71,,1,0,6,1,1,,18,816,183256,0.894432,231,0,9,,0,0,0,0,0,0,0,0,0,,750,738,,0,0,0,0
1613102991985,6,1010123456045,71,,1,0,6,1,1,,17.3988,800,184026,0.879264,233,0,8.83333,,15,16,0,0,4,100,0,2.04113,0,,750,744,,0,0,0,10
1613102992235,6,1010123456045,71,,1,0,6,1,1,,16.6426,803,183986,0.806016,228,0,8.71429,,0.1,7,0,0.1,2,0,0,3.41856,31,,750,726,,0,0,0,1
1613102992485,6,1010123456045,71,,1,0,6,1,1,,17.3479,779,183481,0.823456,221,0,8.83333,,0,0,0,0,0,0,0,0,0,,750,699,,0,0,0,0
1613102992735,6,1010123456045,71,,1,0,6,1,1,,18,809,183896,0.886688,229,0,9,,0,0,0,0,0,0,0,0,0,,750,732,,0,0,0,0
1613102992985,6,1010123456045,71,,1,0,6,1,1,,16.414,773,183255,0.778624,224,0,8.5,,4.48,50,0,0.1,15,46.6667,0,5.20276,31,,750,720,,0,0,0,4.96
1613102993235,6,1010123456045,71,,1,0,6,1,1,,18,814,183434,0.902176,233,0,9,,0,0,0,0,0,0,0,0,0,,747,738,,0,0,0,0
1613102993485,6,1010123456045,71,,1,0,6,1,1,,18,823,183264,0.898304,232,0,9,,0,0,0,0,0,0,0,0,0,,750,744,,0,0,0,0
1613102993735,6,1010123456045,71,,1,0,6,1,1,,18,806,183328,0.902176,233,0,9,,0,0,0,0,0,0,0,0,0,,750,744,,0,0,0,0
1613102993985,6,1010123456045,71,,1,0,6,1,1,,19.4385,821,184449,1.0456,235,0,9.66667,,1.59375,64,0,0.1,19,21.0526,0,11.6708,31,,750,747,,0,0,0,2.96875
1613102994235,6,1010123456045,71,,1,0,6,1,1,,17.0966,797,183563,0.844544,232,0,8.71429,,0,0,0,0,0,0,0,0,0,,750,732,,0,0,0,0
1613102994485,6,1010123456045,71,,1,0,6,1,1,,16.9024,820,183672,0.872992,233,0,7.83333,,0,0,0,0,0,0,0,0,0,,750,738,,0,0,0,0
1613102994735,6,1010123456045,71,,1,0,6,1,1,,14.6663,803,183417,0.699328,230,0,8.5,,0,0,0,0,0,0,0,0,0,,750,744,,0,0,0,0
1613102994985,6,1010123456045,71,,1,0,6,1,1,,15.1868,787,183750,0.748064,229,0,7.66667,,15.2637,91,0,0.188192,29,82.7586,0,6.14093,31,,750,729,,0,0,0,8.31868
1613102995236,6,1010123456045,71,,1,0,6,1,1,,17.2669,768,184196,0.84,227,0,8.85714,,0,0,0,0,0,0,0,0,0,,756,729,,0,0,0,0
1613102995485,6,1010123456045,71,,1,0,6,1,1,,16.8275,829,183773,0.825414,231,0,8.5,,0,0,0,0,0,0,0,0,0,,747,738,,0,0,0,0
1613102995735,6,1010123456045,71,,1,0,6,1,1,,17.9887,796,183240,0.870688,225,0,9,,0,0,0,0,0,0,0,0,0,,747,717,,0,0,0,0
1613102995985,6,1010123456045,71,,1,0,6,1,1,,18.9295,794,183048,0.995584,232,0,9.5,,15.359,78,0,0.174656,25,80,0,6.603,31,,753,750,,0,0,0,8.26923
1613102996235,6,1010123456045,71,,1,0,6,1,1,,18,814,184192,0.913792,236,0,9,,0,0,0,0,0,0,0,0,0,,747,747,,0,0,0,0
1613102996485,6,1010123456045,71,,1,0,6,1,1,,18,815,184022,0.902176,233,0,9,,0,0,0,0,0,0,0,0,0,,750,750,,0,0,0,0
1613102996735,6,1010123456045,71,,1,0,6,1,1,,18,818,184086,0.902176,233,0,9,,0,0,0,0,0,0,0,0,0,,750,741,,0,0,0,0
1613102996985,6,1010123456045,71,,1,0,6,1,1,,17.9767,771,183568,0.870176,225,0,9,,1.93103,29,0,0.1,8,0,0,12.2806,31,,750,714,,0,0,0,1
1613102997235,6,1010123456045,71,,1,0,6,1,1,,16.2103,818,183871,0.803904,234,0,8.42857,,0,0,0,0,0,0,0,0,0,,750,744,,0,0,0,0
1613102997485,6,1010123456045,71,,1,0,6,1,1,,18,817,183935,0.893536,231,0,9,,0,0,0,0,0,0,0,0,0,,750,738,,0,0,0,0
1613102997735,6,1010123456045,71,,1,0,6,1,1,,19.3042,756,184265,0.980352,216,0,10,,0,0,0,0,0,0,0,0,0,,753,693,,0,0,0,0
1613102997985,6,1010123456045,71,,1,0,6,1,1,,16.7608,765,184131,0.808352,225,0,8.66667,,0.1,58,0,0.1,18,44.4444,0,2.61731,31,,747,717,,0,0,0,5.39655
1613102998235,6,1010123456045,71,,1,0,6,1,1,,16.9882,763,183429,0.787264,218,0,8.57143,,0,0,0,0,0,0,0,0,0,,750,699,,0,0,0,0
1613102998485,6,1010123456045,71,,1,0,6,1,1,,18,789,184195,0.8712,225,0,9,,0,0,0,0,0,0,0,0,0,,750,714,,0,0,0,0
1613102998735,6,1010123456045,71,,1,0,6,1,1,,16.2348,775,183671,0.788768,225,0,8.5,,0,0,0,0,0,0,0,0,0,,750,723,,0,0,0,0
1613102998985,6,1010123456045,71,,1,0,6,1,1,,17.4364,786,183316,0.902912,232,0,9,,7.13514,74,0,0.1,21,57.1429,0,8.22884,31,,750,738,,0,0,0,6.35135
1613102999235,6,1010123456045,71,,1,0,6,1,1,,16.2342,773,183386,0.7712,221,0,8.28571,,0,0,0,0,0,0,0,0,0,,750,702,,0,0,0,0
1613102999485,6,1010123456045,71,,1,0,6,1,1,,17.4436,798,184566,0.85392,229,0,9,,0,0,0,0,0,0,0,0,0,,750,729,,0,0,0,0
1613102999735,6,1010123456045,71,,1,0,6,1,1,,17.4479,797,184219,0.865504,231,0,8.83333,,0,0,0,0,0,0,0,0,0,,753,738,,0,0,0,0
1613102999985,6,1010123456045,71,,1,0,6,1,1,,17.9437,746,183122,0.838176,217,0,9,,5.5814,43,0,0.1,12,41.6667,0,4.05985,31,,747,693,,0,0,0,5.04651
1613103000235,6,1010123456045,71,,1,0,6,1,1,,16.8447,824,183838,0.837888,234,0,8.57143,,0,0,0,0,0,0,0,0,0,,750,744,,0,0,0,0
1613103000485,6,1010123456045,71,,1,0,6,1,1,,17.3815,802,183595,0.856,230,0,8.83333,,0,0,0,0,0,0,0,0,0,,750,741,,0,0,0,0
1613103000735,6,1010123456045,71,,1,0,6,1,1,,17.3437,803,183154,0.87264,234,0,8.83333,,0,0,0,0,0,0,0,0,0,,750,744,,0,0,0,0
1613103000985,6,1010123456045,71,,1,0,6,1,1,,16.5679,759,183636,0.788352,223,0,8.33333,,8.86667,45,0,0.1,13,61.5385,0,12.1987,31,,747,717,,0,0,0,6.4
1613103001235,6,1010123456045,71,,1,0,6,1,1,,16.199,814,184298,0.795904,232,0,8.42857,,0,0,0,0,0,0,0,0,0,,750,738,,0,0,0,0
1613103001485,6,1010123456045,71,,1,0,6,1,1,,16.2712,778,183586,0.776064,223,0,8.16667,,0,0,0,0,0,0,0,0,0,,750,717,,0,0,0,0
1613103001735,6,1010123456045,71,,1,0,6,1,1,,16.2428,803,184031,0.798144,232,0,8.33333,,0,0,0,0,0,0,0,0,0,,750,744,,0,0,0,0
1613103001985,6,1010123456045,71,,1,0,6,1,1,,18,805,184093,0.894432,231,0,9,,7.68421,38,0,0.1,10,40,0,11.9448,31,,750,735,,0,0,0,4.78947
1613103002235,6,1010123456045,71,,1,0,6,1,1,,14.5961,713,184424,0.665632,213,0,7.71429,,0,0,0,0,0,0,0,0,0,,750,666,,0,0,0,0
1613103002485,6,1010123456045,71,,1,0,6,1,1,,17.1803,771,184139,0.808928,221,0,8.66667,,0,0,0,0,0,0,0,0,0,,750,702,,0,0,0,0
1613103002735,6,1010123456045,71,,1,0,6,1,1,,17.3431,816,183952,0.864256,232,0,8.83333,,0,0,0,0,0,0,0,0,0,,750,735,,0,0,0,0
1613103002985,6,1010123456045,71,,1,0,6,1,1,,16.6886,761,184471,0.79456,222,0,8.66667,,14.0769,13,0,0.1,4,0,0,33.5293,31,,750,699,,0,0,0,1
1613103003235,6,1010123456045,71,,1,0,6,1,1,,18,798,183219,0.89056,230,0,9,,0,0,0,0,0,0,0,0,0,,750,738,,0,0,0,0
1613103003485,6,1010123456045,71,,1,0,6,1,1,,18,777,184101,0.8712,225,0,9,,0,0,0,0,0,0,0,0,0,,750,720,,0,0,0,0
1613103003735,6,1010123456045,71,,1,0,6,1,1,,18,812,183930,0.906048,234,0,9,,0,0,0,0,0,0,0,0,0,,750,747,,0,0,0,0
1613103003985,6,1010123456045,71,,1,0,6,1,1,,18.3144,776,184121,0.936768,226,0,9.33333,,15.9896,96,0,0.191904,31,80.6452,0,8.49808,31,,750,723,,0,0,0,8.15625
1613103004235,6,1010123456045,71,,1,0,6,1,1,,17.8394,822,184356,0.906048,234,0,8.66667,,0,0,0,0,0,0,0,0,0,,750,738,,0,0,0,0
1613103004485,6,1010123456045,71,,1,0,6,1,1,,16.1888,805,184008,0.760256,226,0,8.66667,,0,0,0,0,0,0,0,0,0,,750,726,,0,0,0,0
1613103004735,6,1010123456045,71,,1,0,6,1,1,,16.2311,809,184294,0.809952,231,0,8.5,,0,0,0,0,0,0,0,0,0,,750,729,,0,0,0,0
1613103004985,6,1010123456045,71,,1,0,6,1,1,,17.2163,800,184483,0.837536,229,0,8.83333,,1.45161,31,0,0.1,9,11.1111,0,7.18253,31,,750,738,,0,0,0,2.12903
1613103005235,6,1010123456045,71,,1,0,6,1,1,,17.3731,796,183284,0.854176,229,0,8.85714,,0,0,0,0,0,0,0,0,0,,750,723,,0,0,0,0
1613103005485,6,1010123456045,71,,1,0,6,1,1,,18,822,183115,0.898304,232,0,9,,0,0,0,0,0,0,0,0,0,,750,744,,0,0,0,0
1613103005735,6,1010123456045,71,,1,0,6,1,1,,17.3186,791,183752,0.840768,226,0,8.83333,,0,0,0,0,0,0,0,0,0,,750,714,,0,0,0,0
1613103005985,6,1010123456045,71,,1,0,6,1,1,,17.3508,801,183331,0.860384,231,0,8.83333,,5.08475,59,0,0.128224,17,17.6471,0,11.8458,31,,750,738,,0,0,0,2.91525
1613103006235,6,1010123456045,71,,1,0,6,1,1,,16.2171,760,183327,0.766496,223,0,8.42857,,0,0,0,0,0,0,0,0,0,,750,708,,0,0,0,0
1613103006485,6,1010123456045,71,,1,0,6,1,1,,17.7235,810,183937,0.930784,235,0,9,,0,0,0,0,0,0,0,0,0,,750,750,,0,0,0,0
1613103006735,6,1010123456045,71,,1,0,6,1,1,,17.6026,775,184121,0.84432,225,0,9,,0,0,0,0,0,0,0,0,0,,750,717,,0,0,0,0
1613103006985,6,1010123456045,71,,1,0,6,1,1,,16.7152,797,183308,0.834848,233,0,8.66667,,8.29167,48,0,0.1,15,53.3333,0,11.9143,31,,750,741,,0,0,0,5.5
1613103007235,6,1010123456045,71,,1,0,6,1,1,,17.3576,797,183650,0.842816,226,0,8.85714,,0,0,0,0,0,0,0,0,0,,750,726,,0,0,0,0
1613103007485,6,1010123456045,71,,1,0,6,1,1,,18,812,183948,0.89056,230,0,9,,0,0,0,0,0,0,0,0,0,,750,738,,0,0,0,0
1613103007735,6,1010123456045,71,,1,0,6,1,1,,18,816,184129,0.894432,231,0,9,,0,0,0,0,0,0,0,0,0,,750,735,,0,0,0,0
1613103007985,6,1010123456045,71,,1,0,6,1,1,,17.1057,795,183534,0.823232,226,0,8.66667,,0,11,0,0,4,100,0,0,0,,750,723,,0,0,0,0
1613103008235,6,1010123456045,71,,1,0,6,1,1,,17.1707,744,183680,0.805952,218,0,8.83333,,0.1,23,0,0.1,7,14.2857,0,1.6925,31,,750,693,,0,0,0,2.69565
1613103008485,6,1010123456045,71,,1,0,6,1,1,,16.0711,774,183757,0.762752,222,0,8.33333,,0,0,0,0,0,0,0,0,0,,753,711,,0,0,0,0
1613103008735,6,1010123456045,71,,1,0,6,1,1,,16.9887,794,184219,0.835936,231,0,8.83333,,0,0,0,0,0,0,0,0,0,,747,729,,0,0,0,0
1613103008985,6,1010123456045,71,,1,0,6,1,1,,17.4013,785,184040,0.856256,230,0,8.83333,,13.3958,48,0,0.1,16,81.25,0,6.7197,31,,750,741,,0,0,0,8.16667
1613103009235,6,1010123456045,71,,1,0,6,1,1,,18,813,183986,0.90992,235,0,9,,0,0,0,0,0,0,0,0,0,,750,747,,0,0,0,0
1613103009485,6,1010123456045,71,,1,0,6,1,1,,14.3223,813,183044,0.693792,231,0,7.66667,,0,0,0,0,0,0,0,0,0,,750,744,,0,0,0,0
1613103009735,6,1010123456045,71,,1,0,6,1,1,,17.9777,808,183489,0.889536,230,0,9,,0,0,0,0,0,0,0,0,0,,750,735,,0,0,0,0
1613103009985,6,1010123456045,71,,1,0,6,1,1,,17.3572,823,184487,0.86464,232,0,8.83333,,15.7895,19,0,0.1,6,66.6667,0,19.4622,31,,750,741,,0,0,0,6.68421
1613103010235,6,1010123456045,71,,1,0,6,1,1,,18,809,183470,0.89056,230,0,9,,0,0,0,0,0,0,0,0,0,,750,735,,0,0,0,0
1613103010485,6,1010123456045,71,,1,0,6,1,1,,18,815,184615,0.906048,234,0,9,,0,0,0,0,0,0,0,0,0,,750,747,,0,0,0,0
1613103010735,6,1010123456045,71,,1,0,6,1,1,,18,817,183130,0.906048,234,0,9,,0,0,0,0,0,0,0,0,0,,750,750,,0,0,0,0
1613103010985,6,1010123456045,71,,1,0,6,1,1,,17.4137,805,184000,0.881856,234,0,8.83333,,14.1,10,0,0.1,3,0,0,34.5651,31,,750,741,,0,0,0,1
1613103011235,6,1010123456045,71,,1,0,6,1,1,,17.9487,779,184003,0.843776,220,0,9,,0,0,0,0,0,0,0,0,0,,750,711,,0,0,0,0
1613103011485,6,1010123456045,71,,1,0,6,1,1,,18,794,183452,0.875072,226,0,9,,0,0,0,0,0,0,0,0,0,,750,717,,0,0,0,0
1613103011735,6,1010123456045,71,,1,0,6,1,1,,16.6572,808,184337,0.828992,232,0,8.5,,0,0,0,0,0,0,0,0,0,,750,744,,0,0,0,0
1613103011985,6,1010123456045,71,,1,0,6,1,1,,17.7269,758,183236,0.832128,220,0,9,,15,14,0,0,4,100,0,2.23973,0,,750,708,,0,0,0,10
1613103012235,6,1010123456045,71,,1,0,6,1,1,,18,809,183184,0.906048,234,0,9,,6.75,16,0,0.1,5,80,0,7.97712,31,,750,744,,0,0,0,7.75
1613103012485,6,1010123456045,71,,1,0,6,1,1,,17.0087,807,183541,0.839296,232,0,8.66667,,5.53846,39,0,0.1,12,66.6667,0,8.91055,31,,750,747,,0,0,0,6.53846
1613103012735,6,1010123456045,71,,1,0,6,1,1,,18,805,183605,0.902176,233,0,9,,0,0,0,0,0,0,0,0,0,,750,735,,0,0,0,0
1613103012985,6,1010123456045,71,,1,0,6,1,1,,17.33,794,183658,0.848512,228,0,8.83333,,2.28571,28,0,0.1,8,25,0,11.6187,31,,750,735,,0,0,0,3.25
1613103013235,6,1010123456045,71,,1,0,6,1,1,,17.4086,771,184384,0.83776,224,0,8.85714,,0,0,0,0,0,0,0,0,0,,750,708,,0,0,0,0
1613103013485,6,1010123456045,71,,1,0,6,1,1,,12.721,785,184258,0.621376,228,0,6.83333,,0,0,0,0,0,0,0,0,0,,750,732,,0,0,0,0
1613103013735,6,1010123456045,71,,1,0,6,1,1,,17.7184,792,183257,0.879008,229,0,9.16667,,0,0,0,0,0,0,0,0,0,,750,729,,0,0,0,0
1613103013985,6,1010123456045,71,,1,0,6,1,1,,13.2048,747,184082,0.658976,222,0,6.6,,10.3034,89,0,0.1,29,75.8621,0,4.87506,31,,750,702,,0,0,0,7.94382
1613103014235,6,1010123456045,71,,1,0,6,1,1,,17.3462,803,182927,0.841728,228,0,8.85714,,0,0,0,0,0,0,0,0,0,,750,726,,0,0,0,0
1613103014485,6,1010123456045,71,,1,0,6,1,1,,18,825,183953,0.90992,235,0,9,,0,0,0,0,0,0,0,0,0,,750,750,,0,0,0,0
1613103014735,6,1010123456045,71,,1,0,6,1,1,,16.9082,806,184466,0.848128,232,0,8.66667,,0,0,0,0,0,0,0,0,0,,750,738,,0,0,0,0
1613103014985,6,1010123456045,71,,1,0,6,1,1,,17.1272,802,183071,0.843232,231,0,8.83333,,4.28571,42,0,0.1,12,66.6667,0,5.80071,31,,750,735,,0,0,0,7
1613103015235,6,1010123456045,71,,1,0,6,1,1,,16.7087,793,184125,0.824256,230,0,8.71429,,0,0,0,0,0,0,0,0,0,,750,729,,0,0,0,0
1613103015485,6,1010123456045,71,,1,0,6,1,1,,17.9692,780,183489,0.874048,226,0,9,,0,0,0,0,0,0,0,0,0,,750,723,,0,0,0,0
1613103015735,6,1010123456045,71,,1,0,6,1,1,,16.5089,786,183808,0.797696,226,0,8.33333,,0,0,0,0,0,0,0,0,0,,750,723,,0,0,0,0
1613103015985,6,1010123456045,71,,1,0,6,1,1,,17.3325,803,183387,0.864256,232,0,8.83333,,4.24615,65,0,0.1,18,55.5556,0,10.6322,31,,750,747,,0,0,0,5.98462
1613103016235,6,1010123456045,71,,1,0,6,1,1,,17.8239,795,184384,0.882816,228,0,8.57143,,0,0,0,0,0,0,0,0,0,,750,714,,0,0,0,0
1613103016485,6,1010123456045,71,,1,0,6,1,1,,15.4614,778,183715,0.730336,227,0,8.33333,,0,0,0,0,0,0,0,0,0,,750,723,,0,0,0,0
1613103016735,6,1010123456045,71,,1,0,6,1,1,,17.6253,830,184052,0.8864,236,0,9,,0,0,0,0,0,0,0,0,0,,750,747,,0,0,0,0
1613103016985,6,1010123456045,71,,1,0,6,1,1,,18,775,183620,0.8712,225,0,9,,0.1,32,0,0.1,10,10,0,4.56562,31,,750,714,,0,0,0,2.625
1613103017235,6,1010123456045,71,,1,0,6,1,1,,18,816,183567,0.902176,233,0,9,,0,0,0,0,0,0,0,0,0,,750,744,,0,0,0,0
1613103017485,6,1010123456045,71,,1,0,6,1,1,,18,794,184215,0.8712,225,0,9,,0,0,0,0,0,0,0,0,0,,750,726,,0,0,0,0
1613103017735,6,1010123456045,71,,1,0,6,1,1,,16.2719,798,183729,0.781472,227,0,8.33333,,0,0,0,0,0,0,0,0,0,,750,726,,0,0,0,0
1613103017985,6,1010123456045,71,,1,0,6,1,1,,17.3529,816,183074,0.875872,235,0,8.83333,,7.27273,33,0,0.1,9,44.4444,0,7.67424,31,,750,747,,0,0,0,5.36364
1613103018235,6,1010123456045,71,,1,0,6,1,1,,17.3371,789,183334,0.849408,228,0,8.85714,,0,0,0,0,0,0,0,0,0,,750,726,,0,0,0,0
1613103018485,6,1010123456045,71,,1,0,6,1,1,,17.085,765,183528,0.793088,218,0,8.66667,,0,0,0,0,0,0,0,0,0,,750,702,,0,0,0,0
1613103018735,6,1010123456045,71,,1,0,6,1,1,,18,807,183475,0.906048,234,0,9,,0,0,0,0,0,0,0,0,0,,750,750,,0,0,0,0
1613103018985,6,1010123456045,71,,1,0,6,1,1,,18,772,184007,0.878944,227,0,9,,2.72,25,0,0.1,9,0,0,18.1141,31,,750,720,,0,0,0,1.24
1613103019235,6,1010123456045,71,,1,0,6,1,1,,16.6597,761,183855,0.769504,217,0,8.57143,,0,0,0,0,0,0,0,0,0,,753,699,,0,0,0,0
1613103019485,6,1010123456045,71,,1,0,6,1,1,,18,819,183685,0.906048,234,0,9,,0,0,0,0,0,0,0,0,0,,747,744,,0,0,0,0
1613103019735,6,1010123456045,71,,1,0,6,1,1,,17.3604,813,183587,0.857408,230,0,8.83333,,0,0,0,0,0,0,0,0,0,,750,732,,0,0,0,0
1613103019985,6,1010123456045,71,,1,0,6,1,1,,17.357,790,183533,0.856,230,0,8.83333,,13.3621,58,0,0.1,19,73.6842,0,7.3846,31,,750,735,,0,0,0,7.67241
1613103020235,6,1010123456045,71,,1,0,6,1,1,,17.3615,794,183649,0.850304,228,0,8.85714,,0,0,0,0,0,0,0,0,0,,750,726,,0,0,0,0
1613103020485,6,1010123456045,71,,1,0,6,1,1,,16.3811,803,183943,0.795168,229,0,8.5,,0,0,0,0,0,0,0,0,0,,750,738,,0,0,0,0
1613103020735,6,1010123456045,71,,1,0,6,1,1,,17.0955,785,184642,0.847264,233,0,8.66667,,0,0,0,0,0,0,0,0,0,,750,729,,0,0,0,0
1613103020985,6,1010123456045,71,,1,0,6,1,1,,17.0907,794,183859,0.817824,225,0,8.66667,,3.78571,28,0,0.1,8,0,0,15.3911,31,,750,729,,0,0,0,1.14286
1613103021235,6,1010123456045,71,,1,0,6,1,1,,18,811,183689,0.913792,236,0,9,,0,0,0,0,0,0,0,0,0,,750,750,,0,0,0,0
1613103021485,6,1010123456045,71,,1,0,6,1,1,,17.7202,815,184200,0.883392,230,0,8.83333,,0,0,0,0,0,0,0,0,0,,750,741,,0,0,0,0
1613103021735,6,1010123456045,71,,1,0,6,1,1,,15.6407,782,183927,0.721088,222,0,8.33333,,0,0,0,0,0,0,0,0,0,,750,711,,0,0,0,0
1613103021985,6,1010123456045,71,,1,0,6,1,1,,18,814,183640,0.906048,234,0,9,,7.5,38,0,0.1,11,45.4545,0,4.46442,31,,750,747,,0,0,0,5.57895
1613103022235,6,1010123456045,71,,1,0,6,1,1,,17.2822,769,184421,0.832256,224,0,8.83333,,0,0,0,0,0,0,0,0,0,,750,717,,0,0,0,0
1613103022485,6,1010123456045,71,,1,0,6,1,1,,16.7657,794,183948,0.819584,228,0,8.66667,,0,0,0,0,0,0,0,0,0,,750,726,,0,0,0,0
1613103022735,6,1010123456045,71,,1,0,6,1,1,,17.5522,795,183397,0.882176,232,0,8.83333,,0,0,0,0,0,0,0,0,0,,750,738,,0,0,0,0
1613103022985,6,1010123456045,71,,1,0,6,1,1,,16.9343,791,183316,0.804064,225,0,8.66667,,6.05263,57,0,0.1,17,41.1765,0,13.9304,31,,750,717,,0,0,0,4.73684
1613103023235,6,1010123456045,71,,1,0,6,1,1,,16.9215,790,183289,0.808608,225,0,8.57143,,0,0,0,0,0,0,0,0,0,,750,723,,0,0,0,0
1613103023485,6,1010123456045,71,,1,0,6,1,1,,17.3505,813,184183,0.872,234,0,8.83333,,0,0,0,0,0,0,0,0,0,,750,747,,0,0,0,0
1613103023735,6,1010123456045,71,,1,0,6,1,1,,17.3862,795,184146,0.855328,229,0,8.83333,,0,0,0,0,0,0,0,0,0,,750,732,,0,0,0,0
1613103023985,6,1010123456045,71,,1,0,6,1,1,,17.4217,785,184234,0.847328,227,0,8.8,,15.8696,23,0,0.1,6,66.6667,0,17.1527,31,,750,729,,0,0,0,7.26087
1613103024235,6,1010123456045,71,,1,0,6,1,1,,17.3582,804,184350,0.854176,229,0,8.85714,,0,0,0,0,0,0,0,0,0,,750,729,,0,0,0,0
1613103024485,6,1010123456045,71,,1,0,6,1,1,,17.9847,782,184168,0.8552,221,0,9,,0,0,0,0,0,0,0,0,0,,750,708,,0,0,0,0
1613103024735,6,1010123456045,71,,1,0,6,1,1,,18,801,184349,0.898304,232,0,9,,0,0,0,0,0,0,0,0,0,,750,738,,0,0,0,0
1613103024985,6,1010123456045,71,,1,0,6,1,1,,17.9736,794,183012,0.893408,231,0,9,,9.79592,49,0,0.1,14,57.1429,0,8.05588,31,,750,744,,0,0,0,6.14286
1613103025235,6,1010123456045,71,,1,0,6,1,1,,18,813,183307,0.898304,232,0,9,,0,0,0,0,0,0,0,0,0,,750,735,,0,0,0,0
1613103025485,6,1010123456045,71,,1,0,6,1,1,,17.4421,794,183541,0.838528,224,0,8.83333,,0,0,0,0,0,0,0,0,0,,750,720,,0,0,0,0
1613103025735,6,1010123456045,71,,1,0,6,1,1,,18,806,183956,0.89056,230,0,9,,0,0,0,0,0,0,0,0,0,,750,732,,0,0,0,0
1613103025985,6,1010123456045,71,,1,0,6,1,1,,17.3665,794,183747,0.861024,231,0,8.83333,,4.94118,34,0,0.1,10,40,0,8.15566,31,,750,729,,0,0,0,4.17647
1613103026235,6,1010123456045,71,,1,0,6,1,1,,17.9774,798,184543,0.874048,226,0,9,,0,0,0,0,0,0,0,0,0,,750,726,,0,0,0,0
1613103026485,6,1010123456045,71,,1,0,6,1,1,,18,826,184373,0.902176,233,0,9,,0,0,0,0,0,0,0,0,0,,750,744,,0,0,0,0
1613103026735,6,1010123456045,71,,1,0,6,1,1,,16.7859,808,183846,0.829408,233,0,8.5,,0,0,0,0,0,0,0,0,0,,750,741,,0,0,0,0
1613103026985,6,1010123456045,71,,1,0,6,1,1,,16.6932,805,183261,0.82336,230,0,8.66667,,4.42105,38,0,0.1,11,36.3636,0,3.63221,31,,750,729,,0,0,0,4.3421
1613103027235,6,1010123456045,71,,1,0,6,1,1,,17.892,815,183727,0.894432,231,0,8.85714,,0,0,0,0,0,0,0,0,0,,750,741,,0,0,0,0
1613103027485,6,1010123456045,71,,1,0,6,1,1,,17.4483,812,183489,0.856512,230,0,9,,0,0,0,0,0,0,0,0,0,,750,735,,0,0,0,0
1613103027735,6,1010123456045,71,,1,0,6,1,1,,18,807,183668,0.894432,231,0,9,,0,0,0,0,0,0,0,0,0,,750,738,,0,0,0,0
1613103027985,6,1010123456045,71,,1,0,6,1,1,,18.2861,804,183199,0.95856,231,0,9.4,,14.481,79,0,0.109056,24,83.3333,0,6.99766,31,,750,744,,0,0,0,8.17722
1613103028235,6,1010123456045,71,,1,0,6,1,1,,17.3745,793,183190,0.858304,230,0,8.85714,,0,0,0,0,0,0,0,0,0,,750,732,,0,0,0,0
1613103028485,6,1010123456045,71,,1,0,6,1,1,,18,803,183368,0.89056,230,0,9,,0,0,0,0,0,0,0,0,0,,750,741,,0,0,0,0
1613103028735,6,1010123456045,71,,1,0,6,1,1,,16.7419,798,184359,0.826304,230,0,8.6,,0,0,0,0,0,0,0,0,0,,750,732,,0,0,0,0
1613103028985,6,1010123456045,71,,1,0,6,1,1,,17.3263,803,183112,0.844256,227,0,8.83333,,0.1,69,0,0.1,20,35,0,3.77794,31,,750,720,,0,0,0,4.50725
1613103029235,6,1010123456045,71,,1,0,6,1,1,,16.3491,759,183264,0.763552,217,0,8.71429,,0,0,0,0,0,0,0,0,0,,750,678,,0,0,0,0
1613103029485,6,1010123456045,71,,1,0,6,1,1,,18,804,183562,0.886688,229,0,9,,0,0,0,0,0,0,0,0,0,,750,732,,0,0,0,0
1613103029735,6,1010123456045,71,,1,0,6,1,1,,17.603,806,184168,0.887584,233,0,8.83333,,0,0,0,0,0,0,0,0,0,,750,750,,0,0,0,0
1613103029985,6,1010123456045,71,,1,0,6,1,1,,17.1611,782,183078,0.832768,228,0,8.83333,,3.68421,57,0,0.1,18,44.4444,0,7.52523,31,,750,726,,0,0,0,5.10526
1613103030235,6,1010123456045,71,,1,0,6,1,1,,17.3552,794,183214,0.853536,229,0,8.85714,,0,0,0,0,0,0,0,0,0,,750,735,,0,0,0,0
1613103030485,6,1010123456045,71,,1,0,6,1,1,,17.1069,823,183390,0.84512,232,0,8.6,,0,0,0,0,0,0,0,0,0,,750,738,,0,0,0,0
1613103030735,6,1010123456045,71,,1,0,6,1,1,,17.285,751,183861,0.795072,214,0,8.83333,,0,0,0,0,0,0,0,0,0,,750,681,,0,0,0,0
1613103030985,6,1010123456045,71,,1,0,6,1,1,,17.3152,771,183767,0.80992,218,0,8.83333,,4,56,0,0.1,17,29.4118,0,10.7002,31,,750,699,,0,0,0,3.60714
1613103031235,6,1010123456045,71,,1,0,6,1,1,,18,813,183714,0.902176,233,0,9,,0,0,0,0,0,0,0,0,0,,750,747,,0,0,0,0
1613103031485,6,1010123456045,71,,1,0,6,1,1,,17.8663,718,183749,0.805152,209,0,9,,0,0,0,0,0,0,0,0,0,,750,669,,0,0,0,0
1613103031735,6,1010123456045,71,,1,0,6,1,1,,15.6837,784,184455,0.760224,223,0,7.83333,,0,0,0,0,0,0,0,0,0,,750,711,,0,0,0,0
1613103031985,6,1010123456045,71,,1,0,6,1,1,,17.25,792,183207,0.822784,228,0,9,,16,14,0,0,4,100,0,2.55014,0,,750,726,,0,0,0,10
1613103032235,6,1010123456045,71,,1,0,6,1,1,,17.2095,802,183433,0.856128,230,0,8.71429,,0,0,0,0,0,0,0,0,0,,750,732,,0,0,0,0
1613103032485,6,1010123456045,71,,1,0,6,1,1,,14.9975,806,183954,0.736832,230,0,8,,6.22222,27,0,0.1,8,50,0,10.3965,31,,750,738,,0,0,0,5
1613103032735,6,1010123456045,71,,1,0,6,1,1,,15.3948,732,184374,0.709184,217,0,7.83333,,0,0,0,0,0,0,0,0,0,,747,675,,0,0,0,0
1613103032985,6,1010123456045,71,,1,0,6,1,1,,18.9023,798,184224,0.990464,232,0,9.5,,15.4023,87,0,0.249248,28,78.5714,0,7.99722,31,,750,750,,0,0,0,7.62069
1613103033235,6,1010123456045,71,,1,0,6,1,1,,17.2005,813,184277,0.868128,233,0,8.57143,,0,0,0,0,0,0,0,0,0,,750,738,,0,0,0,0
1613103033485,6,1010123456045,71,,1,0,6,1,1,,17.2592,814,184515,0.831168,228,0,9,,0,0,0,0,0,0,0,0,0,,750,729,,0,0,0,0
1613103033735,6,1010123456045,71,,1,0,6,1,1,,18,824,183031,0.906048,234,0,9,,0,0,0,0,0,0,0,0,0,,750,750,,0,0,0,0
1613103033985,6,1010123456045,71,,1,0,6,1,1,,16.3454,773,184081,0.782656,222,0,8.5,,5.7,40,0,0.1,12,33.3333,0,11.0028,31,,750,702,,0,0,0,4.25
1613103034235,6,1010123456045,71,,1,0,6,1,1,,17.2899,814,183864,0.852704,233,0,8.85714,,0,0,0,0,0,0,0,0,0,,750,747,,0,0,0,0
1613103034485,6,1010123456045,71,,1,0,6,1,1,,18,813,183811,0.898304,232,0,9,,0,0,0,0,0,0,0,0,0,,750,735,,0,0,0,0
1613103034735,6,1010123456045,71,,1,0,6,1,1,,16.9552,781,183597,0.827584,226,0,8.66667,,0,0,0,0,0,0,0,0,0,,750,720,,0,0,0,0
1613103034985,6,1010123456045,71,,1,0,6,1,1,,17.1228,798,183395,0.848128,232,0,8.83333,,0.1,40,0,0.1,13,38.4615,0,1.15875,31,,750,738,,0,0,0,3.925
1613103035235,6,1010123456045,71,,1,0,6,1,1,,16.0716,796,183037,0.7776,228,0,8.42857,,0,0,0,0,0,0,0,0,0,,750,729,,0,0,0,0
1613103035485,6,1010123456045,71,,1,0,6,1,1,,13.9228,764,184008,0.64992,222,0,7.33333,,0,0,0,0,0,0,0,0,0,,750,708,,0,0,0,0
1613103035735,6,1010123456045,71,,1,0,6,1,1,,17.4512,769,184423,0.82928,225,0,9,,0,0,0,0,0,0,0,0,0,,750,714,,0,0,0,0
1613103035985,6,1010123456045,71,,1,0,6,1,1,,18,810,184370,0.898304,232,0,9,,4.78689,61,0,0.1,17,52.9412,0,10.5737,31,,750,747,,0,0,0,5.93443
1613103036235,6,1010123456045,71,,1,0,6,1,1,,17.0277,830,183054,0.855104,236,0,8.71429,,0,0,0,0,0,0,0,0,0,,750,750,,0,0,0,0
1613103036485,6,1010123456045,71,,1,0,6,1,1,,17.398,819,184093,0.8632,231,0,8.83333,,0,0,0,0,0,0,0,0,0,,750,741,,0,0,0,0
1613103036735,6,1010123456045,71,,1,0,6,1,1,,15,804,183230,0.748064,229,0,7.5,,0,0,0,0,0,0,0,0,0,,750,729,,0,0,0,0
1613103036985,6,1010123456045,71,,1,0,6,1,1,,17.3472,815,184123,0.868128,233,0,8.83333,,6,30,0,0.1,9,44.4444,0,12.0115,31,,750,750,,0,0,0,4.6
1613103037235,6,1010123456045,71,,1,0,6,1,1,,16.7368,798,184212,0.816832,230,0,8.57143,,0,0,0,0,0,0,0,0,0,,750,732,,0,0,0,0
1613103037485,6,1010123456045,71,,1,0,6,1,1,,16.7339,793,184394,0.79824,225,0,8.5,,0,0,0,0,0,0,0,0,0,,750,720,,0,0,0,0
1613103037735,6,1010123456045,71,,1,0,6,1,1,,16.1339,732,184032,0.721952,209,0,8.5,,0,0,0,0,0,0,0,0,0,,750,672,,0,0,0,0
1613103037985,6,1010123456045,71,,1,0,6,1,1,,16.2075,771,183763,0.76672,224,0,8.33333,,4,45,0,0.1,13,61.5385,0,5.31968,31,,750,714,,0,0,0,6.6
1613103038235,6,1010123456045,71,,1,0,6,1,1,,18,823,183709,0.906048,234,0,9,,0,0,0,0,0,0,0,0,0,,750,750,,0,0,0,0
1613103038485,6,1010123456045,71,,1,0,6,1,1,,17.3471,821,183172,0.868128,233,0,8.83333,,0,0,0,0,0,0,0,0,0,,750,744,,0,0,0,0
1613103038735,6,1010123456045,71,,1,0,6,1,1,,17.2013,800,183499,0.861472,231,0,8.5,,0,0,0,0,0,0,0,0,0,,750,738,,0,0,0,0
1613103038985,6,1010123456045,71,,1,0,6,1,1,,17.5793,794,184351,0.855392,231,0,9,,1.60714,28,0,0.1,8,12.5,0,10.0024,31,,750,738,,0,0,0,2.28571
1613103039235,6,1010123456045,71,,1,0,6,1,1,,18,824,184298,0.906048,234,0,9,,0,0,0,0,0,0,0,0,0,,750,750,,0,0,0,0
1613103039485,6,1010123456045,71,,1,0,6,1,1,,17.2546,754,184070,0.820992,220,0,8.66667,,0,0,0,0,0,0,0,0,0,,750,705,,0,0,0,0
1613103039735,6,1010123456045,71,,1,0,6,1,1,,16.9829,818,184136,0.846144,234,0,8.83333,,0,0,0,0,0,0,0,0,0,,750,747,,0,0,0,0
1613103039985,6,1010123456045,71,,1,0,6,1,1,,16.8573,778,183666,0.819616,229,0,8.5,,15.1875,64,0,0.246304,19,63.1579,0,12.7369,31,,750,738,,0,0,0,6.71875
1613103040235,6,1010123456045,71,,1,0,6,1,1,,16.4072,830,183367,0.822528,236,0,8.57143,,0,0,0,0,0,0,0,0,0,,750,747,,0,0,0,0
1613103040485,6,1010123456045,71,,1,0,6,1,1,,18,824,183312,0.898304,232,0,9,,0,0,0,0,0,0,0,0,0,,750,744,,0,0,0,0
1613103040735,6,1010123456045,71,,1,0,6,1,1,,17.1881,792,184263,0.830944,227,0,8.66667,,0,0,0,0,0,0,0,0,0,,750,720,,0,0,0,0
1613103040985,6,1010123456045,71,,1,0,6,1,1,,16.5154,780,183140,0.7904,225,0,8.33333,,0.1,73,0,0.1,25,64,0,3.05655,31,,750,729,,0,0,0,6.67123
1613103041235,6,1010123456045,71,,1,0,6,1,1,,18,826,184401,0.913792,236,0,9,,0,0,0,0,0,0,0,0,0,,750,750,,0,0,0,0
1613103041485,6,1010123456045,71,,1,0,6,1,1,,18,826,184231,0.898304,232,0,9,,0,0,0,0,0,0,0,0,0,,750,741,,0,0,0,0
1613103041735,6,1010123456045,71,,1,0,6,1,1,,17.3378,823,183833,0.871232,234,0,8.83333,,0,0,0,0,0,0,0,0,0,,750,747,,0,0,0,0
1613103041985,6,1010123456045,71,,1,0,6,1,1,,17.1328,806,184176,0.839552,230,0,8.66667,,5.78571,70,0,0.1,21,57.1429,0,5.0772,31,,750,732,,0,0,0,6.07143
1613103042235,6,1010123456045,71,,1,0,6,1,1,,16.5847,773,183286,0.800224,223,0,8.66667,,0,0,0,0,0,0,0,0,0,,750,708,,0,0,0,0
1613103043485,6,1010123456045,81,,1,0,6,1,1,,16.5444,169,179049,0.23856,41,0,10,,8.03846,52,0,0.1,15,40,0,15.6479,31,,16,255,,0,0,0,4.53846
1613103043735,6,1010123456045,81,,1,0,6,1,1,,18,815,183406,0.913664,232,0,9,,4.70588,51,0,0.1,14,85.7143,0,2.7279,0,,747,738,,0,0,0,8.76471
1613103043985,6,1010123456045,81,,1,0,6,1,1,,18.6861,771,184041,0.929792,224,0,9.33333,,2.13333,30,0,0.1,8,25,0,10.6254,31,,750,717,,0,0,0,3.4
1613103044235,6,1010123456045,81,,1,0,6,1,1,,18.8347,744,184096,0.883712,212,0,9.57143,,0,0,0,0,0,0,0,0,0,,750,678,,0,0,0,0
1613103044485,6,1010123456045,81,,1,0,6,1,1,,18.5444,823,183841,0.961536,232,0,9,,0,0,0,0,0,0,0,0,0,,750,747,,0,0,0,0
1613103044735,6,1010123456045,81,,1,0,6,1,1,,18,816,183788,0.906048,234,0,9,,0,0,0,0,0,0,0,0,0,,750,741,,0,0,0,0
1613103044985,6,1010123456045,81,,1,0,6,1,1,,15.0705,808,183377,0.726208,230,0,7.83333,,13.1538,26,0,0.1,7,57.1429,0,12.8247,31,,750,741,,0,0,0,6.53846
1613103045235,6,1010123456045,81,,1,0,6,1,1,,19.0026,781,183920,1.0008,227,0,8.57143,,0,0,0,0,0,0,0,0,0,,750,711,,0,0,0,0
1613103045485,6,1010123456045,81,,1,0,6,1,1,,15.8943,804,183382,0.81344,230,0,9,,0,0,0,0,0,0,0,0,0,,750,735,,0,0,0,0
1613103045735,6,1010123456045,81,,1,0,6,1,1,,15.9245,808,184363,0.779776,234,0,8.33333,,0,0,0,0,0,0,0,0,0,,750,750,,0,0,0,0
1613103045985,6,1010123456045,81,,1,0,6,1,1,,16.8336,733,183406,0.777152,218,0,8.8,,0.541667,72,0,0.1,21,19.0476,0,4.67902,31,,750,699,,0,0,0,2.95833
1613103046235,6,1010123456045,81,,1,0,6,1,1,,16.6597,770,183666,0.868448,223,0,8.28571,,0,0,0,0,0,0,0,0,0,,750,705,,0,0,0,0
1613103046485,6,1010123456045,81,,1,0,6,1,1,,15.3764,813,182814,0.849376,233,0,8.83333,,0,0,0,0,0,0,0,0,0,,750,735,,0,0,0,0
1613103046735,6,1010123456045,81,,1,0,6,1,1,,16.5569,808,183595,0.850944,232,0,8.33333,,0,0,0,0,0,0,0,0,0,,750,741,,0,0,0,0
1613103046985,6,1010123456045,81,,1,0,6,1,1,,18.2654,795,183149,0.901632,228,0,9.16667,,9.11765,51,0,0.1,14,64.2857,0,7.70074,31,,750,717,,0,0,0,7
1613103047235,6,1010123456045,81,,1,0,6,1,1,,16.875,816,184128,0.880448,234,0,8.71429,,0,0,0,0,0,0,0,0,0,,750,750,,0,0,0,0
1613103047485,6,1010123456045,81,,1,0,6,1,1,,17.3155,786,183579,0.884256,225,0,9,,0,0,0,0,0,0,0,0,0,,750,699,,0,0,0,0
1613103047735,6,1010123456045,81,,1,0,6,1,1,,12.8865,696,183636,0.533152,197,0,7,,0,0,0,0,0,0,0,0,0,,750,624,,0,0,0,0
1613103047985,6,1010123456045,81,,1,0,6,1,1,,15.1025,771,183597,0.694784,216,0,7.66667,,0,15,0,0.1,5,80,0,0,31,,750,690,,0,0,0,0
1613103048235,6,1010123456045,81,,1,0,6,1,1,,16.5136,810,184322,0.838976,234,0,8.57143,,0,0,0,0,0,0,0,0,0,,750,738,,0,0,0,0
1613103048485,6,1010123456045,81,,1,0,6,1,1,,11.4817,712,183874,0.496384,206,0,6.33333,,0.1,7,0,0.1,2,0,0,1.48269,31,,750,657,,0,0,0,1.57143
1613103048735,6,1010123456045,81,,1,0,6,1,1,,15.8858,788,184115,0.754528,227,0,8.16667,,0,0,0,0,0,0,0,0,0,,753,726,,0,0,0,0
1613103048985,6,1010123456045,81,,1,0,6,1,1,,16.0514,759,183802,0.721024,214,0,8.33333,,1.8,25,0,0.1,7,0,0,8.86569,31,,747,678,,0,0,0,1
1613103049235,6,1010123456045,81,,1,0,6,1,1,,15.8165,801,184533,0.796512,232,0,8.42857,,0,0,0,0,0,0,0,0,0,,750,735,,0,0,0,0
1613103049485,6,1010123456045,81,,1,0,6,1,1,,14.967,787,183700,0.737792,226,0,8,,0,0,0,0,0,0,0,0,0,,750,711,,0,0,0,0
1613103049735,6,1010123456045,81,,1,0,6,1,1,,11.8153,796,184204,0.701856,230,0,7.4,,0,0,0,0,0,0,0,0,0,,750,738,,0,0,0,0
1613103049985,6,1010123456045,81,,1,0,6,1,1,,18.3113,787,183287,0.927104,232,0,9.2,,13.5,14,0,0.1,5,60,0,18.2543,31,,744,744,,0,0,0,5.5
1613103050235,6,1010123456045,81,,1,0,6,1,1,,15.1556,810,183160,0.770848,233,0,7.66667,,0,3,0,0,1,100,0,0,0,,756,744,,0,0,0,0
1613103050485,6,1010123456045,81,,1,0,6,1,1,,20.0709,790,184435,1.08656,227,0,10.1667,,0,0,0,0,0,0,0,0,0,,750,723,,0,0,0,0
1613103050735,6,1010123456045,81,,1,0,6,1,1,,14.7258,722,183765,0.686016,210,0,8,,0,0,0,0,0,0,0,0,0,,750,666,,0,0,0,0
1613103050985,6,1010123456045,81,,1,0,6,1,1,,14.1941,778,183796,0.674944,225,0,7.5,,3.40625,64,0,0.1,19,52.6316,0,5.22045,31,,750,717,,0,0,0,6.15625
1613103051235,6,1010123456045,81,,1,0,6,1,1,,15.2966,799,183551,0.774496,233,0,7.85714,,0,0,0,0,0,0,0,0,0,,750,738,,0,0,0,0
1613103051485,6,1010123456045,81,,1,0,6,1,1,,15.1489,799,183487,0.718592,228,0,8,,0,0,0,0,0,0,0,0,0,,750,726,,0,0,0,0
1613103051735,6,1010123456045,81,,1,0,6,1,1,,15.7656,819,184193,0.79264,234,0,8.16667,,0,0,0,0,0,0,0,0,0,,750,744,,0,0,0,0
1613103051985,6,1010123456045,81,,1,0,6,1,1,,13.1652,823,183559,0.659488,232,0,7.8,,0,0,0,0,0,0,0,0,0,,750,747,,0,0,0,0
1613103052235,6,1010123456045,81,,1,0,6,1,1,,13.2695,809,183351,0.766496,236,0,7,,15.2184,87,0,0.243968,28,78.5714,0,7.18442,31,,750,750,,0,0,0,7.93103
1613103052485,6,1010123456045,81,,1,0,6,1,1,,17.7642,721,183703,0.834144,203,0,9.6,,0,0,0,0,0,0,0,0,0,,750,645,,0,0,0,0
1613103052735,6,1010123456045,81,,1,0,6,1,1,,17.2366,803,183480,0.860352,230,0,9.16667,,0,0,0,0,0,0,0,0,0,,750,717,,0,0,0,0
1613103052985,6,1010123456045,81,,1,0,6,1,1,,17.4177,802,184576,0.856864,227,0,8.83333,,0,0,0,0,0,0,0,0,0,,753,741,,0,0,0,0
1613103053235,6,1010123456045,81,,1,0,6,1,1,,18,821,184523,0.90992,235,0,9,,0,0,0,0,0,0,0,0,0,,750,744,,0,0,0,0
1613103053485,6,1010123456045,81,,1,0,6,1,1,,12.3158,817,184200,0.628128,231,0,6.16667,,4.28571,42,0,0.1,13,69.2308,0,5.47825,31,,747,738,,0,0,0,7.09524
1613103053735,6,1010123456045,81,,1,0,6,1,1,,16.2747,779,183810,0.782816,223,0,8.33333,,0,0,0,0,0,0,0,0,0,,750,711,,0,0,0,0
1613103053985,6,1010123456045,81,,1,0,6,1,1,,17.0275,799,183808,0.84736,234,0,8.66667,,11.2045,44,0,0.1,14,35.7143,0,14.1515,31,,753,750,,0,0,0,4.47727
1613103054235,6,1010123456045,81,,1,0,6,1,1,,11.748,738,183554,0.55632,215,0,5.85714,,0,0,0,0,0,0,0,0,0,,747,675,,0,0,0,0
1613103054485,6,1010123456045,81,,1,0,6,1,1,,11.899,822,184484,0.608608,235,0,5,,0,0,0,0,0,0,0,0,0,,750,750,,0,0,0,0
1613103054735,6,1010123456045,81,,1,0,6,1,1,,16.2267,750,184328,0.787648,218,0,9.16667,,0,0,0,0,0,0,0,0,0,,753,699,,0,0,0,0
1613103054985,6,1010123456045,81,,1,0,6,1,1,,15.8295,827,184283,0.823104,234,0,8.16667,,15,15,0,0,4,100,0,1.58254,0,,747,744,,0,0,0,10
1613103055235,6,1010123456045,81,,1,0,6,1,1,,9.14863,767,184442,0.427872,223,0,6.14286,,0,0,0,0,0,0,0,0,0,,750,702,,0,0,0,0
1613103055485,6,1010123456045,81,,1,0,6,1,1,,16.5529,680,183592,0.696672,197,0,8.33333,,5.6,45,0,0.1,13,69.2308,0,6.49028,31,,750,630,,0,0,0,7.2
1613103055735,6,1010123456045,81,,1,0,6,1,1,,16.3159,763,183157,0.780608,220,0,8.66667,,0,0,0,0,0,0,0,0,0,,750,705,,0,0,0,0
1613103055985,6,1010123456045,81,,1,0,6,1,1,,15.4194,782,183630,0.779904,230,0,8,,7.28302,53,0,0.1,15,26.6667,0,16.7326,31,,750,738,,0,0,0,3.60377
1613103056235,6,1010123456045,81,,1,0,6,1,1,,19.715,765,183909,1.07949,222,0,10,,0,0,0,0,0,0,0,0,0,,750,696,,0,0,0,0
1613103056485,6,1010123456045,81,,1,0,6,1,1,,15.5777,798,183937,0.758944,229,0,8,,0,0,0,0,0,0,0,0,0,,750,735,,0,0,0,0
1613103056735,6,1010123456045,81,,1,0,6,1,1,,20.6939,784,184398,1.17366,229,0,10.5,,0,0,0,0,0,0,0,0,0,,753,723,,0,0,0,0
1613103056985,6,1010123456045,81,,1,0,6,1,1,,16.727,729,184571,0.74304,208,0,8.66667,,6.73171,41,0,0.1,11,45.4545,0,10.3342,31,,747,666,,0,0,0,5.4878
1613103057235,6,1010123456045,81,,1,0,6,1,1,,18.0838,752,184501,0.913792,216,0,9.42857,,0,0,0,0,0,0,0,0,0,,750,681,,0,0,0,0
1613103057485,6,1010123456045,81,,1,0,6,1,1,,16.1791,793,183654,0.78432,226,0,9,,0,0,0,0,0,0,0,0,0,,750,723,,0,0,0,0
1613103057735,6,1010123456045,81,,1,0,6,1,1,,15.1617,773,183582,0.868768,225,0,7.5,,0,0,0,0,0,0,0,0,0,,750,714,,0,0,0,0
1613103057985,6,1010123456045,81,,1,0,6,1,1,,19.805,523,183367,0.744736,159,0,11.2,,7.45909,220,0,0.1,79,93.6709,0,1.48481,31,,750,498,,0,0,0,9.45455
1613103058235,6,1010123456045,81,,1,0,6,1,1,,16.7689,809,184337,0.830816,231,0,8.66667,,0,0,0,0,0,0,0,0,0,,750,735,,0,0,0,0
1613103058485,6,1010123456045,81,,1,0,6,1,1,,15.6793,817,183591,0.8264,233,0,8,,0,0,0,0,0,0,0,0,0,,750,747,,0,0,0,0
1613103058735,6,1010123456045,81,,1,0,6,1,1,,18.1851,767,183586,0.905088,220,0,9.33333,,0,0,0,0,0,0,0,0,0,,750,693,,0,0,0,0
1613103058985,6,1010123456045,81,,1,0,6,1,1,,18,811,183414,0.902176,233,0,9,,7.52632,57,0,0.1,17,47.0588,0,6.03141,31,,750,741,,0,0,0,5.42105
1613103059235,6,1010123456045,81,,1,0,6,1,1,,14.3165,793,183806,0.713888,227,0,7.57143,,0,0,0,0,0,0,0,0,0,,750,723,,0,0,0,0
1613103059485,6,1010123456045,81,,1,0,6,1,1,,14.6428,823,183915,0.718176,233,0,7.83333,,0,0,0,0,0,0,0,0,0,,750,747,,0,0,0,0
1613103059735,6,1010123456045,81,,1,0,6,1,1,,15.5012,826,183237,0.799712,235,0,7.66667,,0,0,0,0,0,0,0,0,0,,750,744,,0,0,0,0
1613103059985,6,1010123456045,81,,1,0,6,1,1,,17,810,183701,0.809856,228,0,9,,0,0,0,0,0,0,0,0,0,,750,726,,0,0,0,0
1613103060235,6,1010123456045,81,,1,0,6,1,1,,16.3647,798,183930,0.801728,228,0,8.71429,,0,0,0,0,0,0,0,0,0,,750,723,,0,0,0,0
1613103060485,6,1010123456045,81,,1,0,6,1,1,,16.9496,793,184340,0.871264,227,0,7.66667,,1.28571,35,0,0.1,10,20,0,6.62299,31,,750,732,,0,0,0,2.8
1613103060735,6,1010123456045,81,,1,0,6,1,1,,15.8278,819,183932,0.779712,236,0,9,,0,0,0,0,0,0,0,0,0,,750,750,,0,0,0,0
1613103060985,6,1010123456045,81,,1,0,6,1,1,,17.3793,783,183257,0.902336,226,0,8.83333,,0.1,16,84,0.1,4,75,0,0.462748,31,,750,714,,0,0,0,8.25
1613103061235,6,1010123456045,81,,1,0,6,1,1,,18,776,184491,0.855712,221,0,9,,0.1,72,0,0.1,21,66.6667,0,0.90511,0,,750,714,,0,0,0,6.93056
1613103061485,6,1010123456045,81,,1,0,6,1,1,,16.1067,787,184638,0.825248,229,0,7.33333,,0,0,0,0,0,0,0,0,0,,750,738,,0,0,0,0
1613103061735,6,1010123456045,81,,1,0,6,1,1,,13.3018,782,184139,0.621888,230,0,8,,0,0,0,0,0,0,0,0,0,,750,738,,0,0,0,0
1613103061985,6,1010123456045,81,,1,0,6,1,1,,15.0516,795,183294,0.733568,228,0,7.66667,,0,0,0,0,0,0,0,0,0,,750,729,,0,0,0,0
1613103062235,6,1010123456045,81,,1,0,6,1,1,,13.7281,809,184549,0.697056,233,0,7.16667,,2.85714,63,0,0.1,18,44.4444,0,5.67776,31,,750,741,,0,0,0,5
1613103062485,6,1010123456045,81,,1,0,6,1,1,,13.1391,769,183505,0.643392,220,0,6.75,,0,0,0,0,0,0,0,0,0,,750,705,,0,0,0,0
1613103062735,6,1010123456045,81,,1,0,6,1,1,,13.7517,741,184296,0.59728,210,0,7.6,,0,0,0,0,0,0,0,0,0,,750,669,,0,0,0,0
1613103062985,6,1010123456045,81,,1,0,6,1,1,,16.1535,808,183713,0.77728,228,0,8.2,,0.1,33,0,0.1,9,11.1111,0,3.62181,31,,753,732,,0,0,0,2.09091
1613103063235,6,1010123456045,81,,1,0,6,1,1,,15.7788,746,184166,0.705792,214,0,8.16667,,0,0,0,0,0,0,0,0,0,,750,672,,0,0,0,0
1613103063485,6,1010123456045,81,,1,0,6,1,1,,15.0167,779,183088,0.715712,225,0,8.33333,,0,0,0,0,0,0,0,0,0,,747,720,,0,0,0,0
1613103063735,6,1010123456045,81,,1,0,6,1,1,,14.5509,766,183833,0.791392,223,0,6.5,,0,0,0,0,0,0,0,0,0,,750,699,,0,0,0,0
1613103063985,6,1010123456045,81,,1,0,6,1,1,,16.4994,775,184649,0.757888,220,0,8.4,,4.3,50,0,0.1,15,46.6667,0,8.5851,31,,750,714,,0,0,0,5.5
1613103064235,6,1010123456045,81,,1,0,6,1,1,,14.816,750,183420,0.716352,220,0,7.85714,,0,0,0,0,0,0,0,0,0,,750,699,,0,0,0,0
1613103064485,6,1010123456045,81,,1,0,6,1,1,,16.2348,792,184117,0.778496,228,0,8.33333,,0,0,0,0,0,0,0,0,0,,750,732,,0,0,0,0
1613103064735,6,1010123456045,81,,1,0,6,1,1,,14.3181,808,184441,0.710688,234,0,7.8,,0,0,0,0,0,0,0,0,0,,750,729,,0,0,0,0
1613103064985,6,1010123456045,81,,1,0,6,1,1,,15.8697,806,183930,0.77504,229,0,8.16667,,15.7895,19,0,0.1,6,66.6667,0,18.3442,31,,750,738,,0,0,0,6.68421
1613103065235,6,1010123456045,81,,1,0,6,1,1,,13.9899,793,183596,0.69664,230,0,7.33333,,0,0,0,0,0,0,0,0,0,,750,717,,0,0,0,0
1613103065485,6,1010123456045,81,,1,0,6,1,1,,16.1823,812,183634,0.792256,230,0,8.33333,,0,0,0,0,0,0,0,0,0,,750,741,,0,0,0,0
1613103065735,6,1010123456045,81,,1,0,6,1,1,,17.4185,810,183432,0.864608,231,0,8.8,,0,0,0,0,0,0,0,0,0,,750,738,,0,0,0,0
1613103065985,6,1010123456045,81,,1,0,6,1,1,,17.4981,807,183483,0.896448,234,0,8.83333,,7.71429,35,0,0.1,10,40,0,6.10685,31,,750,747,,0,0,0,4.85714
1613103066235,6,1010123456045,81,,1,0,6,1,1,,17.1722,807,183409,0.872,234,0,8.42857,,0,0,0,0,0,0,0,0,0,,750,750,,0,0,0,0
1613103066485,6,1010123456045,81,,1,0,6,1,1,,17.6234,802,183586,0.88464,231,0,9.33333,,0,0,0,0,0,0,0,0,0,,750,735,,0,0,0,0
1613103066735,6,1010123456045,81,,1,0,6,1,1,,16.8276,812,183130,0.823136,231,0,8.5,,0,0,0,0,0,0,0,0,0,,750,741,,0,0,0,0
1613103066985,6,1010123456045,81,,1,0,6,1,1,,15.0175,798,184357,0.7192,227,0,7.6,,7.25806,31,0,0.1,9,44.4444,0,7.74288,31,,750,726,,0,0,0,5.35484
1613103067235,6,1010123456045,81,,1,0,6,1,1,,14.5586,793,184132,0.728832,230,0,8,,0,0,0,0,0,0,0,0,0,,750,729,,0,0,0,0
1613103067485,6,1010123456045,81,,1,0,6,1,1,,16.8625,778,183095,0.817504,225,0,9.33333,,0,0,0,0,0,0,0,0,0,,750,711,,0,0,0,0
1613103067735,6,1010123456045,81,,1,0,6,1,1,,18.505,796,182597,0.999072,229,0,9.66667,,0,0,0,0,0,0,0,0,0,,750,729,,0,0,0,0
1613103067985,6,1010123456045,81,,1,0,6,1,1,,16.7049,803,184072,0.88448,230,0,8.33333,,1.92,25,0,0.1,7,0,0,11.5516,31,,750,738,,0,0,0,1
1613103068235,6,1010123456045,81,,1,0,6,1,1,,11.9617,783,184250,0.586208,227,0,6.71429,,0,0,0,0,0,0,0,0,0,,750,717,,0,0,0,0
1613103068485,6,1010123456045,81,,1,0,6,1,1,,12.9975,801,184233,0.641664,228,0,6.66667,,0,0,0,0,0,0,0,0,0,,750,732,,0,0,0,0
1613103068735,6,1010123456045,81,,1,0,6,1,1,,11.186,801,183563,0.548864,232,0,6.66667,,0,0,0,0,0,0,0,0,0,,750,735,,0,0,0,0
1613103068985,6,1010123456045,81,,1,0,6,1,1,,16.1899,790,183981,0.77232,231,0,8.5,,8.86364,22,0,0.1,7,57.1429,0,2.73725,31,,750,744,,0,0,0,6.72727
1613103069235,6,1010123456045,81,,1,0,6,1,1,,18.0705,808,183697,0.90992,235,0,9.28571,,0,0,0,0,0,0,0,0,0,,750,747,,0,0,0,0
1613103069485,6,1010123456045,81,,1,0,6,1,1,,16.7413,804,184119,0.96768,232,0,8.83333,,0,0,0,0,0,0,0,0,0,,750,741,,0,0,0,0
1613103069735,6,1010123456045,81,,1,0,6,1,1,,17.0806,720,183881,0.790912,204,0,8.5,,0,0,0,0,0,0,0,0,0,,753,663,,0,0,0,0
1613103069985,6,1010123456045,81,,1,0,6,1,1,,18.7559,807,184291,1.01562,230,0,9.66667,,6,30,0,0.1,9,44.4444,0,5.29738,31,,747,729,,0,0,0,4.6
1613103070235,6,1010123456045,81,,1,0,6,1,1,,14.3595,790,184027,0.708512,227,0,6.71429,,0,0,0,0,0,0,0,0,0,,750,714,,0,0,0,0
1613103070485,6,1010123456045,81,,1,0,6,1,1,,15.28,818,183206,0.760544,229,0,9,,0,0,0,0,0,0,0,0,0,,750,732,,0,0,0,0
1613103070735,6,1010123456045,81,,1,0,6,1,1,,19.3049,820,183535,1.01536,234,0,9.83333,,0,0,0,0,0,0,0,0,0,,747,747,,0,0,0,0
1613103070985,6,1010123456045,81,,1,0,6,1,1,,13.9223,734,184461,0.715904,212,0,7,,0.1,38,0,0.1,11,18.1818,0,4.43064,31,,753,669,,0,0,0,2.65789
1613103071235,6,1010123456045,81,,1,0,6,1,1,,14.2834,801,184250,0.713472,234,0,7.71429,,0,0,0,0,0,0,0,0,0,,747,747,,0,0,0,0
1613103071485,6,1010123456045,81,,1,0,6,1,1,,14.1647,686,183378,0.593472,196,0,7.5,,0,0,0,0,0,0,0,0,0,,750,621,,0,0,0,0
1613103071735,6,1010123456045,81,,1,0,6,1,1,,16.9862,797,184548,0.873408,230,0,8.66667,,0,0,0,0,0,0,0,0,0,,750,720,,0,0,0,0
1613103071985,6,1010123456045,81,,1,0,6,1,1,,17.8793,704,184504,0.803296,203,0,9.5,,0,12,0,0,4,100,0,0,0,,750,657,,0,0,0,0
1613103072235,6,1010123456045,81,,1,0,6,1,1,,12.4837,796,184276,0.593632,227,0,6.85714,,0,0,0,0,0,0,0,0,0,,750,720,,0,0,0,0
1613103072485,6,1010123456045,81,,1,0,6,1,1,,14.7132,802,184297,0.71648,226,0,7.66667,,0.1,7,0,0.1,2,0,0,2.5676,31,,750,720,,0,0,0,1
1613103072735,6,1010123456045,81,,1,0,6,1,1,,16.1909,744,183196,0.746656,215,0,8,,0,0,0,0,0,0,0,0,0,,747,675,,0,0,0,0
1613103072985,6,1010123456045,81,,1,0,6,1,1,,13.7466,734,183909,0.603296,211,0,7.8,,0,13,0,0.1,5,80,0,0,31,,750,675,,0,0,0,0
1613103073235,6,1010123456045,81,,1,0,6,1,1,,15.0726,771,183274,0.785536,224,0,8.28571,,10.5,16,0,0.1,5,80,0,9.54923,31,,753,705,,0,0,0,7.75
1613103073485,6,1010123456045,81,,1,0,6,1,1,,16.0477,775,183318,0.751328,221,0,8.33333,,4.69565,23,0,0.1,7,57.1429,0,7.10591,0,,747,708,,0,0,0,5.69565
1613103073735,6,1010123456045,81,,1,0,6,1,1,,14.8994,815,184262,0.736544,233,0,8,,0,0,0,0,0,0,0,0,0,,750,747,,0,0,0,0
1613103073985,6,1010123456045,81,,1,0,6,1,1,,17.0212,801,183599,0.825664,228,0,8.66667,,7.7,60,0,0.1,17,47.0588,0,8.44454,31,,750,723,,0,0,0,5.8
1613103074235,6,1010123456045,81,,1,0,6,1,1,,12.1866,745,183811,0.582368,219,0,7.14286,,0,0,0,0,0,0,0,0,0,,753,693,,0,0,0,0
1613103074485,6,1010123456045,81,,1,0,6,1,1,,16.9962,799,183760,0.865088,230,0,8.33333,,0,0,0,0,0,0,0,0,0,,747,732,,0,0,0,0
1613103074735,6,1010123456045,81,,1,0,6,1,1,,13.4752,806,183315,0.624192,232,0,7.5,,0,0,0,0,0,0,0,0,0,,750,747,,0,0,0,0
1613103074985,6,1010123456045,81,,1,0,6,1,1,,13.4156,823,184510,0.675264,234,0,7,,1.54839,31,0,0.1,9,11.1111,0,6.41213,31,,750,747,,0,0,0,2.25806
1613103075235,6,1010123456045,81,,1,0,6,1,1,,16.8059,778,184255,0.83232,228,0,8.28571,,0,0,0,0,0,0,0,0,0,,750,729,,0,0,0,0
1613103075485,6,1010123456045,81,,1,0,6,1,1,,15.8651,793,184336,0.748768,229,0,8.5,,0,0,0,0,0,0,0,0,0,,750,732,,0,0,0,0
1613103075735,6,1010123456045,81,,1,0,6,1,1,,18.3444,813,183997,1.00422,234,0,9.4,,0,0,0,0,0,0,0,0,0,,750,741,,0,0,0,0
1613103075985,6,1010123456045,81,,1,0,6,1,1,,14.7176,726,183631,0.630368,209,0,7.83333,,15.8696,23,0,0.1,6,66.6667,0,17.2491,31,,750,675,,0,0,0,7.26087
1613103076235,6,1010123456045,81,,1,0,6,1,1,,11.5109,826,183849,0.576736,235,0,7,,0,0,0,0,0,0,0,0,0,,750,747,,0,0,0,0
1613103076485,6,1010123456045,81,,1,0,6,1,1,,16.192,823,184224,0.79296,232,0,8.2,,0,0,0,0,0,0,0,0,0,,750,744,,0,0,0,0
1613103076735,6,1010123456045,81,,1,0,6,1,1,,15.0561,820,183523,0.743584,235,0,7.83333,,0,0,0,0,0,0,0,0,0,,750,741,,0,0,0,0
1613103076985,6,1010123456045,81,,1,0,6,1,1,,14.4219,768,184212,0.689984,222,0,7,,5.35714,42,0,0.1,12,41.6667,0,1.61812,31,,750,711,,0,0,0,5.42857
1613103077235,6,1010123456045,81,,1,0,6,1,1,,18.3591,802,184257,0.963616,229,0,9,,0,0,0,0,0,0,0,0,0,,750,720,,0,0,0,0
1613103077485,6,1010123456045,81,,1,0,6,1,1,,17.9081,816,183254,0.92976,229,0,9.33333,,0,0,0,0,0,0,0,0,0,,750,738,,0,0,0,0
1613103077735,6,1010123456045,81,,1,0,6,1,1,,16.9788,803,183755,0.830592,228,0,9,,0,0,0,0,0,0,0,0,0,,747,726,,0,0,0,0
1613103077985,6,1010123456045,81,,1,0,6,1,1,,17.2383,768,183437,0.81824,220,0,8.83333,,0.1,36,0,0.1,10,0,0,1.9245,31,,750,681,,0,0,0,1.58333
1613103078235,6,1010123456045,81,,1,0,6,1,1,,16.8568,817,183506,0.854048,229,0,8.71429,,0,0,0,0,0,0,0,0,0,,750,744,,0,0,0,0
1613103078485,6,1010123456045,81,,1,0,6,1,1,,13.5632,815,183571,0.671424,230,0,7,,0,0,0,0,0,0,0,0,0,,750,735,,0,0,0,0
1613103078735,6,1010123456045,81,,1,0,6,1,1,,16.9346,780,183808,0.854816,227,0,8.83333,,0,0,0,0,0,0,0,0,0,,750,723,,0,0,0,0
1613103078985,6,1010123456045,81,,1,0,6,1,1,,14.2928,789,183725,0.680416,227,0,7.4,,4.62222,45,0,0.1,13,46.1538,0,6.23009,31,,750,717,,0,0,0,5
1613103079235,6,1010123456045,81,,1,0,6,1,1,,16.1305,812,184279,0.7728,230,0,9,,0,0,0,0,0,0,0,0,0,,750,741,,0,0,0,0
1613103079485,6,1010123456045,81,,1,0,6,1,1,,16.6831,773,183377,0.804736,222,0,8.16667,,0,0,0,0,0,0,0,0,0,,750,711,,0,0,0,0
1613103079735,6,1010123456045,81,,1,0,6,1,1,,17.4982,815,183608,0.94144,234,0,9.8,,0,0,0,0,0,0,0,0,0,,750,744,,0,0,0,0
1613103079985,6,1010123456045,81,,1,0,6,1,1,,14.6291,763,183828,0.757888,224,0,8,,14.4943,87,0,0.261696,27,74.0741,0,7.12506,31,,750,711,,0,0,0,7.62069
1613103080235,6,1010123456045,81,,1,0,6,1,1,,14.9817,819,183719,0.751264,233,0,7.71429,,0,0,0,0,0,0,0,0,0,,750,750,,0,0,0,0
1613103080485,6,1010123456045,81,,1,0,6,1,1,,18.0603,796,184180,0.88784,229,0,9.8,,0,0,0,0,0,0,0,0,0,,753,738,,0,0,0,0
1613103080735,6,1010123456045,81,,1,0,6,1,1,,18.2422,801,183818,1.00211,232,0,8.83333,,0,0,0,0,0,0,0,0,0,,747,732,,0,0,0,0
1613103080985,6,1010123456045,81,,1,0,6,1,1,,15.854,808,183662,0.764,231,0,8.16667,,4.68293,41,0,0.1,13,38.4615,0,3.96673,31,,750,738,,0,0,0,4.4878
1613103081235,6,1010123456045,81,,1,0,6,1,1,,17.0802,798,184131,0.939616,231,0,9.14286,,0,0,0,0,0,0,0,0,0,,750,735,,0,0,0,0
1613103081485,6,1010123456045,81,,1,0,6,1,1,,16.7186,803,183358,0.87392,230,0,8.83333,,0,0,0,0,0,0,0,0,0,,750,735,,0,0,0,0
1613103081735,6,1010123456045,81,,1,0,6,1,1,,19.146,781,183750,0.984768,226,0,9.66667,,0,0,0,0,0,0,0,0,0,,750,714,,0,0,0,0
1613103081985,6,1010123456045,81,,1,0,6,1,1,,16.9852,741,184202,0.788832,219,0,8.5,,13.5349,86,0,0.1,26,80.7692,0,4.99455,31,,750,702,,0,0,0,8.39535
1613103082235,6,1010123456045,81,,1,0,6,1,1,,14.8747,806,183796,0.779712,234,0,8.14286,,0,0,0,0,0,0,0,0,0,,750,744,,0,0,0,0
1613103082485,6,1010123456045,81,,1,0,6,1,1,,18.706,745,183960,0.898912,211,0,9.5,,0,0,0,0,0,0,0,0,0,,750,678,,0,0,0,0
1613103082735,6,1010123456045,81,,1,0,6,1,1,,16.8513,814,183430,0.835488,231,0,8.5,,0,0,0,0,0,0,0,0,0,,750,732,,0,0,0,0
1613103082985,6,1010123456045,81,,1,0,6,1,1,,15.7868,788,183629,0.738496,225,0,8.33333,,4.36364,44,0,0.1,13,46.1538,0,5.06582,31,,750,720,,0,0,0,5.09091
1613103083235,6,1010123456045,81,,1,0,6,1,1,,15.6466,747,183985,0.809056,215,0,8.71429,,0,0,0,0,0,0,0,0,0,,750,681,,0,0,0,0
1613103083485,6,1010123456045,81,,1,0,6,1,1,,18.0013,785,183096,0.966368,229,0,9.33333,,0,0,0,0,0,0,0,0,0,,750,738,,0,0,0,0
1613103083735,6,1010123456045,81,,1,0,6,1,1,,18.6717,801,183865,0.969056,227,0,9.6,,0,0,0,0,0,0,0,0,0,,750,714,,0,0,0,0
1613103083985,6,1010123456045,81,,1,0,6,1,1,,16.939,770,184251,0.937824,227,0,9.16667,,14.619,84,0,0.187712,25,76,0,7.98115,31,,750,729,,0,0,0,7.75
1613103084235,6,1010123456045,81,,1,0,6,1,1,,17.7866,806,183722,0.876832,229,0,8.71429,,0,0,0,0,0,0,0,0,0,,750,723,,0,0,0,0
1613103084485,6,1010123456045,81,,1,0,6,1,1,,15.4485,816,183869,0.746048,230,0,8.5,,0,0,0,0,0,0,0,0,0,,750,726,,0,0,0,0
1613103084735,6,1010123456045,81,,1,0,6,1,1,,16.7045,741,184332,0.749184,212,0,8.5,,0,0,0,0,0,0,0,0,0,,750,660,,0,0,0,0
1613103084985,6,1010123456045,81,,1,0,6,1,1,,13.2889,796,184169,0.65504,224,0,6.66667,,0.1,71,0,0.1,21,33.3333,0,5.00833,31,,750,723,,0,0,0,4.4507
1613103085235,6,1010123456045,81,,1,0,6,1,1,,14.5417,792,183922,0.673472,228,0,7.42857,,0,0,0,0,0,0,0,0,0,,750,717,,0,0,0,0
1613103085485,6,1010123456045,81,,1,0,6,1,1,,13.0842,796,183445,0.615616,224,0,7.66667,,0,0,0,0,0,0,0,0,0,,750,723,,0,0,0,0
1613103085735,6,1010123456045,81,,1,0,6,1,1,,16.2215,790,184422,0.780608,228,0,8.33333,,0,0,0,0,0,0,0,0,0,,750,732,,0,0,0,0
1613103085985,6,1010123456045,81,,1,0,6,1,1,,16.4693,797,184328,0.80784,231,0,8.5,,6,40,0,0.1,11,63.6364,0,9.07701,31,,750,738,,0,0,0,7.075
1613103086235,6,1010123456045,81,,1,0,6,1,1,,14.8808,797,184357,0.734912,230,0,7.57143,,0.1,8,0,0,2,100,0,0.896185,0,,750,735,,0,0,0,10
1613103086485,6,1010123456045,81,,1,0,6,1,1,,15.6907,805,184433,0.761184,227,0,8.33333,,0,0,0,0,0,0,0,0,0,,750,720,,0,0,0,0
1613103086735,6,1010123456045,81,,1,0,6,1,1,,15.492,813,184225,0.753888,231,0,8.5,,0,0,0,0,0,0,0,0,0,,750,738,,0,0,0,0
1613103086985,6,1010123456045,81,,1,0,6,1,1,,15.649,772,183518,0.738368,222,0,8.16667,,4.77273,44,0,0.1,12,66.6667,0,5.43792,31,,750,705,,0,0,0,7.13636
1613103087235,6,1010123456045,81,,1,0,6,1,1,,15.7031,795,184216,0.739712,226,0,8.14286,,0,0,0,0,0,0,0,0,0,,750,723,,0,0,0,0
1613103087485,6,1010123456045,81,,1,0,6,1,1,,16.7939,820,184199,0.874176,232,0,8.16667,,0,0,0,0,0,0,0,0,0,,750,735,,0,0,0,0
1613103087735,6,1010123456045,81,,1,0,6,1,1,,15.8805,812,183720,0.760352,233,0,8.5,,0,0,0,0,0,0,0,0,0,,750,744,,0,0,0,0
1613103087985,6,1010123456045,81,,1,0,6,1,1,,16.8921,769,183471,0.919552,224,0,9,,10.2315,108,0,0.1,32,75,0,6.57403,31,,750,717,,0,0,0,7.65741
1613103088235,6,1010123456045,81,,1,0,6,1,1,,15.5926,810,184151,0.788768,235,0,8,,0,0,0,0,0,0,0,0,0,,750,747,,0,0,0,0
1613103088485,6,1010123456045,81,,1,0,6,1,1,,15.2815,771,183292,0.69696,220,0,8,,0,0,0,0,0,0,0,0,0,,750,708,,0,0,0,0
1613103088735,6,1010123456045,81,,1,0,6,1,1,,14.9926,809,183112,0.758528,230,0,8,,0,0,0,0,0,0,0,0,0,,750,729,,0,0,0,0
1613103088985,6,1010123456045,81,,1,0,6,1,1,,18.6638,815,182974,0.995232,233,0,9.5,,0,0,0,0,0,0,0,0,0,,750,750,,0,0,0,0
1613103089235,6,1010123456045,81,,1,0,6,1,1,,14.1883,802,183666,0.713824,235,0,7.28571,,15.1519,79,0,0.175744,25,80,0,7.44539,31,,750,744,,0,0,0,8.17722
1613103089485,6,1010123456045,81,,1,0,6,1,1,,15.9219,807,183420,0.751872,230,0,8.4,,0,0,0,0,0,0,0,0,0,,750,738,,0,0,0,0
1613103089735,6,1010123456045,81,,1,0,6,1,1,,17.5815,736,183360,0.824032,215,0,8.83333,,0,0,0,0,0,0,0,0,0,,750,678,,0,0,0,0
1613103089985,6,1010123456045,81,,1,0,6,1,1,,19.555,791,183877,1.08202,233,0,10.1667,,5.81633,49,0,0.1,14,28.5714,0,11.117,31,,750,741,,0,0,0,3.93878
1613103090235,6,1010123456045,81,,1,0,6,1,1,,15.2737,749,184345,0.775424,214,0,8,,0,0,0,0,0,0,0,0,0,,750,681,,0,0,0,0
1613103090485,6,1010123456045,81,,1,0,6,1,1,,16.1986,715,183830,0.743584,209,0,7.4,,0,0,0,0,0,0,0,0,0,,750,666,,0,0,0,0
1613103090735,6,1010123456045,81,,1,0,6,1,1,,17.4178,766,183759,0.887584,225,0,9.5,,0,0,0,0,0,0,0,0,0,,750,711,,0,0,0,0
1613103090985,6,1010123456045,81,,1,0,6,1,1,,18.4864,775,183666,0.947424,227,0,9.5,,13.7143,21,0,0.1,6,66.6667,0,17.5276,31,,750,723,,0,0,0,7
1613103091235,6,1010123456045,81,,1,0,6,1,1,,18.0688,785,183554,0.923296,225,0,9.14286,,0,0,0,0,0,0,0,0,0,,750,714,,0,0,0,0
1613103091485,6,1010123456045,81,,1,0,6,1,1,,16.4586,700,184220,0.675776,194,0,8.66667,,0,0,0,0,0,0,0,0,0,,750,627,,0,0,0,0
1613103091735,6,1010123456045,81,,1,0,6,1,1,,14.586,802,183465,0.702496,229,0,7.83333,,0,0,0,0,0,0,0,0,0,,750,714,,0,0,0,0
1613103091985,6,1010123456045,81,,1,0,6,1,1,,18,799,183997,0.8712,225,0,9,,8.63636,33,0,0.1,9,44.4444,0,4.74856,31,,750,729,,0,0,0,5.36364
1613103092235,6,1010123456045,81,,1,0,6,1,1,,16.1962,780,183771,0.781408,227,0,8.28571,,0,0,0,0,0,0,0,0,0,,750,717,,0,0,0,0
1613103092485,6,1010123456045,81,,1,0,6,1,1,,17.5013,794,183536,0.849376,227,0,9,,0,0,0,0,0,0,0,0,0,,750,729,,0,0,0,0
1613103092735,6,1010123456045,81,,1,0,6,1,1,,11.6373,794,183867,0.572448,230,0,6.33333,,0,0,0,0,0,0,0,0,0,,750,732,,0,0,0,0
1613103092985,6,1010123456045,81,,1,0,6,1,1,,18.4346,764,184512,1.03814,228,0,9.5,,15.4639,97,0,0.1,31,90.3226,0,4.54099,31,,750,723,,0,0,0,9.04124
1613103093235,6,1010123456045,81,,1,0,6,1,1,,15.2524,820,184084,0.762368,232,0,8.42857,,0,0,0,0,0,0,0,0,0,,750,741,,0,0,0,0
1613103093485,6,1010123456045,81,,1,0,6,1,1,,16.7537,816,183635,0.822368,229,0,8.5,,0,0,0,0,0,0,0,0,0,,750,729,,0,0,0,0
1613103093735,6,1010123456045,81,,1,0,6,1,1,,13.5825,812,183996,0.703296,232,0,7.33333,,0,0,0,0,0,0,0,0,0,,750,744,,0,0,0,0
1613103093985,6,1010123456045,81,,1,0,6,1,1,,16.8196,765,184424,0.7896,219,0,8.66667,,5.64103,39,0,0.1,12,50,0,7.62036,31,,750,696,,0,0,0,5.33333
1613103094235,6,1010123456045,81,,1,0,6,1,1,,17.5879,774,183727,0.94144,220,0,8.71429,,0,0,0,0,0,0,0,0,0,,750,708,,0,0,0,0
1613103094485,6,1010123456045,81,,1,0,6,1,1,,15.2877,803,183389,0.75536,229,0,9.5,,0,0,0,0,0,0,0,0,0,,750,723,,0,0,0,0
1613103094735,6,1010123456045,81,,1,0,6,1,1,,16.842,810,184224,0.831648,233,0,8.5,,0,0,0,0,0,0,0,0,0,,753,747,,0,0,0,0
1613103094985,6,1010123456045,81,,1,0,6,1,1,,18.049,674,183779,0.819181,201,0,9.6,,0.1,48,0,0.1,13,38.4615,0,2.71859,31,,747,642,,0,0,0,5.8125
1613103095235,6,1010123456045,81,,1,0,6,1,1,,11.7621,824,183488,0.583104,234,0,7,,0,0,0,0,0,0,0,0,0,,750,747,,0,0,0,0
1613103095485,6,1010123456045,81,,1,0,6,1,1,,17.437,826,183933,0.90112,234,0,8.5,,15,16,0,0,4,100,0,1.69115,0,,750,747,,0,0,0,10
1613103095735,6,1010123456045,81,,1,0,6,1,1,,18,796,184231,0.886688,229,0,9,,0,0,0,0,0,0,0,0,0,,750,729,,0,0,0,0
1613103095985,6,1010123456045,81,,1,0,6,1,1,,15.3119,779,183440,0.745856,224,0,8.16667,,4.13793,58,0,0.1,16,75,0,4.52553,31,,750,717,,0,0,0,7.98276
1613103096235,6,1010123456045,81,,1,0,6,1,1,,16.3429,799,184581,0.861472,231,0,8.14286,,0,0,0,0,0,0,0,0,0,,750,735,,0,0,0,0
1613103096485,6,1010123456045,81,,1,0,6,1,1,,13.8442,764,184290,0.62944,220,0,7.16667,,0,0,0,0,0,0,0,0,0,,750,711,,0,0,0,0
1613103096735,6,1010123456045,81,,1,0,6,1,1,,14.8831,830,183923,0.750976,236,0,7.8,,0,0,0,0,0,0,0,0,0,,750,750,,0,0,0,0
1613103096985,6,1010123456045,81,,1,0,6,1,1,,17.3686,784,184531,0.812256,223,0,9,,5.62162,37,0,0.1,11,27.2727,0,6.40352,31,,750,711,,0,0,0,3.62162
1613103097235,6,1010123456045,81,,1,0,6,1,1,,16.0037,805,183862,0.801024,232,0,8,,0,0,0,0,0,0,0,0,0,,750,732,,0,0,0,0
1613103097485,6,1010123456045,81,,1,0,6,1,1,,15.9113,823,183096,0.824928,231,0,9.2,,0,0,0,0,0,0,0,0,0,,750,744,,0,0,0,0
1613103097735,6,1010123456045,81,,1,0,6,1,1,,15.6724,812,184607,0.756608,232,0,8.33333,,0,0,0,0,0,0,0,0,0,,750,741,,0,0,0,0
1613103097985,6,1010123456045,81,,1,0,6,1,1,,14.1259,802,183718,0.724864,230,0,7.16667,,16,16,0,0,4,100,0,3.11511,0,,750,735,,0,0,0,10
1613103098235,6,1010123456045,81,,1,0,6,1,1,,16.7008,782,183187,0.784736,229,0,9.14286,,10.7059,17,0,0.1,5,80,0,7.5381,31,,750,726,,0,0,0,7.88235
1613103098485,6,1010123456045,81,,1,0,6,1,1,,14.1842,809,184023,0.76384,234,0,7,,0.1,10,0,0.1,3,0,0,10.2736,0,,750,741,,0,0,0,1
1613103098735,6,1010123456045,81,,1,0,6,1,1,,16.2464,767,183398,0.777984,222,0,8.66667,,0,0,0,0,0,0,0,0,0,,750,702,,0,0,0,0
1613103098985,6,1010123456045,81,,1,0,6,1,1,,14.5947,787,184216,0.756032,232,0,7.33333,,12.65,40,0,0.1,13,69.2308,0,9.26303,31,,750,735,,0,0,0,6.7
1613103099235,6,1010123456045,81,,1,0,6,1,1,,15.9854,821,183366,0.76432,231,0,8.42857,,0,0,0,0,0,0,0,0,0,,750,741,,0,0,0,0
1613103099485,6,1010123456045,81,,1,0,6,1,1,,18.3599,789,184557,1.02589,229,0,8.66667,,0,0,0,0,0,0,0,0,0,,750,726,,0,0,0,0
1613103099735,6,1010123456045,81,,1,0,6,1,1,,16.2874,783,183669,0.772416,226,0,9,,0,0,0,0,0,0,0,0,0,,750,711,,0,0,0,0
1613103099985,6,1010123456045,81,,1,0,6,1,1,,13.3688,770,184562,0.604,216,0,7.16667,,2.94737,38,0,0.1,11,18.1818,0,4.07989,31,,753,702,,0,0,0,2.65789
1613103100235,6,1010123456045,81,,1,0,6,1,1,,15.9316,804,183767,0.774683,232,0,8.57143,,0,6,0,0,2,100,0,0,0,,747,720,,0,0,0,0
1613103100485,6,1010123456045,81,,1,0,6,1,1,,19.4017,804,183757,1.03536,231,0,9.83333,,0,0,0,0,0,0,0,0,0,,750,735,,0,0,0,0
1613103100735,6,1010123456045,81,,1,0,6,1,1,,14.5785,809,184206,0.75904,236,0,7.2,,0,0,0,0,0,0,0,0,0,,750,750,,0,0,0,0
1613103100985,6,1010123456045,81,,1,0,6,1,1,,13.1048,687,183744,0.610112,208,0,6.66667,,6.25714,35,0,0.1,11,36.3636,0,9.11295,31,,750,657,,0,0,0,4.2
1613103101235,6,1010123456045,81,,1,0,6,1,1,,18.4282,801,183773,0.924864,230,0,9.28571,,0,0,0,0,0,0,0,0,0,,750,738,,0,0,0,0
1613103101485,6,1010123456045,81,,1,0,6,1,1,,14.9223,772,183494,0.724832,223,0,7.66667,,0,0,0,0,0,0,0,0,0,,750,711,,0,0,0,0
1613103101735,6,1010123456045,81,,1,0,6,1,1,,13.9377,787,184215,0.647392,227,0,7.33333,,0,0,0,0,0,0,0,0,0,,750,735,,0,0,0,0
1613103101985,6,1010123456045,81,,1,0,6,1,1,,17.385,800,183826,0.8592,230,0,8.83333,,15,12,0,0,4,100,0,1.45825,0,,750,732,,0,0,0,10
1613103102235,6,1010123456045,81,,1,0,6,1,1,,15.7624,787,184397,0.749888,228,0,8.14286,,0,0,0,0,0,0,0,0,0,,750,732,,0,0,0,0
1613103102485,6,1010123456045,81,,1,0,6,1,1,,16.7955,792,184337,0.810848,229,0,9.16667,,0.1,7,0,0.1,2,0,0,1.01031,31,,750,723,,0,0,0,3.85714
1613103102735,6,1010123456045,81,,1,0,6,1,1,,17.1955,798,184370,0.94368,232,0,8.33333,,0,0,0,0,0,0,0,0,0,,747,741,,0,0,0,0
1613103102985,6,1010123456045,81,,1,0,6,1,1,,14.0562,747,183759,0.688288,217,0,7.66667,,1.02857,35,0,0.1,10,10,0,6.14591,31,,750,684,,0,0,0,2.45714
1613103103235,6,1010123456045,81,,1,0,6,1,1,,16.6859,761,184264,0.793888,221,0,8.71429,,0,0,0,0,0,0,0,0,0,,750,708,,0,0,0,0
1613103103485,6,1010123456045,81,,1,0,6,1,1,,16.0876,799,183779,0.778112,230,0,8.33333,,0,0,0,0,0,0,0,0,0,,750,735,,0,0,0,0
1613103103735,6,1010123456045,81,,1,0,6,1,1,,17.0988,810,183266,0.872032,231,0,8.83333,,0,0,0,0,0,0,0,0,0,,750,735,,0,0,0,0
1613103103985,6,1010123456045,81,,1,0,6,1,1,,16.1143,770,182894,0.770048,224,0,8.33333,,12.68,25,0,0.1,8,50,0,18.5074,31,,750,720,,0,0,0,4.96
1613103104235,6,1010123456045,81,,1,0,6,1,1,,16.8089,811,183821,0.877536,235,0,8.71429,,0,0,0,0,0,0,0,0,0,,750,744,,0,0,0,0
1613103104485,6,1010123456045,81,,1,0,6,1,1,,16.7949,790,184293,0.834656,227,0,8.66667,,0,0,0,0,0,0,0,0,0,,750,729,,0,0,0,0
1613103104735,6,1010123456045,81,,1,0,6,1,1,,13.261,774,183897,0.647136,225,0,7,,0,0,0,0,0,0,0,0,0,,750,708,,0,0,0,0
1613103104985,6,1010123456045,81,,1,0,6,1,1,,16.4559,794,183568,0.80992,228,0,8.5,,15.8696,23,0,0.1,6,66.6667,0,17.9411,31,,750,735,,0,0,0,7.26087
1613103105235,6,1010123456045,81,,1,0,6,1,1,,16.0538,818,183814,0.808672,235,0,8.66667,,0,0,0,0,0,0,0,0,0,,750,747,,0,0,0,0
1613103105485,6,1010123456045,81,,1,0,6,1,1,,18,810,183644,0.898304,232,0,9,,0,0,0,0,0,0,0,0,0,,750,747,,0,0,0,0
1613103105735,6,1010123456045,81,,1,0,6,1,1,,15.6662,758,183899,0.78096,218,0,7.83333,,0,0,0,0,0,0,0,0,0,,750,702,,0,0,0,0
1613103105985,6,1010123456045,81,,1,0,6,1,1,,15.2906,812,183601,0.780576,233,0,8.66667,,8.63636,33,0,0.1,10,40,0,11.9738,31,,750,741,,0,0,0,4.27273
1613103106235,6,1010123456045,81,,1,0,6,1,1,,16.4943,795,184521,0.990336,230,0,8.42857,,0,0,0,0,0,0,0,0,0,,750,729,,0,0,0,0
1613103106485,6,1010123456045,81,,1,0,6,1,1,,19.005,802,184524,1.07421,229,0,10.4,,0,0,0,0,0,0,0,0,0,,750,726,,0,0,0,0
1613103106735,6,1010123456045,81,,1,0,6,1,1,,20.0168,772,183982,1.0593,219,0,10.1667,,0,0,0,0,0,0,0,0,0,,750,690,,0,0,0,0
1613103106985,6,1010123456045,81,,1,0,6,1,1,,12.654,792,183490,0.637888,227,0,6.66667,,15.3289,76,0,0.129184,24,83.3333,0,5.87117,31,,750,717,,0,0,0,8.46053
1613103107235,6,1010123456045,81,,1,0,6,1,1,,15.7024,820,184470,0.787744,233,0,8.33333,,0,0,0,0,0,0,0,0,0,,750,747,,0,0,0,0
1613103107485,6,1010123456045,81,,1,0,6,1,1,,17.449,813,184232,0.856512,230,0,9,,0,0,0,0,0,0,0,0,0,,750,735,,0,0,0,0
1613103107735,6,1010123456045,81,,1,0,6,1,1,,16.4339,802,183271,0.792928,227,0,8.5,,0,0,0,0,0,0,0,0,0,,750,717,,0,0,0,0
1613103107985,6,1010123456045,81,,1,0,6,1,1,,16.0325,769,183574,0.748768,219,0,8.33333,,4.28571,42,0,0.1,12,33.3333,0,12.3063,31,,750,702,,0,0,0,3.57143
1613103108235,6,1010123456045,81,,1,0,6,1,1,,16.8806,829,183603,0.879744,236,0,7.71429,,0,0,0,0,0,0,0,0,0,,750,750,,0,0,0,0
1613103108485,6,1010123456045,81,,1,0,6,1,1,,11.3841,820,183733,0.566048,231,0,6.83333,,0,0,0,0,0,0,0,0,0,,750,741,,0,0,0,0
1613103108735,6,1010123456045,81,,1,0,6,1,1,,16.2603,826,184649,0.828416,236,0,8.5,,0,0,0,0,0,0,0,0,0,,750,747,,0,0,0,0
1613103108985,6,1010123456045,81,,1,0,6,1,1,,17.5845,787,183672,0.821952,222,0,9,,13.2308,39,0,0.1,10,80,0,6.95829,31,,753,711,,0,0,0,8.38461
1613103109235,6,1010123456045,81,,1,0,6,1,1,,17.4089,785,183958,0.852352,228,0,8.83333,,0,0,0,0,0,0,0,0,0,,747,714,,0,0,0,0
1613103109485,6,1010123456045,81,,1,0,6,1,1,,14.0544,809,183103,0.69088,230,0,7.16667,,0,0,0,0,0,0,0,0,0,,750,738,,0,0,0,0
1613103109735,6,1010123456045,81,,1,0,6,1,1,,14.6584,811,183465,0.730144,233,0,7.33333,,0,0,0,0,0,0,0,0,0,,750,747,,0,0,0,0
1613103109985,6,1010123456045,81,,1,0,6,1,1,,16.0493,771,183017,0.738944,220,0,8.6,,3.42857,42,0,0.1,12,33.3333,0,2.13727,31,,750,690,,0,0,0,5.11905
1613103110235,6,1010123456045,81,,1,0,6,1,1,,17.9625,799,184146,0.927904,229,0,9.14286,,0,0,0,0,0,0,0,0,0,,750,735,,0,0,0,0
1613103110485,6,1010123456045,81,,1,0,6,1,1,,17.8788,825,183334,0.944416,233,0,8.66667,,0,0,0,0,0,0,0,0,0,,750,744,,0,0,0,0
1613103110735,6,1010123456045,81,,1,0,6,1,1,,16.1511,761,183354,0.744096,221,0,8.83333,,0,0,0,0,0,0,0,0,0,,750,711,,0,0,0,0
1613103110985,6,1010123456045,81,,1,0,6,1,1,,15.5582,790,183006,0.723456,224,0,8.4,,4.89796,49,0,0.1,15,60,0,4.44566,31,,750,711,,0,0,0,6.32653
1613103111235,6,1010123456045,81,,1,0,6,1,1,,19.0767,769,183269,0.94064,219,0,9.71429,,0,0,0,0,0,0,0,0,0,,750,690,,0,0,0,0
1613103111485,6,1010123456045,81,,1,0,6,1,1,,17.985,800,183583,0.890048,230,0,9,,0,0,0,0,0,0,0,0,0,,750,735,,0,0,0,0
1613103111735,6,1010123456045,81,,1,0,6,1,1,,18.8725,753,183189,0.911616,216,0,9.83333,,0,0,0,0,0,0,0,0,0,,750,687,,0,0,0,0
1613103111985,6,1010123456045,81,,1,0,6,1,1,,17.1493,804,183285,0.859904,232,0,8.66667,,0,0,0,0,0,0,0,0,0,,750,747,,0,0,0,0
1613103112235,6,1010123456045,81,,1,0,6,1,1,,16.743,755,184578,0.862336,221,0,8.71429,,3.84906,53,0,0.1,16,50,0,13.8319,31,,750,699,,0,0,0,5.41509
1613103112485,6,1010123456045,81,,1,0,6,1,1,,16.8459,798,183076,0.841248,227,0,9,,0,0,0,0,0,0,0,0,0,,750,735,,0,0,0,0
1613103112735,6,1010123456045,81,,1,0,6,1,1,,15.8589,808,184537,0.769408,232,0,8.16667,,0,0,0,0,0,0,0,0,0,,750,738,,0,0,0,0
1613103112985,6,1010123456045,81,,1,0,6,1,1,,17.465,785,183640,0.88032,230,0,8.83333,,2.57143,35,0,0.1,10,10,0,15.4263,31,,750,735,,0,0,0,1.77143
1613103113235,6,1010123456045,81,,1,0,6,1,1,,17.3618,821,183747,0.902976,234,0,9,,0,0,0,0,0,0,0,0,0,,750,744,,0,0,0,0
1613103113485,6,1010123456045,81,,1,0,6,1,1,,16.8558,770,183340,0.813024,221,0,8.83333,,0,0,0,0,0,0,0,0,0,,750,708,,0,0,0,0
1613103113735,6,1010123456045,81,,1,0,6,1,1,,18.0532,733,183291,0.951488,210,0,10,,0,0,0,0,0,0,0,0,0,,750,666,,0,0,0,0
1613103113985,6,1010123456045,81,,1,0,6,1,1,,17.9885,781,184424,0.859072,222,0,9,,12.913,23,0,0.1,6,66.6667,0,10.592,31,,750,711,,0,0,0,7.26087
1613103114235,6,1010123456045,81,,1,0,6,1,1,,16.5599,802,182892,0.817472,230,0,8.5,,0,0,0,0,0,0,0,0,0,,750,738,,0,0,0,0
1613103114485,6,1010123456045,81,,1,0,6,1,1,,17.0974,760,183194,0.793568,217,0,8.83333,,0,0,0,0,0,0,0,0,0,,750,687,,0,0,0,0
1613103114735,6,1010123456045,81,,1,0,6,1,1,,15.2904,761,183373,0.713568,221,0,8,,0,0,0,0,0,0,0,0,0,,750,711,,0,0,0,0
1613103114985,6,1010123456045,81,,1,0,6,1,1,,17.7459,787,184108,0.87296,224,0,9.16667,,0,0,0,0,0,0,0,0,0,,750,711,,0,0,0,0
1613103115235,6,1010123456045,81,,1,0,6,1,1,,16.1806,814,183390,0.789472,231,0,8.42857,,7.27273,33,0,0.1,9,44.4444,0,7.33928,31,,750,735,,0,0,0,5.36364
1613103115485,6,1010123456045,81,,1,0,6,1,1,,18,827,183219,0.906048,234,0,9,,0,0,0,0,0,0,0,0,0,,750,750,,0,0,0,0
1613103115735,6,1010123456045,81,,1,0,6,1,1,,17.4704,812,183485,0.893152,233,0,8.83333,,0,0,0,0,0,0,0,0,0,,753,747,,0,0,0,0
1613103115985,6,1010123456045,81,,1,0,6,1,1,,16.8133,809,184260,0.825984,232,0,8.5,,1.54839,31,0,0.1,9,44.4444,0,3.81905,31,,747,744,,0,0,0,5.87097
1613103116235,6,1010123456045,81,,1,0,6,1,1,,17.7481,798,183791,0.92032,232,0,9,,7.57895,19,0,0.1,6,50,0,1.50462,31,,750,738,,0,0,0,5.73684
1613103116485,6,1010123456045,81,,1,0,6,1,1,,15.8335,793,183560,0.766368,231,0,8.16667,,0,0,0,0,0,0,0,0,0,,750,744,,0,0,0,0
1613103116735,6,1010123456045,81,,1,0,6,1,1,,16.1971,771,184498,0.785408,226,0,8.16667,,0,0,0,0,0,0,0,0,0,,750,714,,0,0,0,0
1613103116985,6,1010123456045,81,,1,0,6,1,1,,12.1301,784,183345,0.611904,226,0,5.6,,11.7692,26,0,0.1,8,62.5,0,12.2788,31,,750,729,,0,0,0,7.03846
1613103117235,6,1010123456045,81,,1,0,6,1,1,,17.5308,827,183758,0.935776,235,0,9.14286,,0,0,0,0,0,0,0,0,0,,750,750,,0,0,0,0
1613103117485,6,1010123456045,81,,1,0,6,1,1,,15.2531,802,183890,0.75504,225,0,7.66667,,0,0,0,0,0,0,0,0,0,,750,714,,0,0,0,0
1613103117735,6,1010123456045,81,,1,0,6,1,1,,13.8012,820,183638,0.708704,233,0,6.83333,,0,0,0,0,0,0,0,0,0,,750,741,,0,0,0,0
1613103117985,6,1010123456045,81,,1,0,6,1,1,,18.4679,780,182969,0.92816,225,0,10,,6.66667,36,0,0.1,10,40,0,6.63411,31,,750,714,,0,0,0,5
1613103118235,6,1010123456045,81,,1,0,6,1,1,,14.4092,760,183643,0.675488,219,0,7.42857,,0,0,0,0,0,0,0,0,0,,750,705,,0,0,0,0
1613103118485,6,1010123456045,81,,1,0,6,1,1,,14.0358,811,183689,0.654752,231,0,7.83333,,0,0,0,0,0,0,0,0,0,,750,726,,0,0,0,0
1613103118739,6,1010123456045,81,,1,0,6,1,1,,17.7632,777,183746,0.888693,228,0,9,,0,0,0,0,0,0,0,0,0,,750,735,,0,0,0,0
1613103118985,6,1010123456045,81,,1,0,6,1,1,,16.502,763,184501,0.79587,221,0,8,,12.1875,16,0,0.1,5,80,0,7.43425,31,,750,702,,0,0,0,8.3125
1613103119235,6,1010123456045,81,,1,0,6,1,1,,12.5477,807,184421,0.675264,234,0,7.33333,,0,0,0,0,0,0,0,0,0,,750,750,,0,0,0,0
1613103119485,6,1010123456045,81,,1,0,6,1,1,,18,801,184485,0.898304,232,0,9,,5.53846,39,0,0.1,12,66.6667,0,7.3324,31,,750,744,,0,0,0,6.61538
1613103119735,6,1010123456045,81,,1,0,6,1,1,,16.8056,792,184036,0.840608,229,0,8.33333,,0,0,0,0,0,0,0,0,0,,750,726,,0,0,0,0
1613103119985,6,1010123456045,81,,1,0,6,1,1,,18.2312,783,184271,0.918944,229,0,9.5,,14.4348,23,0,0.1,6,66.6667,0,16.5972,31,,750,738,,0,0,0,7.26087
1613103120235,6,1010123456045,81,,1,0,6,1,1,,19.005,807,183458,1.07014,234,0,9.57143,,0,0,0,0,0,0,0,0,0,,750,741,,0,0,0,0
1613103120485,6,1010123456045,81,,1,0,6,1,1,,16.866,776,183547,0.81312,222,0,8.4,,0,0,0,0,0,0,0,0,0,,753,711,,0,0,0,0
1613103120735,6,1010123456045,81,,1,0,6,1,1,,15.2939,752,183489,0.690976,215,0,8.8,,0,0,0,0,0,0,0,0,0,,747,672,,0,0,0,0
1613103120985,6,1010123456045,81,,1,0,6,1,1,,17.0478,816,184057,1.01232,231,0,8.83333,,15.7895,19,0,0.1,6,66.6667,0,19.7986,31,,750,735,,0,0,0,6.68421
1613103121235,6,1010123456045,81,,1,0,6,1,1,,18.0636,786,183468,0.8744,225,0,8.71428,,0,0,0,0,0,0,0,0,0,,750,708,,0,0,0,0
1613103121485,6,1010123456045,81,,1,0,6,1,1,,15.1818,748,184072,0.692096,218,0,8.33333,,0,0,0,0,0,0,0,0,0,,750,696,,0,0,0,0
1613103121735,6,1010123456045,81,,1,0,6,1,1,,17.7061,718,183194,0.772608,204,0,9,,0,0,0,0,0,0,0,0,0,,750,666,,0,0,0,0
1613103121985,6,1010123456045,81,,1,0,6,1,1,,18.3137,813,184281,0.955936,233,0,9.33333,,10.4348,23,0,0.1,6,66.6667,0,6.29141,31,,750,744,,0,0,0,7.26087
1613103122235,6,1010123456045,81,,1,0,6,1,1,,16.6081,786,184520,0.777472,224,0,9.14286,,0,0,0,0,0,0,0,0,0,,750,705,,0,0,0,0
1613103122485,6,1010123456045,81,,1,0,6,1,1,,16.9527,783,184400,0.893152,223,0,7.8,,0,0,0,0,0,0,0,0,0,,750,711,,0,0,0,0
1613103122735,6,1010123456045,81,,1,0,6,1,1,,15.6314,784,183740,0.728992,227,0,8.6,,0,0,0,0,0,0,0,0,0,,750,717,,0,0,0,0
1613103122985,6,1010123456045,81,,1,0,6,1,1,,15.0585,735,183853,0.67616,212,0,7.83333,,7.05882,34,0,0.1,10,40,0,8.53667,31,,750,675,,0,0,0,4.26471
1613103123235,6,1010123456045,81,,1,0,6,1,1,,14.9559,794,183295,0.723168,227,0,7.85714,,0,0,0,0,0,0,0,0,0,,753,723,,0,0,0,0
1613103123485,6,1010123456045,81,,1,0,6,1,1,,19.0946,793,184078,1.01466,228,0,9.66667,,0,0,0,0,0,0,0,0,0,,747,723,,0,0,0,0
1613103123735,6,1010123456045,81,,1,0,6,1,1,,17.3216,768,183500,0.82592,222,0,8.83333,,0,0,0,0,0,0,0,0,0,,750,699,,0,0,0,0
1613103123985,6,1010123456045,81,,1,0,6,1,1,,16.4419,792,183336,0.822368,231,0,8.5,,13.1848,92,0,0.18128,28,78.5714,0,5.27984,31,,750,744,,0,0,0,8.1413
1613103124235,6,1010123456045,81,,1,0,6,1,1,,15.0217,830,183039,0.768128,236,0,8.14286,,0,0,0,0,0,0,0,0,0,,750,750,,0,0,0,0
1613103124485,6,1010123456045,81,,1,0,6,1,1,,10.226,823,183845,0.501632,232,0,5.5,,0,0,0,0,0,0,0,0,0,,750,747,,0,0,0,0
1613103124735,6,1010123456045,81,,1,0,6,1,1,,15.6,800,183171,0.741888,228,0,8,,0,0,0,0,0,0,0,0,0,,750,708,,0,0,0,0
1613103124989,6,1010123456045,81,,1,0,6,1,1,,17.5241,767,183137,0.838709,225,0,9,,0.909091,66,0,0.1,19,21.0526,0,5.36866,31,,747,720,,0,0,0,3.10606
1613103125235,6,1010123456045,81,,1,0,6,1,1,,17.2796,801,183290,0.882253,231,0,8.57143,,0,0,0,0,0,0,0,0,0,,753,732,,0,0,0,0
1613103125485,6,1010123456045,81,,1,0,6,1,1,,14.8127,822,183779,0.692512,231,0,8.83333,,0,0,0,0,0,0,0,0,0,,750,744,,0,0,0,0
1613103125735,6,1010123456045,81,,1,0,6,1,1,,12.3979,779,184382,0.695232,224,0,6.33333,,0,0,0,0,0,0,0,0,0,,750,711,,0,0,0,0
1613103125985,6,1010123456045,81,,1,0,6,1,1,,16.7778,792,183609,0.83952,231,0,8.66667,,6.17647,34,0,0.1,10,40,0,6.93873,31,,750,735,,0,0,0,4.79412
1613103126235,6,1010123456045,81,,1,0,6,1,1,,13.761,795,184458,0.636896,225,0,7.71429,,0,0,0,0,0,0,0,0,0,,750,723,,0,0,0,0
1613103126485,6,1010123456045,81,,1,0,6,1,1,,15.1765,816,183016,0.759232,230,0,7.66667,,0,0,0,0,0,0,0,0,0,,750,732,,0,0,0,0
1613103126735,6,1010123456045,81,,1,0,6,1,1,,16.8687,777,183128,0.808064,226,0,8.4,,0,0,0,0,0,0,0,0,0,,750,714,,0,0,0,0
1613103126987,6,1010123456045,81,,1,0,6,1,1,,17.0825,800,183857,0.867524,233,0,8.8,,12.1875,16,0,0.1,5,60,0,13.9475,31,,756,744,,0,0,0,6.0625
1613103127235,6,1010123456045,81,,1,0,6,1,1,,16.1574,794,183264,0.792645,230,0,8.42857,,2.64706,17,0,0.1,5,20,0,14.5106,0,,744,735,,0,0,0,2.58824
1613103127485,6,1010123456045,81,,1,0,6,1,1,,18.5697,804,183868,1.01875,232,0,9.66667,,0,0,0,0,0,0,0,0,0,,750,744,,0,0,0,0
1613103127735,6,1010123456045,81,,1,0,6,1,1,,19.0622,804,183954,1.04906,231,0,9.83333,,0,0,0,0,0,0,0,0,0,,750,723,,0,0,0,0
1613103127985,6,1010123456045,81,,1,0,6,1,1,,18.7051,790,183495,0.992032,221,0,9.5,,6.66667,36,0,0.1,10,40,0,6.57713,31,,750,714,,0,0,0,5
1613103128235,6,1010123456045,81,,1,0,6,1,1,,15.2476,816,182905,0.72992,232,0,8.28571,,0,0,0,0,0,0,0,0,0,,750,729,,0,0,0,0
1613103128485,6,1010123456045,81,,1,0,6,1,1,,19.2121,778,183897,1.01366,219,0,9.66667,,0,0,0,0,0,0,0,0,0,,750,699,,0,0,0,0
1613103128735,6,1010123456045,81,,1,0,6,1,1,,16.1382,796,183747,0.770784,227,0,8.33333,,0,0,0,0,0,0,0,0,0,,750,717,,0,0,0,0
1613103128985,6,1010123456045,81,,1,0,6,1,1,,15.1061,792,183635,0.716256,227,0,7.83333,,3.5,32,0,0.100864,9,0,0,9.98176,31,,750,732,,0,0,0,1.375
1613103129235,6,1010123456045,81,,1,0,6,1,1,,15.8484,719,183277,0.738336,207,0,7.71429,,0,0,0,0,0,0,0,0,0,,750,648,,0,0,0,0
1613103129485,6,1010123456045,81,,1,0,6,1,1,,15.5603,796,183661,0.738112,228,0,8.33333,,0,0,0,0,0,0,0,0,0,,750,735,,0,0,0,0
1613103129735,6,1010123456045,81,,1,0,6,1,1,,15.7297,788,183917,0.8232,231,0,8,,0,0,0,0,0,0,0,0,0,,750,741,,0,0,0,0
1613103129985,6,1010123456045,81,,1,0,6,1,1,,16.5025,792,183995,0.78416,229,0,8.66667,,14.5714,14,0,0.1,4,0,0,32.1074,31,,750,729,,0,0,0,1
1613103130235,6,1010123456045,81,,1,0,6,1,1,,17.4969,805,183629,0.877088,229,0,8.85714,,0,0,0,0,0,0,0,0,0,,750,735,,0,0,0,0
1613103130485,6,1010123456045,81,,1,0,6,1,1,,15.1808,824,183220,0.8688,234,0,8.16667,,0,0,0,0,0,0,0,0,0,,750,744,,0,0,0,0
1613103130735,6,1010123456045,81,,1,0,6,1,1,,17.7785,781,183253,0.852608,224,0,9.33333,,0,0,0,0,0,0,0,0,0,,750,708,,0,0,0,0
1613103130985,6,1010123456045,81,,1,0,6,1,1,,11.9364,771,183281,0.567552,220,0,6.5,,14.1081,74,0,0.1,23,86.9565,0,2.5221,0,,750,708,,0,0,0,9.02703
1613103131235,6,1010123456045,81,,1,0,6,1,1,,18,791,183813,0.886688,229,0,9,,0,0,0,0,0,0,0,0,0,,750,729,,0,0,0,0
1613103131485,6,1010123456045,81,,1,0,6,1,1,,14.436,789,183401,0.701824,228,0,6.8,,0,0,0,0,0,0,0,0,0,,750,729,,0,0,0,0
1613103131735,6,1010123456045,81,,1,0,6,1,1,,16.0076,787,184527,0.814656,232,0,8.66667,,0,0,0,0,0,0,0,0,0,,750,738,,0,0,0,0
1613103131985,6,1010123456045,81,,1,0,6,1,1,,17.0675,785,183860,0.812448,225,0,8.83333,,4.39024,41,0,0.1,12,50,0,7.37305,31,,750,726,,0,0,0,5.17073
1613103132235,6,1010123456045,81,,1,0,6,1,1,,14.8256,797,183133,0.755808,231,0,7.42857,,0,0,0,0,0,0,0,0,0,,750,729,,0,0,0,0
1613103132485,6,1010123456045,81,,1,0,6,1,1,,16.0923,802,184316,0.822496,231,0,8.5,,0,0,0,0,0,0,0,0,0,,750,738,,0,0,0,0
1613103132735,6,1010123456045,81,,1,0,6,1,1,,12.6588,806,183998,0.607584,229,0,7.33333,,0,0,0,0,0,0,0,0,0,,750,723,,0,0,0,0
1613103132985,6,1010123456045,81,,1,0,6,1,1,,18.831,710,183569,0.953696,207,0,10.2,,0.1,62,0,0.1,19,68.4211,0,0.699918,31,,750,660,,0,0,0,7.24194
1613103133235,6,1010123456045,81,,1,0,6,1,1,,16.2484,801,184462,0.848,232,0,8.57143,,0,0,0,0,0,0,0,0,0,,750,735,,0,0,0,0
1613103133485,6,1010123456045,81,,1,0,6,1,1,,17.9846,780,184280,0.851328,220,0,9,,0,0,0,0,0,0,0,0,0,,750,702,,0,0,0,0
1613103133735,6,1010123456045,81,,1,0,6,1,1,,15.8,780,183180,0.769472,226,0,8,,0,0,0,0,0,0,0,0,0,,750,723,,0,0,0,0
1613103133985,6,1010123456045,81,,1,0,6,1,1,,15.9743,777,184567,0.746912,227,0,8.33333,,11.2174,46,0,0.1,13,69.2308,0,8.09922,31,,750,726,,0,0,0,7.34783
1613103134235,6,1010123456045,81,,1,0,6,1,1,,13.8464,768,183289,0.6224,218,0,7.83333,,0,0,0,0,0,0,0,0,0,,750,687,,0,0,0,0
1613103134485,6,1010123456045,81,,1,0,6,1,1,,15.4316,811,184105,0.74576,231,0,7.83333,,0,0,0,0,0,0,0,0,0,,750,729,,0,0,0,0
1613103134735,6,1010123456045,81,,1,0,6,1,1,,16.435,777,183894,0.758976,220,0,8.5,,0,0,0,0,0,0,0,0,0,,750,699,,0,0,0,0
1613103134985,6,1010123456045,81,,1,0,6,1,1,,18.351,792,183584,1.00048,231,0,9.5,,5.5814,43,0,0.1,13,61.5385,0,5.07079,31,,750,735,,0,0,0,6.44186
1613103135235,6,1010123456045,81,,1,0,6,1,1,,15.3482,784,183696,0.761952,227,0,8.66667,,0,0,0,0,0,0,0,0,0,,750,729,,0,0,0,0
1613103135485,6,1010123456045,81,,1,0,6,1,1,,17.8211,766,183542,0.86048,218,0,9.16667,,0,0,0,0,0,0,0,0,0,,750,690,,0,0,0,0
1613103135735,6,1010123456045,81,,1,0,6,1,1,,16.8037,805,183456,0.810944,228,0,8.5,,0,0,0,0,0,0,0,0,0,,750,723,,0,0,0,0
1613103135985,6,1010123456045,81,,1,0,6,1,1,,13.673,795,184291,0.660736,228,0,7.33333,,0,0,0,0,0,0,0,0,0,,750,726,,0,0,0,0
1613103136235,6,1010123456045,81,,1,0,6,1,1,,19.8931,795,184289,1.16256,230,0,9.5,,2.28571,28,0,0.1,8,0,0,8.71877,31,,750,729,,0,0,0,1.14286
1613103136485,6,1010123456045,81,,1,0,6,1,1,,12.5433,762,183371,0.601696,219,0,6.33333,,0,0,0,0,0,0,0,0,0,,750,696,,0,0,0,0
1613103136735,6,1010123456045,81,,1,0,6,1,1,,18.276,761,183467,0.900224,220,0,9.66667,,0,0,0,0,0,0,0,0,0,,750,696,,0,0,0,0
1613103136985,6,1010123456045,81,,1,0,6,1,1,,19.0465,795,182962,1.05136,231,0,9.8,,7.15,60,0,0.1,17,52.9412,0,7.93631,31,,750,744,,0,0,0,5.85
1613103137235,6,1010123456045,81,,1,0,6,1,1,,13.3951,782,183526,0.660128,228,0,7.28571,,0,0,0,0,0,0,0,0,0,,750,723,,0,0,0,0
1613103137485,6,1010123456045,81,,1,0,6,1,1,,14.8135,772,184254,0.731648,220,0,7.83333,,0,0,0,0,0,0,0,0,0,,750,705,,0,0,0,0
1613103137735,6,1010123456045,81,,1,0,6,1,1,,16.8216,796,184033,0.827008,232,0,8.5,,0,0,0,0,0,0,0,0,0,,750,732,,0,0,0,0
1613103137985,6,1010123456045,81,,1,0,6,1,1,,14.2592,787,184022,0.679808,224,0,7.66667,,0,0,0,0,0,0,0,0,0,,750,714,,0,0,0,0
1613103138235,6,1010123456045,81,,1,0,6,1,1,,17.4955,775,183467,0.877888,234,0,8,,15.75,20,0,0.1,6,66.6667,0,20.1814,31,,750,744,,0,0,0,6.4
1613103138485,6,1010123456045,81,,1,0,6,1,1,,15.6304,698,183691,0.633344,194,0,8.33333,,0,0,0,0,0,0,0,0,0,,750,630,,0,0,0,0
1613103138735,6,1010123456045,81,,1,0,6,1,1,,15.6007,824,184203,0.854976,234,0,8.33333,,0,0,0,0,0,0,0,0,0,,750,750,,0,0,0,0
1613103138985,6,1010123456045,81,,1,0,6,1,1,,18.2252,808,183567,0.99936,232,0,8.83333,,16,14,0,0,4,100,0,1.73194,0,,750,738,,0,0,0,10
1613103139235,6,1010123456045,81,,1,0,6,1,1,,12.9517,683,184532,0.573856,199,0,5.85714,,0.1,21,0,0.1,6,0,0,1.79298,31,,750,621,,0,0,0,1.61905
1613103139485,6,1010123456045,81,,1,0,6,1,1,,13.3376,773,183284,0.591904,217,0,8.16667,,0,0,0,0,0,0,0,0,0,,750,687,,0,0,0,0
1613103139735,6,1010123456045,81,,1,0,6,1,1,,19.7003,804,184121,1.0352,230,0,10.1667,,0,0,0,0,0,0,0,0,0,,750,732,,0,0,0,0
1613103139985,6,1010123456045,81,,1,0,6,1,1,,18.6988,777,183335,0.991072,221,0,9.33333,,0,0,0,0,0,0,0,0,0,,750,702,,0,0,0,0
1613103140235,6,1010123456045,81,,1,0,6,1,1,,15.6807,805,184436,0.824352,233,0,8.14286,,6,40,0,0.1,11,36.3636,0,4.82144,31,,750,738,,0,0,0,4.6
1613103140485,6,1010123456045,81,,1,0,6,1,1,,16.7092,784,184231,0.818176,228,0,8.4,,0,0,0,0,0,0,0,0,0,,750,735,,0,0,0,0
1613103140735,6,1010123456045,81,,1,0,6,1,1,,18.8785,815,183650,1.01005,236,0,9.66667,,0,0,0,0,0,0,0,0,0,,750,750,,0,0,0,0
1613103140985,6,1010123456045,81,,1,0,6,1,1,,15.9924,790,183438,0.765536,229,0,8.16667,,15.35,80,0,0.175744,25,80,0,6.76968,31,,750,738,,0,0,0,8.0875
1613103141235,6,1010123456045,81,,1,0,6,1,1,,18.9852,809,183163,1.01005,236,0,9.42857,,0,0,0,0,0,0,0,0,0,,750,750,,0,0,0,0
1613103141485,6,1010123456045,81,,1,0,6,1,1,,16.8564,808,184211,0.860384,231,0,8.66667,,0,0,0,0,0,0,0,0,0,,750,744,,0,0,0,0
1613103141735,6,1010123456045,81,,1,0,6,1,1,,17.7677,792,183030,0.884928,230,0,9.16667,,0,0,0,0,0,0,0,0,0,,750,735,,0,0,0,0
1613103141985,6,1010123456045,81,,1,0,6,1,1,,16.5559,752,183970,0.78496,217,0,8.16667,,0,0,0,0,0,0,0,0,0,,750,690,,0,0,0,0
1613103142235,6,1010123456045,81,,1,0,6,1,1,,19.2923,797,183327,1.02797,228,0,9.8,,1.55172,29,0,0.1,8,0,0,10.2332,31,,750,726,,0,0,0,1
1613103142485,6,1010123456045,81,,1,0,6,1,1,,18.1118,814,183784,1.00934,230,0,8.5,,0,0,0,0,0,0,0,0,0,,750,729,,0,0,0,0
1613103142735,6,1010123456045,81,,1,0,6,1,1,,15.9774,798,183960,0.776704,228,0,8,,0,0,0,0,0,0,0,0,0,,750,723,,0,0,0,0
1613103142985,6,1010123456045,81,,1,0,6,1,1,,19.1308,772,183007,0.957536,221,0,10,,0.1,33,0,0.1,10,30,0,4.63789,31,,750,708,,0,0,0,3.72727
1613103143235,6,1010123456045,81,,1,0,6,1,1,,15.3072,739,184151,0.672064,214,0,8.28571,,0,0,0,0,0,0,0,0,0,,750,681,,0,0,0,0
1613103143485,6,1010123456045,81,,1,0,6,1,1,,17.6112,823,184075,0.913984,234,0,8.66667,,0,0,0,0,0,0,0,0,0,,750,747,,0,0,0,0
1613103143735,6,1010123456045,81,,1,0,6,1,1,,17.339,820,183668,0.867616,233,0,8.83333,,0,0,0,0,0,0,0,0,0,,750,741,,0,0,0,0
1613103143985,6,1010123456045,81,,1,0,6,1,1,,16.8459,798,183233,0.818528,229,0,8.5,,1.55172,29,0,0.1,8,0,0,10.084,31,,750,738,,0,0,0,1
1613103144235,6,1010123456045,81,,1,0,6,1,1,,15.1017,826,183526,0.780384,235,0,7.14286,,0,0,0,0,0,0,0,0,0,,750,747,,0,0,0,0
1613103144485,6,1010123456045,81,,1,0,6,1,1,,12.976,792,183980,0.5832,223,0,8,,0,0,0,0,0,0,0,0,0,,750,714,,0,0,0,0
1613103144735,6,1010123456045,81,,1,0,6,1,1,,17.7527,825,183096,0.990496,235,0,9,,0,0,0,0,0,0,0,0,0,,750,747,,0,0,0,0
1613103144985,6,1010123456045,81,,1,0,6,1,1,,16.8989,791,184080,0.808512,224,0,8.83333,,0.1,33,0,0.1,10,20,0,1.90665,31,,750,711,,0,0,0,3.27273
1613103145235,6,1010123456045,81,,1,0,6,1,1,,18,779,183531,0.878944,227,0,9,,0,0,0,0,0,0,0,0,0,,750,717,,0,0,0,0
1613103145485,6,1010123456045,81,,1,0,6,1,1,,15.9042,783,183479,0.789952,222,0,8.5,,0,0,0,0,0,0,0,0,0,,750,708,,0,0,0,0
1613103145735,6,1010123456045,81,,1,0,6,1,1,,16.9293,820,183652,0.87312,233,0,8.5,,0,0,0,0,0,0,0,0,0,,750,744,,0,0,0,0
1613103145985,6,1010123456045,81,,1,0,6,1,1,,16.1016,797,184548,0.86256,231,0,8.5,,0.1,14,0,0,4,100,0,0.208187,0,,750,738,,0,0,0,10
1613103146235,6,1010123456045,81,,1,0,6,1,1,,11.4947,760,183494,0.52464,219,0,6.42857,,4.64286,42,0,0.1,13,61.5385,0,8.18516,31,,750,687,,0,0,0,6.64286
1613103146485,6,1010123456045,81,,1,0,6,1,1,,19.0324,802,182961,1.05136,231,0,9.83333,,0,0,0,0,0,0,0,0,0,,750,738,,0,0,0,0
1613103146735,6,1010123456045,81,,1,0,6,1,1,,14.3645,749,184153,0.68736,220,0,7.16667,,0,0,0,0,0,0,0,0,0,,750,696,,0,0,0,0
1613103146985,6,1010123456045,81,,1,0,6,1,1,,13.9894,758,183610,0.650368,222,0,7.83333,,12.6316,19,0,0.1,5,80,0,7.17926,31,,750,690,,0,0,0,8.57895
1613103147235,6,1010123456045,81,,1,0,6,1,1,,12.9524,777,183500,0.618368,226,0,7.16667,,0,0,0,0,0,0,0,0,0,,750,732,,0,0,0,0
1613103147485,6,1010123456045,81,,1,0,6,1,1,,17.7191,705,183250,0.812192,201,0,9.33333,,5.86047,43,0,0.1,12,66.6667,0,7.13126,31,,750,630,,0,0,0,6.86047
1613103147735,6,1010123456045,81,,1,0,6,1,1,,14.7423,776,184385,0.748128,221,0,7.16667,,0,0,0,0,0,0,0,0,0,,750,708,,0,0,0,0
1613103147985,6,1010123456045,81,,1,0,6,1,1,,16.5079,819,183384,0.799168,232,0,8.83333,,5.12195,41,0,0.1,12,50,0,3.855,31,,750,747,,0,0,0,5.80488
1613103148235,6,1010123456045,81,,1,0,6,1,1,,14.0806,794,183957,0.6712,225,0,7.71429,,0,0,0,0,0,0,0,0,0,,750,714,,0,0,0,0
1613103148485,6,1010123456045,81,,1,0,6,1,1,,15.625,824,183782,0.762688,232,0,8.16667,,0,0,0,0,0,0,0,0,0,,750,747,,0,0,0,0
1613103148735,6,1010123456045,81,,1,0,6,1,1,,18.3229,737,182986,0.871712,213,0,9,,0,0,0,0,0,0,0,0,0,,750,678,,0,0,0,0
1613103148985,6,1010123456045,81,,1,0,6,1,1,,15.8861,755,183430,0.8312,217,0,8,,3.41176,34,0,0.1,10,0,0,15.1158,31,,750,693,,0,0,0,1.17647
1613103149235,6,1010123456045,81,,1,0,6,1,1,,16.1189,732,183431,0.79232,210,0,8.85714,,0,0,0,0,0,0,0,0,0,,750,663,,0,0,0,0
1613103149485,6,1010123456045,81,,1,0,6,1,1,,15.6176,727,184421,0.675136,204,0,8.33333,,0,0,0,0,0,0,0,0,0,,750,654,,0,0,0,0
1613103149735,6,1010123456045,81,,1,0,6,1,1,,16.3564,808,184612,0.798912,230,0,8.6,,0,0,0,0,0,0,0,0,0,,750,732,,0,0,0,0
1613103149985,6,1010123456045,81,,1,0,6,1,1,,17.382,809,184143,0.865792,232,0,8.83333,,9.14286,42,0,0.1,11,72.7273,0,6.68782,0,,750,741,,0,0,0,7.85714
1613103150235,6,1010123456045,81,,1,0,6,1,1,,17.2341,769,183421,0.83408,223,0,8.85714,,0,0,0,0,0,0,0,0,0,,750,708,,0,0,0,0
1613103150485,6,1010123456045,81,,1,0,6,1,1,,13.9387,816,183966,0.70128,235,0,7.16667,,0,0,0,0,0,0,0,0,0,,750,747,,0,0,0,0
1613103150735,6,1010123456045,81,,1,0,6,1,1,,18.3263,760,183289,0.875616,219,0,9.16667,,0,0,0,0,0,0,0,0,0,,750,705,,0,0,0,0
1613103150985,6,1010123456045,81,,1,0,6,1,1,,17.3777,797,183043,0.862304,231,0,8.83333,,6.44776,67,0,0.1,19,73.6842,0,2.88399,31,,750,726,,0,0,0,7.71642
1613103151235,6,1010123456045,81,,1,0,6,1,1,,15.3669,755,182945,0.719392,217,0,8.28571,,0,0,0,0,0,0,0,0,0,,750,690,,0,0,0,0
1613103151485,6,1010123456045,81,,1,0,6,1,1,,17.889,802,184417,0.89504,230,0,9,,0,0,0,0,0,0,0,0,0,,750,732,,0,0,0,0
1613103151735,6,1010123456045,81,,1,0,6,1,1,,13.2977,823,183648,0.729056,235,0,6.5,,0,0,0,0,0,0,0,0,0,,750,750,,0,0,0,0
1613103151990,6,1010123456045,81,,1,0,6,1,1,,14.6386,747,183160,0.642824,217,0,8.16667,,0.1,24,0,0.1,7,0,0,6.09712,31,,747,693,,0,0,0,1.29167
1613103152235,6,1010123456045,81,,1,0,6,1,1,,16.9707,785,184087,0.904555,230,0,8.42857,,0,0,0,0,0,0,0,0,0,,753,726,,0,0,0,0
1613103152485,6,1010123456045,81,,1,0,6,1,1,,14.475,779,183096,0.69216,226,0,8.33333,,0,0,0,0,0,0,0,0,0,,750,717,,0,0,0,0
1613103152735,6,1010123456045,81,,1,0,6,1,1,,15.0498,804,183005,0.719776,231,0,7.83333,,0,0,0,0,0,0,0,0,0,,750,735,,0,0,0,0
1613103152985,6,1010123456045,81,,1,0,6,1,1,,15.1263,792,183934,0.729088,230,0,7.83333,,0.1,54,0,0.1,16,18.75,0,4.4384,31,,750,741,,0,0,0,2.83333
1613103153235,6,1010123456045,81,,1,0,6,1,1,,15.5987,760,183885,0.742432,217,0,7.28571,,0,0,0,0,0,0,0,0,0,,750,684,,0,0,0,0
1613103153485,6,1010123456045,81,,1,0,6,1,1,,12.7685,799,184279,0.59952,227,0,8.2,,0,0,0,0,0,0,0,0,0,,750,726,,0,0,0,0
1613103153735,6,1010123456045,81,,1,0,6,1,1,,16.7123,803,183478,0.825408,226,0,8.83333,,0,0,0,0,0,0,0,0,0,,750,729,,0,0,0,0
1613103153985,6,1010123456045,81,,1,0,6,1,1,,18.6473,811,184270,0.964256,233,0,9.4,,0,0,0,0,0,0,0,0,0,,750,744,,0,0,0,0
1613103154235,6,1010123456045,81,,1,0,6,1,1,,17.4038,800,183173,0.89776,229,0,9.14286,,0.1,72,0,0.1,21,42.8571,0,1.8935,31,,750,720,,0,0,0,5.875
1613103154485,6,1010123456045,81,,1,0,6,1,1,,18.7847,822,184581,1.00234,231,0,8.8,,0,0,0,0,0,0,0,0,0,,750,738,,0,0,0,0
1613103154735,6,1010123456045,81,,1,0,6,1,1,,16.746,803,183145,0.797184,228,0,8.83333,,0,0,0,0,0,0,0,0,0,,750,729,,0,0,0,0
1613103154985,6,1010123456045,81,,1,0,6,1,1,,17.3712,819,183990,0.869664,233,0,8.83333,,13,28,0,0.1,8,50,0,16.0738,31,,750,744,,0,0,0,4.85714
1613103155235,6,1010123456045,81,,1,0,6,1,1,,16.7379,805,184505,0.982528,232,0,8.71429,,0,0,0,0,0,0,0,0,0,,750,741,,0,0,0,0
1613103155485,6,1010123456045,81,,1,0,6,1,1,,20.3213,775,184340,1.16115,220,0,9,,0,0,0,0,0,0,0,0,0,,750,696,,0,0,0,0
1613103155735,6,1010123456045,81,,1,0,6,1,1,,12.9103,769,184262,0.601088,222,0,7.5,,0,0,0,0,0,0,0,0,0,,750,705,,0,0,0,0
1613103155985,6,1010123456045,81,,1,0,6,1,1,,19.7221,788,183398,1.12512,226,0,10,,0.1,47,0,0.1,14,35.7143,0,1.25999,31,,750,726,,0,0,0,4.68085
1613103156235,6,1010123456045,81,,1,0,6,1,1,,16.799,801,183349,0.804032,228,0,8.57143,,0,0,0,0,0,0,0,0,0,,750,714,,0,0,0,0
1613103156485,6,1010123456045,81,,1,0,6,1,1,,16.1584,808,184044,0.776864,229,0,8.5,,0,0,0,0,0,0,0,0,0,,750,735,,0,0,0,0
1613103156735,6,1010123456045,81,,1,0,6,1,1,,15.8501,727,184427,0.718816,211,0,8,,0,0,0,0,0,0,0,0,0,,750,660,,0,0,0,0
1613103156985,6,1010123456045,81,,1,0,6,1,1,,17.6561,785,183564,0.865248,231,0,9,,3.78571,28,0,0.1,8,0,0,15.9303,31,,750,747,,0,0,0,1
1613103157235,6,1010123456045,81,,1,0,6,1,1,,12.3774,795,183846,0.63088,227,0,6.14286,,0,0,0,0,0,0,0,0,0,,750,720,,0,0,0,0
1613103157485,6,1010123456045,81,,1,0,6,1,1,,13.8759,806,183904,0.653952,230,0,7.66667,,0,0,0,0,0,0,0,0,0,,750,738,,0,0,0,0
1613103157735,6,1010123456045,81,,1,0,6,1,1,,16.2096,811,184144,0.804896,233,0,8.33333,,0,0,0,0,0,0,0,0,0,,750,747,,0,0,0,0
1613103157985,6,1010123456045,81,,1,0,6,1,1,,15.3523,775,183655,0.786752,230,0,8,,0,0,0,0,0,0,0,0,0,,750,723,,0,0,0,0
1613103158235,6,1010123456045,81,,1,0,6,1,1,,16.2668,787,184053,0.788384,223,0,8.16667,,8,30,0,0.1,9,44.4444,0,9.26039,31,,750,720,,0,0,0,4.86667
1613103158485,6,1010123456045,81,,1,0,6,1,1,,19.5049,816,183485,1.05478,234,0,9.83333,,0,0,0,0,0,0,0,0,0,,750,744,,0,0,0,0
1613103158735,6,1010123456045,81,,1,0,6,1,1,,13.4428,804,184112,0.675744,232,0,7,,0,0,0,0,0,0,0,0,0,,750,741,,0,0,0,0
1613103158985,6,1010123456045,81,,1,0,6,1,1,,19.1071,794,183657,0.984352,225,0,10,,0,0,0,0,0,0,0,0,0,,750,720,,0,0,0,0
1613103159235,6,1010123456045,81,,1,0,6,1,1,,18.3181,742,184404,0.931904,222,0,9.42857,,15.3544,79,0,0.1,27,88.8889,0,3.64246,31,,750,699,,0,0,0,9.08861
1613103159485,6,1010123456045,81,,1,0,6,1,1,,17.6708,811,183124,0.878112,233,0,9.33333,,0,0,0,0,0,0,0,0,0,,750,747,,0,0,0,0
1613103159735,6,1010123456045,81,,1,0,6,1,1,,16.6062,810,183383,0.858816,234,0,8.33333,,0,0,0,0,0,0,0,0,0,,750,747,,0,0,0,0
1613103159985,6,1010123456045,81,,1,0,6,1,1,,15.0484,785,183630,0.813984,225,0,8,,0,0,0,0,0,0,0,0,0,,750,702,,0,0,0,0
1613103160235,6,1010123456045,81,,1,0,6,1,1,,18.8762,735,183280,0.897248,207,0,9.5,,4.17391,46,0,0.1,13,46.1538,0,4.42212,31,,750,651,,0,0,0,5.30435
1613103160485,6,1010123456045,81,,1,0,6,1,1,,18.0898,757,183262,0.868352,216,0,9,,0,0,0,0,0,0,0,0,0,,750,678,,0,0,0,0
1613103160735,6,1010123456045,81,,1,0,6,1,1,,17.4945,815,184383,0.8512,230,0,9,,0,0,0,0,0,0,0,0,0,,750,738,,0,0,0,0
1613103160985,6,1010123456045,81,,1,0,6,1,1,,14.8586,792,183983,0.793024,228,0,8,,1.36364,33,0,0.1,9,22.2222,0,10.1026,31,,750,726,,0,0,0,3.18182
1613103161235,6,1010123456045,81,,1,0,6,1,1,,15.9815,811,184369,0.788352,236,0,8.83333,,0,0,0,0,0,0,0,0,0,,750,747,,0,0,0,0
1613103161485,6,1010123456045,81,,1,0,6,1,1,,15.0548,803,184121,0.712768,230,0,8,,0,0,0,0,0,0,0,0,0,,750,738,,0,0,0,0
1613103161735,6,1010123456045,81,,1,0,6,1,1,,19.325,797,183405,1.0209,231,0,9.66667,,0,0,0,0,0,0,0,0,0,,750,741,,0,0,0,0
1613103161985,6,1010123456045,81,,1,0,6,1,1,,18,805,183469,0.894432,231,0,9,,0,12,0,0,4,100,0,0,0,,750,735,,0,0,0,0
1613103162235,6,1010123456045,81,,1,0,6,1,1,,13.1275,792,184150,0.659392,232,0,7.14286,,6.23077,26,0,0.1,8,62.5,0,9.94581,31,,750,741,,0,0,0,7
1613103162485,6,1010123456045,81,,1,0,6,1,1,,14.5818,813,184468,0.696992,233,0,7.83333,,0,0,0,0,0,0,0,0,0,,750,744,,0,0,0,0
1613103162735,6,1010123456045,81,,1,0,6,1,1,,15.6331,785,183499,0.823488,226,0,7.5,,0,0,0,0,0,0,0,0,0,,750,726,,0,0,0,0
1613103162985,6,1010123456045,81,,1,0,6,1,1,,11.9415,820,184116,0.62368,234,0,6.66667,,0,0,0,0,0,0,0,0,0,,750,744,,0,0,0,0
1613103163235,6,1010123456045,81,,1,0,6,1,1,,18,804,184180,0.902176,233,0,9,,7.90698,43,0,0.1,12,41.6667,0,13.0817,31,,750,747,,0,0,0,4.97674
1613103163485,6,1010123456045,81,,1,0,6,1,1,,16.4322,782,184554,0.807936,226,0,8.33333,,0,0,0,0,0,0,0,0,0,,750,717,,0,0,0,0
1613103163735,6,1010123456045,81,,1,0,6,1,1,,14.122,787,183226,0.662944,228,0,7.66667,,0,0,0,0,0,0,0,0,0,,750,726,,0,0,0,0
1613103163985,6,1010123456045,81,,1,0,6,1,1,,15.0324,772,183553,0.71024,223,0,8,,15,15,0,0.1,4,75,0,7.3567,31,,750,711,,0,0,0,8.2
1613103164235,6,1010123456045,81,,1,0,6,1,1,,15.0818,819,184439,0.732768,233,0,7.85714,,3.33333,18,0,0.1,5,20,0,6.59144,0,,750,738,,0,0,0,3
1613103164485,6,1010123456045,81,,1,0,6,1,1,,17.1675,812,183069,0.839616,232,0,9,,0,0,0,0,0,0,0,0,0,,750,747,,0,0,0,0
1613103164735,6,1010123456045,81,,1,0,6,1,1,,18,789,183600,0.886688,229,0,9,,0,0,0,0,0,0,0,0,0,,750,723,,0,0,0,0
1613103164985,6,1010123456045,81,,1,0,6,1,1,,13.0325,799,184219,0.622176,231,0,6.83333,,14.9524,21,0,0.1,6,66.6667,0,18.1891,31,,750,744,,0,0,0,7
1613103165235,6,1010123456045,81,,1,0,6,1,1,,17.1936,785,183279,0.825376,229,0,8.85714,,0,0,0,0,0,0,0,0,0,,750,726,,0,0,0,0
1613103165485,6,1010123456045,81,,1,0,6,1,1,,17.5754,796,184100,0.858624,228,0,9.16667,,0,0,0,0,0,0,0,0,0,,750,726,,0,0,0,0
1613103165735,6,1010123456045,81,,1,0,6,1,1,,14.728,805,183981,0.733344,233,0,7.5,,0,0,0,0,0,0,0,0,0,,750,738,,0,0,0,0
1613103165985,6,1010123456045,81,,1,0,6,1,1,,14.1425,807,184104,0.714464,233,0,7.66667,,0,12,0,0,4,100,0,0,0,,750,741,,0,0,0,0
1613103166235,6,1010123456045,81,,1,0,6,1,1,,16.9084,819,183370,0.827776,232,0,8.71429,,0,0,0,0,0,0,0,0,0,,750,744,,0,0,0,0
1613103166486,6,1010123456045,81,,1,0,6,1,1,,15.7255,816,184164,0.782024,232,0,8.16667,,0.1,7,0,0.1,2,0,0,0.886331,31,,753,738,,0,0,0,1.85714
1613103166735,6,1010123456045,81,,1,0,6,1,1,,17.0846,816,183172,0.847614,232,0,8.66667,,0,0,0,0,0,0,0,0,0,,747,738,,0,0,0,0
1613103166985,6,1010123456045,81,,1,0,6,1,1,,15.1176,816,183985,0.733312,234,0,7.83333,,6.47727,44,0,0.1,12,25,0,8.79102,31,,750,747,,0,0,0,3.97727
1613103167235,6,1010123456045,81,,1,0,6,1,1,,12.2481,786,184094,0.579712,224,0,7,,0,0,0,0,0,0,0,0,0,,750,717,,0,0,0,0
1613103167485,6,1010123456045,81,,1,0,6,1,1,,16.0567,794,183515,0.779872,227,0,8.5,,0,0,0,0,0,0,0,0,0,,750,729,,0,0,0,0
1613103167735,6,1010123456045,81,,1,0,6,1,1,,15.0283,813,183469,0.718272,230,0,7.6,,0,0,0,0,0,0,0,0,0,,750,723,,0,0,0,0
1613103167985,6,1010123456045,81,,1,0,6,1,1,,16.8105,818,184363,0.821984,231,0,8.4,,0,12,0,0,4,100,0,0,0,,750,738,,0,0,0,0
1613103168235,6,1010123456045,81,,1,0,6,1,1,,11.2107,783,184317,0.560128,226,0,5.42857,,0.1,39,0,0.1,12,50,0,1.3007,31,,750,708,,0,0,0,6.02564
1613103168485,6,1010123456045,81,,1,0,6,1,1,,14.165,800,182998,0.687488,230,0,8.66667,,0,12,0,0.1,4,75,0,0,0,,750,744,,0,0,0,0
1613103168735,6,1010123456045,81,,1,0,6,1,1,,17.3571,815,183891,0.875872,235,0,8.8,,0,0,0,0,0,0,0,0,0,,750,744,,0,0,0,0
1613103168985,6,1010123456045,81,,1,0,6,1,1,,16.9202,789,183961,0.849312,229,0,8.66667,,4.64286,42,0,0.1,13,61.5385,0,4.295,31,,750,732,,0,0,0,6.85714
1613103169235,6,1010123456045,81,,1,0,6,1,1,,17.9535,795,184043,0.965472,227,0,8.85714,,0,0,0,0,0,0,0,0,0,,750,708,,0,0,0,0
1613103169485,6,1010123456045,81,,1,0,6,1,1,,14.6535,782,184500,0.70992,221,0,7.5,,0,0,0,0,0,0,0,0,0,,750,708,,0,0,0,0
1613103169735,6,1010123456045,81,,1,0,6,1,1,,11.0884,792,183669,0.498944,225,0,6.8,,0,0,0,0,0,0,0,0,0,,750,723,,0,0,0,0
1613103169985,6,1010123456045,81,,1,0,6,1,1,,17.0172,812,183872,0.833536,232,0,8.83333,,0.1,30,0,0.1,9,0,0,2.82197,31,,750,741,,0,0,0,1
1613103170235,6,1010123456045,81,,1,0,6,1,1,,16.1916,809,184463,0.79328,230,0,8.42857,,0,0,0,0,0,0,0,0,0,,750,729,,0,0,0,0
1613103170485,6,1010123456045,81,,1,0,6,1,1,,13.2173,796,184387,0.623456,227,0,7.16667,,0,0,0,0,0,0,0,0,0,,750,714,,0,0,0,0
1613103170735,6,1010123456045,81,,1,0,6,1,1,,15.4753,810,183280,0.769856,234,0,7.83333,,0,0,0,0,0,0,0,0,0,,750,750,,0,0,0,0
1613103170985,6,1010123456045,81,,1,0,6,1,1,,11.9891,822,184314,0.604768,235,0,6.5,,0,0,0,0,0,0,0,0,0,,750,750,,0,0,0,0
1613103171235,6,1010123456045,81,,1,0,6,1,1,,17.0962,769,183405,0.8184,221,0,8.85714,,2,28,0,0.1,8,0,0,13.1702,31,,750,711,,0,0,0,1
1613103171485,6,1010123456045,81,,1,0,6,1,1,,15.518,807,184233,0.868224,228,0,8.5,,0,0,0,0,0,0,0,0,0,,750,723,,0,0,0,0
1613103171735,6,1010123456045,81,,1,0,6,1,1,,17.8531,742,184423,0.861408,215,0,9,,0,0,0,0,0,0,0,0,0,,750,678,,0,0,0,0
1613103171985,6,1010123456045,81,,1,0,6,1,1,,12.9923,775,184450,0.612704,225,0,7.16667,,7.86792,53,0,0.1,16,56.25,0,5.68895,31,,750,726,,0,0,0,6.32075
1613103172235,6,1010123456045,81,,1,0,6,1,1,,15.6849,730,183777,0.686272,208,0,8.28571,,0,0,0,0,0,0,0,0,0,,750,651,,0,0,0,0
1613103172485,6,1010123456045,81,,1,0,6,1,1,,12.4513,780,183368,0.607872,220,0,6.33333,,0,0,0,0,0,0,0,0,0,,750,705,,0,0,0,0
1613103172735,6,1010123456045,81,,1,0,6,1,1,,14.8226,823,184448,0.729888,235,0,8,,0,0,0,0,0,0,0,0,0,,750,741,,0,0,0,0
1613103172985,6,1010123456045,81,,1,0,6,1,1,,16.775,809,183434,0.826784,233,0,8.83333,,5.10638,47,0,0.1,13,69.2308,0,4.96015,31,,750,750,,0,0,0,7.51064
1613103173235,6,1010123456045,81,,1,0,6,1,1,,18.6985,776,183150,0.9992,225,0,10,,0,0,0,0,0,0,0,0,0,,750,714,,0,0,0,0
1613103173485,6,1010123456045,81,,1,0,6,1,1,,13.8097,804,183321,0.708704,231,0,7.33333,,0,0,0,0,0,0,0,0,0,,750,741,,0,0,0,0
1613103173735,6,1010123456045,81,,1,0,6,1,1,,16.5728,810,184425,0.837408,233,0,8.33333,,0,0,0,0,0,0,0,0,0,,750,744,,0,0,0,0
1613103173986,6,1010123456045,81,,1,0,6,1,1,,14.0398,804,183927,0.66639,232,0,7.66667,,7.68421,38,0,0.1,11,36.3636,0,17.4176,31,,747,747,,0,0,0,3.84211
1613103174235,6,1010123456045,81,,1,0,6,1,1,,16.4406,817,183569,0.827695,236,0,8.57143,,0,0,0,0,0,0,0,0,0,,753,747,,0,0,0,0
1613103174485,6,1010123456045,81,,1,0,6,1,1,,16.6095,817,183349,0.951008,235,0,8.4,,0,0,0,0,0,0,0,0,0,,750,750,,0,0,0,0
1613103174735,6,1010123456045,81,,1,0,6,1,1,,16.855,807,184066,0.83552,234,0,8.5,,0,0,0,0,0,0,0,0,0,,750,750,,0,0,0,0
1613103174985,6,1010123456045,81,,1,0,6,1,1,,17.9962,782,183660,1.00259,233,0,9.33333,,15.8495,93,0,0.179488,29,82.7586,0,7.04447,0,,750,744,,0,0,0,8.54839
1613103175235,6,1010123456045,81,,1,0,6,1,1,,15.0748,816,183661,0.756352,232,0,8,,0,0,0,0,0,0,0,0,0,,750,744,,0,0,0,0
1613103175485,6,1010123456045,81,,1,0,6,1,1,,19.5682,792,183940,1.22781,227,0,8.6,,0,0,0,0,0,0,0,0,0,,750,726,,0,0,0,0
1613103175735,6,1010123456045,81,,1,0,6,1,1,,15.6984,829,183831,0.766752,235,0,8,,0,0,0,0,0,0,0,0,0,,750,750,,0,0,0,0
1613103175985,6,1010123456045,81,,1,0,6,1,1,,14.6963,810,183921,0.82512,233,0,7.66667,,14.9495,99,0,0.197504,32,81.25,0,6.45587,31,,750,750,,0,0,0,8.13131
1613103176235,6,1010123456045,81,,1,0,6,1,1,,17.8654,817,183874,0.885632,236,0,9,,0,0,0,0,0,0,0,0,0,,750,747,,0,0,0,0
1613103176485,6,1010123456045,81,,1,0,6,1,1,,16.1239,823,184529,0.831072,233,0,8.33333,,0,0,0,0,0,0,0,0,0,,750,747,,0,0,0,0
1613103176735,6,1010123456045,81,,1,0,6,1,1,,15.9458,793,184519,0.76656,229,0,8.16667,,0,0,0,0,0,0,0,0,0,,750,726,,0,0,0,0
1613103176985,6,1010123456045,81,,1,0,6,1,1,,15.928,778,183869,0.779552,229,0,8.16667,,6,30,0,0.1,9,44.4444,0,11.2558,31,,750,735,,0,0,0,4.7
1613103177235,6,1010123456045,81,,1,0,6,1,1,,12.7399,792,184193,0.638656,229,0,6.85714,,0,0,0,0,0,0,0,0,0,,750,726,,0,0,0,0
1613103177485,6,1010123456045,81,,1,0,6,1,1,,15.201,816,184108,0.74352,229,0,8.66667,,0,0,0,0,0,0,0,0,0,,750,735,,0,0,0,0
1613103177735,6,1010123456045,81,,1,0,6,1,1,,14.9066,824,183389,0.74528,234,0,8,,0,0,0,0,0,0,0,0,0,,750,750,,0,0,0,0
1613103177985,6,1010123456045,81,,1,0,6,1,1,,13.0997,772,184295,0.606272,218,0,6.83333,,4.92857,28,0,0.1,8,25,0,10.7404,31,,750,687,,0,0,0,3.07143
1613103178235,6,1010123456045,81,,1,0,6,1,1,,16.6495,759,184209,0.763104,217,0,8.57143,,0,6,0,0,2,100,0,0,0,,750,687,,0,0,0,0
1613103178485,6,1010123456045,81,,1,0,6,1,1,,17.0365,795,183528,0.82704,225,0,8.66667,,0,0,0,0,0,0,0,0,0,,750,708,,0,0,0,0
1613103178735,6,1010123456045,81,,1,0,6,1,1,,18.2157,728,183699,0.977792,216,0,9.4,,0,0,0,0,0,0,0,0,0,,750,684,,0,0,0,0
1613103178985,6,1010123456045,81,,1,0,6,1,1,,18,795,184114,0.882816,228,0,9,,5.36364,44,0,0.1,13,30.7692,0,6.91307,31,,750,726,,0,0,0,3.45455
1613103179235,6,1010123456045,81,,1,0,6,1,1,,17.0599,818,183555,0.86784,234,0,9,,0,0,0,0,0,0,0,0,0,,750,750,,0,0,0,0
1613103179485,6,1010123456045,81,,1,0,6,1,1,,17.3625,822,183873,0.907712,234,0,8.5,,0,0,0,0,0,0,0,0,0,,750,750,,0,0,0,0
1613103179735,6,1010123456045,81,,1,0,6,1,1,,17.6271,826,184319,0.883936,235,0,9,,0,0,0,0,0,0,0,0,0,,750,744,,0,0,0,0
1613103179985,6,1010123456045,81,,1,0,6,1,1,,17.0179,780,183460,0.920928,227,0,9.16667,,13.1294,85,0,0.1,27,77.7778,0,5.0562,31,,750,732,,0,0,0,7.77647
1613103180235,6,1010123456045,81,,1,0,6,1,1,,17.1489,806,184384,0.985312,231,0,8.5,,0,0,0,0,0,0,0,0,0,,750,729,,0,0,0,0
1613103180485,6,1010123456045,81,,1,0,6,1,1,,15.2406,794,184222,0.704576,226,0,8.5,,0,0,0,0,0,0,0,0,0,,750,723,,0,0,0,0
1613103180735,6,1010123456045,81,,1,0,6,1,1,,14.6175,813,183495,0.735584,231,0,7.66667,,0,0,0,0,0,0,0,0,0,,750,738,,0,0,0,0
1613103180985,6,1010123456045,81,,1,0,6,1,1,,14.741,807,184182,0.789728,231,0,7.66667,,0.1,32,0,0.1,10,50,0,1.37769,31,,750,741,,0,0,0,5.21875
1613103181235,6,1010123456045,81,,1,0,6,1,1,,17.9071,818,184241,0.913792,236,0,8.85714,,0,0,0,0,0,0,0,0,0,,750,750,,0,0,0,0
1613103181485,6,1010123456045,81,,1,0,6,1,1,,15.1352,799,184021,0.720672,225,0,8,,0,0,0,0,0,0,0,0,0,,750,717,,0,0,0,0
1613103181735,6,1010123456045,81,,1,0,6,1,1,,16.1481,790,184309,0.797728,227,0,8.66667,,0,0,0,0,0,0,0,0,0,,750,723,,0,0,0,0
1613103181985,6,1010123456045,81,,1,0,6,1,1,,15.0119,755,183491,0.708832,221,0,7.83333,,14.9697,33,0,0.1,10,80,0,12.785,31,,750,699,,0,0,0,8.09091
1613103182235,6,1010123456045,81,,1,0,6,1,1,,16.585,776,183752,0.787328,223,0,8.71429,,0,0,0,0,0,0,0,0,0,,750,702,,0,0,0,0
1613103182485,6,1010123456045,81,,1,0,6,1,1,,17.0122,822,183768,0.845472,233,0,8.5,,0,0,0,0,0,0,0,0,0,,750,750,,0,0,0,0
1613103182735,6,1010123456045,81,,1,0,6,1,1,,16.0617,746,183505,0.727168,216,0,8,,0,0,0,0,0,0,0,0,0,,750,687,,0,0,0,0
1613103182985,6,1010123456045,81,,1,0,6,1,1,,18.4397,780,183906,0.977536,230,0,9.4,,13.6949,59,0,0.1872,18,61.1111,0,13.1353,31,,750,732,,0,0,0,5.9322
1613103183235,6,1010123456045,81,,1,0,6,1,1,,17.9653,778,183873,0.858048,222,0,9,,0,0,0,0,0,0,0,0,0,,750,708,,0,0,0,0
1613103183485,6,1010123456045,81,,1,0,6,1,1,,16.1313,792,184210,0.801952,226,0,8.5,,0,0,0,0,0,0,0,0,0,,750,714,,0,0,0,0
1613103183735,6,1010123456045,81,,1,0,6,1,1,,12.5618,801,184656,0.632736,231,0,6.16667,,0,0,0,0,0,0,0,0,0,,750,741,,0,0,0,0
1613103183985,6,1010123456045,81,,1,0,6,1,1,,14.1866,793,183145,0.690144,231,0,7.5,,5.25,36,0,0.104416,11,27.2727,0,19.2228,31,,750,744,,0,0,0,3.5
1613103184235,6,1010123456045,81,,1,0,6,1,1,,16.4291,811,183317,0.958144,234,0,8.28571,,0,0,0,0,0,0,0,0,0,,750,741,,0,0,0,0
1613103184485,6,1010123456045,81,,1,0,6,1,1,,12.1357,803,183201,0.567552,226,0,7,,0,0,0,0,0,0,0,0,0,,750,720,,0,0,0,0
1613103184735,6,1010123456045,81,,1,0,6,1,1,,14.5363,826,183542,0.723424,235,0,7.5,,0,0,0,0,0,0,0,0,0,,750,747,,0,0,0,0
1613103184985,6,1010123456045,81,,1,0,6,1,1,,17.2993,822,184012,0.869728,233,0,9,,0.1,31,0,0.1,9,0,0,1.46763,31,,750,750,,0,0,0,1.19355
1613103185235,6,1010123456045,81,,1,0,6,1,1,,18.5761,828,183535,0.994336,235,0,10,,0,0,0,0,0,0,0,0,0,,750,747,,0,0,0,0
1613103185485,6,1010123456045,81,,1,0,6,1,1,,18.0989,728,184473,0.937056,208,0,8.5,,0,3,0,0.1,1,0,0,0,31,,750,666,,0,0,0,0
1613103185735,6,1010123456045,81,,1,0,6,1,1,,13.2242,776,183778,0.610496,226,0,7.16667,,0,0,0,0,0,0,0,0,0,,750,720,,0,0,0,0
1613103185985,6,1010123456045,81,,1,0,6,1,1,,15.3643,774,183466,0.709024,222,0,8,,1.93548,31,0,0.1,9,0,0,13.5913,31,,750,690,,0,0,0,1.19355
1613103186235,6,1010123456045,81,,1,0,6,1,1,,12.6667,795,183568,0.57168,231,0,7.42857,,0,0,0,0,0,0,0,0,0,,750,738,,0,0,0,0
1613103186485,6,1010123456045,81,,1,0,6,1,1,,18.9237,813,184351,1.1585,233,0,9.33333,,0,0,0,0,0,0,0,0,0,,750,738,,0,0,0,0
1613103186735,6,1010123456045,81,,1,0,6,1,1,,15.3635,762,183424,0.709216,219,0,8,,0,0,0,0,0,0,0,0,0,,750,693,,0,0,0,0
1613103186985,6,1010123456045,81,,1,0,6,1,1,,19.2289,795,183622,1.09098,233,0,10,,0,0,0,0,0,0,0,0,0,,750,729,,0,0,0,0
1613103187235,6,1010123456045,81,,1,0,6,1,1,,16.1072,802,183889,0.785088,230,0,8.42857,,0,0,0,0,0,0,0,0,0,,750,750,,0,0,0,0
1613103187485,6,1010123456045,81,,1,0,6,1,1,,12.1174,801,183530,0.60624,231,0,6.16667,,15,16,0,0,4,100,0,1.90276,0,,750,738,,0,0,0,10
1613103187735,6,1010123456045,81,,1,0,6,1,1,,13.9867,826,184331,0.699264,234,0,7.16667,,6.54545,11,0,0.1,3,66.6667,0,7.86246,31,,750,747,,0,0,0,7.54545
1613103187985,6,1010123456045,81,,1,0,6,1,1,,17.0575,783,183134,0.817376,229,0,9,,4.32468,77,0,0.1,22,45.4545,0,6.38917,31,,750,738,,0,0,0,5.37662
1613103188235,6,1010123456045,81,,1,0,6,1,1,,15.5948,728,183919,0.693856,211,0,8.33333,,0,0,0,0,0,0,0,0,0,,750,663,,0,0,0,0
1613103188485,6,1010123456045,81,,1,0,6,1,1,,16.9166,827,184405,0.834464,233,0,8.5,,0,0,0,0,0,0,0,0,0,,750,744,,0,0,0,0
1613103188735,6,1010123456045,81,,1,0,6,1,1,,19.6145,830,183953,1.10349,236,0,9.83333,,0,0,0,0,0,0,0,0,0,,750,750,,0,0,0,0
1613103188985,6,1010123456045,81,,1,0,6,1,1,,16.7313,748,184553,0.839552,220,0,8.83333,,15.1143,35,0,0.1,11,72.7273,0,9.28545,31,,750,711,,0,0,0,7.42857
1613103189235,6,1010123456045,81,,1,0,6,1,1,,15.7844,807,183205,0.760448,232,0,8.28571,,0,0,0,0,0,0,0,0,0,,750,738,,0,0,0,0
1613103189485,6,1010123456045,81,,1,0,6,1,1,,16.2068,822,183328,0.797152,231,0,8.33333,,0,0,0,0,0,0,0,0,0,,750,738,,0,0,0,0
1613103189735,6,1010123456045,81,,1,0,6,1,1,,12.6382,774,183117,0.694624,227,0,6.66667,,0,0,0,0,0,0,0,0,0,,750,717,,0,0,0,0
1613103189985,6,1010123456045,81,,1,0,6,1,1,,17.1177,807,183459,0.827936,227,0,8.66667,,5.13793,29,0,0.108512,8,0,0,17.1139,31,,750,729,,0,0,0,1.82759
1613103190235,6,1010123456045,81,,1,0,6,1,1,,15.5502,816,184133,0.789952,232,0,9,,0,0,0,0,0,0,0,0,0,,750,735,,0,0,0,0
1613103190485,6,1010123456045,81,,1,0,6,1,1,,16.6388,789,184493,0.902112,227,0,8.66667,,0,0,0,0,0,0,0,0,0,,750,717,,0,0,0,0
1613103190735,6,1010123456045,81,,1,0,6,1,1,,17.4099,766,184008,0.815936,222,0,9,,0,0,0,0,0,0,0,0,0,,750,702,,0,0,0,0
1613103190985,6,1010123456045,81,,1,0,6,1,1,,14.1182,795,184458,0.694912,230,0,7,,15.8696,23,0,0.1,6,66.6667,0,17.1711,31,,750,735,,0,0,0,7.26087
1613103191235,6,1010123456045,81,,1,0,6,1,1,,17.7896,789,184012,0.960032,229,0,9.16667,,0,0,0,0,0,0,0,0,0,,750,729,,0,0,0,0
1613103191485,6,1010123456045,81,,1,0,6,1,1,,18.9938,809,183546,1.06282,233,0,9.83333,,0,0,0,0,0,0,0,0,0,,750,747,,0,0,0,0
1613103191735,6,1010123456045,81,,1,0,6,1,1,,16.8699,830,184242,0.875872,235,0,8.66667,,0,0,0,0,0,0,0,0,0,,750,750,,0,0,0,0
1613103191985,6,1010123456045,81,,1,0,6,1,1,,17.1032,785,183895,0.81504,224,0,8.66667,,10.4348,23,0,0.1,6,66.6667,0,1.56962,31,,750,711,,0,0,0,7.26087
1613103192235,6,1010123456045,81,,1,0,6,1,1,,12.7398,734,183924,0.584608,213,0,7.28571,,0,0,0,0,0,0,0,0,0,,750,675,,0,0,0,0
1613103192485,6,1010123456045,81,,1,0,6,1,1,,15.577,792,184013,0.798176,229,0,8,,0.1,4,0,0.1,1,0,0,28.2151,31,,750,732,,0,0,0,1
1613103192735,6,1010123456045,81,,1,0,6,1,1,,14.5209,814,184291,0.712288,235,0,7.66667,,0,0,0,0,0,0,0,0,0,,750,747,,0,0,0,0
1613103192985,6,1010123456045,81,,1,0,6,1,1,,17.2051,712,184054,0.763648,208,0,8.66667,,15,18,0,0.1,5,80,0,9.53365,31,,750,672,,0,0,0,8
1613103193235,6,1010123456045,81,,1,0,6,1,1,,15.7439,781,184296,0.765984,229,0,8.42857,,6.75,16,0,0.1,5,80,0,8.12807,31,,750,723,,0,0,0,7.75
1613103193485,6,1010123456045,81,,1,0,6,1,1,,20.2238,791,184306,1.11939,225,0,10.1667,,4.69565,23,0,0.1,7,57.1429,0,6.49915,0,,750,723,,0,0,0,5.69565
1613103193735,6,1010123456045,81,,1,0,6,1,1,,18.3418,787,183462,0.932512,225,0,9.5,,0,0,0,0,0,0,0,0,0,,750,705,,0,0,0,0
1613103193985,6,1010123456045,81,,1,0,6,1,1,,14.1907,750,183155,0.6336,216,0,7.66667,,0,0,0,0,0,0,0,0,0,,750,687,,0,0,0,0
1613103194235,6,1010123456045,81,,1,0,6,1,1,,17.9847,783,183936,0.874048,226,0,9,,7.58974,39,0,0.1,11,45.4545,0,10.4492,31,,750,723,,0,0,0,5.38462
1613103194485,6,1010123456045,81,,1,0,6,1,1,,15.7623,816,183167,0.830976,234,0,7.83333,,0,0,0,0,0,0,0,0,0,,750,747,,0,0,0,0
1613103194735,6,1010123456045,81,,1,0,6,1,1,,16.7014,767,183551,0.802816,224,0,8.8,,0,0,0,0,0,0,0,0,0,,744,717,,0,0,0,0
1613103194985,6,1010123456045,81,,1,0,6,1,1,,20.1375,778,183723,1.16387,227,0,10.5,,10.1636,55,0,0.1,15,53.3333,0,7.23161,31,,756,723,,0,0,0,5.98182
1613103195235,6,1010123456045,81,,1,0,6,1,1,,14.9684,791,184247,0.75056,228,0,8,,0,0,0,0,0,0,0,0,0,,750,729,,0,0,0,0
1613103195485,6,1010123456045,81,,1,0,6,1,1,,15.0703,811,184113,0.767424,234,0,7.66667,,0,0,0,0,0,0,0,0,0,,750,750,,0,0,0,0
1613103195735,6,1010123456045,81,,1,0,6,1,1,,18.9875,798,183808,1.04867,231,0,9.66667,,0,0,0,0,0,0,0,0,0,,750,735,,0,0,0,0
1613103195985,6,1010123456045,81,,1,0,6,1,1,,16.6389,781,183001,0.884032,226,0,9.16667,,2.55696,79,0,0.1,23,52.1739,0,4.46974,31,,750,729,,0,0,0,5.93671
1613103196235,6,1010123456045,81,,1,0,6,1,1,,12.4377,706,184357,0.575968,201,0,7,,0,0,0,0,0,0,0,0,0,,750,636,,0,0,0,0
1613103196485,6,1010123456045,81,,1,0,6,1,1,,15.8811,774,183500,0.831616,219,0,8.83333,,0,0,0,0,0,0,0,0,0,,750,702,,0,0,0,0
1613103196735,6,1010123456045,81,,1,0,6,1,1,,18,793,183681,0.898304,232,0,9,,0,0,0,0,0,0,0,0,0,,750,729,,0,0,0,0
1613103196985,6,1010123456045,81,,1,0,6,1,1,,17.2183,774,184098,0.929536,226,0,9,,1.40625,32,0,0.1,9,0,0,8.41324,31,,750,729,,0,0,0,1
1613103197235,6,1010123456045,81,,1,0,6,1,1,,16.4496,803,183643,0.842272,233,0,8.4,,0,0,0,0,0,0,0,0,0,,750,735,,0,0,0,0
1613103197485,6,1010123456045,81,,1,0,6,1,1,,15.3119,808,184034,0.719552,230,0,9,,0,0,0,0,0,0,0,0,0,,750,741,,0,0,0,0
1613103197735,6,1010123456045,81,,1,0,6,1,1,,16.4732,803,183868,0.846656,232,0,8,,0,0,0,0,0,0,0,0,0,,750,741,,0,0,0,0
1613103197985,6,1010123456045,81,,1,0,6,1,1,,14.5126,792,184326,0.68352,230,0,7.6,,3.69231,52,0,0.1,15,40,0,4.1054,31,,750,729,,0,0,0,4.84615
1613103198235,6,1010123456045,81,,1,0,6,1,1,,21.0729,796,183685,1.24746,231,0,10.5714,,0,0,0,0,0,0,0,0,0,,750,741,,0,0,0,0
1613103198485,6,1010123456045,81,,1,0,6,1,1,,17.7567,818,184069,0.931744,235,0,9,,0,0,0,0,0,0,0,0,0,,750,747,,0,0,0,0
1613103198735,6,1010123456045,81,,1,0,6,1,1,,14.7692,780,184330,0.737216,226,0,7.16667,,0,0,0,0,0,0,0,0,0,,750,714,,0,0,0,0
1613103198986,6,1010123456045,81,,1,0,6,1,1,,14.857,776,183676,0.733482,229,0,7.8,,15.8529,34,0,0.207841,11,54.5455,0,14.0351,31,,756,732,,0,0,0,5.76471
1613103199235,6,1010123456045,81,,1,0,6,1,1,,12.584,810,183413,0.621173,232,0,6.71429,,16,54,0,0,18,100,0,1.21363,0,,744,741,,0,0,0,10
1613103199485,6,1010123456045,81,,1,0,6,1,1,,17.1663,806,183462,0.843808,233,0,9,,0,0,0,0,0,0,0,0,0,,750,747,,0,0,0,0
1613103199735,6,1010123456045,81,,1,0,6,1,1,,16.2689,792,184238,0.78336,228,0,8.33333,,0,0,0,0,0,0,0,0,0,,750,720,,0,0,0,0
1613103199985,6,1010123456045,81,,1,0,6,1,1,,18.3098,794,184045,0.995232,229,0,9.5,,7.36,50,0,0.1,14,57.1429,0,6.86695,31,,750,729,,0,0,0,6.04
1613103200235,6,1010123456045,81,,1,0,6,1,1,,15.3912,795,183897,0.771232,231,0,8,,0,0,0,0,0,0,0,0,0,,750,732,,0,0,0,0
1613103200485,6,1010123456045,81,,1,0,6,1,1,,15.6347,783,184124,0.763328,226,0,8.16667,,0,0,0,0,0,0,0,0,0,,750,717,,0,0,0,0
1613103200735,6,1010123456045,81,,1,0,6,1,1,,16.4268,813,183459,0.833728,234,0,8.66667,,0,0,0,0,0,0,0,0,0,,750,741,,0,0,0,0
1613103200985,6,1010123456045,81,,1,0,6,1,1,,17.6428,823,183913,0.871456,233,0,9,,0,12,0,0,4,100,0,0,0,,750,750,,0,0,0,0
1613103201235,6,1010123456045,81,,1,0,6,1,1,,13.2615,784,183666,0.643488,225,0,7.28571,,0,0,0,0,0,0,0,0,0,,750,711,,0,0,0,0
1613103201485,6,1010123456045,81,,1,0,6,1,1,,17.2792,813,183507,0.868992,230,0,8.33333,,6.67742,62,0,0.1,17,70.5882,0,6.28385,31,,750,738,,0,0,0,7.67742
1613103201735,6,1010123456045,81,,1,0,6,1,1,,15.5219,753,184262,0.720928,217,0,8.5,,0,0,0,0,0,0,0,0,0,,750,696,,0,0,0,0
1613103201985,6,1010123456045,81,,1,0,6,1,1,,13.9277,802,184243,0.68832,230,0,7.5,,2.28571,28,0,0.1,8,0,0,8.8206,31,,750,726,,0,0,0,1.10714
1613103202235,6,1010123456045,81,,1,0,6,1,1,,17.3606,771,184178,0.792256,218,0,8.85714,,0,0,0,0,0,0,0,0,0,,750,699,,0,0,0,0
1613103202485,6,1010123456045,81,,1,0,6,1,1,,10.926,770,183457,0.52704,218,0,6.16667,,0,0,0,0,0,0,0,0,0,,750,687,,0,0,0,0
1613103202735,6,1010123456045,81,,1,0,6,1,1,,12.1572,725,183312,0.569344,209,0,6.83333,,0,0,0,0,0,0,0,0,0,,750,657,,0,0,0,0
1613103202985,6,1010123456045,81,,1,0,6,1,1,,13.4949,784,183325,0.65728,224,0,7.16667,,14.1,10,0,0.1,3,0,0,33.716,31,,750,717,,0,0,0,1
1613103203235,6,1010123456045,81,,1,0,6,1,1,,13.3165,812,183769,0.6688,232,0,7.28571,,0,0,0,0,0,0,0,0,0,,750,744,,0,0,0,0
1613103203485,6,1010123456045,81,,1,0,6,1,1,,17.3865,802,183513,0.860704,231,0,8.83333,,0,0,0,0,0,0,0,0,0,,750,741,,0,0,0,0
1613103203735,6,1010123456045,81,,1,0,6,1,1,,16.5922,792,183817,0.83408,233,0,8.6,,0,0,0,0,0,0,0,0,0,,750,744,,0,0,0,0
1613103203985,6,1010123456045,81,,1,0,6,1,1,,14.5179,809,183309,0.770624,230,0,7.33333,,15,16,0,0,4,100,0,1.5262,0,,750,735,,0,0,0,10
1613103204235,6,1010123456045,81,,1,0,6,1,1,,17.9795,732,183120,0.835008,214,0,9.28571,,0,0,0,0,0,0,0,0,0,,750,684,,0,0,0,0
1613103204485,6,1010123456045,81,,1,0,6,1,1,,16.8424,812,183953,0.823904,231,0,8.5,,0.1,10,0,0.1,3,33.3333,0,1.69991,31,,750,729,,0,0,0,3.7
1613103204735,6,1010123456045,81,,1,0,6,1,1,,12.3304,808,183476,0.598336,230,0,6.5,,0,0,0,0,0,0,0,0,0,,750,723,,0,0,0,0
1613103204985,6,1010123456045,81,,1,0,6,1,1,,20.505,804,183124,1.18528,232,0,10.3333,,15.4222,90,0,0.170432,29,82.7586,0,7.41851,31,,750,741,,0,0,0,8.1
1613103205235,6,1010123456045,81,,1,0,6,1,1,,13.5519,799,184418,0.639328,228,0,7.57143,,0,3,0,0.1,1,0,0,0,31,,750,723,,0,0,0,0
1613103205485,6,1010123456045,81,,1,0,6,1,1,,17.9194,819,183720,0.92256,232,0,9.16667,,0,0,0,0,0,0,0,0,0,,750,738,,0,0,0,0
1613103205735,6,1010123456045,81,,1,0,6,1,1,,15.2823,751,183289,0.689728,214,0,7.83333,,0,0,0,0,0,0,0,0,0,,750,687,,0,0,0,0
1613103205985,6,1010123456045,81,,1,0,6,1,1,,16.513,807,183003,0.803648,234,0,8.5,,15.9524,84,0,0.244096,27,77.7778,0,8.77242,31,,750,747,,0,0,0,7.71429
1613103206235,6,1010123456045,81,,1,0,6,1,1,,18,815,183067,0.902176,233,0,9,,0,0,0,0,0,0,0,0,0,,750,747,,0,0,0,0
1613103206485,6,1010123456045,81,,1,0,6,1,1,,17.771,821,183611,0.933728,235,0,9,,0,0,0,0,0,0,0,0,0,,750,750,,0,0,0,0
1613103206735,6,1010123456045,81,,1,0,6,1,1,,16.5794,768,183800,0.799808,220,0,8.83333,,0,0,0,0,0,0,0,0,0,,750,687,,0,0,0,0
1613103206985,6,1010123456045,81,,1,0,6,1,1,,18.1117,788,184294,0.927712,231,0,9.16667,,14.2553,94,0,0.1,31,83.871,0,5.03057,31,,750,732,,0,0,0,8.65957
1613103207239,6,1010123456045,81,,1,0,6,1,1,,14.7524,820,183237,0.699339,234,0,7.85714,,0,0,0,0,0,0,0,0,0,,753,753,,0,0,0,0
1613103207485,6,1010123456045,81,,1,0,6,1,1,,15.5601,732,183927,0.701854,210,0,8.4,,0,0,0,0,0,0,0,0,0,,747,672,,0,0,0,0
1613103207735,6,1010123456045,81,,1,0,6,1,1,,16.8256,820,183140,0.834176,234,0,8.5,,0,0,0,0,0,0,0,0,0,,750,747,,0,0,0,0
1613103207985,6,1010123456045,81,,1,0,6,1,1,,15.4968,771,184208,0.723616,222,0,8,,5.45455,33,0,0.1,10,40,0,8.14641,31,,750,711,,0,0,0,4.36364
1613103208235,6,1010123456045,81,,1,0,6,1,1,,16.2005,808,183123,0.802496,234,0,8.42857,,0,0,0,0,0,0,0,0,0,,750,738,,0,0,0,0
1613103208485,6,1010123456045,81,,1,0,6,1,1,,22.7874,809,184412,1.4537,232,0,11.6667,,0,0,0,0,0,0,0,0,0,,750,747,,0,0,0,0
1613103208735,6,1010123456045,81,,1,0,6,1,1,,18.7415,820,184534,1.03901,233,0,9.66667,,0,0,0,0,0,0,0,0,0,,750,741,,0,0,0,0
1613103208985,6,1010123456045,81,,1,0,6,1,1,,15.9186,811,184097,0.776992,233,0,8,,4.86486,37,0,0.1,11,54.5455,0,4.32148,31,,750,747,,0,0,0,5.62162
1613103209235,6,1010123456045,81,,1,0,6,1,1,,17.3598,781,183125,0.842816,226,0,8.85714,,0,0,0,0,0,0,0,0,0,,750,714,,0,0,0,0
1613103209485,6,1010123456045,81,,1,0,6,1,1,,14.0876,822,183683,0.691808,233,0,7.5,,0,0,0,0,0,0,0,0,0,,750,750,,0,0,0,0
1613103209735,6,1010123456045,81,,1,0,6,1,1,,16.788,797,183720,0.810752,228,0,8.5,,0,0,0,0,0,0,0,0,0,,750,729,,0,0,0,0
1613103209985,6,1010123456045,81,,1,0,6,1,1,,13.4012,805,183978,0.65936,233,0,7,,10.9286,14,0,0.1,4,0,0,32.0595,31,,750,744,,0,0,0,1
1613103210235,6,1010123456045,81,,1,0,6,1,1,,18.0631,792,183153,0.932352,228,0,8.83333,,0,0,0,0,0,0,0,0,0,,750,723,,0,0,0,0
1613103210485,6,1010123456045,81,,1,0,6,1,1,,18,799,183333,0.89056,230,0,9,,0,0,0,0,0,0,0,0,0,,750,726,,0,0,0,0
1613103210735,6,1010123456045,81,,1,0,6,1,1,,16.3797,769,183618,0.803744,227,0,8.5,,0,0,0,0,0,0,0,0,0,,750,726,,0,0,0,0
1613103210985,6,1010123456045,81,,1,0,6,1,1,,19.4624,744,183579,1.04253,215,0,10.1667,,15,16,0,0,4,100,0,1.68296,0,,750,684,,0,0,0,10
1613103211235,6,1010123456045,81,,1,0,6,1,1,,15.2266,821,183965,0.717472,233,0,8.71429,,0,0,0,0,0,0,0,0,0,,750,741,,0,0,0,0
1613103211485,6,1010123456045,81,,1,0,6,1,1,,21.1592,804,183898,1.26253,230,0,10,,6.4,45,0,0.1,12,66.6667,0,6.00688,31,,750,735,,0,0,0,7.46667
1613103211735,6,1010123456045,81,,1,0,6,1,1,,16.0771,804,183234,0.7776,230,0,8.6,,0,0,0,0,0,0,0,0,0,,750,732,,0,0,0,0
1613103211985,6,1010123456045,81,,1,0,6,1,1,,18.4969,797,184141,1.00586,229,0,9.5,,6.5,30,0,0.1,9,44.4444,0,4.3205,31,,750,735,,0,0,0,4.9
1613103212235,6,1010123456045,81,,1,0,6,1,1,,16.1533,809,184342,0.814624,235,0,8.16667,,0,0,0,0,0,0,0,0,0,,750,741,,0,0,0,0
1613103212485,6,1010123456045,81,,1,0,6,1,1,,17.0474,823,184403,0.852864,232,0,8.66667,,0,0,0,0,0,0,0,0,0,,750,750,,0,0,0,0
1613103212735,6,1010123456045,81,,1,0,6,1,1,,18.0777,798,183681,0.916256,233,0,9.33333,,0,0,0,0,0,0,0,0,0,,750,738,,0,0,0,0
1613103212985,6,1010123456045,81,,1,0,6,1,1,,14.6203,806,183615,0.715552,233,0,7.83333,,0,0,0,0,0,0,0,0,0,,750,750,,0,0,0,0
1613103213235,6,1010123456045,81,,1,0,6,1,1,,16.6658,793,183147,0.920768,232,0,8.85714,,0.1,47,0,0.1,14,50,0,1.30695,31,,750,738,,0,0,0,6.65957
1613103213485,6,1010123456045,81,,1,0,6,1,1,,14.1463,793,184073,0.683584,226,0,7.5,,0,0,0,0,0,0,0,0,0,,750,726,,0,0,0,0
1613103213735,6,1010123456045,81,,1,0,6,1,1,,15.0118,763,184241,0.727936,226,0,7.83333,,0,0,0,0,0,0,0,0,0,,750,717,,0,0,0,0
1613103213985,6,1010123456045,81,,1,0,6,1,1,,16.9895,765,184183,0.791936,220,0,8.83333,,0.1,49,0,0.1,13,30.7692,0,6.2477,31,,750,708,,0,0,0,4.30612
1613103214235,6,1010123456045,81,,1,0,6,1,1,,15.0646,774,183515,0.694816,220,0,7.85714,,0,0,0,0,0,0,0,0,0,,750,693,,0,0,0,0
1613103214485,6,1010123456045,81,,1,0,6,1,1,,14.9946,745,183604,0.691008,210,0,6.83333,,0,0,0,0,0,0,0,0,0,,750,660,,0,0,0,0
1613103214735,6,1010123456045,81,,1,0,6,1,1,,11.668,774,183516,0.51568,219,0,7.5,,0,0,0,0,0,0,0,0,0,,750,702,,0,0,0,0
1613103214985,6,1010123456045,81,,1,0,6,1,1,,15.6371,777,183123,0.718336,222,0,8.16667,,0,0,0,0,0,0,0,0,0,,750,708,,0,0,0,0
1613103215235,6,1010123456045,81,,1,0,6,1,1,,19.1526,760,184091,1.02707,224,0,9.28571,,11.2673,101,0,0.1,30,76.6667,0,4.91512,31,,750,699,,0,0,0,8.09901
1613103215485,6,1010123456045,81,,1,0,6,1,1,,15.0792,821,183468,0.819264,230,0,8.83333,,0,0,0,0,0,0,0,0,0,,750,741,,0,0,0,0
1613103215735,6,1010123456045,81,,1,0,6,1,1,,18.1515,812,184236,0.916288,230,0,9.33333,,0,0,0,0,0,0,0,0,0,,750,729,,0,0,0,0
1613103215985,6,1010123456045,81,,1,0,6,1,1,,18.9283,795,184278,0.98784,230,0,9.5,,4.33333,48,0,0.1,14,35.7143,0,2.95601,31,,750,741,,0,0,0,4.1875
1613103216235,6,1010123456045,81,,1,0,6,1,1,,18.7934,784,184238,0.997312,226,0,9.66667,,0,0,0,0,0,0,0,0,0,,750,714,,0,0,0,0
1613103216485,6,1010123456045,81,,1,0,6,1,1,,17.4846,811,184066,0.871328,229,0,8.5,,0,0,0,0,0,0,0,0,0,,750,729,,0,0,0,0
1613103216735,6,1010123456045,81,,1,0,6,1,1,,11.9084,797,184385,0.575232,229,0,6.5,,0,0,0,0,0,0,0,0,0,,750,726,,0,0,0,0
1613103216985,6,1010123456045,81,,1,0,6,1,1,,15.8457,784,184403,0.853664,230,0,8.66667,,15.0533,75,0,0.234752,24,70.8333,0,10.1387,31,,750,741,,0,0,0,7
1613103217235,6,1010123456045,81,,1,0,6,1,1,,17.8107,782,183936,0.965024,231,0,9.28571,,0,0,0,0,0,0,0,0,0,,750,720,,0,0,0,0
1613103217485,6,1010123456045,81,,1,0,6,1,1,,17.0698,759,183443,0.8,214,0,8.83333,,0,0,0,0,0,0,0,0,0,,750,705,,0,0,0,0
1613103217735,6,1010123456045,81,,1,0,6,1,1,,15.6187,813,184220,0.813376,234,0,7.5,,0,0,0,0,0,0,0,0,0,,750,747,,0,0,0,0
1613103217985,6,1010123456045,81,,1,0,6,1,1,,17.0863,765,184080,0.967904,221,0,9.33333,,15.0233,86,0,0.237312,27,74.0741,0,6.31958,31,,750,708,,0,0,0,7.90698
1613103218235,6,1010123456045,81,,1,0,6,1,1,,18.602,814,183891,1.00269,234,0,9.42857,,0,0,0,0,0,0,0,0,0,,750,747,,0,0,0,0
1613103218485,6,1010123456045,81,,1,0,6,1,1,,16.6292,801,183738,0.831488,228,0,8.16667,,0,0,0,0,0,0,0,0,0,,750,726,,0,0,0,0
1613103218735,6,1010123456045,81,,1,0,6,1,1,,15.7417,817,184033,0.765536,233,0,8.83333,,0,0,0,0,0,0,0,0,0,,750,741,,0,0,0,0
1613103218985,6,1010123456045,81,,1,0,6,1,1,,15.6045,799,184315,0.830432,233,0,8,,4.66667,48,0,0.1,14,35.7143,0,3.71413,31,,750,738,,0,0,0,4.25
1613103219235,6,1010123456045,81,,1,0,6,1,1,,14.6121,807,183730,0.750208,232,0,6.71429,,0,0,0,0,0,0,0,0,0,,750,744,,0,0,0,0
1613103219485,6,1010123456045,81,,1,0,6,1,1,,15.2494,814,183186,0.763456,232,0,9,,0,0,0,0,0,0,0,0,0,,750,735,,0,0,0,0
1613103219735,6,1010123456045,81,,1,0,6,1,1,,19.3141,780,183937,1.0071,220,0,9.83333,,0,0,0,0,0,0,0,0,0,,750,705,,0,0,0,0
1613103219985,6,1010123456045,81,,1,0,6,1,1,,17.3625,800,183189,0.862304,231,0,8.83333,,0.1,50,0,0.1,14,21.4286,0,4.60679,31,,750,735,,0,0,0,3.28
1613103220235,6,1010123456045,81,,1,0,6,1,1,,11.7004,821,183656,0.631744,236,0,6.57143,,0,0,0,0,0,0,0,0,0,,750,750,,0,0,0,0
1613103220485,6,1010123456045,81,,1,0,6,1,1,,16.2512,804,184449,0.775264,227,0,8.33333,,0,0,0,0,0,0,0,0,0,,750,723,,0,0,0,0
1613103220735,6,1010123456045,81,,1,0,6,1,1,,16.9816,817,184345,0.898304,236,0,8.83333,,0,0,0,0,0,0,0,0,0,,750,750,,0,0,0,0
1613103220985,6,1010123456045,81,,1,0,6,1,1,,18.9457,792,184108,1.01082,228,0,9.66667,,7.25806,31,0,0.1,10,40,0,10.0846,31,,750,735,,0,0,0,4.48387
1613103221235,6,1010123456045,81,,1,0,6,1,1,,18,796,183092,0.894432,231,0,9,,0,0,0,0,0,0,0,0,0,,750,726,,0,0,0,0
1613103221485,6,1010123456045,81,,1,0,6,1,1,,14.4561,798,184538,0.708704,229,0,7.66667,,0,0,0,0,0,0,0,0,0,,750,732,,0,0,0,0
1613103221735,6,1010123456045,81,,1,0,6,1,1,,17.3462,806,183703,0.899968,232,0,8.66667,,0,0,0,0,0,0,0,0,0,,750,744,,0,0,0,0
1613103221985,6,1010123456045,81,,1,0,6,1,1,,19.1409,816,183902,1.06134,235,0,9.83333,,15.6076,79,0,0.16896,25,80,0,8.06938,31,,750,750,,0,0,0,7.83544
1613103222235,6,1010123456045,81,,1,0,6,1,1,,18,816,184083,0.898304,232,0,9,,0,0,0,0,0,0,0,0,0,,750,735,,0,0,0,0
1613103222485,6,1010123456045,81,,1,0,6,1,1,,17.3386,815,183785,0.860128,231,0,8.83333,,0,0,0,0,0,0,0,0,0,,750,735,,0,0,0,0
1613103222735,6,1010123456045,81,,1,0,6,1,1,,18,817,183966,0.898304,232,0,9,,0,0,0,0,0,0,0,0,0,,750,744,,0,0,0,0
1613103222985,6,1010123456045,81,,1,0,6,1,1,,18,793,184147,0.89056,230,0,9,,0.333333,117,0,0.1,34,58.8235,0,3.77268,31,,750,735,,0,0,0,6.25641
1613103223235,6,1010123456045,81,,1,0,6,1,1,,17.9847,782,183847,0.882816,228,0,9,,0,0,0,0,0,0,0,0,0,,738,732,,0,0,0,0
1613103223515,9,1010123456045,81,,1,0,6,1,1,,17.2484,475,181210,0.504657,151,0,9,,0,0,0,0,0,0,0,0,0,,588,513,,0,0,0,0
1613103223735,10,1010123456045,81,,1,0,6,1,1,,15.4815,324,184590,0.298655,77,0,9,,0,0,0,0,0,0,0,0,0,,399,270,,0,0,0,0
1613103223985,10,1010123456045,81,,1,0,6,1,1,,15.7025,316,183453,0.325568,94,0,9,,14.2,40,0,0.2728,12,41.6667,0,16.2901,31,,456,288,,0,0,0,5.375
1613103224235,9,1010123456045,81,,1,0,6,1,1,,15.6084,286,183491,0.27984,81,0,9,,0,0,0,0,0,0,0,0,0,,411,276,,0,0,0,0
1613103224485,6,1010123456045,81,,1,0,6,1,1,,13.9222,540,183746,0.454432,151,0,7.33333,,0,0,0,0,0,0,0,0,0,,585,519,,0,0,0,0
1613103224735,6,1010123456045,81,,1,0,6,1,1,,17.3756,804,183616,0.862304,231,0,8.83333,,0,0,0,0,0,0,0,0,0,,750,726,,0,0,0,0
1613103224985,6,1010123456045,81,,1,0,6,1,1,,19.4779,793,183650,1.0799,231,0,9.83333,,15.942,69,0,0.289024,22,68.1818,0,11.526,31,,750,744,,0,0,0,6.91304
1613103225235,6,1010123456045,81,,1,0,6,1,1,,18,819,183597,0.90992,235,0,9,,0,0,0,0,0,0,0,0,0,,750,747,,0,0,0,0
1613103225485,6,1010123456045,81,,1,0,6,1,1,,17.6509,782,183910,0.842624,220,0,8.8,,0,0,0,0,0,0,0,0,0,,750,708,,0,0,0,0
1613103225735,6,1010123456045,81,,1,0,6,1,1,,16.2485,813,184342,0.80432,231,0,8.33333,,0,0,0,0,0,0,0,0,0,,750,741,,0,0,0,0
1613103225985,6,1010123456045,81,,1,0,6,1,1,,16.9962,780,183304,0.825056,231,0,8.83333,,15.9615,78,0,0.127232,25,80,0,8.53682,31,,750,735,,0,0,0,8.15385
1613103226235,6,1010123456045,81,,1,0,6,1,1,,18,803,183368,0.902176,233,0,9,,0,0,0,0,0,0,0,0,0,,750,744,,0,0,0,0
1613103226485,6,1010123456045,81,,1,0,6,1,1,,16.7625,821,183897,0.833792,232,0,8.66667,,0,0,0,0,0,0,0,0,0,,750,741,,0,0,0,0
1613103226735,6,1010123456045,81,,1,0,6,1,1,,16.9261,812,183240,0.833472,232,0,8.5,,0,0,0,0,0,0,0,0,0,,750,744,,0,0,0,0
1613103226985,6,1010123456045,81,,1,0,6,1,1,,18,807,184500,0.902176,233,0,9,,15.8696,23,0,0.1,6,66.6667,0,17.4012,31,,750,744,,0,0,0,7.26087
1613103227235,6,1010123456045,81,,1,0,6,1,1,,17.3358,807,184095,0.871488,234,0,8.85714,,0,0,0,0,0,0,0,0,0,,750,750,,0,0,0,0
1613103227485,6,1010123456045,81,,1,0,6,1,1,,18,827,183925,0.906048,234,0,9,,0,0,0,0,0,0,0,0,0,,750,747,,0,0,0,0
1613103227735,6,1010123456045,81,,1,0,6,1,1,,18,819,183989,0.898304,232,0,9,,0,0,0,0,0,0,0,0,0,,750,741,,0,0,0,0
1613103227985,6,1010123456045,81,,1,0,6,1,1,,17.9767,772,183589,0.862432,223,0,9,,15.7895,19,0,0.1,6,66.6667,0,17.7624,31,,750,720,,0,0,0,6.68421
1613103228235,6,1010123456045,81,,1,0,6,1,1,,17.3842,799,183435,0.863968,231,0,8.85714,,0,0,0,0,0,0,0,0,0,,750,735,,0,0,0,0
1613103228485,6,1010123456045,81,,1,0,6,1,1,,17.1397,809,183582,0.855008,231,0,8.66667,,0,0,0,0,0,0,0,0,0,,750,741,,0,0,0,0
1613103228735,6,1010123456045,81,,1,0,6,1,1,,17.6289,830,183910,0.883936,235,0,9,,0,0,0,0,0,0,0,0,0,,750,750,,0,0,0,0
1613103228985,6,1010123456045,81,,1,0,6,1,1,,18,814,183740,0.902176,233,0,9,,8.63636,33,0,0.1,9,44.4444,0,7.60439,31,,750,750,,0,0,0,5.36364
1613103229235,6,1010123456045,81,,1,0,6,1,1,,18,825,183569,0.913792,236,0,9,,0,0,0,0,0,0,0,0,0,,750,750,,0,0,0,0
1613103229485,6,1010123456045,81,,1,0,6,1,1,,18,826,183399,0.898304,232,0,9,,0,0,0,0,0,0,0,0,0,,750,747,,0,0,0,0
1613103229735,6,1010123456045,81,,1,0,6,1,1,,17.5891,808,184340,0.880096,231,0,8.83333,,0,0,0,0,0,0,0,0,0,,750,741,,0,0,0,0
1613103229985,6,1010123456045,81,,1,0,6,1,1,,17.7764,805,184650,0.884256,233,0,9,,1.71429,28,0,0.1,8,0,0,7.22449,31,,750,744,,0,0,0,1
1613103230235,6,1010123456045,81,,1,0,6,1,1,,18,792,183633,0.886688,229,0,9,,0,0,0,0,0,0,0,0,0,,750,735,,0,0,0,0
1613103230485,6,1010123456045,81,,1,0,6,1,1,,18,803,183579,0.898304,232,0,9,,0,0,0,0,0,0,0,0,0,,750,738,,0,0,0,0
1613103230735,6,1010123456045,81,,1,0,6,1,1,,17.3476,817,183271,0.868256,233,0,8.83333,,0,0,0,0,0,0,0,0,0,,750,747,,0,0,0,0
1613103230985,6,1010123456045,81,,1,0,6,1,1,,16.9632,789,184162,0.82176,228,0,8.5,,14.5,38,0,0.1,11,72.7273,0,9.55824,31,,750,729,,0,0,0,7.07895
1613103231235,6,1010123456045,81,,1,0,6,1,1,,17.3733,817,183802,0.86992,233,0,8.85714,,0,0,0,0,0,0,0,0,0,,750,747,,0,0,0,0
1613103231485,6,1010123456045,81,,1,0,6,1,1,,18,824,183630,0.906048,234,0,9,,0,0,0,0,0,0,0,0,0,,750,750,,0,0,0,0
1613103231735,6,1010123456045,81,,1,0,6,1,1,,18,816,183343,0.90992,235,0,9,,0,0,0,0,0,0,0,0,0,,750,750,,0,0,0,0
1613103231985,6,1010123456045,81,,1,0,6,1,1,,17.3929,756,183693,0.838688,225,0,8.83333,,9.43902,41,0,0.1,13,61.5385,0,1.47264,31,,750,726,,0,0,0,7.14634
1613103232235,6,1010123456045,81,,1,0,6,1,1,,17.295,817,183473,0.876768,235,0,8.71429,,0,0,0,0,0,0,0,0,0,,750,741,,0,0,0,0
1613103232485,6,1010123456045,81,,1,0,6,1,1,,17.5044,797,183480,0.8384,224,0,9,,0,0,0,0,0,0,0,0,0,,750,726,,0,0,0,0
1613103232735,6,1010123456045,81,,1,0,6,1,1,,18,834,183194,0.913792,236,0,9,,0,0,0,0,0,0,0,0,0,,750,750,,0,0,0,0
1613103232985,6,1010123456045,81,,1,0,6,1,1,,16.7309,799,183595,0.845216,233,0,8.66667,,4.55556,36,0,0.11328,10,0,0,18.6326,31,,750,750,,0,0,0,1.19444
1613103233235,6,1010123456045,81,,1,0,6,1,1,,17.3107,795,183462,0.859168,233,0,8.85714,,0,0,0,0,0,0,0,0,0,,750,741,,0,0,0,0
1613103233485,6,1010123456045,81,,1,0,6,1,1,,18.2743,802,184458,0.915136,230,0,9.16667,,0,0,0,0,0,0,0,0,0,,750,729,,0,0,0,0
1613103233735,6,1010123456045,81,,1,0,6,1,1,,17.9837,738,184365,0.804864,208,0,9,,0,0,0,0,0,0,0,0,0,,750,669,,0,0,0,0
1613103233985,6,1010123456045,81,,1,0,6,1,1,,17.0242,827,184480,0.84736,234,0,8.66667,,9.79592,49,0,0.1,14,57.1429,0,9.50591,31,,750,747,,0,0,0,6.14286
1613103234235,6,1010123456045,81,,1,0,6,1,1,,17.0538,800,183545,0.842368,232,0,8.71429,,0,0,0,0,0,0,0,0,0,,750,741,,0,0,0,0
1613103234485,6,1010123456045,81,,1,0,6,1,1,,18,811,183256,0.906048,234,0,9,,0,0,0,0,0,0,0,0,0,,750,747,,0,0,0,0
1613103234735,6,1010123456045,81,,1,0,6,1,1,,18,800,183554,0.894432,231,0,9,,0,0,0,0,0,0,0,0,0,,750,738,,0,0,0,0
1613103234985,6,1010123456045,81,,1,0,6,1,1,,18.7049,715,183208,0.90608,215,0,10,,14.3913,69,0,0.231168,24,75,0,7.71155,31,,750,687,,0,0,0,7.65217
1613103235235,6,1010123456045,81,,1,0,6,1,1,,18,805,183153,0.906048,234,0,9,,0,0,0,0,0,0,0,0,0,,750,750,,0,0,0,0
1613103235485,6,1010123456045,81,,1,0,6,1,1,,18,812,184414,0.906048,234,0,9,,0,0,0,0,0,0,0,0,0,,750,750,,0,0,0,0
1613103235735,6,1010123456045,81,,1,0,6,1,1,,18,811,183396,0.89056,230,0,9,,0,0,0,0,0,0,0,0,0,,750,729,,0,0,0,0
1613103235985,6,1010123456045,81,,1,0,6,1,1,,18,814,183460,0.89056,230,0,9,,11.5,20,0,0.1,6,66.6667,0,12.8207,31,,750,744,,0,0,0,6.85
1613103236235,6,1010123456045,81,,1,0,6,1,1,,18,814,183523,0.902176,233,0,9,,0,0,0,0,0,0,0,0,0,,750,738,,0,0,0,0
1613103236485,6,1010123456045,81,,1,0,6,1,1,,17.3399,812,183570,0.848768,228,0,8.83333,,0,0,0,0,0,0,0,0,0,,750,732,,0,0,0,0
1613103236735,6,1010123456045,81,,1,0,6,1,1,,16.7183,827,184068,0.84272,235,0,8.66667,,0,0,0,0,0,0,0,0,0,,750,747,,0,0,0,0
1613103236985,6,1010123456045,81,,1,0,6,1,1,,18,819,183897,0.902176,233,0,9,,5.625,32,0,0.1,10,40,0,7.3892,31,,750,750,,0,0,0,4.375
1613103237235,6,1010123456045,81,,1,0,6,1,1,,17.0507,809,184140,0.854624,235,0,8.71429,,0,0,0,0,0,0,0,0,0,,750,741,,0,0,0,0
1613103237485,6,1010123456045,81,,1,0,6,1,1,,18,833,183853,0.902176,233,0,9,,0,0,0,0,0,0,0,0,0,,750,750,,0,0,0,0
1613103237735,6,1010123456045,81,,1,0,6,1,1,,17.0182,823,184200,0.84736,234,0,8.66667,,0,0,0,0,0,0,0,0,0,,750,750,,0,0,0,0
1613103237985,6,1010123456045,81,,1,0,6,1,1,,18,801,183796,0.90992,235,0,9,,9.44828,58,0,0.1,18,55.5556,0,9.44255,31,,750,750,,0,0,0,6.12069
1613103238235,6,1010123456045,81,,1,0,6,1,1,,17.9738,801,184360,0.885664,229,0,9,,0,0,0,0,0,0,0,0,0,,750,732,,0,0,0,0
1613103238485,6,1010123456045,81,,1,0,6,1,1,,17.7399,815,182971,0.902752,235,0,8.83333,,0,0,0,0,0,0,0,0,0,,750,747,,0,0,0,0
1613103238735,6,1010123456045,81,,1,0,6,1,1,,17.1787,828,184235,0.86304,234,0,8.83333,,0,0,0,0,0,0,0,0,0,,750,750,,0,0,0,0
1613103238985,6,1010123456045,81,,1,0,6,1,1,,16.5847,785,184240,0.804928,226,0,8.66667,,12.9333,30,0,0.1,9,66.6667,0,11.6158,31,,750,717,,0,0,0,7.1
1613103239235,6,1010123456045,81,,1,0,6,1,1,,17.295,800,184125,0.85568,232,0,8.85714,,0,0,0,0,0,0,0,0,0,,750,744,,0,0,0,0
1613103239485,6,1010123456045,81,,1,0,6,1,1,,17.6519,810,183194,0.8944,234,0,8.66667,,0,0,0,0,0,0,0,0,0,,750,747,,0,0,0,0
1613103239735,6,1010123456045,81,,1,0,6,1,1,,17.431,812,184079,0.861504,234,0,9,,0,0,0,0,0,0,0,0,0,,750,747,,0,0,0,0
1613103239985,6,1010123456045,81,,1,0,6,1,1,,17.3401,788,183747,0.86128,231,0,8.83333,,6,30,0,0.1,9,44.4444,0,9.32555,31,,750,744,,0,0,0,4.6
1613103240235,6,1010123456045,81,,1,0,6,1,1,,17.9198,798,184068,0.902176,233,0,8.85714,,0,0,0,0,0,0,0,0,0,,750,735,,0,0,0,0
1613103240485,6,1010123456045,81,,1,0,6,1,1,,17.4975,802,183859,0.848608,227,0,9,,0,0,0,0,0,0,0,0,0,,750,735,,0,0,0,0
1613103240735,6,1010123456045,81,,1,0,6,1,1,,18.6165,798,183092,1.02144,232,0,9.5,,0,0,0,0,0,0,0,0,0,,750,738,,0,0,0,0
1613103240985,6,1010123456045,81,,1,0,6,1,1,,16.719,783,184271,0.812384,227,0,8.66667,,6.96429,28,0,0.1,9,44.4444,0,10.3565,31,,750,732,,0,0,0,5.17857
1613103241235,6,1010123456045,81,,1,0,6,1,1,,18,771,184190,0.863456,223,0,9,,0,0,0,0,0,0,0,0,0,,750,705,,0,0,0,0
1613103241485,6,1010123456045,81,,1,0,6,1,1,,17.3596,812,183535,0.868128,233,0,8.83333,,0,0,0,0,0,0,0,0,0,,750,747,,0,0,0,0
1613103241735,6,1010123456045,81,,1,0,6,1,1,,18.237,810,182895,1.01766,234,0,9.5,,0,0,0,0,0,0,0,0,0,,750,750,,0,0,0,0
1613103241985,6,1010123456045,81,,1,0,6,1,1,,16.0222,766,184570,0.756832,219,0,8.5,,0,12,0,0,4,100,0,0,0,,750,696,,0,0,0,0
1613103242235,6,1010123456045,81,,1,0,6,1,1,,17.9461,817,183168,0.896192,234,0,9,,7.57895,38,0,0.1,10,80,0,5.69235,31,,750,750,,0,0,0,8.57895
1613103242485,6,1010123456045,81,,1,0,6,1,1,,18,828,184312,0.906048,234,0,9,,0.1,7,0,0.1,2,0,0,4.07043,0,,750,747,,0,0,0,1
1613103242735,6,1010123456045,81,,1,0,6,1,1,,18,821,184259,0.906048,234,0,9,,0,0,0,0,0,0,0,0,0,,750,747,,0,0,0,0
1613103242985,6,1010123456045,81,,1,0,6,1,1,,19.5424,791,183809,1.09574,234,0,10,,15.1639,61,0,0.1,19,84.2105,0,5.82955,31,,750,747,,0,0,0,8.52459
1613103243235,6,1010123456045,81,,1,0,6,1,1,,16.9279,791,183756,0.815424,226,0,8.57143,,0,0,0,0,0,0,0,0,0,,750,726,,0,0,0,0
1613103243485,6,1010123456045,81,,1,0,6,1,1,,17.9751,724,183679,0.806176,209,0,9,,0,0,0,0,0,0,0,0,0,,750,657,,0,0,0,0
1613103243735,6,1010123456045,81,,1,0,6,1,1,,17.3758,801,183443,0.86192,231,0,8.83333,,0,0,0,0,0,0,0,0,0,,750,738,,0,0,0,0
1613103243985,6,1010123456045,81,,1,0,6,1,1,,17.3486,786,183156,0.859872,231,0,8.83333,,10.5625,80,0,0.1,25,68,0,6.23344,31,,750,744,,0,0,0,7.0125
1613103244235,6,1010123456045,81,,1,0,6,1,1,,17.337,813,184056,0.880384,236,0,8.85714,,0,0,0,0,0,0,0,0,0,,750,747,,0,0,0,0
1613103244485,6,1010123456045,81,,1,0,6,1,1,,18,822,183886,0.897408,232,0,9,,0,0,0,0,0,0,0,0,0,,750,750,,0,0,0,0
1613103244735,6,1010123456045,81,,1,0,6,1,1,,17.0944,816,184168,0.849312,233,0,8.66667,,0,0,0,0,0,0,0,0,0,,750,741,,0,0,0,0
1613103244985,6,1010123456045,81,,1,0,6,1,1,,18,825,183998,0.902176,233,0,9,,1.93103,29,0,0.1,8,0,0,12.0844,31,,750,750,,0,0,0,1
1613103245235,6,1010123456045,81,,1,0,6,1,1,,18,811,183826,0.913792,236,0,9,,0,0,0,0,0,0,0,0,0,,750,750,,0,0,0,0
1613103245485,6,1010123456045,81,,1,0,6,1,1,,17.5264,813,184467,0.887328,233,0,8.5,,0,0,0,0,0,0,0,0,0,,750,750,,0,0,0,0
1613103245735,6,1010123456045,81,,1,0,6,1,1,,16.6894,615,184057,0.624512,180,0,8.83333,,0,0,0,0,0,0,0,0,0,,750,561,,0,0,0,0
1613103245985,6,1010123456045,81,,1,0,6,1,1,,17.1269,788,184398,0.83568,229,0,8.66667,,3.84615,39,0,0.1,13,30.7692,0,7.03136,31,,750,732,,0,0,0,3.30769
1613103246235,6,1010123456045,81,,1,0,6,1,1,,18,808,184345,0.906048,234,0,9,,0,0,0,0,0,0,0,0,0,,750,750,,0,0,0,0
1613103246485,6,1010123456045,81,,1,0,6,1,1,,18,819,183941,0.90992,235,0,9,,0,0,0,0,0,0,0,0,0,,750,750,,0,0,0,0
1613103246735,6,1010123456045,81,,1,0,6,1,1,,18,813,184238,0.894432,231,0,9,,0,0,0,0,0,0,0,0,0,,750,741,,0,0,0,0
1613103246985,6,1010123456045,81,,1,0,6,1,1,,17.0326,736,183492,0.780832,215,0,8.66667,,14.6061,99,0,0.137184,32,81.25,0,6.89971,31,,750,690,,0,0,0,7.90909
1613103247235,6,1010123456045,81,,1,0,6,1,1,,18,824,183439,0.906048,234,0,9,,0,0,0,0,0,0,0,0,0,,750,750,,0,0,0,0
1613103247485,6,1010123456045,81,,1,0,6,1,1,,18,809,183971,0.882816,228,0,9,,0,0,0,0,0,0,0,0,0,,750,723,,0,0,0,0
1613103247735,6,1010123456045,81,,1,0,6,1,1,,18,821,183918,0.902176,233,0,9,,0,0,0,0,0,0,0,0,0,,750,741,,0,0,0,0
1613103247985,6,1010123456045,81,,1,0,6,1,1,,18.3132,811,183039,0.925952,232,0,9.16667,,7.69444,36,0,0.1,11,36.3636,0,15.7963,31,,750,747,,0,0,0,4
1613103248235,6,1010123456045,81,,1,0,6,1,1,,17.1291,790,183570,0.852,229,0,8.42857,,0,0,0,0,0,0,0,0,0,,750,726,,0,0,0,0
1613103248485,6,1010123456045,81,,1,0,6,1,1,,17.0114,791,184252,0.825184,231,0,9,,0,0,0,0,0,0,0,0,0,,750,738,,0,0,0,0
1613103248735,6,1010123456045,81,,1,0,6,1,1,,18,811,184080,0.902176,233,0,9,,0,0,0,0,0,0,0,0,0,,750,744,,0,0,0,0
1613103248985,6,1010123456045,81,,1,0,6,1,1,,17.0356,815,184389,0.840832,232,0,8.66667,,2.55882,34,0,0.1,10,0,0,17.551,31,,750,747,,0,0,0,1
1613103249235,6,1010123456045,81,,1,0,6,1,1,,18,823,184219,0.913792,236,0,9,,0,0,0,0,0,0,0,0,0,,750,747,,0,0,0,0
1613103249485,6,1010123456045,81,,1,0,6,1,1,,18,830,183930,0.902176,233,0,9,,0,0,0,0,0,0,0,0,0,,750,750,,0,0,0,0
1613103249735,6,1010123456045,81,,1,0,6,1,1,,17.372,820,183703,0.865536,232,0,8.83333,,0,0,0,0,0,0,0,0,0,,750,744,,0,0,0,0
1613103249985,6,1010123456045,81,,1,0,6,1,1,,18,825,183414,0.906048,234,0,9,,13.1053,19,0,0.1,6,66.6667,0,13.7994,31,,750,738,,0,0,0,6.68421
1613103250235,6,1010123456045,81,,1,0,6,1,1,,17.3655,807,183522,0.854432,229,0,8.85714,,0,0,0,0,0,0,0,0,0,,750,735,,0,0,0,0
1613103250485,6,1010123456045,81,,1,0,6,1,1,,17.1046,822,183493,0.85888,232,0,8.66667,,0,0,0,0,0,0,0,0,0,,750,741,,0,0,0,0
1613103250735,6,1010123456045,81,,1,0,6,1,1,,17.6225,816,184172,0.875296,233,0,9,,0,0,0,0,0,0,0,0,0,,750,747,,0,0,0,0
1613103250985,6,1010123456045,81,,1,0,6,1,1,,18,805,183768,0.90992,235,0,9,,15.35,80,0,0.175744,25,80,0,7.54218,31,,750,747,,0,0,0,7.9875
1613103251235,6,1010123456045,81,,1,0,6,1,1,,17.0555,793,183261,0.828096,228,0,8.71429,,0,0,0,0,0,0,0,0,0,,750,729,,0,0,0,0
1613103251485,6,1010123456045,81,,1,0,6,1,1,,18,817,184523,0.906048,234,0,9,,0,0,0,0,0,0,0,0,0,,750,750,,0,0,0,0
1613103251735,6,1010123456045,81,,1,0,6,1,1,,18,828,184236,0.90992,235,0,9,,0,0,0,0,0,0,0,0,0,,750,750,,0,0,0,0
1613103251985,6,1010123456045,81,,1,0,6,1,1,,19.5192,782,184504,1.072,228,0,9.83333,,14.5851,94,0,0.183936,29,75.8621,0,7.62695,31,,750,732,,0,0,0,8
1613103252235,6,1010123456045,81,,1,0,6,1,1,,18,830,184215,0.913792,236,0,9,,0,0,0,0,0,0,0,0,0,,750,750,,0,0,0,0
1613103252485,6,1010123456045,81,,1,0,6,1,1,,17.1405,783,183437,0.829152,227,0,8.66667,,0,0,0,0,0,0,0,0,0,,750,732,,0,0,0,0
1613103252735,6,1010123456045,81,,1,0,6,1,1,,18,822,183620,0.898304,232,0,9,,0,0,0,0,0,0,0,0,0,,750,738,,0,0,0,0
1613103252985,6,1010123456045,81,,1,0,6,1,1,,17.3985,798,183200,0.864256,232,0,8.83333,,11,20,0,0.1,6,66.6667,0,10.7256,31,,750,747,,0,0,0,7.3
1613103253235,6,1010123456045,81,,1,0,6,1,1,,17.3804,794,183394,0.855328,229,0,8.85714,,0,0,0,0,0,0,0,0,0,,750,720,,0,0,0,0
1613103253485,6,1010123456045,81,,1,0,6,1,1,,17.3702,786,184172,0.820608,220,0,8.8,,0,0,0,0,0,0,0,0,0,,750,708,,0,0,0,0
1613103253735,6,1010123456045,81,,1,0,6,1,1,,18,804,183245,0.935232,234,0,9.16667,,0,0,0,0,0,0,0,0,0,,750,750,,0,0,0,0
1613103253985,6,1010123456045,81,,1,0,6,1,1,,19.0246,812,183820,1.07014,234,0,9.66667,,3.54667,75,0,0.1,22,45.4545,0,5.13746,31,,750,747,,0,0,0,5.29333
1613103254235,6,1010123456045,81,,1,0,6,1,1,,17.9512,820,183851,0.896192,234,0,9,,0,0,0,0,0,0,0,0,0,,750,750,,0,0,0,0
1613103254485,6,1010123456045,81,,1,0,6,1,1,,18,837,183447,0.90992,235,0,9,,0,0,0,0,0,0,0,0,0,,750,750,,0,0,0,0
1613103254735,6,1010123456045,81,,1,0,6,1,1,,17.5616,812,184211,0.886048,233,0,8.83333,,0,0,0,0,0,0,0,0,0,,750,744,,0,0,0,0
1613103254985,6,1010123456045,81,,1,0,6,1,1,,17.172,808,184011,0.850976,233,0,8.83333,,2.54545,33,0,0.1,10,0,0,15.6976,31,,750,744,,0,0,0,1
1613103255235,6,1010123456045,81,,1,0,6,1,1,,16.8073,799,183936,0.814336,228,0,8.5,,0,0,0,0,0,0,0,0,0,,750,732,,0,0,0,0
1613103255485,6,1010123456045,81,,1,0,6,1,1,,18,823,183882,0.902176,233,0,9,,0,0,0,0,0,0,0,0,0,,750,747,,0,0,0,0
1613103255735,6,1010123456045,81,,1,0,6,1,1,,18,798,184180,0.89056,230,0,9,,0,0,0,0,0,0,0,0,0,,750,729,,0,0,0,0
1613103255985,6,1010123456045,81,,1,0,6,1,1,,19.5191,759,183595,1.06083,227,0,9.83333,,15.9583,96,0,0.134176,32,87.5,0,5.48696,31,,750,720,,0,0,0,8.59375
1613103256235,6,1010123456045,81,,1,0,6,1,1,,18,817,183307,0.906048,234,0,9,,0,0,0,0,0,0,0,0,0,,750,750,,0,0,0,0
1613103256485,6,1010123456045,81,,1,0,6,1,1,,18,804,183254,0.898304,232,0,9,,0,0,0,0,0,0,0,0,0,,750,747,,0,0,0,0
1613103256735,6,1010123456045,81,,1,0,6,1,1,,14.7215,808,183956,0.75056,233,0,7.33333,,0,0,0,0,0,0,0,0,0,,750,738,,0,0,0,0
1613103256985,6,1010123456045,81,,1,0,6,1,1,,17.162,815,183734,0.851744,233,0,8.83333,,4.28571,42,0,0.1,12,41.6667,0,5.58453,31,,750,750,,0,0,0,4.64286
1613103257235,6,1010123456045,81,,1,0,6,1,1,,18,814,183564,0.913792,236,0,9,,0,0,0,0,0,0,0,0,0,,750,750,,0,0,0,0
1613103257485,6,1010123456045,81,,1,0,6,1,1,,18,805,183275,0.902176,233,0,9,,0,0,0,0,0,0,0,0,0,,750,750,,0,0,0,0
1613103257735,6,1010123456045,81,,1,0,6,1,1,,18,828,183224,0.906048,234,0,9,,0,0,0,0,0,0,0,0,0,,750,750,,0,0,0,0
1613103257985,6,1010123456045,81,,1,0,6,1,1,,18,793,183521,0.886688,229,0,9,,13.5873,63,0,0.10656,19,63.1579,0,13.4498,31,,750,732,,0,0,0,6.28571
1613103258235,6,1010123456045,81,,1,0,6,1,1,,17.3523,809,183190,0.869024,233,0,8.85714,,0,0,0,0,0,0,0,0,0,,750,747,,0,0,0,0
1613103258485,6,1010123456045,81,,1,0,6,1,1,,18,833,184215,0.90992,235,0,9,,0,0,0,0,0,0,0,0,0,,750,750,,0,0,0,0
1613103258735,6,1010123456045,81,,1,0,6,1,1,,18,825,184279,0.902176,233,0,9,,0,0,0,0,0,0,0,0,0,,750,747,,0,0,0,0
1613103258985,6,1010123456045,81,,1,0,6,1,1,,18,799,184108,0.902176,233,0,9,,12.2857,21,0,0.1,6,66.6667,0,13.6725,31,,750,744,,0,0,0,7
1613103259235,6,1010123456045,81,,1,0,6,1,1,,17.348,816,183695,0.87264,234,0,8.85714,,0,0,0,0,0,0,0,0,0,,750,750,,0,0,0,0
1613103259485,6,1010123456045,81,,1,0,6,1,1,,19.3944,781,183508,1.00115,226,0,9.66667,,0,0,0,0,0,0,0,0,0,,750,714,,0,0,0,0
1613103259735,6,1010123456045,81,,1,0,6,1,1,,17.572,785,183552,0.854816,225,0,8.83333,,0,0,0,0,0,0,0,0,0,,750,723,,0,0,0,0
1613103259985,6,1010123456045,81,,1,0,6,1,1,,17.7568,806,183980,0.876512,231,0,9,,4.13115,61,0,0.1,19,42.1053,0,6.8921,31,,750,741,,0,0,0,5.01639
1613103260235,6,1010123456045,81,,1,0,6,1,1,,18,830,183691,0.913792,236,0,9,,0,0,0,0,0,0,0,0,0,,750,750,,0,0,0,0
1613103260485,6,1010123456045,81,,1,0,6,1,1,,18,811,183989,0.886688,229,0,9,,0,0,0,0,0,0,0,0,0,,750,726,,0,0,0,0
1613103260735,6,1010123456045,81,,1,0,6,1,1,,18,826,183702,0.913792,236,0,9,,0,0,0,0,0,0,0,0,0,,750,750,,0,0,0,0
1613103260985,6,1010123456045,81,,1,0,6,1,1,,16.7781,811,183201,0.82048,228,0,8.66667,,1.61538,26,0,0.1,8,0,0,15.6343,31,,750,735,,0,0,0,1.23077
1613103261235,6,1010123456045,81,,1,0,6,1,1,,16.6172,802,184508,0.827584,230,0,8.42857,,0,0,0,0,0,0,0,0,0,,750,732,,0,0,0,0
1613103261485,6,1010123456045,81,,1,0,6,1,1,,17.2072,830,184287,0.84656,233,0,9,,0,0,0,0,0,0,0,0,0,,750,750,,0,0,0,0
1613103261735,6,1010123456045,81,,1,0,6,1,1,,17.583,813,183812,0.883116,231,0,8.83333,,0,0,0,0,0,0,0,0,0,,750,741,,0,0,0,0
1613103261985,6,1010123456045,81,,1,0,6,1,1,,17.2279,803,183585,0.85888,232,0,8.83333,,15.9091,22,0,0.1,6,66.6667,0,16.6747,31,,750,741,,0,0,0,7.54545
1613103262235,6,1010123456045,81,,1,0,6,1,1,,17.9453,804,183616,0.896192,234,0,9,,0,0,0,0,0,0,0,0,0,,750,750,,0,0,0,0
1613103262485,6,1010123456045,81,,1,0,6,1,1,,16.7218,798,183481,0.808512,226,0,8.66667,,0,0,0,0,0,0,0,0,0,,750,717,,0,0,0,0
1613103262735,6,1010123456045,81,,1,0,6,1,1,,17.4381,808,183482,0.868736,230,0,8.66667,,0,0,0,0,0,0,0,0,0,,750,735,,0,0,0,0
1613103262985,6,1010123456045,81,,1,0,6,1,1,,16.4657,788,183597,0.790016,228,0,8.66667,,16.45,20,0,0.1,6,66.6667,0,20.6995,31,,750,729,,0,0,0,6.85
1613103263235,6,1010123456045,81,,1,0,6,1,1,,18,820,183544,0.906048,234,0,9,,0,0,0,0,0,0,0,0,0,,750,750,,0,0,0,0
1613103263485,6,1010123456045,81,,1,0,6,1,1,,18,827,183373,0.906048,234,0,9,,0,0,0,0,0,0,0,0,0,,750,750,,0,0,0,0
1613103263735,6,1010123456045,81,,1,0,6,1,1,,17.3565,833,184150,0.875872,235,0,8.83333,,0,0,0,0,0,0,0,0,0,,750,750,,0,0,0,0
1613103263985,6,1010123456045,81,,1,0,6,1,1,,16.7318,798,183320,0.831488,232,0,8.66667,,16.0455,22,0,0.1,6,66.6667,0,18.3765,31,,750,747,,0,0,0,7.13636
1613103264235,6,1010123456045,81,,1,0,6,1,1,,18,805,183384,0.902176,233,0,9,,0,0,0,0,0,0,0,0,0,,750,741,,0,0,0,0
1613103264485,6,1010123456045,81,,1,0,6,1,1,,17.7469,806,183661,0.895008,233,0,8.83333,,0,0,0,0,0,0,0,0,0,,750,750,,0,0,0,0
1613103264735,6,1010123456045,81,,1,0,6,1,1,,17.6096,830,184107,0.88304,235,0,9,,0,0,0,0,0,0,0,0,0,,750,747,,0,0,0,0
1613103264985,6,1010123456045,81,,1,0,6,1,1,,17.3253,747,184195,0.799968,215,0,8.83333,,15,13,0,0,4,100,0,1.67895,0,,750,690,,0,0,0,10
1613103265235,6,1010123456045,81,,1,0,6,1,1,,17.3436,815,183673,0.879232,236,0,8.85714,,0.1,7,0,0.1,2,0,0,2.63986,31,,750,750,,0,0,0,2.28571
1613103265485,6,1010123456045,81,,1,0,6,1,1,,18,779,183475,0.85184,220,0,9,,0,0,0,0,0,0,0,0,0,,750,708,,0,0,0,0
1613103265735,6,1010123456045,81,,1,0,6,1,1,,18,810,183890,0.89056,230,0,9,,0,0,0,0,0,0,0,0,0,,750,726,,0,0,0,0
1613103265985,6,1010123456045,81,,1,0,6,1,1,,15.9549,820,184272,0.79296,234,0,8.16667,,4.58182,55,0,0.1,16,43.75,0,10.5652,31,,750,747,,0,0,0,4.6
1613103266235,6,1010123456045,81,,1,0,6,1,1,,16.3592,785,183427,0.793152,228,0,8.57143,,0,0,0,0,0,0,0,0,0,,750,729,,0,0,0,0
1613103266485,6,1010123456045,81,,1,0,6,1,1,,17.3896,806,184354,0.866944,232,0,8.83333,,0,0,0,0,0,0,0,0,0,,750,741,,0,0,0,0
1613103266735,6,1010123456045,81,,1,0,6,1,1,,16.7553,809,183780,0.83056,231,0,8.66667,,0,0,0,0,0,0,0,0,0,,750,738,,0,0,0,0
1613103266985,6,1010123456045,81,,1,0,6,1,1,,17.4328,811,183044,0.881856,234,0,8.83333,,6.75676,37,0,0.1,11,36.3636,0,8.92998,31,,750,744,,0,0,0,4.16216
1613103267235,6,1010123456045,81,,1,0,6,1,1,,16.6324,816,183976,0.821248,232,0,8.83333,,0,0,0,0,0,0,0,0,0,,750,744,,0,0,0,0
1613103267485,6,1010123456045,81,,1,0,6,1,1,,18,816,184040,0.898304,232,0,9,,0,0,0,0,0,0,0,0,0,,750,744,,0,0,0,0
1613103267735,6,1010123456045,81,,1,0,6,1,1,,18,797,184103,0.898304,232,0,9,,0,0,0,0,0,0,0,0,0,,750,738,,0,0,0,0
1613103267985,6,1010123456045,81,,1,0,6,1,1,,16.3018,739,183443,0.73184,212,0,8.5,,0.1,52,0,0.1,15,60,0,0.833962,31,,750,681,,0,0,0,6.82692
1613103268235,6,1010123456045,81,,1,0,6,1,1,,18,820,183390,0.906048,234,0,9,,0,0,0,0,0,0,0,0,0,,750,741,,0,0,0,0
1613103268485,6,1010123456045,81,,1,0,6,1,1,,17.3687,811,183037,0.86192,231,0,8.83333,,0,0,0,0,0,0,0,0,0,,750,744,,0,0,0,0
1613103268735,6,1010123456045,81,,1,0,6,1,1,,17.3451,823,183936,0.875616,235,0,8.83333,,0,0,0,0,0,0,0,0,0,,750,747,,0,0,0,0
1613103268985,6,1010123456045,81,,1,0,6,1,1,,18,820,183765,0.902176,233,0,9,,3.46429,28,0,0.1,8,0,0,16.618,31,,750,750,,0,0,0,1
1613103269235,6,1010123456045,81,,1,0,6,1,1,,17.0723,816,183980,0.85552,235,0,8.71429,,0,0,0,0,0,0,0,0,0,,750,747,,0,0,0,0
1613103269485,6,1010123456045,81,,1,0,6,1,1,,18,825,183691,0.902176,233,0,9,,0,0,0,0,0,0,0,0,0,,750,750,,0,0,0,0
1613103269735,6,1010123456045,81,,1,0,6,1,1,,18,823,183638,0.906048,234,0,9,,0,0,0,0,0,0,0,0,0,,750,750,,0,0,0,0
1613103269985,6,1010123456045,81,,1,0,6,1,1,,19.5218,801,183350,1.09046,233,0,9.83333,,15.9639,83,0,0.134176,28,85.7143,0,5.84003,31,,750,744,,0,0,0,8.48193
1613103270235,6,1010123456045,81,,1,0,6,1,1,,18,788,184467,0.867328,224,0,9,,0,0,0,0,0,0,0,0,0,,750,711,,0,0,0,0
1613103270485,6,1010123456045,81,,1,0,6,1,1,,16.7679,823,183774,0.834304,232,0,8.5,,0,0,0,0,0,0,0,0,0,,750,741,,0,0,0,0
1613103270735,6,1010123456045,81,,1,0,6,1,1,,16.9556,811,184093,0.840992,233,0,8.83333,,0,0,0,0,0,0,0,0,0,,750,744,,0,0,0,0
1613103270985,6,1010123456045,81,,1,0,6,1,1,,15.5995,809,183255,0.786336,235,0,8,,15.4023,87,0,0.2368,28,78.5714,0,6.53482,31,,750,747,,0,0,0,8.03448
1613103271235,6,1010123456045,81,,1,0,6,1,1,,17.3679,810,183130,0.862176,231,0,8.85714,,0,0,0,0,0,0,0,0,0,,750,741,,0,0,0,0
1613103271485,6,1010123456045,81,,1,0,6,1,1,,17.0195,820,183468,0.843808,233,0,8.66667,,0,0,0,0,0,0,0,0,0,,750,744,,0,0,0,0
1613103271735,6,1010123456045,81,,1,0,6,1,1,,16.8435,773,183645,0.801728,222,0,8.66667,,0,0,0,0,0,0,0,0,0,,750,711,,0,0,0,0
1613103271985,6,1010123456045,81,,1,0,6,1,1,,17.4352,779,183318,0.86816,230,0,8.83333,,1.71429,35,0,0.1,10,20,0,7.30649,31,,750,741,,0,0,0,3.14286
1613103272235,6,1010123456045,81,,1,0,6,1,1,,17.9311,813,183116,0.903936,236,0,9,,0,0,0,0,0,0,0,0,0,,750,750,,0,0,0,0
1613103272485,6,1010123456045,81,,1,0,6,1,1,,18,814,184494,0.898304,232,0,9,,0,0,0,0,0,0,0,0,0,,750,738,,0,0,0,0
1613103272735,6,1010123456045,81,,1,0,6,1,1,,16.6675,791,184159,0.829312,232,0,8.5,,0,0,0,0,0,0,0,0,0,,750,735,,0,0,0,0
1613103272985,6,1010123456045,81,,1,0,6,1,1,,15.9009,787,183818,0.763072,226,0,8.5,,8.7037,54,0,0.1,16,75,0,7.13624,31,,750,729,,0,0,0,7.66667
1613103273235,6,1010123456045,81,,1,0,6,1,1,,18,812,183765,0.90992,235,0,9,,0,0,0,0,0,0,0,0,0,,750,747,,0,0,0,0
1613103273485,6,1010123456045,81,,1,0,6,1,1,,18,812,184061,0.882816,228,0,9,,0,0,0,0,0,0,0,0,0,,750,735,,0,0,0,0
1613103273735,6,1010123456045,81,,1,0,6,1,1,,17.1353,798,183335,0.83536,229,0,8.66667,,0,0,0,0,0,0,0,0,0,,750,735,,0,0,0,0
1613103273985,6,1010123456045,81,,1,0,6,1,1,,19.4289,809,183124,1.08822,235,0,9.83333,,15.2386,88,0,0.179648,29,82.7586,0,4.74537,31,,750,750,,0,0,0,8.77273
1613103274235,6,1010123456045,81,,1,0,6,1,1,,18,811,183419,0.894432,231,0,9,,0,0,0,0,0,0,0,0,0,,750,735,,0,0,0,0
1613103274485,6,1010123456045,81,,1,0,6,1,1,,16.8216,813,184082,0.836736,232,0,8.5,,0,0,0,0,0,0,0,0,0,,750,735,,0,0,0,0
1613103274735,6,1010123456045,81,,1,0,6,1,1,,16.9751,803,182943,0.841888,233,0,8.83333,,0,0,0,0,0,0,0,0,0,,750,744,,0,0,0,0
1613103274985,6,1010123456045,81,,1,0,6,1,1,,19.4295,794,184426,1.07978,235,0,9.83333,,15.4409,93,0,0.1,31,90.3226,0,3.63471,31,,750,750,,0,0,0,9.12903
1613103275235,6,1010123456045,81,,1,0,6,1,1,,18,824,184373,0.906048,234,0,9,,0,0,0,0,0,0,0,0,0,,750,750,,0,0,0,0
1613103275485,6,1010123456045,81,,1,0,6,1,1,,18,822,184203,0.906048,234,0,9,,0,0,0,0,0,0,0,0,0,,750,750,,0,0,0,0
1613103275735,6,1010123456045,81,,1,0,6,1,1,,17.3801,826,183607,0.873792,234,0,8.8,,0,0,0,0,0,0,0,0,0,,750,744,,0,0,0,0
1613103275985,6,1010123456045,81,,1,0,6,1,1,,17.4258,822,184478,0.875904,232,0,8.83333,,3.48148,27,0,0.108768,8,0,0,14.9582,31,,750,744,,0,0,0,1
1613103276235,6,1010123456045,81,,1,0,6,1,1,,16.495,798,183234,0.798976,230,0,8.57143,,0,0,0,0,0,0,0,0,0,,750,732,,0,0,0,0
1613103276485,6,1010123456045,81,,1,0,6,1,1,,15.6083,771,184080,0.730368,219,0,8,,0,0,0,0,0,0,0,0,0,,750,699,,0,0,0,0
1613103276735,6,1010123456045,81,,1,0,6,1,1,,18,830,183793,0.913792,236,0,9,,0,0,0,0,0,0,0,0,0,,750,750,,0,0,0,0
1613103276985,6,1010123456045,81,,1,0,6,1,1,,16.8722,806,183221,0.82304,230,0,8.4,,15.7895,19,0,0.1,6,66.6667,0,19.7797,31,,750,741,,0,0,0,6.68421
1613103277235,6,1010123456045,81,,1,0,6,1,1,,17.9072,819,183191,0.913792,236,0,8.85714,,0,0,0,0,0,0,0,0,0,,750,750,,0,0,0,0
1613103277485,6,1010123456045,81,,1,0,6,1,1,,17.4689,821,183887,0.866048,232,0,9,,0,0,0,0,0,0,0,0,0,,750,747,,0,0,0,0
1613103277736,6,1010123456045,81,,1,0,6,1,1,,17.3819,796,184201,0.844207,227,0,8.83333,,0,0,0,0,0,0,0,0,0,,753,720,,0,0,0,0
1613103277985,6,1010123456045,81,,1,0,6,1,1,,16.2104,713,183941,0.721317,207,0,8.5,,0,12,0,0,4,100,0,0,0,,747,651,,0,0,0,0
1613103278235,6,1010123456045,81,,1,0,6,1,1,,17.3441,805,183519,0.872,234,0,8.85714,,6.75,32,0,0.1,10,80,0,8.84716,31,,750,750,,0,0,0,7.75
1613103278485,6,1010123456045,81,,1,0,6,1,1,,18,819,183116,0.90992,235,0,9,,0.1,7,0,0.1,2,0,0,2.95842,0,,750,750,,0,0,0,1.42857
1613103278735,6,1010123456045,81,,1,0,6,1,1,,18,814,183063,0.906048,234,0,9,,0,0,0,0,0,0,0,0,0,,750,750,,0,0,0,0
1613103278985,6,1010123456045,81,,1,0,6,1,1,,17.3932,791,184131,0.862176,231,0,8.83333,,13.7447,47,0,0.1,14,71.4286,0,8.7792,31,,750,738,,0,0,0,7.31915
1613103279235,6,1010123456045,81,,1,0,6,1,1,,18,811,184076,0.906048,234,0,9,,0,0,0,0,0,0,0,0,0,,750,750,,0,0,0,0
1613103279485,6,1010123456045,81,,1,0,6,1,1,,17.0415,820,184389,0.844704,233,0,8.66667,,0,0,0,0,0,0,0,0,0,,750,747,,0,0,0,0
1613103279735,6,1010123456045,81,,1,0,6,1,1,,19.5707,820,183284,1.07462,234,0,9.83333,,0,0,0,0,0,0,0,0,0,,750,747,,0,0,0,0
1613103279985,6,1010123456045,81,,1,0,6,1,1,,16.2252,795,183624,0.794048,232,0,8.33333,,11.2727,22,0,0.1,6,66.6667,0,9.44227,31,,750,744,,0,0,0,7.54545
1613103280235,6,1010123456045,81,,1,0,6,1,1,,16.0872,803,183948,0.802464,235,0,8.42857,,0,0,0,0,0,0,0,0,0,,750,747,,0,0,0,0
1613103280485,6,1010123456045,81,,1,0,6,1,1,,17.335,794,183995,0.856512,230,0,8.83333,,0,0,0,0,0,0,0,0,0,,750,732,,0,0,0,0
1613103280736,6,1010123456045,81,,1,0,6,1,1,,16.9369,777,183370,0.821801,224,0,8.83333,,0,0,0,0,0,0,0,0,0,,753,708,,0,0,0,0
1613103280985,6,1010123456045,81,,1,0,6,1,1,,16.4463,782,184045,0.785478,224,0,8.5,,0,12,0,0,4,100,0,0,0,,747,714,,0,0,0,0
1613103281235,6,1010123456045,81,,1,0,6,1,1,,18,822,183874,0.913792,236,0,9,,7.57895,38,0,0.1,10,70,0,9.46995,31,,750,750,,0,0,0,7.84211
1613103281485,6,1010123456045,81,,1,0,6,1,1,,17.3542,830,183216,0.868128,233,0,8.83333,,0,0,0,0,0,0,0,0,0,,750,750,,0,0,0,0
1613103281735,6,1010123456045,81,,1,0,6,1,1,,17.0239,796,184296,0.823136,227,0,8.66667,,0,0,0,0,0,0,0,0,0,,750,720,,0,0,0,0
1613103281985,6,1010123456045,81,,1,0,6,1,1,,17.3511,826,183523,0.875872,235,0,8.83333,,6.78571,42,0,0.1,12,66.6667,0,3.50308,31,,750,750,,0,0,0,7
1613103282235,6,1010123456045,81,,1,0,6,1,1,,18,818,183587,0.902176,233,0,9,,0,0,0,0,0,0,0,0,0,,750,747,,0,0,0,0
1613103282485,6,1010123456045,81,,1,0,6,1,1,,17.7599,812,183934,0.89888,234,0,8.83333,,0,0,0,0,0,0,0,0,0,,750,741,,0,0,0,0
1613103282735,6,1010123456045,81,,1,0,6,1,1,,17.039,794,184453,0.828032,228,0,8.8,,0,0,0,0,0,0,0,0,0,,750,735,,0,0,0,0
1613103282985,6,1010123456045,81,,1,0,6,1,1,,18,795,183317,0.886688,229,0,9,,1.6,30,0,0.1,9,11.1111,0,6.40177,31,,750,732,,0,0,0,2
1613103283235,6,1010123456045,81,,1,0,6,1,1,,18,804,183264,0.906048,234,0,9,,0,0,0,0,0,0,0,0,0,,750,750,,0,0,0,0
1613103283485,6,1010123456045,81,,1,0,6,1,1,,17.0222,810,183486,0.84768,234,0,8.66667,,0,0,0,0,0,0,0,0,0,,750,750,,0,0,0,0
1613103283735,6,1010123456045,81,,1,0,6,1,1,,17.5836,807,183907,0.893536,235,0,8.83333,,0,0,0,0,0,0,0,0,0,,750,750,,0,0,0,0
1613103283985,6,1010123456045,81,,1,0,6,1,1,,17.7633,807,184214,0.880512,232,0,9,,15.0526,19,0,0.1,6,66.6667,0,18.1116,31,,750,747,,0,0,0,6.21053
1613103284235,6,1010123456045,81,,1,0,6,1,1,,18,825,184159,0.90992,235,0,9,,0,0,0,0,0,0,0,0,0,,750,744,,0,0,0,0
1613103284485,6,1010123456045,81,,1,0,6,1,1,,16.6808,824,183285,0.829184,232,0,8.66667,,0,0,0,0,0,0,0,0,0,,750,744,,0,0,0,0
1613103284735,6,1010123456045,81,,1,0,6,1,1,,16.7613,796,183180,0.8152,227,0,8.66667,,0,0,0,0,0,0,0,0,0,,750,714,,0,0,0,0
1613103284985,6,1010123456045,81,,1,0,6,1,1,,18,814,183008,0.902176,233,0,9,,15.8696,23,0,0.1,6,66.6667,0,16.7907,31,,750,750,,0,0,0,7.26087
1613103285235,6,1010123456045,81,,1,0,6,1,1,,18,769,183394,0.847968,219,0,9,,0,0,0,0,0,0,0,0,0,,750,690,,0,0,0,0
1613103285485,6,1010123456045,81,,1,0,6,1,1,,17.0498,823,183587,0.840832,232,0,8.66667,,0,0,0,0,0,0,0,0,0,,750,747,,0,0,0,0
1613103285735,6,1010123456045,81,,1,0,6,1,1,,18,806,183534,0.906048,234,0,9,,0,0,0,0,0,0,0,0,0,,750,747,,0,0,0,0
1613103285985,6,1010123456045,81,,1,0,6,1,1,,17.352,784,183757,0.842816,226,0,8.83333,,7.2,60,0,0.1,17,58.8235,0,5.64188,31,,750,723,,0,0,0,6.25
1613103286235,6,1010123456045,81,,1,0,6,1,1,,18,803,183704,0.906048,234,0,9,,0,0,0,0,0,0,0,0,0,,750,750,,0,0,0,0
1613103286485,6,1010123456045,81,,1,0,6,1,1,,18,817,183300,0.90992,235,0,9,,0,0,0,0,0,0,0,0,0,,750,750,,0,0,0,0
1613103286735,6,1010123456045,81,,1,0,6,1,1,,18,821,183246,0.906048,234,0,9,,0,0,0,0,0,0,0,0,0,,750,750,,0,0,0,0
1613103286985,6,1010123456045,81,,1,0,6,1,1,,18,791,184391,0.906048,234,0,9,,0.1,35,0,0.1,10,30,0,1.44869,31,,750,747,,0,0,0,3.91429
1613103287235,6,1010123456045,81,,1,0,6,1,1,,18,820,182906,0.906048,234,0,9,,0,0,0,0,0,0,0,0,0,,750,750,,0,0,0,0
1613103287485,6,1010123456045,81,,1,0,6,1,1,,16.9988,802,183157,0.84672,234,0,8.66667,,0,0,0,0,0,0,0,0,0,,750,750,,0,0,0,0
1613103287735,6,1010123456045,81,,1,0,6,1,1,,18,815,184299,0.90992,235,0,9,,0,0,0,0,0,0,0,0,0,,750,750,,0,0,0,0
1613103287985,6,1010123456045,81,,1,0,6,1,1,,18,803,184129,0.902176,233,0,9,,15.0147,68,0,0.22784,22,72.7273,0,9.654,31,,750,750,,0,0,0,7.30882
1613103288235,6,1010123456045,81,,1,0,6,1,1,,18,815,183839,0.913792,236,0,9,,0,0,0,0,0,0,0,0,0,,750,750,,0,0,0,0
1613103288485,6,1010123456045,81,,1,0,6,1,1,,18,811,183671,0.902176,233,0,9,,0,0,0,0,0,0,0,0,0,,750,750,,0,0,0,0
1613103288735,6,1010123456045,81,,1,0,6,1,1,,17.3679,810,183203,0.873536,234,0,8.83333,,0,0,0,0,0,0,0,0,0,,750,744,,0,0,0,0
1613103288985,6,1010123456045,81,,1,0,6,1,1,,17.3665,783,184363,0.866368,230,0,8.83333,,5.7931,58,0,0.1,17,41.1765,0,10.1054,31,,750,735,,0,0,0,4.72414
1613103289235,6,1010123456045,81,,1,0,6,1,1,,17.3293,823,183853,0.87168,236,0,8.85714,,0,0,0,0,0,0,0,0,0,,750,750,,0,0,0,0
1613103289485,6,1010123456045,81,,1,0,6,1,1,,18,818,183564,0.902176,233,0,9,,0,0,0,0,0,0,0,0,0,,750,747,,0,0,0,0
1613103289735,6,1010123456045,81,,1,0,6,1,1,,17.0222,810,183902,0.84768,234,0,8.66667,,0,0,0,0,0,0,0,0,0,,750,750,,0,0,0,0
1613103289985,6,1010123456045,81,,1,0,6,1,1,,17.4581,775,184042,0.845504,226,0,8.83333,,5.40541,37,0,0.1,12,50,0,12.5205,31,,750,720,,0,0,0,4.89189
1613103290235,6,1010123456045,81,,1,0,6,1,1,,14.2784,765,183472,0.645728,219,0,7.85714,,0,0,0,0,0,0,0,0,0,,750,702,,0,0,0,0
1613103290485,6,1010123456045,81,,1,0,6,1,1,,17.3346,810,183058,0.864,232,0,8.83333,,0,0,0,0,0,0,0,0,0,,750,741,,0,0,0,0
1613103290735,6,1010123456045,81,,1,0,6,1,1,,16.3205,752,183159,0.761664,218,0,8.33333,,0,0,0,0,0,0,0,0,0,,750,702,,0,0,0,0
1613103290985,6,1010123456045,81,,1,0,6,1,1,,15.1108,785,183732,0.739872,225,0,7.83333,,4.50746,67,0,0.1,20,30,0,11.4673,31,,750,720,,0,0,0,3.68657
1613103291235,6,1010123456045,81,,1,0,6,1,1,,18,828,183679,0.906048,234,0,9,,0,0,0,0,0,0,0,0,0,,750,750,,0,0,0,0
1613103291485,6,1010123456045,81,,1,0,6,1,1,,18,810,183625,0.902176,233,0,9,,0,0,0,0,0,0,0,0,0,,750,747,,0,0,0,0
1613103291735,6,1010123456045,81,,1,0,6,1,1,,18,827,183338,0.90992,235,0,9,,0,0,0,0,0,0,0,0,0,,750,750,,0,0,0,0
1613103291985,6,1010123456045,81,,1,0,6,1,1,,18,793,183284,0.898304,232,0,9,,15,12,0,0,4,100,0,1.83825,0,,750,747,,0,0,0,10
1613103292235,6,1010123456045,81,,1,0,6,1,1,,17.9117,815,183166,0.913792,236,0,8.85714,,7.57895,19,0,0.1,5,80,0,5.76264,31,,750,750,,0,0,0,8.57895
1613103292485,6,1010123456045,81,,1,0,6,1,1,,17.4353,827,183897,0.867872,233,0,9,,5.53846,26,0,0.1,7,57.1429,0,5.56859,0,,750,750,,0,0,0,6.53846
1613103292735,6,1010123456045,81,,1,0,6,1,1,,18,801,183232,0.878944,227,0,9,,0,0,0,0,0,0,0,0,0,,750,711,,0,0,0,0
1613103292985,6,1010123456045,81,,1,0,6,1,1,,16.5097,771,184136,0.77456,221,0,8.5,,7.27273,33,0,0.1,9,44.4444,0,6.33106,31,,750,711,,0,0,0,5.36364
1613103293235,6,1010123456045,81,,1,0,6,1,1,,17.0411,802,183199,0.847776,233,0,8.71429,,0,0,0,0,0,0,0,0,0,,750,741,,0,0,0,0
1613103293485,6,1010123456045,81,,1,0,6,1,1,,18,834,184346,0.90064,233,0,9,,0,0,0,0,0,0,0,0,0,,750,750,,0,0,0,0
1613103293735,6,1010123456045,81,,1,0,6,1,1,,18,805,184527,0.898304,232,0,9,,0,0,0,0,0,0,0,0,0,,750,744,,0,0,0,0
1613103293985,6,1010123456045,81,,1,0,6,1,1,,18,812,184119,0.90992,235,0,9,,5.68182,44,0,0.1,13,38.4615,0,8.0411,31,,750,750,,0,0,0,4.47727
1613103294235,6,1010123456045,81,,1,0,6,1,1,,17.3342,793,184168,0.856512,230,0,8.85714,,0,0,0,0,0,0,0,0,0,,750,732,,0,0,0,0
1613103294485,6,1010123456045,81,,1,0,6,1,1,,18,796,183035,0.886688,229,0,9,,0,0,0,0,0,0,0,0,0,,750,726,,0,0,0,0
1613103294735,6,1010123456045,81,,1,0,6,1,1,,18,807,184409,0.906048,234,0,9,,0,0,0,0,0,0,0,0,0,,750,750,,0,0,0,0
1613103294985,6,1010123456045,81,,1,0,6,1,1,,17.398,784,183293,0.847008,225,0,8.83333,,5.45455,33,0,0.1,10,40,0,8.24958,31,,750,717,,0,0,0,4.27273
1613103295235,6,1010123456045,81,,1,0,6,1,1,,18.59,800,183051,0.95168,232,0,9.28571,,0,0,0,0,0,0,0,0,0,,750,744,,0,0,0,0
1613103295485,6,1010123456045,81,,1,0,6,1,1,,17.3456,813,183952,0.871744,234,0,8.83333,,0,0,0,0,0,0,0,0,0,,750,750,,0,0,0,0
1613103295735,6,1010123456045,81,,1,0,6,1,1,,18,817,183663,0.90992,235,0,9,,0,0,0,0,0,0,0,0,0,,750,750,,0,0,0,0
1613103295985,6,1010123456045,81,,1,0,6,1,1,,18,805,183493,0.902176,233,0,9,,0.1,29,0,0.1,8,0,0,1.62893,31,,750,750,,0,0,0,1.27586
1613103296235,6,1010123456045,81,,1,0,6,1,1,,18,829,183207,0.913792,236,0,9,,0,0,0,0,0,0,0,0,0,,750,750,,0,0,0,0
1613103296485,6,1010123456045,81,,1,0,6,1,1,,16.743,821,183641,0.836896,233,0,8.66667,,0,0,0,0,0,0,0,0,0,,750,747,,0,0,0,0
1613103296735,6,1010123456045,81,,1,0,6,1,1,,18,814,183356,0.913792,236,0,9,,0,0,0,0,0,0,0,0,0,,750,750,,0,0,0,0
1613103296985,6,1010123456045,81,,1,0,6,1,1,,18,782,183653,0.886688,229,0,9,,7.55,40,0,0.1,12,41.6667,0,10.5212,31,,750,732,,0,0,0,4.825
1613103297235,6,1010123456045,81,,1,0,6,1,1,,18,811,183483,0.913792,236,0,9,,0,0,0,0,0,0,0,0,0,,750,747,,0,0,0,0
1613103297485,6,1010123456045,81,,1,0,6,1,1,,17.145,800,183816,0.836,229,0,8.66667,,0,0,0,0,0,0,0,0,0,,750,735,,0,0,0,0
1613103297735,6,1010123456045,81,,1,0,6,1,1,,18,807,183880,0.902176,233,0,9,,0,0,0,0,0,0,0,0,0,,750,747,,0,0,0,0
1613103297985,6,1010123456045,81,,1,0,6,1,1,,17.4574,774,183819,0.852064,227,0,8.83333,,14.8125,16,0,0.1,5,20,0,25.7148,31,,750,723,,0,0,0,2.6875
1613103298235,6,1010123456045,81,,1,0,6,1,1,,18,816,183765,0.906048,234,0,9,,0,0,0,0,0,0,0,0,0,,750,750,,0,0,0,0
1613103298485,6,1010123456045,81,,1,0,6,1,1,,18,816,183361,0.90992,235,0,9,,0,0,0,0,0,0,0,0,0,,750,750,,0,0,0,0
1613103298735,6,1010123456045,81,,1,0,6,1,1,,16.8008,793,184446,0.836384,231,0,8.5,,0,0,0,0,0,0,0,0,0,,750,738,,0,0,0,0
1613103298985,6,1010123456045,81,,1,0,6,1,1,,17.6397,816,183232,0.876864,234,0,9,,0,12,0,0,4,100,0,0,0,,750,750,,0,0,0,0
1613103299235,6,1010123456045,81,,1,0,6,1,1,,18,812,183297,0.902176,233,0,9,,7.41176,34,0,0.1,10,80,0,6.21683,31,,750,747,,0,0,0,8.41177
1613103299485,6,1010123456045,81,,1,0,6,1,1,,17.4091,792,184313,0.86784,232,0,8.8,,0.1,7,0,0.1,2,0,0,4.00588,0,,750,744,,0,0,0,1
1613103299735,6,1010123456045,81,,1,0,6,1,1,,17.3602,819,183872,0.868768,233,0,8.83333,,0,0,0,0,0,0,0,0,0,,750,744,,0,0,0,0
1613103299985,6,1010123456045,81,,1,0,6,1,1,,17.9757,742,183589,0.85856,222,0,9,,15.2299,87,0,0.102592,28,85.7143,0,5.00177,31,,750,714,,0,0,0,8.65517
1613103300235,6,1010123456045,81,,1,0,6,1,1,,18,807,183653,0.902176,233,0,9,,0,0,0,0,0,0,0,0,0,,750,735,,0,0,0,0
1613103300485,6,1010123456045,81,,1,0,6,1,1,,18,808,183483,0.902176,233,0,9,,0,0,0,0,0,0,0,0,0,,750,750,,0,0,0,0
1613103300735,6,1010123456045,81,,1,0,6,1,1,,16.4559,805,183397,0.819136,234,0,8.5,,0,0,0,0,0,0,0,0,0,,750,741,,0,0,0,0
1613103300985,6,1010123456045,81,,1,0,6,1,1,,18,799,183345,0.894432,231,0,9,,6.5,30,0,0.1,9,44.4444,0,7.70725,31,,750,747,,0,0,0,4.9
1613103301235,6,1010123456045,81,,1,0,6,1,1,,13.4859,778,183777,0.666016,229,0,7.71429,,0,0,0,0,0,0,0,0,0,,750,723,,0,0,0,0
1613103301485,6,1010123456045,81,,1,0,6,1,1,,17.7423,807,184172,0.885728,231,0,8.83333,,0,0,0,0,0,0,0,0,0,,750,744,,0,0,0,0
1613103301735,6,1010123456045,81,,1,0,6,1,1,,16.5013,794,184462,0.795552,229,0,8.5,,0,0,0,0,0,0,0,0,0,,750,735,,0,0,0,0
1613103301985,6,1010123456045,81,,1,0,6,1,1,,18,808,184060,0.90992,235,0,9,,0.1,23,0,0.1,8,0,0,9.43403,31,,750,750,,0,0,0,1
1613103302235,6,1010123456045,81,,1,0,6,1,1,,17.3399,812,183756,0.868128,233,0,8.85714,,0,0,0,0,0,0,0,0,0,,750,747,,0,0,0,0
1613103302485,6,1010123456045,81,,1,0,6,1,1,,18,811,183586,0.902176,233,0,9,,0,0,0,0,0,0,0,0,0,,750,744,,0,0,0,0
1613103302735,6,1010123456045,81,,1,0,6,1,1,,17.3886,790,183426,0.8632,231,0,8.83333,,0,0,0,0,0,0,0,0,0,,750,738,,0,0,0,0
1613103302985,6,1010123456045,81,,1,0,6,1,1,,18,802,183256,0.902176,233,0,9,,6,36,0,0.1,11,45.4545,0,11.1878,31,,750,744,,0,0,0,5
1613103303235,6,1010123456045,81,,1,0,6,1,1,,18,806,183437,0.898304,232,0,9,,0,0,0,0,0,0,0,0,0,,750,741,,0,0,0,0
1613103303485,6,1010123456045,81,,1,0,6,1,1,,18,814,183267,0.906048,234,0,9,,0,0,0,0,0,0,0,0,0,,750,750,,0,0,0,0
1613103303735,6,1010123456045,81,,1,0,6,1,1,,17.4025,795,183093,0.85984,230,0,8.83333,,0,0,0,0,0,0,0,0,0,,750,729,,0,0,0,0
1613103303985,6,1010123456045,81,,1,0,6,1,1,,17.4451,793,183846,0.879776,233,0,8.83333,,16.1818,22,0,0.1,6,66.6667,0,15.6775,31,,750,750,,0,0,0,6.72727
1613103304235,6,1010123456045,81,,1,0,6,1,1,,17.2916,823,183489,0.866656,235,0,8.85714,,0,0,0,0,0,0,0,0,0,,750,744,,0,0,0,0
1613103304485,6,1010123456045,81,,1,0,6,1,1,,16.2357,802,183667,0.795264,230,0,8.33333,,0,0,0,0,0,0,0,0,0,,750,741,,0,0,0,0
1613103304735,6,1010123456045,81,,1,0,6,1,1,,18,811,183495,0.913792,236,0,9,,0,0,0,0,0,0,0,0,0,,750,750,,0,0,0,0
1613103304985,6,1010123456045,81,,1,0,6,1,1,,18,785,183910,0.878944,227,0,9,,15,16,0,0,4,100,0,1.60568,0,,750,732,,0,0,0,10
1613103305235,6,1010123456045,81,,1,0,6,1,1,,17.3574,803,183703,0.868768,233,0,8.85714,,5.53846,39,0,0.1,12,66.6667,0,7.71574,31,,750,741,,0,0,0,6.53846
1613103305485,6,1010123456045,81,,1,0,6,1,1,,16.7186,725,183660,0.757888,212,0,8.5,,0,0,0,0,0,0,0,0,0,,750,678,,0,0,0,0
1613103305735,6,1010123456045,81,,1,0,6,1,1,,17.4131,777,184152,0.83776,224,0,8.83333,,0,0,0,0,0,0,0,0,0,,750,702,,0,0,0,0
1613103305985,6,1010123456045,81,,1,0,6,1,1,,18,813,183747,0.90992,235,0,9,,5.625,32,0,0.1,10,40,0,7.89438,31,,750,750,,0,0,0,4.375
1613103306235,6,1010123456045,81,,1,0,6,1,1,,17.0678,797,182892,0.839712,231,0,8.71429,,0,0,0,0,0,0,0,0,0,,750,741,,0,0,0,0
1613103306485,6,1010123456045,81,,1,0,6,1,1,,18,821,183919,0.90992,235,0,9,,0,0,0,0,0,0,0,0,0,,750,750,,0,0,0,0
1613103306735,6,1010123456045,81,,1,0,6,1,1,,18,788,184096,0.898304,232,0,9,,0,0,0,0,0,0,0,0,0,,750,741,,0,0,0,0
1613103306985,6,1010123456045,81,,1,0,6,1,1,,17.3172,744,183428,0.777632,209,0,8.83333,,3.10938,64,0,0.1,19,42.1053,0,6.62564,31,,750,672,,0,0,0,4.84375
1613103307235,6,1010123456045,81,,1,0,6,1,1,,17.2632,813,183387,0.865792,232,0,8.71429,,0,0,0,0,0,0,0,0,0,,750,744,,0,0,0,0
1613103307485,6,1010123456045,81,,1,0,6,1,1,,17.4229,804,184230,0.867232,233,0,9,,0,0,0,0,0,0,0,0,0,,750,735,,0,0,0,0
1613103307735,6,1010123456045,81,,1,0,6,1,1,,18,812,184060,0.906048,234,0,9,,0,0,0,0,0,0,0,0,0,,750,747,,0,0,0,0
1613103307985,6,1010123456045,81,,1,0,6,1,1,,16.1081,786,183123,0.788768,229,0,8.5,,15,15,0,0,4,100,0,2.16128,0,,750,738,,0,0,0,10
1613103308235,6,1010123456045,81,,1,0,6,1,1,,18,808,183534,0.89056,230,0,9,,7.57895,38,0,0.1,10,80,0,5.95962,31,,750,726,,0,0,0,8.57895
1613103308485,6,1010123456045,81,,1,0,6,1,1,,18,798,183717,0.89056,230,0,9,,0.1,7,0,0.1,2,0,0,2.81628,0,,750,741,,0,0,0,1.57143
1613103308735,6,1010123456045,81,,1,0,6,1,1,,17.5739,798,183371,0.878304,231,0,8.83333,,0,0,0,0,0,0,0,0,0,,750,729,,0,0,0,0
1613103308985,6,1010123456045,81,,1,0,6,1,1,,17.7772,808,183681,0.877408,231,0,9,,6.16216,37,0,0.1,11,45.4545,0,11.0738,31,,750,747,,0,0,0,4.75676
1613103309235,6,1010123456045,81,,1,0,6,1,1,,18,805,183628,0.90992,235,0,9,,0,0,0,0,0,0,0,0,0,,750,747,,0,0,0,0
1613103309485,6,1010123456045,81,,1,0,6,1,1,,17.337,813,184429,0.86736,233,0,8.83333,,0,0,0,0,0,0,0,0,0,,750,750,,0,0,0,0
1613103309735,6,1010123456045,81,,1,0,6,1,1,,16.9515,784,183664,0.846176,231,0,8.66667,,0,0,0,0,0,0,0,0,0,,750,738,,0,0,0,0
1613103309985,6,1010123456045,81,,1,0,6,1,1,,17.7592,814,183741,0.884896,233,0,9,,15,13,0,0,4,100,0,2.37209,0,,750,747,,0,0,0,10
1613103310235,6,1010123456045,81,,1,0,6,1,1,,18,802,183686,0.906048,234,0,9,,0.1,7,0,0.1,2,0,0,0.738995,31,,750,750,,0,0,0,1.57143
1613103310485,6,1010123456045,81,,1,0,6,1,1,,17.9779,815,183429,0.905024,234,0,9,,0,0,0,0,0,0,0,0,0,,750,747,,0,0,0,0
1613103310735,6,1010123456045,81,,1,0,6,1,1,,17.9887,799,183624,0.897792,232,0,9,,0,0,0,0,0,0,0,0,0,,750,744,,0,0,0,0
1613103310985,6,1010123456045,81,,1,0,6,1,1,,15.4646,762,183682,0.722144,219,0,8,,6,30,0,0.1,9,44.4444,0,9.43999,31,,750,702,,0,0,0,4.6
1613103311235,6,1010123456045,81,,1,0,6,1,1,,16.8074,779,183974,0.78992,225,0,8.57143,,0,0,0,0,0,0,0,0,0,,750,711,,0,0,0,0
1613103311485,6,1010123456045,81,,1,0,6,1,1,,16.3587,814,183542,0.845696,233,0,7.83333,,0,0,0,0,0,0,0,0,0,,750,747,,0,0,0,0
1613103311735,6,1010123456045,81,,1,0,6,1,1,,14.8453,698,184030,0.628896,204,0,8.16667,,0,0,0,0,0,0,0,0,0,,750,642,,0,0,0,0
1613103311985,6,1010123456045,81,,1,0,6,1,1,,18,785,183249,0.875072,226,0,9,,3.25,20,0,0.1,6,0,0,10.2049,31,,750,726,,0,0,0,1
1613103312235,6,1010123456045,81,,1,0,6,1,1,,18,816,183079,0.90992,235,0,9,,0,0,0,0,0,0,0,0,0,,750,747,,0,0,0,0
1613103312485,6,1010123456045,81,,1,0,6,1,1,,17.9888,802,183392,0.886176,229,0,9,,0,0,0,0,0,0,0,0,0,,750,738,,0,0,0,0
1613103312735,6,1010123456045,81,,1,0,6,1,1,,16.8421,798,184156,0.833952,233,0,8.5,,0,0,0,0,0,0,0,0,0,,750,738,,0,0,0,0
1613103312985,6,1010123456045,81,,1,0,6,1,1,,18,817,183986,0.902176,233,0,9,,7.03125,32,0,0.1,9,44.4444,0,7.66966,31,,750,750,,0,0,0,5.21875
1613103313235,6,1010123456045,81,,1,0,6,1,1,,18,826,183816,0.913792,236,0,9,,0,0,0,0,0,0,0,0,0,,750,750,,0,0,0,0
1613103313485,6,1010123456045,81,,1,0,6,1,1,,18,800,184231,0.878944,227,0,9,,0,0,0,0,0,0,0,0,0,,750,729,,0,0,0,0
1613103313735,6,1010123456045,81,,1,0,6,1,1,,18,809,184411,0.902176,233,0,9,,0,0,0,0,0,0,0,0,0,,750,744,,0,0,0,0
1613103313985,6,1010123456045,81,,1,0,6,1,1,,18,829,184005,0.906048,234,0,9,,7.27273,33,0,0.1,9,44.4444,0,6.6614,31,,750,750,,0,0,0,5.36364
1613103314235,6,1010123456045,81,,1,0,6,1,1,,18,816,183953,0.906048,234,0,9,,0,0,0,0,0,0,0,0,0,,750,750,,0,0,0,0
1613103314485,6,1010123456045,81,,1,0,6,1,1,,17.3788,829,183133,0.877408,235,0,8.83333,,0,0,0,0,0,0,0,0,0,,750,750,,0,0,0,0
1613103314735,6,1010123456045,81,,1,0,6,1,1,,18,821,183196,0.902176,233,0,9,,0,0,0,0,0,0,0,0,0,,750,747,,0,0,0,0
1613103314985,6,1010123456045,81,,1,0,6,1,1,,18,815,184455,0.902176,233,0,9,,5.62162,37,0,0.1,11,45.4545,0,9.72791,31,,750,744,,0,0,0,4.89189
1613103315235,6,1010123456045,81,,1,0,6,1,1,,18,820,183207,0.898304,232,0,9,,0,0,0,0,0,0,0,0,0,,750,744,,0,0,0,0
1613103315485,6,1010123456045,81,,1,0,6,1,1,,18,807,183153,0.902176,233,0,9,,0,0,0,0,0,0,0,0,0,,750,744,,0,0,0,0
1613103315735,6,1010123456045,81,,1,0,6,1,1,,18,818,184297,0.90992,235,0,9,,0,0,0,0,0,0,0,0,0,,750,750,,0,0,0,0
1613103315985,6,1010123456045,81,,1,0,6,1,1,,18,774,184126,0.902176,233,0,9,,14.4348,23,0,0.1,6,66.6667,0,17.238,31,,750,750,,0,0,0,7.26087
1613103316235,6,1010123456045,81,,1,0,6,1,1,,17.3498,812,183471,0.879744,236,0,8.85714,,0,0,0,0,0,0,0,0,0,,750,750,,0,0,0,0
1613103316485,6,1010123456045,81,,1,0,6,1,1,,18,804,183535,0.894432,231,0,9,,0,0,0,0,0,0,0,0,0,,750,741,,0,0,0,0
1613103316735,6,1010123456045,81,,1,0,6,1,1,,16.7176,811,184098,0.840384,234,0,8.66667,,0,0,0,0,0,0,0,0,0,,750,744,,0,0,0,0
1613103316985,6,1010123456045,81,,1,0,6,1,1,,18.829,778,183825,0.962976,225,0,9.66667,,10.6596,47,0,0.1,15,60,0,10.6675,31,,750,711,,0,0,0,6.55319
1613103317235,6,1010123456045,81,,1,0,6,1,1,,18.1554,811,183322,0.958848,236,0,9,,0,0,0,0,0,0,0,0,0,,750,750,,0,0,0,0
1613103317485,6,1010123456045,81,,1,0,6,1,1,,18,820,184467,0.902176,233,0,9,,0,0,0,0,0,0,0,0,0,,750,750,,0,0,0,0
1613103317735,6,1010123456045,81,,1,0,6,1,1,,17.4248,805,184292,0.874624,232,0,8.6,,0,0,0,0,0,0,0,0,0,,750,744,,0,0,0,0
1613103317985,6,1010123456045,81,,1,0,6,1,1,,17.6397,816,183312,0.871456,233,0,9,,15,16,0,0,4,100,0,1.03927,0,,750,744,,0,0,0,10
1613103318235,6,1010123456045,81,,1,0,6,1,1,,18,828,183259,0.906048,234,0,9,,0.1,10,0,0.1,3,33.3333,0,2.33503,31,,750,750,,0,0,0,3.7
1613103318485,6,1010123456045,81,,1,0,6,1,1,,19.0362,800,183219,1.03587,227,0,9.83333,,0,0,0,0,0,0,0,0,0,,750,720,,0,0,0,0
1613103318735,6,1010123456045,81,,1,0,6,1,1,,16.0692,780,183259,0.763968,222,0,8.5,,0,0,0,0,0,0,0,0,0,,750,708,,0,0,0,0
1613103318985,6,1010123456045,81,,1,0,6,1,1,,18,812,184406,0.906048,234,0,9,,14.4634,41,0,0.130656,12,58.3333,0,12.8346,31,,750,747,,0,0,0,6.4878
1613103319235,6,1010123456045,81,,1,0,6,1,1,,18,805,183270,0.894432,231,0,9,,0,0,0,0,0,0,0,0,0,,750,735,,0,0,0,0
1613103319485,6,1010123456045,81,,1,0,6,1,1,,17.6901,810,183462,0.895168,230,0,9,,0,0,0,0,0,0,0,0,0,,750,732,,0,0,0,0
1613103319735,6,1010123456045,81,,1,0,6,1,1,,19.6256,812,183131,1.09574,234,0,10.2,,0,0,0,0,0,0,0,0,0,,750,747,,0,0,0,0
1613103319985,6,1010123456045,81,,1,0,6,1,1,,18,778,183195,0.894432,231,0,9,,15.1184,76,0,0.175744,25,80,0,6.70839,31,,750,744,,0,0,0,7.98684
1613103320235,6,1010123456045,81,,1,0,6,1,1,,17.3636,814,183091,0.862304,231,0,8.85714,,0,0,0,0,0,0,0,0,0,,750,729,,0,0,0,0
1613103320485,6,1010123456045,81,,1,0,6,1,1,,18,808,183036,0.897408,232,0,9,,0,0,0,0,0,0,0,0,0,,750,744,,0,0,0,0
1613103320735,6,1010123456045,81,,1,0,6,1,1,,18,813,184178,0.913792,236,0,9,,0,0,0,0,0,0,0,0,0,,750,750,,0,0,0,0
1613103320985,6,1010123456045,81,,1,0,6,1,1,,16.7985,809,183526,0.825504,229,0,8.66667,,6.5,30,0,0.1,9,44.4444,0,5.14798,31,,750,738,,0,0,0,4.9
1613103321235,6,1010123456045,81,,1,0,6,1,1,,18,816,183707,0.906048,234,0,9,,0,0,0,0,0,0,0,0,0,,750,726,,0,0,0,0
1613103321485,6,1010123456045,81,,1,0,6,1,1,,18,771,183625,0.844096,218,0,9,,0,0,0,0,0,0,0,0,0,,750,693,,0,0,0,0
1613103321735,6,1010123456045,81,,1,0,6,1,1,,16.2749,793,183223,0.778752,226,0,8.33333,,0,0,0,0,0,0,0,0,0,,750,726,,0,0,0,0
1613103321985,6,1010123456045,81,,1,0,6,1,1,,18,819,182934,0.906048,234,0,9,,0.1,53,0,0.1,16,37.5,0,3.0888,31,,750,747,,0,0,0,4.22642
1613103322235,6,1010123456045,81,,1,0,6,1,1,,18,804,183465,0.894432,231,0,9,,0,0,0,0,0,0,0,0,0,,750,729,,0,0,0,0
1613103322485,6,1010123456045,81,,1,0,6,1,1,,16.7714,796,183264,0.810816,228,0,8.5,,0,0,0,0,0,0,0,0,0,,750,723,,0,0,0,0
1613103322735,6,1010123456045,81,,1,0,6,1,1,,17.3816,773,184036,0.824736,221,0,8.83333,,0,0,0,0,0,0,0,0,0,,750,708,,0,0,0,0
1613103322985,6,1010123456045,81,,1,0,6,1,1,,18,795,183628,0.90992,235,0,9,,14.8276,58,0,0.167584,19,73.6842,0,9.39038,31,,750,750,,0,0,0,7.39655
1613103323235,6,1010123456045,81,,1,0,6,1,1,,18,759,183783,0.85184,220,0,9,,0,0,0,0,0,0,0,0,0,,750,699,,0,0,0,0
1613103323485,6,1010123456045,81,,1,0,6,1,1,,18,820,183612,0.906048,234,0,9,,0,0,0,0,0,0,0,0,0,,750,750,,0,0,0,0
1613103323735,6,1010123456045,81,,1,0,6,1,1,,18,826,183325,0.90992,235,0,9,,0,0,0,0,0,0,0,0,0,,750,750,,0,0,0,0
1613103323985,6,1010123456045,81,,1,0,6,1,1,,18.8256,820,183561,0.96128,232,0,9.5,,5.21739,46,0,0.1,13,69.2308,0,5.09802,31,,750,747,,0,0,0,7.26087
1613103324235,6,1010123456045,81,,1,0,6,1,1,,16.8088,816,184117,0.861056,232,0,8.71429,,0,0,0,0,0,0,0,0,0,,750,735,,0,0,0,0
1613103324485,6,1010123456045,81,,1,0,6,1,1,,17.1221,737,183664,0.771072,212,0,8.66667,,0,0,0,0,0,0,0,0,0,,750,678,,0,0,0,0
1613103324735,6,1010123456045,81,,1,0,6,1,1,,17.5807,818,184085,0.897408,236,0,8.83333,,0,0,0,0,0,0,0,0,0,,750,750,,0,0,0,0
1613103324985,6,1010123456045,81,,1,0,6,1,1,,16.4504,806,183616,0.813696,232,0,8.66667,,15.2,65,0,0.184928,21,76.1905,0,8.506,31,,750,744,,0,0,0,7.50769
1613103325235,6,1010123456045,81,,1,0,6,1,1,,18,824,183563,0.90992,235,0,9,,0,0,0,0,0,0,0,0,0,,750,747,,0,0,0,0
1613103325485,6,1010123456045,81,,1,0,6,1,1,,18,812,183274,0.902176,233,0,9,,0,0,0,0,0,0,0,0,0,,750,750,,0,0,0,0
1613103325735,6,1010123456045,81,,1,0,6,1,1,,17.3399,812,184283,0.872,234,0,8.83333,,0,0,0,0,0,0,0,0,0,,750,750,,0,0,0,0
1613103325985,6,1010123456045,81,,1,0,6,1,1,,17.3808,793,183905,0.862816,231,0,8.83333,,15,67,0,0.224608,22,72.7273,0,8.67174,31,,750,738,,0,0,0,7.1791
1613103326235,6,1010123456045,81,,1,0,6,1,1,,18,810,183852,0.906048,234,0,9,,0,0,0,0,0,0,0,0,0,,750,750,,0,0,0,0
1613103326485,6,1010123456045,81,,1,0,6,1,1,,18,812,183681,0.902176,233,0,9,,0,0,0,0,0,0,0,0,0,,750,744,,0,0,0,0
1613103326735,6,1010123456045,81,,1,0,6,1,1,,17.4241,797,183802,0.853888,228,0,8.83333,,0,0,0,0,0,0,0,0,0,,750,726,,0,0,0,0
1613103326985,6,1010123456045,81,,1,0,6,1,1,,19.3985,783,184023,1.07408,233,0,9.83333,,15.4574,94,0,0.1,31,90.3226,0,4.27978,31,,750,744,,0,0,0,9.1383
1613103327235,6,1010123456045,81,,1,0,6,1,1,,18,817,184204,0.898304,232,0,9,,0,0,0,0,0,0,0,0,0,,750,744,,0,0,0,0
1613103327485,6,1010123456045,81,,1,0,6,1,1,,17.1192,822,184055,0.865728,234,0,8.66667,,0,0,0,0,0,0,0,0,0,,750,750,,0,0,0,0
1613103327735,6,1010123456045,81,,1,0,6,1,1,,17.6058,822,184383,0.883936,235,0,9,,0,0,0,0,0,0,0,0,0,,750,750,,0,0,0,0
1613103327985,6,1010123456045,81,,1,0,6,1,1,,15.4655,797,184516,0.767168,232,0,8.16667,,13.0435,23,0,0.1,7,57.1429,0,14.0022,31,,750,747,,0,0,0,6.08696
1613103328235,6,1010123456045,81,,1,0,6,1,1,,16.9338,786,183191,0.795712,224,0,8.71429,,0,0,0,0,0,0,0,0,0,,750,711,,0,0,0,0
1613103328485,6,1010123456045,81,,1,0,6,1,1,,17.3689,816,184036,0.869664,233,0,8.83333,,0,0,0,0,0,0,0,0,0,,750,747,,0,0,0,0
1613103328735,6,1010123456045,81,,1,0,6,1,1,,18,813,183747,0.913792,236,0,9,,0,0,0,0,0,0,0,0,0,,750,750,,0,0,0,0
1613103328985,6,1010123456045,81,,1,0,6,1,1,,19.6775,766,184151,1.1601,225,0,10.1667,,15.2088,91,0,0.123904,29,86.2069,0,5.9129,31,,750,729,,0,0,0,8.46154
1613103329235,6,1010123456045,81,,1,0,6,1,1,,18,823,183981,0.913792,236,0,9,,0,0,0,0,0,0,0,0,0,,750,750,,0,0,0,0
1613103329485,6,1010123456045,81,,1,0,6,1,1,,17.6232,828,184462,0.889888,233,0,8.66667,,0,0,0,0,0,0,0,0,0,,750,750,,0,0,0,0
1613103329735,6,1010123456045,81,,1,0,6,1,1,,17.3958,806,184053,0.859328,234,0,9,,0,0,0,0,0,0,0,0,0,,750,750,,0,0,0,0
1613103329985,6,1010123456045,81,,1,0,6,1,1,,17.33,800,183631,0.864256,232,0,8.83333,,9.59722,72,0,0.196992,23,39.1304,0,12.0092,31,,750,741,,0,0,0,5.28472
1613103330235,6,1010123456045,81,,1,0,6,1,1,,18.4469,772,183695,0.901824,222,0,9.28571,,0,0,0,0,0,0,0,0,0,,750,693,,0,0,0,0
1613103330485,6,1010123456045,81,,1,0,6,1,1,,16.4547,739,182935,0.734784,210,0,8.5,,0,0,0,0,0,0,0,0,0,,750,669,,0,0,0,0
1613103330735,6,1010123456045,81,,1,0,6,1,1,,18,817,184428,0.902176,233,0,9,,0,0,0,0,0,0,0,0,0,,750,747,,0,0,0,0
1613103330985,6,1010123456045,81,,1,0,6,1,1,,18.5504,803,184422,1.04816,235,0,9.5,,14.4247,73,0,0.1,23,82.6087,0,7.32915,31,,750,750,,0,0,0,8.43836
1613103331235,6,1010123456045,81,,1,0,6,1,1,,17.8933,787,183783,0.86592,228,0,9,,0,0,0,0,0,0,0,0,0,,750,729,,0,0,0,0
1613103331485,6,1010123456045,81,,1,0,6,1,1,,16.7026,807,184414,0.834464,233,0,8.66667,,0,0,0,0,0,0,0,0,0,,750,747,,0,0,0,0
1613103331735,6,1010123456045,81,,1,0,6,1,1,,16.6493,804,184040,0.837344,233,0,8.2,,0,0,0,0,0,0,0,0,0,,750,741,,0,0,0,0
1613103331985,6,1010123456045,81,,1,0,6,1,1,,13.6788,794,184351,0.779552,231,0,7.5,,15.2184,87,0,0.121856,28,85.7143,0,4.66279,31,,750,747,,0,0,0,8.75862
1613103332235,6,1010123456045,81,,1,0,6,1,1,,17.0118,764,183143,0.804032,222,0,8.66667,,0,0,0,0,0,0,0,0,0,,750,702,,0,0,0,0
1613103332485,6,1010123456045,81,,1,0,6,1,1,,18,773,184259,0.859584,222,0,9,,0,0,0,0,0,0,0,0,0,,750,705,,0,0,0,0
1613103332735,6,1010123456045,81,,1,0,6,1,1,,18,803,184205,0.906048,234,0,9,,0,0,0,0,0,0,0,0,0,,750,741,,0,0,0,0
1613103332986,6,1010123456045,81,,1,0,6,1,1,,18.9097,797,183493,1.05399,233,0,9.66667,,15.1605,81,0,0.12341,24,83.3333,0,5.78434,31,,753,750,,0,0,0,8.33333
1613103333235,6,1010123456045,81,,1,0,6,1,1,,17.3914,815,184502,0.882935,235,0,8.85714,,0,0,0,0,0,0,0,0,0,,747,747,,0,0,0,0
1613103333485,6,1010123456045,81,,1,0,6,1,1,,18,813,184330,0.898304,232,0,9,,0,0,0,0,0,0,0,0,0,,750,747,,0,0,0,0
1613103333735,6,1010123456045,81,,1,0,6,1,1,,18,767,184249,0.859584,222,0,9,,0,0,0,0,0,0,0,0,0,,750,714,,0,0,0,0
1613103333985,6,1010123456045,81,,1,0,6,1,1,,18.9635,822,183709,1.0072,235,0,9.5,,6.2069,29,0,0.1,9,44.4444,0,7.6942,31,,750,750,,0,0,0,4.72414
1613103334235,6,1010123456045,81,,1,0,6,1,1,,18,811,184007,0.894432,231,0,9,,0,0,0,0,0,0,0,0,0,,750,738,,0,0,0,0
1613103334485,6,1010123456045,81,,1,0,6,1,1,,18,815,183717,0.906048,234,0,9,,0,0,0,0,0,0,0,0,0,,750,747,,0,0,0,0
1613103334735,6,1010123456045,81,,1,0,6,1,1,,17.9695,786,184400,0.881792,228,0,9,,0,0,0,0,0,0,0,0,0,,750,729,,0,0,0,0
1613103334985,6,1010123456045,81,,1,0,6,1,1,,19.325,800,183775,1.05494,231,0,9.83333,,15.3333,78,0,0.13488,26,76.9231,0,8.31435,31,,750,738,,0,0,0,7.69231
1613103335235,6,1010123456045,81,,1,0,6,1,1,,17.916,810,183892,0.906048,234,0,8.85714,,0,0,0,0,0,0,0,0,0,,750,750,,0,0,0,0
1613103335485,6,1010123456045,81,,1,0,6,1,1,,17.43,807,183302,0.868128,233,0,9,,0,0,0,0,0,0,0,0,0,,750,744,,0,0,0,0
1613103335735,6,1010123456045,81,,1,0,6,1,1,,18,804,183249,0.902176,233,0,9,,0,0,0,0,0,0,0,0,0,,750,741,,0,0,0,0
1613103335985,6,1010123456045,81,,1,0,6,1,1,,15.1885,780,183611,0.747296,230,0,8,,6.09836,61,0,0.1,20,85,0,4.07331,31,,750,744,,0,0,0,8.81967
1613103336235,6,1010123456045,81,,1,0,6,1,1,,18,812,183441,0.90992,235,0,9,,0,0,0,0,0,0,0,0,0,,750,747,,0,0,0,0
1613103336485,6,1010123456045,81,,1,0,6,1,1,,15.2977,813,183224,0.765824,231,0,8,,0,0,0,0,0,0,0,0,0,,750,741,,0,0,0,0
1613103336735,6,1010123456045,81,,1,0,6,1,1,,17.3683,820,184080,0.877152,235,0,8.83333,,0,0,0,0,0,0,0,0,0,,750,744,,0,0,0,0
1613103336985,6,1010123456045,81,,1,0,6,1,1,,18,806,184142,0.894432,231,0,9,,7.05882,34,0,0.1,10,40,0,6.60792,31,,750,744,,0,0,0,5.23529
1613103337235,6,1010123456045,81,,1,0,6,1,1,,18,826,183972,0.913792,236,0,9,,0,0,0,0,0,0,0,0,0,,750,750,,0,0,0,0
1613103337485,6,1010123456045,81,,1,0,6,1,1,,15.6204,764,184101,0.753792,222,0,7.66667,,0,0,0,0,0,0,0,0,0,,750,714,,0,0,0,0
1613103337735,6,1010123456045,81,,1,0,6,1,1,,18,801,184164,0.898304,232,0,9,,0,0,0,0,0,0,0,0,0,,750,747,,0,0,0,0
1613103337985,6,1010123456045,81,,1,0,6,1,1,,18.9508,793,183735,1.05594,230,0,9.66667,,12.8455,123,0,0.1,41,78.0488,0,5.20399,31,,750,732,,0,0,0,7.95122
1613103338235,6,1010123456045,81,,1,0,6,1,1,,17.9307,808,183997,0.888448,232,0,9,,0,0,0,0,0,0,0,0,0,,750,744,,0,0,0,0
1613103338485,6,1010123456045,81,,1,0,6,1,1,,18,817,183829,0.902176,233,0,9,,0,0,0,0,0,0,0,0,0,,750,744,,0,0,0,0
1613103338735,6,1010123456045,81,,1,0,6,1,1,,18,807,184009,0.898304,232,0,9,,0,0,0,0,0,0,0,0,0,,750,741,,0,0,0,0
1613103338985,6,1010123456045,81,,1,0,6,1,1,,17.3464,814,183362,0.871744,234,0,8.83333,,0.1,43,0,0.1,12,16.6667,0,7.00719,31,,750,744,,0,0,0,2.5814
1613103339235,6,1010123456045,81,,1,0,6,1,1,,18,807,183424,0.902176,233,0,9,,0,0,0,0,0,0,0,0,0,,750,747,,0,0,0,0
1613103339485,6,1010123456045,81,,1,0,6,1,1,,18,811,183254,0.906048,234,0,9,,0,0,0,0,0,0,0,0,0,,750,750,,0,0,0,0
1613103339735,6,1010123456045,81,,1,0,6,1,1,,17.5891,808,183666,0.893792,235,0,8.83333,,0,0,0,0,0,0,0,0,0,,750,750,,0,0,0,0
1613103339985,6,1010123456045,81,,1,0,6,1,1,,17.0482,789,184234,0.825696,227,0,8.8,,3.64286,56,0,0.1,16,43.75,0,9.41984,31,,750,732,,0,0,0,4.80357
1613103340235,6,1010123456045,81,,1,0,6,1,1,,18,806,184298,0.902176,233,0,9,,0,0,0,0,0,0,0,0,0,,750,741,,0,0,0,0
1613103340485,6,1010123456045,81,,1,0,6,1,1,,18,819,184126,0.902176,233,0,9,,0,0,0,0,0,0,0,0,0,,750,750,,0,0,0,0
1613103340735,6,1010123456045,81,,1,0,6,1,1,,19.6196,815,183677,1.10349,236,0,9.83333,,0,0,0,0,0,0,0,0,0,,750,750,,0,0,0,0
1613103340985,6,1010123456045,81,,1,0,6,1,1,,16.4108,774,184180,0.788096,226,0,8.5,,0.1,35,0,0.1,10,20,0,4.16299,31,,750,729,,0,0,0,3.11429
1613103341235,6,1010123456045,81,,1,0,6,1,1,,18,820,184126,0.90992,235,0,9,,0,0,0,0,0,0,0,0,0,,750,741,,0,0,0,0
1613103341485,6,1010123456045,81,,1,0,6,1,1,,18,803,183839,0.902176,233,0,9,,0,0,0,0,0,0,0,0,0,,750,747,,0,0,0,0
1613103341735,6,1010123456045,81,,1,0,6,1,1,,17.351,775,182992,0.838688,225,0,8.83333,,0,0,0,0,0,0,0,0,0,,750,717,,0,0,0,0
1613103341985,6,1010123456045,81,,1,0,6,1,1,,17.3514,814,183651,0.875872,235,0,8.8,,7.27273,33,0,0.1,10,40,0,8.62201,31,,750,747,,0,0,0,4.36364
1613103342235,6,1010123456045,81,,1,0,6,1,1,,17.3676,816,183345,0.868128,233,0,8.85714,,0,0,0,0,0,0,0,0,0,,750,747,,0,0,0,0
1613103342485,6,1010123456045,81,,1,0,6,1,1,,18,833,182942,0.90992,235,0,9,,0,0,0,0,0,0,0,0,0,,750,750,,0,0,0,0
1613103342735,6,1010123456045,81,,1,0,6,1,1,,18,821,184437,0.902176,233,0,9,,0,0,0,0,0,0,0,0,0,,750,747,,0,0,0,0
1613103342985,6,1010123456045,81,,1,0,6,1,1,,17.4103,819,183588,0.885472,235,0,8.83333,,6.77419,31,0,0.1,9,44.4444,0,10.9679,31,,750,744,,0,0,0,5.06452
1613103343235,6,1010123456045,81,,1,0,6,1,1,,16.634,817,183088,0.821248,232,0,8.71429,,0,0,0,0,0,0,0,0,0,,750,741,,0,0,0,0
1613103343485,6,1010123456045,81,,1,0,6,1,1,,18,785,183968,0.8712,225,0,9,,0,0,0,0,0,0,0,0,0,,750,717,,0,0,0,0
1613103343735,6,1010123456045,81,,1,0,6,1,1,,18,815,183681,0.90992,235,0,9,,0,0,0,0,0,0,0,0,0,,750,750,,0,0,0,0
1613103343985,6,1010123456045,81,,1,0,6,1,1,,16.6843,814,184221,0.833568,233,0,8.66667,,8.28261,46,0,0.10032,13,30.7692,0,11.9192,31,,750,750,,0,0,0,4.15217
1613103344235,6,1010123456045,81,,1,0,6,1,1,,17.9162,811,184218,0.90992,235,0,8.85714,,0,0,0,0,0,0,0,0,0,,750,747,,0,0,0,0
1613103344485,6,1010123456045,81,,1,0,6,1,1,,17.4314,809,183513,0.868128,233,0,9,,0,0,0,0,0,0,0,0,0,,750,750,,0,0,0,0
1613103344735,6,1010123456045,81,,1,0,6,1,1,,18.8288,777,183201,1.00582,224,0,9.33333,,0,0,0,0,0,0,0,0,0,,750,711,,0,0,0,0
1613103344985,6,1010123456045,81,,1,0,6,1,1,,18.9383,794,184142,1.05085,231,0,9.66667,,15.2872,94,0,0.1,31,90.3226,0,3.77379,31,,750,741,,0,0,0,9.04255
1613103345235,6,1010123456045,81,,1,0,6,1,1,,17.4045,806,184075,0.863968,231,0,8.85714,,0,0,0,0,0,0,0,0,0,,750,732,,0,0,0,0
1613103345485,6,1010123456045,81,,1,0,6,1,1,,17.741,830,184244,0.894752,233,0,8.83333,,0,0,0,0,0,0,0,0,0,,750,750,,0,0,0,0
1613103345735,6,1010123456045,81,,1,0,6,1,1,,16.9818,824,184391,0.846656,234,0,8.83333,,0,0,0,0,0,0,0,0,0,,750,750,,0,0,0,0
1613103345985,6,1010123456045,81,,1,0,6,1,1,,15.4963,808,183958,0.77312,233,0,8,,15.1519,79,0,0.163648,25,80,0,6.32202,31,,750,744,,0,0,0,8.29114
1613103346235,6,1010123456045,81,,1,0,6,1,1,,18,792,184256,0.894432,231,0,9,,0,0,0,0,0,0,0,0,0,,750,741,,0,0,0,0
1613103346485,6,1010123456045,81,,1,0,6,1,1,,18,806,182889,0.894432,231,0,9,,0,0,0,0,0,0,0,0,0,,750,735,,0,0,0,0
1613103346735,6,1010123456045,81,,1,0,6,1,1,,16.732,806,183938,0.824384,230,0,8.66667,,0,0,0,0,0,0,0,0,0,,750,738,,0,0,0,0
1613103346985,6,1010123456045,81,,1,0,6,1,1,,18.9274,785,183795,1.03955,230,0,9.66667,,15.0822,73,0,0.2368,24,75,0,7.87634,31,,750,735,,0,0,0,7.65753
1613103347235,6,1010123456045,81,,1,0,6,1,1,,17.3358,816,183390,0.871488,234,0,8.83333,,0,0,0,0,0,0,0,0,0,,750,750,,0,0,0,0
1613103347489,6,1010123456045,81,,1,0,6,1,1,,18,790,183799,0.872724,229,0,9,,0,0,0,0,0,0,0,0,0,,756,738,,0,0,0,0
1613103347735,6,1010123456045,81,,1,0,6,1,1,,17.1347,772,183989,0.832455,222,0,8.66667,,0,0,0,0,0,0,0,0,0,,744,693,,0,0,0,0
1613103347985,6,1010123456045,81,,1,0,6,1,1,,17.8821,780,183607,0.843776,220,0,9,,6.13953,43,0,0.1,13,38.4615,0,9.69171,31,,750,720,,0,0,0,4.34884
1613103348235,6,1010123456045,81,,1,0,6,1,1,,18,821,183320,0.913792,236,0,9,,0,0,0,0,0,0,0,0,0,,750,750,,0,0,0,0
1613103348485,6,1010123456045,81,,1,0,6,1,1,,18.2232,811,184003,0.910848,232,0,9.33333,,0,0,0,0,0,0,0,0,0,,750,747,,0,0,0,0
1613103348735,6,1010123456045,81,,1,0,6,1,1,,18.2463,804,183831,0.919968,229,0,9,,0,0,0,0,0,0,0,0,0,,750,723,,0,0,0,0
1613103348985,6,1010123456045,81,,1,0,6,1,1,,18,787,183163,0.8712,225,0,9,,0.1,38,0,0.1,12,41.6667,0,3.67839,31,,750,717,,0,0,0,4.55263
1613103349235,6,1010123456045,81,,1,0,6,1,1,,17.3463,820,184176,0.875872,235,0,8.85714,,0,0,0,0,0,0,0,0,0,,750,747,,0,0,0,0
1613103349485,6,1010123456045,81,,1,0,6,1,1,,16.7297,825,183213,0.832,232,0,8.66667,,0,0,0,0,0,0,0,0,0,,750,747,,0,0,0,0
1613103349735,6,1010123456045,81,,1,0,6,1,1,,18,819,183274,0.902176,233,0,9,,0,0,0,0,0,0,0,0,0,,750,747,,0,0,0,0
1613103349985,6,1010123456045,81,,1,0,6,1,1,,18,810,184419,0.906048,234,0,9,,1.5,30,0,0.1,9,0,0,7.31974,31,,750,747,,0,0,0,1
1613103350235,6,1010123456045,81,,1,0,6,1,1,,16.5522,815,184152,0.830208,232,0,8.5,,0,0,0,0,0,0,0,0,0,,750,741,,0,0,0,0
1613103350485,6,1010123456045,81,,1,0,6,1,1,,16.1662,746,183310,0.736032,215,0,8.66667,,0,0,0,0,0,0,0,0,0,,750,690,,0,0,0,0
1613103350735,6,1010123456045,81,,1,0,6,1,1,,17.603,806,183873,0.879168,234,0,9,,0,0,0,0,0,0,0,0,0,,750,750,,0,0,0,0
1613103350985,6,1010123456045,81,,1,0,6,1,1,,18.954,783,183093,1.01462,225,0,9.66667,,15.8696,23,0,0.1,6,66.6667,0,14.0102,31,,750,720,,0,0,0,7.26087
1613103351235,6,1010123456045,81,,1,0,6,1,1,,18,798,183390,0.894432,231,0,9,,0,0,0,0,0,0,0,0,0,,750,732,,0,0,0,0
1613103351485,6,1010123456045,81,,1,0,6,1,1,,18,818,183335,0.902176,233,0,9,,0,0,0,0,0,0,0,0,0,,750,747,,0,0,0,0
1613103351735,6,1010123456045,81,,1,0,6,1,1,,18,811,183631,0.89056,230,0,9,,0,0,0,0,0,0,0,0,0,,750,732,,0,0,0,0
1613103351985,6,1010123456045,81,,1,0,6,1,1,,16.5854,808,183484,0.82176,230,0,8.5,,7.96774,31,0,0.1,9,44.4444,0,5.75192,31,,750,738,,0,0,0,4.77419
1613103352235,6,1010123456045,81,,1,0,6,1,1,,17.8988,830,183340,0.896896,236,0,9,,0,0,0,0,0,0,0,0,0,,750,750,,0,0,0,0
1613103352485,6,1010123456045,81,,1,0,6,1,1,,18,827,183171,0.902176,233,0,9,,0,0,0,0,0,0,0,0,0,,750,747,,0,0,0,0
1613103352735,6,1010123456045,81,,1,0,6,1,1,,18,827,183000,0.90992,235,0,9,,0,0,0,0,0,0,0,0,0,,750,747,,0,0,0,0
1613103352985,6,1010123456045,81,,1,0,6,1,1,,18,800,183181,0.89056,230,0,9,,3.11111,36,0,0.14608,10,0,0,12.0457,31,,750,735,,0,0,0,1
1613103353235,6,1010123456045,81,,1,0,6,1,1,,18,820,184442,0.913792,236,0,9,,0,0,0,0,0,0,0,0,0,,750,750,,0,0,0,0
1613103353485,6,1010123456045,81,,1,0,6,1,1,,17.3865,802,184061,0.858944,230,0,8.83333,,0,0,0,0,0,0,0,0,0,,750,738,,0,0,0,0
1613103353735,6,1010123456045,81,,1,0,6,1,1,,18,799,184125,0.902176,233,0,9,,0,0,0,0,0,0,0,0,0,,750,741,,0,0,0,0
1613103353985,6,1010123456045,81,,1,0,6,1,1,,18,814,183953,0.906048,234,0,9,,15.8696,23,0,0.1,6,66.6667,0,17.3093,31,,750,744,,0,0,0,7.26087
1613103354235,6,1010123456045,81,,1,0,6,1,1,,18,784,183171,0.878944,227,0,9,,0,0,0,0,0,0,0,0,0,,750,726,,0,0,0,0
1613103354485,6,1010123456045,81,,1,0,6,1,1,,18,807,184314,0.906048,234,0,9,,0,0,0,0,0,0,0,0,0,,750,747,,0,0,0,0
1613103354735,6,1010123456045,81,,1,0,6,1,1,,18,810,184261,0.906048,234,0,9,,0,0,0,0,0,0,0,0,0,,750,747,,0,0,0,0
1613103354985,6,1010123456045,81,,1,0,6,1,1,,18,808,183857,0.90992,235,0,9,,0,12,0,0,4,100,0,0,0,,750,750,,0,0,0,0
1613103355235,6,1010123456045,81,,1,0,6,1,1,,17.0288,798,183555,0.833024,228,0,8.42857,,7.57895,38,0,0.1,10,80,0,6.33987,31,,750,729,,0,0,0,8.57895
1613103355485,6,1010123456045,81,,1,0,6,1,1,,16.5561,802,183661,0.793248,227,0,8.83333,,0.1,7,0,0.1,2,0,0,3.44692,0,,750,732,,0,0,0,1
1613103355735,6,1010123456045,81,,1,0,6,1,1,,18,800,183724,0.898304,232,0,9,,0,0,0,0,0,0,0,0,0,,750,741,,0,0,0,0
1613103355985,6,1010123456045,81,,1,0,6,1,1,,14.9464,784,184202,0.751136,233,0,7.83333,,15.3108,74,0,0.170432,25,80,0,7.9262,31,,750,750,,0,0,0,8.05405
1613103356235,6,1010123456045,81,,1,0,6,1,1,,17.9313,815,183999,0.903936,236,0,9,,0,0,0,0,0,0,0,0,0,,750,750,,0,0,0,0
1613103356485,6,1010123456045,81,,1,0,6,1,1,,18,817,184180,0.89056,230,0,9,,0,0,0,0,0,0,0,0,0,,750,732,,0,0,0,0
1613103356735,6,1010123456045,81,,1,0,6,1,1,,18,821,184007,0.90992,235,0,9,,0,0,0,0,0,0,0,0,0,,750,747,,0,0,0,0
1613103356985,6,1010123456045,81,,1,0,6,1,1,,17.104,808,183015,0.83648,230,0,8.66667,,6.975,40,0,0.1,11,45.4545,0,8.68523,31,,750,741,,0,0,0,5.875
1613103357235,6,1010123456045,81,,1,0,6,1,1,,17.4257,794,184472,0.860992,230,0,8.85714,,0,0,0,0,0,0,0,0,0,,750,729,,0,0,0,0
1613103357485,6,1010123456045,81,,1,0,6,1,1,,18,815,184417,0.894432,231,0,9,,0,0,0,0,0,0,0,0,0,,750,744,,0,0,0,0
1613103357735,6,1010123456045,81,,1,0,6,1,1,,17.3748,819,183940,0.873792,234,0,8.83333,,0,0,0,0,0,0,0,0,0,,750,750,,0,0,0,0
1613103357985,6,1010123456045,81,,1,0,6,1,1,,17.444,777,183958,0.849504,227,0,8.8,,7,30,0,0.1,9,44.4444,0,6.246,31,,750,726,,0,0,0,5.2
1613103358235,6,1010123456045,81,,1,0,6,1,1,,18,806,184022,0.906048,234,0,9,,0,0,0,0,0,0,0,0,0,,750,750,,0,0,0,0
1613103358485,6,1010123456045,81,,1,0,6,1,1,,17.3292,799,184069,0.844896,227,0,8.83333,,0,0,0,0,0,0,0,0,0,,750,723,,0,0,0,0
1613103358735,6,1010123456045,81,,1,0,6,1,1,,18,778,184220,0.859584,222,0,9,,0,0,0,0,0,0,0,0,0,,750,699,,0,0,0,0
1613103358985,6,1010123456045,81,,1,0,6,1,1,,17.4635,768,183205,0.83872,222,0,8.83333,,1.27273,33,0,0.1,9,11.1111,0,7.04183,31,,750,708,,0,0,0,2.09091
1613103359235,6,1010123456045,81,,1,0,6,1,1,,17.3182,773,183921,0.82416,223,0,8.85714,,0,0,0,0,0,0,0,0,0,,750,720,,0,0,0,0
1613103359485,6,1010123456045,81,,1,0,6,1,1,,18,808,183751,0.906048,234,0,9,,0,0,0,0,0,0,0,0,0,,750,750,,0,0,0,0
1613103359735,6,1010123456045,81,,1,0,6,1,1,,17.0097,821,183884,0.850592,235,0,8.66667,,0,0,0,0,0,0,0,0,0,,750,750,,0,0,0,0
1613103359985,6,1010123456045,81,,1,0,6,1,1,,18,809,183712,0.902176,233,0,9,,6.48649,37,0,0.1,10,40,0,7.27171,31,,750,750,,0,0,0,4.89189
1613103360235,6,1010123456045,81,,1,0,6,1,1,,18,807,183544,0.90992,235,0,9,,0,0,0,0,0,0,0,0,0,,750,747,,0,0,0,0
1613103360485,6,1010123456045,81,,1,0,6,1,1,,18,808,183490,0.898304,232,0,9,,0,0,0,0,0,0,0,0,0,,750,747,,0,0,0,0
1613103360735,6,1010123456045,81,,1,0,6,1,1,,17.3551,811,184378,0.876,235,0,8.83333,,0,0,0,0,0,0,0,0,0,,750,747,,0,0,0,0
1613103360985,6,1010123456045,81,,1,0,6,1,1,,17.9845,776,183729,0.870688,225,0,9,,13.5,26,0,0.1,8,75,0,10.0525,31,,750,723,,0,0,0,7.57692
1613103361235,6,1010123456045,81,,1,0,6,1,1,,17.3457,807,183423,0.872,234,0,8.85714,,0,0,0,0,0,0,0,0,0,,750,744,,0,0,0,0
1613103361485,6,1010123456045,81,,1,0,6,1,1,,18,782,183228,0.85184,220,0,9,,0,0,0,0,0,0,0,0,0,,750,705,,0,0,0,0
1613103361735,6,1010123456045,81,,1,0,6,1,1,,17.6104,811,183933,0.88784,233,0,8.83333,,0,0,0,0,0,0,0,0,0,,750,747,,0,0,0,0
1613103361985,6,1010123456045,81,,1,0,6,1,1,,17.2101,752,183358,0.822976,222,0,8.83333,,14.9355,62,0,0.130624,20,80,0,8.29679,0,,750,708,,0,0,0,7.96774
1613103362235,6,1010123456045,81,,1,0,6,1,1,,17.9358,810,183389,0.896192,234,0,9,,0,0,0,0,0,0,0,0,0,,750,750,,0,0,0,0
1613103362485,6,1010123456045,81,,1,0,6,1,1,,18,833,184416,0.90992,235,0,9,,0,0,0,0,0,0,0,0,0,,750,750,,0,0,0,0
1613103362735,6,1010123456045,81,,1,0,6,1,1,,17.411,798,183140,0.852736,228,0,8.83333,,0,0,0,0,0,0,0,0,0,,750,729,,0,0,0,0
1613103362985,6,1010123456045,81,,1,0,6,1,1,,17.1514,806,183559,0.836896,229,0,8.6,,6.66667,36,0,0.1,10,40,0,7.10666,31,,750,732,,0,0,0,5
1613103363235,6,1010123456045,81,,1,0,6,1,1,,16.0797,790,183299,0.774624,229,0,8.66667,,0,0,0,0,0,0,0,0,0,,750,732,,0,0,0,0
1613103363485,6,1010123456045,81,,1,0,6,1,1,,18,811,183130,0.906048,234,0,9,,0,0,0,0,0,0,0,0,0,,750,750,,0,0,0,0
1613103363735,6,1010123456045,81,,1,0,6,1,1,,18,829,184274,0.90992,235,0,9,,0,0,0,0,0,0,0,0,0,,750,750,,0,0,0,0
1613103363985,6,1010123456045,81,,1,0,6,1,1,,18.5987,780,183606,0.964192,227,0,9.5,,15.407,86,0,0.114688,28,85.7143,0,4.22204,31,,753,735,,0,0,0,8.84884
1613103364235,6,1010123456045,81,,1,0,6,1,1,,17.0883,793,184144,0.845847,231,0,8.71429,,0,0,0,0,0,0,0,0,0,,747,732,,0,0,0,0
1613103364485,6,1010123456045,81,,1,0,6,1,1,,16.5065,770,183626,0.772768,221,0,8.5,,0,0,0,0,0,0,0,0,0,,750,708,,0,0,0,0
1613103364735,6,1010123456045,81,,1,0,6,1,1,,17.4007,806,183569,0.85984,230,0,8.83333,,0,0,0,0,0,0,0,0,0,,750,729,,0,0,0,0
1613103364985,6,1010123456045,81,,1,0,6,1,1,,14.8935,789,183366,0.719232,228,0,7.83333,,15.4286,91,0,0.1,31,90.3226,0,3.28181,31,,750,735,,0,0,0,9.10989
1613103365235,6,1010123456045,81,,1,0,6,1,1,,17.3973,823,184206,0.881536,236,0,8.85714,,0,0,0,0,0,0,0,0,0,,750,750,,0,0,0,0
1613103365485,6,1010123456045,81,,1,0,6,1,1,,17.3741,818,183495,0.86992,233,0,8.83333,,0,0,0,0,0,0,0,0,0,,750,750,,0,0,0,0
1613103365735,6,1010123456045,81,,1,0,6,1,1,,17.3736,811,183074,0.872,234,0,8.83333,,0,0,0,0,0,0,0,0,0,,750,750,,0,0,0,0
1613103365985,6,1010123456045,81,,1,0,6,1,1,,17.3635,817,183857,0.871744,234,0,8.83333,,0.1,58,0,0.1,17,58.8235,0,2.57721,31,,750,747,,0,0,0,6.27586
1613103366235,6,1010123456045,81,,1,0,6,1,1,,18,764,183775,0.859584,222,0,9,,0,0,0,0,0,0,0,0,0,,750,699,,0,0,0,0
1613103366485,6,1010123456045,81,,1,0,6,1,1,,14.5748,762,183063,0.696832,225,0,8.2,,0,0,0,0,0,0,0,0,0,,750,711,,0,0,0,0
1613103366735,6,1010123456045,81,,1,0,6,1,1,,16.5204,786,183352,0.795104,227,0,8.5,,0,0,0,0,0,0,0,0,0,,750,732,,0,0,0,0
1613103366985,6,1010123456045,81,,1,0,6,1,1,,17.1755,815,183518,0.859904,232,0,8.6,,5.91304,46,0,0.1,13,46.1538,0,8.34861,31,,750,732,,0,0,0,5.43478
1613103367235,6,1010123456045,81,,1,0,6,1,1,,17.9205,792,184204,0.867136,228,0,9,,0,0,0,0,0,0,0,0,0,,750,729,,0,0,0,0
1613103367485,6,1010123456045,81,,1,0,6,1,1,,17.349,811,183663,0.872,234,0,8.83333,,0,0,0,0,0,0,0,0,0,,750,750,,0,0,0,0
1613103367735,6,1010123456045,81,,1,0,6,1,1,,17.5859,821,184076,0.893792,235,0,8.83333,,0,0,0,0,0,0,0,0,0,,750,750,,0,0,0,0
1613103367985,6,1010123456045,81,,1,0,6,1,1,,18.3761,811,183902,0.943008,233,0,9.33333,,3.56098,41,0,0.101024,12,8.33333,0,15.2635,31,,750,750,,0,0,0,1.65854
1613103368235,6,1010123456045,81,,1,0,6,1,1,,18,820,183615,0.913792,236,0,9,,0,0,0,0,0,0,0,0,0,,750,747,,0,0,0,0
1613103368485,6,1010123456045,81,,1,0,6,1,1,,18,827,183445,0.902176,233,0,9,,0,0,0,0,0,0,0,0,0,,750,750,,0,0,0,0
1613103368735,6,1010123456045,81,,1,0,6,1,1,,18,826,183158,0.913792,236,0,9,,0,0,0,0,0,0,0,0,0,,750,750,,0,0,0,0
1613103368985,6,1010123456045,81,,1,0,6,1,1,,18,808,183105,0.898304,232,0,9,,1.10526,38,0,0.1,11,0,0,12.106,31,,750,747,,0,0,0,1
1613103369235,6,1010123456045,81,,1,0,6,1,1,,19.4311,798,184204,1.06701,232,0,9.42857,,0,0,0,0,0,0,0,0,0,,750,732,,0,0,0,0
1613103369485,6,1010123456045,81,,1,0,6,1,1,,16.2024,766,183308,0.733344,215,0,8.5,,0,0,0,0,0,0,0,0,0,,750,690,,0,0,0,0
1613103369735,6,1010123456045,81,,1,0,6,1,1,,16.605,800,183128,0.817088,230,0,8.66667,,0,0,0,0,0,0,0,0,0,,750,729,,0,0,0,0
1613103369985,6,1010123456045,81,,1,0,6,1,1,,17.7613,821,183088,0.892,235,0,9,,14.4667,15,0,0.1,4,0,0,31.1191,31,,750,750,,0,0,0,1
1613103370235,6,1010123456045,81,,1,0,6,1,1,,17.4037,805,184335,0.864864,231,0,8.85714,,0,0,0,0,0,0,0,0,0,,750,738,,0,0,0,0
1613103370485,6,1010123456045,81,,1,0,6,1,1,,18,833,183930,0.909024,235,0,9,,0,0,0,0,0,0,0,0,0,,750,750,,0,0,0,0
1613103370735,6,1010123456045,81,,1,0,6,1,1,,18,815,183994,0.902176,233,0,9,,0,0,0,0,0,0,0,0,0,,750,747,,0,0,0,0
1613103370985,6,1010123456045,81,,1,0,6,1,1,,17.4154,792,183800,0.856608,229,0,8.83333,,0,12,0,0,4,100,0,0,0,,750,729,,0,0,0,0
1613103371235,6,1010123456045,81,,1,0,6,1,1,,17.2182,802,183973,0.868128,233,0,8.42857,,7.45714,35,0,0.1,10,80,0,6.35261,31,,750,741,,0,0,0,8.45714
1613103371485,6,1010123456045,81,,1,0,6,1,1,,17.188,782,183274,0.814816,225,0,9,,0.1,7,0,0.1,2,0,0,1.52008,0,,750,729,,0,0,0,1.57143
1613103371735,6,1010123456045,81,,1,0,6,1,1,,18,815,184534,0.906048,234,0,9,,0,0,0,0,0,0,0,0,0,,750,744,,0,0,0,0
1613103371985,6,1010123456045,81,,1,0,6,1,1,,18,799,183284,0.894432,231,0,9,,5.29412,34,0,0.1,10,40,0,9.54739,31,,750,738,,0,0,0,4.17647
1613103372235,6,1010123456045,81,,1,0,6,1,1,,17.8443,809,183345,0.90992,235,0,8.57143,,0,0,0,0,0,0,0,0,0,,750,747,,0,0,0,0
1613103372485,6,1010123456045,81,,1,0,6,1,1,,16.3337,803,183986,0.772544,226,0,8.83333,,0,0,0,0,0,0,0,0,0,,750,729,,0,0,0,0
1613103372735,6,1010123456045,81,,1,0,6,1,1,,18,795,183437,0.875072,226,0,9,,0,0,0,0,0,0,0,0,0,,750,717,,0,0,0,0
1613103372985,6,1010123456045,81,,1,0,6,1,1,,18,801,183618,0.89056,230,0,9,,1.47368,38,0,0.1,11,9.09091,0,13.4893,31,,750,741,,0,0,0,1.71053
1613103373235,6,1010123456045,81,,1,0,6,1,1,,17.2811,797,183611,0.862208,232,0,8.85714,,0,0,0,0,0,0,0,0,0,,750,738,,0,0,0,0
1613103373488,6,1010123456045,81,,1,0,6,1,1,,18,807,183208,0.895304,234,0,9,,0,0,0,0,0,0,0,0,0,,753,753,,0,0,0,0
1613103373735,6,1010123456045,81,,1,0,6,1,1,,17.3668,807,183205,0.872,230,0,8.83333,,0,0,0,0,0,0,0,0,0,,747,738,,0,0,0,0
1613103373985,6,1010123456045,81,,1,0,6,1,1,,16.2488,828,183262,0.813472,235,0,8.33333,,1.18182,33,0,0.1,10,30,0,9.4913,31,,750,750,,0,0,0,3.45455
1613103374235,6,1010123456045,81,,1,0,6,1,1,,17.3219,814,184212,0.864832,234,0,8.85714,,0,0,0,0,0,0,0,0,0,,750,747,,0,0,0,0
1613103374485,6,1010123456045,81,,1,0,6,1,1,,17.4305,806,183776,0.863712,231,0,8.83333,,0,0,0,0,0,0,0,0,0,,750,738,,0,0,0,0
1613103374735,6,1010123456045,81,,1,0,6,1,1,,17.3457,807,183353,0.872,234,0,8.83333,,0,0,0,0,0,0,0,0,0,,750,750,,0,0,0,0
1613103374985,6,1010123456045,81,,1,0,6,1,1,,18,807,184381,0.90992,235,0,9,,0,12,0,0,4,100,0,0,0,,750,750,,0,0,0,0
1613103375235,6,1010123456045,81,,1,0,6,1,1,,17.2203,808,184247,0.872896,234,0,8.57143,,0.1,11,0,0.1,3,33.3333,0,1.46919,31,,750,747,,0,0,0,4.27273
1613103375485,6,1010123456045,81,,1,0,6,1,1,,17.1698,807,184260,0.844128,233,0,9,,0,0,0,0,0,0,0,0,0,,750,747,,0,0,0,0
1613103375735,6,1010123456045,81,,1,0,6,1,1,,16.2875,814,184245,0.81536,232,0,8.4,,0,0,0,0,0,0,0,0,0,,750,741,,0,0,0,0
1613103375985,6,1010123456045,81,,1,0,6,1,1,,19.2711,782,183196,1.06234,230,0,9.83333,,15.3418,79,0,0.170432,25,80,0,6.49098,31,,750,738,,0,0,0,8.17722
1613103376235,6,1010123456045,81,,1,0,6,1,1,,18,823,183143,0.906048,234,0,9,,0,0,0,0,0,0,0,0,0,,750,744,,0,0,0,0
1613103376485,6,1010123456045,81,,1,0,6,1,1,,17.7772,808,183832,0.881312,229,0,8.83333,,0,0,0,0,0,0,0,0,0,,750,738,,0,0,0,0
1613103376735,6,1010123456045,81,,1,0,6,1,1,,15.6692,804,183348,0.775072,233,0,8.6,,0,0,0,0,0,0,0,0,0,,750,738,,0,0,0,0
1613103376985,6,1010123456045,81,,1,0,6,1,1,,18,804,183295,0.898304,232,0,9,,6,30,0,0.1,9,44.4444,0,8.7218,31,,750,744,,0,0,0,4.6
1613103377235,6,1010123456045,81,,1,0,6,1,1,,18,808,183241,0.90992,235,0,9,,0,0,0,0,0,0,0,0,0,,750,747,,0,0,0,0
1613103377485,6,1010123456045,81,,1,0,6,1,1,,13.9825,743,183433,0.634816,210,0,7.5,,0,0,0,0,0,0,0,0,0,,750,678,,0,0,0,0
1613103377735,6,1010123456045,81,,1,0,6,1,1,,17.9354,820,184262,0.944672,233,0,8.83333,,0,0,0,0,0,0,0,0,0,,750,747,,0,0,0,0
1613103377985,6,1010123456045,81,,1,0,6,1,1,,16.6935,796,183590,0.826336,231,0,8.66667,,0.952381,63,0,0.1,18,16.6667,0,11.5659,31,,750,738,,0,0,0,2.49206
1613103378235,6,1010123456045,81,,1,0,6,1,1,,17.0658,790,184252,0.8368,230,0,8.71429,,0,0,0,0,0,0,0,0,0,,750,738,,0,0,0,0
1613103378485,6,1010123456045,81,,1,0,6,1,1,,17.4115,802,183939,0.86048,230,0,8.83333,,0,0,0,0,0,0,0,0,0,,750,735,,0,0,0,0
1613103378735,6,1010123456045,81,,1,0,6,1,1,,18,807,183887,0.906048,234,0,9,,0,0,0,0,0,0,0,0,0,,750,750,,0,0,0,0
1613103378985,6,1010123456045,81,,1,0,6,1,1,,18,812,183600,0.906048,234,0,9,,1.73077,26,0,0.1,8,0,0,12.2624,31,,750,747,,0,0,0,1
1613103379235,6,1010123456045,81,,1,0,6,1,1,,18,824,183546,0.906048,234,0,9,,0,0,0,0,0,0,0,0,0,,750,750,,0,0,0,0
1613103379485,6,1010123456045,81,,1,0,6,1,1,,17.1403,791,183005,0.82528,226,0,8.66667,,0,0,0,0,0,0,0,0,0,,750,726,,0,0,0,0
1613103379735,6,1010123456045,81,,1,0,6,1,1,,14.1729,746,184418,0.627744,217,0,7.8,,0,0,0,0,0,0,0,0,0,,750,684,,0,0,0,0
1613103379985,6,1010123456045,81,,1,0,6,1,1,,18,780,184248,0.898304,232,0,9,,15.6698,106,0,0.1,34,88.2353,0,5.0042,31,,750,750,,0,0,0,8.92453
1613103380235,6,1010123456045,81,,1,0,6,1,1,,17.3386,815,183952,0.867872,233,0,8.85714,,0,0,0,0,0,0,0,0,0,,750,741,,0,0,0,0
1613103380485,6,1010123456045,81,,1,0,6,1,1,,17.0345,811,184487,0.833408,230,0,8.6,,0,0,0,0,0,0,0,0,0,,750,738,,0,0,0,0
1613103380735,6,1010123456045,81,,1,0,6,1,1,,18,825,184200,0.913792,236,0,9,,0,0,0,0,0,0,0,0,0,,750,750,,0,0,0,0
1613103380985,6,1010123456045,81,,1,0,6,1,1,,18,783,184264,0.894432,231,0,9,,14.9,60,0,0.130624,20,80,0,7.31819,0,,750,744,,0,0,0,8.05
1613103381235,6,1010123456045,81,,1,0,6,1,1,,18.8672,806,184438,0.995424,235,0,9.42857,,0,0,0,0,0,0,0,0,0,,750,744,,0,0,0,0
1613103381485,6,1010123456045,81,,1,0,6,1,1,,18,811,184266,0.898304,232,0,9,,0,0,0,0,0,0,0,0,0,,750,744,,0,0,0,0
1613103381735,6,1010123456045,81,,1,0,6,1,1,,17.5294,765,183480,0.836288,222,0,8.83333,,0,0,0,0,0,0,0,0,0,,750,714,,0,0,0,0
1613103381985,6,1010123456045,81,,1,0,6,1,1,,18,813,184508,0.90992,235,0,9,,0.1,31,0,0.1,10,30,0,4.38493,31,,750,750,,0,0,0,3.03226
1613103382235,6,1010123456045,81,,1,0,6,1,1,,15.0113,799,183543,0.751424,230,0,7.71429,,0,0,0,0,0,0,0,0,0,,750,735,,0,0,0,0
1613103382485,6,1010123456045,81,,1,0,6,1,1,,18,787,184192,0.875072,226,0,9,,0,0,0,0,0,0,0,0,0,,750,714,,0,0,0,0
1613103382735,6,1010123456045,81,,1,0,6,1,1,,18,801,184373,0.898304,232,0,9,,0,0,0,0,0,0,0,0,0,,750,741,,0,0,0,0
1613103382985,6,1010123456045,81,,1,0,6,1,1,,16.7765,810,183577,0.840448,232,0,8.66667,,3.89286,28,0,0.108768,8,0,0,15.0269,31,,750,738,,0,0,0,1
1613103383235,6,1010123456045,81,,1,0,6,1,1,,17.2763,807,183240,0.859168,233,0,8.85714,,0,0,0,0,0,0,0,0,0,,750,750,,0,0,0,0
1613103383485,6,1010123456045,81,,1,0,6,1,1,,17.3521,815,184251,0.868128,233,0,8.83333,,0,0,0,0,0,0,0,0,0,,750,747,,0,0,0,0
1613103383735,6,1010123456045,81,,1,0,6,1,1,,18,814,184080,0.906048,234,0,9,,0,0,0,0,0,0,0,0,0,,750,747,,0,0,0,0
1613103383985,6,1010123456045,81,,1,0,6,1,1,,17.6338,669,183602,0.723296,191,0,8.75,,15,16,0,0,4,100,0,3.33153,0,,750,615,,0,0,0,10
1613103384235,6,1010123456045,81,,1,0,6,1,1,,18,821,183666,0.902176,233,0,9,,7.57895,38,0,0.1,10,80,0,5.94164,31,,750,738,,0,0,0,8.57895
1613103384485,6,1010123456045,81,,1,0,6,1,1,,17.3346,816,183261,0.863744,232,0,8.83333,,0.1,7,0,0.1,2,0,0,2.81211,0,,750,744,,0,0,0,1.57143
1613103384735,6,1010123456045,81,,1,0,6,1,1,,17.3463,820,184036,0.879744,236,0,8.83333,,0,0,0,0,0,0,0,0,0,,750,750,,0,0,0,0
1613103384985,6,1010123456045,81,,1,0,6,1,1,,16.792,798,184529,0.84224,232,0,8.66667,,1.60714,28,0,0.1,9,0,0,12.5462,31,,750,744,,0,0,0,1
1613103385235,6,1010123456045,81,,1,0,6,1,1,,17.8668,811,183152,0.903936,236,0,8.85714,,0,0,0,0,0,0,0,0,0,,750,750,,0,0,0,0
1613103385485,6,1010123456045,81,,1,0,6,1,1,,16.8288,806,183655,0.826176,230,0,8.83333,,0,0,0,0,0,0,0,0,0,,750,741,,0,0,0,0
1613103385735,6,1010123456045,81,,1,0,6,1,1,,17.1472,795,182908,0.836,229,0,8.66667,,0,0,0,0,0,0,0,0,0,,750,735,,0,0,0,0
1613103385985,6,1010123456045,81,,1,0,6,1,1,,19.6361,819,183890,1.09574,234,0,9.83333,,5.33333,45,0,0.1,13,69.2308,0,8.81952,31,,750,747,,0,0,0,7.26667
1613103386235,6,1010123456045,81,,1,0,6,1,1,,15.8933,806,183543,0.77968,233,0,8.28571,,0,0,0,0,0,0,0,0,0,,750,744,,0,0,0,0
1613103386485,6,1010123456045,81,,1,0,6,1,1,,17.1179,806,183635,0.856,232,0,8.66667,,0,0,0,0,0,0,0,0,0,,750,738,,0,0,0,0
1613103386735,6,1010123456045,81,,1,0,6,1,1,,16.6667,801,183374,0.810496,230,0,8.66667,,0,0,0,0,0,0,0,0,0,,750,741,,0,0,0,0
1613103386987,6,1010123456045,81,,1,0,6,1,1,,16.8377,801,183738,0.83254,233,0,8.66667,,14.8448,58,0,0.1,17,70.5882,0,10.5405,31,,756,741,,0,0,0,7.2069
1613103387235,6,1010123456045,81,,1,0,6,1,1,,16.1165,798,183303,0.790032,227,0,8.57143,,0,0,0,0,0,0,0,0,0,,744,726,,0,0,0,0
1613103387485,6,1010123456045,81,,1,0,6,1,1,,18,814,183367,0.894432,231,0,9,,0,0,0,0,0,0,0,0,0,,750,741,,0,0,0,0
1613103387735,6,1010123456045,81,,1,0,6,1,1,,16.7587,808,183914,0.837152,233,0,8.66667,,0,0,0,0,0,0,0,0,0,,750,744,,0,0,0,0
1613103387985,6,1010123456045,81,,1,0,6,1,1,,17.2725,800,184259,0.856128,230,0,8.66667,,1.28571,35,0,0.1,10,20,0,6.45368,31,,750,732,,0,0,0,3.31429
1613103388235,6,1010123456045,81,,1,0,6,1,1,,15.7497,771,183459,0.728288,221,0,8.42857,,0,0,0,0,0,0,0,0,0,,750,708,,0,0,0,0
1613103388485,6,1010123456045,81,,1,0,6,1,1,,17.9848,787,184007,0.878432,227,0,9,,0,0,0,0,0,0,0,0,0,,750,732,,0,0,0,0
1613103388735,6,1010123456045,81,,1,0,6,1,1,,19.6163,808,183967,1.09398,235,0,9.83333,,0,0,0,0,0,0,0,0,0,,750,744,,0,0,0,0
1613103388985,6,1010123456045,81,,1,0,6,1,1,,16.757,790,183627,0.811328,226,0,8.66667,,6,40,0,0.1,11,36.3636,0,8.10172,31,,750,732,,0,0,0,4.6
1613103389235,6,1010123456045,81,,1,0,6,1,1,,16.7259,788,183317,0.825792,230,0,8.71429,,0,0,0,0,0,0,0,0,0,,750,729,,0,0,0,0
1613103389485,6,1010123456045,81,,1,0,6,1,1,,16.8434,798,184430,0.810784,227,0,8.5,,0,0,0,0,0,0,0,0,0,,750,729,,0,0,0,0
1613103389735,6,1010123456045,81,,1,0,6,1,1,,16.7319,813,183785,0.833024,232,0,8.66667,,0,0,0,0,0,0,0,0,0,,750,744,,0,0,0,0
1613103389985,6,1010123456045,81,,1,0,6,1,1,,17.3457,807,183481,0.864256,232,0,8.83333,,5.10638,47,0,0.1,13,53.8462,0,3.26589,31,,750,732,,0,0,0,5.97872
1613103390235,6,1010123456045,81,,1,0,6,1,1,,17.9078,781,183101,0.8712,225,0,8.85714,,0,0,0,0,0,0,0,0,0,,750,723,,0,0,0,0
1613103390485,6,1010123456045,81,,1,0,6,1,1,,17.443,833,183592,0.875872,235,0,9,,0,0,0,0,0,0,0,0,0,,750,750,,0,0,0,0
1613103390735,6,1010123456045,81,,1,0,6,1,1,,18,809,183539,0.906048,234,0,9,,0,0,0,0,0,0,0,0,0,,750,750,,0,0,0,0
1613103390985,6,1010123456045,81,,1,0,6,1,1,,16.6372,780,183675,0.799968,227,0,8.5,,1.46341,41,0,0.1,12,41.6667,0,10.7162,31,,750,723,,0,0,0,4.73171
1613103391235,6,1010123456045,81,,1,0,6,1,1,,18,816,183620,0.906048,234,0,9,,0,0,0,0,0,0,0,0,0,,750,747,,0,0,0,0
1613103391485,6,1010123456045,81,,1,0,6,1,1,,17.3899,813,184456,0.873792,234,0,8.83333,,0,0,0,0,0,0,0,0,0,,750,750,,0,0,0,0
1613103391735,6,1010123456045,81,,1,0,6,1,1,,18,814,184286,0.906048,234,0,9,,0,0,0,0,0,0,0,0,0,,750,744,,0,0,0,0
1613103391985,6,1010123456045,81,,1,0,6,1,1,,18.7478,793,183850,1.04938,233,0,9.66667,,14.9848,66,0,0.226816,22,72.7273,0,8.11521,31,,750,750,,0,0,0,7.54545
1613103392235,6,1010123456045,81,,1,0,6,1,1,,17.4061,815,183549,0.86784,232,0,8.85714,,0,0,0,0,0,0,0,0,0,,750,735,,0,0,0,0
1613103392485,6,1010123456045,81,,1,0,6,1,1,,17.0893,795,184038,0.838816,231,0,8.66667,,0,0,0,0,0,0,0,0,0,,750,741,,0,0,0,0
1613103392735,6,1010123456045,81,,1,0,6,1,1,,17.9729,774,184223,0.846944,219,0,9,,0,0,0,0,0,0,0,0,0,,750,702,,0,0,0,0
1613103392985,6,1010123456045,81,,1,0,6,1,1,,19.049,776,183936,1.05411,229,0,9.66667,,15.2917,96,0,0.1,31,90.3226,0,5.71966,31,,750,735,,0,0,0,8.9375
1613103393235,6,1010123456045,81,,1,0,6,1,1,,17.9296,795,184199,0.889344,232,0,9,,0,0,0,0,0,0,0,0,0,,750,741,,0,0,0,0
1613103393485,6,1010123456045,81,,1,0,6,1,1,,17.4089,812,183946,0.854816,229,0,8.83333,,0,0,0,0,0,0,0,0,0,,750,738,,0,0,0,0
1613103393735,6,1010123456045,81,,1,0,6,1,1,,18,821,183892,0.906048,234,0,9,,0,0,0,0,0,0,0,0,0,,750,750,,0,0,0,0
1613103393985,6,1010123456045,81,,1,0,6,1,1,,16.8356,797,184278,0.845728,233,0,8.66667,,2.54545,33,0,0.1,11,18.1818,0,11.824,31,,750,744,,0,0,0,2.48485
1613103394235,6,1010123456045,81,,1,0,6,1,1,,15.1148,793,183040,0.753024,230,0,8,,0,0,0,0,0,0,0,0,0,,750,732,,0,0,0,0
1613103394485,6,1010123456045,81,,1,0,6,1,1,,18,833,184065,0.90992,235,0,9,,0,0,0,0,0,0,0,0,0,,750,750,,0,0,0,0
1613103394735,6,1010123456045,81,,1,0,6,1,1,,18,782,183750,0.867328,224,0,9,,0,0,0,0,0,0,0,0,0,,750,720,,0,0,0,0
1613103394985,6,1010123456045,81,,1,0,6,1,1,,19.1586,807,182917,0.989472,233,0,9.66667,,0,12,0,0,4,100,0,0,0,,750,741,,0,0,0,0
1613103395235,6,1010123456045,81,,1,0,6,1,1,,18.0448,803,184396,0.934912,232,0,8.85714,,0.1,10,0,0.1,3,33.3333,0,1.3727,31,,750,744,,0,0,0,3.7
1613103395485,6,1010123456045,81,,1,0,6,1,1,,17.427,815,183694,0.871488,234,0,9,,0,0,0,0,0,0,0,0,0,,750,747,,0,0,0,0
1613103395735,6,1010123456045,81,,1,0,6,1,1,,18,824,183409,0.90992,235,0,9,,0,0,0,0,0,0,0,0,0,,750,750,,0,0,0,0
1613103395985,6,1010123456045,81,,1,0,6,1,1,,18,800,183239,0.902176,233,0,9,,7,30,0,0.1,9,44.4444,0,11.8239,31,,750,750,,0,0,0,5.2
1613103396235,6,1010123456045,81,,1,0,6,1,1,,18,800,183302,0.902176,233,0,9,,0,0,0,0,0,0,0,0,0,,750,741,,0,0,0,0
1613103396485,6,1010123456045,81,,1,0,6,1,1,,17.0811,814,183438,0.84656,233,0,8.66667,,0,0,0,0,0,0,0,0,0,,750,750,,0,0,0,0
1613103396735,6,1010123456045,81,,1,0,6,1,1,,14.8082,782,184035,0.700672,224,0,7.83333,,0,0,0,0,0,0,0,0,0,,750,714,,0,0,0,0
1613103396985,6,1010123456045,81,,1,0,6,1,1,,18.0723,788,183837,1.00781,230,0,9.33333,,15.1905,63,0,0.114688,20,80,0,7.36879,31,,750,741,,0,0,0,8.21429
1613103397235,6,1010123456045,81,,1,0,6,1,1,,17.8946,797,184279,0.881408,232,0,9,,0,0,0,0,0,0,0,0,0,,750,738,,0,0,0,0
1613103397485,6,1010123456045,81,,1,0,6,1,1,,17.3325,803,182895,0.844896,227,0,8.83333,,0,0,0,0,0,0,0,0,0,,750,729,,0,0,0,0
1613103397735,6,1010123456045,81,,1,0,6,1,1,,17.3782,817,184080,0.866048,232,0,8.83333,,0,0,0,0,0,0,0,0,0,,750,744,,0,0,0,0
1613103397985,6,1010123456045,81,,1,0,6,1,1,,16.7726,796,183514,0.822688,229,0,8.8,,0.918033,61,0,0.1,17,17.6471,0,9.62306,31,,750,732,,0,0,0,2.62295
1613103398235,6,1010123456045,81,,1,0,6,1,1,,17.1439,806,184287,0.836096,228,0,8.71429,,0,0,0,0,0,0,0,0,0,,747,729,,0,0,0,0
1613103398485,6,1010123456045,81,,1,0,6,1,1,,16.7311,833,184429,0.843648,236,0,8.66667,,0,0,0,0,0,0,0,0,0,,753,753,,0,0,0,0
1613103398735,6,1010123456045,81,,1,0,6,1,1,,17.0977,737,184345,0.77264,209,0,8.6,,0,0,0,0,0,0,0,0,0,,750,666,,0,0,0,0
1613103398985,6,1010123456045,81,,1,0,6,1,1,,17.1738,817,183868,0.867296,235,0,8.83333,,3.94444,36,0,0.1,10,10,0,19.6143,31,,750,750,,0,0,0,1.75
1613103399235,6,1010123456045,81,,1,0,6,1,1,,17.0025,796,184498,0.830816,231,0,8.71429,,0,0,0,0,0,0,0,0,0,,750,738,,0,0,0,0
1613103399485,6,1010123456045,81,,1,0,6,1,1,,18,814,184444,0.902176,233,0,9,,0,0,0,0,0,0,0,0,0,,750,747,,0,0,0,0
1613103399735,6,1010123456045,81,,1,0,6,1,1,,17.3383,810,183060,0.856512,230,0,8.83333,,0,0,0,0,0,0,0,0,0,,750,732,,0,0,0,0
1613103399985,6,1010123456045,81,,1,0,6,1,1,,17.3325,773,183780,0.82256,221,0,8.83333,,15.8696,23,0,0.1,6,66.6667,0,17.1699,31,,750,717,,0,0,0,7.26087
1613103400235,6,1010123456045,81,,1,0,6,1,1,,18,802,184195,0.894432,231,0,9,,0,0,0,0,0,0,0,0,0,,747,729,,0,0,0,0
1613103400485,6,1010123456045,81,,1,0,6,1,1,,16.982,778,184256,0.797856,221,0,8.66667,,0,0,0,0,0,0,0,0,0,,750,702,,0,0,0,0
1613103400735,6,1010123456045,81,,1,0,6,1,1,,18,811,183969,0.913792,236,0,9,,0,0,0,0,0,0,0,0,0,,753,750,,0,0,0,0
1613103400985,6,1010123456045,81,,1,0,6,1,1,,18,800,183798,0.902176,233,0,9,,15.9531,64,0,0.239744,22,72.7273,0,10.2791,31,,750,750,,0,0,0,6.90625
1613103401235,6,1010123456045,81,,1,0,6,1,1,,18,814,183862,0.906048,234,0,9,,0,0,0,0,0,0,0,0,0,,750,744,,0,0,0,0
1613103401485,6,1010123456045,81,,1,0,6,1,1,,18,810,183691,0.898304,232,0,9,,0,0,0,0,0,0,0,0,0,,750,744,,0,0,0,0
1613103401735,6,1010123456045,81,,1,0,6,1,1,,18,806,183638,0.906048,234,0,9,,0,0,0,0,0,0,0,0,0,,750,747,,0,0,0,0
1613103401985,6,1010123456045,81,,1,0,6,1,1,,16.5963,758,183356,0.76624,217,0,8.33333,,0.1,58,0,0.1,17,41.1765,0,4.9264,31,,750,690,,0,0,0,4.55172
1613103402235,6,1010123456045,81,,1,0,6,1,1,,18,820,183300,0.906048,234,0,9,,0,0,0,0,0,0,0,0,0,,750,750,,0,0,0,0
1613103402485,6,1010123456045,81,,1,0,6,1,1,,17.0917,807,183632,0.843904,232,0,8.66667,,0,0,0,0,0,0,0,0,0,,750,738,,0,0,0,0
1613103402735,6,1010123456045,81,,1,0,6,1,1,,17.4135,798,183343,0.863712,231,0,8.83333,,0,0,0,0,0,0,0,0,0,,750,744,,0,0,0,0
1613103402985,6,1010123456045,81,,1,0,6,1,1,,19.5148,812,184209,1.09962,235,0,9.83333,,14.9714,70,0,0.123904,21,80.9524,0,7.01329,31,,750,750,,0,0,0,8.12857
1613103403235,6,1010123456045,81,,1,0,6,1,1,,17.3431,816,183905,0.868128,233,0,8.85714,,0,0,0,0,0,0,0,0,0,,750,747,,0,0,0,0
1613103403485,6,1010123456045,81,,1,0,6,1,1,,18,819,183735,0.906048,234,0,9,,0,0,0,0,0,0,0,0,0,,750,750,,0,0,0,0
1613103403735,6,1010123456045,81,,1,0,6,1,1,,18,815,183447,0.90992,235,0,9,,0,0,0,0,0,0,0,0,0,,750,750,,0,0,0,0
1613103403985,6,1010123456045,81,,1,0,6,1,1,,16.8027,801,184108,0.83952,231,0,8.66667,,12.5217,23,0,0.1,7,42.8571,0,19.597,31,,750,738,,0,0,0,4.65217
1613103404235,6,1010123456045,81,,1,0,6,1,1,,17.0699,730,183651,0.774176,213,0,8.42857,,0,0,0,0,0,0,0,0,0,,750,681,,0,0,0,0
1613103404485,6,1010123456045,81,,1,0,6,1,1,,15.9019,775,183835,0.74672,223,0,8.5,,0,0,0,0,0,0,0,0,0,,750,714,,0,0,0,0
1613103404735,6,1010123456045,81,,1,0,6,1,1,,17.3312,785,183874,0.856768,230,0,8.8,,0,0,0,0,0,0,0,0,0,,750,729,,0,0,0,0
1613103404985,6,1010123456045,81,,1,0,6,1,1,,18,789,184406,0.878944,227,0,9,,15,14,0,0,4,100,0,2.29796,0,,750,732,,0,0,0,10
1613103405235,6,1010123456045,81,,1,0,6,1,1,,18,808,184236,0.913792,236,0,9,,0.1,7,0,0.1,2,0,0,1.76925,31,,750,750,,0,0,0,1.57143
1613103405485,6,1010123456045,81,,1,0,6,1,1,,18,810,184065,0.898304,232,0,9,,0,0,0,0,0,0,0,0,0,,750,747,,0,0,0,0
1613103405735,6,1010123456045,81,,1,0,6,1,1,,16.72,800,183220,0.839744,234,0,8.66667,,0,0,0,0,0,0,0,0,0,,750,750,,0,0,0,0
1613103405985,6,1010123456045,81,,1,0,6,1,1,,17.3665,813,184190,0.865536,232,0,8.83333,,5.45455,33,0,0.1,10,50,0,5.56838,31,,750,741,,0,0,0,5.09091
1613103406235,6,1010123456045,81,,1,0,6,1,1,,17.8463,820,184607,0.902176,233,0,8.57143,,0,0,0,0,0,0,0,0,0,,750,744,,0,0,0,0
1613103406485,6,1010123456045,81,,1,0,6,1,1,,16.0025,806,183928,0.769408,232,0,8.66667,,0,0,0,0,0,0,0,0,0,,750,738,,0,0,0,0
1613103406735,6,1010123456045,81,,1,0,6,1,1,,18.9937,797,184090,0.991712,231,0,9.5,,0,0,0,0,0,0,0,0,0,,750,741,,0,0,0,0
1613103406985,6,1010123456045,81,,1,0,6,1,1,,19.4449,789,184185,1.07802,232,0,9.83333,,15.0563,71,0,0.224608,22,72.7273,0,10.5918,31,,750,741,,0,0,0,7.04225
1613103407235,6,1010123456045,81,,1,0,6,1,1,,18,824,184131,0.906048,234,0,9,,0,0,0,0,0,0,0,0,0,,750,750,,0,0,0,0
1613103407485,6,1010123456045,81,,1,0,6,1,1,,17.3455,819,183710,0.868128,233,0,8.83333,,0,0,0,0,0,0,0,0,0,,750,747,,0,0,0,0
1613103407735,6,1010123456045,81,,1,0,6,1,1,,18,822,183423,0.90992,235,0,9,,0,0,0,0,0,0,0,0,0,,750,750,,0,0,0,0
1613103407985,6,1010123456045,81,,1,0,6,1,1,,17.0803,797,183638,0.843904,232,0,8.66667,,6.81818,33,0,0.1,10,50,0,7.30334,31,,750,747,,0,0,0,5.90909
1613103408235,6,1010123456045,81,,1,0,6,1,1,,18,817,183468,0.90992,235,0,9,,0,0,0,0,0,0,0,0,0,,750,747,,0,0,0,0
1613103408485,6,1010123456045,81,,1,0,6,1,1,,18,752,183854,0.836352,216,0,9,,0,0,0,0,0,0,0,0,0,,750,693,,0,0,0,0
1613103408735,6,1010123456045,81,,1,0,6,1,1,,17.3503,825,183200,0.879744,236,0,8.83333,,0,0,0,0,0,0,0,0,0,,750,750,,0,0,0,0
1613103408985,6,1010123456045,81,,1,0,6,1,1,,19.5564,771,183686,1.06477,226,0,9.83333,,14.5316,79,0,0.119584,26,80.7692,0,6.16026,31,,747,726,,0,0,0,7.94937
1613103409235,6,1010123456045,81,,1,0,6,1,1,,16.4104,792,183986,0.806432,231,0,8.57143,,0,0,0,0,0,0,0,0,0,,750,735,,0,0,0,0
1613103409485,6,1010123456045,81,,1,0,6,1,1,,18,819,183582,0.906048,234,0,9,,0,0,0,0,0,0,0,0,0,,753,753,,0,0,0,0
1613103409735,6,1010123456045,81,,1,0,6,1,1,,17.5371,754,183616,0.809184,215,0,8.83333,,0,0,0,0,0,0,0,0,0,,750,687,,0,0,0,0
1613103409985,6,1010123456045,81,,1,0,6,1,1,,17.3598,806,182962,0.872,234,0,8.83333,,0.1,54,0,0.1,16,31.25,0,6.70573,31,,750,747,,0,0,0,4.33333
1613103410239,6,1010123456045,81,,1,0,6,1,1,,18,803,184457,0.887968,233,0,9,,0,0,0,0,0,0,0,0,0,,753,747,,0,0,0,0
1613103410485,6,1010123456045,81,,1,0,6,1,1,,18,813,184053,0.924715,235,0,9,,0,0,0,0,0,0,0,0,0,,747,747,,0,0,0,0
1613103410735,6,1010123456045,81,,1,0,6,1,1,,18,806,183999,0.906048,234,0,9,,0,0,0,0,0,0,0,0,0,,750,750,,0,0,0,0
1613103410985,6,1010123456045,81,,1,0,6,1,1,,18,816,183595,0.90992,235,0,9,,14.4348,23,0,0.1,6,66.6667,0,17.2988,31,,750,750,,0,0,0,7.26087
1613103411235,6,1010123456045,81,,1,0,6,1,1,,18,810,183541,0.906048,234,0,9,,0,0,0,0,0,0,0,0,0,,750,750,,0,0,0,0
1613103411485,6,1010123456045,81,,1,0,6,1,1,,18,805,183605,0.898304,232,0,9,,0,0,0,0,0,0,0,0,0,,750,744,,0,0,0,0
1613103411735,6,1010123456045,81,,1,0,6,1,1,,18,830,183317,0.90992,235,0,9,,0,0,0,0,0,0,0,0,0,,750,750,,0,0,0,0
1613103411985,6,1010123456045,81,,1,0,6,1,1,,18,767,183236,0.85184,220,0,9,,8.63636,33,0,0.1,9,44.4444,0,7.47552,31,,750,705,,0,0,0,5.48485
1613103412235,6,1010123456045,81,,1,0,6,1,1,,17.3542,830,184013,0.88064,236,0,8.83333,,0,0,0,0,0,0,0,0,0,,750,750,,0,0,0,0
1613103412485,6,1010123456045,81,,1,0,6,1,1,,18,809,184192,0.889664,230,0,9,,0,0,0,0,0,0,0,0,0,,750,732,,0,0,0,0
1613103412735,6,1010123456045,81,,1,0,6,1,1,,17.3542,830,183537,0.879744,236,0,8.83333,,0,0,0,0,0,0,0,0,0,,750,750,,0,0,0,0
1613103412985,6,1010123456045,81,,1,0,6,1,1,,17.0482,768,183987,0.843808,225,0,8.83333,,15.3267,101,0,0.1,32,90.625,0,5.58176,31,,750,726,,0,0,0,8.82178
1613103413235,6,1010123456045,81,,1,0,6,1,1,,17.187,813,184145,0.855936,232,0,8.57143,,0,0,0,0,0,0,0,0,0,,747,735,,0,0,0,0
1613103413485,6,1010123456045,81,,1,0,6,1,1,,17.1958,817,184158,0.840352,231,0,9,,0,0,0,0,0,0,0,0,0,,750,744,,0,0,0,0
1613103413735,6,1010123456045,81,,1,0,6,1,1,,17.4033,791,184333,0.85984,230,0,8.83333,,0,0,0,0,0,0,0,0,0,,750,729,,0,0,0,0
1613103413985,6,1010123456045,81,,1,0,6,1,1,,18,763,183667,0.863456,223,0,9,,4.61538,39,0,0.1,13,69.2308,0,6.29154,31,,750,711,,0,0,0,7.07692
1613103414235,6,1010123456045,81,,1,0,6,1,1,,17.3705,807,183432,0.865792,232,0,8.85714,,0,0,0,0,0,0,0,0,0,,750,741,,0,0,0,0
1613103414485,6,1010123456045,81,,1,0,6,1,1,,17.4037,805,183134,0.860096,230,0,8.83333,,0,0,0,0,0,0,0,0,0,,750,735,,0,0,0,0
1613103414735,6,1010123456045,81,,1,0,6,1,1,,18,820,183196,0.902176,233,0,9,,0,0,0,0,0,0,0,0,0,,750,741,,0,0,0,0
1613103414985,6,1010123456045,81,,1,0,6,1,1,,18.8869,796,183162,1.03981,230,0,9.83333,,15.275,80,0,0.136224,26,76.9231,0,8.58795,31,,750,729,,0,0,0,7.8
1613103415235,6,1010123456045,81,,1,0,6,1,1,,18,813,183574,0.886688,229,0,9,,0,0,0,0,0,0,0,0,0,,747,738,,0,0,0,0
1613103415485,6,1010123456045,81,,1,0,6,1,1,,18,816,183638,0.898304,232,0,9,,0,0,0,0,0,0,0,0,0,,750,744,,0,0,0,0
1613103415735,6,1010123456045,81,,1,0,6,1,1,,17.0296,812,184066,0.840832,232,0,8.66667,,0,0,0,0,0,0,0,0,0,,750,741,,0,0,0,0
1613103415985,6,1010123456045,81,,1,0,6,1,1,,18,810,184013,0.898304,232,0,9,,5.625,32,0,0.1,10,40,0,9.48292,31,,753,747,,0,0,0,4.375
1613103416235,6,1010123456045,81,,1,0,6,1,1,,17.3648,825,183455,0.876512,235,0,8.83333,,0,0,0,0,0,0,0,0,0,,750,747,,0,0,0,0
1613103416485,6,1010123456045,81,,1,0,6,1,1,,17.299,816,184564,0.881696,233,0,8.33333,,0,0,0,0,0,0,0,0,0,,750,750,,0,0,0,0
1613103416735,6,1010123456045,81,,1,0,6,1,1,,16.9333,825,183173,0.836992,236,0,9,,0,0,0,0,0,0,0,0,0,,750,750,,0,0,0,0
1613103416985,6,1010123456045,81,,1,0,6,1,1,,16.8095,803,183663,0.84224,232,0,8.66667,,8.87755,49,0,0.1,14,57.1429,0,3.30271,31,,750,741,,0,0,0,6.14286
1613103417235,6,1010123456045,81,,1,0,6,1,1,,17.9462,818,183666,0.90096,235,0,9,,0,0,0,0,0,0,0,0,0,,750,747,,0,0,0,0
1613103417485,6,1010123456045,81,,1,0,6,1,1,,18,820,183378,0.902176,233,0,9,,0,0,0,0,0,0,0,0,0,,750,750,,0,0,0,0
1613103417735,6,1010123456045,81,,1,0,6,1,1,,18,807,183559,0.898304,232,0,9,,0,0,0,0,0,0,0,0,0,,747,744,,0,0,0,0
1613103417985,6,1010123456045,81,,1,0,6,1,1,,18.9056,805,184045,1.06595,235,0,9.66667,,15.1728,81,0,0.231776,26,76.9231,0,8.59772,31,,753,753,,0,0,0,7.74074
1613103418235,6,1010123456045,81,,1,0,6,1,1,,18,807,183874,0.90992,235,0,9,,0,0,0,0,0,0,0,0,0,,750,750,,0,0,0,0
1613103418485,6,1010123456045,81,,1,0,6,1,1,,18,817,183587,0.906048,234,0,9,,0,0,0,0,0,0,0,0,0,,750,747,,0,0,0,0
1613103418735,6,1010123456045,81,,1,0,6,1,1,,16.4962,790,184168,0.793088,226,0,8.5,,0,0,0,0,0,0,0,0,0,,750,726,,0,0,0,0
1613103418985,6,1010123456045,81,,1,0,6,1,1,,17.3649,792,183941,0.857792,230,0,8.83333,,3.2623,61,0,0.1,19,42.1053,0,8.64573,31,,750,735,,0,0,0,4.54098
1613103419235,6,1010123456045,81,,1,0,6,1,1,,18,818,183887,0.906048,234,0,9,,0,0,0,0,0,0,0,0,0,,750,750,,0,0,0,0
1613103419485,6,1010123456045,81,,1,0,6,1,1,,18,826,183717,0.906048,234,0,9,,0,0,0,0,0,0,0,0,0,,750,750,,0,0,0,0
1613103419735,6,1010123456045,81,,1,0,6,1,1,,18,824,183429,0.90992,235,0,9,,0,0,0,0,0,0,0,0,0,,750,750,,0,0,0,0
1613103419985,6,1010123456045,81,,1,0,6,1,1,,17.425,800,183275,0.855328,229,0,8.83333,,5.90698,43,0,0.1,12,50,0,7.04623,31,,747,738,,0,0,0,5.60465
1613103420235,6,1010123456045,81,,1,0,6,1,1,,19.1377,799,184324,1.02016,232,0,9.28571,,0,0,0,0,0,0,0,0,0,,753,732,,0,0,0,0
1613103420485,6,1010123456045,81,,1,0,6,1,1,,16.7769,798,184166,0.805408,227,0,8.83333,,0,0,0,0,0,0,0,0,0,,750,732,,0,0,0,0
1613103420735,6,1010123456045,81,,1,0,6,1,1,,17.5835,802,183672,0.866784,231,0,9,,0,0,0,0,0,0,0,0,0,,750,735,,0,0,0,0
1613103420985,6,1010123456045,81,,1,0,6,1,1,,16.751,747,183695,0.75584,212,0,8.5,,10.8462,13,0,0.1,4,0,0,31.0597,31,,750,681,,0,0,0,1
1613103421235,6,1010123456045,81,,1,0,6,1,1,,17.5809,692,183138,0.785152,208,0,8.85714,,0,0,0,0,0,0,0,0,0,,750,660,,0,0,0,0
1613103421485,6,1010123456045,81,,1,0,6,1,1,,18,813,183084,0.894432,231,0,9,,0,0,0,0,0,0,0,0,0,,750,744,,0,0,0,0
1613103421735,6,1010123456045,81,,1,0,6,1,1,,18,804,183148,0.902176,233,0,9,,0,0,0,0,0,0,0,0,0,,750,744,,0,0,0,0
1613103421985,6,1010123456045,81,,1,0,6,1,1,,18,804,184526,0.898304,232,0,9,,13.68,50,0,0.1,15,86.6667,0,8.84405,31,,747,741,,0,0,0,8.74
1613103422235,6,1010123456045,81,,1,0,6,1,1,,15.2295,819,184336,0.77744,234,0,8,,0,0,0,0,0,0,0,0,0,,750,747,,0,0,0,0
1613103422485,6,1010123456045,81,,1,0,6,1,1,,15.5328,807,183991,0.765696,232,0,8.5,,0,0,0,0,0,0,0,0,0,,753,738,,0,0,0,0
1613103422735,6,1010123456045,81,,1,0,6,1,1,,17.5131,766,183527,0.841312,223,0,8.66667,,0,0,0,0,0,0,0,0,0,,750,702,,0,0,0,0
1613103422985,6,1010123456045,81,,1,0,6,1,1,,17.2045,748,183494,0.7888,216,0,8.83333,,6.09524,21,0,0.1,6,16.6667,0,19.8123,31,,750,693,,0,0,0,2.71429
1613103423235,6,1010123456045,81,,1,0,6,1,1,,17.4207,813,183292,0.864608,231,0,8.85714,,0,0,0,0,0,0,0,0,0,,750,741,,0,0,0,0
1613103423485,6,1010123456045,81,,1,0,6,1,1,,18,808,183239,0.906048,234,0,9,,0,0,0,0,0,0,0,0,0,,750,747,,0,0,0,0
1613103423735,6,1010123456045,81,,1,0,6,1,1,,17.3722,790,184426,0.858304,230,0,8.83333,,0,0,0,0,0,0,0,0,0,,750,738,,0,0,0,0
1613103423985,6,1010123456045,81,,1,0,6,1,1,,18,769,183029,0.847968,219,0,9,,5.4878,41,0,0.1,12,66.6667,0,7.34465,31,,738,708,,0,0,0,7.02439
1613103424235,6,1010123456045,81,,1,0,6,1,1,,15.8957,786,184073,0.778304,226,0,8.14286,,0,0,0,0,0,0,0,0,0,,759,711,,0,0,0,0
1613103424485,6,1010123456045,81,,1,0,6,1,1,,17.34,800,183769,0.860384,231,0,8.83333,,0,0,0,0,0,0,0,0,0,,753,747,,0,0,0,0
1613103424735,6,1010123456045,81,,1,0,6,1,1,,12.7719,662,183183,0.55168,196,0,7.8,,0,0,0,0,0,0,0,0,0,,750,606,,0,0,0,0
1613103424985,6,1010123456045,81,,1,0,6,1,1,,17.4357,785,183187,0.850016,227,0,8.83333,,15,16,0,0,4,100,0,2.60559,0,,750,732,,0,0,0,10
1613103425235,6,1010123456045,81,,1,0,6,1,1,,18,821,184448,0.913792,236,0,9,,0,0,0,0,0,0,0,0,0,,750,750,,0,0,0,0
1613103425485,6,1010123456045,81,,1,0,6,1,1,,16.6802,810,184014,0.814592,228,0,8.66667,,5.87755,49,0,0.1,13,69.2308,0,5.73217,31,,747,732,,0,0,0,7.61225
1613103425735,6,1010123456045,81,,1,0,6,1,1,,16.9975,797,183176,0.839296,232,0,8.66667,,0,0,0,0,0,0,0,0,0,,753,738,,0,0,0,0
1613103425985,6,1010123456045,81,,1,0,6,1,1,,18,818,184203,0.90992,235,0,9,,6,30,0,0.1,9,44.4444,0,8.72213,31,,750,750,,0,0,0,4.6
1613103426235,6,1010123456045,81,,1,0,6,1,1,,17.3441,805,183897,0.868128,233,0,8.85714,,0,0,0,0,0,0,0,0,0,,747,747,,0,0,0,0
1613103426485,6,1010123456045,81,,1,0,6,1,1,,17.048,813,184169,0.85424,231,0,8.5,,0,0,0,0,0,0,0,0,0,,753,741,,0,0,0,0
1613103426735,6,1010123456045,81,,1,0,6,1,1,,16.8518,796,183902,0.808128,228,0,8.83333,,0,0,0,0,0,0,0,0,0,,747,726,,0,0,0,0
1613103426985,6,1010123456045,81,,1,0,6,1,1,,17.3971,821,183197,0.873536,234,0,8.83333,,7.27273,33,0,0.1,9,44.4444,0,6.64001,31,,753,747,,0,0,0,5.36364
1613103427235,6,1010123456045,81,,1,0,6,1,1,,16.7567,781,183074,0.820016,227,0,8.71429,,0,0,0,0,0,0,0,0,0,,750,729,,0,0,0,0
1613103427485,6,1010123456045,81,,1,0,6,1,1,,18,806,183021,0.90128,233,0,9,,0,0,0,0,0,0,0,0,0,,750,744,,0,0,0,0
1613103427735,6,1010123456045,81,,1,0,6,1,1,,17.3998,808,183967,0.870176,233,0,8.83333,,0,0,0,0,0,0,0,0,0,,750,744,,0,0,0,0
1613103427985,6,1010123456045,81,,1,0,6,1,1,,17.0296,810,184423,0.85312,232,0,8.5,,8.36842,57,0,0.1,16,56.25,0,5.71566,31,,747,744,,0,0,0,6.26316
1613103428235,6,1010123456045,81,,1,0,6,1,1,,17.2579,822,183944,0.857056,235,0,8.85714,,0,0,0,0,0,0,0,0,0,,750,750,,0,0,0,0
1613103428485,6,1010123456045,81,,1,0,6,1,1,,17.5351,669,183407,0.732544,192,0,8.83333,,0,0,0,0,0,0,0,0,0,,753,615,,0,0,0,0
1613103428735,6,1010123456045,81,,1,0,6,1,1,,16.9854,824,183340,0.85376,236,0,8.83333,,0,0,0,0,0,0,0,0,0,,747,747,,0,0,0,0
1613103428985,6,1010123456045,81,,1,0,6,1,1,,18.5456,801,183494,1.0305,233,0,9.5,,15.236,89,0,0.120512,28,85.7143,0,5.62726,31,,753,750,,0,0,0,8.38202
1613103429235,6,1010123456045,81,,1,0,6,1,1,,17.9853,814,183457,0.909408,235,0,9,,0,0,0,0,0,0,0,0,0,,750,747,,0,0,0,0
1613103429485,6,1010123456045,81,,1,0,6,1,1,,18,815,183404,0.894432,231,0,9,,0,0,0,0,0,0,0,0,0,,750,744,,0,0,0,0
1613103429735,6,1010123456045,81,,1,0,6,1,1,,18,824,183351,0.906048,234,0,9,,0,0,0,0,0,0,0,0,0,,750,750,,0,0,0,0
1613103429985,6,1010123456045,81,,1,0,6,1,1,,18,819,184378,0.90992,235,0,9,,4.64286,42,0,0.1,12,66.6667,0,5.33084,31,,750,750,,0,0,0,7.35714
1613103430235,6,1010123456045,81,,1,0,6,1,1,,17.7579,818,183373,0.906048,234,0,8.42857,,0,0,0,0,0,0,0,0,0,,750,750,,0,0,0,0
1613103430485,6,1010123456045,81,,1,0,6,1,1,,14.7625,661,184273,0.600672,185,0,7.5,,0,0,0,0,0,0,0,0,0,,750,594,,0,0,0,0
1613103430735,6,1010123456045,81,,1,0,6,1,1,,15.0605,744,183960,0.665376,215,0,8.66667,,0,0,0,0,0,0,0,0,0,,747,666,,0,0,0,0
1613103430985,6,1010123456045,81,,1,0,6,1,1,,17.3414,785,183129,0.818304,220,0,8.83333,,6.21154,52,0,0.1,15,26.6667,0,11.6744,31,,750,714,,0,0,0,3.76923
1613103431235,6,1010123456045,81,,1,0,6,1,1,,18,804,182957,0.90992,235,0,9,,0,0,0,0,0,0,0,0,0,,753,753,,0,0,0,0
1613103431485,6,1010123456045,81,,1,0,6,1,1,,17.3622,809,183939,0.869024,233,0,8.83333,,0,0,0,0,0,0,0,0,0,,750,747,,0,0,0,0
1613103431735,6,1010123456045,81,,1,0,6,1,1,,18,826,183769,0.906048,234,0,9,,0,0,0,0,0,0,0,0,0,,750,744,,0,0,0,0
1613103431985,6,1010123456045,81,,1,0,6,1,1,,17.3766,802,183462,0.860384,231,0,8.83333,,11.4737,19,0,0.1,6,66.6667,0,9.1329,31,,750,741,,0,0,0,7.15789
1613103432235,6,1010123456045,81,,1,0,6,1,1,,18,830,183176,0.913792,236,0,9,,0,0,0,0,0,0,0,0,0,,750,750,,0,0,0,0
1613103432485,6,1010123456045,81,,1,0,6,1,1,,18,826,183123,0.898304,232,0,9,,0,0,0,0,0,0,0,0,0,,747,747,,0,0,0,0
1613103432735,6,1010123456045,81,,1,0,6,1,1,,17.3422,789,184196,0.885568,232,0,9.33333,,0,0,0,0,0,0,0,0,0,,750,738,,0,0,0,0
1613103432985,6,1010123456045,81,,1,0,6,1,1,,15.3342,799,183082,0.825952,232,0,7.83333,,15.1928,83,0,0.224608,27,77.7778,0,6.63961,31,,750,744,,0,0,0,8.15663
1613103433235,6,1010123456045,81,,1,0,6,1,1,,17.3543,810,184204,0.872128,234,0,8.85714,,0,0,0,0,0,0,0,0,0,,750,744,,0,0,0,0
1613103433485,6,1010123456045,81,,1,0,6,1,1,,18,816,183798,0.906048,234,0,9,,0,0,0,0,0,0,0,0,0,,753,753,,0,0,0,0
1613103433735,6,1010123456045,81,,1,0,6,1,1,,15.9901,812,184356,0.801088,234,0,8.33333,,0,0,0,0,0,0,0,0,0,,750,750,,0,0,0,0
1613103433985,6,1010123456045,81,,1,0,6,1,1,,18.5318,786,183483,1.01056,228,0,10,,15.299,97,0,0.136096,31,87.0968,0,5.16602,31,,750,726,,0,0,0,8.79381
1613103434235,6,1010123456045,81,,1,0,6,1,1,,18,823,183429,0.906048,234,0,9,,0,0,0,0,0,0,0,0,0,,750,750,,0,0,0,0
1613103434485,6,1010123456045,81,,1,0,6,1,1,,17.4279,811,183335,0.853248,228,0,8.83333,,0,0,0,0,0,0,0,0,0,,750,732,,0,0,0,0
1613103434735,6,1010123456045,81,,1,0,6,1,1,,18,824,183166,0.90992,235,0,9,,0,0,0,0,0,0,0,0,0,,750,750,,0,0,0,0
1613103434985,6,1010123456045,81,,1,0,6,1,1,,18,813,184426,0.902176,233,0,9,,13.7727,22,0,0.1,6,66.6667,0,17.0861,31,,747,744,,0,0,0,7.13636
1613103435235,6,1010123456045,81,,1,0,6,1,1,,18,805,183059,0.902176,233,0,9,,0,0,0,0,0,0,0,0,0,,750,747,,0,0,0,0
1613103435485,6,1010123456045,81,,1,0,6,1,1,,18,802,183707,0.878944,227,0,9,,0,0,0,0,0,0,0,0,0,,750,726,,0,0,0,0
1613103435735,6,1010123456045,81,,1,0,6,1,1,,17.3342,793,183752,0.85264,229,0,8.83333,,0,0,0,0,0,0,0,0,0,,753,729,,0,0,0,0
1613103435985,6,1010123456045,81,,1,0,6,1,1,,17.4354,813,183083,0.87952,233,0,8.83333,,16,13,0,0,4,100,0,1.95418,0,,750,750,,0,0,0,10
1613103436235,6,1010123456045,81,,1,0,6,1,1,,19.5639,798,183449,1.06938,230,0,10,,0.1,33,0,0.1,9,22.2222,0,1.27111,31,,750,729,,0,0,0,3.27273
1613103436485,6,1010123456045,81,,1,0,6,1,1,,18,827,183279,0.902176,233,0,9,,0,0,0,0,0,0,0,0,0,,750,750,,0,0,0,0
1613103436735,6,1010123456045,81,,1,0,6,1,1,,19.0205,829,183457,1.00224,236,0,9.83333,,0,0,0,0,0,0,0,0,0,,750,747,,0,0,0,0
1613103436985,6,1010123456045,81,,1,0,6,1,1,,18.5601,798,184429,0.992512,232,0,9,,0.1,37,0,0.1,11,36.3636,0,1.43316,31,,747,747,,0,0,0,4.16216
1613103437235,6,1010123456045,81,,1,0,6,1,1,,17.0331,816,183298,0.852768,235,0,8.71429,,0,0,0,0,0,0,0,0,0,,750,747,,0,0,0,0
1613103437485,6,1010123456045,81,,1,0,6,1,1,,18,804,183362,0.89056,230,0,9,,0,0,0,0,0,0,0,0,0,,750,744,,0,0,0,0
1613103437735,6,1010123456045,81,,1,0,6,1,1,,17.3624,814,183027,0.869152,233,0,8.83333,,0,0,0,0,0,0,0,0,0,,750,744,,0,0,0,0
1613103437985,6,1010123456045,81,,1,0,6,1,1,,18,799,184171,0.906048,234,0,9,,5.52632,38,0,0.1,11,45.4545,0,9.98246,0,,750,747,,0,0,0,5.02632
1613103438235,6,1010123456045,81,,1,0,6,1,1,,18,821,184233,0.902176,233,0,9,,0,0,0,0,0,0,0,0,0,,750,744,,0,0,0,0
1613103438485,6,1010123456045,81,,1,0,6,1,1,,18,814,183829,0.90992,235,0,9,,0,0,0,0,0,0,0,0,0,,750,750,,0,0,0,0
1613103438735,6,1010123456045,81,,1,0,6,1,1,,18,807,183775,0.906048,234,0,9,,0,0,0,0,0,0,0,0,0,,750,750,,0,0,0,0
1613103438985,6,1010123456045,81,,1,0,6,1,1,,18,809,183605,0.902176,233,0,9,,8.15556,45,0,0.1,13,30.7692,0,14.4825,31,,750,741,,0,0,0,3.6
1613103439235,6,1010123456045,81,,1,0,6,1,1,,17.3383,804,183426,0.864,232,0,8.85714,,0,0,0,0,0,0,0,0,0,,750,747,,0,0,0,0
1613103439485,6,1010123456045,81,,1,0,6,1,1,,18,811,160352,0.906048,234,0,9,,0,0,0,0,0,0,0,0,0,,750,750,,0,0,0,0
1613103439735,6,1010123456045,81,,1,0,6,1,1,,18,821,132867,0.90992,235,0,9,,0,0,0,0,0,0,0,0,0,,750,750,,0,0,0,0
1613103439985,6,1010123456045,81,,1,0,6,1,1,,17.3506,813,106445,0.872,234,0,8.83333,,7.27273,33,0,0.1,9,44.4444,0,7.73263,31,,750,750,,0,0,0,5.36364
1613103440235,6,1010123456045,81,,1,0,6,1,1,,17.9121,819,79126,0.913792,236,0,8.85714,,0,0,0,0,0,0,0,0,0,,750,750,,0,0,0,0
1613103440485,6,1010123456045,81,,1,0,6,1,1,,17.4328,811,52653,0.868128,233,0,9,,0,0,0,0,0,0,0,0,0,,750,750,,0,0,0,0
1613103440735,6,1010123456045,81,,1,0,6,1,1,,18,817,25168,0.913792,236,0,9,,0,0,0,0,0,0,0,0,0,,750,750,,0,0,0,0
1613103440985,6,1010123456045,81,,1,0,6,1,1,,17.9199,749,0,0.860288,223,0,9,,6,30,0,0.1,9,44.4444,0,9.25973,31,,693,693,,0,0,0,4.6
1613103441235,6,1010123456045,81,,1,0,6,1,1,,0,0,0,0,0,0,9,,0,0,0,0,0,0,0,0,0,,0,0,,0,0,0,0
1613103441485,6,1010123456045,81,,1,0,6,1,1,,0,0,0,0,0,0,9,,0,0,0,0,0,0,0,0,0,,0,0,,0,0,0,0
1613103441735,6,1010123456045,81,,1,0,6,1,1,,0,0,0,0,0,0,8.83333,,0,0,0,0,0,0,0,0,0,,0,0,,0,0,0,0
1613103441985,6,1010123456045,81,,1,0,6,1,1,,0,0,0,0,0,0,9,,0,0,0,0,0,0,0,0,0,,0,0,,0,0,0,0
1613103442235,6,1010123456045,81,,1,0,6,1,1,,0,0,0,0,0,0,9,,0,0,0,0,0,0,0,0,0,,0,0,,0,0,0,0
1613103442485,6,1010123456045,81,,1,0,6,1,1,,0,0,0,0,0,0,9,,0,0,0,0,0,0,0,0,0,,0,0,,0,0,0,0
1613103442735,6,1010123456045,81,,1,0,6,1,1,,0,0,0,0,0,0,8.6,,0,0,0,0,0,0,0,0,0,,0,0,,0,0,0,0
1613103442985,6,1010123456045,81,,1,0,6,1,1,,0,0,0,0,0,0,9,,0,0,0,0,0,0,0,0,0,,0,0,,0,0,0,0
1613103443235,6,1010123456045,81,,1,0,6,1,1,,0,0,0,0,0,0,10,,0,0,0,0,0,0,0,0,0,,0,0,,0,0,0,0
1613103443485,6,1010123456045,81,,1,0,6,1,1,,0,0,0,0,0,0,9,,0,0,0,0,0,0,0,0,0,,0,0,,0,0,0,0
1613103443735,6,1010123456045,81,,1,0,6,1,1,,0,0,0,0,0,0,9.5,,0,0,0,0,0,0,0,0,0,,0,0,,0,0,0,0
1613103443985,6,1010123456045,81,,1,0,6,1,1,,0,0,0,0,0,0,9,,0,0,0,0,0,0,0,0,0,,0,0,,0,0,0,0
1613103444235,6,1010123456045,81,,1,0,6,1,1,,0,0,0,0,0,0,9,,0,0,0,0,0,0,0,0,0,,0,0,,0,0,0,0
1613103444485,6,1010123456045,81,,1,0,6,1,1,,0,0,0,0,0,0,9,,0,0,0,0,0,0,0,0,0,,0,0,,0,0,0,0
1613103444735,6,1010123456045,81,,1,0,6,1,1,,0,0,0,0,0,0,9,,0,0,0,0,0,0,0,0,0,,0,0,,0,0,0,0
1613103444985,6,1010123456045,81,,1,0,6,1,1,,0,0,0,0,0,0,9,,0,0,0,0,0,0,0,0,0,,0,0,,0,0,0,0
1613103445235,6,1010123456045,81,,1,0,6,1,1,,0,0,0,0,0,0,0.1,,0,0,0,0,0,0,0,0,0,,0,0,,0,0,0,0
1613103445485,6,1010123456045,81,,1,0,6,1,1,,0,0,0,0,0,0,0.1,,0,0,0,0,0,0,0,0,0,,0,0,,0,0,0,0
1613103445735,6,1010123456045,81,,1,0,6,1,1,,0,0,0,0,0,0,0.1,,0,0,0,0,0,0,0,0,0,,0,0,,0,0,0,0
1613103445985,6,1010123456045,81,,1,0,6,1,1,,0,0,0,0,0,0,0.1,,0,0,0,0,0,0,0,0,0,,0,0,,0,0,0,0
1613103446235,6,1010123456045,81,,1,0,6,1,1,,0,0,0,0,0,0,0.1,,0,0,0,0,0,0,0,0,0,,0,0,,0,0,0,0
1613103446485,6,1010123456045,81,,1,0,6,1,1,,0,0,0,0,0,0,0.1,,0,0,0,0,0,0,0,0,0,,0,0,,0,0,0,0
1613103446735,6,1010123456045,81,,1,0,6,1,1,,0,0,0,0,0,0,0.1,,0,0,0,0,0,0,0,0,0,,0,0,,0,0,0,0
1613103446985,6,1010123456045,81,,1,0,6,1,1,,0,0,0,0,0,0,0.1,,0,0,0,0,0,0,0,0,0,,0,0,,0,0,0,0
1613103447235,6,1010123456045,81,,1,0,6,1,1,,0,0,0,0,0,0,0.1,,0,0,0,0,0,0,0,0,0,,0,0,,0,0,0,0
1613103447485,6,1010123456045,81,,1,0,6,1,1,,0,0,0,0,0,0,0.1,,0,0,0,0,0,0,0,0,0,,0,0,,0,0,0,0
1613103447735,6,1010123456045,81,,1,0,6,1,1,,0,0,0,0,0,0,0.1,,0,0,0,0,0,0,0,0,0,,0,0,,0,0,0,0
1613103447985,6,1010123456045,81,,1,0,6,1,1,,0,0,0,0,0,0,0.1,,0,0,0,0,0,0,0,0,0,,0,0,,0,0,0,0
1613103448235,6,1010123456045,81,,1,0,6,1,1,,0,0,0,0,0,0,0.1,,0,0,0,0,0,0,0,0,0,,0,0,,0,0,0,0
1613103448485,6,1010123456045,81,,1,0,6,1,1,,0,0,0,0,0,0,0.1,,0,0,0,0,0,0,0,0,0,,0,0,,0,0,0,0
1613103448735,6,1010123456045,81,,1,0,6,1,1,,0,0,0,0,0,0,0.1,,0,0,0,0,0,0,0,0,0,,0,0,,0,0,0,0
1613103448985,5,1010123456045,81,,1,0,6,1,1,,0,0,0,0,0,0,0.1,,0,0,0,0,0,0,0,0,0,,0,0,,0,0,0,0
