Timestamp,num_ues,IMSI,RNTI,,slicing_enabled,slice_id,slice_prb,power_multiplier,scheduling_policy,,dl_mcs,dl_n_samples,dl_buffer [bytes],tx_brate downlink [Mbps],tx_pkts downlink,tx_errors downlink (%),dl_cqi,,ul_mcs,ul_n_samples,ul_buffer [bytes],rx_brate uplink [Mbps],rx_pkts uplink,rx_errors uplink (%),ul_rssi,ul_sinr,phr,,sum_requested_prbs,sum_granted_prbs,,dl_pmi,dl_ri,ul_n,ul_turbo_iters
1612846273808,8,1010123456013,79,,1,0,24,1,1,,3.88,25,0,0.008896,8,0,9,,10.2222,36,0,0.1,10,0,0,33.7969,31,,8,27,,0,0,0,1
1612846274058,5,1010123456013,79,,1,0,24,1,1,,0,6,0,0.002176,2,0,9,,12.4286,14,0,0.1,4,0,0,34.3081,31,,0,36,,0,0,0,1
1612846274308,5,1010123456013,79,,1,0,24,1,1,,0,0,0,0,0,0,9,,0,0,0,0,0,0,0,0,0,,0,0,,0,0,0,0
1612846274558,5,1010123456013,79,,1,0,24,1,1,,0,0,0,0,0,0,9,,0,0,0,0,0,0,0,0,0,,0,0,,0,0,0,0
1612846274808,5,1010123456013,79,,1,0,24,1,1,,0,0,0,0,0,0,9,,0,0,0,0,0,0,0,0,0,,0,0,,0,0,0,0
1612846275058,5,1010123456013,79,,1,0,24,1,1,,0,0,0,0,0,0,9,,0,0,0,0,0,0,0,0,0,,0,0,,0,0,0,0
1612846275308,5,1010123456013,79,,1,0,24,1,1,,0,0,0,0,0,0,8.8,,0,0,0,0,0,0,0,0,0,,0,0,,0,0,0,0
1612846275558,5,1010123456013,79,,1,0,24,1,1,,0,0,0,0,0,0,9,,0,0,0,0,0,0,0,0,0,,0,0,,0,0,0,0
1612846275808,5,1010123456013,79,,1,0,24,1,1,,0,0,0,0,0,0,7.71429,,0,0,0,0,0,0,0,0,0,,0,0,,0,0,0,0
1612846276058,5,1010123456013,79,,1,0,24,1,1,,0,0,0,0,0,0,9,,0,0,0,0,0,0,0,0,0,,0,0,,0,0,0,0
1612846276308,5,1010123456013,79,,1,0,24,1,1,,0,0,0,0,0,0,9,,0,0,0,0,0,0,0,0,0,,0,0,,0,0,0,0
1612846276558,5,1010123456013,79,,1,0,24,1,1,,0,0,0,0,0,0,9,,0,0,0,0,0,0,0,0,0,,0,0,,0,0,0,0
1612846276808,5,1010123456013,79,,1,0,24,1,1,,0,0,0,0,0,0,8.16667,,0,0,0,0,0,0,0,0,0,,0,0,,0,0,0,0
1612846277058,5,1010123456013,79,,1,0,24,1,1,,0,0,0,0,0,0,9,,0,0,0,0,0,0,0,0,0,,0,0,,0,0,0,0
1612846277308,5,1010123456013,79,,1,0,24,1,1,,0,0,0,0,0,0,9,,0,0,0,0,0,0,0,0,0,,0,0,,0,0,0,0
1612846277558,5,1010123456013,79,,1,0,24,1,1,,0,0,0,0,0,0,9,,0,0,0,0,0,0,0,0,0,,0,0,,0,0,0,0
1612846277808,5,1010123456013,79,,1,0,24,1,1,,0,0,0,0,0,0,9,,0,0,0,0,0,0,0,0,0,,0,0,,0,0,0,0
1612846278058,5,1010123456013,79,,1,0,24,1,1,,0,0,0,0,0,0,9,,0,0,0,0,0,0,0,0,0,,0,0,,0,0,0,0
1612846278308,5,1010123456013,79,,1,0,24,1,1,,0,0,0,0,0,0,9,,0,0,0,0,0,0,0,0,0,,0,0,,0,0,0,0
1612846278558,5,1010123456013,79,,1,0,24,1,1,,0,0,0,0,0,0,9,,0,0,0,0,0,0,0,0,0,,0,0,,0,0,0,0
1612846278808,5,1010123456013,79,,1,0,24,1,1,,0,0,0,0,0,0,9,,0,0,0,0,0,0,0,0,0,,0,0,,0,0,0,0
1612846279058,5,1010123456013,79,,1,0,24,1,1,,0,0,0,0,0,0,9,,0,0,0,0,0,0,0,0,0,,0,0,,0,0,0,0
1612846279308,5,1010123456013,79,,1,0,24,1,1,,0,0,0,0,0,0,9,,0,0,0,0,0,0,0,0,0,,0,0,,0,0,0,0
1612846279558,5,1010123456013,79,,1,0,24,1,1,,0,0,0,0,0,0,9,,0,0,0,0,0,0,0,0,0,,0,0,,0,0,0,0
1612846279808,5,1010123456013,79,,1,0,24,1,1,,0,0,0,0,0,0,9,,0,0,0,0,0,0,0,0,0,,0,0,,0,0,0,0
1612846280058,5,1010123456013,79,,1,0,24,1,1,,0,0,0,0,0,0,9,,0,0,0,0,0,0,0,0,0,,0,0,,0,0,0,0
1612846280308,5,1010123456013,79,,1,0,24,1,1,,0,0,0,0,0,0,8,,0,0,0,0,0,0,0,0,0,,0,0,,0,0,0,0
1612846280558,5,1010123456013,79,,1,0,24,1,1,,0,0,0,0,0,0,8.8,,0,0,0,0,0,0,0,0,0,,0,0,,0,0,0,0
1612846280808,5,1010123456013,79,,1,0,24,1,1,,0,0,0,0,0,0,10,,0,0,0,0,0,0,0,0,0,,0,0,,0,0,0,0
1612846281058,5,1010123456013,79,,1,0,24,1,1,,0,0,0,0,0,0,9,,0,0,0,0,0,0,0,0,0,,0,0,,0,0,0,0
1612846281308,5,1010123456013,79,,1,0,24,1,1,,0,0,0,0,0,0,9,,0,0,0,0,0,0,0,0,0,,0,0,,0,0,0,0
1612846281558,5,1010123456013,79,,1,0,24,1,1,,0,0,0,0,0,0,9,,0,0,0,0,0,0,0,0,0,,0,0,,0,0,0,0
1612846281808,5,1010123456013,79,,1,0,24,1,1,,0,0,0,0,0,0,9,,0,0,0,0,0,0,0,0,0,,0,0,,0,0,0,0
1612846282058,5,1010123456013,79,,1,0,24,1,1,,0,0,0,0,0,0,9,,0,0,0,0,0,0,0,0,0,,0,0,,0,0,0,0
1612846282308,5,1010123456013,79,,1,0,24,1,1,,0,0,0,0,0,0,9,,0,0,0,0,0,0,0,0,0,,0,0,,0,0,0,0
1612846282558,5,1010123456013,79,,1,0,24,1,1,,0,0,0,0,0,0,9,,0,0,0,0,0,0,0,0,0,,0,0,,0,0,0,0
1612846282808,5,1010123456013,79,,1,0,24,1,1,,0,0,0,0,0,0,10,,0,0,0,0,0,0,0,0,0,,0,0,,0,0,0,0
1612846283058,5,1010123456013,79,,1,0,24,1,1,,0,0,0,0,0,0,8.8,,0,0,0,0,0,0,0,0,0,,0,0,,0,0,0,0
1612846283308,5,1010123456013,79,,1,0,24,1,1,,0,0,0,0,0,0,9,,0,0,0,0,0,0,0,0,0,,0,0,,0,0,0,0
1612846283558,5,1010123456013,79,,1,0,24,1,1,,0,0,0,0,0,0,9,,0,0,0,0,0,0,0,0,0,,0,0,,0,0,0,0
1612846283808,5,1010123456013,79,,1,0,24,1,1,,0,0,0,0,0,0,9,,0,0,0,0,0,0,0,0,0,,0,0,,0,0,0,0
1612846284058,5,1010123456013,79,,1,0,24,1,1,,0,0,0,0,0,0,7.83333,,0,0,0,0,0,0,0,0,0,,0,0,,0,0,0,0
1612846284308,5,1010123456013,79,,1,0,24,1,1,,0,0,0,0,0,0,10,,0,0,0,0,0,0,0,0,0,,0,0,,0,0,0,0
1612846284558,5,1010123456013,79,,1,0,24,1,1,,0,0,0,0,0,0,9,,0,0,0,0,0,0,0,0,0,,0,0,,0,0,0,0
1612846284808,5,1010123456013,79,,1,0,24,1,1,,0,0,0,0,0,0,9,,0,0,0,0,0,0,0,0,0,,0,0,,0,0,0,0
1612846285058,5,1010123456013,79,,1,0,24,1,1,,0,0,0,0,0,0,7.2,,0,0,0,0,0,0,0,0,0,,0,0,,0,0,0,0
1612846285308,5,1010123456013,79,,1,0,24,1,1,,0,0,0,0,0,0,8.83333,,0,0,0,0,0,0,0,0,0,,0,0,,0,0,0,0
1612846285558,5,1010123456013,79,,1,0,24,1,1,,0,0,0,0,0,0,9,,0,0,0,0,0,0,0,0,0,,0,0,,0,0,0,0
1612846285808,5,1010123456013,79,,1,0,24,1,1,,0,0,0,0,0,0,9,,0,0,0,0,0,0,0,0,0,,0,0,,0,0,0,0
1612846286058,5,1010123456013,79,,1,0,24,1,1,,0,0,0,0,0,0,9,,0,0,0,0,0,0,0,0,0,,0,0,,0,0,0,0
1612846286308,5,1010123456013,79,,1,0,24,1,1,,0,0,0,0,0,0,7,,0,0,0,0,0,0,0,0,0,,0,0,,0,0,0,0
1612846286558,5,1010123456013,79,,1,0,24,1,1,,0,0,0,0,0,0,10,,0,0,0,0,0,0,0,0,0,,0,0,,0,0,0,0
1612846286808,5,1010123456013,79,,1,0,24,1,1,,0,0,0,0,0,0,9,,0,0,0,0,0,0,0,0,0,,0,0,,0,0,0,0
1612846287058,5,1010123456013,79,,1,0,24,1,1,,0,0,0,0,0,0,9,,0,0,0,0,0,0,0,0,0,,0,0,,0,0,0,0
1612846287308,5,1010123456013,79,,1,0,24,1,1,,0,0,0,0,0,0,9,,0,0,0,0,0,0,0,0,0,,0,0,,0,0,0,0
1612846287558,5,1010123456013,79,,1,0,24,1,1,,0,0,0,0,0,0,10.25,,0,0,0,0,0,0,0,0,0,,0,0,,0,0,0,0
1612846287808,5,1010123456013,79,,1,0,24,1,1,,0,0,0,0,0,0,9,,0,0,0,0,0,0,0,0,0,,0,0,,0,0,0,0
1612846288058,5,1010123456013,79,,1,0,24,1,1,,0,0,0,0,0,0,7.83333,,0,0,0,0,0,0,0,0,0,,0,0,,0,0,0,0
1612846288308,5,1010123456013,79,,1,0,24,1,1,,0,0,0,0,0,0,9,,0,0,0,0,0,0,0,0,0,,0,0,,0,0,0,0
1612846288558,5,1010123456013,79,,1,0,24,1,1,,0,0,0,0,0,0,9,,0,0,0,0,0,0,0,0,0,,0,0,,0,0,0,0
1612846288808,5,1010123456013,79,,1,0,24,1,1,,0,0,0,0,0,0,9,,0,0,0,0,0,0,0,0,0,,0,0,,0,0,0,0
1612846289058,5,1010123456013,79,,1,0,24,1,1,,0,0,0,0,0,0,9,,0,0,0,0,0,0,0,0,0,,0,0,,0,0,0,0
1612846289308,5,1010123456013,79,,1,0,24,1,1,,0,0,0,0,0,0,9,,0,0,0,0,0,0,0,0,0,,0,0,,0,0,0,0
1612846289558,5,1010123456013,79,,1,0,24,1,1,,0,0,0,0,0,0,9,,0,0,0,0,0,0,0,0,0,,0,0,,0,0,0,0
1612846289808,5,1010123456013,79,,1,0,24,1,1,,0,0,0,0,0,0,8.85714,,0,0,0,0,0,0,0,0,0,,0,0,,0,0,0,0
1612846290058,5,1010123456013,79,,1,0,24,1,1,,0,0,0,0,0,0,8.75,,0,0,0,0,0,0,0,0,0,,0,0,,0,0,0,0
1612846290308,5,1010123456013,79,,1,0,24,1,1,,0,0,0,0,0,0,9,,0,0,0,0,0,0,0,0,0,,0,0,,0,0,0,0
1612846290558,5,1010123456013,79,,1,0,24,1,1,,0,0,0,0,0,0,7.75,,0,0,0,0,0,0,0,0,0,,0,0,,0,0,0,0
1612846290808,5,1010123456013,79,,1,0,24,1,1,,0,0,0,0,0,0,9,,0,0,0,0,0,0,0,0,0,,0,0,,0,0,0,0
1612846291058,5,1010123456013,79,,1,0,24,1,1,,0,0,0,0,0,0,9,,0,0,0,0,0,0,0,0,0,,0,0,,0,0,0,0
1612846291308,5,1010123456013,79,,1,0,24,1,1,,0,0,0,0,0,0,9,,0,0,0,0,0,0,0,0,0,,0,0,,0,0,0,0
1612846291558,5,1010123456013,79,,1,0,24,1,1,,0,0,0,0,0,0,9,,0,0,0,0,0,0,0,0,0,,0,0,,0,0,0,0
1612846291808,5,1010123456013,79,,1,0,24,1,1,,0,0,0,0,0,0,9,,0,0,0,0,0,0,0,0,0,,0,0,,0,0,0,0
1612846292058,5,1010123456013,79,,1,0,24,1,1,,0,0,0,0,0,0,8,,0,0,0,0,0,0,0,0,0,,0,0,,0,0,0,0
1612846292308,5,1010123456013,79,,1,0,24,1,1,,0,0,0,0,0,0,9,,0,0,0,0,0,0,0,0,0,,0,0,,0,0,0,0
1612846292558,5,1010123456013,79,,1,0,24,1,1,,0,0,0,0,0,0,6,,0,0,0,0,0,0,0,0,0,,0,0,,0,0,0,0
1612846292808,5,1010123456013,79,,1,0,24,1,1,,0,0,0,0,0,0,9.8,,0,0,0,0,0,0,0,0,0,,0,0,,0,0,0,0
1612846293058,5,1010123456013,79,,1,0,24,1,1,,0,0,0,0,0,0,8.8,,0,0,0,0,0,0,0,0,0,,0,0,,0,0,0,0
1612846293308,5,1010123456013,79,,1,0,24,1,1,,0,0,0,0,0,0,9,,0,0,0,0,0,0,0,0,0,,0,0,,0,0,0,0
1612846293558,5,1010123456013,79,,1,0,24,1,1,,0,0,0,0,0,0,9,,0,0,0,0,0,0,0,0,0,,0,0,,0,0,0,0
1612846293808,5,1010123456013,79,,1,0,24,1,1,,0,0,0,0,0,0,9,,0,0,0,0,0,0,0,0,0,,0,0,,0,0,0,0
1612846294058,5,1010123456013,79,,1,0,24,1,1,,0,0,0,0,0,0,8.75,,0,0,0,0,0,0,0,0,0,,0,0,,0,0,0,0
1612846294308,5,1010123456013,79,,1,0,24,1,1,,0,0,0,0,0,0,9,,0,0,0,0,0,0,0,0,0,,0,0,,0,0,0,0
1612846294558,5,1010123456013,79,,1,0,24,1,1,,0,0,0,0,0,0,7.6,,0,0,0,0,0,0,0,0,0,,0,0,,0,0,0,0
1612846294808,5,1010123456013,79,,1,0,24,1,1,,0,0,0,0,0,0,9,,0,0,0,0,0,0,0,0,0,,0,0,,0,0,0,0
1612846295058,5,1010123456013,79,,1,0,24,1,1,,0,0,0,0,0,0,9,,0,0,0,0,0,0,0,0,0,,0,0,,0,0,0,0
1612846295308,5,1010123456013,79,,1,0,24,1,1,,0,0,0,0,0,0,9,,0,0,0,0,0,0,0,0,0,,0,0,,0,0,0,0
1612846295558,5,1010123456013,79,,1,0,24,1,1,,0,0,0,0,0,0,9,,0,0,0,0,0,0,0,0,0,,0,0,,0,0,0,0
1612846295808,5,1010123456013,79,,1,0,24,1,1,,0,0,0,0,0,0,9,,0,0,0,0,0,0,0,0,0,,0,0,,0,0,0,0
1612846296058,5,1010123456013,79,,1,0,24,1,1,,0,0,0,0,0,0,9,,0,0,0,0,0,0,0,0,0,,0,0,,0,0,0,0
1612846296308,5,1010123456013,79,,1,0,24,1,1,,0,0,0,0,0,0,9,,0,0,0,0,0,0,0,0,0,,0,0,,0,0,0,0
1612846296558,5,1010123456013,79,,1,0,24,1,1,,0,0,0,0,0,0,9,,0,0,0,0,0,0,0,0,0,,0,0,,0,0,0,0
1612846296808,5,1010123456013,79,,1,0,24,1,1,,0,0,0,0,0,0,7.5,,0,0,0,0,0,0,0,0,0,,0,0,,0,0,0,0
1612846297058,5,1010123456013,79,,1,0,24,1,1,,0,0,0,0,0,0,9,,0,0,0,0,0,0,0,0,0,,0,0,,0,0,0,0
1612846297308,5,1010123456013,79,,1,0,24,1,1,,0,0,0,0,0,0,9,,0,0,0,0,0,0,0,0,0,,0,0,,0,0,0,0
1612846297558,5,1010123456013,79,,1,0,24,1,1,,0,0,0,0,0,0,9,,0,0,0,0,0,0,0,0,0,,0,0,,0,0,0,0
1612846297808,5,1010123456013,79,,1,0,24,1,1,,0,0,0,0,0,0,9,,0,0,0,0,0,0,0,0,0,,0,0,,0,0,0,0
1612846298058,5,1010123456013,79,,1,0,24,1,1,,0,0,0,0,0,0,10,,0,0,0,0,0,0,0,0,0,,0,0,,0,0,0,0
1612846298308,5,1010123456013,79,,1,0,24,1,1,,0,0,0,0,0,0,9.83333,,0,0,0,0,0,0,0,0,0,,0,0,,0,0,0,0
1612846298558,5,1010123456013,79,,1,0,24,1,1,,0,0,0,0,0,0,7.5,,0,0,0,0,0,0,0,0,0,,0,0,,0,0,0,0
1612846298808,5,1010123456013,79,,1,0,24,1,1,,0,0,0,0,0,0,9,,0,3,0,0.1,1,0,0,0,31,,0,0,,0,0,0,0
1612846299058,5,1010123456013,79,,1,0,24,1,1,,0,0,0,0,0,0,9,,0,0,0,0,0,0,0,0,0,,0,0,,0,0,0,0
1612846299308,5,1010123456013,79,,1,0,24,1,1,,0,0,0,0,0,0,7,,0,0,0,0,0,0,0,0,0,,0,0,,0,0,0,0
1612846299558,5,1010123456013,79,,1,0,24,1,1,,0,0,0,0,0,0,8.66667,,0,0,0,0,0,0,0,0,0,,0,0,,0,0,0,0
1612846299808,5,1010123456013,79,,1,0,24,1,1,,0,0,0,0,0,0,9,,0,0,0,0,0,0,0,0,0,,0,0,,0,0,0,0
1612846300058,5,1010123456013,79,,1,0,24,1,1,,0,0,0,0,0,0,9,,0,0,0,0,0,0,0,0,0,,0,0,,0,0,0,0
1612846300308,5,1010123456013,79,,1,0,24,1,1,,0,0,0,0,0,0,9,,0,0,0,0,0,0,0,0,0,,0,0,,0,0,0,0
1612846300558,5,1010123456013,79,,1,0,24,1,1,,0,0,0,0,0,0,9,,0,0,0,0,0,0,0,0,0,,0,0,,0,0,0,0
1612846300808,5,1010123456013,79,,1,0,24,1,1,,0,0,0,0,0,0,9,,15,4,0,0.1,1,0,0,31.4351,31,,0,0,,0,0,0,1
1612846301058,5,1010123456013,79,,1,0,24,1,1,,0,0,0,0,0,0,9,,0,0,0,0,0,0,0,0,0,,0,0,,0,0,0,0
1612846301308,5,1010123456013,79,,1,0,24,1,1,,0,0,0,0,0,0,6.75,,0,0,0,0,0,0,0,0,0,,0,0,,0,0,0,0
1612846301558,5,1010123456013,79,,1,0,24,1,1,,0,0,0,0,0,0,9,,0,0,0,0,0,0,0,0,0,,0,0,,0,0,0,0
1612846301808,5,1010123456013,79,,1,0,24,1,1,,0,0,0,0,0,0,8.42857,,0,0,0,0,0,0,0,0,0,,0,0,,0,0,0,0
1612846302058,5,1010123456013,79,,1,0,24,1,1,,0,0,0,0,0,0,9,,0,0,0,0,0,0,0,0,0,,0,0,,0,0,0,0
1612846302308,5,1010123456013,79,,1,0,24,1,1,,0,0,0,0,0,0,7.5,,0,0,0,0,0,0,0,0,0,,0,0,,0,0,0,0
1612846302558,5,1010123456013,79,,1,0,24,1,1,,0,0,0,0,0,0,9,,0,0,0,0,0,0,0,0,0,,0,0,,0,0,0,0
1612846302808,5,1010123456013,79,,1,0,24,1,1,,0,0,0,0,0,0,9,,0,0,0,0,0,0,0,0,0,,0,0,,0,0,0,0
1612846303058,7,1010123456013,79,,1,0,24,1,1,,0,0,0,0,0,0,9,,0,0,0,0,0,0,0,0,0,,0,0,,0,0,0,0
1612846303308,9,1010123456013,79,,1,0,24,1,1,,0,0,0,0,0,0,5.8,,0,0,0,0,0,0,0,0,0,,0,0,,0,0,0,0
1612846303558,9,1010123456013,79,,1,0,24,1,1,,0,0,0,0,0,0,6.33333,,0,0,0,0,0,0,0,0,0,,0,0,,0,0,0,0
1612846303808,9,1010123456013,79,,1,0,24,1,1,,0,0,0,0,0,0,6,,15,22,0,0.102747,6,0,0,30.8438,31,,0,0,,0,0,0,1
1612846304058,7,1010123456013,79,,1,0,24,1,1,,0,0,0,0,0,0,5.75,,15,7,0,0.1,2,0,0,32.2263,31,,0,0,,0,0,0,1
1612846304308,6,1010123456013,79,,1,0,24,1,1,,0,0,0,0,0,0,7.66667,,0,0,0,0,0,0,0,0,0,,0,0,,0,0,0,0
1612846304558,6,1010123456013,79,,1,0,24,1,1,,0,0,0,0,0,0,4.8,,0,0,0,0,0,0,0,0,0,,0,0,,0,0,0,0
1612846304808,6,1010123456013,79,,1,0,24,1,1,,0,0,0,0,0,0,4,,0,0,0,0,0,0,0,0,0,,0,0,,0,0,0,0
1612846305058,6,1010123456013,79,,1,0,24,1,1,,0,0,0,0,0,0,9,,0,0,0,0,0,0,0,0,0,,0,0,,0,0,0,0
1612846305308,6,1010123456013,79,,1,0,24,1,1,,0,0,0,0,0,0,9,,0,0,0,0,0,0,0,0,0,,0,0,,0,0,0,0
1612846305558,6,1010123456013,79,,1,0,24,1,1,,0,0,0,0,0,0,6.4,,0,0,0,0,0,0,0,0,0,,0,0,,0,0,0,0
1612846305808,6,1010123456013,79,,1,0,24,1,1,,0,0,0,0,0,0,7.5,,0,0,0,0,0,0,0,0,0,,0,0,,0,0,0,0
1612846306058,6,1010123456013,79,,1,0,24,1,1,,0,0,0,0,0,0,8.33333,,0,0,0,0,0,0,0,0,0,,0,0,,0,0,0,0
1612846306308,6,1010123456013,79,,1,0,24,1,1,,0,0,0,0,0,0,6.33333,,0,0,0,0,0,0,0,0,0,,0,0,,0,0,0,0
1612846306558,6,1010123456013,79,,1,0,24,1,1,,0,0,0,0,0,0,8.4,,0,0,0,0,0,0,0,0,0,,0,0,,0,0,0,0
1612846306808,6,1010123456013,79,,1,0,24,1,1,,0,0,0,0,0,0,11.1667,,0,0,0,0,0,0,0,0,0,,0,0,,0,0,0,0
1612846307058,6,1010123456013,79,,1,0,24,1,1,,0,0,0,0,0,0,7.16667,,0,0,0,0,0,0,0,0,0,,0,0,,0,0,0,0
1612846307308,6,1010123456013,79,,1,0,24,1,1,,0,0,0,0,0,0,2.75,,0,0,0,0,0,0,0,0,0,,0,0,,0,0,0,0
1612846307558,6,1010123456013,79,,1,0,24,1,1,,0,0,0,0,0,0,9.4,,0,0,0,0,0,0,0,0,0,,0,0,,0,0,0,0
1612846307808,6,1010123456013,79,,1,0,24,1,1,,0,0,0,0,0,0,7.25,,0,0,0,0,0,0,0,0,0,,0,0,,0,0,0,0
1612846308058,6,1010123456013,79,,1,0,24,1,1,,0,0,0,0,0,0,8.16667,,0,0,0,0,0,0,0,0,0,,0,0,,0,0,0,0
1612846308308,6,1010123456013,79,,1,0,24,1,1,,0,0,0,0,0,0,7,,0,0,0,0,0,0,0,0,0,,0,0,,0,0,0,0
1612846308558,6,1010123456013,79,,1,0,24,1,1,,0,0,0,0,0,0,7,,0,0,0,0,0,0,0,0,0,,0,0,,0,0,0,0
1612846308808,6,1010123456013,79,,1,0,24,1,1,,0,0,0,0,0,0,9.33333,,0,0,0,0,0,0,0,0,0,,0,0,,0,0,0,0
1612846309058,6,1010123456013,79,,1,0,24,1,1,,0,0,0,0,0,0,8.33333,,0,0,0,0,0,0,0,0,0,,0,0,,0,0,0,0
1612846309308,6,1010123456013,79,,1,0,24,1,1,,0,0,0,0,0,0,6.25,,0,0,0,0,0,0,0,0,0,,0,0,,0,0,0,0
1612846309558,6,1010123456013,79,,1,0,24,1,1,,0,0,0,0,0,0,7,,0,0,0,0,0,0,0,0,0,,0,0,,0,0,0,0
1612846309808,6,1010123456013,79,,1,0,24,1,1,,0,0,0,0,0,0,5.57143,,0,0,0,0,0,0,0,0,0,,0,0,,0,0,0,0
1612846310058,6,1010123456013,79,,1,0,24,1,1,,0,0,0,0,0,0,8,,0,0,0,0,0,0,0,0,0,,0,0,,0,0,0,0
1612846310308,6,1010123456013,79,,1,0,24,1,1,,0,0,0,0,0,0,8.5,,0,0,0,0,0,0,0,0,0,,0,0,,0,0,0,0
1612846310558,6,1010123456013,79,,1,0,24,1,1,,0,0,0,0,0,0,7.83333,,0,0,0,0,0,0,0,0,0,,0,0,,0,0,0,0
1612846310808,6,1010123456013,79,,1,0,24,1,1,,0,0,0,0,0,0,9,,0,0,0,0,0,0,0,0,0,,0,0,,0,0,0,0
1612846311058,6,1010123456013,79,,1,0,24,1,1,,0,0,0,0,0,0,5.6,,0,0,0,0,0,0,0,0,0,,0,0,,0,0,0,0
1612846311308,6,1010123456013,79,,1,0,24,1,1,,0,0,0,0,0,0,9.16667,,0,0,0,0,0,0,0,0,0,,0,0,,0,0,0,0
1612846311558,6,1010123456013,79,,1,0,24,1,1,,0,0,0,0,0,0,5.5,,0,0,0,0,0,0,0,0,0,,0,0,,0,0,0,0
1612846311808,6,1010123456013,79,,1,0,24,1,1,,0,0,0,0,0,0,5.8,,0,0,0,0,0,0,0,0,0,,0,0,,0,0,0,0
1612846312058,6,1010123456013,79,,1,0,24,1,1,,0,0,0,0,0,0,4.5,,0,0,0,0,0,0,0,0,0,,0,0,,0,0,0,0
1612846312308,6,1010123456013,79,,1,0,24,1,1,,0,0,0,0,0,0,8.83333,,0,0,0,0,0,0,0,0,0,,0,0,,0,0,0,0
1612846312558,6,1010123456013,79,,1,0,24,1,1,,0,0,0,0,0,0,9,,0,0,0,0,0,0,0,0,0,,0,0,,0,0,0,0
1612846312808,6,1010123456013,79,,1,0,24,1,1,,0,0,0,0,0,0,7,,0,0,0,0,0,0,0,0,0,,0,0,,0,0,0,0
1612846313058,6,1010123456013,79,,1,0,24,1,1,,0,0,0,0,0,0,8.6,,0,0,0,0,0,0,0,0,0,,0,0,,0,0,0,0
1612846313308,6,1010123456013,79,,1,0,24,1,1,,0,0,0,0,0,0,7.83333,,0,0,0,0,0,0,0,0,0,,0,0,,0,0,0,0
1612846313558,6,1010123456013,79,,1,0,24,1,1,,0,0,0,0,0,0,8.16667,,0,0,0,0,0,0,0,0,0,,0,0,,0,0,0,0
1612846313808,6,1010123456013,79,,1,0,24,1,1,,0,0,0,0,0,0,6.71429,,0,0,0,0,0,0,0,0,0,,0,0,,0,0,0,0
1612846314058,6,1010123456013,79,,1,0,24,1,1,,0,0,0,0,0,0,7.66667,,0,0,0,0,0,0,0,0,0,,0,0,,0,0,0,0
1612846314308,6,1010123456013,79,,1,0,24,1,1,,0,0,0,0,0,0,7.16667,,0,0,0,0,0,0,0,0,0,,0,0,,0,0,0,0
1612846314558,6,1010123456013,79,,1,0,24,1,1,,0,0,0,0,0,0,5.5,,0,0,0,0,0,0,0,0,0,,0,0,,0,0,0,0
1612846314808,6,1010123456013,79,,1,0,24,1,1,,0,0,0,0,0,0,6.57143,,0,0,0,0,0,0,0,0,0,,0,0,,0,0,0,0
1612846315058,6,1010123456013,79,,1,0,24,1,1,,0,0,0,0,0,0,6.83333,,0,0,0,0,0,0,0,0,0,,0,0,,0,0,0,0
1612846315308,6,1010123456013,79,,1,0,24,1,1,,0,0,0,0,0,0,6.5,,0,0,0,0,0,0,0,0,0,,0,0,,0,0,0,0
1612846315558,6,1010123456013,79,,1,0,24,1,1,,0,0,0,0,0,0,9.5,,0,0,0,0,0,0,0,0,0,,0,0,,0,0,0,0
1612846315808,6,1010123456013,79,,1,0,24,1,1,,0,0,0,0,0,0,9.42857,,0,0,0,0,0,0,0,0,0,,0,0,,0,0,0,0
1612846316058,6,1010123456013,79,,1,0,24,1,1,,0,0,0,0,0,0,5,,0,0,0,0,0,0,0,0,0,,0,0,,0,0,0,0
1612846316308,6,1010123456013,79,,1,0,24,1,1,,0,0,0,0,0,0,8.2,,0,0,0,0,0,0,0,0,0,,0,0,,0,0,0,0
1612846316558,6,1010123456013,79,,1,0,24,1,1,,0,0,0,0,0,0,5.2,,0,0,0,0,0,0,0,0,0,,0,0,,0,0,0,0
1612846316808,6,1010123456013,79,,1,0,24,1,1,,0,0,0,0,0,0,7.66667,,0,0,0,0,0,0,0,0,0,,0,0,,0,0,0,0
1612846317058,6,1010123456013,79,,1,0,24,1,1,,0,0,0,0,0,0,6.16667,,0,0,0,0,0,0,0,0,0,,0,0,,0,0,0,0
1612846317308,6,1010123456013,79,,1,0,24,1,1,,0,0,0,0,0,0,7.16667,,0,0,0,0,0,0,0,0,0,,0,0,,0,0,0,0
1612846317558,6,1010123456013,79,,1,0,24,1,1,,0,0,0,0,0,0,6.8,,0,0,0,0,0,0,0,0,0,,0,0,,0,0,0,0
1612846317808,6,1010123456013,79,,1,0,24,1,1,,0,0,0,0,0,0,7,,0,0,0,0,0,0,0,0,0,,0,0,,0,0,0,0
1612846318058,6,1010123456013,79,,1,0,24,1,1,,0,0,0,0,0,0,7.16667,,0,0,0,0,0,0,0,0,0,,0,0,,0,0,0,0
1612846318308,6,1010123456013,79,,1,0,24,1,1,,0,0,0,0,0,0,7.8,,0,0,0,0,0,0,0,0,0,,0,0,,0,0,0,0
1612846318558,6,1010123456013,79,,1,0,24,1,1,,0,0,0,0,0,0,8.66667,,0,0,0,0,0,0,0,0,0,,0,0,,0,0,0,0
1612846318808,6,1010123456013,79,,1,0,24,1,1,,0,0,0,0,0,0,7,,0,0,0,0,0,0,0,0,0,,0,0,,0,0,0,0
1612846319058,6,1010123456013,79,,1,0,24,1,1,,0,0,0,0,0,0,6,,0,0,0,0,0,0,0,0,0,,0,0,,0,0,0,0
1612846319308,6,1010123456013,79,,1,0,24,1,1,,0,0,0,0,0,0,6,,0,0,0,0,0,0,0,0,0,,0,0,,0,0,0,0
1612846319558,6,1010123456013,79,,1,0,24,1,1,,0,0,0,0,0,0,7.4,,0,0,0,0,0,0,0,0,0,,0,0,,0,0,0,0
1612846319809,6,1010123456013,79,,1,0,24,1,1,,13.007,143,23826,0.698964,34,0,8.16667,,15.5122,41,0,0.203602,12,33.3333,0,19.9,31,,72,864,,0,0,0,4.17073
1612846320058,6,1010123456013,79,,1,0,24,1,1,,7.25833,840,100609,1.71219,248,0,4,,15.5,14,0,0.1,4,50,0,13.9952,31,,3000,2964,,0,0,0,5.5
1612846320308,6,1010123456013,79,,1,0,24,1,1,,5.95006,861,183233,1.31478,247,0,4,,0,0,0,0,0,0,0,0,0,,3000,2976,,0,0,0,0
1612846320558,6,1010123456013,79,,1,0,24,1,1,,16.1123,864,171626,3.58005,247,0,8.66667,,0,0,0,0,0,0,0,0,0,,3000,3000,,0,0,0,0
1612846320808,6,1010123456013,79,,1,0,24,1,1,,4.95036,846,183601,1.27786,247,0,3.5,,15,14,0,0,4,100,0,2.02579,0,,3000,2988,,0,0,0,10
1612846321059,6,1010123456013,79,,1,0,24,1,1,,7.78966,851,183109,1.65821,247,0,5.83333,,0.1,7,0,0.1,2,0,0,3.23849,31,,3000,2946,,0,0,0,1.42857
1612846321308,6,1010123456013,79,,1,0,24,1,1,,9.93481,859,183388,2.21195,247,0,4.6,,0,0,0,0,0,0,0,0,0,,3000,3000,,0,0,0,0
1612846321558,6,1010123456013,79,,1,0,24,1,1,,17.2561,859,183105,3.67024,247,0,8.83333,,0,0,0,0,0,0,0,0,0,,3000,2982,,0,0,0,0
1612846321808,6,1010123456013,79,,1,0,24,1,1,,9.04052,839,183265,1.95427,243,0,6.2,,0.1,4,603,0.1,1,0,0,25.5171,31,,3000,3000,,0,0,0,1
1612846322058,6,1010123456013,79,,1,0,24,1,1,,12.7527,837,184074,2.74381,245,0,7,,14.7778,81,0,0.1,28,85.7143,0,3.72541,0,,3000,2982,,0,0,0,8.77778
1612846322308,6,1010123456013,79,,1,0,24,1,1,,14.5187,856,176253,3.48006,246,0,7.2,,0,0,0,0,0,0,0,0,0,,3000,2988,,0,0,0,0
1612846322558,6,1010123456013,79,,1,0,24,1,1,,10.3484,861,182090,2.27859,246,0,5.83333,,0,0,0,0,0,0,0,0,0,,3000,3000,,0,0,0,0
1612846322809,6,1010123456013,79,,1,0,24,1,1,,14.4534,827,183583,3.16159,241,0,7.14286,,0.1,24,0,0.1,7,0,0,12.7942,31,,3012,2982,,0,0,0,1.25
1612846323058,6,1010123456013,79,,1,0,24,1,1,,13.7099,841,170866,3.32257,247,0,8.5,,0,3,0,0.1,1,0,0,0,31,,2988,2988,,0,0,0,0
1612846323308,6,1010123456013,79,,1,0,24,1,1,,10.1106,859,184524,2.2351,245,0,5.5,,0,0,0,0,0,0,0,0,0,,3000,2976,,0,0,0,0
1612846323558,6,1010123456013,79,,1,0,24,1,1,,10.2745,867,183064,2.23756,248,0,5.2,,0,0,0,0,0,0,0,0,0,,3000,3000,,0,0,0,0
1612846323808,6,1010123456013,79,,1,0,24,1,1,,16.1743,855,165235,3.98156,246,0,7.85714,,15,13,0,0,4,100,0,2.29419,0,,3000,2970,,0,0,0,10
1612846324058,6,1010123456013,79,,1,0,24,1,1,,6.82339,838,184531,1.52758,240,0,4.5,,0.1,8,0,0.1,2,0,0,12.9989,31,,3000,2898,,0,0,0,1
1612846324308,6,1010123456013,79,,1,0,24,1,1,,11.9744,858,184155,2.84493,246,0,7.4,,0,0,0,0,0,0,0,0,0,,3000,3000,,0,0,0,0
1612846324558,6,1010123456013,79,,1,0,24,1,1,,12.7795,857,182894,2.57757,245,0,7.5,,0,0,0,0,0,0,0,0,0,,3000,2988,,0,0,0,0
1612846324808,6,1010123456013,79,,1,0,24,1,1,,7.96725,855,181341,1.69046,247,0,4.83333,,14.4231,26,0,0.1,8,62.5,0,12.4898,31,,3000,2988,,0,0,0,6.69231
1612846325058,6,1010123456013,79,,1,0,24,1,1,,16.6997,869,183542,4.10892,250,0,8.66667,,12.4444,18,0,0.1,5,60,0,12.1426,31,,3000,3000,,0,0,0,6
1612846325308,6,1010123456013,79,,1,0,24,1,1,,12.707,867,184190,2.76173,248,0,6.6,,0,0,0,0,0,0,0,0,0,,3000,3000,,0,0,0,0
1612846325558,6,1010123456013,79,,1,0,24,1,1,,7.1688,859,182833,1.55206,246,0,4.66667,,0,0,0,0,0,0,0,0,0,,3000,3000,,0,0,0,0
1612846325808,6,1010123456013,79,,1,0,24,1,1,,15.7121,865,175453,3.7047,248,0,7.85714,,16.4444,36,0,0.1,13,61.5385,0,16.1076,31,,3000,2988,,0,0,0,6.55556
1612846326058,6,1010123456013,79,,1,0,24,1,1,,11.1532,855,183880,2.40832,246,0,5.83333,,0,15,0,0,5,100,0,0,0,,3000,2970,,0,0,0,0
1612846326308,6,1010123456013,79,,1,0,24,1,1,,6.18108,867,183619,1.35296,248,0,5,,0,0,0,0,0,0,0,0,0,,3000,3000,,0,0,0,0
1612846326558,6,1010123456013,79,,1,0,24,1,1,,12.8779,860,183917,2.73094,246,0,7.16667,,0,0,0,0,0,0,0,0,0,,3000,2994,,0,0,0,0
1612846326808,6,1010123456013,79,,1,0,24,1,1,,11.0892,863,161820,3.10179,247,0,5.42857,,0,0,0,0,0,0,0,0,0,,3000,2988,,0,0,0,0
1612846327058,6,1010123456013,79,,1,0,24,1,1,,5.08671,865,182754,1.18034,248,0,4.33333,,8,48,0,0.1,15,53.3333,0,9.15011,31,,3000,2994,,0,0,0,5.5
1612846327308,6,1010123456013,79,,1,0,24,1,1,,13.533,863,184472,3.44112,247,0,7,,0,0,0,0,0,0,0,0,0,,3000,3000,,0,0,0,0
1612846327558,6,1010123456013,79,,1,0,24,1,1,,12.0231,867,164896,2.9353,248,0,8,,0,0,0,0,0,0,0,0,0,,3000,2976,,0,0,0,0
1612846327808,6,1010123456013,79,,1,0,24,1,1,,12.21,843,182947,2.55597,244,0,7.14286,,15,52,0,0.134944,17,76.4706,0,7.77444,31,,3000,2976,,0,0,0,7.57692
1612846328058,6,1010123456013,79,,1,0,24,1,1,,12.7217,848,183116,3.2272,246,0,6.66667,,14.25,24,0,0.1,8,87.5,0,5.40948,31,,3000,2988,,0,0,0,8.875
1612846328308,6,1010123456013,79,,1,0,24,1,1,,12.5479,867,182942,2.65227,248,0,6.8,,0,0,0,0,0,0,0,0,0,,3000,2994,,0,0,0,0
1612846328558,6,1010123456013,79,,1,0,24,1,1,,9.41183,862,170485,2.21962,247,0,5.5,,0,0,0,0,0,0,0,0,0,,3000,2994,,0,0,0,0
1612846328808,6,1010123456013,79,,1,0,24,1,1,,7.09186,860,183945,1.80061,245,0,4.57143,,0,12,0,0,4,100,0,0,0,,3000,2982,,0,0,0,0
1612846329058,6,1010123456013,79,,1,0,24,1,1,,10.4501,862,182763,2.10625,247,0,5.8,,0.1,7,0,0.1,2,0,0,2.7447,31,,3000,2856,,0,0,0,1
1612846329308,6,1010123456013,79,,1,0,24,1,1,,14.0069,875,184082,3.06125,250,0,7.2,,0,0,0,0,0,0,0,0,0,,3000,2976,,0,0,0,0
1612846329558,6,1010123456013,79,,1,0,24,1,1,,12.9076,855,175026,3.58672,245,0,6,,0,0,0,0,0,0,0,0,0,,3000,3000,,0,0,0,0
1612846329809,6,1010123456013,79,,1,0,24,1,1,,9.06619,846,183911,2.10719,245,0,5.42857,,14.1892,37,0,0.1,11,72.7273,0,8.43676,31,,3000,3000,,0,0,0,7.32432
1612846330058,6,1010123456013,79,,1,0,24,1,1,,3.09677,868,183550,0.932273,249,0,3,,13,16,0,0.1,5,80,0,0.496428,31,,3000,3000,,0,0,0,8.5
1612846330308,6,1010123456013,79,,1,0,24,1,1,,9.74569,869,183385,2.15027,248,0,5.4,,0,0,0,0,0,0,0,0,0,,3000,2976,,0,0,0,0
1612846330558,6,1010123456013,79,,1,0,24,1,1,,8.60468,855,183624,1.7767,244,0,5.16667,,0,0,0,0,0,0,0,0,0,,3000,2976,,0,0,0,0
1612846330808,6,1010123456013,79,,1,0,24,1,1,,5.96552,841,182023,1.46029,244,0,5.33333,,3.52941,34,0,0.1,10,30,0,9.54282,31,,3000,2976,,0,0,0,4.05882
1612846331058,6,1010123456013,79,,1,0,24,1,1,,16.3213,856,178531,4.04058,248,0,8.66667,,0,12,0,0,4,100,0,0,0,,3000,2988,,0,0,0,0
1612846331308,6,1010123456013,79,,1,0,24,1,1,,12.8509,872,175654,2.93171,250,0,7.4,,0,0,0,0,0,0,0,0,0,,3000,2994,,0,0,0,0
1612846331558,6,1010123456013,79,,1,0,24,1,1,,20.848,875,147382,5.0233,250,0,10.3333,,0,0,0,0,0,0,0,0,0,,3000,3000,,0,0,0,0
1612846331809,6,1010123456013,79,,1,0,24,1,1,,11.1679,840,183248,2.52185,243,0,5.85714,,0.1,31,0,0.1,9,22.2222,0,4.28366,31,,3000,2976,,0,0,0,3.77419
1612846332058,6,1010123456013,79,,1,0,24,1,1,,12.7234,835,153427,3.31643,242,0,7.33333,,0,3,0,0.1,1,0,0,0,31,,3000,2988,,0,0,0,0
1612846332308,6,1010123456013,79,,1,0,24,1,1,,10.9824,850,183239,2.345,244,0,6.33333,,0,0,0,0,0,0,0,0,0,,3000,2988,,0,0,0,0
1612846332558,6,1010123456013,79,,1,0,24,1,1,,12.1712,841,183072,2.65373,243,0,6,,0,0,0,0,0,0,0,0,0,,3000,2994,,0,0,0,0
1612846332808,6,1010123456013,79,,1,0,24,1,1,,11.8715,856,162577,3.04541,247,0,7.14286,,5.19149,47,0,0.1,14,21.4286,0,11.7834,31,,3000,2994,,0,0,0,3.10638
1612846333058,6,1010123456013,79,,1,0,24,1,1,,13.1118,859,182889,2.80941,246,0,7,,6,7,0,0.1,2,50,0,16.2418,31,,3000,2988,,0,0,0,4.85714
1612846333308,6,1010123456013,79,,1,0,24,1,1,,8.43147,839,182908,1.82959,240,0,5,,0,0,0,0,0,0,0,0,0,,3000,2970,,0,0,0,0
1612846333558,6,1010123456013,79,,1,0,24,1,1,,14.4371,867,182941,3.15347,248,0,7.66667,,0,0,0,0,0,0,0,0,0,,3000,2994,,0,0,0,0
1612846333808,6,1010123456013,79,,1,0,24,1,1,,9.46811,831,183889,2.02525,242,0,5.28571,,16.0455,22,0,0.1,6,66.6667,0,17.7748,31,,3000,2901,,0,0,0,7.13636
1612846334058,6,1010123456013,79,,1,0,24,1,1,,8.46721,854,184307,2.35062,249,0,5.5,,15,15,0,0,4,100,0,1.57289,0,,3000,2988,,0,0,0,10
1612846334308,6,1010123456013,79,,1,0,24,1,1,,9.8266,842,181970,2.01421,242,0,6.33333,,0,0,0,0,0,0,0,0,0,,3000,2994,,0,0,0,0
1612846334558,6,1010123456013,79,,1,0,24,1,1,,7.2153,850,176915,1.79386,244,0,4.33333,,0,0,0,0,0,0,0,0,0,,3000,2994,,0,0,0,0
1612846334808,6,1010123456013,79,,1,0,24,1,1,,12.7921,861,182448,2.98189,248,0,7,,0.1,4,0,0,1,100,0,1.32325,0,,3000,2970,,0,0,0,10
1612846335058,6,1010123456013,79,,1,0,24,1,1,,5.23944,852,182292,1.28173,246,0,3.33333,,0.1,44,0,0.1,12,33.3333,0,4.03797,31,,3000,3000,,0,0,0,4.63636
1612846335308,6,1010123456013,79,,1,0,24,1,1,,11.765,868,183921,2.63747,249,0,6.5,,0,0,0,0,0,0,0,0,0,,3000,3000,,0,0,0,0
1612846335558,6,1010123456013,79,,1,0,24,1,1,,19.1967,854,136056,4.8481,245,0,10.5,,0,0,0,0,0,0,0,0,0,,3000,2988,,0,0,0,0
1612846335809,6,1010123456013,79,,1,0,24,1,1,,9.72156,844,183444,2.24692,245,0,5.5,,0,0,0,0,0,0,0,0,0,,3000,2994,,0,0,0,0
1612846336058,6,1010123456013,79,,1,0,24,1,1,,11.9052,854,183467,2.70448,247,0,6.5,,0.1,50,0,0.1,14,35.7143,0,3.72112,31,,3000,2988,,0,0,0,4.24
1612846336308,6,1010123456013,79,,1,0,24,1,1,,11.2281,855,183695,2.92787,246,0,6.83333,,0,0,0,0,0,0,0,0,0,,3000,3000,,0,0,0,0
1612846336558,6,1010123456013,79,,1,0,24,1,1,,12.183,858,148472,3.11116,245,0,7.33333,,0,0,0,0,0,0,0,0,0,,3000,2994,,0,0,0,0
1612846336808,6,1010123456013,79,,1,0,24,1,1,,12.3561,848,183460,3.09843,246,0,6.71429,,0,3,603,0.1,1,0,0,0,31,,3000,2994,,0,0,0,0
1612846337058,6,1010123456013,79,,1,0,24,1,1,,8.80047,852,184321,1.89182,245,0,5.5,,7.77778,27,0,0.1,8,50,0,5.7002,0,,3000,2994,,0,0,0,5.66667
1612846337308,6,1010123456013,79,,1,0,24,1,1,,6.50353,850,182668,1.42371,243,0,4.5,,0,0,0,0,0,0,0,0,0,,3000,2982,,0,0,0,0
1612846337558,6,1010123456013,79,,1,0,24,1,1,,15.9249,865,183716,4.21349,247,0,8.5,,0,0,0,0,0,0,0,0,0,,3000,2988,,0,0,0,0
1612846337808,6,1010123456013,79,,1,0,24,1,1,,10.1758,859,182953,2.09674,247,0,6,,0,0,0,0,0,0,0,0,0,,3000,2994,,0,0,0,0
1612846338058,6,1010123456013,79,,1,0,24,1,1,,11.7674,860,183520,2.45478,248,0,6.8,,1.68421,38,0,0.1,11,18.1818,0,6.65495,31,,3000,2988,,0,0,0,3.60526
1612846338308,6,1010123456013,79,,1,0,24,1,1,,8.90266,863,183128,2.08672,246,0,5.6,,0,0,0,0,0,0,0,0,0,,3000,2976,,0,0,0,0
1612846338558,6,1010123456013,79,,1,0,24,1,1,,12.4386,855,183293,2.57642,245,0,6.83333,,0,0,0,0,0,0,0,0,0,,3000,2994,,0,0,0,0
1612846338808,6,1010123456013,79,,1,0,24,1,1,,14.0439,866,183154,2.99242,249,0,7.66667,,0,3,603,0.1,1,0,0,0,31,,3000,2994,,0,0,0,0
1612846339058,6,1010123456013,79,,1,0,24,1,1,,13.0753,823,183457,3.48463,243,0,6.16667,,15.8511,47,0,0.1,15,80,0,7.66929,0,,3000,2862,,0,0,0,8.53191
1612846339308,6,1010123456013,79,,1,0,24,1,1,,9.36939,869,165135,2.44125,248,0,6.4,,0,0,0,0,0,0,0,0,0,,3000,3000,,0,0,0,0
1612846339558,6,1010123456013,79,,1,0,24,1,1,,8.51039,866,183359,1.9961,248,0,5.16667,,0,0,0,0,0,0,0,0,0,,3000,2994,,0,0,0,0
1612846339809,6,1010123456013,79,,1,0,24,1,1,,10.23,839,183428,2.13629,244,0,6,,14.9692,65,0,0.12341,21,80.9524,0,6.50004,31,,3000,2976,,0,0,0,8.2
1612846340058,6,1010123456013,79,,1,0,24,1,1,,13.9849,861,183484,3.06259,247,0,7,,13.5385,26,0,0.1,8,87.5,0,1.59697,31,,3000,2994,,0,0,0,8.61539
1612846340308,6,1010123456013,79,,1,0,24,1,1,,12.0373,857,183743,2.69555,244,0,6.5,,0,0,0,0,0,0,0,0,0,,3000,3000,,0,0,0,0
1612846340558,6,1010123456013,79,,1,0,24,1,1,,4.74017,839,184167,0.964512,241,0,4.5,,0,0,0,0,0,0,0,0,0,,3000,2964,,0,0,0,0
1612846340808,6,1010123456013,79,,1,0,24,1,1,,13.3091,867,183666,2.85408,248,0,6.85714,,6.30159,63,0,0.1,18,50,0,8.96298,31,,3000,2982,,0,0,0,5.42857
1612846341058,6,1010123456013,79,,1,0,24,1,1,,8.62276,835,183960,1.809,241,0,5.2,,4.28571,14,0,0.1,4,75,0,9.39998,31,,3000,2988,,0,0,0,7.42857
1612846341308,6,1010123456013,79,,1,0,24,1,1,,12.3198,863,182971,2.87056,247,0,6.5,,0,0,0,0,0,0,0,0,0,,3000,2994,,0,0,0,0
1612846341558,6,1010123456013,79,,1,0,24,1,1,,12.2929,857,183103,2.69027,245,0,6.33333,,0,0,0,0,0,0,0,0,0,,3000,2970,,0,0,0,0
1612846341809,6,1010123456013,79,,1,0,24,1,1,,5.9664,863,183230,1.26499,247,0,5,,14.4783,23,0,0.1,6,50,0,16.4512,31,,3000,2994,,0,0,0,5.69565
1612846342058,6,1010123456013,79,,1,0,24,1,1,,16.5188,852,183384,3.69121,249,0,7.4,,15,15,0,0,4,100,0,2.67172,0,,3000,2994,,0,0,0,10
1612846342308,6,1010123456013,79,,1,0,24,1,1,,9.50581,860,184294,2.11517,245,0,5.66667,,0,0,0,0,0,0,0,0,0,,3000,2988,,0,0,0,0
1612846342558,6,1010123456013,79,,1,0,24,1,1,,3.75263,857,183643,0.908434,245,0,4,,0,0,0,0,0,0,0,0,0,,3000,2994,,0,0,0,0
1612846342808,6,1010123456013,79,,1,0,24,1,1,,14.1845,862,171467,3.26739,246,0,7.85714,,0.1,22,0,0.1,6,0,0,11.3634,31,,3000,2994,,0,0,0,1
1612846343058,6,1010123456013,79,,1,0,24,1,1,,10.982,832,183961,2.90255,246,0,6.6,,15,4,0,0.1,1,0,0,27.5232,31,,3000,2865,,0,0,0,1
1612846343308,6,1010123456013,79,,1,0,24,1,1,,8.78369,846,183647,1.74811,242,0,5.83333,,0,0,0,0,0,0,0,0,0,,3000,2988,,0,0,0,0
1612846343558,6,1010123456013,79,,1,0,24,1,1,,12.4354,852,161963,3.47428,245,0,7.33333,,0,0,0,0,0,0,0,0,0,,3000,3000,,0,0,0,0
1612846343808,6,1010123456013,79,,1,0,24,1,1,,17.1777,844,169101,4.16774,244,0,8.71429,,15,8,0,0.1,2,50,0,15.4211,31,,3000,2916,,0,0,0,5.5
1612846344058,6,1010123456013,79,,1,0,24,1,1,,9.17278,845,183795,1.879,244,0,5.5,,10.9412,17,0,0.1,5,60,0,13.6294,31,,3000,2886,,0,0,0,6.29412
1612846344308,6,1010123456013,79,,1,0,24,1,1,,10.1101,854,184078,2.38701,246,0,4.83333,,0,0,0,0,0,0,0,0,0,,3000,2988,,0,0,0,0
1612846344558,6,1010123456013,79,,1,0,24,1,1,,13.0854,843,182184,2.82416,243,0,7.16667,,0,0,0,0,0,0,0,0,0,,3000,2988,,0,0,0,0
1612846344809,6,1010123456013,79,,1,0,24,1,1,,5.09495,832,182259,1.21791,242,0,4.28571,,15.6957,23,0,0.1,7,42.8571,0,18.2689,31,,3000,2988,,0,0,0,4.52174
1612846345058,6,1010123456013,79,,1,0,24,1,1,,14.1405,833,183851,3.10879,245,0,7.16667,,16,15,0,0.1,5,80,0,8.01201,0,,3000,2958,,0,0,0,7.6
1612846345308,6,1010123456013,79,,1,0,24,1,1,,12.1778,866,181928,2.53526,249,0,6.4,,0,0,0,0,0,0,0,0,0,,3000,2952,,0,0,0,0
1612846345558,6,1010123456013,79,,1,0,24,1,1,,11.0631,872,183991,2.59795,250,0,6.5,,0,0,0,0,0,0,0,0,0,,3000,2994,,0,0,0,0
1612846345808,6,1010123456013,79,,1,0,24,1,1,,4.57544,855,182774,1.11855,247,0,4.14286,,1.44828,29,0,0.1,9,0,0,13.8372,31,,3000,2994,,0,0,0,1.24138
1612846346058,6,1010123456013,79,,1,0,24,1,1,,12.7535,848,183205,2.7388,245,0,7,,15,13,0,0,4,100,0,2.33439,0,,3000,2988,,0,0,0,10
1612846346308,6,1010123456013,79,,1,0,24,1,1,,3.27209,849,183351,0.93936,245,0,2.4,,0,0,0,0,0,0,0,0,0,,3000,2976,,0,0,0,0
1612846346558,6,1010123456013,79,,1,0,24,1,1,,18.5012,860,146605,4.97555,248,0,9.83333,,0,0,0,0,0,0,0,0,0,,3000,2991,,0,0,0,0
1612846346808,6,1010123456013,79,,1,0,24,1,1,,13.4037,857,183303,3.07219,248,0,6.85714,,0,15,603,0.1,5,80,0,0,31,,3000,3000,,0,0,0,0
1612846347058,6,1010123456013,79,,1,0,24,1,1,,5.09907,858,183397,1.31949,247,0,4.16667,,8.57143,28,0,0.1,8,50,0,5.38,0,,3000,2988,,0,0,0,6.14286
1612846347308,6,1010123456013,79,,1,0,24,1,1,,10.2318,867,183519,2.27843,249,0,6.16667,,0,0,0,0,0,0,0,0,0,,3000,3000,,0,0,0,0
1612846347558,6,1010123456013,79,,1,0,24,1,1,,8.98821,848,181945,1.66995,246,0,5.66667,,0,0,0,0,0,0,0,0,0,,3000,2850,,0,0,0,0
1612846347808,6,1010123456013,79,,1,0,24,1,1,,7.31701,817,182928,1.51603,236,0,5.42857,,5.8,40,0,0.1,13,46.1538,0,9.04202,31,,3000,2946,,0,0,0,4.6
1612846348058,6,1010123456013,79,,1,0,24,1,1,,11.7494,854,183247,2.67187,246,0,5.66667,,16,11,0,0.1,3,33.3333,0,12.8037,31,,3000,3000,,0,0,0,4.27273
1612846348308,6,1010123456013,79,,1,0,24,1,1,,8.44752,867,182186,2.09931,249,0,5.5,,0,0,0,0,0,0,0,0,0,,3000,2988,,0,0,0,0
1612846348558,6,1010123456013,79,,1,0,24,1,1,,8.97877,848,183083,1.77812,242,0,5.83333,,0,0,0,0,0,0,0,0,0,,3000,2982,,0,0,0,0
1612846348808,6,1010123456013,79,,1,0,24,1,1,,9.96357,851,183372,2.27104,246,0,5.85714,,0.1,4,603,0.1,1,0,0,25.5421,31,,3000,3000,,0,0,0,1
1612846349058,6,1010123456013,79,,1,0,24,1,1,,16.2464,844,136897,4.04639,244,0,10.1667,,8.475,40,0,0.1,12,66.6667,0,7.30479,0,,3000,2994,,0,0,0,6.625
1612846349308,6,1010123456013,79,,1,0,24,1,1,,5.94042,856,184006,1.88342,245,0,3.66667,,0,0,0,0,0,0,0,0,0,,3000,2994,,0,0,0,0
1612846349558,6,1010123456013,79,,1,0,24,1,1,,10.3512,840,183544,2.09814,241,0,5.8,,0,0,0,0,0,0,0,0,0,,3000,2958,,0,0,0,0
1612846349809,6,1010123456013,79,,1,0,24,1,1,,11.5676,865,183191,2.55075,247,0,6.66667,,0.1,4,603,0.1,1,0,0,25.1152,31,,3000,2988,,0,0,0,1
1612846350058,6,1010123456013,79,,1,0,24,1,1,,12.439,836,182754,2.48524,245,0,7.66667,,15.3163,98,0,0.136643,32,87.5,0,3.64532,31,,3000,2982,,0,0,0,8.89796
1612846350308,6,1010123456013,79,,1,0,24,1,1,,11.3628,871,183505,2.4447,249,0,6.5,,0,0,0,0,0,0,0,0,0,,3000,2994,,0,0,0,0
1612846350558,6,1010123456013,79,,1,0,24,1,1,,10.8155,862,163964,2.65245,247,0,6.33333,,0,0,0,0,0,0,0,0,0,,3000,2994,,0,0,0,0
1612846350809,6,1010123456013,79,,1,0,24,1,1,,8.08197,854,183922,2.24551,245,0,5,,12.3529,17,190,0.1,5,80,0,7.3349,31,,3000,2967,,0,0,0,8.41177
1612846351058,6,1010123456013,79,,1,0,24,1,1,,12.0445,853,183376,2.50268,246,0,7.16667,,0.1,28,0,0.1,8,0,0,9.79874,31,,3000,2964,,0,0,0,1
1612846351308,6,1010123456013,79,,1,0,24,1,1,,15.7995,868,183780,3.25606,247,0,8.5,,0,0,0,0,0,0,0,0,0,,3000,2988,,0,0,0,0
1612846351558,6,1010123456013,79,,1,0,24,1,1,,8.61998,871,175998,2.03524,249,0,5,,0,0,0,0,0,0,0,0,0,,3000,2982,,0,0,0,0
1612846351808,6,1010123456013,79,,1,0,24,1,1,,22.5917,862,124090,5.88463,247,0,10.8333,,12.913,23,0,0.1,6,66.6667,0,12.2996,31,,3000,2946,,0,0,0,7.26087
1612846352058,6,1010123456013,79,,1,0,24,1,1,,9.3708,863,183364,2.17989,249,0,5.33333,,0,3,0,0.1,1,0,0,0,31,,3000,3000,,0,0,0,0
1612846352308,6,1010123456013,79,,1,0,24,1,1,,10.7083,864,179435,2.36093,248,0,5.8,,0,0,0,0,0,0,0,0,0,,3000,2946,,0,0,0,0
1612846352558,6,1010123456013,79,,1,0,24,1,1,,20.308,867,134415,5.70221,248,0,11,,0,0,0,0,0,0,0,0,0,,3000,3000,,0,0,0,0
1612846352808,6,1010123456013,79,,1,0,24,1,1,,9.73812,863,183403,2.196,249,0,5.57143,,13.625,32,0,0.1,9,66.6667,0,10.9829,31,,3000,3000,,0,0,0,6.625
1612846353058,6,1010123456013,79,,1,0,24,1,1,,6.70863,834,182356,1.39505,243,0,5.2,,14.8364,55,0,0.128578,17,76.4706,0,5.83477,31,,3000,2970,,0,0,0,7.87273
1612846353308,6,1010123456013,79,,1,0,24,1,1,,17.4122,866,175999,4.24925,247,0,8.25,,0,0,0,0,0,0,0,0,0,,3000,2976,,0,0,0,0
1612846353558,6,1010123456013,79,,1,0,24,1,1,,4.83372,854,183313,1.06211,245,0,4.16667,,0,0,0,0,0,0,0,0,0,,3000,2994,,0,0,0,0
1612846353809,6,1010123456013,79,,1,0,24,1,1,,15.5387,852,181944,3.18658,247,0,8.5,,4.62162,37,0,0.1,11,18.1818,0,12.6985,31,,3000,2982,,0,0,0,2.7027
1612846354058,6,1010123456013,79,,1,0,24,1,1,,11.309,851,183963,2.58795,246,0,5.66667,,15,12,0,0,4,100,0,2.8619,0,,3000,2994,,0,0,0,10
1612846354308,6,1010123456013,79,,1,0,24,1,1,,6.41475,868,182771,1.41526,248,0,4.5,,0,0,0,0,0,0,0,0,0,,3000,2970,,0,0,0,0
1612846354558,6,1010123456013,79,,1,0,24,1,1,,16.2351,872,183433,3.45539,249,0,8.5,,0,0,0,0,0,0,0,0,0,,3000,2982,,0,0,0,0
1612846354810,6,1010123456013,79,,1,0,24,1,1,,9.35967,848,181592,1.99997,245,0,6,,15.037,54,0,0.133873,17,76.4706,0,6.8513,31,,3012,3006,,0,0,0,7.83333
1612846355058,6,1010123456013,79,,1,0,24,1,1,,12.6651,857,184049,2.82887,247,0,7,,14.08,25,0,0.1,8,87.5,0,1.74355,31,,2988,2982,,0,0,0,8.92
1612846355308,6,1010123456013,79,,1,0,24,1,1,,8.0907,860,183633,1.78605,246,0,4.83333,,0,0,0,0,0,0,0,0,0,,3000,3000,,0,0,0,0
1612846355558,6,1010123456013,79,,1,0,24,1,1,,8.73574,859,183665,1.88437,247,0,5,,0,0,0,0,0,0,0,0,0,,3000,2982,,0,0,0,0
1612846355809,6,1010123456013,79,,1,0,24,1,1,,13.0385,858,182844,2.76845,248,0,7.28571,,0.1,4,0,0,1,100,0,0.899747,0,,3000,2964,,0,0,0,10
1612846356058,6,1010123456013,79,,1,0,24,1,1,,10.9344,838,183861,2.5084,244,0,4.4,,0.1,28,0,0.1,9,33.3333,0,4.12057,31,,3000,2976,,0,0,0,3.89286
1612846356308,6,1010123456013,79,,1,0,24,1,1,,12.6246,863,182762,2.67377,249,0,7.5,,0,0,0,0,0,0,0,0,0,,3000,2994,,0,0,0,0
1612846356558,6,1010123456013,79,,1,0,24,1,1,,11.0454,859,183739,2.35402,247,0,6.33333,,0,0,0,0,0,0,0,0,0,,3000,2967,,0,0,0,0
1612846356808,6,1010123456013,79,,1,0,24,1,1,,8.03846,858,184198,1.95846,248,0,4.85714,,0.1,13,0,0,4,100,0,0.580501,0,,3000,3000,,0,0,0,10
1612846357058,6,1010123456013,79,,1,0,24,1,1,,15.6581,860,182287,3.25134,246,0,9,,0.1,32,0,0.1,9,33.3333,0,3.67351,31,,3000,2970,,0,0,0,4.09375
1612846357308,6,1010123456013,79,,1,0,24,1,1,,6.33065,871,174383,1.57889,249,0,5,,0,0,0,0,0,0,0,0,0,,3000,2982,,0,0,0,0
1612846357558,6,1010123456013,79,,1,0,24,1,1,,8.6431,863,183352,2.16273,247,0,5,,0,0,0,0,0,0,0,0,0,,3000,2988,,0,0,0,0
1612846357808,6,1010123456013,79,,1,0,24,1,1,,12.6128,842,183576,2.68829,245,0,6.42857,,1.5,20,0,0.1,6,0,0,8.37932,31,,3000,3000,,0,0,0,1.4
1612846358058,6,1010123456013,79,,1,0,24,1,1,,8.10814,860,184354,1.78982,248,0,5.33333,,0,12,0,0,4,100,0,0,0,,3000,3000,,0,0,0,0
1612846358308,6,1010123456013,79,,1,0,24,1,1,,13.3868,861,172275,2.8471,246,0,7.83333,,0,0,0,0,0,0,0,0,0,,3000,2868,,0,0,0,0
1612846358558,6,1010123456013,79,,1,0,24,1,1,,8.66357,862,183509,1.96954,246,0,5.5,,0,0,0,0,0,0,0,0,0,,3000,3000,,0,0,0,0
1612846358808,6,1010123456013,79,,1,0,24,1,1,,4.4319,859,183723,1.08822,247,0,3.57143,,9.69231,39,0,0.142176,12,25,0,14.2936,31,,3000,3000,,0,0,0,3.4359
1612846359058,6,1010123456013,79,,1,0,24,1,1,,10.0802,860,183261,2.26092,247,0,5.8,,0,9,0,0.1,3,66.6667,0,0,31,,3000,2988,,0,0,0,0
1612846359308,6,1010123456013,79,,1,0,24,1,1,,14.4805,847,167136,3.07306,241,0,9.4,,0,0,0,0,0,0,0,0,0,,3000,2970,,0,0,0,0
1612846359558,6,1010123456013,79,,1,0,24,1,1,,14.207,860,181328,3.44662,247,0,7.5,,0,0,0,0,0,0,0,0,0,,3000,2994,,0,0,0,0
1612846359808,6,1010123456013,79,,1,0,24,1,1,,13.9024,830,182686,3.38378,241,0,7.71429,,0,0,0,0,0,0,0,0,0,,3000,2970,,0,0,0,0
1612846360058,6,1010123456013,79,,1,0,24,1,1,,5.96279,860,184073,1.57712,248,0,3.5,,12,22,0,0.1,7,57.1429,0,14.3023,31,,3000,3000,,0,0,0,6.72727
1612846360308,6,1010123456013,79,,1,0,24,1,1,,7.54035,855,182780,1.57526,244,0,5.16667,,0,0,0,0,0,0,0,0,0,,3000,2988,,0,0,0,0
1612846360558,6,1010123456013,79,,1,0,24,1,1,,13.7426,874,184213,2.98737,250,0,7.5,,0,0,0,0,0,0,0,0,0,,3000,2934,,0,0,0,0
1612846360808,6,1010123456013,79,,1,0,24,1,1,,9.55595,858,183805,2.13629,246,0,5.42857,,6.08333,36,0,0.1,10,30,0,9.50081,31,,3000,2964,,0,0,0,4
1612846361058,6,1010123456013,79,,1,0,24,1,1,,9.51103,861,182256,1.90548,248,0,6.16667,,0,6,0,0.1,2,50,0,0,31,,3000,2988,,0,0,0,0
1612846361308,6,1010123456013,79,,1,0,24,1,1,,9.05801,862,183799,1.98038,247,0,5.33333,,0,0,0,0,0,0,0,0,0,,3000,2898,,0,0,0,0
1612846361558,6,1010123456013,79,,1,0,24,1,1,,13.7427,851,179483,3.17728,244,0,8,,0,0,0,0,0,0,0,0,0,,3000,2994,,0,0,0,0
1612846361808,6,1010123456013,79,,1,0,24,1,1,,10.9018,866,182742,2.31894,247,0,6.42857,,0,3,530,0.1,1,0,0,0,31,,3000,3000,,0,0,0,0
1612846362058,6,1010123456013,79,,1,0,24,1,1,,11.1657,863,183563,2.44912,249,0,6.5,,8.50877,57,0,0.1,17,52.9412,0,4.29256,0,,3000,2994,,0,0,0,5.89474
1612846362308,6,1010123456013,79,,1,0,24,1,1,,15.3001,863,177096,3.67533,246,0,8,,0,0,0,0,0,0,0,0,0,,3000,2988,,0,0,0,0
1612846362558,6,1010123456013,79,,1,0,24,1,1,,10.6237,869,183675,2.51418,248,0,6.33333,,0,0,0,0,0,0,0,0,0,,3000,2988,,0,0,0,0
1612846362809,6,1010123456013,79,,1,0,24,1,1,,3.83253,830,182237,0.928448,242,0,3.85714,,0,2,0,0.1,1,0,0,0,31,,3012,2988,,0,0,0,0
1612846363058,6,1010123456013,79,,1,0,24,1,1,,17.7231,863,170554,4.57745,247,0,8.83333,,1.71429,28,0,0.1,8,25,0,6.86194,31,,2988,2976,,0,0,0,3.25
1612846363308,6,1010123456013,79,,1,0,24,1,1,,3.04143,869,182773,0.774976,248,0,4.25,,0,0,0,0,0,0,0,0,0,,3000,2988,,0,0,0,0
1612846363558,6,1010123456013,79,,1,0,24,1,1,,7.7552,866,184109,1.76611,247,0,5.16667,,0,0,0,0,0,0,0,0,0,,3000,2994,,0,0,0,0
1612846363808,6,1010123456013,79,,1,0,24,1,1,,14.682,849,183918,3.11885,244,0,7.14286,,15.7895,19,0,0.1,6,66.6667,0,18.7569,31,,3000,3000,,0,0,0,6.68421
1612846364058,6,1010123456013,79,,1,0,24,1,1,,9.52515,855,161486,2.36154,244,0,6.5,,0,2,0,0.1,1,0,0,0,31,,3000,2994,,0,0,0,0
1612846364308,6,1010123456013,79,,1,0,24,1,1,,14.8555,865,178541,3.72922,247,0,7.66667,,0,0,0,0,0,0,0,0,0,,3000,2994,,0,0,0,0
1612846364558,6,1010123456013,79,,1,0,24,1,1,,9.59721,859,184040,2.15174,246,0,5.83333,,0,0,0,0,0,0,0,0,0,,3000,3000,,0,0,0,0
1612846364808,6,1010123456013,79,,1,0,24,1,1,,7.34118,850,182734,1.6289,247,0,5.14286,,15,13,0,0,4,100,0,1.5747,0,,3000,3000,,0,0,0,10
1612846365058,6,1010123456013,79,,1,0,24,1,1,,12.2491,863,172254,2.93655,248,0,6.83333,,0.1,10,0,0.1,3,33.3333,0,0.892481,31,,3000,3000,,0,0,0,4.1
1612846365308,6,1010123456013,79,,1,0,24,1,1,,16.6086,861,183133,3.59258,247,0,8.33333,,0,0,0,0,0,0,0,0,0,,3000,2982,,0,0,0,0
1612846365558,6,1010123456013,79,,1,0,24,1,1,,11.0035,861,182440,2.41266,248,0,6.33333,,0,0,0,0,0,0,0,0,0,,3000,2994,,0,0,0,0
1612846365809,6,1010123456013,79,,1,0,24,1,1,,15.9952,840,173353,3.68373,245,0,8.42857,,15.0377,53,0,0.1,17,82.3529,0,6.7389,31,,3000,3000,,0,0,0,8.30189
1612846366058,6,1010123456013,79,,1,0,24,1,1,,12.3699,857,183811,2.57761,248,0,7.16667,,11.2593,27,0,0.1,8,87.5,0,1.59893,31,,3000,3000,,0,0,0,8.66667
1612846366308,6,1010123456013,79,,1,0,24,1,1,,10.0664,873,183095,2.22918,250,0,4.6,,0,0,0,0,0,0,0,0,0,,3000,2970,,0,0,0,0
1612846366558,6,1010123456013,79,,1,0,24,1,1,,7.11622,869,182896,1.6704,250,0,4.83333,,0,0,0,0,0,0,0,0,0,,3000,2982,,0,0,0,0
1612846366809,6,1010123456013,79,,1,0,24,1,1,,15.0691,839,173354,3.536,244,0,8.57143,,13.9796,49,0,0.180558,16,62.5,0,8.63001,31,,3000,2994,,0,0,0,6.87755
1612846367058,6,1010123456013,79,,1,0,24,1,1,,2.4715,842,183753,1.10859,249,0,1.6,,13.0909,22,0,0.1,7,85.7143,0,1.51067,0,,3000,3000,,0,0,0,8.36364
1612846367308,6,1010123456013,79,,1,0,24,1,1,,9.65935,866,184354,2.18014,249,0,6,,0,0,0,0,0,0,0,0,0,,3000,3000,,0,0,0,0
1612846367558,6,1010123456013,79,,1,0,24,1,1,,14.3671,850,183767,3.02512,245,0,7.6,,0,0,0,0,0,0,0,0,0,,3000,2976,,0,0,0,0
1612846367809,6,1010123456013,79,,1,0,24,1,1,,9.35792,827,182911,2.40064,240,0,6.14286,,15.1111,18,138904,0.1,5,60,0,21.1125,31,,3000,2946,,0,0,0,6
1612846368058,6,1010123456013,79,,1,0,24,1,1,,12.4851,837,183594,2.79653,244,0,5.83333,,14.961,77,0,0.1,26,88.4615,0,3.85608,31,,3000,2994,,0,0,0,9.02597
1612846368308,6,1010123456013,79,,1,0,24,1,1,,13.7643,840,182827,2.84768,242,0,7.83333,,0,0,0,0,0,0,0,0,0,,3000,2940,,0,0,0,0
1612846368558,6,1010123456013,79,,1,0,24,1,1,,3.75177,846,183448,1.00344,244,0,3.16667,,0,0,0,0,0,0,0,0,0,,3000,2988,,0,0,0,0
1612846368809,6,1010123456013,79,,1,0,24,1,1,,18.6518,853,145653,5.12526,245,0,9.85714,,15.775,40,0,0.134884,13,69.2308,0,9.3017,31,,3000,2994,,0,0,0,7.575
1612846369058,6,1010123456013,79,,1,0,24,1,1,,8.43392,855,183002,1.95354,248,0,5.8,,14.8571,42,0,0.1,13,92.3077,0,3.0128,31,,3000,3000,,0,0,0,9.35714
1612846369308,6,1010123456013,79,,1,0,24,1,1,,5.80997,863,182476,1.23595,247,0,4.33333,,0,0,0,0,0,0,0,0,0,,3000,2988,,0,0,0,0
1612846369558,6,1010123456013,79,,1,0,24,1,1,,11.9073,863,183527,3.18733,248,0,6.83333,,0,0,0,0,0,0,0,0,0,,3000,3000,,0,0,0,0
1612846369808,6,1010123456013,79,,1,0,24,1,1,,13.3765,850,182421,2.80227,247,0,7.71429,,14.087,23,12899,0.1,7,42.8571,0,20.0591,31,,3000,2994,,0,0,0,4.13043
1612846370058,6,1010123456013,79,,1,0,24,1,1,,9.36225,853,183014,2.1795,249,0,5,,11.3137,51,0,0.1,15,73.3333,0,7.69088,31,,3000,2982,,0,0,0,7.35294
1612846370308,6,1010123456013,79,,1,0,24,1,1,,11.7865,862,183513,3.0513,247,0,6.2,,0,0,0,0,0,0,0,0,0,,3000,2994,,0,0,0,0
1612846370558,6,1010123456013,79,,1,0,24,1,1,,12.3023,870,162028,3.25401,249,0,7.33333,,0,0,0,0,0,0,0,0,0,,3000,2994,,0,0,0,0
1612846370808,6,1010123456013,79,,1,0,24,1,1,,9.78445,849,183413,2.15412,243,0,6.28571,,0.1,34,0,0.1,10,0,0,4.74489,31,,3000,2976,,0,0,0,1.67647
1612846371058,6,1010123456013,79,,1,0,24,1,1,,9.85035,842,183168,2.15515,241,0,5.33333,,0,3,0,0.1,1,0,0,0,31,,3000,2994,,0,0,0,0
1612846371308,6,1010123456013,79,,1,0,24,1,1,,13.6962,869,182624,2.81334,249,0,7.83333,,0,0,0,0,0,0,0,0,0,,3000,3000,,0,0,0,0
1612846371558,6,1010123456013,79,,1,0,24,1,1,,13.1925,857,182751,3.08553,245,0,7.16667,,0,0,0,0,0,0,0,0,0,,3000,2982,,0,0,0,0
1612846371808,6,1010123456013,79,,1,0,24,1,1,,6.00463,864,183071,1.51488,248,0,3.85714,,0.1,25,0,0.1,7,0,0,8.35991,31,,3000,3000,,0,0,0,1.16
1612846372058,6,1010123456013,79,,1,0,24,1,1,,7.89583,864,182438,1.62499,249,0,6,,15,14,0,0,4,100,0,1.35668,0,,3000,2988,,0,0,0,10
1612846372308,6,1010123456013,79,,1,0,24,1,1,,17.0383,862,182876,3.8272,246,0,8.8,,0,0,0,0,0,0,0,0,0,,3000,3000,,0,0,0,0
1612846372558,6,1010123456013,79,,1,0,24,1,1,,9.46908,857,184543,2.24934,244,0,5.33333,,0,0,0,0,0,0,0,0,0,,3000,2994,,0,0,0,0
1612846372809,6,1010123456013,79,,1,0,24,1,1,,12.6457,858,178461,2.60892,245,0,7.28571,,0,0,0,0,0,0,0,0,0,,3000,2976,,0,0,0,0
1612846373058,6,1010123456013,79,,1,0,24,1,1,,6.69304,847,183922,2.03566,244,0,3.83333,,1.45161,31,0,0.1,9,0,0,11.5155,31,,3000,2988,,0,0,0,1.3871
1612846373308,6,1010123456013,79,,1,0,24,1,1,,13.4261,866,183710,3.23453,247,0,7.16667,,0,0,0,0,0,0,0,0,0,,3000,3000,,0,0,0,0
1612846373558,6,1010123456013,79,,1,0,24,1,1,,10.1439,862,183622,2.0898,247,0,6.2,,0,0,0,0,0,0,0,0,0,,3000,2976,,0,0,0,0
1612846373809,6,1010123456013,79,,1,0,24,1,1,,5.15041,851,183169,1.05466,246,0,4.85714,,15.8,35,0,0.1,11,72.7273,0,12.8468,31,,3012,2988,,0,0,0,7.34286
1612846374058,6,1010123456013,79,,1,0,24,1,1,,13.2387,842,182930,2.85224,244,0,7.16667,,11.2,20,0,0.1,6,83.3333,0,2.02492,31,,2988,2982,,0,0,0,8.65
1612846374308,6,1010123456013,79,,1,0,24,1,1,,16.985,867,181972,3.8279,248,0,8.83333,,0,0,0,0,0,0,0,0,0,,3000,2994,,0,0,0,0
1612846374558,6,1010123456013,79,,1,0,24,1,1,,5.87629,873,184064,1.31168,250,0,4,,0,0,0,0,0,0,0,0,0,,3000,2982,,0,0,0,0
1612846374809,6,1010123456013,79,,1,0,24,1,1,,16.0681,866,183220,3.78869,248,0,8.14286,,13.875,32,0,0.148653,9,44.4444,0,15.9607,31,,3000,2976,,0,0,0,4.9375
1612846375058,6,1010123456013,79,,1,0,24,1,1,,9.30787,864,183179,2.16173,248,0,5.66667,,15,4,0,0.1,1,0,0,26.5179,31,,3000,3000,,0,0,0,1
1612846375308,6,1010123456013,79,,1,0,24,1,1,,14.8629,868,183787,3.08902,248,0,7.83333,,0,0,0,0,0,0,0,0,0,,3000,2874,,0,0,0,0
1612846375558,6,1010123456013,79,,1,0,24,1,1,,11.5876,868,183312,2.43091,248,0,7.2,,0,0,0,0,0,0,0,0,0,,3000,2892,,0,0,0,0
1612846375809,6,1010123456013,79,,1,0,24,1,1,,10.5739,852,180670,2.18477,245,0,6.71429,,15,4,0,0.1,1,0,0,31.9713,31,,3000,2946,,0,0,0,1
1612846376058,6,1010123456013,79,,1,0,24,1,1,,13.0319,847,183322,2.89552,245,0,6.8,,15,13,0,0,4,100,0,2.84179,0,,3000,2946,,0,0,0,10
1612846376308,6,1010123456013,79,,1,0,24,1,1,,8.44614,854,183186,1.82798,244,0,5.16667,,0.1,7,0,0.1,2,0,0,3.16567,31,,3000,2976,,0,0,0,1
1612846376558,6,1010123456013,79,,1,0,24,1,1,,9.75087,859,181968,2.10734,247,0,5.66667,,0,0,0,0,0,0,0,0,0,,3000,2940,,0,0,0,0
1612846376809,6,1010123456013,79,,1,0,24,1,1,,11.2453,848,183658,2.403,246,0,6.85714,,9.25424,59,0,0.1,17,52.9412,0,8.91432,31,,3000,3000,,0,0,0,6.47458
1612846377058,6,1010123456013,79,,1,0,24,1,1,,12.4765,850,183895,2.62079,246,0,6.66667,,10.5,16,0,0.1,4,75,0,3.54042,31,,3000,2982,,0,0,0,7.75
1612846377308,6,1010123456013,79,,1,0,24,1,1,,14.1427,855,165902,3.36443,246,0,7.66667,,0,0,0,0,0,0,0,0,0,,3000,3000,,0,0,0,0
1612846377558,6,1010123456013,79,,1,0,24,1,1,,17.6992,861,151149,4.44842,249,0,9.4,,0,0,0,0,0,0,0,0,0,,3000,3000,,0,0,0,0
1612846377809,6,1010123456013,79,,1,0,24,1,1,,10.1293,851,183802,2.14923,244,0,6,,0,0,0,0,0,0,0,0,0,,3000,2856,,0,0,0,0
1612846378058,6,1010123456013,79,,1,0,24,1,1,,14.4855,859,183421,3.13173,247,0,7.66667,,7.29167,48,0,0.1,14,64.2857,0,4.41967,31,,3000,2976,,0,0,0,6.8125
1612846378308,6,1010123456013,79,,1,0,24,1,1,,5.38051,862,183591,1.43155,245,0,3.5,,0,0,0,0,0,0,0,0,0,,3000,3000,,0,0,0,0
1612846378558,6,1010123456013,79,,1,0,24,1,1,,11.3422,862,184053,2.3879,248,0,6.83333,,0,0,0,0,0,0,0,0,0,,3000,2994,,0,0,0,0
1612846378809,6,1010123456013,79,,1,0,24,1,1,,7.92244,851,183457,1.83811,247,0,5.71429,,0,3,0,0.1,1,0,0,0,31,,3000,2988,,0,0,0,0
1612846379058,6,1010123456013,79,,1,0,24,1,1,,7.91243,845,182788,1.71027,248,0,4.83333,,15.9091,22,0,0.1,6,66.6667,0,15.0997,31,,3000,2982,,0,0,0,7.54545
1612846379308,6,1010123456013,79,,1,0,24,1,1,,12.3712,862,183932,3.57382,246,0,7.5,,0,0,0,0,0,0,0,0,0,,3000,2988,,0,0,0,0
1612846379558,6,1010123456013,79,,1,0,24,1,1,,12.7094,850,182415,2.61347,245,0,7,,0,0,0,0,0,0,0,0,0,,3000,2976,,0,0,0,0
1612846379809,6,1010123456013,79,,1,0,24,1,1,,5.6356,837,181881,1.28918,241,0,4.57143,,15,4,0,0,1,100,0,2.66714,0,,3000,2940,,0,0,0,10
1612846380058,6,1010123456013,79,,1,0,24,1,1,,13.658,848,184100,2.75357,245,0,7.33333,,9.47368,19,0,0.1,5,60,0,2.5531,31,,3000,2940,,0,0,0,6.68421
1612846380308,6,1010123456013,79,,1,0,24,1,1,,13.8641,868,172254,3.00929,248,0,8.2,,0,0,0,0,0,0,0,0,0,,3000,2982,,0,0,0,0
1612846380558,6,1010123456013,79,,1,0,24,1,1,,10.5255,862,183972,2.98458,248,0,5.83333,,0,0,0,0,0,0,0,0,0,,3000,3000,,0,0,0,0
1612846380809,6,1010123456013,79,,1,0,24,1,1,,18.2712,848,167552,4.49606,246,0,8.71429,,0.1,4,0,0.1,1,0,0,29.8868,31,,3000,2994,,0,0,0,1
1612846381058,6,1010123456013,79,,1,0,24,1,1,,9.91803,854,171241,2.12957,243,0,7.5,,12.5,18,0,0.1,5,80,0,2.32111,31,,3000,2988,,0,0,0,9
1612846381308,6,1010123456013,79,,1,0,24,1,1,,6.69329,864,183624,1.89811,248,0,3.66667,,0,0,0,0,0,0,0,0,0,,3000,3000,,0,0,0,0
1612846381558,6,1010123456013,79,,1,0,24,1,1,,10.9591,855,184535,2.42914,247,0,6,,0,0,0,0,0,0,0,0,0,,3000,3000,,0,0,0,0
1612846381808,6,1010123456013,79,,1,0,24,1,1,,12.1063,856,184086,2.48251,248,0,7.5,,0.1,71,0,0.1,21,71.4286,0,3.40513,31,,3000,2958,,0,0,0,7.39437
1612846382058,6,1010123456013,79,,1,0,24,1,1,,5.97494,838,184294,1.38949,248,0,4.16667,,0.1,37,0,0.1,11,36.3636,0,1.71406,31,,3000,2988,,0,0,0,4.40541
1612846382308,6,1010123456013,79,,1,0,24,1,1,,8.85597,854,183691,2.0205,248,0,4.4,,0,0,0,0,0,0,0,0,0,,3000,2988,,0,0,0,0
1612846382558,6,1010123456013,79,,1,0,24,1,1,,10.0534,843,182971,2.01301,241,0,5.66667,,0,0,0,0,0,0,0,0,0,,3000,2916,,0,0,0,0
1612846382808,6,1010123456013,79,,1,0,24,1,1,,7.05778,848,183650,1.62268,245,0,5,,0,0,0,0,0,0,0,0,0,,3000,2961,,0,0,0,0
1612846383058,6,1010123456013,79,,1,0,24,1,1,,14.5518,850,183903,3.17372,246,0,7.33333,,4.28571,35,0,0.1,10,30,0,9.15265,31,,3000,3000,,0,0,0,3.57143
1612846383308,6,1010123456013,79,,1,0,24,1,1,,9.8593,860,183096,2.07624,247,0,6,,0,0,0,0,0,0,0,0,0,,3000,2994,,0,0,0,0
1612846383558,6,1010123456013,79,,1,0,24,1,1,,12.1022,861,182318,2.77529,247,0,7,,0,0,0,0,0,0,0,0,0,,3000,2976,,0,0,0,0
1612846383810,6,1010123456013,79,,1,0,24,1,1,,12.6599,841,176140,3.07244,244,0,6,,14.1,10,0,0.1,3,0,0,31.3308,31,,3024,3024,,0,0,0,1
1612846384058,6,1010123456013,79,,1,0,24,1,1,,14.5417,840,166236,3.42961,244,0,8.66667,,0,3,0,0.1,1,0,0,0,31,,2976,2976,,0,0,0,0
1612846384308,6,1010123456013,79,,1,0,24,1,1,,10.9685,858,184381,2.38717,245,0,6.33333,,0,0,0,0,0,0,0,0,0,,2988,2970,,0,0,0,0
1612846384558,6,1010123456013,79,,1,0,24,1,1,,19.6207,849,127249,5.4457,246,0,10.6667,,0,0,0,0,0,0,0,0,0,,3000,2988,,0,0,0,0
1612846384808,6,1010123456013,79,,1,0,24,1,1,,14.7145,858,156973,3.1841,247,0,8.57143,,15,13,0,0,4,100,0,2.27881,0,,2988,2922,,0,0,0,10
1612846385058,6,1010123456013,79,,1,0,24,1,1,,11.0387,826,184212,2.93683,246,0,4.83333,,0.1,7,0,0.1,2,0,0,3.54964,31,,3012,3000,,0,0,0,1
1612846385308,6,1010123456013,79,,1,0,24,1,1,,17.2032,866,147171,4.95521,247,0,10.1667,,0,0,0,0,0,0,0,0,0,,3000,2976,,0,0,0,0
1612846385558,6,1010123456013,79,,1,0,24,1,1,,12.7674,864,182971,2.63942,248,0,7.5,,0,0,0,0,0,0,0,0,0,,3000,3000,,0,0,0,0
1612846385809,6,1010123456013,79,,1,0,24,1,1,,3.18149,843,184220,0.990406,244,0,3,,0.1,4,603,0.1,1,0,0,26.3792,31,,3000,2988,,0,0,0,1
1612846386058,6,1010123456013,79,,1,0,24,1,1,,16.611,838,176723,3.6,248,0,9.16667,,14.5976,82,0,0.124851,27,81.4815,0,5.92629,31,,3000,2988,,0,0,0,7.9878
1612846386308,6,1010123456013,79,,1,0,24,1,1,,18.8881,849,137004,4.81878,243,0,10.3333,,0,0,0,0,0,0,0,0,0,,3000,3000,,0,0,0,0
1612846386558,6,1010123456013,79,,1,0,24,1,1,,13.836,860,147256,4.0569,246,0,7.66667,,0,0,0,0,0,0,0,0,0,,3000,2994,,0,0,0,0
1612846386809,6,1010123456013,79,,1,0,24,1,1,,9.84579,843,183643,2.14253,246,0,5.85714,,15.2308,52,0,0.123648,16,75,0,7.40073,31,,3000,2970,,0,0,0,7.40385
1612846387058,6,1010123456013,79,,1,0,24,1,1,,4.82553,854,183296,1.1565,246,0,4,,14.08,25,0,0.1,9,88.8889,0,0.827631,31,,2988,2982,,0,0,0,8.92
1612846387308,6,1010123456013,79,,1,0,24,1,1,,16.9573,866,184320,3.82541,248,0,9,,0,0,0,0,0,0,0,0,0,,3012,2994,,0,0,0,0
1612846387558,6,1010123456013,79,,1,0,24,1,1,,12.9555,854,183917,2.81847,245,0,7.16667,,0,0,0,0,0,0,0,0,0,,3000,3000,,0,0,0,0
1612846387808,6,1010123456013,79,,1,0,24,1,1,,10.3509,855,174954,2.47952,245,0,6.14286,,0,0,0,0,0,0,0,0,0,,3000,2958,,0,0,0,0
1612846388058,6,1010123456013,79,,1,0,24,1,1,,15.7827,833,183088,3.23571,244,0,8.33333,,0.777778,54,0,0.1,17,23.5294,0,5.33796,31,,3000,2892,,0,0,0,3.33333
1612846388308,6,1010123456013,79,,1,0,24,1,1,,6.83878,856,183116,1.63194,246,0,4,,0,0,0,0,0,0,0,0,0,,3000,2994,,0,0,0,0
1612846388559,6,1010123456013,79,,1,0,24,1,1,,15.5606,842,182366,3.13933,242,0,8.2,,0,0,0,0,0,0,0,0,0,,3000,2928,,0,0,0,0
1612846388808,6,1010123456013,79,,1,0,24,1,1,,13.1249,841,180482,3.27194,245,0,7.33333,,7.31818,44,0,0.1,14,50,0,11.7431,31,,3000,2970,,0,0,0,5.29545
1612846389058,6,1010123456013,79,,1,0,24,1,1,,10.1677,841,184062,2.29051,242,0,5,,4.36364,11,0,0.1,4,75,0,1.25528,31,,2988,2976,,0,0,0,6.72727
1612846389308,6,1010123456013,79,,1,0,24,1,1,,7.82952,874,182086,1.77238,251,0,5,,0,0,0,0,0,0,0,0,0,,3012,3012,,0,0,0,0
1612846389558,6,1010123456013,79,,1,0,24,1,1,,10.2768,867,184301,2.48003,249,0,5.83333,,0,0,0,0,0,0,0,0,0,,3000,2976,,0,0,0,0
1612846389809,6,1010123456013,79,,1,0,24,1,1,,10.5798,840,182893,2.14158,242,0,6.14286,,0.1,35,0,0.1,11,45.4545,0,6.484,31,,3000,2910,,0,0,0,4.77143
1612846390058,6,1010123456013,79,,1,0,24,1,1,,19.0058,867,175240,4.33629,249,0,9.5,,0.1,4,0,0.1,1,0,0,2.26578,31,,3000,3000,,0,0,0,1
1612846390308,6,1010123456013,79,,1,0,24,1,1,,6.16351,844,183734,1.50728,244,0,4.16667,,0,0,0,0,0,0,0,0,0,,3000,2976,,0,0,0,0
1612846390558,6,1010123456013,79,,1,0,24,1,1,,15.0023,864,184442,3.61386,247,0,8.16667,,0,0,0,0,0,0,0,0,0,,3000,2970,,0,0,0,0
1612846390808,6,1010123456013,79,,1,0,24,1,1,,15.0144,834,181893,3.14291,242,0,8.14286,,0.1,33,0,0.1,11,63.6364,0,2.64622,31,,2988,2970,,0,0,0,7.51515
1612846391058,6,1010123456013,79,,1,0,24,1,1,,12.045,844,183242,2.79104,244,0,6,,0.1,13,0,0.1,4,0,0,7.83629,31,,3012,3012,,0,0,0,1
1612846391308,6,1010123456013,79,,1,0,24,1,1,,12.9313,859,183677,2.68639,246,0,7.66667,,0,0,0,0,0,0,0,0,0,,3000,2976,,0,0,0,0
1612846391558,6,1010123456013,79,,1,0,24,1,1,,8.11356,863,182506,1.66506,249,0,5.8,,0,0,0,0,0,0,0,0,0,,3000,2976,,0,0,0,0
1612846391810,6,1010123456013,79,,1,0,24,1,1,,13.466,852,184273,2.9687,249,0,6.85714,,0,0,0,0,0,0,0,0,0,,3012,2964,,0,0,0,0
1612846392058,6,1010123456013,79,,1,0,24,1,1,,11.4895,858,183664,2.59758,249,0,6.66667,,15,24,0,0,8,100,0,2.74829,0,,2988,2970,,0,0,0,10
1612846392308,6,1010123456013,79,,1,0,24,1,1,,8.81555,862,183218,1.86908,247,0,5.83333,,7.25581,43,0,0.1,12,66.6667,0,7.31025,31,,3000,2988,,0,0,0,7.06977
1612846392558,6,1010123456013,79,,1,0,24,1,1,,14.792,870,170108,3.49722,249,0,8,,0,0,0,0,0,0,0,0,0,,3000,3000,,0,0,0,0
1612846392809,6,1010123456013,79,,1,0,24,1,1,,12.784,852,183324,2.92711,248,0,5.33333,,0,0,0,0,0,0,0,0,0,,3000,2982,,0,0,0,0
1612846393058,6,1010123456013,79,,1,0,24,1,1,,8.24019,841,182745,1.73118,241,0,6,,0.1,37,0,0.1,10,10,0,3.19404,31,,3000,2952,,0,0,0,3.75676
1612846393308,6,1010123456013,79,,1,0,24,1,1,,9.75711,844,184168,2.68646,242,0,5.5,,0,0,0,0,0,0,0,0,0,,3000,2988,,0,0,0,0
1612846393558,6,1010123456013,79,,1,0,24,1,1,,8.54299,849,183269,1.7679,247,0,5.5,,0,0,0,0,0,0,0,0,0,,3000,2976,,0,0,0,0
1612846393809,6,1010123456013,79,,1,0,24,1,1,,11.3584,851,176553,2.34227,246,0,7.42857,,0,3,430,0.1,1,0,0,0,31,,3000,2928,,0,0,0,0
1612846394058,6,1010123456013,79,,1,0,24,1,1,,11.7291,849,184214,3.55782,247,0,5.5,,8.02778,36,0,0.1,11,45.4545,0,12.8959,0,,3000,2970,,0,0,0,5.05556
1612846394308,6,1010123456013,79,,1,0,24,1,1,,15.5879,859,183138,3.27574,247,0,8.4,,0,0,0,0,0,0,0,0,0,,3000,3000,,0,0,0,0
1612846394558,6,1010123456013,79,,1,0,24,1,1,,14.342,851,182439,2.85112,245,0,7.83333,,0,0,0,0,0,0,0,0,0,,3000,2886,,0,0,0,0
1612846394809,6,1010123456013,79,,1,0,24,1,1,,7.74788,825,184172,1.78231,242,0,4.85714,,0,0,0,0,0,0,0,0,0,,3000,2982,,0,0,0,0
1612846395058,6,1010123456013,79,,1,0,24,1,1,,16.5099,859,175354,3.92806,247,0,9.25,,4.4902,51,0,0.103068,15,40,0,8.85373,31,,3000,2976,,0,0,0,4.41176
1612846395308,6,1010123456013,79,,1,0,24,1,1,,14.0419,859,182961,2.9752,247,0,7.6,,0,0,0,0,0,0,0,0,0,,3000,2994,,0,0,0,0
1612846395558,6,1010123456013,79,,1,0,24,1,1,,16.1102,853,183222,3.42368,246,0,8,,0,0,0,0,0,0,0,0,0,,3000,2994,,0,0,0,0
1612846395808,6,1010123456013,79,,1,0,24,1,1,,16.9101,834,183183,3.91558,244,0,8.42857,,1.92,25,0,0.1,8,12.5,0,11.6356,31,,2988,2946,,0,0,0,3.44
1612846396058,6,1010123456013,79,,1,0,24,1,1,,11.0937,854,183681,2.61802,249,0,6.33333,,15,15,0,0,4,100,0,2.63578,0,,3012,2976,,0,0,0,10
1612846396308,6,1010123456013,79,,1,0,24,1,1,,12.7108,868,182458,2.6911,249,0,6.83333,,0,0,0,0,0,0,0,0,0,,3000,2988,,0,0,0,0
1612846396559,6,1010123456013,79,,1,0,24,1,1,,13.2625,857,184535,2.95911,248,0,7.16667,,0,0,0,0,0,0,0,0,0,,3000,2958,,0,0,0,0
1612846396811,6,1010123456013,79,,1,0,24,1,1,,12.0684,848,183165,2.74213,249,0,7.28571,,14.4186,43,0,0.218254,13,53.8462,0,13.3885,31,,3024,3024,,0,0,0,5.39535
1612846397058,6,1010123456013,79,,1,0,24,1,1,,17.425,833,184582,3.95731,242,0,8.33333,,15.5,28,0,0,9,100,0,2.81097,0,,2976,2958,,0,0,0,9.78571
1612846397308,6,1010123456013,79,,1,0,24,1,1,,10.8502,861,182670,2.33009,246,0,6.66667,,0,0,0,0,0,0,0,0,0,,3000,2988,,0,0,0,0
1612846397558,6,1010123456013,79,,1,0,24,1,1,,5.58803,852,183640,1.4008,245,0,3.6,,0,0,0,0,0,0,0,0,0,,3000,2922,,0,0,0,0
1612846397808,6,1010123456013,79,,1,0,24,1,1,,17.2615,849,177067,4.07693,244,0,9,,12.5517,58,0,0.1,18,72.2222,0,7.39667,31,,2988,2946,,0,0,0,7.36207
1612846398058,6,1010123456013,79,,1,0,24,1,1,,13.0873,859,183522,3.0137,250,0,6.5,,14.8293,41,0,0.1,13,92.3077,0,4.52782,31,,3012,3012,,0,0,0,9.04878
1612846398308,6,1010123456013,79,,1,0,24,1,1,,9.71578,862,183624,2.02864,247,0,6.5,,0,0,0,0,0,0,0,0,0,,3000,2994,,0,0,0,0
1612846398558,6,1010123456013,79,,1,0,24,1,1,,17.2773,851,183225,3.62797,246,0,8.83333,,0,0,0,0,0,0,0,0,0,,3000,2943,,0,0,0,0
1612846398808,6,1010123456013,79,,1,0,24,1,1,,2.12427,853,182941,0.727712,249,0,3,,15,14,0,0,4,100,0,2.39286,0,,3000,2988,,0,0,0,10
1612846399058,6,1010123456013,79,,1,0,24,1,1,,11.878,844,183101,2.43463,242,0,6.83333,,6.75,16,0,0.1,5,60,0,8.7432,31,,3000,2964,,0,0,0,7
1612846399308,6,1010123456013,79,,1,0,24,1,1,,11.8217,847,182780,2.75377,245,0,6.5,,0,0,0,0,0,0,0,0,0,,3000,2988,,0,0,0,0
1612846399558,6,1010123456013,79,,1,0,24,1,1,,12.2396,843,183046,2.56119,245,0,7,,0,0,0,0,0,0,0,0,0,,3000,2994,,0,0,0,0
1612846399808,6,1010123456013,79,,1,0,24,1,1,,8.42521,849,183832,1.8534,245,0,5.42857,,4.13793,29,0,0.1,8,37.5,0,5.84341,31,,3000,2988,,0,0,0,4.41379
1612846400058,6,1010123456013,79,,1,0,24,1,1,,8.02794,859,183866,1.8552,249,0,4.83333,,17.1,20,0,0,6,100,0,5.52412,0,,2976,2970,,0,0,0,10
1612846400308,6,1010123456013,79,,1,0,24,1,1,,19.2847,857,152183,4.96192,248,0,10.3333,,0,0,0,0,0,0,0,0,0,,3000,2964,,0,0,0,0
1612846400558,6,1010123456013,79,,1,0,24,1,1,,12.3656,848,183621,2.5224,245,0,7,,0,0,0,0,0,0,0,0,0,,3000,3000,,0,0,0,0
1612846400808,6,1010123456013,79,,1,0,24,1,1,,6.83333,864,183640,1.71194,248,0,4.5,,4.43902,41,0,0.1,12,33.3333,0,12.0872,31,,3000,2988,,0,0,0,4.07317
1612846401058,6,1010123456013,79,,1,0,24,1,1,,9.99411,849,182956,2.18419,246,0,6,,4.2,10,0,0.1,3,66.6667,0,2.67598,31,,3000,2988,,0,0,0,6.4
1612846401308,6,1010123456013,79,,1,0,24,1,1,,7.15088,855,183565,1.81173,246,0,4.66667,,0,0,0,0,0,0,0,0,0,,3000,3000,,0,0,0,0
1612846401558,6,1010123456013,79,,1,0,24,1,1,,7,849,184047,1.495,246,0,5.25,,0,0,0,0,0,0,0,0,0,,3000,2988,,0,0,0,0
1612846401808,6,1010123456013,79,,1,0,24,1,1,,14.0995,844,183637,2.87859,244,0,7.71429,,7.30303,66,0,0.1,20,45,0,7.2934,31,,2988,2970,,0,0,0,5.54545
1612846402058,6,1010123456013,79,,1,0,24,1,1,,10.4771,872,162717,2.83501,250,0,6.16667,,13.2,20,0,0.1,6,83.3333,0,8.22396,31,,3012,3012,,0,0,0,8.2
1612846402308,6,1010123456013,79,,1,0,24,1,1,,9.48614,866,184617,2.28976,247,0,5.16667,,0,0,0,0,0,0,0,0,0,,3000,3000,,0,0,0,0
1612846402558,6,1010123456013,79,,1,0,24,1,1,,11.3974,853,182453,2.42064,245,0,6.66667,,0,0,0,0,0,0,0,0,0,,3000,3000,,0,0,0,0
1612846402809,6,1010123456013,79,,1,0,24,1,1,,6.58275,858,178701,1.62668,249,0,5.71429,,14.7895,19,0,0.1,5,20,0,24.6906,31,,3000,3000,,0,0,0,2.89474
1612846403058,6,1010123456013,79,,1,0,24,1,1,,8.30905,851,183184,2.3574,246,0,4,,15,16,0,0,4,100,0,2.99114,0,,3000,3000,,0,0,0,10
1612846403308,6,1010123456013,79,,1,0,24,1,1,,12.3569,863,183581,2.59174,248,0,7.16667,,0,0,0,0,0,0,0,0,0,,3000,2994,,0,0,0,0
1612846403558,6,1010123456013,79,,1,0,24,1,1,,6.9,860,182582,1.5407,247,0,4.83333,,0,0,0,0,0,0,0,0,0,,3000,3000,,0,0,0,0
1612846403809,6,1010123456013,79,,1,0,24,1,1,,15.4412,859,179808,3.43232,248,0,8.71429,,0,0,0,0,0,0,0,0,0,,3000,2970,,0,0,0,0
1612846404058,6,1010123456013,79,,1,0,24,1,1,,14.3337,842,179063,3.31746,250,0,7.5,,8,30,0,0.1,9,44.4444,0,6.36499,31,,3000,2946,,0,0,0,5.93333
1612846404308,6,1010123456013,79,,1,0,24,1,1,,10.6683,841,182743,2.26518,241,0,6.33333,,0,0,0,0,0,0,0,0,0,,3000,2982,,0,0,0,0
1612846404558,6,1010123456013,79,,1,0,24,1,1,,6.66029,836,184579,1.69824,244,0,4.4,,0,0,0,0,0,0,0,0,0,,2988,2850,,0,0,0,0
1612846404808,6,1010123456013,79,,1,0,24,1,1,,14.0372,860,182946,2.85971,248,0,7.85714,,0,0,0,0,0,0,0,0,0,,3012,2994,,0,0,0,0
1612846405058,6,1010123456013,79,,1,0,24,1,1,,13.3146,855,183106,2.84141,247,0,7.16667,,4.18605,43,0,0.1,13,30.7692,0,4.8236,31,,3000,2982,,0,0,0,3.51163
1612846405308,6,1010123456013,79,,1,0,24,1,1,,7.14819,857,183710,1.77677,244,0,4.8,,0,0,0,0,0,0,0,0,0,,3000,2976,,0,0,0,0
1612846405558,6,1010123456013,79,,1,0,24,1,1,,17.1027,867,117761,4.72045,248,0,10.1667,,0,0,0,0,0,0,0,0,0,,3000,2988,,0,0,0,0
1612846405809,6,1010123456013,79,,1,0,24,1,1,,3.13926,833,183041,0.977307,241,0,3.71429,,11.1739,23,0,0.1,7,57.1429,0,11.9732,31,,3000,2940,,0,0,0,6.86957
1612846406058,6,1010123456013,79,,1,0,24,1,1,,8.40855,842,183557,1.84244,242,0,4.66667,,0,3,0,0.1,1,0,0,0,31,,3000,2982,,0,0,0,0
1612846406308,6,1010123456013,79,,1,0,24,1,1,,15.8159,853,149075,4.16544,244,0,8.83333,,0,0,0,0,0,0,0,0,0,,2988,2964,,0,0,0,0
1612846406558,6,1010123456013,79,,1,0,24,1,1,,10.93,871,183332,2.58422,249,0,6.16667,,0,0,0,0,0,0,0,0,0,,3012,3006,,0,0,0,0
1612846406808,6,1010123456013,79,,1,0,24,1,1,,9.42704,843,183256,2.01078,245,0,6,,0,3,0,0,1,100,0,0,0,,3000,2994,,0,0,0,0
1612846407058,6,1010123456013,79,,1,0,24,1,1,,14.4672,854,183055,3.1884,247,0,7,,7.46939,49,0,0.1,15,73.3333,0,6.47666,31,,3000,2994,,0,0,0,7.4898
1612846407308,6,1010123456013,79,,1,0,24,1,1,,13.8713,855,183204,3.52243,248,0,7.66667,,0,0,0,0,0,0,0,0,0,,3000,2994,,0,0,0,0
1612846407558,6,1010123456013,79,,1,0,24,1,1,,12.4304,862,184387,3.37561,246,0,6,,0,0,0,0,0,0,0,0,0,,3000,2994,,0,0,0,0
1612846407809,6,1010123456013,79,,1,0,24,1,1,,16.6379,859,184431,3.43984,249,0,8.28571,,11.8421,19,0,0.1,5,80,0,7.15259,31,,3000,2952,,0,0,0,8.10526
1612846408058,6,1010123456013,79,,1,0,24,1,1,,6.27098,834,182997,1.39974,245,0,4.5,,0.1,24,0,0.1,7,14.2857,0,5.05222,31,,2988,2964,,0,0,0,3
1612846408308,6,1010123456013,79,,1,0,24,1,1,,8.85087,865,183472,2.53523,248,0,5,,0,0,0,0,0,0,0,0,0,,3000,3000,,0,0,0,0
1612846408558,6,1010123456013,79,,1,0,24,1,1,,14.5168,865,183866,3.0543,248,0,7.83333,,0,0,0,0,0,0,0,0,0,,3000,2973,,0,0,0,0
1612846408808,6,1010123456013,79,,1,0,24,1,1,,6.37234,846,178917,1.41703,243,0,5.66667,,12.069,29,0,0.1,9,77.7778,0,6.52165,31,,2988,2988,,0,0,0,8.44828
1612846409058,6,1010123456013,79,,1,0,24,1,1,,18.4918,858,175066,4.35216,247,0,8.83333,,15,13,0,0,4,100,0,2.44244,0,,3012,2976,,0,0,0,10
1612846409308,6,1010123456013,79,,1,0,24,1,1,,14.0325,862,184071,3.00333,246,0,7.5,,0,0,0,0,0,0,0,0,0,,3000,3000,,0,0,0,0
1612846409558,6,1010123456013,79,,1,0,24,1,1,,3.44483,861,183409,1.0183,248,0,3.16667,,0,0,0,0,0,0,0,0,0,,3000,2994,,0,0,0,0
1612846409809,6,1010123456013,79,,1,0,24,1,1,,6.67407,856,184532,1.67075,247,0,3.33333,,0.1,4,603,0.1,1,0,0,25.4803,31,,3000,2994,,0,0,0,1
1612846410058,6,1010123456013,79,,1,0,24,1,1,,10.6826,857,182831,2.27611,248,0,7,,7.22222,27,0,0.1,8,50,0,6.0668,0,,3000,3000,,0,0,0,5.33333
1612846410308,6,1010123456013,79,,1,0,24,1,1,,19.1295,857,165876,4.23971,247,0,9.83333,,0,0,0,0,0,0,0,0,0,,3000,2994,,0,0,0,0
1612846410558,6,1010123456013,79,,1,0,24,1,1,,9.90732,874,184089,2.48186,250,0,5.83333,,0,0,0,0,0,0,0,0,0,,3000,3000,,0,0,0,0
1612846410809,6,1010123456013,79,,1,0,24,1,1,,13.1239,823,183493,2.64414,242,0,7.33333,,14.7963,54,0,0.136797,19,73.6842,0,8.43658,31,,2988,2916,,0,0,0,7.5
1612846411058,6,1010123456013,79,,1,0,24,1,1,,6.6543,836,184098,1.56684,246,0,4.5,,14.1111,36,0,0.1,12,83.3333,0,6.89139,31,,3012,2988,,0,0,0,8
1612846411308,6,1010123456013,79,,1,0,24,1,1,,8.85748,863,183379,2.05955,249,0,5,,0,0,0,0,0,0,0,0,0,,3000,2994,,0,0,0,0
1612846411558,6,1010123456013,79,,1,0,24,1,1,,12.1731,861,183789,2.46486,247,0,7,,0,0,0,0,0,0,0,0,0,,3000,2826,,0,0,0,0
1612846411810,6,1010123456013,79,,1,0,24,1,1,,7.05189,848,183841,1.61267,247,0,4.57143,,14.6667,30,10772,0.1,9,66.6667,0,13.023,31,,3012,3012,,0,0,0,6.83333
1612846412058,6,1010123456013,79,,1,0,24,1,1,,9.34316,848,184258,1.99465,246,0,5.5,,13.0909,33,0,0.1,10,80,0,6.12426,31,,2988,2976,,0,0,0,8.36364
1612846412308,6,1010123456013,79,,1,0,24,1,1,,13.4091,858,183682,2.83066,246,0,7.5,,0,0,0,0,0,0,0,0,0,,3000,2994,,0,0,0,0
1612846412558,6,1010123456013,79,,1,0,24,1,1,,3.37819,862,183479,0.981976,248,0,2.33333,,0,0,0,0,0,0,0,0,0,,3000,3000,,0,0,0,0
1612846412808,6,1010123456013,79,,1,0,24,1,1,,9.79075,865,183942,2.46688,248,0,5.71429,,15.7895,19,0,0.1,6,66.6667,0,18.9173,31,,2988,2982,,0,0,0,6.68421
1612846413058,6,1010123456013,79,,1,0,24,1,1,,13.0164,853,183249,2.64851,246,0,7.6,,0,12,0,0,4,100,0,0,0,,3000,3000,,0,0,0,0
1612846413308,6,1010123456013,79,,1,0,24,1,1,,5.91541,863,184473,1.26016,248,0,4,,0,0,0,0,0,0,0,0,0,,3012,3012,,0,0,0,0
1612846413558,6,1010123456013,79,,1,0,24,1,1,,15.4637,867,182634,3.22141,249,0,8.33333,,0,0,0,0,0,0,0,0,0,,3000,2994,,0,0,0,0
1612846413809,6,1010123456013,79,,1,0,24,1,1,,14.9617,862,183147,3.20625,248,0,7.71429,,0.965517,58,0,0.1,17,11.7647,0,7.1577,31,,3000,2958,,0,0,0,2.13793
1612846414058,6,1010123456013,79,,1,0,24,1,1,,3.85578,839,183386,0.892884,247,0,3.66667,,0.1,4,0,0.1,1,0,0,24.3376,31,,3000,3000,,0,0,0,1
1612846414308,6,1010123456013,79,,1,0,24,1,1,,19.4548,873,141274,5.19776,250,0,10.8333,,0,0,0,0,0,0,0,0,0,,3000,3000,,0,0,0,0
1612846414558,6,1010123456013,79,,1,0,24,1,1,,11.7428,867,183090,2.79174,248,0,6.5,,0,0,0,0,0,0,0,0,0,,3000,2994,,0,0,0,0
1612846414809,6,1010123456013,79,,1,0,24,1,1,,6.6908,870,183633,1.48194,250,0,5.42857,,15,13,0,0,4,100,0,3.63466,0,,3000,2964,,0,0,0,10
1612846415058,6,1010123456013,79,,1,0,24,1,1,,13.2778,864,183178,2.90368,249,0,7,,7.44828,29,0,0.1,9,66.6667,0,6.56399,31,,3000,3000,,0,0,0,7.62069
1612846415308,6,1010123456013,79,,1,0,24,1,1,,7.25635,866,183568,1.70378,246,0,4.66667,,0,0,0,0,0,0,0,0,0,,3000,3000,,0,0,0,0
1612846415558,6,1010123456013,79,,1,0,24,1,1,,11.9584,865,163762,2.74954,249,0,7,,0,0,0,0,0,0,0,0,0,,3000,3000,,0,0,0,0
1612846415808,6,1010123456013,79,,1,0,24,1,1,,10.8399,862,182517,2.92646,248,0,6.42857,,0,0,0,0,0,0,0,0,0,,3000,2940,,0,0,0,0
1612846416058,6,1010123456013,79,,1,0,24,1,1,,13.1708,849,183090,2.83595,247,0,7.16667,,15.0946,74,0,0.191004,25,80,0,8.70761,31,,3000,2976,,0,0,0,7.64865
1612846416308,6,1010123456013,79,,1,0,24,1,1,,17.3245,866,183829,3.73349,249,0,8.83333,,0,0,0,0,0,0,0,0,0,,3000,2994,,0,0,0,0
1612846416559,6,1010123456013,79,,1,0,24,1,1,,11.1941,850,183928,2.53024,246,0,6.16667,,0,0,0,0,0,0,0,0,0,,3000,3000,,0,0,0,0
1612846416808,6,1010123456013,79,,1,0,24,1,1,,16.6577,856,161997,3.94191,248,0,8.66667,,6.38298,47,0,0.1,13,61.5385,0,11.928,31,,3000,3000,,0,0,0,6.55319
1612846417058,6,1010123456013,79,,1,0,24,1,1,,10.1796,852,183503,2.35778,246,0,5,,10.72,25,0,0.1,7,71.4286,0,12.2827,31,,3000,2958,,0,0,0,7.48
1612846417308,6,1010123456013,79,,1,0,24,1,1,,9.9826,862,183626,2.09798,246,0,5.83333,,0,0,0,0,0,0,0,0,0,,2988,2970,,0,0,0,0
1612846417558,6,1010123456013,79,,1,0,24,1,1,,6.65513,867,184108,1.48563,248,0,4.66667,,0,0,0,0,0,0,0,0,0,,3012,3012,,0,0,0,0
1612846417809,6,1010123456013,79,,1,0,24,1,1,,9.09781,869,183772,1.89731,250,0,5.71429,,0.1,4,0,0,1,100,0,1.57484,0,,3000,2988,,0,0,0,10
1612846418058,6,1010123456013,79,,1,0,24,1,1,,6.47155,861,183914,1.58892,247,0,3.83333,,0.1,28,0,0,7,100,0,0.605165,0,,3000,2988,,0,0,0,10
1612846418308,6,1010123456013,79,,1,0,24,1,1,,13.1435,864,182449,2.71586,247,0,7.66667,,8.61539,26,0,0.1,7,57.1429,0,7.5778,31,,3000,2988,,0,0,0,6.53846
1612846418558,6,1010123456013,79,,1,0,24,1,1,,14.4971,859,183266,3.5808,246,0,8.16667,,0,0,0,0,0,0,0,0,0,,3000,2991,,0,0,0,0
1612846418809,6,1010123456013,79,,1,0,24,1,1,,16.0324,865,174962,3.72625,249,0,7.71429,,0,0,0,0,0,0,0,0,0,,3000,2994,,0,0,0,0
1612846419058,6,1010123456013,79,,1,0,24,1,1,,14.7641,848,173706,3.65092,247,0,8.16667,,14.8163,98,0,0.203502,32,81.25,0,7.07446,31,,3000,3000,,0,0,0,7.76531
1612846419308,6,1010123456013,79,,1,0,24,1,1,,5.89362,846,183619,1.58826,245,0,4.5,,0,0,0,0,0,0,0,0,0,,3000,2988,,0,0,0,0
1612846419558,6,1010123456013,79,,1,0,24,1,1,,15.8051,857,183254,3.87789,244,0,8.5,,0,0,0,0,0,0,0,0,0,,3000,2988,,0,0,0,0
1612846419808,6,1010123456013,79,,1,0,24,1,1,,12.7555,859,183595,2.77712,249,0,6.57143,,7.5814,43,0,0.1,13,53.8462,0,5.88838,31,,3000,3000,,0,0,0,6.44186
1612846420058,6,1010123456013,79,,1,0,24,1,1,,5.74884,860,171156,1.29411,249,0,5.66667,,10.3333,12,0,0.1,3,66.6667,0,2.23706,31,,3000,3000,,0,0,0,7
1612846420308,6,1010123456013,79,,1,0,24,1,1,,21.9556,856,123432,5.87226,246,0,11,,0,0,0,0,0,0,0,0,0,,3000,2982,,0,0,0,0
1612846420558,6,1010123456013,79,,1,0,24,1,1,,13.124,863,163620,2.92549,248,0,7.16667,,0,0,0,0,0,0,0,0,0,,3000,2988,,0,0,0,0
1612846420809,6,1010123456013,79,,1,0,24,1,1,,13.1805,853,181938,2.74808,245,0,7.16667,,2.43333,60,0,0.1,17,41.1765,0,6.37338,31,,3000,2994,,0,0,0,5.63333
1612846421058,6,1010123456013,79,,1,0,24,1,1,,10.7143,861,183609,2.53391,248,0,5.5,,4.72727,11,0,0.1,3,33.3333,0,18.8129,31,,3000,2994,,0,0,0,4.27273
1612846421308,6,1010123456013,79,,1,0,24,1,1,,13.3544,855,183677,2.67216,245,0,7.83333,,0,0,0,0,0,0,0,0,0,,3000,2988,,0,0,0,0
1612846421558,6,1010123456013,79,,1,0,24,1,1,,6.49712,869,183597,1.46022,248,0,4.33333,,0,0,0,0,0,0,0,0,0,,3000,3000,,0,0,0,0
1612846421808,6,1010123456013,79,,1,0,24,1,1,,13.7351,823,183597,3.03907,243,0,6.28571,,13.7368,19,0,0.1,6,66.6667,0,12.4444,31,,2988,2976,,0,0,0,6.89474
1612846422058,6,1010123456013,79,,1,0,24,1,1,,9.7476,832,174355,1.94042,244,0,7.16667,,0,6,0,0.1,2,50,0,0,31,,2988,2898,,0,0,0,0
1612846422308,6,1010123456013,79,,1,0,24,1,1,,8.28099,847,182204,2.32326,246,0,4.66667,,0,0,0,0,0,0,0,0,0,,3024,3024,,0,0,0,0
1612846422558,6,1010123456013,79,,1,0,24,1,1,,8.45221,858,183984,1.95142,246,0,5.33333,,0,0,0,0,0,0,0,0,0,,3000,2994,,0,0,0,0
1612846422808,6,1010123456013,79,,1,0,24,1,1,,12.4912,857,171268,3.2347,246,0,6.14286,,0,0,0,0,0,0,0,0,0,,3000,3000,,0,0,0,0
1612846423058,6,1010123456013,79,,1,0,24,1,1,,7.66035,845,182936,1.56559,245,0,5.33333,,5.45455,33,0,0.1,10,40,0,9.26995,31,,3000,2982,,0,0,0,4.27273
1612846423308,6,1010123456013,79,,1,0,24,1,1,,14.0253,868,183267,2.97908,248,0,7.83333,,0,0,0,0,0,0,0,0,0,,3000,2994,,0,0,0,0
1612846423558,6,1010123456013,79,,1,0,24,1,1,,19.4811,873,165892,4.55508,249,0,9.83333,,0,0,0,0,0,0,0,0,0,,2988,2964,,0,0,0,0
1612846423808,6,1010123456013,79,,1,0,24,1,1,,12.1132,848,182904,2.87421,245,0,6.71429,,14.6977,43,0,0.177248,13,46.1538,0,16.5269,31,,3000,2994,,0,0,0,4.76744
1612846424058,6,1010123456013,79,,1,0,24,1,1,,6.78495,837,184285,1.5983,243,0,4.66667,,13.8182,22,0,0.1,7,85.7143,0,3.63081,31,,3000,3000,,0,0,0,8.77273
1612846424308,6,1010123456013,79,,1,0,24,1,1,,11.7872,846,183559,2.40406,245,0,7.4,,0,0,0,0,0,0,0,0,0,,3012,2982,,0,0,0,0
1612846424558,6,1010123456013,79,,1,0,24,1,1,,5.12326,860,171235,1.3137,245,0,3.83333,,0,0,0,0,0,0,0,0,0,,2988,2952,,0,0,0,0
1612846424809,6,1010123456013,79,,1,0,24,1,1,,13.4247,850,183502,3.17294,247,0,6.85714,,0,15,0,0.1,5,80,0,0,31,,3012,3012,,0,0,0,0
1612846425058,6,1010123456013,79,,1,0,24,1,1,,13.1883,855,183793,2.8508,247,0,6.8,,15.1,40,0,0.1,11,63.6364,0,18.7222,31,,3000,2988,,0,0,0,7.275
1612846425308,6,1010123456013,79,,1,0,24,1,1,,11.1548,859,147582,2.81992,244,0,8.4,,0,0,0,0,0,0,0,0,0,,2988,2934,,0,0,0,0
1612846425558,6,1010123456013,79,,1,0,24,1,1,,9.63183,861,183573,2.95398,248,0,5.16667,,0,0,0,0,0,0,0,0,0,,3012,2994,,0,0,0,0
1612846425808,6,1010123456013,79,,1,0,24,1,1,,12.2729,850,183583,2.55065,245,0,6.42857,,0,0,0,0,0,0,0,0,0,,2988,2853,,0,0,0,0
1612846426058,6,1010123456013,79,,1,0,24,1,1,,8.69535,860,182996,1.81987,247,0,6,,15.7895,19,0,0.1,6,66.6667,0,18.2076,31,,3012,3012,,0,0,0,6.68421
1612846426308,6,1010123456013,79,,1,0,24,1,1,,17.8707,866,183355,3.79558,248,0,9,,0,0,0,0,0,0,0,0,0,,2988,2952,,0,0,0,0
1612846426558,6,1010123456013,79,,1,0,24,1,1,,9.45915,869,183507,2.28867,249,0,5.5,,0,0,0,0,0,0,0,0,0,,3012,3012,,0,0,0,0
1612846426810,6,1010123456013,79,,1,0,24,1,1,,7.21479,852,183032,1.49202,248,0,5.57143,,14.1,10,0,0.1,3,0,0,31.1645,31,,3024,3024,,0,0,0,1
1612846427058,6,1010123456013,79,,1,0,24,1,1,,7.28808,847,182861,1.58471,244,0,3.83333,,15,13,0,0,4,100,0,3.02172,0,,2976,2964,,0,0,0,10
1612846427308,6,1010123456013,79,,1,0,24,1,1,,8.40534,861,183368,1.91676,247,0,5,,0,0,0,0,0,0,0,0,0,,3000,3000,,0,0,0,0
1612846427558,6,1010123456013,79,,1,0,24,1,1,,5.61313,853,182960,1.17286,244,0,5,,0,0,0,0,0,0,0,0,0,,3000,3000,,0,0,0,0
1612846427808,6,1010123456013,79,,1,0,24,1,1,,11.4131,857,184150,3.00029,247,0,6.14286,,16,21,140985,0.1,6,66.6667,0,17.2859,31,,2988,2988,,0,0,0,7
1612846428058,6,1010123456013,79,,1,0,24,1,1,,16.2328,859,163452,3.74989,248,0,9.5,,14.2222,54,0,0.1,17,82.3529,0,4.67137,31,,3000,2994,,0,0,0,8.33333
1612846428308,6,1010123456013,79,,1,0,24,1,1,,17.9435,868,171170,3.86976,250,0,9,,0,0,0,0,0,0,0,0,0,,2988,2988,,0,0,0,0
1612846428558,6,1010123456013,79,,1,0,24,1,1,,8.60216,832,184122,1.98035,240,0,5,,0,0,0,0,0,0,0,0,0,,3000,2976,,0,0,0,0
1612846428808,6,1010123456013,79,,1,0,24,1,1,,13.4299,856,181407,2.7857,249,0,7.85714,,9.75556,45,0,0.103904,14,35.7143,0,13.0168,31,,3012,3006,,0,0,0,4
1612846429058,6,1010123456013,79,,1,0,24,1,1,,11.2066,847,183737,2.73863,246,0,5.83333,,0,6,0,0.1,2,50,0,0,31,,3000,3000,,0,0,0,0
1612846429308,6,1010123456013,79,,1,0,24,1,1,,10.0256,858,184474,2.19734,247,0,5.66667,,0,0,0,0,0,0,0,0,0,,2988,2964,,0,0,0,0
1612846429558,6,1010123456013,79,,1,0,24,1,1,,12.4215,854,182382,2.55594,245,0,6.83333,,0,0,0,0,0,0,0,0,0,,3000,2994,,0,0,0,0
1612846429809,6,1010123456013,79,,1,0,24,1,1,,11.2967,846,179676,2.54957,244,0,7,,0,3,0,0,1,100,0,0,0,,3000,2982,,0,0,0,0
1612846430058,6,1010123456013,79,,1,0,24,1,1,,9.89072,851,184117,2.51454,245,0,5.33333,,7.84091,44,0,0.1,13,53.8462,0,3.34081,31,,3000,2988,,0,0,0,5.70455
1612846430308,6,1010123456013,79,,1,0,24,1,1,,10.6667,858,183293,2.84202,249,0,6,,0,0,0,0,0,0,0,0,0,,2988,2982,,0,0,0,0
1612846430558,6,1010123456013,79,,1,0,24,1,1,,2.8223,861,184047,0.764512,247,0,2.83333,,0,0,0,0,0,0,0,0,0,,3012,3000,,0,0,0,0
1612846430808,6,1010123456013,79,,1,0,24,1,1,,11.9149,834,184023,2.67344,245,0,5.85714,,16.1111,18,144276,0.1,6,66.6667,0,16.3625,31,,3000,2970,,0,0,0,7
1612846431058,6,1010123456013,79,,1,0,24,1,1,,16.1129,850,182982,3.30064,243,0,9,,7.75758,66,0,0.1,21,76.1905,0,1.09878,31,,3000,2958,,0,0,0,8.09091
1612846431308,6,1010123456013,79,,1,0,24,1,1,,10.2768,867,182834,2.29812,249,0,6,,0,0,0,0,0,0,0,0,0,,3000,2994,,0,0,0,0
1612846431558,6,1010123456013,79,,1,0,24,1,1,,16.0046,866,182834,3.39672,247,0,8.33333,,0,0,0,0,0,0,0,0,0,,3000,2988,,0,0,0,0
1612846431809,6,1010123456013,79,,1,0,24,1,1,,14.4843,859,183803,3.23674,248,0,6.42857,,0,3,603,0.1,1,0,0,0,31,,3000,2994,,0,0,0,0
1612846432058,6,1010123456013,79,,1,0,24,1,1,,4.30588,850,183108,0.91004,243,0,4.66667,,5.71429,42,0,0.1,11,45.4545,0,7.17215,31,,3000,2988,,0,0,0,5.28571
1612846432308,6,1010123456013,79,,1,0,24,1,1,,14.7998,849,165603,3.53267,246,0,7.66667,,0,0,0,0,0,0,0,0,0,,3000,3000,,0,0,0,0
1612846432558,6,1010123456013,79,,1,0,24,1,1,,12.2288,861,184361,2.81324,246,0,6,,0,0,0,0,0,0,0,0,0,,3000,3000,,0,0,0,0
1612846432808,6,1010123456013,79,,1,0,24,1,1,,13.3326,851,183402,2.70413,248,0,7,,15.1034,58,0,0.18496,18,72.2222,0,8.88606,31,,2988,2988,,0,0,0,7.2069
1612846433058,6,1010123456013,79,,1,0,24,1,1,,17.3115,838,156875,4.41142,243,0,10.2,,13.2174,23,0,0.1,8,87.5,0,1.18276,31,,3012,2988,,0,0,0,8.43478
1612846433308,6,1010123456013,79,,1,0,24,1,1,,18.2561,855,134134,4.91833,245,0,10,,0,0,0,0,0,0,0,0,0,,3000,3000,,0,0,0,0
1612846433558,6,1010123456013,79,,1,0,24,1,1,,6.41801,866,183264,1.57645,248,0,4.4,,0,0,0,0,0,0,0,0,0,,3000,2994,,0,0,0,0
1612846433808,6,1010123456013,79,,1,0,24,1,1,,12.4555,843,183029,2.7128,244,0,7.5,,2.30769,26,0,0.1,7,0,0,11.7626,31,,2988,2982,,0,0,0,1.15385
1612846434058,6,1010123456013,79,,1,0,24,1,1,,21.1945,833,111542,5.8089,244,0,11.1667,,0,23,0,0.1,8,87.5,0,0,0,,3012,2988,,0,0,0,0
1612846434308,6,1010123456013,79,,1,0,24,1,1,,1.54953,848,183814,0.718816,243,0,1.83333,,0,0,0,0,0,0,0,0,0,,3000,2958,,0,0,0,0
1612846434558,6,1010123456013,79,,1,0,24,1,1,,9.15456,867,184291,2.3127,248,0,5.66667,,0,0,0,0,0,0,0,0,0,,3000,2988,,0,0,0,0
1612846434808,6,1010123456013,79,,1,0,24,1,1,,10.7593,856,183965,2.28416,248,0,6.14286,,15,15,0,0,4,100,0,3.69445,0,,2988,2988,,0,0,0,10
1612846435058,6,1010123456013,79,,1,0,24,1,1,,7.36407,846,183551,1.58947,247,0,5.2,,0,6,0,0.1,2,0,0,0,31,,3000,2979,,0,0,0,0
1612846435308,6,1010123456013,79,,1,0,24,1,1,,11.8957,863,184302,2.65408,248,0,6.66667,,0,0,0,0,0,0,0,0,0,,3012,3006,,0,0,0,0
1612846435559,6,1010123456013,79,,1,0,24,1,1,,9.55491,856,183208,2.04458,247,0,5.83333,,0,0,0,0,0,0,0,0,0,,3000,2988,,0,0,0,0
1612846435808,6,1010123456013,79,,1,0,24,1,1,,6.87646,858,182751,1.45655,249,0,5.42857,,15.8772,57,0,0.242378,18,66.6667,0,10.0358,31,,3000,2988,,0,0,0,6.84211
1612846436058,6,1010123456013,79,,1,0,24,1,1,,10.2453,848,183185,2.2702,246,0,5,,12.8,15,0,0.1,5,80,0,5.8763,31,,3000,2940,,0,0,0,8.2
1612846436308,6,1010123456013,79,,1,0,24,1,1,,12.4965,852,184461,2.67643,242,0,7,,0,0,0,0,0,0,0,0,0,,3000,2994,,0,0,0,0
1612846436558,6,1010123456013,79,,1,0,24,1,1,,9.98967,871,177853,2.26973,249,0,6.6,,0,0,0,0,0,0,0,0,0,,3000,2988,,0,0,0,0
1612846436808,6,1010123456013,79,,1,0,24,1,1,,18.7826,860,156975,4.9208,249,0,9.57143,,15,13,0,0,4,100,0,1.30938,0,,3000,2952,,0,0,0,10
1612846437058,6,1010123456013,79,,1,0,24,1,1,,16.5233,837,182109,3.25859,239,0,9.16667,,0.1,7,0,0.1,2,0,0,3.15938,31,,2988,2823,,0,0,0,1
1612846437308,6,1010123456013,79,,1,0,24,1,1,,8.66705,865,183463,1.82627,247,0,5.16667,,0,0,0,0,0,0,0,0,0,,3000,2976,,0,0,0,0
1612846437558,6,1010123456013,79,,1,0,24,1,1,,14.0188,850,171524,3.58832,245,0,7,,0,0,0,0,0,0,0,0,0,,3012,2976,,0,0,0,0
1612846437809,6,1010123456013,79,,1,0,24,1,1,,12.6056,852,184063,2.96627,244,0,7.16667,,1.16667,36,0,0.1,10,10,0,9.57246,31,,3000,2982,,0,0,0,2.11111
1612846438058,6,1010123456013,79,,1,0,24,1,1,,7.91695,867,182274,1.62088,248,0,5.5,,0,3,0,0.1,1,0,0,0,31,,3000,2970,,0,0,0,0
1612846438308,6,1010123456013,79,,1,0,24,1,1,,16.1424,857,183570,3.40202,244,0,8.33333,,0,0,0,0,0,0,0,0,0,,3000,3000,,0,0,0,0
1612846438558,6,1010123456013,79,,1,0,24,1,1,,6.7731,855,183848,1.69821,245,0,4.33333,,0,0,0,0,0,0,0,0,0,,2988,3000,,0,0,0,0
1612846438808,6,1010123456013,79,,1,0,24,1,1,,6.01675,836,183243,1.31011,243,0,4.14286,,15.1475,61,0,0.188192,20,75,0,7.59573,31,,2988,2982,,0,0,0,7.78689
1612846439058,6,1010123456013,79,,1,0,24,1,1,,8.00351,855,184231,1.6898,247,0,4.5,,14.4,30,0,0.1,10,90,0,3.06908,31,,3000,2886,,0,0,0,9.1
1612846439308,6,1010123456013,79,,1,0,24,1,1,,14.4028,869,184186,3.08214,249,0,8.16667,,0,0,0,0,0,0,0,0,0,,3012,3000,,0,0,0,0
1612846439558,6,1010123456013,79,,1,0,24,1,1,,9.46828,867,177945,2.07776,248,0,5.83333,,0,0,0,0,0,0,0,0,0,,2988,2982,,0,0,0,0
1612846439809,6,1010123456013,79,,1,0,24,1,1,,7.54245,848,184361,1.81514,246,0,4,,15,14,0,0,4,100,0,3.12587,0,,3012,2976,,0,0,0,10
1612846440058,6,1010123456013,79,,1,0,24,1,1,,16.2204,853,179399,3.71155,244,0,9,,2.28571,7,0,0.1,2,0,0,19.6509,31,,3000,3000,,0,0,0,1
1612846440308,6,1010123456013,79,,1,0,24,1,1,,13.2272,867,183218,2.82922,249,0,7.33333,,0,0,0,0,0,0,0,0,0,,3000,3000,,0,0,0,0
1612846440558,6,1010123456013,79,,1,0,24,1,1,,5.24444,855,184436,1.28246,247,0,3.8,,0,0,0,0,0,0,0,0,0,,3000,2994,,0,0,0,0
1612846440808,6,1010123456013,79,,1,0,24,1,1,,18.7433,853,160426,4.75441,249,0,9.28571,,15,14,0,0,4,100,0,2.71366,0,,2988,2958,,0,0,0,10
1612846441058,6,1010123456013,79,,1,0,24,1,1,,6.1253,838,183628,1.30038,243,0,4.83333,,5.4,10,0,0.1,3,33.3333,0,18.6636,31,,3012,3000,,0,0,0,3.7
1612846441308,6,1010123456013,79,,1,0,24,1,1,,7.07386,853,184121,1.69184,246,0,4,,0,0,0,0,0,0,0,0,0,,2988,2988,,0,0,0,0
1612846441558,6,1010123456013,79,,1,0,24,1,1,,12.5664,858,183343,2.72045,246,0,6.83333,,0,0,0,0,0,0,0,0,0,,3000,2988,,0,0,0,0
1612846441809,6,1010123456013,79,,1,0,24,1,1,,6.96186,839,182449,1.30104,244,0,5.28571,,15.9333,60,0,0.1,20,85,0,4.5081,31,,3012,3000,,0,0,0,9.1
1612846442058,6,1010123456013,79,,1,0,24,1,1,,8.97541,854,184099,2.143,245,0,4.6,,14.6667,36,0,0.1,12,91.6667,0,3.61525,31,,3000,2976,,0,0,0,9.25
1612846442308,6,1010123456013,79,,1,0,24,1,1,,12.6035,865,184544,2.69481,248,0,7.16667,,0,0,0,0,0,0,0,0,0,,2988,2940,,0,0,0,0
1612846442558,6,1010123456013,79,,1,0,24,1,1,,6.65694,857,183551,1.40486,244,0,5.4,,0,0,0,0,0,0,0,0,0,,3012,2898,,0,0,0,0
1612846442808,6,1010123456013,79,,1,0,24,1,1,,15.2805,852,183123,3.30805,247,0,6.8,,15.12,25,0,0.1,8,37.5,0,23.8587,31,,2988,2958,,0,0,0,3.88
1612846443058,6,1010123456013,79,,1,0,24,1,1,,5.84173,853,183476,1.44336,247,0,4,,6.85714,7,0,0.1,2,50,0,1.54482,31,,3012,2988,,0,0,0,4.85714
1612846443308,6,1010123456013,79,,1,0,24,1,1,,8.76267,868,183932,1.8862,248,0,6,,0,0,0,0,0,0,0,0,0,,3000,2982,,0,0,0,0
1612846443558,6,1010123456013,79,,1,0,24,1,1,,16.0657,867,182640,3.42771,248,0,8.33333,,0,0,0,0,0,0,0,0,0,,3000,2994,,0,0,0,0
1612846443808,6,1010123456013,79,,1,0,24,1,1,,8.2182,857,171054,2.02566,248,0,5.71429,,0,0,0,0,0,0,0,0,0,,2988,2988,,0,0,0,0
1612846444058,6,1010123456013,79,,1,0,24,1,1,,11.045,845,182869,2.39248,245,0,5.83333,,0.1,34,0,0.1,10,40,0,4.6011,31,,3012,3012,,0,0,0,4.94118
1612846444308,6,1010123456013,79,,1,0,24,1,1,,13.0948,865,182944,2.83136,248,0,6.83333,,0,0,0,0,0,0,0,0,0,,3000,2988,,0,0,0,0
1612846444559,6,1010123456013,79,,1,0,24,1,1,,20.1617,866,156955,4.83334,250,0,10.3333,,0,0,0,0,0,0,0,0,0,,3000,2994,,0,0,0,0
1612846444809,6,1010123456013,79,,1,0,24,1,1,,10.3825,868,182376,2.34707,250,0,6.14286,,11.7419,31,0,0.1,9,88.8889,0,3.86568,31,,3000,2982,,0,0,0,9.12903
1612846445058,6,1010123456013,79,,1,0,24,1,1,,9.33056,841,184488,2.19769,247,0,5.16667,,6.02778,36,0,0.1,11,54.5455,0,10.4505,31,,3000,2970,,0,0,0,5.5
1612846445308,6,1010123456013,79,,1,0,24,1,1,,10.2664,852,183820,2.18845,245,0,6.5,,0,0,0,0,0,0,0,0,0,,2988,2982,,0,0,0,0
1612846445558,6,1010123456013,79,,1,0,24,1,1,,10.5058,866,183397,2.20874,247,0,5.66667,,0,0,0,0,0,0,0,0,0,,3012,2994,,0,0,0,0
1612846445808,6,1010123456013,79,,1,0,24,1,1,,7.54373,846,183676,1.74419,247,0,6,,15.1053,57,0,0.179648,18,72.2222,0,8.96066,31,,2988,2976,,0,0,0,7.47368
1612846446058,6,1010123456013,79,,1,0,24,1,1,,14.6356,848,184013,3.17192,246,0,7.66667,,13.6296,27,0,0.1,8,87.5,0,3.90152,31,,3000,3000,,0,0,0,8.66667
1612846446308,6,1010123456013,79,,1,0,24,1,1,,9.85912,866,183497,2.69354,249,0,5.5,,0,0,0,0,0,0,0,0,0,,2988,2988,,0,0,0,0
1612846446558,6,1010123456013,79,,1,0,24,1,1,,4.72497,869,184061,1.1345,249,0,4.16667,,0,0,0,0,0,0,0,0,0,,3012,3012,,0,0,0,0
1612846446808,6,1010123456013,79,,1,0,24,1,1,,12.3376,862,183628,2.60208,247,0,6.42857,,0,0,0,0,0,0,0,0,0,,2988,2988,,0,0,0,0
1612846447058,6,1010123456013,79,,1,0,24,1,1,,15.8998,858,183958,3.30803,248,0,9,,9.47368,19,0,0.1,6,66.6667,0,1.48287,0,,3000,3012,,0,0,0,6.68421
1612846447308,6,1010123456013,79,,1,0,24,1,1,,15.9918,858,184144,3.39162,248,0,8.33333,,0,0,0,0,0,0,0,0,0,,3000,2976,,0,0,0,0
1612846447558,6,1010123456013,79,,1,0,24,1,1,,11.6148,867,183957,2.70758,248,0,6.5,,0,0,0,0,0,0,0,0,0,,2988,3000,,0,0,0,0
1612846447808,6,1010123456013,79,,1,0,24,1,1,,16.4311,849,168476,3.72208,247,0,8.57143,,7.27273,22,138933,0.1,8,25,0,15.3804,31,,3000,2976,,0,0,0,2.63636
1612846448058,6,1010123456013,79,,1,0,24,1,1,,17.4547,849,172889,3.9767,248,0,9,,15.3239,71,0,0.1,22,90.9091,0,2.44565,31,,3000,2994,,0,0,0,9.3662
1612846448308,6,1010123456013,79,,1,0,24,1,1,,13.6217,859,183769,2.95421,247,0,6.83333,,0,0,0,0,0,0,0,0,0,,3000,2964,,0,0,0,0
1612846448558,6,1010123456013,79,,1,0,24,1,1,,5.21684,867,183483,1.1775,249,0,4.2,,0,0,0,0,0,0,0,0,0,,3012,2988,,0,0,0,0
1612846448808,6,1010123456013,79,,1,0,24,1,1,,9.44626,856,184463,2.96951,248,0,5.71429,,13.7143,21,0,0.1,6,66.6667,0,13.2552,31,,3000,2946,,0,0,0,6.7619
1612846449058,6,1010123456013,79,,1,0,24,1,1,,10.0211,852,180650,2.46117,248,0,5.83333,,4,6,0,0.1,2,50,0,1.49059,31,,3000,2982,,0,0,0,4
1612846449308,6,1010123456013,79,,1,0,24,1,1,,11.4388,866,147619,3.0216,247,0,7.66667,,0,0,0,0,0,0,0,0,0,,3000,2988,,0,0,0,0
1612846449558,6,1010123456013,79,,1,0,24,1,1,,8.36977,860,184273,2.06205,245,0,4.66667,,0,0,0,0,0,0,0,0,0,,3000,2982,,0,0,0,0
1612846449808,6,1010123456013,79,,1,0,24,1,1,,1.82861,846,183777,0.648416,243,0,0.333333,,0,0,0,0,0,0,0,0,0,,2988,2970,,0,0,0,0
1612846450058,6,1010123456013,79,,1,0,24,1,1,,9.21284,841,182359,1.8488,243,0,6.16667,,0.1,36,0,0.1,10,0,0,6.82393,31,,3012,2988,,0,0,0,1
1612846450308,6,1010123456013,79,,1,0,24,1,1,,6.96564,873,184036,1.6999,250,0,4.16667,,0,0,0,0,0,0,0,0,0,,2988,2994,,0,0,0,0
1612846450558,6,1010123456013,79,,1,0,24,1,1,,8.70664,859,183730,2.01459,248,0,5.16667,,0,0,0,0,0,0,0,0,0,,3000,2988,,0,0,0,0
1612846450810,6,1010123456013,79,,1,0,24,1,1,,4.80702,855,161834,1.66168,251,0,3.85714,,11.75,12,0,0.1,4,0,0,26.2987,31,,3036,3036,,0,0,0,1
1612846451058,6,1010123456013,79,,1,0,24,1,1,,11.7184,831,183825,2.62952,243,0,6,,15,13,0,0,4,100,0,0.816712,0,,2976,2946,,0,0,0,10
1612846451308,6,1010123456013,79,,1,0,24,1,1,,14.7523,856,171864,4.10381,247,0,8.16667,,0,0,0,0,0,0,0,0,0,,3000,2994,,0,0,0,0
1612846451558,6,1010123456013,79,,1,0,24,1,1,,13.4722,862,182808,3.05613,246,0,7,,0,0,0,0,0,0,0,0,0,,3000,2994,,0,0,0,0
1612846451808,6,1010123456013,79,,1,0,24,1,1,,10.1207,837,183400,2.25258,245,0,6,,14.4722,36,0,0.122752,11,63.6364,0,9.62382,31,,2988,2982,,0,0,0,7.08333
1612846452058,6,1010123456013,79,,1,0,24,1,1,,16.6188,850,183252,3.39821,246,0,8.83333,,14.5882,34,0,0.1,11,90.9091,0,3.61371,31,,3012,2898,,0,0,0,9.20588
1612846452308,6,1010123456013,79,,1,0,24,1,1,,15.8661,866,183415,3.53818,248,0,7.4,,0,0,0,0,0,0,0,0,0,,2988,2982,,0,0,0,0
1612846452558,6,1010123456013,79,,1,0,24,1,1,,11.2847,857,183909,2.37629,247,0,6.66667,,0,0,0,0,0,0,0,0,0,,3000,3006,,0,0,0,0
1612846452810,6,1010123456013,79,,1,0,24,1,1,,11.6402,856,183129,2.97152,251,0,6.42857,,14.6667,15,0,0.1,4,0,0,32.6326,31,,3024,3000,,0,0,0,1
1612846453058,6,1010123456013,79,,1,0,24,1,1,,13.7438,851,183548,3.02355,246,0,8.4,,15,4,0,0.1,1,0,0,28.6343,31,,2964,2946,,0,0,0,1
1612846453308,6,1010123456013,79,,1,0,24,1,1,,14.4522,869,184044,3.22218,249,0,8.16667,,0,0,0,0,0,0,0,0,0,,3012,3000,,0,0,0,0
1612846453558,6,1010123456013,79,,1,0,24,1,1,,16.8212,867,181477,4.03181,250,0,9.2,,0,0,0,0,0,0,0,0,0,,3000,2952,,0,0,0,0
1612846453808,6,1010123456013,79,,1,0,24,1,1,,10.0244,859,160596,2.42047,245,0,7.33333,,14.4783,23,0,0.1,6,83.3333,0,6.64236,31,,2988,2988,,0,0,0,8.43478
1612846454058,6,1010123456013,79,,1,0,24,1,1,,10.9414,836,184545,2.37955,245,0,5.83333,,15.7742,31,0,0.1,9,77.7778,0,10.4678,0,,3012,2982,,0,0,0,7.96774
1612846454308,6,1010123456013,79,,1,0,24,1,1,,8.61827,854,184617,1.98662,244,0,5.6,,0,0,0,0,0,0,0,0,0,,2988,2982,,0,0,0,0
1612846454558,6,1010123456013,79,,1,0,24,1,1,,8.59165,862,183681,1.74259,246,0,5.83333,,0,0,0,0,0,0,0,0,0,,3000,2994,,0,0,0,0
1612846454808,6,1010123456013,79,,1,0,24,1,1,,15.5442,825,164671,3.71379,242,0,8.14286,,14.8448,58,0,0.109376,20,80,0,6.99822,31,,3000,2934,,0,0,0,8.2931
1612846455058,6,1010123456013,79,,1,0,24,1,1,,14.1467,859,183861,3.03496,247,0,7.5,,14.3448,29,0,0.1,9,88.8889,0,3.15547,31,,3012,3012,,0,0,0,9.06897
1612846455308,6,1010123456013,79,,1,0,24,1,1,,8.73787,866,182439,2.0543,248,0,6,,0,0,0,0,0,0,0,0,0,,3000,2994,,0,0,0,0
1612846455558,6,1010123456013,79,,1,0,24,1,1,,11.0739,852,181590,2.38387,244,0,6,,0,0,0,0,0,0,0,0,0,,3000,2994,,0,0,0,0
1612846455808,6,1010123456013,79,,1,0,24,1,1,,10.4346,856,183692,2.35508,246,0,5.5,,0,0,0,0,0,0,0,0,0,,2988,2982,,0,0,0,0
1612846456058,6,1010123456013,79,,1,0,24,1,1,,13.5335,851,183876,2.83411,246,0,7.6,,16.2381,21,0,0.1,6,66.6667,0,18.1019,31,,3012,3012,,0,0,0,7
1612846456308,6,1010123456013,79,,1,0,24,1,1,,11.9988,866,182943,2.55254,247,0,6.66667,,0,0,0,0,0,0,0,0,0,,2988,2976,,0,0,0,0
1612846456558,6,1010123456013,79,,1,0,24,1,1,,8.45771,863,184160,1.98048,246,0,5.4,,0,0,0,0,0,0,0,0,0,,3012,3006,,0,0,0,0
1612846456808,6,1010123456013,79,,1,0,24,1,1,,7.48223,844,182491,1.59834,242,0,6,,0,0,0,0,0,0,0,0,0,,2988,2940,,0,0,0,0
1612846457058,6,1010123456013,79,,1,0,24,1,1,,6.30598,853,183993,1.42864,245,0,3.2,,0,12,0,0,4,100,0,0,0,,3000,2988,,0,0,0,0
1612846457308,6,1010123456013,79,,1,0,24,1,1,,12.6574,861,183908,2.47642,248,0,7.5,,6.51724,29,0,0.1,9,66.6667,0,8.28889,31,,3012,2898,,0,0,0,6.7931
1612846457558,6,1010123456013,79,,1,0,24,1,1,,10.48,850,182820,2.2799,242,0,5.83333,,0,0,0,0,0,0,0,0,0,,3000,3000,,0,0,0,0
1612846457808,6,1010123456013,79,,1,0,24,1,1,,11.5888,861,176862,2.81754,248,0,6.28571,,11.7037,27,0,0.1,9,88.8889,0,3.89786,31,,2988,2952,,0,0,0,9
1612846458058,6,1010123456013,79,,1,0,24,1,1,,11.7261,869,184361,2.59274,249,0,6.83333,,0.1,33,0,0.1,9,55.5556,0,6.15929,31,,3000,3000,,0,0,0,6.18182
1612846458308,6,1010123456013,79,,1,0,24,1,1,,8.61201,866,183967,1.92403,248,0,5.66667,,0,0,0,0,0,0,0,0,0,,3012,3006,,0,0,0,0
1612846458558,6,1010123456013,79,,1,0,24,1,1,,9.01983,857,182481,1.99075,245,0,5.33333,,0,0,0,0,0,0,0,0,0,,2988,2982,,0,0,0,0
1612846458808,6,1010123456013,79,,1,0,24,1,1,,8.81103,852,184567,2.07274,245,0,5.42857,,13.2857,21,0,0.1,6,66.6667,0,10.934,31,,3000,2970,,0,0,0,7.57143
1612846459058,6,1010123456013,79,,1,0,24,1,1,,10.891,862,171459,2.47786,247,0,6.66667,,4,12,0,0.1,3,66.6667,0,1.69675,31,,3000,2982,,0,0,0,9.66667
1612846459308,6,1010123456013,79,,1,0,24,1,1,,10.9509,855,183375,2.35466,245,0,6.6,,0,0,0,0,0,0,0,0,0,,3000,2994,,0,0,0,0
1612846459558,6,1010123456013,79,,1,0,24,1,1,,12.5408,871,183985,2.63776,250,0,7.16667,,0,0,0,0,0,0,0,0,0,,3012,2988,,0,0,0,0
1612846459808,6,1010123456013,79,,1,0,24,1,1,,7.11529,850,182639,1.63498,243,0,5,,4.69231,39,0,0.1,11,27.2727,0,14.5691,31,,3000,2982,,0,0,0,3.07692
1612846460058,6,1010123456013,79,,1,0,24,1,1,,9.86936,865,177376,2.27422,247,0,5.83333,,6.42857,7,0,0.1,2,50,0,14.9224,31,,2988,2988,,0,0,0,4.85714
1612846460308,6,1010123456013,79,,1,0,24,1,1,,18.4685,856,180852,4.14518,247,0,9,,0,0,0,0,0,0,0,0,0,,3012,3006,,0,0,0,0
1612846460558,6,1010123456013,79,,1,0,24,1,1,,11.2704,869,183484,2.42954,247,0,6.5,,0,0,0,0,0,0,0,0,0,,2988,2988,,0,0,0,0
1612846460808,6,1010123456013,79,,1,0,24,1,1,,15.5508,846,182657,4.22566,246,0,8.28571,,13.8571,35,0,0.1,10,70,0,8.01869,31,,3000,2982,,0,0,0,7.28571
1612846461058,6,1010123456013,79,,1,0,24,1,1,,4.95698,860,183849,1.18906,248,0,3.83333,,16,26,0,0.1,8,87.5,0,7.04645,0,,3012,2976,,0,0,0,9.30769
1612846461308,6,1010123456013,79,,1,0,24,1,1,,16.2176,864,168331,3.53802,249,0,9.33333,,0,0,0,0,0,0,0,0,0,,3000,2994,,0,0,0,0
1612846461558,6,1010123456013,79,,1,0,24,1,1,,14.8058,855,176253,4.05046,245,0,7.66667,,0,0,0,0,0,0,0,0,0,,3000,2988,,0,0,0,0
1612846461810,6,1010123456013,79,,1,0,24,1,1,,14.1028,837,183151,3.22177,245,0,8.14286,,17.55,20,5584,0.1,6,66.6667,0,15.8072,31,,3012,2994,,0,0,0,6.85
1612846462058,6,1010123456013,79,,1,0,24,1,1,,17.2876,845,184053,3.70458,246,0,8.83333,,15.5789,76,0,0.1,24,91.6667,0,3.23674,31,,2988,2982,,0,0,0,9.4079
1612846462308,6,1010123456013,79,,1,0,24,1,1,,6.53929,840,184410,1.65491,241,0,4.4,,0,0,0,0,0,0,0,0,0,,3000,2994,,0,0,0,0
1612846462558,6,1010123456013,79,,1,0,24,1,1,,11.4412,859,183325,2.43206,246,0,6.5,,0,0,0,0,0,0,0,0,0,,2988,3000,,0,0,0,0
1612846462808,6,1010123456013,79,,1,0,24,1,1,,16.1019,834,143723,4.23821,244,0,8,,14.1,10,0,0.1,3,0,0,30.4927,31,,2988,2988,,0,0,0,1
1612846463058,6,1010123456013,79,,1,0,24,1,1,,10.1799,845,183971,2.14048,244,0,6,,15,13,0,0,4,100,0,2.84716,0,,3000,2994,,0,0,0,10
1612846463308,6,1010123456013,79,,1,0,24,1,1,,13.1453,867,182328,2.85811,248,0,7.16667,,0,0,0,0,0,0,0,0,0,,2988,2976,,0,0,0,0
1612846463558,6,1010123456013,79,,1,0,24,1,1,,6.54157,842,183535,1.40109,240,0,4,,0,0,0,0,0,0,0,0,0,,3000,2952,,0,0,0,0
1612846463808,6,1010123456013,79,,1,0,24,1,1,,15.1596,871,182606,3.32106,251,0,8,,3.75,32,0,0.1,10,30,0,6.91143,31,,3012,3012,,0,0,0,4.09375
1612846464058,6,1010123456013,79,,1,0,24,1,1,,12.3381,843,184163,3.27521,247,0,5.83333,,18.2857,21,0,0,6,100,0,8.34575,0,,3000,2988,,0,0,0,10
1612846464308,6,1010123456013,79,,1,0,24,1,1,,7.09456,846,184495,1.73629,241,0,5.16667,,0,0,0,0,0,0,0,0,0,,3000,2958,,0,0,0,0
1612846464558,6,1010123456013,79,,1,0,24,1,1,,4.56192,856,183613,0.999232,246,0,3.2,,0,0,0,0,0,0,0,0,0,,3000,2988,,0,0,0,0
1612846464808,6,1010123456013,79,,1,0,24,1,1,,18.6911,861,174353,4.12787,246,0,9.66667,,6.79592,49,0,0.131904,14,28.5714,0,10.5393,31,,2988,2952,,0,0,0,3.93878
1612846465058,6,1010123456013,79,,1,0,24,1,1,,11.6636,862,163463,2.86032,247,0,6.83333,,0,3,0,0.1,1,0,0,0,31,,3000,3006,,0,0,0,0
1612846465308,6,1010123456013,79,,1,0,24,1,1,,5.33256,863,183589,1.42867,246,0,2.83333,,0,0,0,0,0,0,0,0,0,,2988,3000,,0,0,0,0
1612846465558,6,1010123456013,79,,1,0,24,1,1,,6.69124,868,183711,1.58963,248,0,4.83333,,0,0,0,0,0,0,0,0,0,,3000,2988,,0,0,0,0
1612846465808,6,1010123456013,79,,1,0,24,1,1,,10.2171,852,182472,2.02704,245,0,6.28571,,15.6364,55,0,0.1,16,87.5,0,7.76514,31,,3000,2958,,0,0,0,9.01818
1612846466058,6,1010123456013,79,,1,0,24,1,1,,16.0829,868,184035,3.69386,249,0,8,,0.1,4,0,0.1,1,0,0,2.19802,31,,3012,3000,,0,0,0,1
1612846466308,6,1010123456013,79,,1,0,24,1,1,,14.7646,854,167178,3.33482,245,0,8.4,,0,0,0,0,0,0,0,0,0,,3000,2910,,0,0,0,0
1612846466558,6,1010123456013,79,,1,0,24,1,1,,7.54588,850,182266,1.7129,244,0,4.5,,0,0,0,0,0,0,0,0,0,,2988,2916,,0,0,0,0
1612846466808,6,1010123456013,79,,1,0,24,1,1,,17.5076,853,184153,3.77568,246,0,8.42857,,3.07317,41,0,0.1,13,38.4615,0,8.16584,31,,3012,2994,,0,0,0,5.17073
1612846467058,6,1010123456013,79,,1,0,24,1,1,,9.9239,841,184151,2.0151,246,0,6.5,,0,6,0,0.1,2,50,0,0,31,,3000,2970,,0,0,0,0
1612846467308,6,1010123456013,79,,1,0,24,1,1,,18,868,182536,3.84896,248,0,9,,0,0,0,0,0,0,0,0,0,,2988,2988,,0,0,0,0
1612846467558,6,1010123456013,79,,1,0,24,1,1,,10.1132,866,183833,2.23558,248,0,6,,0,0,0,0,0,0,0,0,0,,3000,2994,,0,0,0,0
1612846467808,6,1010123456013,79,,1,0,24,1,1,,10.5791,860,183623,2.31882,247,0,5.71429,,16.6667,48,0,0.1,14,71.4286,0,12.391,31,,3000,2964,,0,0,0,7.5625
1612846468058,6,1010123456013,79,,1,0,24,1,1,,8.16821,862,182327,1.75085,246,0,6,,0,3,0,0.1,1,0,0,0,31,,3000,3000,,0,0,0,0
1612846468308,6,1010123456013,79,,1,0,24,1,1,,13.9977,866,184466,3.36202,247,0,7.83333,,0,0,0,0,0,0,0,0,0,,3012,3012,,0,0,0,0
1612846468558,6,1010123456013,79,,1,0,24,1,1,,19.5813,867,166413,4.60432,249,0,9.83333,,0,0,0,0,0,0,0,0,0,,3000,3000,,0,0,0,0
1612846468808,6,1010123456013,79,,1,0,24,1,1,,7.50654,841,182355,1.7184,244,0,5.28571,,15.8852,61,0,0.20176,20,75,0,7.37841,31,,2988,2982,,0,0,0,7.78689
1612846469058,6,1010123456013,79,,1,0,24,1,1,,8.82924,855,183546,2.09905,245,0,4.83333,,13,32,0,0.1,10,80,0,3.41649,31,,3012,3000,,0,0,0,8.3125
1612846469309,6,1010123456013,79,,1,0,24,1,1,,6.84,850,183254,1.93699,245,0,5.16667,,0,0,0,0,0,0,0,0,0,,3000,2970,,0,0,0,0
1612846469558,6,1010123456013,79,,1,0,24,1,1,,7.9483,851,184248,1.77677,242,0,4.4,,0,0,0,0,0,0,0,0,0,,2988,2982,,0,0,0,0
1612846469808,6,1010123456013,79,,1,0,24,1,1,,10.3314,845,184383,2.25043,246,0,5.85714,,14.8936,47,0,0.215392,16,62.5,0,9.50204,31,,3000,3000,,0,0,0,6.93617
1612846470058,6,1010123456013,79,,1,0,24,1,1,,14.1022,851,183851,3.38794,247,0,7.83333,,13.6,20,0,0.1,7,85.7143,0,4.12917,31,,3000,2964,,0,0,0,8.65
1612846470308,6,1010123456013,79,,1,0,24,1,1,,14.2007,857,174756,2.98579,248,0,8.16667,,0,0,0,0,0,0,0,0,0,,3012,3006,,0,0,0,0
1612846470558,6,1010123456013,79,,1,0,24,1,1,,12.2684,857,181934,2.6819,246,0,6.33333,,0,0,0,0,0,0,0,0,0,,3000,2982,,0,0,0,0
1612846470808,6,1010123456013,79,,1,0,24,1,1,,12.876,863,183607,2.86499,247,0,6.85714,,15.3077,13,0,0.1,4,0,0,33.7301,31,,2988,2982,,0,0,0,1
1612846471058,6,1010123456013,79,,1,0,24,1,1,,8.69977,856,182884,1.86944,248,0,6,,0,3,0,0.1,1,0,0,0,0,,3012,3012,,0,0,0,0
1612846471308,6,1010123456013,79,,1,0,24,1,1,,9.05708,841,184089,2.2511,243,0,4.83333,,0,0,0,0,0,0,0,0,0,,3000,2970,,0,0,0,0
1612846471558,6,1010123456013,79,,1,0,24,1,1,,8.60441,862,183884,2.01123,247,0,4.83333,,0,0,0,0,0,0,0,0,0,,2988,2988,,0,0,0,0
1612846471808,6,1010123456013,79,,1,0,24,1,1,,13.1657,845,162956,3.64198,246,0,7.71429,,15.9403,67,0,0.112768,22,81.8182,0,6.98859,31,,3000,2994,,0,0,0,8.25373
1612846472058,6,1010123456013,79,,1,0,24,1,1,,1.67447,854,183332,0.752448,246,0,1,,13.913,23,0,0.1,7,85.7143,0,4.4193,31,,3000,2988,,0,0,0,8.82609
1612846472308,6,1010123456013,79,,1,0,24,1,1,,10.9159,868,183542,2.34682,250,0,6.66667,,0,0,0,0,0,0,0,0,0,,3000,2982,,0,0,0,0
1612846472558,6,1010123456013,79,,1,0,24,1,1,,16.3853,859,182979,3.35754,245,0,8.66667,,0,0,0,0,0,0,0,0,0,,3012,3012,,0,0,0,0
1612846472809,6,1010123456013,79,,1,0,24,1,1,,12.8828,862,183416,2.86171,250,0,7.14286,,15,4,0,0,1,100,0,2.08467,0,,3000,2994,,0,0,0,10
1612846473058,6,1010123456013,79,,1,0,24,1,1,,5.2,850,183552,1.28575,245,0,3.16667,,9.70588,17,0,0.1,5,60,0,6.11806,31,,3000,2946,,0,0,0,6.82353
1612846473308,6,1010123456013,79,,1,0,24,1,1,,5.24014,862,184165,1.22406,248,0,4.4,,0,0,0,0,0,0,0,0,0,,3000,3000,,0,0,0,0
1612846473558,6,1010123456013,79,,1,0,24,1,1,,3.53326,857,183946,0.840256,246,0,3.33333,,0,0,0,0,0,0,0,0,0,,2988,2988,,0,0,0,0
1612846473808,6,1010123456013,79,,1,0,24,1,1,,7.81503,865,184312,1.7937,247,0,4.71429,,15,16,0,0,4,100,0,2.42128,0,,3000,2976,,0,0,0,10
1612846474058,6,1010123456013,79,,1,0,24,1,1,,13.2419,860,183893,2.82995,248,0,7.66667,,6.23077,13,0,0.1,4,50,0,10.2051,31,,3012,3006,,0,0,0,5.38462
1612846474308,6,1010123456013,79,,1,0,24,1,1,,3.73567,855,183330,0.994272,247,0,3.5,,0,0,0,0,0,0,0,0,0,,2988,2982,,0,0,0,0
1612846474558,6,1010123456013,79,,1,0,24,1,1,,12.7121,858,183517,2.64106,245,0,6.83333,,0,0,0,0,0,0,0,0,0,,3000,3012,,0,0,0,0
1612846474809,6,1010123456013,79,,1,0,24,1,1,,6.34327,839,182694,1.432,245,0,4.85714,,11.52,50,0,0.1,15,53.3333,0,9.21009,31,,3000,2994,,0,0,0,5.86
1612846475058,6,1010123456013,79,,1,0,24,1,1,,6.61019,844,180252,1.48935,244,0,4.66667,,15.0303,66,0,0.1,21,85.7143,0,3.51276,31,,3000,3000,,0,0,0,8.89394
1612846475308,6,1010123456013,79,,1,0,24,1,1,,18.0448,870,163015,4.88022,249,0,9,,0,0,0,0,0,0,0,0,0,,2988,2970,,0,0,0,0
1612846475558,6,1010123456013,79,,1,0,24,1,1,,9.51981,858,183643,2.07981,246,0,5.83333,,0,0,0,0,0,0,0,0,0,,3000,2946,,0,0,0,0
1612846475808,6,1010123456013,79,,1,0,24,1,1,,5.80314,828,183845,1.10538,241,0,4.71429,,15.1071,28,145874,0.1,9,77.7778,0,7.84531,31,,3000,2844,,0,0,0,8.39286
1612846476058,6,1010123456013,79,,1,0,24,1,1,,11.6005,846,184125,2.52675,245,0,6.5,,6.73684,38,0,0.1,14,64.2857,0,1.37402,31,,3000,2976,,0,0,0,6.21053
1612846476308,6,1010123456013,79,,1,0,24,1,1,,4.70907,849,183274,1.41139,244,0,3,,0,0,0,0,0,0,0,0,0,,3000,2967,,0,0,0,0
1612846476558,6,1010123456013,79,,1,0,24,1,1,,4.40807,843,183814,1.0704,242,0,3.33333,,0,0,0,0,0,0,0,0,0,,3000,2988,,0,0,0,0
1612846476808,6,1010123456013,79,,1,0,24,1,1,,12.4855,861,182943,2.6343,248,0,7,,0,0,0,0,0,0,0,0,0,,3012,2988,,0,0,0,0
1612846477058,6,1010123456013,79,,1,0,24,1,1,,16.7313,856,183394,3.50752,246,0,8.5,,1.37143,35,0,0.10304,10,10,0,6.13128,31,,2988,2988,,0,0,0,2.11429
1612846477308,6,1010123456013,79,,1,0,24,1,1,,8.03908,870,183149,2.14656,250,0,4.83333,,0,0,0,0,0,0,0,0,0,,3000,3000,,0,0,0,0
1612846477558,6,1010123456013,79,,1,0,24,1,1,,9.76047,860,183266,2.1696,246,0,6,,0,0,0,0,0,0,0,0,0,,2988,2964,,0,0,0,0
1612846477808,6,1010123456013,79,,1,0,24,1,1,,10.8786,865,134220,3.16902,248,0,8,,9.07692,26,135117,0.1,8,25,0,15.2628,31,,3000,2988,,0,0,0,3.42308
1612846478058,6,1010123456013,79,,1,0,24,1,1,,17.7779,851,132694,4.32301,248,0,8.66667,,15.3263,95,0,0.115456,31,90.3226,0,2.71551,31,,3012,2988,,0,0,0,9.05263
1612846478308,6,1010123456013,79,,1,0,24,1,1,,17.0867,865,148373,3.67616,248,0,8.4,,0,0,0,0,0,0,0,0,0,,2988,2982,,0,0,0,0
1612846478558,6,1010123456013,79,,1,0,24,1,1,,7.46375,869,183701,1.74787,249,0,5,,0,0,0,0,0,0,0,0,0,,2988,2988,,0,0,0,0
1612846478808,6,1010123456013,79,,1,0,24,1,1,,6.53302,848,184036,1.95632,245,0,4.57143,,4.30769,39,0,0.1,11,36.3636,0,6.61135,31,,3000,2994,,0,0,0,4.61538
1612846479058,6,1010123456013,79,,1,0,24,1,1,,8.85681,866,182293,1.85722,246,0,6.16667,,14.8421,19,0,0.1,5,80,0,7.43006,0,,3012,2988,,0,0,0,8.57895
1612846479308,6,1010123456013,79,,1,0,24,1,1,,13.6336,857,166825,3.37152,246,0,7.5,,0,0,0,0,0,0,0,0,0,,3000,2994,,0,0,0,0
1612846479558,6,1010123456013,79,,1,0,24,1,1,,4.36471,850,183640,1.0943,245,0,3.5,,0,0,0,0,0,0,0,0,0,,2988,2946,,0,0,0,0
1612846479808,6,1010123456013,79,,1,0,24,1,1,,15.6592,848,164758,4.11024,247,0,7.28571,,11.25,16,0,0.1,5,80,0,7.98296,31,,2988,2988,,0,0,0,7.75
1612846480058,6,1010123456013,79,,1,0,24,1,1,,11.1301,830,183425,2.30182,244,0,7,,0.1,27,0,0.1,8,25,0,5.60139,31,,3012,3012,,0,0,0,3.33333
1612846480308,6,1010123456013,79,,1,0,24,1,1,,11.2681,858,183943,2.41978,246,0,6.16667,,0,0,0,0,0,0,0,0,0,,3000,2994,,0,0,0,0
1612846480558,6,1010123456013,79,,1,0,24,1,1,,9.4594,862,183234,2.26435,245,0,5,,0,0,0,0,0,0,0,0,0,,2988,2988,,0,0,0,0
1612846480808,6,1010123456013,79,,1,0,24,1,1,,7.38035,865,183654,1.61958,248,0,5.14286,,0,0,0,0,0,0,0,0,0,,3000,3000,,0,0,0,0
1612846481058,6,1010123456013,79,,1,0,24,1,1,,8.08858,858,183681,1.98906,246,0,5,,4,45,0,0.1,13,69.2308,0,8.29419,31,,3000,2988,,0,0,0,7.2
1612846481308,6,1010123456013,79,,1,0,24,1,1,,14.6016,871,164743,4.51558,248,0,8.33333,,0,0,0,0,0,0,0,0,0,,3000,3000,,0,0,0,0
1612846481558,6,1010123456013,79,,1,0,24,1,1,,4.41793,859,183165,0.980288,246,0,4,,0,0,0,0,0,0,0,0,0,,3012,3000,,0,0,0,0
1612846481808,6,1010123456013,79,,1,0,24,1,1,,11.6132,866,183729,2.51392,248,0,6.57143,,13.5789,19,0,0.1,6,66.6667,0,11.9586,31,,2988,2940,,0,0,0,6.84211
1612846482058,6,1010123456013,79,,1,0,24,1,1,,7.4959,855,182934,1.55782,244,0,5.33333,,5.14286,7,0,0.1,2,50,0,14.9482,31,,3000,2940,,0,0,0,4.85714
1612846482308,6,1010123456013,79,,1,0,24,1,1,,17.8576,871,183624,3.72637,249,0,9,,0,0,0,0,0,0,0,0,0,,3012,2919,,0,0,0,0
1612846482558,6,1010123456013,79,,1,0,24,1,1,,4.61916,856,184155,1.11264,244,0,3.4,,0,0,0,0,0,0,0,0,0,,2988,2976,,0,0,0,0
1612846482808,6,1010123456013,79,,1,0,24,1,1,,11.7967,841,183728,2.57066,245,0,6.42857,,15.8696,23,0,0.1,6,66.6667,0,15.7766,31,,3000,3000,,0,0,0,7.26087
1612846483058,6,1010123456013,79,,1,0,24,1,1,,10.3132,843,182678,2.04867,245,0,6.5,,15,16,0,0,4,100,0,2.91616,0,,3000,2952,,0,0,0,10
1612846483308,6,1010123456013,79,,1,0,24,1,1,,7.69204,867,183559,1.81718,249,0,4,,0,0,0,0,0,0,0,0,0,,3000,3000,,0,0,0,0
1612846483558,6,1010123456013,79,,1,0,24,1,1,,9.05214,863,177743,2.07258,248,0,6.4,,0,0,0,0,0,0,0,0,0,,2988,2988,,0,0,0,0
1612846483808,6,1010123456013,79,,1,0,24,1,1,,9.31912,868,183381,2.19827,248,0,6.33333,,0,0,0,0,0,0,0,0,0,,3000,3000,,0,0,0,0
1612846484058,6,1010123456013,79,,1,0,24,1,1,,16.6746,836,183182,3.62237,245,0,8.66667,,13.0194,103,0,0.154336,33,84.8485,0,4.13469,31,,3012,2994,,0,0,0,8.86408
1612846484308,6,1010123456013,79,,1,0,24,1,1,,10.9929,842,183601,2.4713,242,0,5.2,,0,0,0,0,0,0,0,0,0,,3000,2976,,0,0,0,0
1612846484558,6,1010123456013,79,,1,0,24,1,1,,15.4897,872,159709,3.93443,249,0,8.66667,,0,0,0,0,0,0,0,0,0,,2988,2988,,0,0,0,0
1612846484808,6,1010123456013,79,,1,0,24,1,1,,13.1038,848,183763,3.00381,247,0,7.42857,,13.5484,31,0,0.1,9,66.6667,0,9.13491,31,,3000,2994,,0,0,0,7.09677
1612846485058,6,1010123456013,79,,1,0,24,1,1,,17.9376,865,184141,3.81539,247,0,9,,10.6667,12,0,0.1,3,66.6667,0,1.11053,31,,3012,3006,,0,0,0,7
1612846485308,6,1010123456013,79,,1,0,24,1,1,,12.9035,850,182630,2.73498,244,0,7.16667,,0,0,0,0,0,0,0,0,0,,2988,2934,,0,0,0,0
1612846485558,6,1010123456013,79,,1,0,24,1,1,,11.1438,869,183847,2.74973,247,0,6.5,,0,0,0,0,0,0,0,0,0,,3000,3000,,0,0,0,0
1612846485808,6,1010123456013,79,,1,0,24,1,1,,9.39079,847,183285,2.05645,246,0,6.14286,,15.1475,61,0,0.16352,20,75,0,8.4391,31,,3000,2958,,0,0,0,7.4918
1612846486058,6,1010123456013,79,,1,0,24,1,1,,11.748,861,183600,2.60899,247,0,6.16667,,11.3333,24,0,0.1,7,71.4286,0,7.40642,31,,3012,2994,,0,0,0,7.375
1612846486308,6,1010123456013,79,,1,0,24,1,1,,10.4448,870,184028,2.31734,249,0,7,,0,0,0,0,0,0,0,0,0,,2988,2988,,0,0,0,0
1612846486558,6,1010123456013,79,,1,0,24,1,1,,10.0782,857,183125,2.17965,246,0,6.33333,,0,0,0,0,0,0,0,0,0,,3000,3000,,0,0,0,0
1612846486808,6,1010123456013,79,,1,0,24,1,1,,11.1163,860,182606,2.30304,246,0,6.57143,,0,0,0,0,0,0,0,0,0,,3000,2976,,0,0,0,0
1612846487058,6,1010123456013,79,,1,0,24,1,1,,7.45833,864,182430,1.60102,248,0,4.83333,,0,12,0,0,4,100,0,0,0,,3012,3012,,0,0,0,0
1612846487308,6,1010123456013,79,,1,0,24,1,1,,19.3454,857,155087,4.94698,245,0,10.1667,,5.14286,7,0,0.1,2,0,0,11.7174,31,,2988,2988,,0,0,0,2.14286
1612846487558,6,1010123456013,79,,1,0,24,1,1,,12.1594,853,182642,2.54669,244,0,6.66667,,0,0,0,0,0,0,0,0,0,,3012,2988,,0,0,0,0
1612846487808,6,1010123456013,79,,1,0,24,1,1,,14.0994,835,182152,3.30736,241,0,7.85714,,0,0,0,0,0,0,0,0,0,,3000,2919,,0,0,0,0
1612846488058,6,1010123456013,79,,1,0,24,1,1,,15.2313,856,171909,3.55396,245,0,8.16667,,6.16216,37,0,0.1,11,36.3636,0,10.4515,31,,3000,2982,,0,0,0,3.91892
1612846488308,6,1010123456013,79,,1,0,24,1,1,,4.3194,861,184171,1.02822,248,0,2.83333,,0,0,0,0,0,0,0,0,0,,2988,2988,,0,0,0,0
1612846488558,6,1010123456013,79,,1,0,24,1,1,,13.3197,854,182294,2.64291,243,0,7.4,,0,0,0,0,0,0,0,0,0,,2988,2916,,0,0,0,0
1612846488808,6,1010123456013,79,,1,0,24,1,1,,6.52164,855,183913,1.4943,245,0,5.14286,,10.6667,33,0,0.1,10,60,0,14.6351,31,,3000,2988,,0,0,0,6.45455
1612846489058,6,1010123456013,79,,1,0,24,1,1,,8.94289,858,183849,2.05712,249,0,5.33333,,10.1224,49,0,0.218464,14,64.2857,0,7.53408,31,,3000,3000,,0,0,0,6.87755
1612846489308,6,1010123456013,79,,1,0,24,1,1,,11.1513,866,183677,2.37923,247,0,6.16667,,0,0,0,0,0,0,0,0,0,,3012,2976,,0,0,0,0
1612846489558,6,1010123456013,79,,1,0,24,1,1,,8.76559,866,183274,2.17901,250,0,5.33333,,0,0,0,0,0,0,0,0,0,,2988,2988,,0,0,0,0
1612846489808,6,1010123456013,79,,1,0,24,1,1,,9.16919,857,183923,1.96422,246,0,6,,0,0,0,0,0,0,0,0,0,,3000,2970,,0,0,0,0
1612846490058,6,1010123456013,79,,1,0,24,1,1,,9.78681,849,184026,2.39171,243,0,5.16667,,0.1,31,0,0.1,9,0,0,5.5138,31,,3000,2988,,0,0,0,1
1612846490308,6,1010123456013,79,,1,0,24,1,1,,9.40861,859,183502,2.0865,247,0,6,,0,0,0,0,0,0,0,0,0,,3012,3012,,0,0,0,0
1612846490558,6,1010123456013,79,,1,0,24,1,1,,10.7272,865,183939,2.31549,247,0,6.16667,,0,0,0,0,0,0,0,0,0,,3000,3000,,0,0,0,0
1612846490808,6,1010123456013,79,,1,0,24,1,1,,3.35065,847,182887,0.787744,245,0,3.66667,,14.7317,41,0,0.1,13,76.9231,0,8.41142,31,,2988,2988,,0,0,0,7.80488
1612846491058,6,1010123456013,79,,1,0,24,1,1,,12.6232,852,183351,2.67197,247,0,6.4,,14.5882,34,0,0.1,11,90.9091,0,5.31153,31,,3000,2952,,0,0,0,8.94118
1612846491308,6,1010123456013,79,,1,0,24,1,1,,12.5064,863,171430,3.23757,246,0,7,,0,0,0,0,0,0,0,0,0,,3000,2976,,0,0,0,0
1612846491558,6,1010123456013,79,,1,0,24,1,1,,10.7242,852,182905,2.19744,244,0,6.5,,0,0,0,0,0,0,0,0,0,,3000,2994,,0,0,0,0
1612846491808,6,1010123456013,79,,1,0,24,1,1,,16.6884,860,183085,3.60835,249,0,8.83333,,15.8043,46,0,0.126208,15,73.3333,0,7.52797,31,,3012,2994,,0,0,0,7.8913
1612846492058,6,1010123456013,79,,1,0,24,1,1,,14.1048,859,183820,3.00671,248,0,8.2,,14.9565,46,0,0.1,15,93.3333,0,3.08256,31,,2988,2982,,0,0,0,9.41304
1612846492308,6,1010123456013,79,,1,0,24,1,1,,8.22273,871,184405,2.01002,249,0,4,,0,0,0,0,0,0,0,0,0,,3000,3000,,0,0,0,0
1612846492558,6,1010123456013,79,,1,0,24,1,1,,16.5412,861,165924,3.81754,246,0,9,,0,0,0,0,0,0,0,0,0,,3000,2994,,0,0,0,0
1612846492808,6,1010123456013,79,,1,0,24,1,1,,10.6732,866,164014,2.86157,248,0,6.28571,,0,0,0,0,0,0,0,0,0,,3000,2976,,0,0,0,0
1612846493058,6,1010123456013,79,,1,0,24,1,1,,5.3814,860,173555,1.21613,246,0,4.66667,,9.47368,19,0,0.1,6,66.6667,0,8.81153,31,,3012,3000,,0,0,0,6.68421
1612846493308,6,1010123456013,79,,1,0,24,1,1,,21.3663,860,115382,6.12438,245,0,10.2,,0,0,0,0,0,0,0,0,0,,3000,3000,,0,0,0,0
1612846493558,6,1010123456013,79,,1,0,24,1,1,,13.9871,856,153098,3.06976,246,0,7.33333,,0,0,0,0,0,0,0,0,0,,2988,2964,,0,0,0,0
1612846493808,6,1010123456013,79,,1,0,24,1,1,,9.96702,849,182576,2.0049,245,0,6.14286,,0,0,0,0,0,0,0,0,0,,3000,2976,,0,0,0,0
1612846494058,6,1010123456013,79,,1,0,24,1,1,,9.50978,869,183487,2.73091,249,0,4.5,,9.75,20,0,0.1,6,66.6667,0,2.4057,0,,3000,2988,,0,0,0,8
1612846494308,6,1010123456013,79,,1,0,24,1,1,,7.49125,857,184598,1.55331,245,0,4.4,,0,0,0,0,0,0,0,0,0,,3000,2970,,0,0,0,0
1612846494558,6,1010123456013,79,,1,0,24,1,1,,5.80604,861,184332,1.42378,245,0,4,,0,0,0,0,0,0,0,0,0,,3000,3012,,0,0,0,0
1612846494808,6,1010123456013,79,,1,0,24,1,1,,12.6251,867,168919,2.85568,248,0,8.66667,,3.15789,57,0,0.1,16,50,0,4.1575,31,,3000,2952,,0,0,0,5.84211
1612846495058,6,1010123456013,79,,1,0,24,1,1,,16.6188,871,171881,4.23917,250,0,7.83333,,3,20,0,0.1,5,80,0,1.29923,31,,2988,2952,,0,0,0,8.2
1612846495308,6,1010123456013,79,,1,0,24,1,1,,12.6771,861,183090,2.70592,248,0,7.5,,0,0,0,0,0,0,0,0,0,,3000,2988,,0,0,0,0
1612846495558,6,1010123456013,79,,1,0,24,1,1,,6.60351,855,184308,1.54918,246,0,4,,0,0,0,0,0,0,0,0,0,,2988,2982,,0,0,0,0
1612846495808,6,1010123456013,79,,1,0,24,1,1,,8.59064,855,184543,2.02829,248,0,4.42857,,1.33333,36,0,0.1,11,36.3636,0,7.86833,31,,3000,2994,,0,0,0,4.5
1612846496058,6,1010123456013,79,,1,0,24,1,1,,7.3729,834,183577,1.66048,242,0,5.16667,,0.1,4,0,0.1,1,0,0,8.41799,0,,3000,2934,,0,0,0,1
1612846496308,6,1010123456013,79,,1,0,24,1,1,,9.2387,863,183339,1.99782,248,0,4.83333,,0,0,0,0,0,0,0,0,0,,3000,2964,,0,0,0,0
1612846496558,6,1010123456013,79,,1,0,24,1,1,,13.6523,857,183431,2.78979,247,0,7.66667,,0,0,0,0,0,0,0,0,0,,3000,3006,,0,0,0,0
1612846496808,6,1010123456013,79,,1,0,24,1,1,,12.4412,850,183735,2.6665,246,0,6.42857,,4,13,0,0,4,100,0,1.13415,0,,2988,2844,,0,0,0,10
1612846497058,6,1010123456013,79,,1,0,24,1,1,,6.62442,860,183913,1.41722,244,0,4.4,,0.1,11,0,0.1,3,33.3333,0,8.15693,31,,3000,2970,,0,0,0,4.27273
1612846497308,6,1010123456013,79,,1,0,24,1,1,,10.8969,863,183225,2.72576,248,0,7.2,,0,0,0,0,0,0,0,0,0,,3012,2994,,0,0,0,0
1612846497558,6,1010123456013,79,,1,0,24,1,1,,10.0805,870,183156,2.17088,248,0,5.83333,,0,0,0,0,0,0,0,0,0,,2988,2946,,0,0,0,0
1612846497808,6,1010123456013,79,,1,0,24,1,1,,16.9652,861,183521,3.5776,248,0,8.71429,,14.3077,13,0,0.1,4,25,0,26.1467,31,,3000,3000,,0,0,0,3.30769
1612846498058,6,1010123456013,79,,1,0,24,1,1,,17.0501,859,184293,3.67187,246,0,8.33333,,0,12,0,0,4,100,0,0,0,,3012,2988,,0,0,0,0
1612846498308,6,1010123456013,79,,1,0,24,1,1,,13.1751,851,183689,2.64995,243,0,7.66667,,0,0,0,0,0,0,0,0,0,,2988,2988,,0,0,0,0
1612846498558,6,1010123456013,79,,1,0,24,1,1,,7.46216,872,184614,1.84435,248,0,4.16667,,0,0,0,0,0,0,0,0,0,,2988,2988,,0,0,0,0
1612846498808,6,1010123456013,79,,1,0,24,1,1,,12.4232,872,183106,3.03686,250,0,6.85714,,0,0,0,0,0,0,0,0,0,,3000,3000,,0,0,0,0
1612846499058,6,1010123456013,79,,1,0,24,1,1,,1.02653,867,183541,0.489536,250,0,1.66667,,4.62222,45,0,0.1,14,35.7143,0,5.29133,31,,3000,3000,,0,0,0,4.46667
1612846499308,6,1010123456013,79,,1,0,24,1,1,,12.4577,852,184350,3.0512,244,0,7.16667,,0,0,0,0,0,0,0,0,0,,3000,2970,,0,0,0,0
1612846499558,6,1010123456013,79,,1,0,24,1,1,,17.0629,875,183082,3.5408,250,0,9,,0,0,0,0,0,0,0,0,0,,3012,2964,,0,0,0,0
1612846499808,6,1010123456013,79,,1,0,24,1,1,,7.36756,857,177623,1.62922,249,0,5.57143,,6.65306,49,0,0.1,15,33.3333,0,13.8838,31,,3000,2958,,0,0,0,4.12245
1612846500058,6,1010123456013,79,,1,0,24,1,1,,15.8593,846,179867,4.21009,243,0,8,,0,6,0,0.1,2,50,0,0,31,,2988,2976,,0,0,0,0
1612846500308,6,1010123456013,79,,1,0,24,1,1,,17.8927,867,183569,3.76307,248,0,9,,0,0,0,0,0,0,0,0,0,,3000,2952,,0,0,0,0
1612846500558,6,1010123456013,79,,1,0,24,1,1,,11.2768,867,184406,2.4393,248,0,6.5,,0,0,0,0,0,0,0,0,0,,3000,3000,,0,0,0,0
1612846500808,6,1010123456013,79,,1,0,24,1,1,,13.748,865,175446,3.256,248,0,6.66667,,0,0,0,0,0,0,0,0,0,,3000,2994,,0,0,0,0
1612846501058,6,1010123456013,79,,1,0,24,1,1,,9.438,863,184554,2.15274,247,0,5.8,,2.89655,58,0,0.1,17,41.1765,0,6.55477,31,,3000,3006,,0,0,0,4.41379
1612846501308,6,1010123456013,79,,1,0,24,1,1,,8.08786,865,171664,2.29651,246,0,5.66667,,0,0,0,0,0,0,0,0,0,,3000,3000,,0,0,0,0
1612846501558,6,1010123456013,79,,1,0,24,1,1,,13.5222,856,175896,2.86784,246,0,7.2,,0,0,0,0,0,0,0,0,0,,2988,2958,,0,0,0,0
1612846501808,6,1010123456013,79,,1,0,24,1,1,,11.0397,856,183788,2.57786,246,0,6,,0,0,0,0,0,0,0,0,0,,2988,2988,,0,0,0,0
1612846502058,6,1010123456013,79,,1,0,24,1,1,,12.0943,848,184135,2.43338,243,0,7.66667,,7.27586,58,0,0.1,16,75,0,5.78717,31,,3000,2976,,0,0,0,7.82759
1612846502308,6,1010123456013,79,,1,0,24,1,1,,6.12456,859,183684,1.37888,246,0,3.83333,,0,0,0,0,0,0,0,0,0,,3000,2988,,0,0,0,0
1612846502558,6,1010123456013,79,,1,0,24,1,1,,14.1676,871,171922,3.21098,249,0,7.66667,,0,0,0,0,0,0,0,0,0,,3000,3000,,0,0,0,0
1612846502808,6,1010123456013,79,,1,0,24,1,1,,7.15313,862,181716,1.69456,249,0,5.16667,,0.1,33,0,0.1,9,22.2222,0,6.62929,31,,3000,3000,,0,0,0,4.12121
1612846503058,6,1010123456013,79,,1,0,24,1,1,,4.78143,851,183618,1.27814,246,0,2.83333,,0,3,0,0.1,1,0,0,0,31,,3000,3000,,0,0,0,0
1612846503308,6,1010123456013,79,,1,0,24,1,1,,10.5305,852,181545,2.55299,245,0,6.16667,,0,0,0,0,0,0,0,0,0,,3000,2988,,0,0,0,0
1612846503558,6,1010123456013,79,,1,0,24,1,1,,11.7343,862,183072,2.6488,245,0,6.66667,,0,0,0,0,0,0,0,0,0,,3012,3012,,0,0,0,0
1612846503808,6,1010123456013,79,,1,0,24,1,1,,3.84466,824,184525,0.973184,240,0,2.85714,,0.1,28,685,0.1,8,50,0,1.69854,31,,2988,2940,,0,0,0,6
1612846504058,6,1010123456013,79,,1,0,24,1,1,,16.1414,856,149962,4.73619,246,0,9.25,,9.75,20,0,0.1,6,66.6667,0,12.1937,31,,3000,2994,,0,0,0,6.85
1612846504308,6,1010123456013,79,,1,0,24,1,1,,2.61888,858,184384,0.720416,247,0,2.66667,,0,0,0,0,0,0,0,0,0,,3012,3006,,0,0,0,0
1612846504558,6,1010123456013,79,,1,0,24,1,1,,9.42857,854,183593,2.09514,245,0,6.16667,,0,0,0,0,0,0,0,0,0,,2988,2988,,0,0,0,0
1612846504808,6,1010123456013,79,,1,0,24,1,1,,19.5324,864,164252,4.76682,249,0,8.85714,,0,0,0,0,0,0,0,0,0,,3000,2994,,0,0,0,0
1612846505058,6,1010123456013,79,,1,0,24,1,1,,13.3427,852,184298,2.83149,244,0,7.16667,,9.47368,19,0,0.1,6,66.6667,0,6.30449,0,,3000,2988,,0,0,0,6.68421
1612846505308,6,1010123456013,79,,1,0,24,1,1,,14.4785,859,183219,3.14275,247,0,7.83333,,0,0,0,0,0,0,0,0,0,,3012,3000,,0,0,0,0
1612846505558,6,1010123456013,79,,1,0,24,1,1,,8.54514,864,184411,2.01357,248,0,5.5,,0,0,0,0,0,0,0,0,0,,2988,2988,,0,0,0,0
1612846505808,6,1010123456013,79,,1,0,24,1,1,,9.33294,850,171485,2.37898,245,0,6.85714,,0,0,0,0,0,0,0,0,0,,3000,2976,,0,0,0,0
1612846506058,6,1010123456013,79,,1,0,24,1,1,,17.3241,867,166591,4.47789,248,0,8,,10.875,32,0,0.1,8,75,0,5.2897,0,,3000,2994,,0,0,0,8.125
1612846506308,6,1010123456013,79,,1,0,24,1,1,,12.9919,859,184021,2.93549,246,0,7.2,,0,0,0,0,0,0,0,0,0,,3000,2988,,0,0,0,0
1612846506558,6,1010123456013,79,,1,0,24,1,1,,11.8049,866,161694,2.59197,247,0,7.5,,0,0,0,0,0,0,0,0,0,,3000,3000,,0,0,0,0
1612846506808,6,1010123456013,79,,1,0,24,1,1,,18.8237,845,153618,4.60592,247,0,9.57143,,15,52,0,0.175744,18,72.2222,0,9.41944,31,,3000,2982,,0,0,0,7.05769
1612846507058,6,1010123456013,79,,1,0,24,1,1,,7.92497,853,184127,1.81218,248,0,4.33333,,12.9524,21,0,0.1,8,87.5,0,0.922672,31,,3000,2988,,0,0,0,8.28571
1612846507308,6,1010123456013,79,,1,0,24,1,1,,16.3949,861,183015,3.41181,247,0,9,,0,0,0,0,0,0,0,0,0,,3000,2988,,0,0,0,0
1612846507558,6,1010123456013,79,,1,0,24,1,1,,14.5813,855,184094,3.72035,243,0,6.8,,0,0,0,0,0,0,0,0,0,,3012,3006,,0,0,0,0
1612846507808,6,1010123456013,79,,1,0,24,1,1,,6.16014,868,183685,1.37754,248,0,4.28571,,0,0,0,0,0,0,0,0,0,,2988,2988,,0,0,0,0
1612846508058,6,1010123456013,79,,1,0,24,1,1,,6.57427,855,183185,1.44922,246,0,5.33333,,1.60714,28,0,0.1,8,0,0,9.47418,31,,3000,2964,,0,0,0,1
1612846508308,6,1010123456013,79,,1,0,24,1,1,,12.4046,860,182818,2.6616,245,0,7,,0,0,0,0,0,0,0,0,0,,3012,2994,,0,0,0,0
1612846508558,6,1010123456013,79,,1,0,24,1,1,,13.9341,865,184236,3.08525,248,0,7.16667,,0,0,0,0,0,0,0,0,0,,3000,2988,,0,0,0,0
1612846508808,6,1010123456013,79,,1,0,24,1,1,,13.2884,860,183671,2.79891,246,0,7.28571,,13.1053,19,7729,0.1,6,50,0,16.1902,31,,2988,2982,,0,0,0,5.26316
1612846509058,6,1010123456013,79,,1,0,24,1,1,,8.75326,843,183353,2.61786,246,0,5.8,,15.1351,74,0,0.16432,25,84,0,4.44818,31,,3000,3000,,0,0,0,8.2973
1612846509308,6,1010123456013,79,,1,0,24,1,1,,13.5998,862,184533,2.86474,247,0,7.83333,,0,0,0,0,0,0,0,0,0,,3000,3000,,0,0,0,0
1612846509558,6,1010123456013,79,,1,0,24,1,1,,16.12,867,183210,3.42976,248,0,8.33333,,0,0,0,0,0,0,0,0,0,,3000,2994,,0,0,0,0
1612846509808,6,1010123456013,79,,1,0,24,1,1,,5.18976,859,183396,1.30349,246,0,4.16667,,0,0,0,0,0,0,0,0,0,,3012,3000,,0,0,0,0
1612846510058,6,1010123456013,79,,1,0,24,1,1,,17.7298,855,164775,4.20998,248,0,9.4,,15.1186,59,0,0.18496,21,76.1905,0,8.5754,31,,3000,3000,,0,0,0,7.25424
1612846510308,6,1010123456013,79,,1,0,24,1,1,,8.32834,868,182743,1.72324,248,0,5.83333,,0,0,0,0,0,0,0,0,0,,2988,2988,,0,0,0,0
1612846510558,6,1010123456013,79,,1,0,24,1,1,,15.1928,866,183963,3.31213,248,0,8,,0,0,0,0,0,0,0,0,0,,2988,2976,,0,0,0,0
1612846510808,6,1010123456013,79,,1,0,24,1,1,,13.7151,853,182868,3.23571,246,0,7.71429,,2.2069,29,0,0.1,8,12.5,0,11.7866,31,,3000,2826,,0,0,0,2.7931
1612846511058,6,1010123456013,79,,1,0,24,1,1,,16.7593,835,174802,3.5592,247,0,9,,0,3,0,0.1,1,0,0,0,31,,3000,3000,,0,0,0,0
1612846511308,6,1010123456013,79,,1,0,24,1,1,,17.9231,858,171870,4.4383,245,0,8.5,,0,0,0,0,0,0,0,0,0,,3012,2994,,0,0,0,0
1612846511558,6,1010123456013,79,,1,0,24,1,1,,6.8185,854,183560,1.5855,245,0,4.83333,,0,0,0,0,0,0,0,0,0,,2988,2982,,0,0,0,0
1612846511808,6,1010123456013,79,,1,0,24,1,1,,15.0405,864,175434,3.57565,247,0,8.28571,,0,0,0,0,0,0,0,0,0,,3000,2988,,0,0,0,0
1612846512058,6,1010123456013,79,,1,0,24,1,1,,7.5303,858,182576,1.732,249,0,4.66667,,12.913,23,0,0.1,6,66.6667,0,10.7347,31,,3000,3000,,0,0,0,7.26087
1612846512308,6,1010123456013,79,,1,0,24,1,1,,10.1463,861,183677,2.4055,246,0,5.5,,0,0,0,0,0,0,0,0,0,,3012,3006,,0,0,0,0
1612846512558,6,1010123456013,79,,1,0,24,1,1,,10.885,861,183798,2.39347,246,0,6.16667,,0,0,0,0,0,0,0,0,0,,2988,2976,,0,0,0,0
1612846512808,6,1010123456013,79,,1,0,24,1,1,,7.54816,841,183839,2.16429,242,0,5,,0.1,27,0,0.1,8,0,0,9.2077,31,,3000,2928,,0,0,0,1.11111
1612846513058,6,1010123456013,79,,1,0,24,1,1,,13.2629,856,161589,3.20192,246,0,8.5,,0.1,4,0,0.1,1,0,0,2.05734,31,,3000,2964,,0,0,0,1
1612846513308,6,1010123456013,79,,1,0,24,1,1,,18.8401,863,142786,4.56854,247,0,10.1667,,0,0,0,0,0,0,0,0,0,,3012,2976,,0,0,0,0
1612846513558,6,1010123456013,79,,1,0,24,1,1,,13.8529,870,146854,4.22134,249,0,6.2,,0,0,0,0,0,0,0,0,0,,2988,2988,,0,0,0,0
1612846513808,6,1010123456013,79,,1,0,24,1,1,,1.31604,848,183486,0.485536,243,0,2.66667,,1.36364,33,0,0.1,9,0,0,12.7859,31,,3000,2958,,0,0,0,1
1612846514058,6,1010123456013,79,,1,0,24,1,1,,12.7713,857,184392,2.81069,246,0,6.66667,,0,6,0,0.1,2,50,0,0,31,,3000,3012,,0,0,0,0
1612846514308,6,1010123456013,79,,1,0,24,1,1,,5.52189,845,183420,1.46496,242,0,4.33333,,0,0,0,0,0,0,0,0,0,,2988,2910,,0,0,0,0
1612846514558,6,1010123456013,79,,1,0,24,1,1,,6.91484,869,184221,1.63498,249,0,3.4,,0,0,0,0,0,0,0,0,0,,3000,2964,,0,0,0,0
1612846514808,6,1010123456013,79,,1,0,24,1,1,,14.2574,839,184354,2.98291,240,0,7.28571,,0,0,0,0,0,0,0,0,0,,3000,2922,,0,0,0,0
1612846515058,6,1010123456013,79,,1,0,24,1,1,,3.05687,844,184108,0.756576,245,0,3.6,,15.1067,75,0,0.19552,25,80,0,7.17499,31,,3012,2982,,0,0,0,7.84
1612846515308,6,1010123456013,79,,1,0,24,1,1,,15.9472,871,177730,4.25347,249,0,8.83333,,0,0,0,0,0,0,0,0,0,,2988,2982,,0,0,0,0
1612846515558,6,1010123456013,79,,1,0,24,1,1,,17.2642,863,183688,3.65203,246,0,8.83333,,0,0,0,0,0,0,0,0,0,,3000,2976,,0,0,0,0
1612846515808,6,1010123456013,79,,1,0,24,1,1,,7.85407,836,183114,1.69853,245,0,5.71429,,15,51,0,0.175744,17,70.5882,0,8.79952,31,,3000,2976,,0,0,0,7.17647
1612846516058,6,1010123456013,79,,1,0,24,1,1,,17.7005,858,162115,4.63152,248,0,9.5,,13.5385,26,0,0.1,9,88.8889,0,0.967284,31,,3000,2970,,0,0,0,8.61539
1612846516308,6,1010123456013,79,,1,0,24,1,1,,9.24771,872,183695,2.1503,249,0,4.6,,0,0,0,0,0,0,0,0,0,,3000,2994,,0,0,0,0
1612846516558,6,1010123456013,79,,1,0,24,1,1,,3.72209,860,183573,1.14883,245,0,3.16667,,0,0,0,0,0,0,0,0,0,,3000,3000,,0,0,0,0
1612846516808,6,1010123456013,79,,1,0,24,1,1,,11.5799,857,183795,2.55213,246,0,5.71429,,0,0,0,0,0,0,0,0,0,,3000,2994,,0,0,0,0
1612846517058,6,1010123456013,79,,1,0,24,1,1,,8.63909,834,184525,1.68413,241,0,5.83333,,5.64286,42,0,0.1,12,41.6667,0,5.83484,31,,3000,2988,,0,0,0,4.64286
1612846517308,6,1010123456013,79,,1,0,24,1,1,,10.8448,857,184062,2.33869,246,0,6.33333,,0,0,0,0,0,0,0,0,0,,3000,2982,,0,0,0,0
1612846517558,6,1010123456013,79,,1,0,24,1,1,,10.635,863,183754,2.29347,247,0,6.5,,0,0,0,0,0,0,0,0,0,,3000,2982,,0,0,0,0
1612846517809,6,1010123456013,79,,1,0,24,1,1,,12.6905,853,183386,2.60644,249,0,7.28571,,14.9149,47,0,0.152191,17,70.5882,0,8.46043,31,,3000,2994,,0,0,0,7.51064
1612846518058,6,1010123456013,79,,1,0,24,1,1,,6.93333,855,184173,1.62265,245,0,4.16667,,14.2222,27,0,0.1,9,88.8889,0,3.62178,31,,3000,3000,,0,0,0,9
1612846518308,6,1010123456013,79,,1,0,24,1,1,,12.6891,862,168553,2.78698,247,0,7.83333,,0,0,0,0,0,0,0,0,0,,3000,2994,,0,0,0,0
1612846518558,6,1010123456013,79,,1,0,24,1,1,,12.7241,859,182989,2.92579,247,0,7.4,,0,0,0,0,0,0,0,0,0,,3000,2982,,0,0,0,0
1612846518808,6,1010123456013,79,,1,0,24,1,1,,6.22984,831,183534,1.56752,241,0,3.85714,,14.4167,24,9256,0.1,8,62.5,0,15.5172,31,,3000,2988,,0,0,0,6
1612846519058,6,1010123456013,79,,1,0,24,1,1,,6.92628,841,183815,1.58438,244,0,4.5,,11.7895,57,0,0.1,18,77.7778,0,4.79118,31,,3000,2970,,0,0,0,8.26316
1612846519308,6,1010123456013,79,,1,0,24,1,1,,17.7323,874,123358,4.77709,250,0,10.3333,,0,0,0,0,0,0,0,0,0,,3012,3006,,0,0,0,0
1612846519558,6,1010123456013,79,,1,0,24,1,1,,3.62759,870,183548,0.989472,249,0,3.16667,,0,0,0,0,0,0,0,0,0,,2988,2976,,0,0,0,0
1612846519808,6,1010123456013,79,,1,0,24,1,1,,4.70907,849,184224,1.14061,244,0,3.14286,,15.0286,35,0,0.1,10,80,0,10.9285,31,,3000,2970,,0,0,0,8.2
1612846520058,6,1010123456013,79,,1,0,24,1,1,,13.2119,854,183269,2.70608,245,0,8.16667,,0.1,4,0,0.1,1,0,0,1.18267,31,,3000,3006,,0,0,0,1
1612846520308,6,1010123456013,79,,1,0,24,1,1,,9.65933,863,184362,2.15574,247,0,5.83333,,0,0,0,0,0,0,0,0,0,,3000,2994,,0,0,0,0
1612846520558,6,1010123456013,79,,1,0,24,1,1,,16.6446,861,165297,3.99216,247,0,8.66667,,0,0,0,0,0,0,0,0,0,,2988,2988,,0,0,0,0
1612846520808,6,1010123456013,79,,1,0,24,1,1,,11.2019,852,182918,2.5872,248,0,5.85714,,14.8833,60,0,0.170432,19,73.6842,0,8.48514,31,,3012,3006,,0,0,0,7.6
1612846521058,6,1010123456013,79,,1,0,24,1,1,,5.73341,859,184282,1.18596,247,0,4.6,,13.7143,21,0,0.1,7,85.7143,0,1.6755,31,,2988,2994,,0,0,0,8.71429
1612846521308,6,1010123456013,79,,1,0,24,1,1,,17.1172,870,172029,3.98045,249,0,9.16667,,0,0,0,0,0,0,0,0,0,,3012,2994,,0,0,0,0
1612846521558,6,1010123456013,79,,1,0,24,1,1,,14.7119,854,183329,2.96317,243,0,8,,0,0,0,0,0,0,0,0,0,,2988,2976,,0,0,0,0
1612846521808,6,1010123456013,79,,1,0,24,1,1,,4.52824,850,184589,1.13904,243,0,3.85714,,1.69697,33,0,0.1,10,30,0,7.3229,31,,3000,2946,,0,0,0,3.93939
1612846522058,6,1010123456013,79,,1,0,24,1,1,,21.1903,862,131847,5.83818,247,0,10.8333,,0.1,7,0,0.1,2,0,0,14.2457,31,,3000,3000,,0,0,0,1
1612846522308,6,1010123456013,79,,1,0,24,1,1,,11.226,863,182958,2.28198,248,0,7.4,,0,0,0,0,0,0,0,0,0,,3000,2988,,0,0,0,0
1612846522558,6,1010123456013,79,,1,0,24,1,1,,10.1443,866,184145,2.13731,247,0,5.33333,,0,0,0,0,0,0,0,0,0,,3000,2898,,0,0,0,0
1612846522808,6,1010123456013,79,,1,0,24,1,1,,10.4021,853,184535,2.38342,248,0,5.42857,,13.9091,11,0,0.1,3,0,0,30.3285,31,,3000,2946,,0,0,0,1
1612846523058,6,1010123456013,79,,1,0,24,1,1,,1.37182,866,182658,0.484916,249,0,2.75,,15,13,0,0,4,100,0,2.88179,0,,3000,3000,,0,0,0,10
1612846523308,6,1010123456013,79,,1,0,24,1,1,,7.20355,845,184485,1.53574,242,0,4.66667,,0,0,0,0,0,0,0,0,0,,3012,2994,,0,0,0,0
1612846523558,6,1010123456013,79,,1,0,24,1,1,,11.9057,870,183937,2.70723,249,0,5.5,,0,0,0,0,0,0,0,0,0,,2988,2988,,0,0,0,0
1612846523808,6,1010123456013,79,,1,0,24,1,1,,11.8308,851,161589,2.90531,247,0,7,,13.7778,54,0,0.1,17,70.5882,0,9.16912,31,,2988,2976,,0,0,0,7
1612846524058,6,1010123456013,79,,1,0,24,1,1,,4.90487,862,182679,1.42899,248,0,2.5,,13.6667,48,0,0.1,15,86.6667,0,5.05388,31,,3000,3000,,0,0,0,8.4375
1612846524308,6,1010123456013,79,,1,0,24,1,1,,13.4702,872,182883,2.88426,249,0,7.5,,0,0,0,0,0,0,0,0,0,,3000,2988,,0,0,0,0
1612846524558,6,1010123456013,79,,1,0,24,1,1,,11.943,859,182372,2.51894,245,0,6.33333,,0,0,0,0,0,0,0,0,0,,3000,3000,,0,0,0,0
1612846524808,6,1010123456013,79,,1,0,24,1,1,,13.1412,850,181161,2.8472,247,0,7.42857,,15.8906,64,0,0.140704,21,80.9524,0,6.72356,31,,3012,3012,,0,0,0,8.03125
1612846525058,6,1010123456013,79,,1,0,24,1,1,,11.4677,866,184161,2.69301,248,0,5.33333,,10.6667,33,0,0.1,10,90,0,1.25355,31,,2988,2934,,0,0,0,8.90909
1612846525308,6,1010123456013,79,,1,0,24,1,1,,13.1998,851,123785,3.85056,244,0,8.16667,,0,0,0,0,0,0,0,0,0,,3012,3000,,0,0,0,0
1612846525558,6,1010123456013,79,,1,0,24,1,1,,8.8945,872,183196,2.35715,249,0,5,,0,0,0,0,0,0,0,0,0,,2988,2988,,0,0,0,0
1612846525808,6,1010123456013,79,,1,0,24,1,1,,10.9151,848,183274,2.41651,244,0,5,,1.69697,33,0,0.1,9,11.1111,0,14.2318,31,,3000,2988,,0,0,0,2.18182
1612846526058,6,1010123456013,79,,1,0,24,1,1,,14.5264,853,173291,3.02061,244,0,9.33333,,15,4,0,0.1,1,0,0,32.1468,31,,2988,2964,,0,0,0,1
1612846526308,6,1010123456013,79,,1,0,24,1,1,,10.5709,867,183756,2.8592,248,0,5.2,,0,0,0,0,0,0,0,0,0,,3012,3012,,0,0,0,0
1612846526558,6,1010123456013,79,,1,0,24,1,1,,9.57405,871,184549,2.13661,249,0,5.4,,0,0,0,0,0,0,0,0,0,,2988,2988,,0,0,0,0
1612846526808,6,1010123456013,79,,1,0,24,1,1,,14.568,845,183239,3.13264,245,0,6.66667,,15.5714,21,0,0.1,6,66.6667,0,18.5942,31,,3000,2994,,0,0,0,6.57143
1612846527058,6,1010123456013,79,,1,0,24,1,1,,8.94319,845,167722,2.45616,243,0,5.16667,,15,14,0,0,4,100,0,1.12695,0,,3000,2994,,0,0,0,10
1612846527308,6,1010123456013,79,,1,0,24,1,1,,7.34152,855,183928,1.64733,247,0,4.83333,,0,0,0,0,0,0,0,0,0,,3012,3012,,0,0,0,0
1612846527558,6,1010123456013,79,,1,0,24,1,1,,17.4049,862,183069,3.59709,245,0,9,,0,0,0,0,0,0,0,0,0,,3000,2994,,0,0,0,0
1612846527811,6,1010123456013,79,,1,0,24,1,1,,1.96682,844,176635,0.715921,247,0,4.14286,,10.6471,34,0,0.14536,12,33.3333,0,18.6683,31,,3024,3006,,0,0,0,4.17647
1612846528058,6,1010123456013,79,,1,0,24,1,1,,12.6019,829,183767,3.25072,242,0,6.33333,,15.6,80,0,0.1,25,92,0,4.10068,31,,2964,2892,,0,0,0,8.875
1612846528308,6,1010123456013,79,,1,0,24,1,1,,11.6392,862,183476,2.55098,247,0,6.33333,,0,0,0,0,0,0,0,0,0,,3000,3000,,0,0,0,0
1612846528558,6,1010123456013,79,,1,0,24,1,1,,8.76491,872,161852,2.0263,248,0,5.83333,,0,0,0,0,0,0,0,0,0,,2988,2988,,0,0,0,0
1612846528808,6,1010123456013,79,,1,0,24,1,1,,17.4574,868,159626,4.38218,249,0,8.33333,,15.1875,16,0,0.1,5,80,0,7.19937,31,,3000,2970,,0,0,0,8.3125
1612846529058,6,1010123456013,79,,1,0,24,1,1,,9.02781,863,183109,2.01238,247,0,5.5,,0.1,20,0,0.1,6,0,0,12.1901,31,,3000,2994,,0,0,0,1
1612846529308,6,1010123456013,79,,1,0,24,1,1,,7.48312,859,183640,1.73536,246,0,4.66667,,0,0,0,0,0,0,0,0,0,,3000,2922,,0,0,0,0
1612846529558,6,1010123456013,79,,1,0,24,1,1,,10.6879,865,183514,2.85843,248,0,6.33333,,0,0,0,0,0,0,0,0,0,,3000,2970,,0,0,0,0
1612846529808,6,1010123456013,79,,1,0,24,1,1,,17.2,855,170954,4.03245,244,0,8.71429,,0.1,40,0,0.1,12,25,0,4.2875,31,,3000,2940,,0,0,0,3.25
1612846530058,6,1010123456013,79,,1,0,24,1,1,,16.5563,861,183845,3.43706,248,0,9,,0.1,15,0,0.1,4,75,0,5.17597,31,,3000,3000,,0,0,0,8.2
1612846530308,6,1010123456013,79,,1,0,24,1,1,,13.8264,864,183285,2.9681,249,0,7,,0,0,0,0,0,0,0,0,0,,3000,2988,,0,0,0,0
1612846530558,6,1010123456013,79,,1,0,24,1,1,,13.9363,863,179750,3.58435,247,0,7.66667,,0,0,0,0,0,0,0,0,0,,2988,2958,,0,0,0,0
1612846530808,6,1010123456013,79,,1,0,24,1,1,,11.2736,848,178747,2.3249,249,0,7.42857,,15.875,56,0,0.20176,19,73.6842,0,8.57635,31,,3000,2976,,0,0,0,7.26786
1612846531058,6,1010123456013,79,,1,0,24,1,1,,7.1589,837,183763,2.24723,243,0,3.16667,,14.5882,34,0,0.1,11,90.9091,0,3.21586,31,,3000,2994,,0,0,0,9.20588
1612846531308,6,1010123456013,79,,1,0,24,1,1,,15.3179,865,174317,3.6825,248,0,8.5,,0,0,0,0,0,0,0,0,0,,3000,2994,,0,0,0,0
1612846531558,6,1010123456013,79,,1,0,24,1,1,,8.98262,863,183743,2.10954,245,0,5.5,,0,0,0,0,0,0,0,0,0,,3000,2982,,0,0,0,0
1612846531808,6,1010123456013,79,,1,0,24,1,1,,6.48892,857,183440,1.80454,246,0,4,,15,16,0,0.1,5,80,0,8.01117,31,,3000,2940,,0,0,0,7.75
1612846532058,6,1010123456013,79,,1,0,24,1,1,,5.27888,857,183989,1.18643,246,0,5,,10,42,0,0.1,13,53.8462,0,9.98272,31,,3000,2988,,0,0,0,5.92857
1612846532308,6,1010123456013,79,,1,0,24,1,1,,5.85116,860,184296,1.35408,247,0,3.83333,,0,0,0,0,0,0,0,0,0,,3000,2988,,0,0,0,0
1612846532558,6,1010123456013,79,,1,0,24,1,1,,12.0695,849,182213,3.01398,243,0,7,,0,0,0,0,0,0,0,0,0,,3000,2988,,0,0,0,0
1612846532808,6,1010123456013,79,,1,0,24,1,1,,13.0131,837,184142,2.68211,244,0,7.28571,,15,52,0,0.154336,18,72.2222,0,9.21036,31,,3000,2994,,0,0,0,7.40385
1612846533058,6,1010123456013,79,,1,0,24,1,1,,8.79529,850,182836,1.8959,246,0,5.83333,,12.1212,33,0,0.1,10,80,0,6.31237,31,,3000,3000,,0,0,0,7.72727
1612846533308,6,1010123456013,79,,1,0,24,1,1,,16.6514,852,183589,3.93133,246,0,8.33333,,0,0,0,0,0,0,0,0,0,,3000,2982,,0,0,0,0
1612846533558,6,1010123456013,79,,1,0,24,1,1,,11.7307,869,183798,2.52301,248,0,7,,0,0,0,0,0,0,0,0,0,,3000,2976,,0,0,0,0
1612846533808,6,1010123456013,79,,1,0,24,1,1,,8.0617,859,163391,1.91123,246,0,5.85714,,0,0,0,0,0,0,0,0,0,,3000,2994,,0,0,0,0
1612846534058,6,1010123456013,79,,1,0,24,1,1,,13.7558,868,184246,3.58512,249,0,6.6,,5.16667,48,0,0.1,14,35.7143,0,8.53339,31,,3000,2994,,0,0,0,4.0625
1612846534308,6,1010123456013,79,,1,0,24,1,1,,8.66168,869,183374,1.96026,248,0,5.33333,,0,0,0,0,0,0,0,0,0,,3000,2976,,0,0,0,0
1612846534558,6,1010123456013,79,,1,0,24,1,1,,7.76941,863,182775,1.62323,246,0,5,,0,0,0,0,0,0,0,0,0,,3000,2982,,0,0,0,0
1612846534808,6,1010123456013,79,,1,0,24,1,1,,16.098,847,180236,3.30794,247,0,9.16667,,15.2121,66,0,0.109376,22,81.8182,0,5.13509,31,,3012,2934,,0,0,0,8.5
1612846535058,6,1010123456013,79,,1,0,24,1,1,,9.63176,850,183413,2.60784,247,0,4.5,,13.8182,22,0,0.1,7,85.7143,0,0.824551,31,,2988,2928,,0,0,0,8.77273
1612846535308,6,1010123456013,79,,1,0,24,1,1,,11.926,851,183876,2.3185,243,0,7.16667,,0,0,0,0,0,0,0,0,0,,3000,2940,,0,0,0,0
1612846535558,6,1010123456013,79,,1,0,24,1,1,,9.10905,862,184405,2.07395,247,0,5,,0,0,0,0,0,0,0,0,0,,3000,2988,,0,0,0,0
1612846535808,6,1010123456013,79,,1,0,24,1,1,,15.6931,857,184406,3.64339,248,0,6.83333,,11.25,16,0,0.1,5,80,0,8.54917,31,,3000,2994,,0,0,0,7.75
1612846536058,6,1010123456013,79,,1,0,24,1,1,,10.1136,845,183632,2.14352,241,0,6.66667,,0.1,18,0,0.1,6,0,0,14.5554,31,,3000,2970,,0,0,0,1
1612846536308,6,1010123456013,79,,1,0,24,1,1,,12.9486,856,175849,2.78618,246,0,7.33333,,0,0,0,0,0,0,0,0,0,,3012,3012,,0,0,0,0
1612846536558,6,1010123456013,79,,1,0,24,1,1,,12.439,836,162892,3.22106,240,0,6.83333,,0,0,0,0,0,0,0,0,0,,2988,2904,,0,0,0,0
1612846536808,6,1010123456013,79,,1,0,24,1,1,,12.8801,859,183400,2.83184,247,0,6.71429,,0,0,0,0,0,0,0,0,0,,2988,2979,,0,0,0,0
1612846537058,6,1010123456013,79,,1,0,24,1,1,,8.55806,844,177480,1.82,249,0,5.66667,,15,13,0,0,4,100,0,2.06677,0,,3012,3006,,0,0,0,10
1612846537308,6,1010123456013,79,,1,0,24,1,1,,17.0354,848,182490,4.13875,246,0,7.8,,0.1,7,0,0.1,2,0,0,1.07564,31,,2988,2976,,0,0,0,3.14286
1612846537558,6,1010123456013,79,,1,0,24,1,1,,10.8158,863,183503,2.52371,246,0,5.4,,0,0,0,0,0,0,0,0,0,,3012,3012,,0,0,0,0
1612846537808,6,1010123456013,79,,1,0,24,1,1,,5.38452,840,183788,1.26179,241,0,3.42857,,0.1,37,0,0.1,11,18.1818,0,4.33432,31,,2988,2892,,0,0,0,2.78378
1612846538058,6,1010123456013,79,,1,0,24,1,1,,16.8237,834,182445,3.51933,247,0,8.5,,0,3,0,0.1,1,0,0,0,0,,3000,3000,,0,0,0,0
1612846538308,6,1010123456013,79,,1,0,24,1,1,,15.9885,871,183924,3.43082,249,0,8.33333,,0,0,0,0,0,0,0,0,0,,3012,3012,,0,0,0,0
1612846538558,6,1010123456013,79,,1,0,24,1,1,,14.8159,858,183844,3.10963,248,0,7.83333,,0,0,0,0,0,0,0,0,0,,3000,2886,,0,0,0,0
1612846538808,6,1010123456013,79,,1,0,24,1,1,,11.5842,873,183495,2.72813,250,0,6,,0,0,0,0,0,0,0,0,0,,2988,2988,,0,0,0,0
1612846539058,6,1010123456013,79,,1,0,24,1,1,,6.74941,842,184102,1.52675,245,0,4.66667,,8.15385,39,0,0.1,11,36.3636,0,10.7486,31,,3012,3000,,0,0,0,4.33333
1612846539308,6,1010123456013,79,,1,0,24,1,1,,9.85332,859,183908,2.2001,245,0,5.5,,0,0,0,0,0,0,0,0,0,,2988,2970,,0,0,0,0
1612846539558,6,1010123456013,79,,1,0,24,1,1,,15.8266,865,183372,3.69779,246,0,8.33333,,0,0,0,0,0,0,0,0,0,,3000,3000,,0,0,0,0
1612846539809,6,1010123456013,79,,1,0,24,1,1,,16.7408,845,162811,3.8277,246,0,9.5,,0.1,43,0,0.1,13,38.4615,0,5.57971,31,,3012,2994,,0,0,0,5.18605
1612846540058,6,1010123456013,79,,1,0,24,1,1,,15.3075,865,154075,4.65096,247,0,7.83333,,0.1,7,0,0.1,2,50,0,1.51636,0,,2988,2958,,0,0,0,4.85714
1612846540308,6,1010123456013,79,,1,0,24,1,1,,9.07913,872,184443,2.11728,249,0,5.5,,0,0,0,0,0,0,0,0,0,,3000,3000,,0,0,0,0
1612846540558,6,1010123456013,79,,1,0,24,1,1,,8.13099,855,166659,1.88771,245,0,5.33333,,0,0,0,0,0,0,0,0,0,,3000,2988,,0,0,0,0
1612846540808,6,1010123456013,79,,1,0,24,1,1,,10.3644,859,183091,2.72224,248,0,6.57143,,14.5745,47,0,0.105952,14,71.4286,0,8.67336,31,,3000,2994,,0,0,0,7.31915
1612846541058,6,1010123456013,79,,1,0,24,1,1,,10.8113,853,183626,2.46304,246,0,5.66667,,12.5714,28,0,0.1,10,90,0,1.12844,31,,3000,2994,,0,0,0,9.03571
1612846541308,6,1010123456013,79,,1,0,24,1,1,,9.73217,855,168352,2.20906,245,0,6.33333,,0,0,0,0,0,0,0,0,0,,3012,3006,,0,0,0,0
1612846541558,6,1010123456013,79,,1,0,24,1,1,,12.4398,864,183916,3.45261,248,0,6.83333,,0,0,0,0,0,0,0,0,0,,2988,2988,,0,0,0,0
1612846541808,6,1010123456013,79,,1,0,24,1,1,,10.9917,848,183585,2.42957,246,0,6.28571,,13.2857,28,137025,0.1,8,75,0,9.52216,31,,3000,2988,,0,0,0,7.42857
1612846542058,6,1010123456013,79,,1,0,24,1,1,,13.9383,859,147214,3.58618,248,0,8.33333,,14.9677,62,0,0.115456,19,84.2105,0,5.37778,31,,3012,2982,,0,0,0,8.1129
1612846542308,6,1010123456013,79,,1,0,24,1,1,,7.63721,860,183334,2.1999,247,0,4.8,,0,0,0,0,0,0,0,0,0,,2988,2964,,0,0,0,0
1612846542558,6,1010123456013,79,,1,0,24,1,1,,8.46835,869,183443,1.8455,248,0,5.8,,0,0,0,0,0,0,0,0,0,,3000,2982,,0,0,0,0
1612846542809,6,1010123456013,79,,1,0,24,1,1,,15.6988,850,158848,3.773,248,0,9,,15.0714,56,0,0.175044,18,72.2222,0,8.4816,31,,3012,3000,,0,0,0,7.26786
1612846543058,6,1010123456013,79,,1,0,24,1,1,,9.02427,824,183778,2.81417,243,0,4.33333,,13.44,25,0,0.1,8,87.5,0,1.44811,31,,3000,3000,,0,0,0,8.72
1612846543308,6,1010123456013,79,,1,0,24,1,1,,14.7128,867,183248,3.67382,247,0,8.16667,,0,0,0,0,0,0,0,0,0,,3000,3000,,0,0,0,0
1612846543558,6,1010123456013,79,,1,0,24,1,1,,5.82759,841,183413,1.15389,241,0,4.4,,0,0,0,0,0,0,0,0,0,,2988,2922,,0,0,0,0
1612846543808,6,1010123456013,79,,1,0,24,1,1,,4.43698,833,184496,1.0768,240,0,3.66667,,2,32,0,0.1,9,44.4444,0,5.19646,31,,3000,2988,,0,0,0,5.0625
1612846544058,6,1010123456013,79,,1,0,24,1,1,,18.7336,867,137049,5.13152,250,0,10,,10.3529,17,0,0.1,5,60,0,6.18434,31,,3000,2994,,0,0,0,6.82353
1612846544308,6,1010123456013,79,,1,0,24,1,1,,12.627,866,181422,2.58317,248,0,7.66667,,0,0,0,0,0,0,0,0,0,,3000,2994,,0,0,0,0
1612846544558,6,1010123456013,79,,1,0,24,1,1,,5.56763,865,184512,1.42518,247,0,4.16667,,0,0,0,0,0,0,0,0,0,,3000,2988,,0,0,0,0
1612846544808,6,1010123456013,79,,1,0,24,1,1,,14.2307,867,184257,3.30534,248,0,8,,0,12,0,0,4,100,0,0,0,,3000,2994,,0,0,0,0
1612846545058,6,1010123456013,79,,1,0,24,1,1,,14.1799,867,182521,2.95722,249,0,7.83333,,0.1,7,0,0.1,2,0,0,14.471,31,,3000,2976,,0,0,0,1
1612846545308,6,1010123456013,79,,1,0,24,1,1,,13.5238,863,183067,2.92208,247,0,7,,0,0,0,0,0,0,0,0,0,,3000,3000,,0,0,0,0
1612846545558,6,1010123456013,79,,1,0,24,1,1,,14.0673,862,183246,3.03581,245,0,8,,0,0,0,0,0,0,0,0,0,,3000,3000,,0,0,0,0
1612846545808,6,1010123456013,79,,1,0,24,1,1,,6.56805,845,184276,1.5431,246,0,3.71429,,15.8696,23,0,0.1,6,66.6667,0,16.8326,31,,3000,2964,,0,0,0,7.26087
1612846546058,6,1010123456013,79,,1,0,24,1,1,,7.19137,857,184101,1.50304,246,0,5.16667,,15,13,0,0,4,100,0,2.13917,0,,3000,2931,,0,0,0,10
1612846546308,6,1010123456013,79,,1,0,24,1,1,,7.27535,868,184092,1.70899,248,0,4.83333,,0,0,0,0,0,0,0,0,0,,3000,2994,,0,0,0,0
1612846546558,6,1010123456013,79,,1,0,24,1,1,,4.4518,861,184078,1.03018,247,0,4,,0,0,0,0,0,0,0,0,0,,2988,2976,,0,0,0,0
1612846546808,6,1010123456013,79,,1,0,24,1,1,,7.7297,862,177894,1.71491,247,0,5.85714,,0,0,0,0,0,0,0,0,0,,3000,2994,,0,0,0,0
1612846547058,6,1010123456013,79,,1,0,24,1,1,,11.8906,841,184609,3.16829,245,0,5.5,,14.1047,86,0,0.159872,27,77.7778,0,5.80907,31,,3012,3000,,0,0,0,8.01163
1612846547308,6,1010123456013,79,,1,0,24,1,1,,13.8734,869,183505,2.82739,248,0,7.83333,,0,0,0,0,0,0,0,0,0,,2988,2988,,0,0,0,0
1612846547558,6,1010123456013,79,,1,0,24,1,1,,13.212,868,183314,2.99843,249,0,7.16667,,0,0,0,0,0,0,0,0,0,,3000,3000,,0,0,0,0
1612846547808,6,1010123456013,79,,1,0,24,1,1,,11.5573,847,184506,2.26998,245,0,6.85714,,6.90476,42,0,0.1,13,61.5385,0,11.2302,31,,3000,3000,,0,0,0,6.66667
1612846548058,6,1010123456013,79,,1,0,24,1,1,,20.1217,863,160603,4.7903,247,0,10.1667,,5.64706,17,0,0.1,5,40,0,5.2739,31,,3000,3000,,0,0,0,4.17647
1612846548308,6,1010123456013,79,,1,0,24,1,1,,2.44948,861,183811,0.870464,246,0,1.66667,,0,0,0,0,0,0,0,0,0,,3000,3000,,0,0,0,0
1612846548558,6,1010123456013,79,,1,0,24,1,1,,12.2147,871,183440,2.54301,249,0,7.16667,,0,0,0,0,0,0,0,0,0,,3000,3000,,0,0,0,0
1612846548808,6,1010123456013,79,,1,0,24,1,1,,12.6608,852,184568,2.73418,247,0,5.85714,,0,0,0,0,0,0,0,0,0,,3000,2994,,0,0,0,0
1612846549058,6,1010123456013,79,,1,0,24,1,1,,3.70047,858,183661,0.859872,247,0,2.83333,,7.14286,21,0,0.1,7,71.4286,0,5.04999,31,,3000,2982,,0,0,0,8.33333
1612846549308,6,1010123456013,79,,1,0,24,1,1,,8.27958,862,184589,1.80947,246,0,5.5,,0,0,0,0,0,0,0,0,0,,3000,2982,,0,0,0,0
1612846549558,6,1010123456013,79,,1,0,24,1,1,,17.9442,860,183253,3.78384,245,0,9,,0,0,0,0,0,0,0,0,0,,3000,3000,,0,0,0,0
1612846549808,6,1010123456013,79,,1,0,24,1,1,,7.42588,850,183509,1.72272,245,0,5.42857,,0,0,0,0,0,0,0,0,0,,3000,2964,,0,0,0,0
1612846550058,6,1010123456013,79,,1,0,24,1,1,,15.4817,845,183710,3.8561,243,0,7.5,,0,12,0,0,4,100,0,0,0,,3000,2916,,0,0,0,0
1612846550308,6,1010123456013,79,,1,0,24,1,1,,13.9351,863,163605,3.22531,247,0,8,,5.53846,39,0,0.1,12,66.6667,0,7.22033,31,,3000,2952,,0,0,0,6.53846
1612846550558,6,1010123456013,79,,1,0,24,1,1,,5.22044,871,183071,1.2904,249,0,3.5,,0,0,0,0,0,0,0,0,0,,3000,3000,,0,0,0,0
1612846550808,6,1010123456013,79,,1,0,24,1,1,,9.62382,848,183975,2.2288,244,0,5.42857,,0.1,22,0,0.1,6,16.6667,0,9.04635,31,,3000,2988,,0,0,0,2.63636
1612846551058,6,1010123456013,79,,1,0,24,1,1,,10.1553,869,184439,2.5129,248,0,6.33333,,0,3,0,0.1,1,0,0,0,31,,3000,2982,,0,0,0,0
1612846551308,6,1010123456013,79,,1,0,24,1,1,,11.1774,857,182706,2.25517,246,0,7,,0,0,0,0,0,0,0,0,0,,3012,3012,,0,0,0,0
1612846551558,6,1010123456013,79,,1,0,24,1,1,,11.4942,866,182410,2.56675,247,0,7.2,,0,0,0,0,0,0,0,0,0,,2988,2988,,0,0,0,0
1612846551808,6,1010123456013,79,,1,0,24,1,1,,4.56599,841,183868,1.13238,241,0,4.14286,,15,15,0,0,4,100,0,2.16371,0,,3000,2964,,0,0,0,10
1612846552058,6,1010123456013,79,,1,0,24,1,1,,11.1412,857,184161,2.27517,245,0,6.5,,5.14286,7,0,0.1,2,0,0,30.7518,31,,3000,2994,,0,0,0,1
1612846552308,6,1010123456013,79,,1,0,24,1,1,,11.2396,868,183419,2.52998,248,0,6,,0,0,0,0,0,0,0,0,0,,3000,2970,,0,0,0,0
1612846552558,6,1010123456013,79,,1,0,24,1,1,,17.4555,865,184637,3.62739,248,0,9,,0,0,0,0,0,0,0,0,0,,3000,2988,,0,0,0,0
1612846552809,6,1010123456013,79,,1,0,24,1,1,,14.0904,852,182522,3.02674,248,0,7.71429,,14.9394,33,0,0.140175,11,54.5455,0,15.3803,31,,3012,3000,,0,0,0,5.45455
1612846553058,6,1010123456013,79,,1,0,24,1,1,,11.6947,855,184342,2.66953,245,0,5,,14.4762,42,0,0.1,13,92.3077,0,1.21661,31,,2988,2988,,0,0,0,9.14286
1612846553308,6,1010123456013,79,,1,0,24,1,1,,12.9747,871,184353,2.81078,249,0,7.83333,,0,0,0,0,0,0,0,0,0,,3000,3000,,0,0,0,0
1612846553558,6,1010123456013,79,,1,0,24,1,1,,12.5685,869,184003,2.7991,248,0,6.83333,,0,0,0,0,0,0,0,0,0,,3000,2994,,0,0,0,0
1612846553808,6,1010123456013,79,,1,0,24,1,1,,10.6457,858,183548,2.41139,246,0,5.85714,,3.32143,28,0,0.100416,8,0,0,12.0538,31,,3000,2994,,0,0,0,1
1612846554058,6,1010123456013,79,,1,0,24,1,1,,13.8919,860,183664,2.85456,247,0,8.33333,,15,16,0,0,4,100,0,0.737461,0,,3000,2934,,0,0,0,10
1612846554308,6,1010123456013,79,,1,0,24,1,1,,10.6129,868,183418,2.62349,248,0,5.5,,0,0,0,0,0,0,0,0,0,,3000,3000,,0,0,0,0
1612846554558,6,1010123456013,79,,1,0,24,1,1,,9.33717,869,182560,2.02176,248,0,5.83333,,0,0,0,0,0,0,0,0,0,,3000,2994,,0,0,0,0
1612846554808,6,1010123456013,79,,1,0,24,1,1,,14.3809,848,182850,2.96093,243,0,8.14286,,0.1,33,0,0.1,10,30,0,5.80036,31,,3000,2994,,0,0,0,3.45455
1612846555058,6,1010123456013,79,,1,0,24,1,1,,10.8246,855,184622,2.84528,247,0,5.33333,,12.6316,19,0,0,5,100,0,2.12175,0,,3000,2982,,0,0,0,10
1612846555308,6,1010123456013,79,,1,0,24,1,1,,8.44094,855,184020,1.81523,246,0,5.66667,,0,0,0,0,0,0,0,0,0,,3000,2994,,0,0,0,0
1612846555558,6,1010123456013,79,,1,0,24,1,1,,16.3509,855,163211,3.59571,246,0,9.8,,0,0,0,0,0,0,0,0,0,,3000,2994,,0,0,0,0
1612846555808,6,1010123456013,79,,1,0,24,1,1,,5.80072,833,184596,1.71238,240,0,3.42857,,12.0769,13,0,0.1,4,25,0,21.1231,31,,3000,2982,,0,0,0,3.07692
1612846556058,6,1010123456013,79,,1,0,24,1,1,,13.7965,860,182950,2.81866,247,0,8.33333,,11.0769,13,0,0.1,4,75,0,1.02753,31,,3000,2982,,0,0,0,7.23077
1612846556308,6,1010123456013,79,,1,0,24,1,1,,17.8957,863,182954,3.7968,246,0,9,,0,0,0,0,0,0,0,0,0,,3000,2994,,0,0,0,0
1612846556558,6,1010123456013,79,,1,0,24,1,1,,6.16353,850,165393,1.67229,243,0,4.5,,0,0,0,0,0,0,0,0,0,,3000,2982,,0,0,0,0
1612846556808,6,1010123456013,79,,1,0,24,1,1,,11.2042,857,183328,3.42102,245,0,5.6,,1.3125,32,0,0.1,9,0,0,13.565,31,,3000,2976,,0,0,0,1
1612846557058,6,1010123456013,79,,1,0,24,1,1,,13.5838,865,183756,2.86608,247,0,7.66667,,0,3,0,0.1,1,0,0,0,31,,3000,2994,,0,0,0,0
1612846557308,6,1010123456013,79,,1,0,24,1,1,,7.10489,858,183514,1.51606,245,0,5,,0,0,0,0,0,0,0,0,0,,3000,2982,,0,0,0,0
1612846557558,6,1010123456013,79,,1,0,24,1,1,,18.328,875,176621,4.40326,250,0,9.5,,0,0,0,0,0,0,0,0,0,,3000,2994,,0,0,0,0
1612846557808,6,1010123456013,79,,1,0,24,1,1,,13.1624,856,184544,2.89814,247,0,6.85714,,0,3,0,0.1,1,0,0,0,31,,3000,2994,,0,0,0,0
1612846558058,6,1010123456013,79,,1,0,24,1,1,,7.13757,865,184202,1.61873,247,0,5.5,,9.47368,19,0,0.1,6,66.6667,0,8.07943,0,,3000,2982,,0,0,0,7.15789
1612846558308,6,1010123456013,79,,1,0,24,1,1,,5.58256,860,183678,1.35462,246,0,4,,0,0,0,0,0,0,0,0,0,,3000,2958,,0,0,0,0
1612846558558,6,1010123456013,79,,1,0,24,1,1,,3.60093,862,183802,0.879104,246,0,3.33333,,0,0,0,0,0,0,0,0,0,,3000,2994,,0,0,0,0
1612846558808,6,1010123456013,79,,1,0,24,1,1,,11.796,853,164149,2.89005,244,0,7.28571,,0,0,0,0,0,0,0,0,0,,3000,2994,,0,0,0,0
1612846559058,6,1010123456013,79,,1,0,24,1,1,,9.41657,857,183074,1.9999,247,0,5.6,,15,16,0,0,4,100,0,2.43065,0,,3000,2964,,0,0,0,10
1612846559308,6,1010123456013,79,,1,0,24,1,1,,12.7304,842,183734,2.62992,243,0,7,,0.1,7,0,0.1,2,0,0,1.69431,31,,3000,2922,,0,0,0,3.85714
1612846559558,6,1010123456013,79,,1,0,24,1,1,,5.91395,860,183520,1.36691,244,0,3.83333,,0,0,0,0,0,0,0,0,0,,3000,3000,,0,0,0,0
1612846559809,6,1010123456013,79,,1,0,24,1,1,,10.6651,845,183232,2.23786,245,0,6.71429,,8.85938,64,0,0.1,20,75,0,4.72523,31,,3012,2910,,0,0,0,7.84375
1612846560058,6,1010123456013,79,,1,0,24,1,1,,11.1628,854,184193,2.5591,244,0,5.66667,,13.7586,29,0,0.1,9,77.7778,0,5.81517,0,,2988,2988,,0,0,0,8.51724
1612846560308,6,1010123456013,79,,1,0,24,1,1,,7.82774,865,182046,1.74128,247,0,6,,0,0,0,0,0,0,0,0,0,,3000,2994,,0,0,0,0
1612846560558,6,1010123456013,79,,1,0,24,1,1,,6.97133,872,184441,1.68515,249,0,4.66667,,0,0,0,0,0,0,0,0,0,,3000,2934,,0,0,0,0
1612846560808,6,1010123456013,79,,1,0,24,1,1,,11.7851,847,182938,2.9457,243,0,8.2,,12.5217,23,0,0.1,7,57.1429,0,13.5649,31,,3000,2964,,0,0,0,5.69565
1612846561058,6,1010123456013,79,,1,0,24,1,1,,9.27823,859,182163,1.9744,246,0,5.66667,,0,3,0,0.1,1,0,0,0,31,,3000,2994,,0,0,0,0
1612846561308,6,1010123456013,79,,1,0,24,1,1,,8.91617,847,183910,2.0391,244,0,5.33333,,0,0,0,0,0,0,0,0,0,,3000,2994,,0,0,0,0
1612846561558,6,1010123456013,79,,1,0,24,1,1,,12.7428,867,183347,2.78384,247,0,7.16667,,0,0,0,0,0,0,0,0,0,,3000,3000,,0,0,0,0
1612846561808,6,1010123456013,79,,1,0,24,1,1,,9.05711,858,183031,1.87354,248,0,5.71429,,8.22222,45,0,0.1,13,38.4615,0,12.5925,31,,3000,2994,,0,0,0,4.8
1612846562058,6,1010123456013,79,,1,0,24,1,1,,16.0012,867,183770,3.39146,247,0,8.33333,,0.1,16,0,0.1,4,75,0,6.05805,31,,3000,2994,,0,0,0,7.75
1612846562308,6,1010123456013,79,,1,0,24,1,1,,13.9096,852,183655,3.01344,244,0,7.16667,,0,0,0,0,0,0,0,0,0,,3012,2970,,0,0,0,0
1612846562558,6,1010123456013,79,,1,0,24,1,1,,8.54642,851,183262,1.88925,243,0,5.66667,,0,0,0,0,0,0,0,0,0,,2988,2928,,0,0,0,0
1612846562808,6,1010123456013,79,,1,0,24,1,1,,14.8157,852,183147,3.12115,248,0,8.14286,,0,0,0,0,0,0,0,0,0,,3012,2928,,0,0,0,0
1612846563058,6,1010123456013,79,,1,0,24,1,1,,13.5514,847,183811,2.9281,245,0,6.66667,,10.2273,22,0,0.1,6,66.6667,0,1.83698,31,,2988,2970,,0,0,0,7.13636
1612846563308,6,1010123456013,79,,1,0,24,1,1,,7.40093,858,183078,1.63491,247,0,5.33333,,0,0,0,0,0,0,0,0,0,,3000,3000,,0,0,0,0
1612846563558,6,1010123456013,79,,1,0,24,1,1,,12.7629,852,184431,2.79933,245,0,7.5,,0,0,0,0,0,0,0,0,0,,3000,3000,,0,0,0,0
1612846563808,6,1010123456013,79,,1,0,24,1,1,,13.0174,862,183783,2.8273,247,0,6.71429,,0,0,0,0,0,0,0,0,0,,3000,2856,,0,0,0,0
1612846564058,6,1010123456013,79,,1,0,24,1,1,,12.968,874,172373,2.79318,249,0,8.16667,,0.1,54,0,0.1,15,20,0,5.45231,31,,3000,3000,,0,0,0,3.14815
1612846564308,6,1010123456013,79,,1,0,24,1,1,,16.8726,871,182236,4.01446,250,0,8.2,,0,0,0,0,0,0,0,0,0,,3000,2994,,0,0,0,0
1612846564558,6,1010123456013,79,,1,0,24,1,1,,19.3598,856,171536,4.35882,247,0,9.8,,0,0,0,0,0,0,0,0,0,,3000,2988,,0,0,0,0
1612846564809,6,1010123456013,79,,1,0,24,1,1,,15.9403,854,182844,3.39124,250,0,8.42857,,0,0,603,0.1,1,0,0,0,31,,3012,2958,,0,0,0,0
1612846565058,6,1010123456013,79,,1,0,24,1,1,,4.2217,857,184082,1.10037,245,0,3.33333,,7.71429,35,0,0.1,9,44.4444,0,8.47141,31,,2988,2976,,0,0,0,4.6
1612846565308,6,1010123456013,79,,1,0,24,1,1,,19.3303,866,173016,4.36346,248,0,9.66667,,0,0,0,0,0,0,0,0,0,,3000,2988,,0,0,0,0
1612846565558,6,1010123456013,79,,1,0,24,1,1,,11.412,869,183917,2.55043,249,0,6.16667,,0,0,0,0,0,0,0,0,0,,3000,2868,,0,0,0,0
1612846565808,6,1010123456013,79,,1,0,24,1,1,,9.90036,843,183700,2.40298,243,0,5.71429,,13.4359,39,0,0.124992,12,58.3333,0,10.5777,31,,3000,2994,,0,0,0,6.30769
1612846566058,6,1010123456013,79,,1,0,24,1,1,,14.7634,858,183402,4.19226,248,0,7.5,,14.1538,26,0,0.1,7,85.7143,0,4.03357,31,,3000,3000,,0,0,0,8.96154
1612846566308,6,1010123456013,79,,1,0,24,1,1,,13.8194,875,182294,2.84909,250,0,8.16667,,0,0,0,0,0,0,0,0,0,,3000,2958,,0,0,0,0
1612846566558,6,1010123456013,79,,1,0,24,1,1,,5.19839,867,160282,1.63475,248,0,3.5,,0,0,0,0,0,0,0,0,0,,3000,3000,,0,0,0,0
1612846566808,6,1010123456013,79,,1,0,24,1,1,,16.4123,861,166975,4.19494,248,0,8.28572,,15,16,0,0.1,5,80,0,8.47702,31,,3000,2970,,0,0,0,7.75
1612846567058,6,1010123456013,79,,1,0,24,1,1,,10.6351,844,184242,2.2504,240,0,6.4,,0.1,26,0,0.1,7,28.5714,0,6.15118,31,,3000,2958,,0,0,0,3.76923
1612846567308,6,1010123456013,79,,1,0,24,1,1,,7.06527,858,183024,1.49539,247,0,5.33333,,0,0,0,0,0,0,0,0,0,,3000,3012,,0,0,0,0
1612846567558,6,1010123456013,79,,1,0,24,1,1,,17.4376,857,159286,4.44285,245,0,9.16667,,0,0,0,0,0,0,0,0,0,,2988,2982,,0,0,0,0
1612846567808,6,1010123456013,79,,1,0,24,1,1,,8.30659,835,183332,2.04426,241,0,4.71429,,13.7241,29,529,0.1,9,77.7778,0,7.46987,31,,3000,2892,,0,0,0,8.13793
1612846568058,6,1010123456013,79,,1,0,24,1,1,,7.28954,860,182798,1.49872,247,0,5.5,,6.64706,17,0,0.1,5,20,0,19.315,31,,3000,3000,,0,0,0,2.58824
1612846568308,6,1010123456013,79,,1,0,24,1,1,,10.1414,863,184528,2.25059,247,0,5.66667,,0,0,0,0,0,0,0,0,0,,3000,2976,,0,0,0,0
1612846568558,6,1010123456013,79,,1,0,24,1,1,,11.6732,863,184469,2.53158,248,0,7,,0,0,0,0,0,0,0,0,0,,3000,2988,,0,0,0,0
1612846568808,6,1010123456013,79,,1,0,24,1,1,,7.32627,849,182287,1.62426,246,0,4.85714,,12,29,0,0.1,9,33.3333,0,20.4136,31,,3012,2964,,0,0,0,3.48276
1612846569058,6,1010123456013,79,,1,0,24,1,1,,9.15094,848,183348,2.20524,250,0,5.4,,15.5714,7,0,0.1,2,0,0,25.3894,31,,2988,2988,,0,0,0,1
1612846569308,6,1010123456013,79,,1,0,24,1,1,,15.4644,857,162676,3.83782,246,0,8.83333,,0,0,0,0,0,0,0,0,0,,3000,2982,,0,0,0,0
1612846569558,6,1010123456013,79,,1,0,24,1,1,,7.9697,858,183455,1.65917,245,0,4.83333,,0,0,0,0,0,0,0,0,0,,3000,2958,,0,0,0,0
1612846569809,6,1010123456013,79,,1,0,24,1,1,,10.7237,847,183897,2.243,246,0,6.28571,,15.8696,23,0,0.1,6,66.6667,0,16.4645,31,,3012,3012,,0,0,0,7.26087
1612846570058,6,1010123456013,79,,1,0,24,1,1,,15.3194,861,184089,3.12289,248,0,8.5,,15,12,0,0,4,100,0,2.14262,0,,2988,2970,,0,0,0,10
1612846570308,6,1010123456013,79,,1,0,24,1,1,,10.4526,855,184084,2.41098,245,0,7,,0,0,0,0,0,0,0,0,0,,3000,2958,,0,0,0,0
1612846570558,6,1010123456013,79,,1,0,24,1,1,,8.71628,860,184118,2.42157,246,0,5.33333,,0,0,0,0,0,0,0,0,0,,3000,2970,,0,0,0,0
1612846570808,6,1010123456013,79,,1,0,24,1,1,,18.1352,843,146435,4.56675,243,0,8.85714,,0,0,0,0,0,0,0,0,0,,3000,2922,,0,0,0,0
1612846571058,6,1010123456013,79,,1,0,24,1,1,,11.8705,865,183291,2.84992,248,0,6.33333,,3.46154,52,0,0.1,15,66.6667,0,5.49843,31,,3000,3000,,0,0,0,6.88462
1612846571308,6,1010123456013,79,,1,0,24,1,1,,13.1448,870,183333,2.80438,249,0,7.4,,0,0,0,0,0,0,0,0,0,,3000,3012,,0,0,0,0
1612846571558,6,1010123456013,79,,1,0,24,1,1,,14.3116,860,181008,3.53338,246,0,7.83333,,0,0,0,0,0,0,0,0,0,,2988,2988,,0,0,0,0
1612846571808,6,1010123456013,79,,1,0,24,1,1,,1.74787,821,183937,0.578464,239,0,1.33333,,4.5,20,0,0.1,6,33.3333,0,14.677,31,,3000,2970,,0,0,0,4.15
1612846572058,6,1010123456013,79,,1,0,24,1,1,,11.9355,868,183214,2.47871,250,0,7.66667,,9,21,0,0.1,6,50,0,7.52126,31,,3000,3000,,0,0,0,6
1612846572308,6,1010123456013,79,,1,0,24,1,1,,10.1417,875,183205,2.30675,250,0,6,,0,0,0,0,0,0,0,0,0,,3000,3000,,0,0,0,0
1612846572558,6,1010123456013,79,,1,0,24,1,1,,10.1909,859,162355,2.31923,246,0,6.66667,,0,0,0,0,0,0,0,0,0,,3000,2988,,0,0,0,0
1612846572808,6,1010123456013,79,,1,0,24,1,1,,13.527,852,183023,3.0744,249,0,7.85714,,14.8448,58,0,0.136096,19,78.9474,0,5.37102,31,,3000,3000,,0,0,0,8.44828
1612846573058,6,1010123456013,79,,1,0,24,1,1,,15.8104,823,183877,3.60296,242,0,7.16667,,14,32,0,0.1,10,90,0,1.09319,0,,3000,2988,,0,0,0,8.875
1612846573308,6,1010123456013,79,,1,0,24,1,1,,6.43329,847,182318,1.25427,242,0,4.8,,0,0,0,0,0,0,0,0,0,,3012,2988,,0,0,0,0
1612846573558,6,1010123456013,79,,1,0,24,1,1,,11.0966,859,182806,2.46496,246,0,5.6,,0,0,0,0,0,0,0,0,0,,2988,2982,,0,0,0,0
1612846573808,6,1010123456013,79,,1,0,24,1,1,,12.3611,853,183759,2.73987,245,0,6.42857,,5.94872,39,0,0.1,11,36.3636,0,9.09766,31,,3000,2988,,0,0,0,4.46154
1612846574058,6,1010123456013,79,,1,0,24,1,1,,14.5709,853,173572,3.61997,248,0,8.33333,,14.5,8,0,0.1,2,0,0,29.3054,31,,3000,3000,,0,0,0,1
1612846574308,6,1010123456013,79,,1,0,24,1,1,,19.3751,861,146470,4.98554,248,0,10.3333,,0,0,0,0,0,0,0,0,0,,3000,2994,,0,0,0,0
1612846574558,6,1010123456013,79,,1,0,24,1,1,,11.3655,870,184613,2.4959,249,0,6.16667,,0,0,0,0,0,0,0,0,0,,3000,2988,,0,0,0,0
1612846574808,6,1010123456013,79,,1,0,24,1,1,,17.9025,862,183094,3.78883,249,0,9,,0,0,0,0,0,0,0,0,0,,3000,3000,,0,0,0,0
1612846575058,6,1010123456013,79,,1,0,24,1,1,,14.774,863,182442,3.2672,248,0,8,,10.4348,23,0,0.1,6,66.6667,0,5.75244,0,,3000,3000,,0,0,0,7.26087
1612846575308,6,1010123456013,79,,1,0,24,1,1,,15.2682,865,183692,3.50352,249,0,7.33333,,0,0,0,0,0,0,0,0,0,,3000,3000,,0,0,0,0
1612846575558,6,1010123456013,79,,1,0,24,1,1,,21.2576,858,127897,5.60662,247,0,11.5,,0,0,0,0,0,0,0,0,0,,3000,2988,,0,0,0,0
1612846575808,6,1010123456013,79,,1,0,24,1,1,,7.47766,873,183150,1.75008,250,0,5.42857,,0,12,0,0,4,100,0,0,0,,3000,3000,,0,0,0,0
1612846576058,6,1010123456013,79,,1,0,24,1,1,,14.6329,869,177769,3.13984,250,0,8,,7.2,15,0,0.1,4,50,0,8.10953,31,,3000,2994,,0,0,0,6.06667
1612846576308,6,1010123456013,79,,1,0,24,1,1,,9.13333,855,166593,2.72653,246,0,5,,0,0,0,0,0,0,0,0,0,,3000,3000,,0,0,0,0
1612846576558,6,1010123456013,79,,1,0,24,1,1,,6.43427,852,183186,1.47805,243,0,4.6,,0,0,0,0,0,0,0,0,0,,3000,2976,,0,0,0,0
1612846576809,6,1010123456013,79,,1,0,24,1,1,,22.0956,847,100530,6.32877,249,0,11,,14.7358,53,0,0.1,17,82.3529,0,6.45554,31,,3024,3012,,0,0,0,8.30189
1612846577058,6,1010123456013,79,,1,0,24,1,1,,11.9573,844,144653,2.53748,244,0,8.16667,,14.2703,37,0,0.1,11,90.9091,0,3.44998,31,,2976,2958,,0,0,0,9.02703
1612846577308,6,1010123456013,79,,1,0,24,1,1,,10.7532,855,183402,2.63206,246,0,5.5,,0,0,0,0,0,0,0,0,0,,3000,3000,,0,0,0,0
1612846577558,6,1010123456013,79,,1,0,24,1,1,,17.536,860,174501,4.01402,248,0,9.33333,,0,0,0,0,0,0,0,0,0,,3000,3000,,0,0,0,0
1612846577808,6,1010123456013,79,,1,0,24,1,1,,11.3372,860,183304,2.52758,247,0,5.16667,,15,16,0,0.1,5,80,0,9.62335,31,,3000,3000,,0,0,0,7.75
1612846578058,6,1010123456013,79,,1,0,24,1,1,,5.8446,843,183013,1.13581,244,0,4.4,,5.28,25,0,0.1,8,50,0,8.618,0,,3000,2928,,0,0,0,4.96
1612846578308,6,1010123456013,79,,1,0,24,1,1,,14.7795,857,162358,3.95366,246,0,8,,0,0,0,0,0,0,0,0,0,,3000,3000,,0,0,0,0
1612846578558,6,1010123456013,79,,1,0,24,1,1,,7.24537,864,172988,1.87962,248,0,3.83333,,0,0,0,0,0,0,0,0,0,,3000,2982,,0,0,0,0
1612846578808,6,1010123456013,79,,1,0,24,1,1,,9.35148,845,183522,1.99181,244,0,6.5,,0,0,0,0,0,0,0,0,0,,3000,2994,,0,0,0,0
1612846579058,6,1010123456013,79,,1,0,24,1,1,,11.6457,841,183386,3.17878,247,0,5.33333,,14.7157,102,0,0.141632,33,84.8485,0,4.43885,31,,3000,3000,,0,0,0,8.5
1612846579308,6,1010123456013,79,,1,0,24,1,1,,2.33998,853,184457,0.627648,244,0,3,,0,0,0,0,0,0,0,0,0,,3000,2970,,0,0,0,0
1612846579558,6,1010123456013,79,,1,0,24,1,1,,10.2304,855,184169,2.41382,244,0,6.33333,,0,0,0,0,0,0,0,0,0,,3000,2964,,0,0,0,0
1612846579808,6,1010123456013,79,,1,0,24,1,1,,16.5577,866,180099,3.43341,248,0,9,,4.46154,39,0,0.1,11,36.3636,0,12.0157,31,,3000,2934,,0,0,0,5.33333
1612846580058,6,1010123456013,79,,1,0,24,1,1,,13.9895,857,167155,3.71469,246,0,7,,14.8421,19,0,0,5,100,0,1.96617,0,,3000,2994,,0,0,0,10
1612846580308,6,1010123456013,79,,1,0,24,1,1,,10.4305,871,184344,2.33718,249,0,5.83333,,0,0,0,0,0,0,0,0,0,,3000,2988,,0,0,0,0
1612846580558,6,1010123456013,79,,1,0,24,1,1,,8.45829,851,183860,1.78522,244,0,5.5,,0,0,0,0,0,0,0,0,0,,3000,3000,,0,0,0,0
1612846580808,6,1010123456013,79,,1,0,24,1,1,,8.64516,868,183694,1.91056,249,0,5.14286,,0,0,0,0,0,0,0,0,0,,3000,2970,,0,0,0,0
1612846581058,6,1010123456013,79,,1,0,24,1,1,,7.0446,852,184103,1.7544,243,0,5.4,,5.29412,34,0,0.1,10,50,0,4.5577,31,,3000,2994,,0,0,0,5.23529
1612846581308,6,1010123456013,79,,1,0,24,1,1,,10.2538,863,183414,2.12915,248,0,6.5,,0,0,0,0,0,0,0,0,0,,3000,3000,,0,0,0,0
1612846581558,6,1010123456013,79,,1,0,24,1,1,,9.68078,874,183374,2.21702,250,0,5.16667,,0,0,0,0,0,0,0,0,0,,3000,3000,,0,0,0,0
1612846581808,6,1010123456013,79,,1,0,24,1,1,,2.07655,836,183905,0.702432,241,0,3.2,,2.93478,46,0,0.1,14,28.5714,0,9.90191,31,,3000,2976,,0,0,0,3.43478
1612846582058,6,1010123456013,79,,1,0,24,1,1,,10.7287,844,183478,2.43181,246,0,6.33333,,0,3,0,0.1,1,0,0,0,31,,3000,2994,,0,0,0,0
1612846582308,6,1010123456013,79,,1,0,24,1,1,,12.0953,860,172857,2.9383,246,0,7.83333,,0,0,0,0,0,0,0,0,0,,3000,2898,,0,0,0,0
1612846582558,6,1010123456013,79,,1,0,24,1,1,,13.1402,863,182939,2.72317,247,0,6.6,,0,0,0,0,0,0,0,0,0,,3000,2970,,0,0,0,0
1612846582808,6,1010123456013,79,,1,0,24,1,1,,14.8665,869,183525,3.13808,249,0,8,,0,0,0,0,0,0,0,0,0,,3000,3000,,0,0,0,0
1612846583058,6,1010123456013,79,,1,0,24,1,1,,15.144,861,183950,3.27661,248,0,7.66667,,11.4286,21,0,0.1,6,66.6667,0,4.38853,31,,3000,2976,,0,0,0,7.85714
1612846583308,6,1010123456013,79,,1,0,24,1,1,,8.6463,851,176930,2.27139,243,0,5,,0,0,0,0,0,0,0,0,0,,3000,2952,,0,0,0,0
1612846583558,6,1010123456013,79,,1,0,24,1,1,,10.5651,853,183607,2.23568,245,0,6.5,,0,0,0,0,0,0,0,0,0,,3000,2946,,0,0,0,0
1612846583808,6,1010123456013,79,,1,0,24,1,1,,17.9839,867,181547,3.70086,248,0,9.28571,,15.8696,23,0,0.1,6,66.6667,0,16.2056,31,,3000,2988,,0,0,0,7.26087
1612846584058,6,1010123456013,79,,1,0,24,1,1,,5.28537,827,183330,1.39936,236,0,3.33333,,0,0,0,0,0,0,0,0,0,,3000,2964,,0,0,0,0
1612846584308,6,1010123456013,79,,1,0,24,1,1,,11.6916,869,183563,3.09632,248,0,6.5,,0,0,0,0,0,0,0,0,0,,3000,2988,,0,0,0,0
1612846584558,6,1010123456013,79,,1,0,24,1,1,,10.3991,872,162814,2.71984,249,0,5.83333,,0,0,0,0,0,0,0,0,0,,3000,3000,,0,0,0,0
1612846584808,6,1010123456013,79,,1,0,24,1,1,,11.5293,835,179931,2.40304,243,0,7,,15,15,0,0,4,100,0,1.18938,0,,3000,2976,,0,0,0,10
1612846585058,6,1010123456013,79,,1,0,24,1,1,,12.6986,866,183777,3.63505,247,0,6,,0,12,0,0.1,4,50,0,0,31,,2988,2988,,0,0,0,0
1612846585308,6,1010123456013,79,,1,0,24,1,1,,11.7051,868,183064,2.46736,249,0,7.16667,,0,0,0,0,0,0,0,0,0,,3000,2988,,0,0,0,0
1612846585558,6,1010123456013,79,,1,0,24,1,1,,12.0303,859,183967,2.67619,247,0,6.66667,,0,0,0,0,0,0,0,0,0,,3000,2988,,0,0,0,0
1612846585808,6,1010123456013,79,,1,0,24,1,1,,14.4205,868,184150,3.48102,250,0,6.5,,0,0,0,0,0,0,0,0,0,,3000,3000,,0,0,0,0
1612846586058,6,1010123456013,79,,1,0,24,1,1,,2.33993,859,182706,0.608832,246,0,3.33333,,1.55172,29,0,0.1,8,0,0,10.5441,31,,3000,2964,,0,0,0,1
1612846586308,6,1010123456013,79,,1,0,24,1,1,,15.0798,865,183644,3.26019,247,0,7.83333,,0,0,0,0,0,0,0,0,0,,3000,2946,,0,0,0,0
1612846586558,6,1010123456013,79,,1,0,24,1,1,,8.43571,840,183409,1.83069,241,0,5,,0,0,0,0,0,0,0,0,0,,3000,3000,,0,0,0,0
1612846586808,6,1010123456013,79,,1,0,24,1,1,,8.66166,866,182465,1.89917,249,0,5.71429,,14.1935,31,136471,0.1,10,70,0,9.83359,31,,3000,2994,,0,0,0,7.22581
1612846587058,6,1010123456013,79,,1,0,24,1,1,,15.3773,856,182139,3.30384,249,0,8.16667,,14.6286,70,0,0.1,25,88,0,2.5893,31,,3000,3000,,0,0,0,8.84286
1612846587308,6,1010123456013,79,,1,0,24,1,1,,8.93177,850,183485,1.9633,245,0,5.16667,,0,0,0,0,0,0,0,0,0,,3000,3000,,0,0,0,0
1612846587558,6,1010123456013,79,,1,0,24,1,1,,9.10465,860,183703,1.95498,245,0,6.4,,0,0,0,0,0,0,0,0,0,,3000,2994,,0,0,0,0
1612846587808,6,1010123456013,79,,1,0,24,1,1,,11.1166,858,182751,2.41978,246,0,6.16667,,3.31579,38,0,0.1,11,27.2727,0,9.33944,31,,3000,2994,,0,0,0,3.13158
1612846588058,6,1010123456013,79,,1,0,24,1,1,,14.0756,860,184482,3.07635,244,0,7.16667,,0,6,0,0.1,2,50,0,0,31,,3000,2988,,0,0,0,0
1612846588308,6,1010123456013,79,,1,0,24,1,1,,13.4394,867,183465,2.82717,249,0,7.66667,,0,0,0,0,0,0,0,0,0,,3000,2970,,0,0,0,0
1612846588558,6,1010123456013,79,,1,0,24,1,1,,6.48316,861,183383,1.56634,246,0,4.16667,,0,0,0,0,0,0,0,0,0,,3000,2934,,0,0,0,0
1612846588808,6,1010123456013,79,,1,0,24,1,1,,5.48324,865,183741,1.29024,248,0,4.42857,,15,18,0,0.1,5,80,0,7.09006,31,,3000,2988,,0,0,0,8
1612846589058,6,1010123456013,79,,1,0,24,1,1,,16.0783,856,168369,3.88774,246,0,8.33333,,0.1,18,0,0.1,5,0,0,7.65945,31,,3000,2976,,0,0,0,1
1612846589308,6,1010123456013,79,,1,0,24,1,1,,7.01036,869,172459,2.03955,248,0,5.2,,0,0,0,0,0,0,0,0,0,,3000,3000,,0,0,0,0
1612846589558,6,1010123456013,79,,1,0,24,1,1,,10.2726,862,184284,2.61853,247,0,6.16667,,0,0,0,0,0,0,0,0,0,,3000,3000,,0,0,0,0
1612846589808,6,1010123456013,79,,1,0,24,1,1,,15.4563,859,178409,3.16403,246,0,8.85714,,0,0,0,0,0,0,0,0,0,,3000,3000,,0,0,0,0
1612846590058,6,1010123456013,79,,1,0,24,1,1,,11.2029,838,171297,2.96822,247,0,6.16667,,14.8462,104,0,0.148928,35,74.2857,0,8.9573,31,,3000,2982,,0,0,0,7.57692
1612846590308,6,1010123456013,79,,1,0,24,1,1,,8.57714,875,184568,2.33235,250,0,4.66667,,0,0,0,0,0,0,0,0,0,,3000,2994,,0,0,0,0
1612846590558,6,1010123456013,79,,1,0,24,1,1,,9.09954,864,183373,2.11366,248,0,5.5,,0,0,0,0,0,0,0,0,0,,3000,2994,,0,0,0,0
1612846590808,6,1010123456013,79,,1,0,24,1,1,,12.1085,839,183220,2.94531,243,0,7,,0,0,512,0,0,0,0,0,0,,3000,2985,,0,0,0,0
1612846591058,6,1010123456013,79,,1,0,24,1,1,,11.2251,853,183923,2.27136,246,0,6.66667,,0.1,34,0,0.1,10,10,0,4.22061,31,,3000,2994,,0,0,0,1.52941
1612846591308,6,1010123456013,79,,1,0,24,1,1,,10.0369,867,183961,2.19101,249,0,5.6,,0,0,0,0,0,0,0,0,0,,3000,2994,,0,0,0,0
1612846591558,6,1010123456013,79,,1,0,24,1,1,,7.91482,857,182974,1.67891,246,0,5.4,,0,0,0,0,0,0,0,0,0,,3000,3000,,0,0,0,0
1612846591808,6,1010123456013,79,,1,0,24,1,1,,12.7491,861,174862,2.99606,247,0,7.5,,14.087,23,0,0.1,6,66.6667,0,11.5054,31,,3000,2988,,0,0,0,6.86957
1612846592058,6,1010123456013,79,,1,0,24,1,1,,11.1402,870,180014,2.32886,249,0,6.8,,7.63636,11,0,0.1,3,66.6667,0,10.0731,31,,3000,2994,,0,0,0,6.72727
1612846592308,6,1010123456013,79,,1,0,24,1,1,,7.6288,854,182665,1.67546,244,0,5,,0,0,0,0,0,0,0,0,0,,3000,2994,,0,0,0,0
1612846592558,6,1010123456013,79,,1,0,24,1,1,,6.62763,854,183433,1.86582,245,0,4.16667,,0,0,0,0,0,0,0,0,0,,3000,3000,,0,0,0,0
1612846592808,6,1010123456013,79,,1,0,24,1,1,,8.14466,871,183658,2.108,249,0,5,,0,0,0,0,0,0,0,0,0,,3000,2994,,0,0,0,0
1612846593058,6,1010123456013,79,,1,0,24,1,1,,11.8265,859,183303,2.44051,246,0,7.16667,,8,30,0,0.1,9,44.4444,0,9.75447,31,,3000,3000,,0,0,0,4.7
1612846593308,6,1010123456013,79,,1,0,24,1,1,,12.6435,864,183748,2.88592,247,0,6.5,,0,0,0,0,0,0,0,0,0,,3000,2964,,0,0,0,0
1612846593558,6,1010123456013,79,,1,0,24,1,1,,15.3956,862,146088,3.97171,246,0,9,,0,0,0,0,0,0,0,0,0,,3000,3000,,0,0,0,0
1612846593808,6,1010123456013,79,,1,0,24,1,1,,10.4636,865,182803,2.61715,248,0,6,,14.2105,19,0,0.1,6,66.6667,0,17.5956,31,,3000,3000,,0,0,0,6.68421
1612846594058,6,1010123456013,79,,1,0,24,1,1,,6.38969,834,183025,1.57661,245,0,4,,0,3,0,0.1,1,0,0,0,31,,3000,3000,,0,0,0,0
1612846594308,6,1010123456013,79,,1,0,24,1,1,,14.0572,857,183412,2.96829,247,0,7.83333,,0,0,0,0,0,0,0,0,0,,3000,3000,,0,0,0,0
1612846594558,6,1010123456013,79,,1,0,24,1,1,,11.2618,871,183003,2.43536,249,0,6.33333,,0,0,0,0,0,0,0,0,0,,3000,2964,,0,0,0,0
1612846594808,6,1010123456013,79,,1,0,24,1,1,,5.57925,858,183255,1.31075,247,0,5.33333,,0,0,0,0,0,0,0,0,0,,3000,2940,,0,0,0,0
1612846595058,6,1010123456013,79,,1,0,24,1,1,,16.4496,834,184439,4.06467,249,0,8.66667,,13.4643,28,0,0.1,8,50,0,13.6901,31,,3000,2988,,0,0,0,5.5
1612846595308,6,1010123456013,79,,1,0,24,1,1,,3.03055,851,183905,0.910336,244,0,2,,0,0,0,0,0,0,0,0,0,,3000,2964,,0,0,0,0
1612846595558,6,1010123456013,79,,1,0,24,1,1,,4.71294,850,183081,1.10141,245,0,4,,0,0,0,0,0,0,0,0,0,,3000,2916,,0,0,0,0
1612846595808,6,1010123456013,79,,1,0,24,1,1,,17.5903,842,184559,3.94554,242,0,8.33333,,14.1818,33,138552,0.1,10,80,0,7.14065,31,,3000,2964,,0,0,0,8.09091
1612846596058,6,1010123456013,79,,1,0,24,1,1,,10.1791,843,183010,1.99069,247,0,7,,13.8919,74,0,0.1,25,92,0,2.29443,31,,3000,2964,,0,0,0,9.14865
1612846596308,6,1010123456013,79,,1,0,24,1,1,,15.2506,850,182506,3.27722,245,0,7.83333,,0,0,0,0,0,0,0,0,0,,3000,2988,,0,0,0,0
1612846596558,6,1010123456013,79,,1,0,24,1,1,,10.907,860,183236,2.38678,247,0,6.33333,,0,0,0,0,0,0,0,0,0,,3000,2934,,0,0,0,0
1612846596808,6,1010123456013,79,,1,0,24,1,1,,10.2338,847,183704,2.46016,244,0,6,,12.2941,34,0,0.1,10,70,0,9.36489,31,,3000,3000,,0,0,0,7.61765
1612846597058,6,1010123456013,79,,1,0,24,1,1,,12.0811,838,171520,2.65744,245,0,7,,15.6129,31,0,0.10992,10,80,0,6.63289,0,,3000,2946,,0,0,0,7.96774
1612846597308,6,1010123456013,79,,1,0,24,1,1,,12.8208,865,183661,2.83392,248,0,6.33333,,0,0,0,0,0,0,0,0,0,,3000,3000,,0,0,0,0
1612846597558,6,1010123456013,79,,1,0,24,1,1,,15.2014,869,180077,3.56771,249,0,8.5,,0,0,0,0,0,0,0,0,0,,3000,3000,,0,0,0,0
1612846597808,6,1010123456013,79,,1,0,24,1,1,,5.04202,833,183128,1.08378,240,0,4.57143,,14.4865,37,0,0.113536,11,63.6364,0,11.2692,31,,3012,2970,,0,0,0,6.7027
1612846598058,6,1010123456013,79,,1,0,24,1,1,,8.82374,851,183380,2.12045,245,0,4.83333,,14.5882,34,0,0.1,11,90.9091,0,1.34606,31,,2988,2982,,0,0,0,9.20588
1612846598308,6,1010123456013,79,,1,0,24,1,1,,12.8672,866,183005,2.68541,247,0,7.33333,,0,0,0,0,0,0,0,0,0,,3000,2970,,0,0,0,0
1612846598558,6,1010123456013,79,,1,0,24,1,1,,3.67991,856,183352,1.14349,244,0,1,,0,0,0,0,0,0,0,0,0,,3000,2994,,0,0,0,0
1612846598808,6,1010123456013,79,,1,0,24,1,1,,6.34055,831,184194,1.2472,241,0,4,,0,0,0,0,0,0,0,0,0,,3000,2970,,0,0,0,0
1612846599058,6,1010123456013,79,,1,0,24,1,1,,5.17633,845,183202,1.11794,244,0,5,,2.44068,59,0,0.1,17,52.9412,0,4.13258,31,,3000,2934,,0,0,0,5.64407
1612846599308,6,1010123456013,79,,1,0,24,1,1,,10.679,863,183230,2.30608,245,0,6,,0,0,0,0,0,0,0,0,0,,3000,2994,,0,0,0,0
1612846599558,6,1010123456013,79,,1,0,24,1,1,,4.09942,865,183889,1.0673,247,0,3.33333,,0,0,0,0,0,0,0,0,0,,3000,2994,,0,0,0,0
1612846599808,6,1010123456013,79,,1,0,24,1,1,,11.296,858,184387,2.48317,247,0,6.42857,,0,0,0,0,0,0,0,0,0,,3000,2982,,0,0,0,0
1612846600058,6,1010123456013,79,,1,0,24,1,1,,5.49358,857,183665,1.1327,245,0,4.33333,,13.5417,24,0,0.1,7,57.1429,0,15.9207,31,,3000,2988,,0,0,0,5.875
1612846600308,6,1010123456013,79,,1,0,24,1,1,,19.5774,866,167031,4.60451,247,0,10,,0,0,0,0,0,0,0,0,0,,3000,3000,,0,0,0,0
1612846600558,6,1010123456013,79,,1,0,24,1,1,,12.4902,863,183945,2.65949,246,0,7,,0,0,0,0,0,0,0,0,0,,3000,2949,,0,0,0,0
1612846600808,6,1010123456013,79,,1,0,24,1,1,,8.77544,855,179096,1.83194,244,0,6.57143,,5.2,35,0,0.1,10,30,0,10.5594,31,,3000,2964,,0,0,0,3.31429
1612846601058,6,1010123456013,79,,1,0,24,1,1,,17.0701,870,168130,4.69578,249,0,7.66667,,0,6,0,0.1,2,0,0,0,31,,3000,3000,,0,0,0,0
1612846601308,6,1010123456013,79,,1,0,24,1,1,,9.80252,871,184100,2.052,249,0,6.6,,0,0,0,0,0,0,0,0,0,,3000,2988,,0,0,0,0
1612846601558,6,1010123456013,79,,1,0,24,1,1,,6.62442,860,184544,1.60922,246,0,5,,0,0,0,0,0,0,0,0,0,,3000,2994,,0,0,0,0
1612846601808,6,1010123456013,79,,1,0,24,1,1,,14.6379,845,182850,2.93453,244,0,7.57143,,0,0,0,0,0,0,0,0,0,,3000,2976,,0,0,0,0
1612846602058,6,1010123456013,79,,1,0,24,1,1,,6.0447,850,184402,1.40522,243,0,3.83333,,10.7143,21,0,0.1,6,66.6667,0,6.27083,31,,3000,2964,,0,0,0,7.42857
1612846602308,6,1010123456013,79,,1,0,24,1,1,,4.98951,858,182762,1.16381,245,0,4.33333,,0,0,0,0,0,0,0,0,0,,3000,2988,,0,0,0,0
1612846602558,6,1010123456013,79,,1,0,24,1,1,,11.9404,872,183455,2.60176,249,0,6.33333,,0,0,0,0,0,0,0,0,0,,3000,2976,,0,0,0,0
1612846602808,6,1010123456013,79,,1,0,24,1,1,,7.83451,852,183462,1.64554,247,0,5,,14.8125,16,0,0.1,5,20,0,25.199,31,,3000,3000,,0,0,0,2.6875
1612846603058,6,1010123456013,79,,1,0,24,1,1,,9.22968,849,183791,1.89086,245,0,6.33333,,0,3,0,0.1,1,0,0,0,31,,3000,2994,,0,0,0,0
1612846603308,6,1010123456013,79,,1,0,24,1,1,,14.4983,857,183820,3.51411,246,0,7.83333,,0,0,0,0,0,0,0,0,0,,3000,2952,,0,0,0,0
1612846603558,6,1010123456013,79,,1,0,24,1,1,,7.78363,855,183047,1.66534,246,0,6,,0,0,0,0,0,0,0,0,0,,3000,2922,,0,0,0,0
1612846603808,6,1010123456013,79,,1,0,24,1,1,,10.2213,854,183692,2.17811,246,0,6.14286,,15,19,0,0.1,5,80,0,6.57459,31,,3000,2994,,0,0,0,8.57895
1612846604058,6,1010123456013,79,,1,0,24,1,1,,7.86581,857,184073,1.96781,246,0,3,,0.1,30,0,0.1,8,50,0,4.2948,31,,3000,3000,,0,0,0,6.2
1612846604308,6,1010123456013,79,,1,0,24,1,1,,12.2704,858,164966,3.07152,247,0,7.66667,,0,0,0,0,0,0,0,0,0,,3000,2982,,0,0,0,0
1612846604558,6,1010123456013,79,,1,0,24,1,1,,11.361,867,183827,2.52694,247,0,6.16667,,0,0,0,0,0,0,0,0,0,,3000,3000,,0,0,0,0
1612846604808,6,1010123456013,79,,1,0,24,1,1,,11.1847,839,184102,2.46118,244,0,6.28571,,4.5,32,0,0.1,9,44.4444,0,3.04285,31,,3000,2982,,0,0,0,5.15625
1612846605058,6,1010123456013,79,,1,0,24,1,1,,15.0441,861,184243,3.22019,247,0,7.6,,3.69231,13,0,0.1,4,25,0,6.83585,31,,3000,2964,,0,0,0,3.07692
1612846605308,6,1010123456013,79,,1,0,24,1,1,,12.0116,859,183724,2.52899,247,0,6.83333,,0,0,0,0,0,0,0,0,0,,3000,3000,,0,0,0,0
1612846605558,6,1010123456013,79,,1,0,24,1,1,,8.73396,857,183520,1.89872,247,0,4.4,,0,0,0,0,0,0,0,0,0,,3000,2988,,0,0,0,0
1612846605808,6,1010123456013,79,,1,0,24,1,1,,15.2695,857,183859,3.41296,247,0,7.85714,,14.4,20,0,0.1,6,66.6667,0,15.3827,31,,3000,2994,,0,0,0,6.4
1612846606058,6,1010123456013,79,,1,0,24,1,1,,2.10242,869,184315,0.622752,249,0,3.16667,,6.31579,19,0,0.1,6,50,0,3.50016,31,,3000,3000,,0,0,0,4.78947
1612846606308,6,1010123456013,79,,1,0,24,1,1,,16.0427,866,183170,3.4199,248,0,8.33333,,0,0,0,0,0,0,0,0,0,,3000,3000,,0,0,0,0
1612846606558,6,1010123456013,79,,1,0,24,1,1,,12.6578,865,183795,2.88026,248,0,6.83333,,0,0,0,0,0,0,0,0,0,,3000,3000,,0,0,0,0
1612846606808,6,1010123456013,79,,1,0,24,1,1,,7.48975,829,183678,1.48214,239,0,4.85714,,2.16667,36,0,0.1,11,45.4545,0,9.10971,31,,3000,2910,,0,0,0,5.08333
1612846607058,6,1010123456013,79,,1,0,24,1,1,,7.30559,841,183330,1.53142,245,0,5.33333,,15,4,0,0.1,1,0,0,29.1357,31,,3000,2988,,0,0,0,1
1612846607308,6,1010123456013,79,,1,0,24,1,1,,8.21864,869,183774,1.9991,248,0,4.5,,0,0,0,0,0,0,0,0,0,,3000,3000,,0,0,0,0
1612846607558,6,1010123456013,79,,1,0,24,1,1,,13.5829,863,183939,2.80698,246,0,7.66667,,0,0,0,0,0,0,0,0,0,,3000,3000,,0,0,0,0
1612846607808,6,1010123456013,79,,1,0,24,1,1,,12.6514,852,183818,2.81539,245,0,6.28571,,0,0,0,0,0,0,0,0,0,,3000,2994,,0,0,0,0
1612846608058,6,1010123456013,79,,1,0,24,1,1,,6.71893,861,184042,1.58365,245,0,4.16667,,9.21429,42,0,0.1,13,76.9231,0,7.01787,31,,3000,3000,,0,0,0,8.07143
1612846608308,6,1010123456013,79,,1,0,24,1,1,,11.312,859,160314,2.99466,247,0,7.5,,0,0,0,0,0,0,0,0,0,,3000,2952,,0,0,0,0
1612846608558,6,1010123456013,79,,1,0,24,1,1,,13.316,848,183732,3.48115,242,0,7.16667,,0,0,0,0,0,0,0,0,0,,3000,2988,,0,0,0,0
1612846608808,6,1010123456013,79,,1,0,24,1,1,,9.6143,853,184159,2.19958,245,0,4.33333,,4.30769,39,0,0.1,11,27.2727,0,10.0448,31,,3000,2958,,0,0,0,3.76923
1612846609058,6,1010123456013,79,,1,0,24,1,1,,5.53099,855,182511,1.16445,243,0,4.83333,,7,8,0,0.1,2,50,0,13.5418,31,,3000,2922,,0,0,0,5.5
1612846609308,6,1010123456013,79,,1,0,24,1,1,,11.7482,854,184130,2.59139,245,0,6.5,,0,0,0,0,0,0,0,0,0,,3000,2982,,0,0,0,0
1612846609558,6,1010123456013,79,,1,0,24,1,1,,11.8213,856,183019,2.41149,245,0,7,,0,0,0,0,0,0,0,0,0,,3000,2910,,0,0,0,0
1612846609808,6,1010123456013,79,,1,0,24,1,1,,8.99768,863,179365,1.82662,248,0,7.16667,,0,0,0,0,0,0,0,0,0,,3000,2994,,0,0,0,0
1612846610058,6,1010123456013,79,,1,0,24,1,1,,7.78429,853,183837,2.34397,245,0,3.83333,,8.14286,77,0,0.1,21,76.1905,0,5.78684,31,,3000,2994,,0,0,0,8.12987
1612846610308,6,1010123456013,79,,1,0,24,1,1,,13.3782,862,183076,3.01178,246,0,7.5,,0,0,0,0,0,0,0,0,0,,3000,2988,,0,0,0,0
1612846610558,6,1010123456013,79,,1,0,24,1,1,,4.49828,873,182348,1.1481,250,0,3,,0,0,0,0,0,0,0,0,0,,3000,2988,,0,0,0,0
1612846610809,6,1010123456013,79,,1,0,24,1,1,,10.7769,856,183153,2.82043,247,0,6,,13.1923,26,137406,0.1,8,62.5,0,11.2781,31,,3012,2964,,0,0,0,6.19231
1612846611058,6,1010123456013,79,,1,0,24,1,1,,9.86417,854,183369,2.23341,247,0,4.83333,,15.5616,73,0,0.1,24,87.5,0,4.03598,31,,2988,2964,,0,0,0,8.9726
1612846611308,6,1010123456013,79,,1,0,24,1,1,,9.60508,866,183572,2.02426,248,0,6,,0,0,0,0,0,0,0,0,0,,3000,2988,,0,0,0,0
1612846611558,6,1010123456013,79,,1,0,24,1,1,,5.70513,858,184591,1.49126,246,0,4.4,,0,0,0,0,0,0,0,0,0,,3000,3000,,0,0,0,0
1612846611808,6,1010123456013,79,,1,0,24,1,1,,16.547,861,183348,3.90557,247,0,8.85714,,13.8387,31,0,0.1,9,66.6667,0,11.2484,31,,3000,3000,,0,0,0,7.09677
1612846612058,6,1010123456013,79,,1,0,24,1,1,,17.9379,870,183193,3.84822,249,0,9,,11.2,10,0,0.1,3,66.6667,0,7.38583,31,,3000,2994,,0,0,0,7.3
1612846612308,6,1010123456013,79,,1,0,24,1,1,,6.33217,858,184517,1.57181,245,0,3.5,,0,0,0,0,0,0,0,0,0,,3000,2994,,0,0,0,0
1612846612558,6,1010123456013,79,,1,0,24,1,1,,12.7793,861,183117,3.07827,246,0,7.5,,0,0,0,0,0,0,0,0,0,,3000,3000,,0,0,0,0
1612846612809,6,1010123456013,79,,1,0,24,1,1,,13.6521,848,183334,2.86779,249,0,7.33333,,14.3462,26,9637,0.1,9,55.5556,0,14.7407,31,,3012,3006,,0,0,0,5.84615
1612846613058,6,1010123456013,79,,1,0,24,1,1,,13.3737,843,183543,2.84903,242,0,6.8,,14.1714,35,0,0.1,11,81.8182,0,4.29383,31,,2988,2970,,0,0,0,7.94286
1612846613308,6,1010123456013,79,,1,0,24,1,1,,19.6846,856,156106,4.85562,246,0,10.3333,,0,0,0,0,0,0,0,0,0,,3000,2976,,0,0,0,0
1612846613558,6,1010123456013,79,,1,0,24,1,1,,11.4839,868,182953,2.63405,250,0,6.5,,0,0,0,0,0,0,0,0,0,,3000,3000,,0,0,0,0
1612846613808,6,1010123456013,79,,1,0,24,1,1,,4.50526,855,183079,1.09571,245,0,4,,3.87097,31,0,0.1,9,0,0,14.65,31,,3000,2976,,0,0,0,1.29032
1612846614058,6,1010123456013,79,,1,0,24,1,1,,16.4645,846,177339,3.71955,248,0,8.66667,,0,12,0,0,4,100,0,0,0,,3000,2982,,0,0,0,0
1612846614308,6,1010123456013,79,,1,0,24,1,1,,10.1663,860,174461,2.21629,247,0,6.66667,,0,0,0,0,0,0,0,0,0,,3000,2958,,0,0,0,0
1612846614558,6,1010123456013,79,,1,0,24,1,1,,11.2459,850,184245,3.1177,244,0,6,,0,0,0,0,0,0,0,0,0,,3000,2964,,0,0,0,0
1612846614809,6,1010123456013,79,,1,0,24,1,1,,17.8741,826,161993,4.17045,242,0,8.42857,,5.17742,62,0,0.1,18,50,0,9.11581,31,,3012,2910,,0,0,0,5.70968
1612846615058,6,1010123456013,79,,1,0,24,1,1,,9.28951,829,153940,2.32363,239,0,7.16667,,8,14,0,0.1,4,75,0,6.62226,31,,2988,2970,,0,0,0,8.07143
1612846615308,6,1010123456013,79,,1,0,24,1,1,,13.8985,867,183023,3.41053,249,0,6.66667,,0,0,0,0,0,0,0,0,0,,3000,2988,,0,0,0,0
1612846615558,6,1010123456013,79,,1,0,24,1,1,,13.0069,866,184459,2.67165,247,0,7.5,,0,0,0,0,0,0,0,0,0,,3000,3000,,0,0,0,0
1612846615808,6,1010123456013,79,,1,0,24,1,1,,9.87967,856,182464,2.39075,247,0,5.71429,,15.0233,43,0,0.1,13,69.2308,0,10.5256,31,,3000,2994,,0,0,0,7.16279
1612846616058,6,1010123456013,79,,1,0,24,1,1,,10.8753,834,183789,2.87405,242,0,6.16667,,15.2836,67,0,0.1,22,95.4545,0,1.48091,31,,3000,2988,,0,0,0,9.59702
1612846616308,6,1010123456013,79,,1,0,24,1,1,,12.109,862,184089,2.38691,247,0,7.16667,,0,0,0,0,0,0,0,0,0,,3000,2904,,0,0,0,0
1612846616558,6,1010123456013,79,,1,0,24,1,1,,11.4925,871,163504,2.88349,249,0,6.16667,,0,0,0,0,0,0,0,0,0,,3000,2994,,0,0,0,0
1612846616808,6,1010123456013,79,,1,0,24,1,1,,20.9234,862,118398,5.46973,247,0,11,,0,0,0,0,0,0,0,0,0,,3000,2994,,0,0,0,0
1612846617058,6,1010123456013,79,,1,0,24,1,1,,12.1288,854,162056,2.8552,243,0,6.5,,0.1,40,0,0.1,11,18.1818,0,2.12182,31,,3000,2988,,0,0,0,2.875
1612846617308,6,1010123456013,79,,1,0,24,1,1,,11.9908,871,183509,2.55946,249,0,6.33333,,0,0,0,0,0,0,0,0,0,,3000,2988,,0,0,0,0
1612846617558,6,1010123456013,79,,1,0,24,1,1,,8.43533,866,183031,1.97027,247,0,5.33333,,0,0,0,0,0,0,0,0,0,,3000,3000,,0,0,0,0
1612846617808,6,1010123456013,79,,1,0,24,1,1,,11.4492,837,182977,2.6351,243,0,6.42857,,15.1034,58,0,0.1,19,84.2105,0,5.76826,31,,3000,2922,,0,0,0,8.60345
1612846618058,6,1010123456013,79,,1,0,24,1,1,,12.3294,856,178921,2.79978,245,0,7.8,,14.8,40,0,0.1,13,92.3077,0,3.87322,31,,3000,2970,,0,0,0,9.175
1612846618308,6,1010123456013,79,,1,0,24,1,1,,16.4773,859,179677,3.51392,246,0,8.66667,,0,0,0,0,0,0,0,0,0,,3000,2982,,0,0,0,0
1612846618558,6,1010123456013,79,,1,0,24,1,1,,11.2755,871,183355,2.6288,248,0,6,,0,0,0,0,0,0,0,0,0,,3000,2964,,0,0,0,0
1612846618809,6,1010123456013,79,,1,0,24,1,1,,5.71239,831,183392,1.24086,242,0,3.71429,,14.9167,48,0,0.17208,16,68.75,0,8.44926,31,,3012,2922,,0,0,0,7.1875
1612846619058,6,1010123456013,79,,1,0,24,1,1,,3.67832,858,183238,1.03007,245,0,3.4,,12.4444,18,0,0.1,6,83.3333,0,1.44691,31,,2988,2988,,0,0,0,8
1612846619308,6,1010123456013,79,,1,0,24,1,1,,15.9287,870,181185,3.86147,249,0,8.6,,0,0,0,0,0,0,0,0,0,,3000,2982,,0,0,0,0
1612846619558,6,1010123456013,79,,1,0,24,1,1,,5.65545,862,183915,1.29926,246,0,4.16667,,0,0,0,0,0,0,0,0,0,,3000,2970,,0,0,0,0
1612846619808,6,1010123456013,79,,1,0,24,1,1,,8.47934,847,182705,1.81757,243,0,6,,12.6316,19,0,0.1,5,80,0,6.47553,31,,3000,2982,,0,0,0,8.57895
1612846620058,6,1010123456013,79,,1,0,24,1,1,,11.8258,861,182736,2.64822,247,0,6.33333,,0.1,16,0,0.1,5,0,0,7.60643,31,,3000,2985,,0,0,0,1
1612846620308,6,1010123456013,79,,1,0,24,1,1,,11.8678,870,183633,2.56797,249,0,6.66667,,0,0,0,0,0,0,0,0,0,,3000,2988,,0,0,0,0
1612846620558,6,1010123456013,79,,1,0,24,1,1,,7.91538,839,183573,1.51222,241,0,5.16667,,0,0,0,0,0,0,0,0,0,,3000,2916,,0,0,0,0
1612846620808,6,1010123456013,79,,1,0,24,1,1,,12.3841,854,183027,2.63814,246,0,7.14286,,4.23529,34,0,0.1,10,30,0,4.69562,31,,3000,2976,,0,0,0,3.38235
1612846621058,6,1010123456013,79,,1,0,24,1,1,,13.4527,846,159788,3.07795,242,0,7.66667,,0,6,0,0.1,2,50,0,0,31,,3000,2910,,0,0,0,0
1612846621308,6,1010123456013,79,,1,0,24,1,1,,7.77546,864,183571,2.04691,248,0,4,,0,0,0,0,0,0,0,0,0,,3000,2970,,0,0,0,0
1612846621558,6,1010123456013,79,,1,0,24,1,1,,14.408,853,183024,2.98947,245,0,7.6,,0,0,0,0,0,0,0,0,0,,3000,2988,,0,0,0,0
1612846621808,6,1010123456013,79,,1,0,24,1,1,,8.39181,855,183317,1.92003,245,0,5.14286,,14.7273,22,0,0.1,6,0,0,32.827,31,,3000,2994,,0,0,0,1
1612846622058,6,1010123456013,79,,1,0,24,1,1,,11.8392,852,183597,2.49158,246,0,6.83333,,15,13,0,0,4,100,0,2.13938,0,,3000,3000,,0,0,0,10
1612846622308,6,1010123456013,79,,1,0,24,1,1,,15.2963,854,183603,3.31213,244,0,6.75,,0,0,0,0,0,0,0,0,0,,3000,2988,,0,0,0,0
1612846622558,6,1010123456013,79,,1,0,24,1,1,,9.15491,865,158654,2.67098,248,0,6.33333,,0,0,0,0,0,0,0,0,0,,3000,3000,,0,0,0,0
1612846622808,6,1010123456013,79,,1,0,24,1,1,,10.2273,836,183466,2.40614,244,0,6,,15.0714,56,0,0.18496,18,72.2222,0,8.55963,31,,3000,2970,,0,0,0,7.26786
1612846623058,6,1010123456013,79,,1,0,24,1,1,,9.4567,843,183300,2.65844,248,0,5.33333,,14.1538,26,0,0.1,8,87.5,0,1.20589,31,,3000,2976,,0,0,0,9.07692
1612846623308,6,1010123456013,79,,1,0,24,1,1,,10.5643,856,184128,2.09808,245,0,6.83333,,0,0,0,0,0,0,0,0,0,,3000,2934,,0,0,0,0
1612846623558,6,1010123456013,79,,1,0,24,1,1,,7.85798,852,183878,2.03069,245,0,4.5,,0,0,0,0,0,0,0,0,0,,3000,2970,,0,0,0,0
1612846623808,6,1010123456013,79,,1,0,24,1,1,,2.65376,852,183924,0.76816,245,0,2,,0,0,0,0,0,0,0,0,0,,3000,2976,,0,0,0,0
1612846624058,6,1010123456013,79,,1,0,24,1,1,,12.3495,824,183670,2.54314,243,0,7.66667,,14.1515,99,0,0.1,33,81.8182,0,3.93717,31,,3000,2976,,0,0,0,8.36364
1612846624308,6,1010123456013,79,,1,0,24,1,1,,2.52852,859,183737,0.878144,246,0,2.16667,,0,0,0,0,0,0,0,0,0,,3000,3000,,0,0,0,0
1612846624558,6,1010123456013,79,,1,0,24,1,1,,12.2826,867,183258,2.5463,248,0,7.6,,0,0,0,0,0,0,0,0,0,,3000,3000,,0,0,0,0
1612846624808,6,1010123456013,79,,1,0,24,1,1,,11.61,859,183596,2.4609,247,0,6.28571,,0,0,0,0,0,0,0,0,0,,3000,3000,,0,0,0,0
1612846625058,6,1010123456013,79,,1,0,24,1,1,,8.90632,854,183380,1.87875,247,0,5.66667,,14.3051,59,0,0.120224,17,70.5882,0,10.2849,31,,3000,3000,,0,0,0,7.1017
1612846625308,6,1010123456013,79,,1,0,24,1,1,,12.4314,867,184477,3.0487,248,0,6.33333,,0,0,0,0,0,0,0,0,0,,3000,2970,,0,0,0,0
1612846625558,6,1010123456013,79,,1,0,24,1,1,,8.48376,862,183731,1.98384,247,0,5.33333,,0,0,0,0,0,0,0,0,0,,3000,3000,,0,0,0,0
1612846625808,6,1010123456013,79,,1,0,24,1,1,,7.92584,836,182680,1.56131,243,0,6.5,,14.7895,19,0,0.1,5,20,0,24.3894,31,,3000,2994,,0,0,0,2.89474
1612846626058,6,1010123456013,79,,1,0,24,1,1,,14.7806,866,183527,4.1903,249,0,6.8,,15,16,0,0,4,100,0,2.99119,0,,3000,2988,,0,0,0,10
1612846626308,6,1010123456013,79,,1,0,24,1,1,,12.2108,854,183928,2.66477,244,0,6.33333,,0,0,0,0,0,0,0,0,0,,3000,2958,,0,0,0,0
1612846626558,6,1010123456013,79,,1,0,24,1,1,,4.4515,866,183671,1.27974,248,0,4,,0,0,0,0,0,0,0,0,0,,3000,3000,,0,0,0,0
1612846626808,6,1010123456013,79,,1,0,24,1,1,,14.7909,861,164533,3.58333,247,0,7,,11.84,25,0,0.1,7,57.1429,0,13.681,31,,3000,2970,,0,0,0,6.2
1612846627058,6,1010123456013,79,,1,0,24,1,1,,3.87808,853,184262,1.00646,248,0,3.83333,,15.2857,21,0,0,6,100,0,2.02126,0,,3000,2982,,0,0,0,10
1612846627308,6,1010123456013,79,,1,0,24,1,1,,5.8885,861,183777,1.31142,246,0,4.83333,,0,0,0,0,0,0,0,0,0,,3000,3000,,0,0,0,0
1612846627558,6,1010123456013,79,,1,0,24,1,1,,11.8258,867,183873,3.05997,248,0,7,,0,0,0,0,0,0,0,0,0,,3000,3000,,0,0,0,0
1612846627808,6,1010123456013,79,,1,0,24,1,1,,13.7601,863,183174,3.06202,248,0,6.71429,,0,0,0,0,0,0,0,0,0,,3000,3000,,0,0,0,0
1612846628058,6,1010123456013,79,,1,0,24,1,1,,7.42014,864,183769,1.59725,246,0,5.66667,,0.1,47,0,0.1,13,30.7692,0,5.50206,31,,3000,2958,,0,0,0,4.87234
1612846628308,6,1010123456013,79,,1,0,24,1,1,,7.07995,863,184339,1.66179,247,0,4.6,,0,0,0,0,0,0,0,0,0,,3000,2994,,0,0,0,0
1612846628558,6,1010123456013,79,,1,0,24,1,1,,13.1326,867,162132,3.13882,248,0,7.5,,0,0,0,0,0,0,0,0,0,,3000,3000,,0,0,0,0
1612846628808,6,1010123456013,79,,1,0,24,1,1,,12.2002,874,184276,2.62918,250,0,7,,17.087,23,0,0.1,6,66.6667,0,16.0338,31,,3000,2988,,0,0,0,7.26087
1612846629058,6,1010123456013,79,,1,0,24,1,1,,10.2601,865,184135,2.30957,248,0,5.5,,9.05952,84,0,0.1,24,75,0,10.7204,31,,3000,2964,,0,0,0,7.64286
1612846629308,6,1010123456013,79,,1,0,24,1,1,,11.5979,863,184247,2.41696,246,0,6.83333,,0,0,0,0,0,0,0,0,0,,3000,2904,,0,0,0,0
1612846629558,6,1010123456013,79,,1,0,24,1,1,,2.82558,860,182467,0.756608,246,0,2.83333,,0,0,0,0,0,0,0,0,0,,3000,2946,,0,0,0,0
1612846629808,6,1010123456013,79,,1,0,24,1,1,,7.85714,847,183104,2.29328,245,0,4.71429,,15.0877,57,0,0.233824,18,66.6667,0,9.86137,31,,3000,2988,,0,0,0,6.84211
1612846630058,6,1010123456013,79,,1,0,24,1,1,,11.605,848,182453,2.59881,248,0,6.5,,13.7931,29,0,0.1,9,88.8889,0,1.2324,0,,3000,3000,,0,0,0,8.75862
1612846630308,6,1010123456013,79,,1,0,24,1,1,,11.9747,868,182585,2.5545,248,0,6.66667,,0,0,0,0,0,0,0,0,0,,3000,2994,,0,0,0,0
1612846630558,6,1010123456013,79,,1,0,24,1,1,,8.34299,863,183106,1.85312,246,0,5.33333,,0,0,0,0,0,0,0,0,0,,3000,3000,,0,0,0,0
1612846630808,6,1010123456013,79,,1,0,24,1,1,,15.6575,838,183658,3.34317,242,0,7.28571,,8.38235,34,5440,0.1,11,36.3636,0,11.9695,31,,3000,3006,,0,0,0,4
1612846631058,6,1010123456013,79,,1,0,24,1,1,,1.63766,839,183406,0.490208,243,0,3.33333,,13.9016,61,0,0.1,22,86.3636,0,4.28697,31,,3000,2970,,0,0,0,8.67213
1612846631308,6,1010123456013,79,,1,0,24,1,1,,7.35473,857,183888,1.70998,245,0,4.5,,0,0,0,0,0,0,0,0,0,,3000,2994,,0,0,0,0
1612846631558,6,1010123456013,79,,1,0,24,1,1,,13.2284,845,183700,2.84842,243,0,6.83333,,0,0,0,0,0,0,0,0,0,,3000,2970,,0,0,0,0
1612846631808,6,1010123456013,79,,1,0,24,1,1,,7.37076,855,183473,1.66413,246,0,5.14286,,13.9565,23,0,0.1,7,85.7143,0,6.36398,31,,3000,2994,,0,0,0,8.82609
1612846632058,6,1010123456013,79,,1,0,24,1,1,,10.9487,838,184627,2.3856,242,0,6,,15.2963,27,0,0.1,8,87.5,0,7.72253,0,,3000,2970,,0,0,0,9
1612846632308,6,1010123456013,79,,1,0,24,1,1,,9.74246,862,183507,2.13488,247,0,6,,0,0,0,0,0,0,0,0,0,,3000,2964,,0,0,0,0
1612846632558,6,1010123456013,79,,1,0,24,1,1,,7.01512,860,182616,1.53706,245,0,4.16667,,0,0,0,0,0,0,0,0,0,,3000,3000,,0,0,0,0
1612846632808,6,1010123456013,79,,1,0,24,1,1,,14.2308,845,183692,3.33216,246,0,7.71429,,15.1875,64,0,0.136096,21,80.9524,0,6.41277,31,,3000,3000,,0,0,0,7.89062
1612846633058,6,1010123456013,79,,1,0,24,1,1,,11.374,853,180272,2.54029,248,0,6.83333,,14.7368,38,0,0.1,12,91.6667,0,0.41545,31,,3000,2988,,0,0,0,9.28947
1612846633308,6,1010123456013,79,,1,0,24,1,1,,10.9026,852,183663,2.42458,244,0,6.33333,,0,0,0,0,0,0,0,0,0,,3000,2928,,0,0,0,0
1612846633558,6,1010123456013,79,,1,0,24,1,1,,10.8351,861,184415,2.45386,247,0,6,,0,0,0,0,0,0,0,0,0,,3000,2988,,0,0,0,0
1612846633808,6,1010123456013,79,,1,0,24,1,1,,17.092,870,183893,3.8793,250,0,8.83333,,0,0,0,0,0,0,0,0,0,,3000,3000,,0,0,0,0
1612846634058,6,1010123456013,79,,1,0,24,1,1,,16.1495,843,172999,3.5335,242,0,8.66667,,0.1,69,0,0.1,20,25,0,4.69987,31,,3000,2988,,0,0,0,3.49275
1612846634308,6,1010123456013,79,,1,0,24,1,1,,12.6182,859,184340,3.43814,246,0,6.5,,0,0,0,0,0,0,0,0,0,,3000,2994,,0,0,0,0
1612846634558,6,1010123456013,79,,1,0,24,1,1,,9.8679,863,183058,2.08842,247,0,4.8,,0,0,0,0,0,0,0,0,0,,3000,2976,,0,0,0,0
1612846634808,6,1010123456013,79,,1,0,24,1,1,,11.8172,859,162072,3.21741,246,0,5.85714,,0,0,0,0,0,0,0,0,0,,3000,2976,,0,0,0,0
1612846635058,6,1010123456013,79,,1,0,24,1,1,,5.89199,861,184064,1.29459,248,0,4.33333,,4.92308,39,0,0.1,12,41.6667,0,5.62558,31,,3000,2988,,0,0,0,4.76923
1612846635308,6,1010123456013,79,,1,0,24,1,1,,6.26359,865,184080,1.55424,246,0,3.5,,0,0,0,0,0,0,0,0,0,,3000,3000,,0,0,0,0
1612846635558,6,1010123456013,79,,1,0,24,1,1,,10.1739,857,183539,2.0951,244,0,6.16667,,0,0,0,0,0,0,0,0,0,,3000,2994,,0,0,0,0
1612846635808,6,1010123456013,79,,1,0,24,1,1,,4.68396,848,182538,1.16528,243,0,3.57143,,5.03333,30,0,0.1,9,11.1111,0,17.6089,31,,3000,2982,,0,0,0,2.2
1612846636058,6,1010123456013,79,,1,0,24,1,1,,8.59434,848,184480,2.05779,246,0,4.33333,,0,3,0,0.1,1,0,0,0,0,,3000,2964,,0,0,0,0
1612846636308,6,1010123456013,79,,1,0,24,1,1,,13.3156,846,182485,2.76214,243,0,7.66667,,0,0,0,0,0,0,0,0,0,,3000,2934,,0,0,0,0
1612846636558,6,1010123456013,79,,1,0,24,1,1,,1.57883,869,183666,0.678784,248,0,1.5,,0,0,0,0,0,0,0,0,0,,3000,3000,,0,0,0,0
1612846636808,6,1010123456013,79,,1,0,24,1,1,,15.8928,858,173912,4.15763,246,0,9.14286,,8.39623,53,0,0.1,15,53.3333,0,9.50876,31,,3000,2985,,0,0,0,5.83019
1612846637058,6,1010123456013,79,,1,0,24,1,1,,20.7136,859,142911,5.29171,246,0,9,,12.2857,14,0,0.1,4,75,0,5.92134,31,,3000,2976,,0,0,0,8.07143
1612846637308,6,1010123456013,79,,1,0,24,1,1,,8.80925,865,182354,1.72854,247,0,5.66667,,0,0,0,0,0,0,0,0,0,,3000,2946,,0,0,0,0
1612846637558,6,1010123456013,79,,1,0,24,1,1,,15.4423,866,180285,4.34102,247,0,8,,0,0,0,0,0,0,0,0,0,,3000,3000,,0,0,0,0
1612846637809,6,1010123456013,79,,1,0,24,1,1,,14.707,860,183235,3.15618,249,0,7.14286,,0,0,0,0,0,0,0,0,0,,3000,3000,,0,0,0,0
1612846638058,6,1010123456013,79,,1,0,24,1,1,,14.6489,846,182462,3.01581,247,0,8.33333,,15,13,0,0,4,100,0,5.39782,0,,3000,3000,,0,0,0,10
1612846638308,6,1010123456013,79,,1,0,24,1,1,,13.3439,852,183591,3.50528,244,0,7,,15,16,0,0,4,100,0,2.25423,0,,3000,2982,,0,0,0,10
1612846638558,6,1010123456013,79,,1,0,24,1,1,,9.64419,860,183950,2.0192,246,0,5.66667,,0,0,0,0,0,0,0,0,0,,3000,2994,,0,0,0,0
1612846638809,6,1010123456013,79,,1,0,24,1,1,,7.13333,855,182240,1.70454,248,0,4.83333,,5.78947,38,0,0.1,12,25,0,17.2689,31,,3012,3006,,0,0,0,2.89474
1612846639058,6,1010123456013,79,,1,0,24,1,1,,17.5087,861,183461,4.12402,246,0,9.2,,5,6,0,0.1,2,50,0,16.4499,31,,2988,2982,,0,0,0,4
1612846639308,6,1010123456013,79,,1,0,24,1,1,,13.6149,875,183973,3.44122,250,0,7,,0,0,0,0,0,0,0,0,0,,3000,2982,,0,0,0,0
1612846639558,6,1010123456013,79,,1,0,24,1,1,,9.07683,859,182771,2.06112,246,0,5.16667,,0,0,0,0,0,0,0,0,0,,3000,3000,,0,0,0,0
1612846639808,6,1010123456013,79,,1,0,24,1,1,,12.8343,851,184267,2.82925,246,0,6.5,,15,18,0,0.1,5,80,0,6.55407,31,,3000,2988,,0,0,0,8.5
1612846640058,6,1010123456013,79,,1,0,24,1,1,,10.0823,863,183785,2.1647,247,0,6,,0.1,17,0,0.1,6,0,0,11.4951,31,,3000,2988,,0,0,0,1
1612846640308,6,1010123456013,79,,1,0,24,1,1,,12.1993,868,183567,2.69939,248,0,7.6,,0,0,0,0,0,0,0,0,0,,3000,2982,,0,0,0,0
1612846640558,6,1010123456013,79,,1,0,24,1,1,,6.54734,866,183210,1.71776,248,0,4.33333,,0,0,0,0,0,0,0,0,0,,3000,3000,,0,0,0,0
1612846640808,6,1010123456013,79,,1,0,24,1,1,,12.2517,862,154836,2.96656,247,0,7,,0,0,0,0,0,0,0,0,0,,3000,3000,,0,0,0,0
1612846641058,6,1010123456013,79,,1,0,24,1,1,,8.77337,856,183073,2.44979,246,0,5.4,,0.1,25,0,0.1,7,14.2857,0,2.72882,31,,3000,2976,,0,0,0,2.68
1612846641308,6,1010123456013,79,,1,0,24,1,1,,9.71445,865,183316,2.17645,248,0,5.33333,,0,0,0,0,0,0,0,0,0,,3000,2970,,0,0,0,0
1612846641558,6,1010123456013,79,,1,0,24,1,1,,17.4118,862,184128,3.64045,248,0,9,,0,0,0,0,0,0,0,0,0,,3000,3000,,0,0,0,0
1612846641808,6,1010123456013,79,,1,0,24,1,1,,16.9408,861,184033,4.00525,248,0,8.14286,,5.80645,31,0,0.1,9,55.5556,0,7.72748,31,,3000,2946,,0,0,0,5.77419
1612846642058,6,1010123456013,79,,1,0,24,1,1,,12.9043,846,184289,2.66413,242,0,7.83333,,3.86567,67,0,0.1,20,50,0,6.82788,31,,2976,2970,,0,0,0,5.29851
1612846642308,6,1010123456013,79,,1,0,24,1,1,,15.3499,863,184069,3.3015,248,0,8,,0,0,0,0,0,0,0,0,0,,3024,3018,,0,0,0,0
1612846642558,6,1010123456013,79,,1,0,24,1,1,,7.74676,849,183330,1.7935,243,0,4.83333,,0,0,0,0,0,0,0,0,0,,3000,2910,,0,0,0,0
1612846642808,6,1010123456013,79,,1,0,24,1,1,,9.96336,846,183373,2.19642,246,0,5.85714,,14.4242,33,0,0.1,10,70,0,9.39345,31,,3000,2904,,0,0,0,7.27273
1612846643058,6,1010123456013,79,,1,0,24,1,1,,13.9716,846,183413,2.8479,245,0,8.16667,,12.6316,19,0,0.1,6,83.3333,0,0.568489,31,,3000,2988,,0,0,0,8.31579
1612846643308,6,1010123456013,79,,1,0,24,1,1,,6.39713,836,170178,1.56346,240,0,4.83333,,0,0,0,0,0,0,0,0,0,,3000,2874,,0,0,0,0
1612846643558,6,1010123456013,79,,1,0,24,1,1,,16.6775,865,162321,4.59798,247,0,8.5,,0,0,0,0,0,0,0,0,0,,3000,2988,,0,0,0,0
1612846643808,6,1010123456013,79,,1,0,24,1,1,,10.4444,855,183456,2.24928,246,0,5.85714,,0,0,0,0,0,0,0,0,0,,3000,2958,,0,0,0,0
1612846644058,6,1010123456013,79,,1,0,24,1,1,,4.21775,845,183601,1.01299,242,0,3.66667,,5.67606,71,0,0.1,22,54.5455,0,9.28613,31,,3000,2988,,0,0,0,5.74648
1612846644308,6,1010123456013,79,,1,0,24,1,1,,13.7506,862,183972,3.05411,247,0,7.16667,,0,0,0,0,0,0,0,0,0,,3000,2976,,0,0,0,0
1612846644558,6,1010123456013,79,,1,0,24,1,1,,10.2462,857,183664,2.1913,244,0,6,,0,0,0,0,0,0,0,0,0,,3000,2970,,0,0,0,0
1612846644808,6,1010123456013,79,,1,0,24,1,1,,7.38178,867,184071,1.63315,248,0,5.14286,,0,0,0,0,0,0,0,0,0,,3000,2970,,0,0,0,0
1612846645058,6,1010123456013,79,,1,0,24,1,1,,6.27976,840,183018,1.57453,244,0,3.83333,,6.57143,63,0,0.1,18,66.6667,0,6.70844,31,,3000,2994,,0,0,0,7.33333
1612846645308,6,1010123456013,79,,1,0,24,1,1,,7.7212,868,183766,2.05722,248,0,4.5,,0,0,0,0,0,0,0,0,0,,3000,2994,,0,0,0,0
1612846645558,6,1010123456013,79,,1,0,24,1,1,,8.4942,862,182984,1.70822,246,0,5.83333,,0,0,0,0,0,0,0,0,0,,3000,2952,,0,0,0,0
1612846645809,6,1010123456013,79,,1,0,24,1,1,,13.9199,836,182324,2.89603,243,0,7.71429,,15.0877,57,0,0.175044,18,72.2222,0,8.04791,31,,3012,3000,,0,0,0,7.31579
1612846646058,6,1010123456013,79,,1,0,24,1,1,,13.5941,850,183182,2.83968,245,0,7.4,,13.2174,23,0,0.1,8,87.5,0,1.42011,31,,2988,2982,,0,0,0,8.43478
1612846646308,6,1010123456013,79,,1,0,24,1,1,,13.4799,871,183186,2.89066,249,0,7.5,,0,0,0,0,0,0,0,0,0,,3000,2994,,0,0,0,0
1612846646558,6,1010123456013,79,,1,0,24,1,1,,9.98826,852,184269,2.64301,244,0,5.83333,,0,0,0,0,0,0,0,0,0,,3000,2994,,0,0,0,0
1612846646808,6,1010123456013,79,,1,0,24,1,1,,10.5352,837,183749,2.18925,242,0,5.14286,,6.0625,32,0,0.1,10,50,0,7.66896,31,,3000,2916,,0,0,0,5.5
1612846647058,6,1010123456013,79,,1,0,24,1,1,,7.07549,861,183090,1.4584,247,0,5.83333,,2,13,0,0.1,4,50,0,1.055,31,,3000,3000,,0,0,0,5.15385
1612846647308,6,1010123456013,79,,1,0,24,1,1,,4.38596,855,183388,1.28144,245,0,3.16667,,0,0,0,0,0,0,0,0,0,,3000,3000,,0,0,0,0
1612846647558,6,1010123456013,79,,1,0,24,1,1,,12.2618,867,182962,2.55258,248,0,7.16667,,0,0,0,0,0,0,0,0,0,,3000,2982,,0,0,0,0
1612846647809,6,1010123456013,79,,1,0,24,1,1,,14.1907,839,182898,2.97488,245,0,8.33333,,0,0,0,0,0,0,0,0,0,,3012,3012,,0,0,0,0
1612846648058,6,1010123456013,79,,1,0,24,1,1,,6.06425,856,184097,1.40218,245,0,3.83333,,7.27273,33,0,0.1,9,44.4444,0,6.15008,31,,2988,2964,,0,0,0,5.36364
1612846648308,6,1010123456013,79,,1,0,24,1,1,,12.0625,864,183410,2.51056,247,0,6.5,,0,0,0,0,0,0,0,0,0,,3000,3000,,0,0,0,0
1612846648558,6,1010123456013,79,,1,0,24,1,1,,15.843,866,184552,3.56106,247,0,8.16667,,0,0,0,0,0,0,0,0,0,,3000,2982,,0,0,0,0
1612846648809,6,1010123456013,79,,1,0,24,1,1,,10.6175,847,183268,2.29571,246,0,6.57143,,14.9388,49,0,0.207904,17,64.7059,0,9.82329,31,,3000,2982,,0,0,0,6.87755
1612846649058,6,1010123456013,79,,1,0,24,1,1,,10.2981,862,183163,2.42824,247,0,5.5,,14.5,32,0,0.1,10,90,0,2.95889,31,,3000,3000,,0,0,0,9.15625
1612846649308,6,1010123456013,79,,1,0,24,1,1,,8.87486,863,184318,2.17702,246,0,5.66667,,0,0,0,0,0,0,0,0,0,,3000,3000,,0,0,0,0
1612846649558,6,1010123456013,79,,1,0,24,1,1,,3.6,875,182991,1.03686,250,0,2.66667,,0,0,0,0,0,0,0,0,0,,3000,3000,,0,0,0,0
1612846649809,6,1010123456013,79,,1,0,24,1,1,,17.4512,851,183296,3.79398,248,0,7.5,,14.4444,18,0,0.1,5,0,0,30.671,31,,3012,3006,,0,0,0,1
1612846650058,6,1010123456013,79,,1,0,24,1,1,,12.8259,850,184545,2.72655,247,0,8,,15,14,0,0,4,100,0,3.0564,0,,2988,2988,,0,0,0,10
1612846650308,6,1010123456013,79,,1,0,24,1,1,,5.98135,858,183793,1.47779,245,0,3.83333,,0,0,0,0,0,0,0,0,0,,3000,2982,,0,0,0,0
1612846650558,6,1010123456013,79,,1,0,24,1,1,,11.4376,857,184432,2.53638,246,0,6.2,,0,0,0,0,0,0,0,0,0,,3000,2994,,0,0,0,0
1612846650808,6,1010123456013,79,,1,0,24,1,1,,12.5116,864,183953,2.68957,249,0,7,,0,0,0,0,0,0,0,0,0,,3000,2994,,0,0,0,0
1612846651058,6,1010123456013,79,,1,0,24,1,1,,11.4182,844,183811,2.34262,243,0,6.5,,5.85366,41,0,0.1,11,45.4545,0,6.00131,31,,3000,2910,,0,0,0,5.39024
1612846651308,6,1010123456013,79,,1,0,24,1,1,,11.726,865,184309,2.61843,248,0,6.5,,0,0,0,0,0,0,0,0,0,,3000,2988,,0,0,0,0
1612846651558,6,1010123456013,79,,1,0,24,1,1,,11.0554,866,183073,2.37437,247,0,6.16667,,0,0,0,0,0,0,0,0,0,,3000,2994,,0,0,0,0
1612846651808,6,1010123456013,79,,1,0,24,1,1,,11.2447,842,183444,2.42125,244,0,5.83333,,1.80645,31,0,0.1,9,0,0,14.6188,31,,3000,2904,,0,0,0,1
1612846652058,6,1010123456013,79,,1,0,24,1,1,,10.4699,864,182785,2.16906,247,0,6.2,,0,9,0,0.1,3,66.6667,0,0,31,,3000,3000,,0,0,0,0
1612846652308,6,1010123456013,79,,1,0,24,1,1,,15.3138,854,135078,4.10838,245,0,8.5,,0,0,0,0,0,0,0,0,0,,3000,2988,,0,0,0,0
1612846652558,6,1010123456013,79,,1,0,24,1,1,,10.4484,843,184076,2.3191,242,0,6,,0,0,0,0,0,0,0,0,0,,3000,2982,,0,0,0,0
1612846652808,6,1010123456013,79,,1,0,24,1,1,,9.93683,839,184052,2.14957,242,0,5.28571,,0,0,0,0,0,0,0,0,0,,3000,2988,,0,0,0,0
1612846653058,6,1010123456013,79,,1,0,24,1,1,,12.7873,837,182421,2.52083,238,0,8.2,,5.94872,39,0,0.1,12,41.6667,0,8.398,31,,3000,2994,,0,0,0,5.07692
1612846653308,6,1010123456013,79,,1,0,24,1,1,,7.36818,861,184319,2.0136,247,0,4.16667,,0,0,0,0,0,0,0,0,0,,3000,3000,,0,0,0,0
1612846653558,6,1010123456013,79,,1,0,24,1,1,,8.73108,859,183466,2.17171,246,0,5.16667,,0,0,0,0,0,0,0,0,0,,3000,2994,,0,0,0,0
1612846653808,6,1010123456013,79,,1,0,24,1,1,,9.6489,863,183503,2.1447,248,0,5.14286,,6.76744,43,0,0.1,12,50,0,7.53298,31,,3000,2964,,0,0,0,5.5814
1612846654058,6,1010123456013,79,,1,0,24,1,1,,2.98256,860,183441,0.75152,245,0,3.16667,,6.46667,15,0,0.1,4,75,0,3.03234,0,,3000,3000,,0,0,0,7.6
1612846654308,6,1010123456013,79,,1,0,24,1,1,,13.9298,869,184005,3.70227,248,0,8,,0,0,0,0,0,0,0,0,0,,3000,2988,,0,0,0,0
1612846654558,6,1010123456013,79,,1,0,24,1,1,,14.2759,870,183199,3.02058,249,0,7.83333,,0,0,0,0,0,0,0,0,0,,3000,3000,,0,0,0,0
1612846654808,6,1010123456013,79,,1,0,24,1,1,,4.91834,845,178790,1.16973,244,0,5,,0.1,27,0,0.1,8,37.5,0,2.13077,31,,3000,2970,,0,0,0,4.55556
1612846655058,6,1010123456013,79,,1,0,24,1,1,,22.353,864,120853,6.12365,248,0,11.4,,9.47368,19,0,0.1,6,66.6667,0,6.30913,0,,3000,3000,,0,0,0,7.31579
1612846655308,6,1010123456013,79,,1,0,24,1,1,,15.8037,866,143296,3.51232,248,0,7.83333,,0,0,0,0,0,0,0,0,0,,3000,2982,,0,0,0,0
1612846655558,6,1010123456013,79,,1,0,24,1,1,,6.61548,853,183050,1.44515,245,0,4.83333,,0,0,0,0,0,0,0,0,0,,3000,2994,,0,0,0,0
1612846655808,6,1010123456013,79,,1,0,24,1,1,,11.5018,847,183732,2.82602,247,0,7.14286,,12.9545,22,0,0.1,7,57.1429,0,11.741,31,,3000,2988,,0,0,0,6.31818
1612846656058,6,1010123456013,79,,1,0,24,1,1,,9.66509,848,183489,2.1545,244,0,5.33333,,10.6667,18,0,0.1,6,83.3333,0,1.24148,31,,3000,2988,,0,0,0,8.5
1612846656308,6,1010123456013,79,,1,0,24,1,1,,8.21631,846,183413,1.76083,242,0,4.66667,,0,0,0,0,0,0,0,0,0,,3000,2940,,0,0,0,0
1612846656558,6,1010123456013,79,,1,0,24,1,1,,3.80047,857,184590,1.02682,246,0,3.16667,,0,0,0,0,0,0,0,0,0,,3000,2988,,0,0,0,0
1612846656808,6,1010123456013,79,,1,0,24,1,1,,12.6138,839,183417,2.91584,242,0,5.71429,,0.1,38,0,0.1,12,50,0,3.72516,31,,3000,2958,,0,0,0,5.81579
1612846657058,6,1010123456013,79,,1,0,24,1,1,,8.96556,842,182135,1.9327,247,0,6.33333,,3.46154,13,0,0.1,4,0,0,21.973,31,,3000,2982,,0,0,0,1
1612846657308,6,1010123456013,79,,1,0,24,1,1,,12.3244,857,183169,2.57206,245,0,7,,0,0,0,0,0,0,0,0,0,,3000,2988,,0,0,0,0
1612846657558,6,1010123456013,79,,1,0,24,1,1,,12.6297,856,162352,3.1319,246,0,7,,0,0,0,0,0,0,0,0,0,,3000,3000,,0,0,0,0
1612846657808,6,1010123456013,79,,1,0,24,1,1,,11.9918,855,183986,2.64384,248,0,6.16667,,15.7,10,0,0.1,3,0,0,28.2964,31,,3000,2958,,0,0,0,1
1612846658058,6,1010123456013,79,,1,0,24,1,1,,8.55569,844,183722,2.0452,245,0,4.5,,0,11,0,0,4,100,0,0,0,,3000,2958,,0,0,0,0
1612846658308,6,1010123456013,79,,1,0,24,1,1,,7.06941,850,183533,1.58253,244,0,5.16667,,0,0,0,0,0,0,0,0,0,,3000,2970,,0,0,0,0
1612846658558,6,1010123456013,79,,1,0,24,1,1,,14.4971,857,182255,3.19034,246,0,8.16667,,0,0,0,0,0,0,0,0,0,,3000,3000,,0,0,0,0
1612846658811,6,1010123456013,79,,1,0,24,1,1,,14.5632,831,183438,3.33094,245,0,8,,15.2239,67,0,0.127652,22,81.8182,0,6.35388,31,,3036,2994,,0,0,0,8.25373
1612846659058,6,1010123456013,79,,1,0,24,1,1,,12.6675,845,184284,3.25415,244,0,6.16667,,13.3333,24,0,0.1,7,85.7143,0,0.415919,31,,2964,2964,,0,0,0,8.5
1612846659308,6,1010123456013,79,,1,0,24,1,1,,11.6815,854,183557,2.42003,244,0,7.16667,,0,0,0,0,0,0,0,0,0,,3000,2940,,0,0,0,0
1612846659558,6,1010123456013,79,,1,0,24,1,1,,8.12065,862,183962,2.10691,247,0,4.83333,,0,0,0,0,0,0,0,0,0,,3000,2988,,0,0,0,0
1612846659809,6,1010123456013,79,,1,0,24,1,1,,16.6241,838,162733,4.13626,243,0,9.28571,,13.8788,33,145561,0.1,10,80,0,6.34665,31,,3000,2922,,0,0,0,8.18182
1612846660058,6,1010123456013,79,,1,0,24,1,1,,8.03787,845,183689,2.00443,246,0,4.5,,8.77778,36,0,0.1,10,50,0,8.53623,31,,3000,2964,,0,0,0,5.5
1612846660308,6,1010123456013,79,,1,0,24,1,1,,8.86474,865,183318,1.92925,249,0,5.66667,,0,0,0,0,0,0,0,0,0,,3000,3000,,0,0,0,0
1612846660558,6,1010123456013,79,,1,0,24,1,1,,13.5419,871,183122,2.80493,250,0,7.66667,,0,0,0,0,0,0,0,0,0,,3000,2988,,0,0,0,0
1612846660808,6,1010123456013,79,,1,0,24,1,1,,9.81861,849,183666,2.43846,244,0,5.57143,,15,14,0,0,4,100,0,1.58609,0,,3000,2970,,0,0,0,10
1612846661058,6,1010123456013,79,,1,0,24,1,1,,8.49182,856,183614,1.79389,245,0,5.83333,,0.1,8,0,0.1,2,0,0,1.50687,31,,3000,2970,,0,0,0,1
1612846661308,6,1010123456013,79,,1,0,24,1,1,,14.5291,858,183365,3.72438,247,0,7.66667,,0,0,0,0,0,0,0,0,0,,3000,3000,,0,0,0,0
1612846661558,6,1010123456013,79,,1,0,24,1,1,,12.8651,845,141923,3.32989,243,0,7.83333,,0,0,0,0,0,0,0,0,0,,3000,2970,,0,0,0,0
1612846661808,6,1010123456013,79,,1,0,24,1,1,,14.3415,855,164919,3.58515,246,0,6.66667,,0,0,0,0,0,0,0,0,0,,3000,2958,,0,0,0,0
1612846662058,6,1010123456013,79,,1,0,24,1,1,,10.5404,842,183078,2.45846,247,0,6.5,,15.3093,97,0,0.136096,32,87.5,0,4.2794,31,,3000,3000,,0,0,0,8.79381
1612846662308,6,1010123456013,79,,1,0,24,1,1,,13.7845,863,182422,2.89968,249,0,7.83333,,0,0,0,0,0,0,0,0,0,,3000,2988,,0,0,0,0
1612846662558,6,1010123456013,79,,1,0,24,1,1,,12.542,869,183973,2.80765,247,0,6.66667,,0,0,0,0,0,0,0,0,0,,3000,3000,,0,0,0,0
1612846662809,6,1010123456013,79,,1,0,24,1,1,,8.34007,841,182468,1.74859,246,0,5.28571,,0.1,27,0,0.1,8,0,0,8.03281,31,,3000,2982,,0,0,0,1.11111
1612846663058,6,1010123456013,79,,1,0,24,1,1,,16.5887,851,183505,3.53478,248,0,8.66667,,0,12,0,0,4,100,0,0,0,,3000,2964,,0,0,0,0
1612846663308,6,1010123456013,79,,1,0,24,1,1,,9.36447,867,183763,2.06877,249,0,5,,0,0,0,0,0,0,0,0,0,,3000,2988,,0,0,0,0
1612846663558,6,1010123456013,79,,1,0,24,1,1,,7.65854,861,184233,1.71594,247,0,5.33333,,0,0,0,0,0,0,0,0,0,,3000,2994,,0,0,0,0
1612846663808,6,1010123456013,79,,1,0,24,1,1,,16.9772,834,168985,3.91754,243,0,7.85714,,0,0,0,0,0,0,0,0,0,,3000,2994,,0,0,0,0
1612846664058,6,1010123456013,79,,1,0,24,1,1,,5.0331,846,184014,1.34583,249,0,3.5,,14.7253,91,0,0.241253,29,75.8621,0,6.94753,31,,3000,3000,,0,0,0,7.79121
1612846664308,6,1010123456013,79,,1,0,24,1,1,,8.73578,844,183004,1.83318,243,0,6.8,,0,0,0,0,0,0,0,0,0,,3000,2994,,0,0,0,0
1612846664558,6,1010123456013,79,,1,0,24,1,1,,10.9685,856,183938,2.3897,246,0,5.66667,,0,0,0,0,0,0,0,0,0,,3000,2952,,0,0,0,0
1612846664810,6,1010123456013,79,,1,0,24,1,1,,5.11723,853,182960,1.16841,249,0,4.5,,0,0,0,0,0,0,0,0,0,,3024,3018,,0,0,0,0
1612846665058,6,1010123456013,79,,1,0,24,1,1,,16.1362,859,183438,3.97898,247,0,8,,3.62903,62,0,0.1,18,88.8889,0,2.83129,31,,2976,2916,,0,0,0,9.03226
1612846665308,6,1010123456013,79,,1,0,24,1,1,,7.17386,857,182941,1.60208,245,0,5.16667,,0,0,0,0,0,0,0,0,0,,3000,2994,,0,0,0,0
1612846665558,6,1010123456013,79,,1,0,24,1,1,,1.76593,863,184573,0.720544,245,0,2.5,,0,0,0,0,0,0,0,0,0,,3000,3000,,0,0,0,0
1612846665808,6,1010123456013,79,,1,0,24,1,1,,12.5696,848,183383,2.68864,244,0,6.14286,,1.33333,36,0,0.1,10,0,0,10.4433,31,,3000,2994,,0,0,0,1
1612846666058,6,1010123456013,79,,1,0,24,1,1,,8.15197,862,183676,1.74458,246,0,5.66667,,0,12,0,0,4,100,0,0,0,,3000,2994,,0,0,0,0
1612846666308,6,1010123456013,79,,1,0,24,1,1,,13.1445,858,183770,3.14445,246,0,6.4,,0,0,0,0,0,0,0,0,0,,3000,2994,,0,0,0,0
1612846666558,6,1010123456013,79,,1,0,24,1,1,,6.93103,870,182997,1.61878,249,0,3,,0,0,0,0,0,0,0,0,0,,3000,2982,,0,0,0,0
1612846666808,6,1010123456013,79,,1,0,24,1,1,,14.752,859,183420,3.36966,246,0,7.71429,,0,0,0,0,0,0,0,0,0,,3000,2994,,0,0,0,0
1612846667058,6,1010123456013,79,,1,0,24,1,1,,7.60859,861,182938,1.58666,247,0,5.5,,1.93548,31,0,0.1,9,11.1111,0,11.7413,31,,3000,2994,,0,0,0,1.87097
1612846667308,6,1010123456013,79,,1,0,24,1,1,,14.6833,862,175778,3.70982,246,0,7.33333,,0,0,0,0,0,0,0,0,0,,3000,2982,,0,0,0,0
1612846667558,6,1010123456013,79,,1,0,24,1,1,,13.416,863,183624,2.78371,247,0,7.66667,,0,0,0,0,0,0,0,0,0,,3000,2970,,0,0,0,0
1612846667808,6,1010123456013,79,,1,0,24,1,1,,4.5422,865,182808,1.07798,247,0,3.85714,,0,12,0,0,4,100,0,0,0,,3000,2958,,0,0,0,0
1612846668058,6,1010123456013,79,,1,0,24,1,1,,9.18881,858,183179,1.9929,246,0,5.5,,3.85714,7,0,0.1,2,0,0,30.1173,31,,3000,3000,,0,0,0,1
1612846668308,6,1010123456013,79,,1,0,24,1,1,,17.4557,858,168445,3.9488,246,0,9,,0,0,0,0,0,0,0,0,0,,3000,3000,,0,0,0,0
1612846668558,6,1010123456013,79,,1,0,24,1,1,,17.876,871,176978,3.844,249,0,9,,0,0,0,0,0,0,0,0,0,,3000,3000,,0,0,0,0
1612846668808,6,1010123456013,79,,1,0,24,1,1,,13.6441,843,183429,2.92605,247,0,6.85714,,13.9091,11,0,0.1,3,0,0,31.6931,31,,3000,2970,,0,0,0,1
1612846669058,6,1010123456013,79,,1,0,24,1,1,,12.7021,866,173222,2.67136,248,0,8.66667,,15,13,0,0,4,100,0,3.149,0,,3000,2988,,0,0,0,10
1612846669308,6,1010123456013,79,,1,0,24,1,1,,16.4478,853,183953,3.852,245,0,8.16667,,0,0,0,0,0,0,0,0,0,,3000,2946,,0,0,0,0
1612846669558,6,1010123456013,79,,1,0,24,1,1,,8.51225,857,183422,2.03117,244,0,5,,0,0,0,0,0,0,0,0,0,,3000,2994,,0,0,0,0
1612846669808,6,1010123456013,79,,1,0,24,1,1,,13.0105,856,165267,3.07421,245,0,7.71429,,0,0,0,0,0,0,0,0,0,,3000,2964,,0,0,0,0
1612846670058,6,1010123456013,79,,1,0,24,1,1,,5.85121,867,184054,1.42496,248,0,3.5,,0.1,33,0,0.1,10,10,0,2.28967,31,,3000,2994,,0,0,0,1.81818
1612846670308,6,1010123456013,79,,1,0,24,1,1,,6.62282,859,183143,1.5016,245,0,4.66667,,0,0,0,0,0,0,0,0,0,,3000,2982,,0,0,0,0
1612846670558,6,1010123456013,79,,1,0,24,1,1,,14.4779,860,184561,2.9777,245,0,7.83333,,0,0,0,0,0,0,0,0,0,,3000,2958,,0,0,0,0
1612846670808,6,1010123456013,79,,1,0,24,1,1,,4.87273,825,183885,1.13664,240,0,3.71429,,12.0204,49,0,0.1,16,81.25,0,6.28764,31,,3000,2976,,0,0,0,8.34694
1612846671058,6,1010123456013,79,,1,0,24,1,1,,4.2949,824,183548,1.02061,240,0,3.83333,,12,40,0,0.1,13,76.9231,0,0.780276,31,,3000,2952,,0,0,0,8.15
1612846671308,6,1010123456013,79,,1,0,24,1,1,,13.4617,849,154959,3.67853,246,0,7.5,,0,0,0,0,0,0,0,0,0,,3000,2952,,0,0,0,0
1612846671558,6,1010123456013,79,,1,0,24,1,1,,14.0914,864,183434,2.87747,249,0,7.83333,,0,0,0,0,0,0,0,0,0,,3000,2994,,0,0,0,0
1612846671808,6,1010123456013,79,,1,0,24,1,1,,10.7724,861,183972,2.32611,247,0,5.14286,,0,0,0,0,0,0,0,0,0,,3000,2994,,0,0,0,0
1612846672058,6,1010123456013,79,,1,0,24,1,1,,10.2577,842,182639,2.16448,246,0,6.16667,,14.4478,67,0,0.203616,21,66.6667,0,8.4361,31,,3000,2985,,0,0,0,6.91045
1612846672308,6,1010123456013,79,,1,0,24,1,1,,4.43845,853,184025,1.15917,246,0,3.6,,0,0,0,0,0,0,0,0,0,,3000,2982,,0,0,0,0
1612846672558,6,1010123456013,79,,1,0,24,1,1,,13.4357,863,173622,3.66902,247,0,7.5,,0,0,0,0,0,0,0,0,0,,3000,2982,,0,0,0,0
1612846672808,6,1010123456013,79,,1,0,24,1,1,,13.5035,860,183862,2.8761,250,0,6.85714,,0,0,0,0,0,0,0,0,0,,3000,2994,,0,0,0,0
1612846673058,6,1010123456013,79,,1,0,24,1,1,,7.47431,837,183137,1.59379,242,0,5.83333,,14.377,61,0,0.122144,21,76.1905,0,7.44499,31,,3000,2934,,0,0,0,7.93443
1612846673308,6,1010123456013,79,,1,0,24,1,1,,11.8089,853,182980,2.89667,245,0,7.8,,0,0,0,0,0,0,0,0,0,,3000,2970,,0,0,0,0
1612846673558,6,1010123456013,79,,1,0,24,1,1,,9.75574,872,183294,2.2791,248,0,5.5,,0,0,0,0,0,0,0,0,0,,3000,2979,,0,0,0,0
1612846673808,6,1010123456013,79,,1,0,24,1,1,,6.26464,854,158817,1.73923,245,0,5.14286,,0,0,0,0,0,0,0,0,0,,3000,3000,,0,0,0,0
1612846674058,6,1010123456013,79,,1,0,24,1,1,,15.3819,864,160154,4.34317,248,0,7,,7.5102,49,0,0.1,14,57.1429,0,4.70253,31,,3000,2994,,0,0,0,6.20408
1612846674308,6,1010123456013,79,,1,0,24,1,1,,6.43543,875,184483,1.45658,250,0,4.66667,,0,0,0,0,0,0,0,0,0,,3000,2976,,0,0,0,0
1612846674558,6,1010123456013,79,,1,0,24,1,1,,4.79027,863,183625,1.04899,247,0,4.16667,,0,0,0,0,0,0,0,0,0,,3000,2988,,0,0,0,0
1612846674809,6,1010123456013,79,,1,0,24,1,1,,10.7319,843,184311,2.36752,245,0,5.16667,,7.85,40,0,0.105243,12,25,0,16.5866,31,,3012,3000,,0,0,0,3.125
1612846675058,6,1010123456013,79,,1,0,24,1,1,,8.17019,852,183045,1.63171,243,0,5.5,,15.1579,76,0,0.1,25,92,0,3.00928,31,,2988,2988,,0,0,0,9.05263
1612846675308,6,1010123456013,79,,1,0,24,1,1,,7.94111,866,166437,1.90915,247,0,5.83333,,0,0,0,0,0,0,0,0,0,,3000,3000,,0,0,0,0
1612846675558,6,1010123456013,79,,1,0,24,1,1,,12.5234,854,183361,2.9655,244,0,6.66667,,0,0,0,0,0,0,0,0,0,,3000,2988,,0,0,0,0
1612846675808,6,1010123456013,79,,1,0,24,1,1,,16.0266,865,183377,3.3704,249,0,8.42857,,0,0,0,0,0,0,0,0,0,,3000,3000,,0,0,0,0
1612846676058,6,1010123456013,79,,1,0,24,1,1,,8.91418,839,183673,2.13514,245,0,5.33333,,14.2553,94,0,0.141984,30,80,0,6.31888,31,,3000,2982,,0,0,0,7.89362
1612846676308,6,1010123456013,79,,1,0,24,1,1,,12.4782,870,183678,3.03933,249,0,6.83333,,0,0,0,0,0,0,0,0,0,,3000,3000,,0,0,0,0
1612846676558,6,1010123456013,79,,1,0,24,1,1,,12.1257,867,171472,2.60512,248,0,7.33333,,0,0,0,0,0,0,0,0,0,,3000,3000,,0,0,0,0
1612846676808,6,1010123456013,79,,1,0,24,1,1,,9.29147,844,183124,2.18467,243,0,5.57143,,12.4737,57,135786,0.1,16,50,0,15.432,31,,3000,2970,,0,0,0,5.70175
1612846677058,6,1010123456013,79,,1,0,24,1,1,,9.86082,855,183829,2.44537,248,0,5.66667,,15.4074,81,0,0.11592,27,88.8889,0,4.1811,31,,3000,3000,,0,0,0,8.88889
1612846677308,6,1010123456013,79,,1,0,24,1,1,,13.6523,860,179517,3.36653,246,0,7.16667,,0,0,0,0,0,0,0,0,0,,3000,2982,,0,0,0,0
1612846677558,6,1010123456013,79,,1,0,24,1,1,,11.7287,855,182605,2.4609,245,0,7,,0,0,0,0,0,0,0,0,0,,3000,3000,,0,0,0,0
1612846677808,6,1010123456013,79,,1,0,24,1,1,,7.6142,845,184609,1.80144,245,0,4.57143,,14.1429,14,0,0.1,4,25,0,25.227,31,,3000,2982,,0,0,0,3.85714
1612846678058,6,1010123456013,79,,1,0,24,1,1,,10.7101,821,183468,2.23836,243,0,6.16667,,0,10,0,0,4,100,0,0,0,,3000,2964,,0,0,0,0
1612846678308,6,1010123456013,79,,1,0,24,1,1,,5.95105,858,182783,1.31456,244,0,4.16667,,0,0,0,0,0,0,0,0,0,,3000,2988,,0,0,0,0
1612846678558,6,1010123456013,79,,1,0,24,1,1,,12.2051,863,183925,2.56906,247,0,7,,0,0,0,0,0,0,0,0,0,,3000,3000,,0,0,0,0
1612846678808,6,1010123456013,79,,1,0,24,1,1,,17.9357,855,183110,3.8232,247,0,9,,15,14,0,0,4,100,0,0.548868,0,,3000,3000,,0,0,0,10
1612846679058,6,1010123456013,79,,1,0,24,1,1,,11.3022,857,183833,2.52842,245,0,6.16667,,1.13208,53,0,0.1,15,46.6667,0,7.59613,31,,3000,2982,,0,0,0,5.24528
1612846679308,6,1010123456013,79,,1,0,24,1,1,,4.53684,855,182872,0.98912,244,0,3.66667,,0,0,0,0,0,0,0,0,0,,3000,2964,,0,0,0,0
1612846679558,6,1010123456013,79,,1,0,24,1,1,,10.4014,867,183589,2.41907,248,0,5.66667,,0,0,0,0,0,0,0,0,0,,3000,2994,,0,0,0,0
1612846679808,6,1010123456013,79,,1,0,24,1,1,,13.236,860,162462,3.44067,247,0,8.66667,,15,19,257,0.1,5,80,0,8.03438,31,,3000,3000,,0,0,0,8.57895
1612846680058,6,1010123456013,79,,1,0,24,1,1,,4.92208,847,183523,1.2168,245,0,2.5,,0.1,17,0,0.1,5,0,0,2.51256,31,,3000,2952,,0,0,0,1.17647
1612846680308,6,1010123456013,79,,1,0,24,1,1,,14.0604,861,183520,3.36016,247,0,8.33333,,0,0,0,0,0,0,0,0,0,,3000,2988,,0,0,0,0
1612846680558,6,1010123456013,79,,1,0,24,1,1,,13.9472,852,141057,3.85341,243,0,6.8,,0,0,0,0,0,0,0,0,0,,3000,3000,,0,0,0,0
1612846680808,6,1010123456013,79,,1,0,24,1,1,,8.4438,863,183540,1.90758,248,0,6.33333,,0.1,39,14426,0.1,11,36.3636,0,6.14236,31,,3000,2970,,0,0,0,4.46154
1612846681058,6,1010123456013,79,,1,0,24,1,1,,16.6791,857,183956,3.61331,248,0,8.2,,14.2222,72,0,0.1,22,90.9091,0,1.47009,0,,3000,2988,,0,0,0,9.05556
1612846681308,6,1010123456013,79,,1,0,24,1,1,,15.3458,856,183928,3.12259,245,0,8.2,,0,0,0,0,0,0,0,0,0,,3000,2952,,0,0,0,0
1612846681558,6,1010123456013,79,,1,0,24,1,1,,10.2773,869,183936,2.25728,248,0,6,,0,0,0,0,0,0,0,0,0,,3000,2988,,0,0,0,0
1612846681808,6,1010123456013,79,,1,0,24,1,1,,11.2485,849,183689,2.38246,246,0,6.5,,13.6471,34,430,0.1,9,88.8889,0,4.7764,31,,3000,2964,,0,0,0,8.94118
1612846682058,6,1010123456013,79,,1,0,24,1,1,,13.6767,860,162575,3.4153,246,0,7.4,,0.1,20,0,0.1,6,0,0,4.72242,31,,3000,2976,,0,0,0,1
1612846682308,6,1010123456013,79,,1,0,24,1,1,,10.1031,863,181806,2.12602,246,0,5.66667,,0,0,0,0,0,0,0,0,0,,3000,3000,,0,0,0,0
1612846682558,6,1010123456013,79,,1,0,24,1,1,,8.72242,861,183574,1.94998,247,0,5.5,,0,0,0,0,0,0,0,0,0,,3000,2946,,0,0,0,0
1612846682809,6,1010123456013,79,,1,0,24,1,1,,14.8077,858,171669,3.4582,247,0,8.28571,,13.3929,28,138206,0.1,9,77.7778,0,8.45435,31,,3012,2958,,0,0,0,7.75
1612846683058,6,1010123456013,79,,1,0,24,1,1,,6.90985,843,183611,1.90098,244,0,4,,11.2727,88,0,0.122602,26,92.3077,0,2.3686,0,,2988,2922,,0,0,0,9.38636
1612846683308,6,1010123456013,79,,1,0,24,1,1,,13.1172,862,184179,2.78816,248,0,7.66667,,0,0,0,0,0,0,0,0,0,,3000,2994,,0,0,0,0
1612846683558,6,1010123456013,79,,1,0,24,1,1,,11.6566,859,183624,2.35523,247,0,7,,0,0,0,0,0,0,0,0,0,,3000,2982,,0,0,0,0
1612846683808,6,1010123456013,79,,1,0,24,1,1,,10.0293,852,182894,2.1224,245,0,6.42857,,0,0,0,0,0,0,0,0,0,,3000,2994,,0,0,0,0
1612846684058,6,1010123456013,79,,1,0,24,1,1,,12.8233,860,175242,3.0761,248,0,7.5,,14.0556,36,0,0.1,12,66.6667,0,8.60122,31,,3000,3000,,0,0,0,7.5
1612846684308,6,1010123456013,79,,1,0,24,1,1,,8.49884,864,182758,2.16083,248,0,4.83333,,0,0,0,0,0,0,0,0,0,,3000,3000,,0,0,0,0
1612846684558,6,1010123456013,79,,1,0,24,1,1,,6.26698,854,184061,1.42813,245,0,4.33333,,0,0,0,0,0,0,0,0,0,,3000,2916,,0,0,0,0
1612846684808,6,1010123456013,79,,1,0,24,1,1,,3.30271,849,184032,0.924512,245,0,3,,0.1,34,0,0.1,10,70,0,2.69551,31,,3000,2952,,0,0,0,7.35294
1612846685058,6,1010123456013,79,,1,0,24,1,1,,8.46336,846,183210,1.70042,244,0,5.83333,,2.72727,22,0,0.1,6,0,0,12.017,31,,3000,2994,,0,0,0,1
1612846685308,6,1010123456013,79,,1,0,24,1,1,,11.1483,863,183404,2.57341,247,0,5.4,,0,0,0,0,0,0,0,0,0,,3000,3000,,0,0,0,0
1612846685558,6,1010123456013,79,,1,0,24,1,1,,15.2624,869,184081,3.1575,248,0,8.33333,,0,0,0,0,0,0,0,0,0,,3000,3000,,0,0,0,0
1612846685808,6,1010123456013,79,,1,0,24,1,1,,7.37939,854,184240,1.74688,248,0,5.14286,,14.1,10,0,0.1,3,0,0,30.0821,31,,3000,2994,,0,0,0,1
1612846686058,6,1010123456013,79,,1,0,24,1,1,,9.41399,872,171307,1.94095,250,0,7,,15,16,0,0,4,100,0,1.69579,0,,3000,2982,,0,0,0,10
1612846686308,6,1010123456013,79,,1,0,24,1,1,,17.0863,869,167061,4.56352,248,0,8.16667,,0,0,0,0,0,0,0,0,0,,3000,3000,,0,0,0,0
1612846686558,6,1010123456013,79,,1,0,24,1,1,,7.66047,860,183440,1.59258,246,0,5.16667,,0,0,0,0,0,0,0,0,0,,3000,2982,,0,0,0,0
1612846686808,6,1010123456013,79,,1,0,24,1,1,,2.28005,857,181922,0.638304,247,0,3.14286,,0.1,16,120,0.1,4,75,0,0.915257,31,,3000,2982,,0,0,0,7.75
1612846687058,6,1010123456013,79,,1,0,24,1,1,,14.071,859,183405,2.98252,247,0,7.66667,,7.64,25,0,0.1,9,44.4444,0,9.6829,31,,3000,2994,,0,0,0,4.96
1612846687308,6,1010123456013,79,,1,0,24,1,1,,10.1045,861,149632,2.79066,246,0,6.5,,0,0,0,0,0,0,0,0,0,,3000,2988,,0,0,0,0
1612846687558,6,1010123456013,79,,1,0,24,1,1,,5.94425,861,184472,1.71344,247,0,3.33333,,0,0,0,0,0,0,0,0,0,,3000,3000,,0,0,0,0
1612846687808,6,1010123456013,79,,1,0,24,1,1,,11.7981,837,178562,2.29888,242,0,7.85714,,16.2558,43,0,0.1,14,71.4286,0,12.652,31,,3000,2982,,0,0,0,7.16279
1612846688058,6,1010123456013,79,,1,0,24,1,1,,13.1807,858,183072,3.31171,247,0,6.33333,,14.8293,41,0,0.1,14,92.8571,0,3.19419,31,,3000,2988,,0,0,0,9.34146
1612846688308,6,1010123456013,79,,1,0,24,1,1,,3.64836,856,183488,1.02774,245,0,2.16667,,0,0,0,0,0,0,0,0,0,,3000,2994,,0,0,0,0
1612846688558,6,1010123456013,79,,1,0,24,1,1,,9.34757,866,184040,2.0761,249,0,5.5,,0,0,0,0,0,0,0,0,0,,3000,2955,,0,0,0,0
1612846688809,6,1010123456013,79,,1,0,24,1,1,,15.9527,846,182751,3.2821,248,0,8.42857,,13.9091,11,0,0.1,3,0,0,33.2391,31,,3000,2982,,0,0,0,1
1612846689058,6,1010123456013,79,,1,0,24,1,1,,9.39307,837,182558,2.11473,241,0,5.5,,15,13,0,0,4,100,0,0.601626,0,,3000,2970,,0,0,0,10
1612846689308,6,1010123456013,79,,1,0,24,1,1,,12.5248,848,182984,2.71795,244,0,6.33333,,0,0,0,0,0,0,0,0,0,,3000,2976,,0,0,0,0
1612846689558,6,1010123456013,79,,1,0,24,1,1,,18.1425,863,124126,4.76301,248,0,10.5,,0,0,0,0,0,0,0,0,0,,3000,2970,,0,0,0,0
1612846689808,6,1010123456013,79,,1,0,24,1,1,,13.9597,844,162219,3.13379,245,0,7.28571,,0,0,0,0,0,0,0,0,0,,3000,2994,,0,0,0,0
1612846690058,6,1010123456013,79,,1,0,24,1,1,,6.46262,856,183921,1.42858,245,0,5.2,,0.1,32,0,0.1,9,11.1111,0,9.07634,31,,3000,2994,,0,0,0,2.625
1612846690308,6,1010123456013,79,,1,0,24,1,1,,19.1397,859,147005,4.52486,246,0,11.2,,0,0,0,0,0,0,0,0,0,,3000,3000,,0,0,0,0
1612846690558,6,1010123456013,79,,1,0,24,1,1,,7.60371,863,184154,2.18774,247,0,4.83333,,0,0,0,0,0,0,0,0,0,,3000,2988,,0,0,0,0
1612846690808,6,1010123456013,79,,1,0,24,1,1,,14.4434,857,181054,3.5,249,0,7.42857,,13.4118,17,0,0.1,6,66.6667,0,10.46,31,,3000,2994,,0,0,0,7.52941
1612846691058,6,1010123456013,79,,1,0,24,1,1,,14.4924,857,171801,3.55508,248,0,8.16667,,0,5,0,0.1,2,50,0,0,0,,3000,2994,,0,0,0,0
1612846691308,6,1010123456013,79,,1,0,24,1,1,,5.32795,866,173838,1.26045,247,0,4.2,,0,0,0,0,0,0,0,0,0,,3000,3000,,0,0,0,0
1612846691558,6,1010123456013,79,,1,0,24,1,1,,9.29814,862,183169,2.13782,247,0,5.33333,,0,0,0,0,0,0,0,0,0,,3000,2994,,0,0,0,0
1612846691808,6,1010123456013,79,,1,0,24,1,1,,13.688,843,183624,2.84435,242,0,7,,0,0,0,0,0,0,0,0,0,,3000,2976,,0,0,0,0
1612846692058,6,1010123456013,79,,1,0,24,1,1,,6.58088,816,182375,1.41034,241,0,5,,14.3803,71,0,0.1,24,83.3333,0,4.51335,31,,3000,2946,,0,0,0,8.09859
1612846692308,6,1010123456013,79,,1,0,24,1,1,,12.9642,866,173555,2.95606,249,0,6.6,,0,0,0,0,0,0,0,0,0,,3000,2982,,0,0,0,0
1612846692558,6,1010123456013,79,,1,0,24,1,1,,12.3454,857,183571,2.85494,245,0,6.33333,,0,0,0,0,0,0,0,0,0,,3000,2988,,0,0,0,0
1612846692808,6,1010123456013,79,,1,0,24,1,1,,4.37943,846,183475,1.13629,245,0,4.42857,,2.63415,41,0,0.1,12,25,0,12.117,31,,3000,2970,,0,0,0,3.56098
1612846693058,6,1010123456013,79,,1,0,24,1,1,,10.745,843,184084,2.51296,246,0,5.33333,,0.1,10,0,0.1,3,0,0,16.3717,31,,3000,2970,,0,0,0,1
1612846693308,6,1010123456013,79,,1,0,24,1,1,,7.39044,858,183067,1.6433,247,0,6,,0,0,0,0,0,0,0,0,0,,3000,2994,,0,0,0,0
1612846693558,6,1010123456013,79,,1,0,24,1,1,,8.83372,866,183780,1.81072,247,0,5.83333,,0,0,0,0,0,0,0,0,0,,3000,2994,,0,0,0,0
1612846693809,6,1010123456013,79,,1,0,24,1,1,,11.6153,850,179503,2.73377,246,0,7,,13.4348,23,1624,0.1,6,50,0,15.8767,31,,3012,3006,,0,0,0,5.86957
1612846694058,6,1010123456013,79,,1,0,24,1,1,,16.1188,850,182842,3.79075,247,0,8,,16,88,0,0.1,29,96.5517,0,1.99004,0,,2988,2988,,0,0,0,9.69318
1612846694308,6,1010123456013,79,,1,0,24,1,1,,11.0563,852,183415,2.28029,245,0,6.33333,,0,0,0,0,0,0,0,0,0,,3000,2964,,0,0,0,0
1612846694558,6,1010123456013,79,,1,0,24,1,1,,12.1542,869,184050,2.95715,247,0,6.83333,,0,0,0,0,0,0,0,0,0,,3000,2934,,0,0,0,0
1612846694808,6,1010123456013,79,,1,0,24,1,1,,6.80404,842,184110,1.4097,241,0,4.33333,,0.1,34,0,0.1,9,11.1111,0,9.1228,31,,3000,2958,,0,0,0,2.41176
1612846695058,6,1010123456013,79,,1,0,24,1,1,,10.0163,861,183317,2.1473,247,0,6.66667,,0,3,0,0.1,1,0,0,0,31,,3000,2988,,0,0,0,0
1612846695308,6,1010123456013,79,,1,0,24,1,1,,9.07036,867,182809,1.9511,248,0,5.5,,0,0,0,0,0,0,0,0,0,,3000,2988,,0,0,0,0
1612846695558,6,1010123456013,79,,1,0,24,1,1,,16.2216,871,171713,3.78614,249,0,8.66667,,0,0,0,0,0,0,0,0,0,,3000,3000,,0,0,0,0
1612846695808,6,1010123456013,79,,1,0,24,1,1,,17.2483,866,184080,3.65968,249,0,8.85714,,0,0,0,0,0,0,0,0,0,,3000,3000,,0,0,0,0
1612846696058,6,1010123456013,79,,1,0,24,1,1,,8.64965,862,184196,1.88758,249,0,3.25,,0.1,79,0,0.1,24,50,0,1.94563,31,,3000,2910,,0,0,0,5.83544
1612846696308,6,1010123456013,79,,1,0,24,1,1,,8.53864,867,184400,1.99866,248,0,4.83333,,0,0,0,0,0,0,0,0,0,,3000,3000,,0,0,0,0
1612846696558,6,1010123456013,79,,1,0,24,1,1,,3.78012,855,183645,0.906752,246,0,3.5,,0,0,0,0,0,0,0,0,0,,3000,2970,,0,0,0,0
1612846696808,6,1010123456013,79,,1,0,24,1,1,,13.1366,871,183317,2.84534,249,0,7.14286,,0,0,0,0,0,0,0,0,0,,3000,2982,,0,0,0,0
1612846697058,6,1010123456013,79,,1,0,24,1,1,,14.9471,851,183537,3.18682,248,0,7.66667,,3.54286,35,0,0.120096,10,0,0,10.2425,31,,3000,2946,,0,0,0,1
1612846697308,6,1010123456013,79,,1,0,24,1,1,,9.53396,854,184546,2.15955,246,0,6.16667,,0,0,0,0,0,0,0,0,0,,3000,2970,,0,0,0,0
1612846697558,6,1010123456013,79,,1,0,24,1,1,,6.10164,856,183348,1.216,246,0,5,,0,0,0,0,0,0,0,0,0,,3000,2976,,0,0,0,0
1612846697808,6,1010123456013,79,,1,0,24,1,1,,12.4888,851,180159,2.62595,245,0,6.85714,,0,0,0,0,0,0,0,0,0,,3000,2994,,0,0,0,0
1612846698058,6,1010123456013,79,,1,0,24,1,1,,10.632,845,183750,2.72371,248,0,5.8,,14.6667,42,0,0.1,13,76.9231,0,12.7674,31,,3000,2994,,0,0,0,7.85714
1612846698308,6,1010123456013,79,,1,0,24,1,1,,10.9317,864,182398,2.18442,247,0,7.4,,0,0,0,0,0,0,0,0,0,,3000,2982,,0,0,0,0
1612846698558,6,1010123456013,79,,1,0,24,1,1,,13.5804,858,184578,3.4257,245,0,7.16667,,0,0,0,0,0,0,0,0,0,,3000,2970,,0,0,0,0
1612846698808,6,1010123456013,79,,1,0,24,1,1,,8.17903,849,184661,1.71363,243,0,5.14286,,0,0,0,0,0,0,0,0,0,,3000,2952,,0,0,0,0
1612846699058,6,1010123456013,79,,1,0,24,1,1,,11.6821,862,183474,2.4751,247,0,6.33333,,15,14,0,0,4,100,0,2.28621,0,,3000,3000,,0,0,0,10
1612846699308,6,1010123456013,79,,1,0,24,1,1,,11.2061,859,184307,2.36506,246,0,6.2,,0.1,7,0,0.1,2,0,0,0.546278,31,,3000,2994,,0,0,0,3.57143
1612846699558,6,1010123456013,79,,1,0,24,1,1,,7.6153,863,182789,1.64899,247,0,4.33333,,0,0,0,0,0,0,0,0,0,,3000,3000,,0,0,0,0
1612846699808,6,1010123456013,79,,1,0,24,1,1,,6.00237,843,182961,1.40848,245,0,4.28571,,13.6154,26,8611,0.1,8,62.5,0,14.0746,31,,3000,2994,,0,0,0,7
1612846700058,6,1010123456013,79,,1,0,24,1,1,,11.1098,829,183907,2.45382,244,0,6,,15.1556,45,0,0.1,16,87.5,0,2.69907,31,,3000,2994,,0,0,0,9.2
1612846700308,6,1010123456013,79,,1,0,24,1,1,,8.81797,857,182921,1.87872,246,0,5.66667,,0,0,0,0,0,0,0,0,0,,3000,3000,,0,0,0,0
1612846700558,6,1010123456013,79,,1,0,24,1,1,,3.66279,860,184567,1.14813,247,0,3,,0,0,0,0,0,0,0,0,0,,3000,3000,,0,0,0,0
1612846700808,6,1010123456013,79,,1,0,24,1,1,,9.60689,870,183737,2.17142,249,0,5.66667,,0,0,0,0,0,0,0,0,0,,3000,3000,,0,0,0,0
1612846701058,6,1010123456013,79,,1,0,24,1,1,,13.1865,815,165125,3.03869,239,0,8.16667,,14.7079,89,0,0.1,28,85.7143,0,3.70056,31,,3000,2970,,0,0,0,8.91011
1612846701308,6,1010123456013,79,,1,0,24,1,1,,10.1238,856,184425,2.32829,245,0,4.83333,,0,0,0,0,0,0,0,0,0,,3000,2922,,0,0,0,0
1612846701558,6,1010123456013,79,,1,0,24,1,1,,10.3753,866,183396,2.24045,248,0,6.5,,0,0,0,0,0,0,0,0,0,,3000,2994,,0,0,0,0
1612846701809,6,1010123456013,79,,1,0,24,1,1,,17.103,854,183033,3.59968,248,0,8.71429,,15.0714,56,0,0.187442,18,72.2222,0,7.96972,31,,3000,3000,,0,0,0,7.58929
1612846702058,6,1010123456013,79,,1,0,24,1,1,,5.9662,858,183418,1.33124,247,0,4.2,,14.1538,26,0,0.1,8,87.5,0,3.56651,31,,3000,3000,,0,0,0,8.96154
1612846702308,6,1010123456013,79,,1,0,24,1,1,,9.00116,864,183611,2.04826,248,0,4.8,,0,0,0,0,0,0,0,0,0,,3000,2988,,0,0,0,0
1612846702558,6,1010123456013,79,,1,0,24,1,1,,14.5867,871,183813,3.30666,249,0,7.66667,,0,0,0,0,0,0,0,0,0,,3000,3000,,0,0,0,0
1612846702808,6,1010123456013,79,,1,0,24,1,1,,6.89906,852,183381,1.48858,246,0,5.2,,0,0,0,0,0,0,0,0,0,,3000,2988,,0,0,0,0
1612846703058,6,1010123456013,79,,1,0,24,1,1,,15.7291,860,183656,3.86192,247,0,7.6,,12.1364,22,0,0.1,6,66.6667,0,8.75408,31,,3000,2994,,0,0,0,7.54545
1612846703308,6,1010123456013,79,,1,0,24,1,1,,10.8565,864,183430,2.47302,250,0,6.5,,0,0,0,0,0,0,0,0,0,,3000,2976,,0,0,0,0
1612846703558,6,1010123456013,79,,1,0,24,1,1,,10.0824,837,178545,2.22653,243,0,5.8,,0,0,0,0,0,0,0,0,0,,3000,3000,,0,0,0,0
1612846703808,6,1010123456013,79,,1,0,24,1,1,,10.4858,844,183554,2.31053,242,0,6.42857,,13.1364,22,0,0.1,6,16.6667,0,26.7806,31,,3000,2970,,0,0,0,2.63636
1612846704058,6,1010123456013,79,,1,0,24,1,1,,17.0927,841,183210,3.70963,246,0,8.33333,,15,4,0,0.1,1,0,0,28.672,31,,3000,3000,,0,0,0,1
1612846704308,6,1010123456013,79,,1,0,24,1,1,,6.42608,859,181910,1.41277,247,0,4.83333,,0,0,0,0,0,0,0,0,0,,3000,2994,,0,0,0,0
1612846704558,6,1010123456013,79,,1,0,24,1,1,,13.9954,872,183282,3.54384,249,0,7.5,,0,0,0,0,0,0,0,0,0,,3000,2964,,0,0,0,0
1612846704808,6,1010123456013,79,,1,0,24,1,1,,14.3719,855,184044,3.13088,248,0,7,,8.38636,44,0,0.1056,13,30.7692,0,10.8093,31,,3000,3000,,0,0,0,4.06818
1612846705058,6,1010123456013,79,,1,0,24,1,1,,8.60371,863,150542,2.2784,246,0,6.33333,,0,3,0,0.1,1,0,0,0,31,,3000,3000,,0,0,0,0
1612846705308,6,1010123456013,79,,1,0,24,1,1,,19.2354,858,140398,4.68496,247,0,9.33333,,0,0,0,0,0,0,0,0,0,,3000,2862,,0,0,0,0
1612846705558,6,1010123456013,79,,1,0,24,1,1,,4.25584,856,184443,1.33344,244,0,3.6,,0,0,0,0,0,0,0,0,0,,3000,2964,,0,0,0,0
1612846705808,6,1010123456013,79,,1,0,24,1,1,,5.80765,863,182888,1.34531,247,0,4.85714,,11.25,16,226,0.1,5,80,0,8.26429,31,,3000,2976,,0,0,0,7.75
1612846706058,6,1010123456013,79,,1,0,24,1,1,,15.294,857,184480,3.49229,246,0,7.33333,,0.1,20,0,0.1,6,0,0,16.2562,31,,3000,2988,,0,0,0,1.15
1612846706308,6,1010123456013,79,,1,0,24,1,1,,7.64781,866,184341,2.01043,248,0,5,,0,0,0,0,0,0,0,0,0,,3000,2994,,0,0,0,0
1612846706558,6,1010123456013,79,,1,0,24,1,1,,9.94943,870,182639,1.9953,249,0,5.83333,,0,0,0,0,0,0,0,0,0,,3000,3000,,0,0,0,0
1612846706808,6,1010123456013,79,,1,0,24,1,1,,10.0478,837,183550,2.2481,241,0,5.85714,,0.1,28,0,0.1,8,50,0,1.64278,31,,3000,2946,,0,0,0,6.25
1612846707059,6,1010123456013,79,,1,0,24,1,1,,16.4628,860,144994,4.01243,246,0,10.4,,0.1,38,0,0.1,11,9.09091,0,9.35137,31,,3012,2988,,0,0,0,1.94737
1612846707308,6,1010123456013,79,,1,0,24,1,1,,6.7022,863,183212,1.5005,247,0,4.16667,,0,0,0,0,0,0,0,0,0,,2988,2988,,0,0,0,0
1612846707558,6,1010123456013,79,,1,0,24,1,1,,7.57324,867,183726,1.80518,248,0,4.8,,0,0,0,0,0,0,0,0,0,,3000,2964,,0,0,0,0
1612846707808,6,1010123456013,79,,1,0,24,1,1,,10.4297,854,170156,2.76083,246,0,5.71429,,0,0,0,0,0,0,0,0,0,,3000,2988,,0,0,0,0
1612846708058,6,1010123456013,79,,1,0,24,1,1,,9.95133,863,182324,2.14496,248,0,6.33333,,11.6087,23,0,0.1,6,66.6667,0,10.4583,0,,3000,2970,,0,0,0,7.26087
1612846708308,6,1010123456013,79,,1,0,24,1,1,,13.1624,862,183278,2.84976,247,0,6.4,,0,0,0,0,0,0,0,0,0,,3000,3000,,0,0,0,0
1612846708558,6,1010123456013,79,,1,0,24,1,1,,9.47509,863,183933,2.28118,247,0,5.33333,,0,0,0,0,0,0,0,0,0,,3000,3000,,0,0,0,0
1612846708808,6,1010123456013,79,,1,0,24,1,1,,9.40563,853,183023,2.19741,245,0,6.14286,,0,0,0,0,0,0,0,0,0,,3000,2982,,0,0,0,0
1612846709058,6,1010123456013,79,,1,0,24,1,1,,10.3651,849,184401,2.2624,244,0,6,,15,13,0,0,4,100,0,1.76849,0,,3000,2916,,0,0,0,10
1612846709308,6,1010123456013,79,,1,0,24,1,1,,10.6376,850,184122,2.42627,245,0,6.16667,,0.1,18,0,0.1,5,40,0,0.684374,31,,3000,2958,,0,0,0,5.77778
1612846709558,6,1010123456013,79,,1,0,24,1,1,,10.8941,859,183873,2.08032,246,0,6.66667,,0,0,0,0,0,0,0,0,0,,3000,2910,,0,0,0,0
1612846709808,6,1010123456013,79,,1,0,24,1,1,,8.84302,860,183857,1.92259,249,0,5.71429,,0,0,0,0,0,0,0,0,0,,3000,3000,,0,0,0,0
1612846710058,6,1010123456013,79,,1,0,24,1,1,,15.7962,834,149891,4.17418,245,0,7.2,,12.8584,113,0,0.1,36,88.8889,0,3.08886,31,,3000,3000,,0,0,0,8.9646
1612846710308,6,1010123456013,79,,1,0,24,1,1,,13.5668,868,177068,3.1337,248,0,8.33333,,0,0,0,0,0,0,0,0,0,,3000,2994,,0,0,0,0
1612846710558,6,1010123456013,79,,1,0,24,1,1,,12.2544,861,183419,2.83427,247,0,6.33333,,0,0,0,0,0,0,0,0,0,,3000,3000,,0,0,0,0
1612846710808,6,1010123456013,79,,1,0,24,1,1,,15.0689,856,183679,3.12378,246,0,7.66667,,0,0,0,0,0,0,0,0,0,,3000,2988,,0,0,0,0
1612846711058,6,1010123456013,79,,1,0,24,1,1,,19.0363,827,130485,4.84326,245,0,10.3333,,15.0741,108,0,0.1,36,88.8889,0,5.24226,31,,3000,2964,,0,0,0,8.75
1612846711308,6,1010123456013,79,,1,0,24,1,1,,11.2986,864,161400,3.38947,247,0,6,,0,0,0,0,0,0,0,0,0,,3000,2994,,0,0,0,0
1612846711558,6,1010123456013,79,,1,0,24,1,1,,10.993,854,183588,2.44336,245,0,6.5,,0,0,0,0,0,0,0,0,0,,3000,2982,,0,0,0,0
1612846711808,6,1010123456013,79,,1,0,24,1,1,,6.47381,840,175605,1.8056,243,0,5.71429,,0,0,0,0,0,0,0,0,0,,3000,2994,,0,0,0,0
1612846712058,6,1010123456013,79,,1,0,24,1,1,,13.2635,854,184456,3.82755,247,0,6.16667,,15,13,0,0,4,100,0,1.9785,0,,3000,3000,,0,0,0,10
1612846712308,6,1010123456013,79,,1,0,24,1,1,,14.0209,860,184516,2.94118,248,0,7.25,,5.33333,27,0,0.1,7,57.1429,0,9.75103,31,,3000,3000,,0,0,0,6.33333
1612846712558,6,1010123456013,79,,1,0,24,1,1,,10.3282,850,163709,2.46138,244,0,6.8,,0,0,0,0,0,0,0,0,0,,3000,2988,,0,0,0,0
1612846712808,6,1010123456013,79,,1,0,24,1,1,,6.41812,861,183370,1.73034,249,0,3.83333,,0,0,0,0,0,0,0,0,0,,3000,2994,,0,0,0,0
1612846713058,6,1010123456013,79,,1,0,24,1,1,,12.2916,854,183281,2.56237,246,0,7,,9.36585,41,0,0.1,13,61.5385,0,8.63533,31,,3000,2976,,0,0,0,6.26829
1612846713308,6,1010123456013,79,,1,0,24,1,1,,10.8681,849,183533,2.36096,246,0,6,,0,0,0,0,0,0,0,0,0,,3000,2952,,0,0,0,0
1612846713558,6,1010123456013,79,,1,0,24,1,1,,13.9206,856,184337,2.9456,246,0,7.66667,,0,0,0,0,0,0,0,0,0,,3000,2964,,0,0,0,0
1612846713808,6,1010123456013,79,,1,0,24,1,1,,13.0408,857,183753,3.03549,247,0,7,,0,0,0,0,0,0,0,0,0,,3000,3000,,0,0,0,0
1612846714058,6,1010123456013,79,,1,0,24,1,1,,10.7153,857,182827,2.2727,246,0,6.66667,,7.75,48,0,0.1,14,57.1429,0,8.99803,31,,3000,2994,,0,0,0,6.25
1612846714308,6,1010123456013,79,,1,0,24,1,1,,10.8194,864,183934,2.68157,247,0,5.66667,,0,0,0,0,0,0,0,0,0,,3000,2976,,0,0,0,0
1612846714558,6,1010123456013,79,,1,0,24,1,1,,12.4452,867,184448,2.99891,248,0,7.16667,,0,0,0,0,0,0,0,0,0,,3000,2994,,0,0,0,0
1612846714808,6,1010123456013,79,,1,0,24,1,1,,9.28118,850,183640,2.00963,245,0,4.5,,15.0345,29,0,0.1,8,37.5,0,20.6528,31,,3000,3000,,0,0,0,4.10345
1612846715058,6,1010123456013,79,,1,0,24,1,1,,14.2334,857,183856,3.04384,248,0,8,,0,9,0,0.1,3,66.6667,0,0,31,,3000,2973,,0,0,0,0
1612846715308,6,1010123456013,79,,1,0,24,1,1,,10.0311,869,184167,2.35277,248,0,5.33333,,0,0,0,0,0,0,0,0,0,,3000,2976,,0,0,0,0
1612846715558,6,1010123456013,79,,1,0,24,1,1,,13.9134,866,182857,2.67123,248,0,7.83333,,0,0,0,0,0,0,0,0,0,,3000,2868,,0,0,0,0
1612846715809,6,1010123456013,79,,1,0,24,1,1,,7.61098,856,177855,1.63949,249,0,6.57143,,14.8852,61,0,0.1,19,84.2105,0,6.84094,31,,3012,2994,,0,0,0,8.22951
1612846716058,6,1010123456013,79,,1,0,24,1,1,,22.873,858,108740,6.57819,246,0,11.2,,14.7368,38,0,0.1,13,92.3077,0,3.20126,31,,2988,2988,,0,0,0,9.28947
1612846716308,6,1010123456013,79,,1,0,24,1,1,,9.63637,858,173661,1.99904,246,0,6.16667,,0,0,0,0,0,0,0,0,0,,3000,3000,,0,0,0,0
1612846716558,6,1010123456013,79,,1,0,24,1,1,,4.64468,864,183636,1.2952,247,0,2.66667,,0,0,0,0,0,0,0,0,0,,3000,2970,,0,0,0,0
1612846716808,6,1010123456013,79,,1,0,24,1,1,,20.5453,860,155241,4.72877,248,0,10.5714,,0,0,0,0,0,0,0,0,0,,3000,2982,,0,0,0,0
1612846717058,6,1010123456013,79,,1,0,24,1,1,,11.5543,857,183974,3.08058,246,0,5.33333,,9.61364,44,0,0.1,13,76.9231,0,4.68357,31,,3000,2988,,0,0,0,8.79545
1612846717308,6,1010123456013,79,,1,0,24,1,1,,7.82155,863,183430,1.72576,246,0,5.5,,0,0,0,0,0,0,0,0,0,,3000,3000,,0,0,0,0
1612846717558,6,1010123456013,79,,1,0,24,1,1,,13.5554,866,183600,3.90282,247,0,7.83333,,0,0,0,0,0,0,0,0,0,,3000,2982,,0,0,0,0
1612846717809,6,1010123456013,79,,1,0,24,1,1,,9.12851,856,183173,1.82661,246,0,6.28571,,14.3333,30,142182,0.1,10,60,0,16.1805,31,,3012,2988,,0,0,0,6.4
1612846718058,6,1010123456013,79,,1,0,24,1,1,,6.49531,852,183570,1.52267,245,0,4.4,,11.1852,54,0,0.159422,15,80,0,5.99384,0,,2988,2940,,0,0,0,8.16667
1612846718308,6,1010123456013,79,,1,0,24,1,1,,15.6439,865,175741,4.37923,247,0,8.5,,0,0,0,0,0,0,0,0,0,,3000,2946,,0,0,0,0
1612846718558,6,1010123456013,79,,1,0,24,1,1,,15.1823,872,182714,3.28618,249,0,8,,0,0,0,0,0,0,0,0,0,,3000,2928,,0,0,0,0
1612846718808,6,1010123456013,79,,1,0,24,1,1,,12.5993,856,183405,2.62605,246,0,7,,13.1111,18,0,0.1,5,20,0,21.855,31,,3000,2928,,0,0,0,3
1612846719058,6,1010123456013,79,,1,0,24,1,1,,14.5805,863,183766,3.21123,247,0,7.16667,,11.4286,14,0,0.1,4,75,0,7.74509,31,,3000,2976,,0,0,0,6.57143
1612846719308,6,1010123456013,79,,1,0,24,1,1,,14.1623,869,176740,3.07395,249,0,9.6,,0,0,0,0,0,0,0,0,0,,3000,2994,,0,0,0,0
1612846719558,6,1010123456013,79,,1,0,24,1,1,,7.61092,861,184066,1.8712,247,0,4.66667,,0,0,0,0,0,0,0,0,0,,3000,2994,,0,0,0,0
1612846719809,6,1010123456013,79,,1,0,24,1,1,,7.14953,856,182599,1.70821,249,0,4.42857,,7.57576,33,5267,0.1,10,30,0,14.4278,31,,3012,2982,,0,0,0,3.72727
1612846720058,6,1010123456013,79,,1,0,24,1,1,,13.1413,835,164771,3.15823,240,0,7.33333,,14.2769,65,0,0.1,23,86.9565,0,3.61106,31,,2988,2976,,0,0,0,8.75385
1612846720308,6,1010123456013,79,,1,0,24,1,1,,9.40518,849,184073,1.98474,243,0,5.66667,,0,0,0,0,0,0,0,0,0,,3000,2964,,0,0,0,0
1612846720558,6,1010123456013,79,,1,0,24,1,1,,7.52083,864,183571,1.86112,248,0,4.5,,0,0,0,0,0,0,0,0,0,,3000,3000,,0,0,0,0
1612846720808,6,1010123456013,79,,1,0,24,1,1,,13.8977,860,182389,3.26061,248,0,7.85714,,7.70455,44,0,0.1,13,30.7692,0,12.373,31,,3000,2988,,0,0,0,3.65909
1612846721058,6,1010123456013,79,,1,0,24,1,1,,8.57194,834,182873,2.12714,241,0,4.83333,,0.1,12,0,0.1,3,66.6667,0,0.636127,31,,3000,2964,,0,0,0,8
1612846721308,6,1010123456013,79,,1,0,24,1,1,,9.01407,853,183753,2.05965,244,0,5.4,,0,0,0,0,0,0,0,0,0,,3000,2988,,0,0,0,0
1612846721558,6,1010123456013,79,,1,0,24,1,1,,14.3236,856,180742,3.48371,246,0,8,,0,0,0,0,0,0,0,0,0,,3000,3000,,0,0,0,0
1612846721808,6,1010123456013,79,,1,0,24,1,1,,9.83721,860,184501,2.208,248,0,5.71429,,11.25,16,0,0.1,5,80,0,8.19829,31,,3000,3000,,0,0,0,7.75
1612846722058,6,1010123456013,79,,1,0,24,1,1,,10.6291,852,183485,2.22304,246,0,6.5,,0.1,17,0,0.1,5,0,0,12.3097,31,,3000,2970,,0,0,0,1
1612846722308,6,1010123456013,79,,1,0,24,1,1,,14.8143,856,183842,3.09814,247,0,8.16667,,0,0,0,0,0,0,0,0,0,,3000,2934,,0,0,0,0
1612846722558,6,1010123456013,79,,1,0,24,1,1,,10.4021,863,183649,2.06746,248,0,6.16667,,0,0,0,0,0,0,0,0,0,,3000,2928,,0,0,0,0
1612846722808,6,1010123456013,79,,1,0,24,1,1,,8.37778,855,182928,2.1376,246,0,6.16667,,15,15,0,0,4,100,0,2.96507,0,,3000,2994,,0,0,0,10
1612846723058,6,1010123456013,79,,1,0,24,1,1,,16.5798,871,183962,3.97491,248,0,9.2,,0.1,7,0,0.1,2,0,0,3.23492,31,,3000,2946,,0,0,0,1
1612846723308,6,1010123456013,79,,1,0,24,1,1,,16.7185,849,168103,3.86349,246,0,9.66667,,0,0,0,0,0,0,0,0,0,,3000,2940,,0,0,0,0
1612846723558,6,1010123456013,79,,1,0,24,1,1,,12.1368,855,182985,3.16557,244,0,6.33333,,0,0,0,0,0,0,0,0,0,,3000,3000,,0,0,0,0
1612846723809,6,1010123456013,79,,1,0,24,1,1,,15.5613,857,182045,3.21737,249,0,8,,13.3636,22,0,0.11812,7,42.8571,0,17.9346,31,,3012,3000,,0,0,0,4.68182
1612846724058,6,1010123456013,79,,1,0,24,1,1,,13.8728,841,150559,3.38268,244,0,8.5,,0,12,0,0.1,4,75,0,0,31,,2988,2970,,0,0,0,0
1612846724308,6,1010123456013,79,,1,0,24,1,1,,8.23495,847,184215,2.42954,245,0,3.5,,0,0,0,0,0,0,0,0,0,,3000,3000,,0,0,0,0
1612846724558,6,1010123456013,79,,1,0,24,1,1,,9.45972,844,183358,2.00528,243,0,6.16667,,0,0,0,0,0,0,0,0,0,,3000,2976,,0,0,0,0
1612846724808,6,1010123456013,79,,1,0,24,1,1,,11.0504,854,183123,2.3304,249,0,6.85714,,12,15,426,0.1,5,80,0,8.11371,31,,3000,2982,,0,0,0,8.2
1612846725058,6,1010123456013,79,,1,0,24,1,1,,10.0909,847,176986,2.26026,243,0,5.83333,,6,35,0,0.1,10,50,0,7.15134,0,,3000,2952,,0,0,0,5.62857
1612846725308,6,1010123456013,79,,1,0,24,1,1,,12.331,861,183713,3.14454,247,0,6,,0,0,0,0,0,0,0,0,0,,3000,2994,,0,0,0,0
1612846725558,6,1010123456013,79,,1,0,24,1,1,,11.4907,862,181989,2.4527,247,0,6.33333,,0,0,0,0,0,0,0,0,0,,3000,3000,,0,0,0,0
1612846725808,6,1010123456013,79,,1,0,24,1,1,,12.2543,869,183312,3.06102,249,0,7.14286,,0,0,0,0,0,0,0,0,0,,3000,3000,,0,0,0,0
1612846726058,6,1010123456013,79,,1,0,24,1,1,,15.1578,849,183550,3.67306,245,0,7.6,,1.19149,47,0,0.1,14,42.8571,0,9.57998,31,,3000,2994,,0,0,0,5.02128
1612846726308,6,1010123456013,79,,1,0,24,1,1,,13.6539,861,181894,2.6895,247,0,7.8,,0,0,0,0,0,0,0,0,0,,3000,2988,,0,0,0,0
1612846726558,6,1010123456013,79,,1,0,24,1,1,,10.3033,867,184224,2.56685,248,0,5.66667,,0,0,0,0,0,0,0,0,0,,3000,3000,,0,0,0,0
1612846726808,6,1010123456013,79,,1,0,24,1,1,,13.1339,859,184533,2.852,247,0,6.57143,,13.9643,28,0,0.1,8,50,0,14.7929,31,,3000,2994,,0,0,0,6.14286
1612846727058,6,1010123456013,79,,1,0,24,1,1,,15.6624,868,183234,3.27558,250,0,9,,0,3,0,0.1,1,0,0,0,31,,3000,2964,,0,0,0,0
1612846727308,6,1010123456013,79,,1,0,24,1,1,,7.27262,862,184580,1.7023,247,0,4.5,,0,0,0,0,0,0,0,0,0,,3000,2988,,0,0,0,0
1612846727558,6,1010123456013,79,,1,0,24,1,1,,11.9384,861,183150,2.62669,248,0,8,,0,0,0,0,0,0,0,0,0,,3000,2970,,0,0,0,0
1612846727809,6,1010123456013,79,,1,0,24,1,1,,11.5101,841,184170,2.53868,247,0,6.28571,,0,0,0,0,0,0,0,0,0,,3000,3000,,0,0,0,0
1612846728058,6,1010123456013,79,,1,0,24,1,1,,2.29021,858,182205,0.628145,249,0,3.16667,,9.26471,34,0,0.1,11,72.7273,0,6.66849,31,,3000,2994,,0,0,0,7.35294
1612846728308,6,1010123456013,79,,1,0,24,1,1,,13.4463,847,182698,3.36493,244,0,8.6,,0,0,0,0,0,0,0,0,0,,3000,2976,,0,0,0,0
1612846728558,6,1010123456013,79,,1,0,24,1,1,,9.39931,864,183545,2.02752,248,0,5.5,,0,0,0,0,0,0,0,0,0,,3000,3000,,0,0,0,0
1612846728808,6,1010123456013,79,,1,0,24,1,1,,12.8757,861,178551,3.17206,247,0,7.85714,,0,0,0,0,0,0,0,0,0,,3000,3000,,0,0,0,0
1612846729058,6,1010123456013,79,,1,0,24,1,1,,15.0477,859,182598,4.21283,247,0,7.5,,1.06122,49,0,0.1,14,42.8571,0,5.91369,31,,3000,3000,,0,0,0,5
1612846729308,6,1010123456013,79,,1,0,24,1,1,,9.31505,857,183479,1.98589,247,0,5.83333,,0,0,0,0,0,0,0,0,0,,3000,2976,,0,0,0,0
1612846729558,6,1010123456013,79,,1,0,24,1,1,,12.141,858,184220,2.69706,247,0,6.2,,0,0,0,0,0,0,0,0,0,,3000,2976,,0,0,0,0
1612846729808,6,1010123456013,79,,1,0,24,1,1,,18.1613,868,179644,3.82099,248,0,9.5,,0,0,0,0,0,0,0,0,0,,3000,3000,,0,0,0,0
1612846730058,6,1010123456013,79,,1,0,24,1,1,,8.70794,856,183639,2.1136,246,0,4.5,,0.1,40,0,0.1,11,9.09091,0,2.46633,31,,3000,3000,,0,0,0,2.4
1612846730308,6,1010123456013,79,,1,0,24,1,1,,7.43056,864,183248,1.74387,248,0,4.83333,,0,0,0,0,0,0,0,0,0,,3000,3000,,0,0,0,0
1612846730558,6,1010123456013,79,,1,0,24,1,1,,13.1231,861,183932,2.94259,248,0,6.8,,0,0,0,0,0,0,0,0,0,,3000,3000,,0,0,0,0
1612846730808,6,1010123456013,79,,1,0,24,1,1,,13.8112,842,183594,3.16448,244,0,7.28571,,5.80488,41,0,0.1,13,30.7692,0,12.4097,31,,3000,2970,,0,0,0,3.63415
1612846731058,6,1010123456013,79,,1,0,24,1,1,,9.72268,851,182604,2.00102,246,0,6.5,,0.1,4,0,0.1,1,0,0,1.15529,31,,3000,2994,,0,0,0,1
1612846731308,6,1010123456013,79,,1,0,24,1,1,,14.9697,859,181821,4.3001,246,0,8,,0,0,0,0,0,0,0,0,0,,3000,3000,,0,0,0,0
1612846731558,6,1010123456013,79,,1,0,24,1,1,,14.3198,863,182501,3.02022,248,0,7.83333,,0,0,0,0,0,0,0,0,0,,3000,2991,,0,0,0,0
1612846731808,6,1010123456013,79,,1,0,24,1,1,,9.83117,847,183972,2.23814,242,0,5.28571,,0.1,34,0,0.1,11,27.2727,0,4.67317,31,,3000,2955,,0,0,0,3.91176
1612846732058,6,1010123456013,79,,1,0,24,1,1,,9.81618,865,183126,2.11984,249,0,5.2,,0,3,0,0.1,1,0,0,0,31,,3000,2994,,0,0,0,0
1612846732308,6,1010123456013,79,,1,0,24,1,1,,15.2092,865,183570,3.11267,249,0,8.16667,,0,0,0,0,0,0,0,0,0,,3000,2862,,0,0,0,0
1612846732558,6,1010123456013,79,,1,0,24,1,1,,10.7986,844,183625,2.17216,240,0,6,,0,0,0,0,0,0,0,0,0,,3000,2994,,0,0,0,0
1612846732808,6,1010123456013,79,,1,0,24,1,1,,6.29942,865,183660,1.59677,249,0,4.57143,,0,0,0,0,0,0,0,0,0,,3000,2988,,0,0,0,0
1612846733058,6,1010123456013,79,,1,0,24,1,1,,17.5935,861,170671,4.27539,250,0,8.5,,16.381,21,0,0.1,6,66.6667,0,18.7569,31,,3000,2976,,0,0,0,6.57143
1612846733308,6,1010123456013,79,,1,0,24,1,1,,2.92272,854,184339,0.743968,246,0,3,,0,0,0,0,0,0,0,0,0,,3000,2973,,0,0,0,0
1612846733558,6,1010123456013,79,,1,0,24,1,1,,13.0458,851,184193,2.63136,244,0,7.33333,,0,0,0,0,0,0,0,0,0,,3000,2976,,0,0,0,0
1612846733808,6,1010123456013,79,,1,0,24,1,1,,9.8418,866,183418,2.30083,249,0,5.57143,,15.1111,18,0,0.1,5,0,0,32.8096,31,,3000,2994,,0,0,0,1
1612846734058,6,1010123456013,79,,1,0,24,1,1,,5.33493,836,181970,1.09658,246,0,4.66667,,0,3,0,0.1,1,0,0,0,31,,3000,2994,,0,0,0,0
1612846734308,6,1010123456013,79,,1,0,24,1,1,,19.3686,860,172813,4.38051,247,0,9.8,,0,0,0,0,0,0,0,0,0,,3000,2988,,0,0,0,0
1612846734558,6,1010123456013,79,,1,0,24,1,1,,13.514,856,183797,2.78144,244,0,7.5,,0,0,0,0,0,0,0,0,0,,3000,2874,,0,0,0,0
1612846734808,6,1010123456013,79,,1,0,24,1,1,,8.19544,834,183122,1.59325,241,0,5.71429,,0,0,0,0,0,0,0,0,0,,3000,2982,,0,0,0,0
1612846735058,6,1010123456013,79,,1,0,24,1,1,,14.1231,861,183565,2.94237,245,0,7.66667,,0,12,0,0,4,100,0,0,0,,3000,2982,,0,0,0,0
1612846735308,6,1010123456013,79,,1,0,24,1,1,,17.8841,854,183405,3.80307,246,0,9,,0.1,16,0,0.1,5,40,0,2.11251,31,,3000,3000,,0,0,0,4.5625
1612846735558,6,1010123456013,79,,1,0,24,1,1,,7.64437,852,182996,1.79037,245,0,5,,0,0,0,0,0,0,0,0,0,,3000,2955,,0,0,0,0
1612846735808,6,1010123456013,79,,1,0,24,1,1,,11.9222,848,184022,3.02778,246,0,7.14286,,0.1,27,0,0.1,8,37.5,0,5.39609,31,,3000,3000,,0,0,0,4.33333
1612846736058,6,1010123456013,79,,1,0,24,1,1,,14.8591,852,184378,3.20227,247,0,7.66667,,11.25,16,0,0.1,5,80,0,12.4261,0,,3000,3000,,0,0,0,7.75
1612846736308,6,1010123456013,79,,1,0,24,1,1,,8.68198,849,183090,1.77683,246,0,5.83333,,0,0,0,0,0,0,0,0,0,,3000,2988,,0,0,0,0
1612846736558,6,1010123456013,79,,1,0,24,1,1,,17.7448,862,168965,4.57539,247,0,9,,0,0,0,0,0,0,0,0,0,,3000,3000,,0,0,0,0
1612846736809,6,1010123456013,79,,1,0,24,1,1,,7.79881,840,184330,1.60319,245,0,4.71429,,9.2973,37,0,0.105275,11,27.2727,0,14.8149,31,,3012,2991,,0,0,0,3.43243
1612846737058,6,1010123456013,79,,1,0,24,1,1,,9.71291,829,183121,1.93741,240,0,6.2,,15.3846,78,0,0.114763,26,88.4615,0,4.63503,31,,2988,2856,,0,0,0,8.73077
1612846737308,6,1010123456013,79,,1,0,24,1,1,,9.95607,865,183854,2.23571,248,0,5.5,,0,0,0,0,0,0,0,0,0,,3000,2964,,0,0,0,0
1612846737558,6,1010123456013,79,,1,0,24,1,1,,11.5267,862,183629,2.56272,245,0,6.5,,0,0,0,0,0,0,0,0,0,,3000,3000,,0,0,0,0
1612846737809,6,1010123456013,79,,1,0,24,1,1,,17.8706,858,183230,3.68153,248,0,9,,0,0,0,0,0,0,0,0,0,,3000,2988,,0,0,0,0
1612846738058,6,1010123456013,79,,1,0,24,1,1,,16.8611,828,180947,3.99605,241,0,8.83333,,15.45,20,0,0.1,6,66.6667,0,15.5554,31,,3000,2928,,0,0,0,7.3
1612846738308,6,1010123456013,79,,1,0,24,1,1,,13.8772,863,171397,3.34691,247,0,7.33333,,0,0,0,0,0,0,0,0,0,,3000,2958,,0,0,0,0
1612846738558,6,1010123456013,79,,1,0,24,1,1,,10.9479,863,182530,2.38422,247,0,5.2,,0,0,0,0,0,0,0,0,0,,3000,2988,,0,0,0,0
1612846738808,6,1010123456013,79,,1,0,24,1,1,,11.0315,856,182959,2.23587,245,0,6.85714,,0,0,0,0,0,0,0,0,0,,3000,2964,,0,0,0,0
1612846739058,6,1010123456013,79,,1,0,24,1,1,,6.84606,838,183590,1.62909,241,0,4,,15,15,0,0,4,100,0,0.38791,0,,3000,2982,,0,0,0,10
1612846739308,6,1010123456013,79,,1,0,24,1,1,,5.90636,865,183885,1.3327,249,0,4.83333,,12.4286,7,0,0.1,2,0,0,18.1615,31,,3000,2994,,0,0,0,3.14286
1612846739558,6,1010123456013,79,,1,0,24,1,1,,8.20213,846,183324,1.74419,242,0,5.5,,0,0,0,0,0,0,0,0,0,,3000,2976,,0,0,0,0
1612846739808,6,1010123456013,79,,1,0,24,1,1,,16.4936,853,183310,3.92115,246,0,8.16667,,0,0,0,0,0,0,0,0,0,,3000,2994,,0,0,0,0
1612846740058,6,1010123456013,79,,1,0,24,1,1,,13.0059,846,183793,2.60848,243,0,7.66667,,1.13514,37,0,0.1,11,9.09091,0,9.93374,31,,3000,2982,,0,0,0,1.72973
1612846740308,6,1010123456013,79,,1,0,24,1,1,,9.10047,856,183534,1.96957,245,0,5.5,,0,0,0,0,0,0,0,0,0,,3000,3000,,0,0,0,0
1612846740558,6,1010123456013,79,,1,0,24,1,1,,17.8467,861,182787,3.72922,246,0,9,,0,0,0,0,0,0,0,0,0,,3000,2946,,0,0,0,0
1612846740808,6,1010123456013,79,,1,0,24,1,1,,7.25935,856,182683,1.73635,249,0,4.85714,,5.68421,19,0,0.1,5,20,0,17.1528,31,,3000,2994,,0,0,0,2.89474
1612846741058,6,1010123456013,79,,1,0,24,1,1,,14.609,849,183588,3.13603,245,0,7.33333,,0,3,0,0.1,1,0,0,0,31,,3000,2928,,0,0,0,0
1612846741308,6,1010123456013,79,,1,0,24,1,1,,19.0046,867,173375,4.35222,249,0,9.83333,,0,0,0,0,0,0,0,0,0,,3000,2982,,0,0,0,0
1612846741558,6,1010123456013,79,,1,0,24,1,1,,9.97725,835,182921,2.59904,240,0,5.66667,,0,0,0,0,0,0,0,0,0,,3000,2976,,0,0,0,0
1612846741809,6,1010123456013,79,,1,0,24,1,1,,6.00602,831,183397,1.36778,242,0,4.42857,,0,0,0,0,0,0,0,0,0,,3000,2982,,0,0,0,0
1612846742058,6,1010123456013,79,,1,0,24,1,1,,10.6471,853,183687,2.27007,246,0,6.5,,11.3065,62,0,0.1,18,66.6667,0,9.43389,31,,3000,2976,,0,0,0,7.51613
1612846742308,6,1010123456013,79,,1,0,24,1,1,,10.9965,864,182981,2.26726,248,0,6.5,,0,0,0,0,0,0,0,0,0,,3000,3000,,0,0,0,0
1612846742558,6,1010123456013,79,,1,0,24,1,1,,12.3154,856,182352,2.71482,246,0,6.66667,,0,0,0,0,0,0,0,0,0,,3000,2970,,0,0,0,0
1612846742809,6,1010123456013,79,,1,0,24,1,1,,13.83,841,184062,2.92873,245,0,7.14286,,14.7593,54,0,0.175044,18,72.2222,0,8.02887,31,,3000,3000,,0,0,0,7.66667
1612846743058,6,1010123456013,79,,1,0,24,1,1,,6.56821,843,184008,1.60145,249,0,4,,13.6296,27,0,0.1,8,87.5,0,1.53487,31,,3000,2994,,0,0,0,8.66667
1612846743308,6,1010123456013,79,,1,0,24,1,1,,0.1,858,183496,0.32144,245,0,1.16667,,0,0,0,0,0,0,0,0,0,,3000,2994,,0,0,0,0
1612846743558,6,1010123456013,79,,1,0,24,1,1,,10.5219,845,183259,2.24422,242,0,6.5,,0,0,0,0,0,0,0,0,0,,3000,2988,,0,0,0,0
1612846743808,6,1010123456013,79,,1,0,24,1,1,,12.9306,865,159796,3.06886,248,0,8.14286,,0,0,0,0,0,0,0,0,0,,3000,2994,,0,0,0,0
1612846744058,6,1010123456013,79,,1,0,24,1,1,,8.89307,823,184387,2.42266,246,0,4.5,,14.3913,92,0,0.193728,30,80,0,6.47149,31,,3000,3000,,0,0,0,8.04348
1612846744308,6,1010123456013,79,,1,0,24,1,1,,7.89158,867,183368,1.75898,248,0,4.83333,,0,0,0,0,0,0,0,0,0,,3000,2976,,0,0,0,0
1612846744558,6,1010123456013,79,,1,0,24,1,1,,17.2702,855,143808,4.44845,244,0,8.83333,,0,0,0,0,0,0,0,0,0,,3000,2976,,0,0,0,0
1612846744810,6,1010123456013,79,,1,0,24,1,1,,9.59906,848,183458,2.2099,248,0,4.66667,,0,0,0,0,0,0,0,0,0,,3012,2982,,0,0,0,0
1612846745058,6,1010123456013,79,,1,0,24,1,1,,6.63337,851,183201,1.56684,244,0,5,,5,39,0,0.1,12,41.6667,0,4.89863,31,,2988,2970,,0,0,0,4.69231
1612846745308,6,1010123456013,79,,1,0,24,1,1,,13.2035,865,165088,3.20736,248,0,8.16667,,0,0,0,0,0,0,0,0,0,,3000,3000,,0,0,0,0
1612846745558,6,1010123456013,79,,1,0,24,1,1,,5.57783,848,182912,1.29773,244,0,3.8,,0,0,0,0,0,0,0,0,0,,3000,2994,,0,0,0,0
1612846745809,6,1010123456013,79,,1,0,24,1,1,,11.24,846,182152,2.4298,247,0,7.14286,,14.9531,64,0,0.128669,21,80.9524,0,7.05105,31,,3012,3012,,0,0,0,8.03125
1612846746058,6,1010123456013,79,,1,0,24,1,1,,15.3967,847,183972,3.51861,243,0,7.16667,,13.5385,26,0,0.1,8,87.5,0,5.37246,0,,2988,2976,,0,0,0,8.61539
1612846746308,6,1010123456013,79,,1,0,24,1,1,,10.8693,857,179608,2.4593,245,0,6.83333,,0.1,8,0,0.1,2,50,0,0.61158,31,,3000,2970,,0,0,0,7.5
1612846746558,6,1010123456013,79,,1,0,24,1,1,,11.6709,863,182512,2.4065,247,0,6.66667,,0,0,0,0,0,0,0,0,0,,3000,3000,,0,0,0,0
1612846746808,6,1010123456013,79,,1,0,24,1,1,,11.6814,860,182794,2.47024,247,0,6.28571,,8.11539,52,0,0.1,16,68.75,0,12.7657,31,,3000,2940,,0,0,0,7.05769
1612846747058,6,1010123456013,79,,1,0,24,1,1,,8.88448,857,183658,1.79408,245,0,5.6,,1.55172,29,0,0.1,9,66.6667,0,1.75687,31,,3000,2988,,0,0,0,7.2069
1612846747308,6,1010123456013,79,,1,0,24,1,1,,11.9518,872,183116,2.52106,249,0,6.5,,0,0,0,0,0,0,0,0,0,,3000,2970,,0,0,0,0
1612846747558,6,1010123456013,79,,1,0,24,1,1,,12.2589,869,183177,2.73795,249,0,6.33333,,0,0,0,0,0,0,0,0,0,,3000,3000,,0,0,0,0
1612846747808,6,1010123456013,79,,1,0,24,1,1,,9.74347,842,178556,2.31942,244,0,7.33333,,0.1,22,0,0.1,7,0,0,16.4746,31,,3000,2994,,0,0,0,1
1612846748058,6,1010123456013,79,,1,0,24,1,1,,11.489,820,184109,3.51872,242,0,5.66667,,0,3,0,0.1,1,0,0,0,31,,3000,2946,,0,0,0,0
1612846748308,6,1010123456013,79,,1,0,24,1,1,,10.0513,858,184255,2.18538,245,0,7,,0,0,0,0,0,0,0,0,0,,3012,2988,,0,0,0,0
1612846748558,6,1010123456013,79,,1,0,24,1,1,,6.57307,869,184108,1.44026,248,0,4.83333,,0,0,0,0,0,0,0,0,0,,2988,2976,,0,0,0,0
1612846748808,6,1010123456013,79,,1,0,24,1,1,,11.8005,827,183795,2.91123,240,0,6.71429,,14.8636,22,0,0.1,7,57.1429,0,18.9129,31,,3000,2970,,0,0,0,6.31818
1612846749058,6,1010123456013,79,,1,0,24,1,1,,10.3195,845,183121,2.09568,244,0,6.5,,15,14,0,0,4,100,0,3.26966,0,,3000,2994,,0,0,0,10
1612846749308,6,1010123456013,79,,1,0,24,1,1,,11.3995,871,167004,2.69846,249,0,6.83333,,0,0,0,0,0,0,0,0,0,,3000,3000,,0,0,0,0
1612846749558,6,1010123456013,79,,1,0,24,1,1,,11.4108,874,182593,3.30317,250,0,6.33333,,0,0,0,0,0,0,0,0,0,,3000,3000,,0,0,0,0
1612846749808,6,1010123456013,79,,1,0,24,1,1,,12.2867,865,184076,3.01843,250,0,6.71429,,0,0,0,0,0,0,0,0,0,,3000,2994,,0,0,0,0
1612846750058,6,1010123456013,79,,1,0,24,1,1,,10.9491,864,180836,2.32963,245,0,7,,1.76471,34,0,0.1,10,10,0,13.5206,31,,3000,2994,,0,0,0,1.79412
1612846750308,6,1010123456013,79,,1,0,24,1,1,,10.2269,855,183403,2.59648,246,0,4.6,,0,0,0,0,0,0,0,0,0,,3000,2964,,0,0,0,0
1612846750558,6,1010123456013,79,,1,0,24,1,1,,8.35967,848,183976,2.17174,245,0,5.33333,,0,0,0,0,0,0,0,0,0,,3000,2976,,0,0,0,0
1612846750808,6,1010123456013,79,,1,0,24,1,1,,13.0812,862,183939,2.72086,247,0,7.14286,,0,0,0,0,0,0,0,0,0,,3000,3000,,0,0,0,0
1612846751058,6,1010123456013,79,,1,0,24,1,1,,6.4552,837,182940,1.44243,246,0,4.66667,,15.8696,23,0,0.1,6,66.6667,0,16.4055,31,,3000,2982,,0,0,0,7.26087
1612846751308,6,1010123456013,79,,1,0,24,1,1,,10.5144,869,183425,2.49504,250,0,6,,0,0,0,0,0,0,0,0,0,,3000,3000,,0,0,0,0
1612846751558,6,1010123456013,79,,1,0,24,1,1,,12.8266,865,165208,3.14461,249,0,7,,0,0,0,0,0,0,0,0,0,,3000,2982,,0,0,0,0
1612846751808,6,1010123456013,79,,1,0,24,1,1,,6.53993,839,184177,1.51005,243,0,4.14286,,0,0,0,0,0,0,0,0,0,,3000,2940,,0,0,0,0
1612846752058,6,1010123456013,79,,1,0,24,1,1,,15.3627,841,169743,3.6392,247,0,9.66667,,9.375,24,0,0.1,7,71.4286,0,2.54352,0,,3000,3000,,0,0,0,7.75
1612846752308,6,1010123456013,79,,1,0,24,1,1,,11.0711,844,181937,2.62579,242,0,5.83333,,0,0,0,0,0,0,0,0,0,,3000,2970,,0,0,0,0
1612846752558,6,1010123456013,79,,1,0,24,1,1,,11.5402,859,182897,2.61805,246,0,6.16667,,0,0,0,0,0,0,0,0,0,,3000,3000,,0,0,0,0
1612846752808,6,1010123456013,79,,1,0,24,1,1,,16.29,862,180691,3.77773,248,0,8.71429,,0,0,0,0,0,0,0,0,0,,3000,2958,,0,0,0,0
1612846753058,6,1010123456013,79,,1,0,24,1,1,,12.3074,836,181890,2.65626,248,0,6.66667,,9.58823,51,0,0.1,18,72.2222,0,7.49916,31,,3000,2940,,0,0,0,7.82353
1612846753308,6,1010123456013,79,,1,0,24,1,1,,6.15421,856,184021,1.51878,246,0,4.16667,,0,0,0,0,0,0,0,0,0,,3000,2982,,0,0,0,0
1612846753558,6,1010123456013,79,,1,0,24,1,1,,13.28,843,183532,3.42589,243,0,7.66667,,0,0,0,0,0,0,0,0,0,,3000,2976,,0,0,0,0
1612846753808,6,1010123456013,79,,1,0,24,1,1,,12.5462,855,183995,2.68077,246,0,6.42857,,0,0,0,0,0,0,0,0,0,,3000,2982,,0,0,0,0
1612846754058,6,1010123456013,79,,1,0,24,1,1,,2.45521,826,183664,0.617504,245,0,3.33333,,13.3906,64,0,0.108704,20,70,0,8.5779,31,,3000,3000,,0,0,0,6.82812
1612846754308,6,1010123456013,79,,1,0,24,1,1,,17.8241,870,176158,4.28682,249,0,9,,0,0,0,0,0,0,0,0,0,,3000,2964,,0,0,0,0
1612846754558,6,1010123456013,79,,1,0,24,1,1,,9.34104,865,184569,1.96915,248,0,5.5,,0,0,0,0,0,0,0,0,0,,3000,2910,,0,0,0,0
1612846754809,6,1010123456013,79,,1,0,24,1,1,,11.8316,849,183847,2.41246,247,0,7,,0,0,0,0,0,0,0,0,0,,3000,2994,,0,0,0,0
1612846755058,6,1010123456013,79,,1,0,24,1,1,,12.7413,862,183433,2.81128,249,0,6.66667,,6.53333,30,0,0.1,10,40,0,6.04564,31,,3000,3000,,0,0,0,4.3
1612846755308,6,1010123456013,79,,1,0,24,1,1,,11.9954,866,182974,2.58394,249,0,6.66667,,0,0,0,0,0,0,0,0,0,,3000,2994,,0,0,0,0
1612846755558,6,1010123456013,79,,1,0,24,1,1,,12.2859,857,184424,2.65325,246,0,6.4,,0,0,0,0,0,0,0,0,0,,3000,2964,,0,0,0,0
1612846755808,6,1010123456013,79,,1,0,24,1,1,,14.4207,851,183070,3.53587,246,0,7.85714,,0,0,0,0,0,0,0,0,0,,3000,3000,,0,0,0,0
1612846756058,6,1010123456013,79,,1,0,24,1,1,,14.5595,849,182833,2.86605,244,0,8.4,,7.05882,34,0,0.1,10,40,0,10.9645,31,,3000,2964,,0,0,0,4.17647
1612846756308,6,1010123456013,79,,1,0,24,1,1,,7.86385,852,183029,1.79802,246,0,4.66667,,0,0,0,0,0,0,0,0,0,,3000,2988,,0,0,0,0
1612846756558,6,1010123456013,79,,1,0,24,1,1,,11.9061,863,182925,2.62768,247,0,5.4,,0,0,0,0,0,0,0,0,0,,3000,3000,,0,0,0,0
1612846756808,6,1010123456013,79,,1,0,24,1,1,,19.4953,858,130706,5.50538,249,0,9.42857,,18.5714,14,0,0.1,6,33.3333,0,31.2744,31,,3000,2994,,0,0,0,4.21429
1612846757058,6,1010123456013,79,,1,0,24,1,1,,7.31432,859,183462,1.66963,248,0,4.33333,,15,14,0,0,4,100,0,2.79489,0,,3000,3000,,0,0,0,10
1612846757308,6,1010123456013,79,,1,0,24,1,1,,7.69329,864,184447,1.79725,248,0,4.83333,,0,0,0,0,0,0,0,0,0,,3000,3000,,0,0,0,0
1612846757558,6,1010123456013,79,,1,0,24,1,1,,10.6926,862,183289,2.41072,247,0,6.5,,0,0,0,0,0,0,0,0,0,,3000,2994,,0,0,0,0
1612846757808,6,1010123456013,79,,1,0,24,1,1,,12.8628,860,181085,2.66477,246,0,7.66667,,2.30769,26,0,0.1,8,0,0,13.9421,31,,3000,2976,,0,0,0,1.23077
1612846758058,6,1010123456013,79,,1,0,24,1,1,,10.7121,865,183757,2.53094,248,0,5.66667,,0,3,0,0.1,1,0,0,0,31,,3000,2994,,0,0,0,0
1612846758308,6,1010123456013,79,,1,0,24,1,1,,11.5511,851,184125,2.54493,245,0,6.66667,,0,0,0,0,0,0,0,0,0,,3000,3000,,0,0,0,0
1612846758558,6,1010123456013,79,,1,0,24,1,1,,9.42062,863,183443,2.00842,247,0,6,,0,0,0,0,0,0,0,0,0,,3000,3000,,0,0,0,0
1612846758808,6,1010123456013,79,,1,0,24,1,1,,10.0597,837,183131,2.07914,243,0,5.83333,,0,0,0,0,0,0,0,0,0,,3000,2964,,0,0,0,0
1612846759058,6,1010123456013,79,,1,0,24,1,1,,15.774,854,183825,3.91565,248,0,7.5,,9.47368,19,0,0.1,6,66.6667,0,2.91134,31,,3000,2877,,0,0,0,6.68421
1612846759308,6,1010123456013,79,,1,0,24,1,1,,8.27412,850,149801,2.30525,245,0,7,,0,0,0,0,0,0,0,0,0,,3000,2994,,0,0,0,0
1612846759558,6,1010123456013,79,,1,0,24,1,1,,13.9327,862,173389,3.59875,247,0,7.33333,,0,0,0,0,0,0,0,0,0,,3000,2952,,0,0,0,0
1612846759808,6,1010123456013,79,,1,0,24,1,1,,8.75291,858,183831,1.99421,247,0,5.16667,,0,2,0,0.1,1,0,0,0,31,,3000,2940,,0,0,0,0
1612846760058,6,1010123456013,79,,1,0,24,1,1,,6.89176,850,160558,1.94883,245,0,5.5,,10,21,0,0.1,6,66.6667,0,2.6206,31,,3000,3000,,0,0,0,7.38095
1612846760308,6,1010123456013,79,,1,0,24,1,1,,8.22637,857,183366,1.98531,245,0,4.5,,0,0,0,0,0,0,0,0,0,,3000,2982,,0,0,0,0
1612846760558,6,1010123456013,79,,1,0,24,1,1,,14.6541,850,179586,3.55091,246,0,8.33333,,0,0,0,0,0,0,0,0,0,,3000,2976,,0,0,0,0
1612846760808,6,1010123456013,79,,1,0,24,1,1,,7.53176,850,179245,1.60246,245,0,5.85714,,4.66667,45,0,0.1,13,30.7692,0,8.14582,31,,3000,2994,,0,0,0,4.2
1612846761058,6,1010123456013,79,,1,0,24,1,1,,15.1085,857,183829,3.64199,245,0,7.2,,8.57143,7,0,0.1,2,50,0,13.4422,31,,3000,3000,,0,0,0,6.14286
1612846761308,6,1010123456013,79,,1,0,24,1,1,,14.5525,867,178547,3.13562,248,0,8,,0,0,0,0,0,0,0,0,0,,3000,3000,,0,0,0,0
1612846761558,6,1010123456013,79,,1,0,24,1,1,,8.61833,862,183230,2.08592,247,0,5,,0,0,0,0,0,0,0,0,0,,3000,2994,,0,0,0,0
1612846761808,6,1010123456013,79,,1,0,24,1,1,,14.2705,854,183330,3.65514,247,0,7.42857,,15.8696,23,0,0.1,6,66.6667,0,17.2106,31,,3000,2994,,0,0,0,7.26087
1612846762058,6,1010123456013,79,,1,0,24,1,1,,13.7111,848,183905,2.87165,247,0,7.66667,,0,12,0,0,4,100,0,0,0,,3000,2970,,0,0,0,0
1612846762308,6,1010123456013,79,,1,0,24,1,1,,9.54312,858,166472,2.09149,243,0,6.83333,,0,0,0,0,0,0,0,0,0,,3000,2982,,0,0,0,0
1612846762558,6,1010123456013,79,,1,0,24,1,1,,13.381,861,182722,3.16502,247,0,7,,0,0,0,0,0,0,0,0,0,,3000,2994,,0,0,0,0
1612846762808,6,1010123456013,79,,1,0,24,1,1,,6.8355,845,183951,1.49446,246,0,5.33333,,0.1,36,0,0.1,11,36.3636,0,1.92466,31,,3000,2994,,0,0,0,4.25
1612846763058,6,1010123456013,79,,1,0,24,1,1,,10.0249,844,164528,2.4919,244,0,7,,0.1,14,0,0.1,4,75,0,6.65502,31,,3000,2970,,0,0,0,8.07143
1612846763308,6,1010123456013,79,,1,0,24,1,1,,8.2296,858,184273,1.99216,247,0,4.16667,,0,0,0,0,0,0,0,0,0,,3000,2994,,0,0,0,0
1612846763558,6,1010123456013,79,,1,0,24,1,1,,12.4647,850,183491,2.62461,247,0,7.16667,,0,0,0,0,0,0,0,0,0,,3000,2940,,0,0,0,0
1612846763808,6,1010123456013,79,,1,0,24,1,1,,11.8906,850,180209,2.91942,246,0,7,,0,0,0,0,0,0,0,0,0,,3000,2946,,0,0,0,0
1612846764058,6,1010123456013,79,,1,0,24,1,1,,9.10035,847,183616,2.05862,248,0,5.16667,,10.3191,47,0,0.1,14,57.1429,0,9.17371,31,,3000,3000,,0,0,0,6.29787
1612846764308,6,1010123456013,79,,1,0,24,1,1,,11.493,862,184504,2.83216,249,0,7.16667,,0,0,0,0,0,0,0,0,0,,3000,2964,,0,0,0,0
1612846764558,6,1010123456013,79,,1,0,24,1,1,,9.32558,860,183939,1.94189,245,0,5.33333,,0,0,0,0,0,0,0,0,0,,3000,2949,,0,0,0,0
1612846764809,6,1010123456013,79,,1,0,24,1,1,,3.06079,839,182837,0.781132,242,0,3.42857,,15.2222,9,0,0.1,3,0,0,29.4111,31,,3000,2964,,0,0,0,1
1612846765058,6,1010123456013,79,,1,0,24,1,1,,9.27109,830,184374,2.13202,245,0,5.5,,0,3,0,0.1,1,0,0,0,31,,3000,2970,,0,0,0,0
1612846765308,6,1010123456013,79,,1,0,24,1,1,,11.2696,868,182810,2.38157,248,0,7,,0,0,0,0,0,0,0,0,0,,3000,3000,,0,0,0,0
1612846765558,6,1010123456013,79,,1,0,24,1,1,,5.87703,862,183534,1.34013,247,0,3.6,,0,0,0,0,0,0,0,0,0,,3000,3000,,0,0,0,0
1612846765808,6,1010123456013,79,,1,0,24,1,1,,18.0783,869,183693,3.81712,249,0,9.16667,,0,0,0,0,0,0,0,0,0,,3000,2982,,0,0,0,0
1612846766058,6,1010123456013,79,,1,0,24,1,1,,7.48999,849,182769,1.71677,245,0,4.5,,8.30357,56,0,0.1,16,75,0,6.72621,31,,3000,2970,,0,0,0,7.58929
1612846766308,6,1010123456013,79,,1,0,24,1,1,,5.5116,862,182739,1.28957,247,0,3.16667,,0,0,0,0,0,0,0,0,0,,3000,2970,,0,0,0,0
1612846766558,6,1010123456013,79,,1,0,24,1,1,,17.2042,867,171691,4.55667,248,0,8.83333,,0,0,0,0,0,0,0,0,0,,3000,2988,,0,0,0,0
1612846766808,6,1010123456013,79,,1,0,24,1,1,,8.7718,837,183920,2.09757,239,0,5.42857,,7.45,60,0,0.1,17,47.0588,0,11.886,31,,3000,2886,,0,0,0,5.2
1612846767058,6,1010123456013,79,,1,0,24,1,1,,8.77765,868,183636,1.88598,249,0,6,,3.21429,14,0,0.1,4,75,0,6.50573,31,,3000,3000,,0,0,0,8.07143
1612846767308,6,1010123456013,79,,1,0,24,1,1,,9.76888,874,183463,2.72173,250,0,6,,0,0,0,0,0,0,0,0,0,,3000,2970,,0,0,0,0
1612846767558,6,1010123456013,79,,1,0,24,1,1,,14.868,871,150126,3.59011,249,0,8.5,,0,0,0,0,0,0,0,0,0,,3000,3000,,0,0,0,0
1612846767808,6,1010123456013,79,,1,0,24,1,1,,8.57679,853,183623,2.04822,245,0,5.71429,,0,12,0,0,4,100,0,0,0,,3000,3000,,0,0,0,0
1612846768058,6,1010123456013,79,,1,0,24,1,1,,12.7601,863,182497,2.79126,247,0,6.66667,,3.85714,7,0,0.1,2,0,0,30.4962,31,,3000,3000,,0,0,0,1
1612846768308,6,1010123456013,79,,1,0,24,1,1,,16.9313,859,163871,3.87571,246,0,9.16667,,0,0,0,0,0,0,0,0,0,,3000,2982,,0,0,0,0
1612846768558,6,1010123456013,79,,1,0,24,1,1,,12.5285,861,183422,2.82083,247,0,6.33333,,0,0,0,0,0,0,0,0,0,,3000,2982,,0,0,0,0
1612846768808,6,1010123456013,79,,1,0,24,1,1,,14.2421,859,184101,3.5952,248,0,7,,15,16,0,0,4,100,0,2.66504,0,,3000,2994,,0,0,0,10
1612846769058,6,1010123456013,79,,1,0,24,1,1,,10.8102,859,177204,2.29562,246,0,6.8,,0.1,8,0,0.1,2,0,0,14.3238,31,,3000,2994,,0,0,0,1
1612846769308,6,1010123456013,79,,1,0,24,1,1,,7.45539,863,182831,1.87299,247,0,4.6,,0,0,0,0,0,0,0,0,0,,3000,3000,,0,0,0,0
1612846769558,6,1010123456013,79,,1,0,24,1,1,,9.96181,864,183849,2.1985,247,0,6,,0,0,0,0,0,0,0,0,0,,3000,2988,,0,0,0,0
1612846769809,6,1010123456013,79,,1,0,24,1,1,,14.5426,857,161909,3.46346,248,0,8,,15.6111,18,0,0.1,6,50,0,18.4328,31,,3000,2976,,0,0,0,4.5
1612846770058,6,1010123456013,79,,1,0,24,1,1,,11.9803,865,183265,2.59541,248,0,6.2,,0,5,0,0.1,2,50,0,0,0,,3000,2994,,0,0,0,0
1612846770308,6,1010123456013,79,,1,0,24,1,1,,11.1061,858,184189,2.5009,245,0,5.33333,,0,0,0,0,0,0,0,0,0,,3000,2970,,0,0,0,0
1612846770558,6,1010123456013,79,,1,0,24,1,1,,15.6169,864,167832,3.44883,248,0,8.66667,,0,0,0,0,0,0,0,0,0,,3000,2976,,0,0,0,0
1612846770808,6,1010123456013,79,,1,0,24,1,1,,10.9252,869,182622,2.38381,248,0,6.57143,,0,0,0,0,0,0,0,0,0,,3000,2994,,0,0,0,0
1612846771058,6,1010123456013,79,,1,0,24,1,1,,14.4201,857,183625,3.16816,249,0,7.66667,,15.35,80,0,0.244384,26,76.9231,0,7.95361,31,,3000,3000,,0,0,0,7.525
1612846771308,6,1010123456013,79,,1,0,24,1,1,,13.7308,858,184101,3.04547,247,0,6.83333,,0,0,0,0,0,0,0,0,0,,3000,3000,,0,0,0,0
1612846771558,6,1010123456013,79,,1,0,24,1,1,,7.73882,850,182892,1.63667,244,0,5,,0,0,0,0,0,0,0,0,0,,3000,2970,,0,0,0,0
1612846771808,6,1010123456013,79,,1,0,24,1,1,,11.8028,857,183243,2.69952,248,0,5.4,,0.1,35,0,0.1,10,20,0,5.64009,31,,3000,3000,,0,0,0,2.8
1612846772058,6,1010123456013,79,,1,0,24,1,1,,12.1502,859,179092,2.53526,247,0,7.5,,0.1,4,0,0.1,1,0,0,24.1204,0,,3000,2988,,0,0,0,1
1612846772308,6,1010123456013,79,,1,0,24,1,1,,5.94817,849,183611,1.74739,246,0,2.66667,,0,0,0,0,0,0,0,0,0,,3000,2982,,0,0,0,0
1612846772558,6,1010123456013,79,,1,0,24,1,1,,6.65,840,184020,1.44195,241,0,4.66667,,0,0,0,0,0,0,0,0,0,,3000,2964,,0,0,0,0
1612846772809,6,1010123456013,79,,1,0,24,1,1,,11.5542,848,183339,2.43621,249,0,7.66667,,15.6538,26,0,0.1,8,62.5,0,9.56165,31,,3000,2946,,0,0,0,7.30769
1612846773058,6,1010123456013,79,,1,0,24,1,1,,12.8442,841,183098,2.87222,246,0,7.33333,,12.8,15,0,0.1,5,80,0,8.44659,0,,3000,3000,,0,0,0,8.2
1612846773308,6,1010123456013,79,,1,0,24,1,1,,12.7726,853,184403,3.5903,245,0,6.5,,0,0,0,0,0,0,0,0,0,,3000,2994,,0,0,0,0
1612846773558,6,1010123456013,79,,1,0,24,1,1,,11.3215,871,182353,2.41757,249,0,7.6,,0,0,0,0,0,0,0,0,0,,3000,2982,,0,0,0,0
1612846773809,6,1010123456013,79,,1,0,24,1,1,,9.77214,847,183731,2.16379,245,0,5.83333,,15.2353,68,0,0.15761,22,77.2727,0,8.6269,31,,3000,2994,,0,0,0,7.61765
1612846774058,6,1010123456013,79,,1,0,24,1,1,,17.7666,844,177444,3.94076,246,0,9.5,,12.6897,29,0,0.1,9,88.8889,0,1.55607,31,,3000,2982,,0,0,0,9.06897
1612846774308,6,1010123456013,79,,1,0,24,1,1,,9.97688,865,183599,2.46656,248,0,5.33333,,0,0,0,0,0,0,0,0,0,,3000,3000,,0,0,0,0
1612846774558,6,1010123456013,79,,1,0,24,1,1,,8.21294,850,184517,1.84912,247,0,4.66667,,0,0,0,0,0,0,0,0,0,,3000,2976,,0,0,0,0
1612846774808,6,1010123456013,79,,1,0,24,1,1,,7.21289,869,183324,1.61965,250,0,5.83333,,0,26,0,0.1,9,88.8889,0,0,31,,3000,2994,,0,0,0,0
1612846775058,6,1010123456013,79,,1,0,24,1,1,,12.843,847,183448,2.77261,248,0,6.66667,,4,42,0,0.1,14,85.7143,0,0.677815,31,,3000,2952,,0,0,0,9
1612846775308,6,1010123456013,79,,1,0,24,1,1,,9.24154,857,182378,2.4545,245,0,5.83333,,0,0,0,0,0,0,0,0,0,,3000,2964,,0,0,0,0
1612846775558,6,1010123456013,79,,1,0,24,1,1,,7.68095,840,184168,1.72013,242,0,4.5,,0,0,0,0,0,0,0,0,0,,3000,2967,,0,0,0,0
1612846775808,6,1010123456013,79,,1,0,24,1,1,,11.6227,856,184107,2.55296,248,0,6.28571,,0.1,47,0,0.1,13,38.4615,0,4.27102,31,,3000,3000,,0,0,0,4.44681
1612846776058,6,1010123456013,79,,1,0,24,1,1,,6.38023,860,184137,1.57517,248,0,4,,0.1,14,0,0.1,4,50,0,8.18111,31,,3000,2994,,0,0,0,4.85714
1612846776308,6,1010123456013,79,,1,0,24,1,1,,6,860,183061,1.33059,247,0,4.16667,,0,0,0,0,0,0,0,0,0,,3000,2964,,0,0,0,0
1612846776558,6,1010123456013,79,,1,0,24,1,1,,16.3121,862,164433,4.55037,247,0,8.33333,,0,0,0,0,0,0,0,0,0,,3000,2994,,0,0,0,0
1612846776808,6,1010123456013,79,,1,0,24,1,1,,11.8174,849,179585,2.85942,245,0,6.85714,,0,0,0,0,0,0,0,0,0,,3000,2940,,0,0,0,0
1612846777058,6,1010123456013,79,,1,0,24,1,1,,15.2769,845,183864,3.3297,245,0,7,,13.68,50,0,0.1,15,86.6667,0,8.93825,31,,3000,2994,,0,0,0,8.74
1612846777308,6,1010123456013,79,,1,0,24,1,1,,15.0431,858,168457,3.59427,247,0,10.2,,0,0,0,0,0,0,0,0,0,,3000,2994,,0,0,0,0
1612846777558,6,1010123456013,79,,1,0,24,1,1,,11.0279,859,183375,2.3848,245,0,6.8,,0,0,0,0,0,0,0,0,0,,3000,3000,,0,0,0,0
1612846777808,6,1010123456013,79,,1,0,24,1,1,,4.15925,854,184017,1.16243,248,0,4.16667,,0,0,0,0,0,0,0,0,0,,3000,2982,,0,0,0,0
1612846778058,6,1010123456013,79,,1,0,24,1,1,,16.9152,849,161855,4.31859,244,0,8.6,,0.1,36,0,0.1,12,33.3333,0,1.36408,31,,3000,2982,,0,0,0,5.58333
1612846778308,6,1010123456013,79,,1,0,24,1,1,,14.388,853,183072,3.07714,248,0,7.66667,,0,0,0,0,0,0,0,0,0,,3000,3000,,0,0,0,0
1612846778558,6,1010123456013,79,,1,0,24,1,1,,6.25029,847,183715,1.32816,243,0,4.66667,,0,0,0,0,0,0,0,0,0,,3000,2862,,0,0,0,0
1612846778809,6,1010123456013,79,,1,0,24,1,1,,17.2086,839,155497,4.83509,245,0,9.57143,,14.1132,53,0,0.119745,18,72.2222,0,7.24569,31,,3000,2982,,0,0,0,7.45283
1612846779058,6,1010123456013,79,,1,0,24,1,1,,10.5903,847,183038,2.5164,247,0,5.83333,,12.2353,17,0,0.1,5,80,0,1.96366,31,,3000,3000,,0,0,0,7.88235
1612846779308,6,1010123456013,79,,1,0,24,1,1,,9.79094,861,184332,2.3992,247,0,5.33333,,0,0,0,0,0,0,0,0,0,,3000,2994,,0,0,0,0
1612846779558,6,1010123456013,79,,1,0,24,1,1,,13.134,858,184020,3.34602,247,0,7.66667,,0,0,0,0,0,0,0,0,0,,3000,2988,,0,0,0,0
1612846779808,6,1010123456013,79,,1,0,24,1,1,,8.86509,845,183968,2.00832,244,0,4.57143,,0.1,32,0,0.1,9,0,0,7.34074,31,,3000,3000,,0,0,0,1
1612846780058,6,1010123456013,79,,1,0,24,1,1,,8.01508,862,184054,1.70797,246,0,6,,0,3,0,0.1,1,0,0,0,31,,3000,2964,,0,0,0,0
1612846780308,6,1010123456013,79,,1,0,24,1,1,,13.0723,858,184336,2.93459,246,0,6.33333,,0,0,0,0,0,0,0,0,0,,3000,2970,,0,0,0,0
1612846780558,6,1010123456013,79,,1,0,24,1,1,,4.81829,875,183280,1.08026,250,0,3.5,,0,0,0,0,0,0,0,0,0,,3000,3000,,0,0,0,0
1612846780809,6,1010123456013,79,,1,0,24,1,1,,10.1367,834,183293,2.20328,244,0,6.14286,,15.2381,21,0,0.1,6,50,0,17.7589,31,,3012,3006,,0,0,0,5.47619
1612846781058,6,1010123456013,79,,1,0,24,1,1,,11.6341,839,183592,2.67178,247,0,5,,0,3,0,0.1,1,0,0,0,31,,2988,2964,,0,0,0,0
1612846781308,6,1010123456013,79,,1,0,24,1,1,,14.5023,856,182874,3.29462,247,0,8.33333,,0,0,0,0,0,0,0,0,0,,3000,3000,,0,0,0,0
1612846781558,6,1010123456013,79,,1,0,24,1,1,,17.8636,858,183581,3.77187,247,0,9,,0,0,0,0,0,0,0,0,0,,3000,2970,,0,0,0,0
1612846781808,6,1010123456013,79,,1,0,24,1,1,,14.9048,851,173674,3.5847,246,0,7,,14.5263,19,0,0.1,6,50,0,16.6672,31,,3000,2964,,0,0,0,5.26316
1612846782058,6,1010123456013,79,,1,0,24,1,1,,10.2901,855,163410,2.54221,248,0,7.16667,,15,4,0,0.1,1,0,0,28.2645,31,,3000,2994,,0,0,0,1
1612846782308,6,1010123456013,79,,1,0,24,1,1,,5.55934,851,184113,1.29722,244,0,4.4,,0,0,0,0,0,0,0,0,0,,3000,2994,,0,0,0,0
1612846782558,6,1010123456013,79,,1,0,24,1,1,,13.9317,864,183871,3.09261,248,0,7,,0,0,0,0,0,0,0,0,0,,3000,2994,,0,0,0,0
1612846782810,6,1010123456013,79,,1,0,24,1,1,,12.4656,842,163200,2.98952,246,0,8.33333,,14.8235,17,0,0.1,5,20,0,24.2394,31,,3012,2988,,0,0,0,2.58824
1612846783058,6,1010123456013,79,,1,0,24,1,1,,7.87678,844,183150,1.97903,246,0,5,,0,12,0,0,4,100,0,0,0,,2988,2988,,0,0,0,0
1612846783308,6,1010123456013,79,,1,0,24,1,1,,15.1051,866,183711,3.27392,248,0,7.83333,,0,0,0,0,0,0,0,0,0,,3000,2982,,0,0,0,0
1612846783558,6,1010123456013,79,,1,0,24,1,1,,13.2846,861,184081,2.98122,247,0,7.16667,,0,0,0,0,0,0,0,0,0,,3000,3000,,0,0,0,0
1612846783808,6,1010123456013,79,,1,0,24,1,1,,9.81191,856,182479,2.44774,246,0,5.85714,,0.1,57,0,0.1,16,43.75,0,1.63428,31,,3000,2994,,0,0,0,5.21053
1612846784058,6,1010123456013,79,,1,0,24,1,1,,15.0212,849,183520,3.2584,247,0,7.83333,,0,6,0,0.1,2,50,0,0,31,,3000,2982,,0,0,0,0
1612846784308,6,1010123456013,79,,1,0,24,1,1,,13.8383,866,183915,3.07251,248,0,7.16667,,0,0,0,0,0,0,0,0,0,,3000,2952,,0,0,0,0
1612846784558,6,1010123456013,79,,1,0,24,1,1,,12.1858,861,183500,2.75878,247,0,7,,0,0,0,0,0,0,0,0,0,,3000,2982,,0,0,0,0
1612846784808,6,1010123456013,79,,1,0,24,1,1,,10.5298,857,184282,3.08781,248,0,5.42857,,13.7778,27,0,0.1,8,87.5,0,5.40633,31,,3000,2940,,0,0,0,9.11111
1612846785058,6,1010123456013,79,,1,0,24,1,1,,16.7784,862,169544,3.65293,248,0,9.83333,,2.89474,57,0,0.1,16,62.5,0,7.32819,31,,3000,2994,,0,0,0,6.4386
1612846785308,6,1010123456013,79,,1,0,24,1,1,,13.7869,854,179455,4.00074,245,0,8.4,,0,0,0,0,0,0,0,0,0,,3000,2976,,0,0,0,0
1612846785558,6,1010123456013,79,,1,0,24,1,1,,10.6052,851,183702,2.52934,244,0,6.33333,,0,0,0,0,0,0,0,0,0,,3000,3000,,0,0,0,0
1612846785809,6,1010123456013,79,,1,0,24,1,1,,12.8394,853,183697,2.70709,247,0,7,,13.9091,11,0,0.1,3,0,0,30.7699,31,,3000,2976,,0,0,0,1
1612846786058,6,1010123456013,79,,1,0,24,1,1,,9.19284,866,182398,1.85947,248,0,6,,0,3,0,0.1,1,0,0,0,31,,3000,2994,,0,0,0,0
1612846786308,6,1010123456013,79,,1,0,24,1,1,,14.5018,857,184175,3.54966,247,0,7.5,,0,0,0,0,0,0,0,0,0,,3000,3000,,0,0,0,0
1612846786558,6,1010123456013,79,,1,0,24,1,1,,10.0218,870,184289,2.26112,248,0,5.66667,,0,0,0,0,0,0,0,0,0,,3000,2994,,0,0,0,0
1612846786808,6,1010123456013,79,,1,0,24,1,1,,7.75682,843,183063,1.6825,244,0,5.14286,,0,0,0,0,0,0,0,0,0,,3000,2952,,0,0,0,0
1612846787058,6,1010123456013,79,,1,0,24,1,1,,10.0415,844,183342,2.24016,243,0,5.66667,,7.30769,39,0,0.1,11,45.4545,0,6.959,31,,3000,2994,,0,0,0,5.92308
1612846787308,6,1010123456013,79,,1,0,24,1,1,,3.67671,863,184224,0.997472,247,0,3,,0,0,0,0,0,0,0,0,0,,3000,3000,,0,0,0,0
1612846787558,6,1010123456013,79,,1,0,24,1,1,,13.5265,868,180578,3.06563,249,0,7.83333,,0,0,0,0,0,0,0,0,0,,3000,2886,,0,0,0,0
1612846787808,6,1010123456013,79,,1,0,24,1,1,,8.72641,848,184135,2.0969,244,0,4.57143,,0,0,0,0,0,0,0,0,0,,3000,2994,,0,0,0,0
1612846788058,6,1010123456013,79,,1,0,24,1,1,,13.0477,838,184077,2.92659,246,0,7.5,,14.7308,78,0,0.234272,26,73.0769,0,6.99022,31,,3000,2973,,0,0,0,7.69231
1612846788308,6,1010123456013,79,,1,0,24,1,1,,13.4484,863,183260,2.79283,248,0,7.83333,,0,0,0,0,0,0,0,0,0,,3000,2952,,0,0,0,0
1612846788558,6,1010123456013,79,,1,0,24,1,1,,17.5972,864,181129,4.1847,248,0,9.33333,,0,0,0,0,0,0,0,0,0,,3000,2994,,0,0,0,0
1612846788808,6,1010123456013,79,,1,0,24,1,1,,13.2888,831,184029,2.7865,240,0,7.16667,,0,0,0,0,0,0,0,0,0,,3000,2988,,0,0,0,0
1612846789058,6,1010123456013,79,,1,0,24,1,1,,13.2089,857,183638,2.84486,246,0,6.83333,,7.25862,58,0,0.1,17,58.8235,0,9.65624,31,,3000,3000,,0,0,0,6.43103
1612846789308,6,1010123456013,79,,1,0,24,1,1,,8.66744,863,183062,2.01802,247,0,4,,0,0,0,0,0,0,0,0,0,,3000,2988,,0,0,0,0
1612846789558,6,1010123456013,79,,1,0,24,1,1,,13.1485,862,86616,3.08515,247,0,7,,0,0,0,0,0,0,0,0,0,,3000,3000,,0,0,0,0
1612846789808,6,1010123456013,79,,1,0,24,1,1,,12.8452,859,1668,2.84243,246,0,6.71429,,0,0,0,0,0,0,0,0,0,,3000,3000,,0,0,0,0
1612846790058,6,1010123456013,79,,1,0,24,1,1,,5.91667,60,0,0.094912,24,0,3.75,,7.7027,37,0,0.1,10,40,0,7.57617,31,,138,138,,0,0,0,4.89189
1612846790308,6,1010123456013,79,,1,0,24,1,1,,0,0,0,0,0,0,6.75,,0,0,0,0,0,0,0,0,0,,0,0,,0,0,0,0
1612846790558,6,1010123456013,79,,1,0,24,1,1,,0,0,0,0,0,0,8.33333,,0,0,0,0,0,0,0,0,0,,0,0,,0,0,0,0
1612846790808,6,1010123456013,79,,1,0,24,1,1,,0,0,0,0,0,0,8.66667,,0,0,0,0,0,0,0,0,0,,0,0,,0,0,0,0
1612846791058,6,1010123456013,79,,1,0,24,1,1,,0,0,0,0,0,0,5.5,,0,0,0,0,0,0,0,0,0,,0,0,,0,0,0,0
1612846791308,6,1010123456013,79,,1,0,24,1,1,,0,0,0,0,0,0,6.8,,0,0,0,0,0,0,0,0,0,,0,0,,0,0,0,0
1612846791558,6,1010123456013,79,,1,0,24,1,1,,0,0,0,0,0,0,9.5,,0,0,0,0,0,0,0,0,0,,0,0,,0,0,0,0
1612846791808,6,1010123456013,79,,1,0,24,1,1,,0,0,0,0,0,0,6.42857,,0,0,0,0,0,0,0,0,0,,0,0,,0,0,0,0
1612846792058,6,1010123456013,79,,1,0,24,1,1,,0,0,0,0,0,0,8.8,,0,0,0,0,0,0,0,0,0,,0,0,,0,0,0,0
1612846792308,6,1010123456013,79,,1,0,24,1,1,,0,0,0,0,0,0,1.75,,0,0,0,0,0,0,0,0,0,,0,0,,0,0,0,0
1612846792558,6,1010123456013,79,,1,0,24,1,1,,0,0,0,0,0,0,7.6,,0,0,0,0,0,0,0,0,0,,0,0,,0,0,0,0
1612846792808,6,1010123456013,79,,1,0,24,1,1,,0,0,0,0,0,0,9,,0,0,0,0,0,0,0,0,0,,0,0,,0,0,0,0
1612846793058,6,1010123456013,79,,1,0,24,1,1,,0,0,0,0,0,0,5.5,,0,0,0,0,0,0,0,0,0,,0,0,,0,0,0,0
1612846793308,6,1010123456013,79,,1,0,24,1,1,,0,0,0,0,0,0,5.2,,0,0,0,0,0,0,0,0,0,,0,0,,0,0,0,0
1612846793558,6,1010123456013,79,,1,0,24,1,1,,0,0,0,0,0,0,10.6667,,0,0,0,0,0,0,0,0,0,,0,0,,0,0,0,0
1612846793808,6,1010123456013,79,,1,0,24,1,1,,0,0,0,0,0,0,6,,0,0,0,0,0,0,0,0,0,,0,0,,0,0,0,0
1612846794058,6,1010123456013,79,,1,0,24,1,1,,0,0,0,0,0,0,6.16667,,0,0,0,0,0,0,0,0,0,,0,0,,0,0,0,0
1612846794308,6,1010123456013,79,,1,0,24,1,1,,0,0,0,0,0,0,7.66667,,0,0,0,0,0,0,0,0,0,,0,0,,0,0,0,0
1612846794558,6,1010123456013,79,,1,0,24,1,1,,0,0,0,0,0,0,9.33333,,0,0,0,0,0,0,0,0,0,,0,0,,0,0,0,0
1612846794808,6,1010123456013,79,,1,0,24,1,1,,0,0,0,0,0,0,5.83333,,0,0,0,0,0,0,0,0,0,,0,0,,0,0,0,0
1612846795058,6,1010123456013,79,,1,0,24,1,1,,0,0,0,0,0,0,3.75,,0,0,0,0,0,0,0,0,0,,0,0,,0,0,0,0
1612846795308,6,1010123456013,79,,1,0,24,1,1,,0,0,0,0,0,0,0.1,,0,0,0,0,0,0,0,0,0,,0,0,,0,0,0,0
1612846795558,6,1010123456013,79,,1,0,24,1,1,,0,0,0,0,0,0,0.1,,0,0,0,0,0,0,0,0,0,,0,0,,0,0,0,0
1612846795808,6,1010123456013,79,,1,0,24,1,1,,0,0,0,0,0,0,6.5,,0,0,0,0,0,0,0,0,0,,0,0,,0,0,0,0
1612846796058,6,1010123456013,79,,1,0,24,1,1,,0,0,0,0,0,0,8,,0,0,0,0,0,0,0,0,0,,0,0,,0,0,0,0
1612846796308,6,1010123456013,79,,1,0,24,1,1,,0,0,0,0,0,0,4.5,,0,0,0,0,0,0,0,0,0,,0,0,,0,0,0,0
1612846796558,6,1010123456013,79,,1,0,24,1,1,,0,0,0,0,0,0,11,,0,0,0,0,0,0,0,0,0,,0,0,,0,0,0,0
1612846796808,6,1010123456013,79,,1,0,24,1,1,,0,0,0,0,0,0,13,,0,0,0,0,0,0,0,0,0,,0,0,,0,0,0,0
1612846797058,6,1010123456013,79,,1,0,24,1,1,,0,0,0,0,0,0,13.5,,0,0,0,0,0,0,0,0,0,,0,0,,0,0,0,0
1612846797308,6,1010123456013,79,,1,0,24,1,1,,0,0,0,0,0,0,3,,0,0,0,0,0,0,0,0,0,,0,0,,0,0,0,0
1612846797558,6,1010123456013,79,,1,0,24,1,1,,0,0,0,0,0,0,5,,0,0,0,0,0,0,0,0,0,,0,0,,0,0,0,0
1612846797808,6,1010123456013,79,,1,0,24,1,1,,0,0,0,0,0,0,4.33333,,0,0,0,0,0,0,0,0,0,,0,0,,0,0,0,0
1612846798058,6,1010123456013,79,,1,0,24,1,1,,0,0,0,0,0,0,8.5,,0,0,0,0,0,0,0,0,0,,0,0,,0,0,0,0
