time,cc,pci,earfcn,rsrp,pl,cfo,dl_mcs,dl_snr,dl_turbo,dl_brate,dl_bler,ul_ta,ul_mcs,ul_buff,ul_brate,ul_bler,rf_o,rf_u,rf_l,is_attached
0,0,0,4294967295,0.0,0.0,0.0,0.0,0.0,0.0,0.0,0.0,0.0,0.0,0.0,0.0,0.0,0.0,0.0,0.0,0.0
249,0,0,3400,0.0,0.0,0.0,0.0,0.0,0.0,0.0,0.0,0.0,0.0,0.0,0.0,0.0,0.0,0.0,0.0,0.0
498,0,0,3400,0.0,0.0,0.0,0.0,0.0,0.0,0.0,0.0,0.0,0.0,0.0,0.0,0.0,0.0,0.0,0.0,0.0
747,0,1,3400,-56,56,-787,0.29,16,0.073,583,0,0.0,0.0,0.0,0.0,0.0,0.0,0.0,0.0,0.0
996,0,1,3400,-56,56,-789,2.0,17,0.31,2317.460205,0,0.0,0.0,33,222,0,0.0,0.0,0.0,1.0
1245,0,1,3400,-56,56,-786,3.5,16,0.50,0.0,0.0,1.0,0.0,33,0.0,0.0,0.0,0.0,0.0,1.0
1494,0,1,3400,-56,56,-790,1.3,16,0.50,444,0,1.0,7.9,0.0,19365.080078,0,0.0,0.0,0.0,1.0
1743,0,1,3400,-56,56,-789,3.3,16,0.50,3650.793701,0,2.1,12,0.0,54126.984375,0,0.0,0.0,0.0,1.0
1992,0,1,3400,-56,56,-784,2.6,16,0.50,5407.114746,0,2.1,12,0.0,58371.542969,7,0.0,0.0,0.0,1.0
2241,0,1,3400,-56,56,-784,4.2,16,0.50,1809.523804,0,2.1,12,0.0,17936.507812,0,0.0,0.0,0.0,1.0
2490,0,1,3400,-56,56,-789,5.0,16,0.50,0.0,0.0,2.1,12,0.0,0.0,0.0,0.0,0.0,0.0,1.0
2739,0,1,3400,-56,56,-791,5.0,16,0.50,0.0,0.0,2.1,12,0.0,0.0,0.0,0.0,0.0,0.0,1.0
2988,0,1,3400,-56,56,-789,5.0,17,0.50,0.0,0.0,2.1,12,0.0,0.0,0.0,0.0,0.0,0.0,1.0
3237,0,1,3400,-56,56,-789,5.0,15,0.50,0.0,0.0,2.1,12,0.0,0.0,0.0,0.0,0.0,0.0,1.0
3486,0,1,3400,-56,56,-789,5.0,17,0.50,0.0,0.0,2.1,12,0.0,0.0,0.0,0.0,0.0,0.0,1.0
3735,0,1,3400,-56,56,-790,5.0,17,0.50,0.0,0.0,2.1,12,0.0,0.0,0.0,0.0,0.0,0.0,1.0
3984,0,1,3400,-56,56,-787,5.0,15,0.50,0.0,0.0,2.1,12,0.0,0.0,0.0,0.0,0.0,0.0,1.0
4233,0,1,3400,-56,56,-794,5.0,14,0.50,0.0,0.0,2.1,12,0.0,0.0,0.0,0.0,0.0,0.0,1.0
4482,0,1,3400,-56,56,-792,5.0,15,0.50,0.0,0.0,2.1,12,0.0,0.0,0.0,0.0,0.0,0.0,1.0
4731,0,1,3400,-56,56,-792,5.0,16,0.50,0.0,0.0,2.1,12,0.0,0.0,0.0,0.0,0.0,0.0,1.0
4980,0,1,3400,-56,56,-793,5.0,15,0.50,0.0,0.0,2.1,12,0.0,0.0,0.0,0.0,0.0,0.0,1.0
5229,0,1,3400,-56,56,-792,5.0,16,0.50,0.0,0.0,2.1,12,0.0,0.0,0.0,0.0,0.0,0.0,1.0
5478,0,1,3400,-56,56,-789,5.0,15,0.50,0.0,0.0,2.1,12,0.0,0.0,0.0,0.0,0.0,0.0,1.0
5727,0,1,3400,-56,56,-788,5.0,14,0.50,0.0,0.0,2.1,12,0.0,0.0,0.0,0.0,0.0,0.0,1.0
5976,0,1,3400,-56,56,-788,5.0,16,0.50,0.0,0.0,2.1,12,0.0,0.0,0.0,0.0,0.0,0.0,1.0
6225,0,1,3400,-56,56,-786,5.0,15,0.50,0.0,0.0,2.1,12,0.0,0.0,0.0,0.0,0.0,0.0,1.0
6474,0,1,3400,-56,56,-785,5.0,16,0.50,0.0,0.0,2.1,12,0.0,0.0,0.0,0.0,0.0,0.0,1.0
6723,0,1,3400,-56,56,-791,5.0,15,0.50,0.0,0.0,2.1,12,0.0,0.0,0.0,0.0,0.0,0.0,1.0
6972,0,1,3400,-56,56,-797,5.0,15,0.50,0.0,0.0,2.1,12,0.0,0.0,0.0,0.0,0.0,0.0,1.0
7221,0,1,3400,-56,56,-793,5.0,15,0.50,0.0,0.0,2.1,12,0.0,0.0,0.0,0.0,0.0,0.0,1.0
7470,0,1,3400,-56,56,-786,5.0,15,0.50,0.0,0.0,2.1,12,0.0,0.0,0.0,0.0,0.0,0.0,1.0
7719,0,1,3400,-56,56,-788,5.0,15,0.50,0.0,0.0,2.1,12,0.0,0.0,0.0,0.0,0.0,0.0,1.0
7968,0,1,3400,-56,56,-792,5.0,15,0.50,0.0,0.0,2.1,12,0.0,0.0,0.0,0.0,0.0,0.0,1.0
8217,0,1,3400,-56,56,-789,5.0,16,0.50,0.0,0.0,2.1,12,0.0,0.0,0.0,0.0,0.0,0.0,1.0
8466,0,1,3400,-56,56,-783,5.0,16,0.50,0.0,0.0,2.1,12,0.0,0.0,0.0,0.0,0.0,0.0,1.0
8715,0,1,3400,-56,56,-791,5.0,15,0.50,0.0,0.0,2.1,12,0.0,0.0,0.0,0.0,0.0,0.0,1.0
8964,0,1,3400,-56,56,-792,5.0,16,0.50,0.0,0.0,2.1,12,0.0,0.0,0.0,0.0,0.0,0.0,1.0
9213,0,1,3400,-56,56,-798,5.0,15,0.50,0.0,0.0,2.1,11,0.0,0.0,0.0,0.0,0.0,0.0,1.0
9462,0,1,3400,-56,56,-796,5.0,15,0.50,0.0,0.0,2.1,12,0.0,0.0,0.0,0.0,0.0,0.0,1.0
9711,0,1,3400,-56,56,-792,5.0,15,0.50,0.0,0.0,2.1,12,0.0,0.0,0.0,0.0,0.0,0.0,1.0
9960,0,1,3400,-56,56,-791,5.0,15,0.50,0.0,0.0,2.1,12,0.0,0.0,0.0,0.0,0.0,0.0,1.0
10209,0,1,3400,-56,56,-789,5.0,14,0.50,0.0,0.0,2.1,12,0.0,0.0,0.0,0.0,0.0,0.0,1.0
10458,0,1,3400,-56,56,-791,5.0,15,0.50,0.0,0.0,2.1,12,0.0,0.0,0.0,0.0,0.0,0.0,1.0
10707,0,1,3400,-56,56,-788,5.0,15,0.50,0.0,0.0,2.1,12,0.0,0.0,0.0,0.0,0.0,0.0,1.0
10956,0,1,3400,-56,56,-789,5.0,16,0.50,0.0,0.0,2.1,12,0.0,0.0,0.0,0.0,0.0,0.0,1.0
11205,0,1,3400,-56,56,-791,5.0,15,0.50,0.0,0.0,2.1,12,0.0,0.0,0.0,0.0,0.0,0.0,1.0
11454,0,1,3400,-56,56,-790,5.0,16,0.50,0.0,0.0,2.1,12,0.0,0.0,0.0,0.0,0.0,0.0,1.0
11703,0,1,3400,-56,56,-792,5.0,15,0.50,0.0,0.0,2.1,12,0.0,0.0,0.0,0.0,0.0,0.0,1.0
11952,0,1,3400,-56,56,-790,4.9,16,0.49,0.0,0.0,2.1,11,0.0,0.0,0.0,0.0,1.0,18,1.0
12201,0,1,3400,-56,56,-786,5.0,16,0.50,0.0,0.0,2.1,12,0.0,0.0,0.0,0.0,0.0,0.0,1.0
12450,0,1,3400,-56,56,-790,5.0,15,0.50,0.0,0.0,2.1,11,0.0,0.0,0.0,0.0,0.0,0.0,1.0
12699,0,1,3400,-56,56,-790,5.0,16,0.50,0.0,0.0,2.1,12,0.0,0.0,0.0,0.0,0.0,0.0,1.0
12948,0,1,3400,-56,56,-795,5.0,15,0.50,0.0,0.0,2.1,12,0.0,0.0,0.0,0.0,0.0,0.0,1.0
13197,0,1,3400,-56,56,-792,5.0,15,0.50,0.0,0.0,2.1,12,0.0,0.0,0.0,0.0,0.0,0.0,1.0
13446,0,1,3400,-56,56,-796,5.0,15,0.50,0.0,0.0,2.1,12,0.0,0.0,0.0,0.0,0.0,0.0,1.0
13695,0,1,3400,-56,56,-791,5.0,15,0.50,0.0,0.0,2.1,12,0.0,0.0,0.0,0.0,0.0,0.0,1.0
13944,0,1,3400,-56,56,-787,5.0,15,0.50,0.0,0.0,2.1,12,0.0,0.0,0.0,0.0,0.0,0.0,1.0
14193,0,1,3400,-56,56,-783,5.0,15,0.50,0.0,0.0,2.1,12,0.0,0.0,0.0,0.0,0.0,0.0,1.0
14442,0,1,3400,-56,56,-790,5.0,15,0.50,0.0,0.0,2.1,12,0.0,0.0,0.0,0.0,0.0,0.0,1.0
14691,0,1,3400,-56,56,-790,5.0,15,0.50,0.0,0.0,2.1,12,0.0,0.0,0.0,0.0,0.0,0.0,1.0
14940,0,1,3400,-56,56,-793,5.0,15,0.50,0.0,0.0,2.1,11,0.0,0.0,0.0,0.0,0.0,0.0,1.0
15189,0,1,3400,-56,56,-794,5.0,15,0.50,0.0,0.0,2.1,12,0.0,0.0,0.0,0.0,0.0,0.0,1.0
15438,0,1,3400,-56,56,-792,5.0,16,0.50,0.0,0.0,2.1,12,0.0,0.0,0.0,0.0,0.0,0.0,1.0
15687,0,1,3400,-56,56,-790,5.0,15,0.50,0.0,0.0,2.1,12,0.0,0.0,0.0,0.0,0.0,0.0,1.0
15936,0,1,3400,-56,56,-787,5.0,14,0.50,0.0,0.0,2.1,12,0.0,0.0,0.0,0.0,0.0,0.0,1.0
16185,0,1,3400,-56,56,-791,5.0,15,0.50,0.0,0.0,2.1,12,0.0,0.0,0.0,0.0,0.0,0.0,1.0
16434,0,1,3400,-56,56,-793,5.0,14,0.50,0.0,0.0,2.1,12,0.0,0.0,0.0,0.0,0.0,0.0,1.0
16683,0,1,3400,-56,56,-789,5.0,15,0.50,0.0,0.0,2.1,12,0.0,0.0,0.0,0.0,0.0,0.0,1.0
16932,0,1,3400,-56,56,-789,5.0,16,0.50,0.0,0.0,2.1,12,0.0,0.0,0.0,0.0,0.0,0.0,1.0
17181,0,1,3400,-56,56,-795,5.0,15,0.50,0.0,0.0,2.1,12,0.0,0.0,0.0,0.0,0.0,0.0,1.0
17430,0,1,3400,-56,56,-796,5.0,16,0.50,0.0,0.0,2.1,11,0.0,0.0,0.0,0.0,0.0,0.0,1.0
17679,0,1,3400,-56,56,-795,5.0,15,0.50,0.0,0.0,2.1,12,0.0,0.0,0.0,0.0,0.0,0.0,1.0
17928,0,1,3400,-56,56,-788,5.0,16,0.50,0.0,0.0,2.1,12,0.0,0.0,0.0,0.0,0.0,0.0,1.0
18177,0,1,3400,-56,56,-794,5.0,15,0.50,0.0,0.0,2.1,12,0.0,0.0,0.0,0.0,0.0,0.0,1.0
18426,0,1,3400,-56,56,-793,5.0,15,0.50,0.0,0.0,2.1,12,0.0,0.0,0.0,0.0,0.0,0.0,1.0
18675,0,1,3400,-56,56,-792,5.0,15,0.50,0.0,0.0,2.1,12,0.0,0.0,0.0,0.0,0.0,0.0,1.0
18924,0,1,3400,-56,56,-793,5.0,15,0.50,0.0,0.0,2.1,12,0.0,0.0,0.0,0.0,0.0,0.0,1.0
19173,0,1,3400,-56,56,-792,5.0,15,0.50,0.0,0.0,2.1,12,0.0,0.0,0.0,0.0,0.0,0.0,1.0
19422,0,1,3400,-56,56,-786,5.0,15,0.50,0.0,0.0,2.1,12,0.0,0.0,0.0,0.0,0.0,0.0,1.0
19671,0,1,3400,-56,56,-784,5.0,15,0.50,0.0,0.0,2.1,12,0.0,0.0,0.0,0.0,0.0,0.0,1.0
19920,0,1,3400,-56,56,-785,5.0,16,0.50,0.0,0.0,2.1,12,0.0,0.0,0.0,0.0,0.0,0.0,1.0
20169,0,1,3400,-56,56,-787,5.0,15,0.50,0.0,0.0,2.1,12,0.0,0.0,0.0,0.0,0.0,0.0,1.0
20418,0,1,3400,-56,56,-789,5.0,16,0.50,0.0,0.0,2.1,12,0.0,0.0,0.0,0.0,0.0,0.0,1.0
20667,0,1,3400,-56,56,-795,5.0,15,0.50,0.0,0.0,2.1,12,0.0,0.0,0.0,0.0,0.0,0.0,1.0
20916,0,1,3400,-56,56,-793,5.0,15,0.50,0.0,0.0,2.1,12,0.0,0.0,0.0,0.0,0.0,0.0,1.0
21165,0,1,3400,-56,56,-789,5.0,15,0.50,0.0,0.0,2.1,12,0.0,0.0,0.0,0.0,0.0,0.0,1.0
21414,0,1,3400,-56,56,-793,5.0,15,0.50,0.0,0.0,2.1,11,0.0,0.0,0.0,0.0,0.0,0.0,1.0
21663,0,1,3400,-56,56,-791,5.0,15,0.50,0.0,0.0,2.1,11,0.0,0.0,0.0,0.0,0.0,0.0,1.0
21912,0,1,3400,-56,56,-787,5.0,15,0.50,0.0,0.0,2.1,12,0.0,0.0,0.0,0.0,0.0,0.0,1.0
22161,0,1,3400,-56,56,-787,5.0,15,0.50,0.0,0.0,2.1,12,0.0,0.0,0.0,0.0,0.0,0.0,1.0
22410,0,1,3400,-56,56,-789,5.0,15,0.50,0.0,0.0,2.1,12,0.0,0.0,0.0,0.0,0.0,0.0,1.0
22659,0,1,3400,-56,56,-789,5.0,15,0.50,0.0,0.0,2.1,12,0.0,0.0,0.0,0.0,0.0,0.0,1.0
22908,0,1,3400,-56,56,-792,5.0,15,0.50,0.0,0.0,2.1,12,0.0,0.0,0.0,0.0,0.0,0.0,1.0
23157,0,1,3400,-56,56,-791,5.0,14,0.50,0.0,0.0,2.1,12,0.0,0.0,0.0,0.0,0.0,0.0,1.0
23406,0,1,3400,-56,56,-788,5.0,15,0.50,0.0,0.0,2.1,12,0.0,0.0,0.0,0.0,0.0,0.0,1.0
23655,0,1,3400,-56,56,-787,5.0,16,0.50,0.0,0.0,2.1,12,0.0,0.0,0.0,0.0,0.0,0.0,1.0
23904,0,1,3400,-56,56,-789,5.0,14,0.50,0.0,0.0,2.1,12,0.0,0.0,0.0,0.0,0.0,0.0,1.0
24153,0,1,3400,-56,56,-787,5.0,15,0.50,0.0,0.0,2.1,12,0.0,0.0,0.0,0.0,0.0,0.0,1.0
24402,0,1,3400,-56,56,-786,5.0,15,0.50,0.0,0.0,2.1,12,0.0,0.0,0.0,0.0,0.0,0.0,1.0
24651,0,1,3400,-56,56,-787,5.0,15,0.50,0.0,0.0,2.1,12,0.0,0.0,0.0,0.0,0.0,0.0,1.0
24900,0,1,3400,-56,56,-783,5.0,14,0.50,0.0,0.0,2.1,12,0.0,0.0,0.0,0.0,0.0,0.0,1.0
25149,0,1,3400,-56,56,-789,5.0,15,0.50,0.0,0.0,2.1,12,0.0,0.0,0.0,0.0,0.0,0.0,1.0
25398,0,1,3400,-56,56,-795,5.0,14,0.50,0.0,0.0,2.1,11,0.0,0.0,0.0,0.0,0.0,0.0,1.0
25647,0,1,3400,-56,56,-796,5.0,16,0.50,0.0,0.0,2.1,12,0.0,0.0,0.0,0.0,0.0,0.0,1.0
25896,0,1,3400,-56,56,-802,5.0,15,0.50,0.0,0.0,2.1,12,0.0,0.0,0.0,0.0,0.0,0.0,1.0
26145,0,1,3400,-56,56,-794,5.0,16,0.50,0.0,0.0,2.1,12,0.0,0.0,0.0,0.0,0.0,0.0,1.0
26394,0,1,3400,-56,56,-789,5.0,14,0.50,0.0,0.0,2.1,12,0.0,0.0,0.0,0.0,0.0,0.0,1.0
26643,0,1,3400,-56,56,-784,5.0,15,0.50,0.0,0.0,2.1,12,0.0,0.0,0.0,0.0,0.0,0.0,1.0
26892,0,1,3400,-56,56,-792,5.0,15,0.50,0.0,0.0,2.1,12,0.0,0.0,0.0,0.0,0.0,0.0,1.0
27141,0,1,3400,-56,56,-796,5.0,16,0.50,0.0,0.0,2.1,12,0.0,0.0,0.0,0.0,0.0,0.0,1.0
27390,0,1,3400,-56,56,-794,5.0,16,0.50,0.0,0.0,2.1,12,0.0,0.0,0.0,0.0,0.0,0.0,1.0
27639,0,1,3400,-56,56,-789,5.0,16,0.50,0.0,0.0,2.1,12,0.0,0.0,0.0,0.0,0.0,0.0,1.0
27888,0,1,3400,-56,56,-786,5.0,16,0.50,0.0,0.0,2.1,12,0.0,0.0,0.0,0.0,0.0,0.0,1.0
28137,0,1,3400,-56,56,-785,5.0,15,0.50,0.0,0.0,2.1,12,0.0,0.0,0.0,0.0,0.0,0.0,1.0
28386,0,1,3400,-56,56,-794,5.0,16,0.50,0.0,0.0,2.1,12,0.0,0.0,0.0,0.0,0.0,0.0,1.0
28635,0,1,3400,-56,56,-800,5.0,15,0.50,0.0,0.0,2.1,12,0.0,0.0,0.0,0.0,0.0,0.0,1.0
28884,0,1,3400,-56,56,-798,5.0,15,0.50,0.0,0.0,2.1,12,0.0,0.0,0.0,0.0,0.0,0.0,1.0
29133,0,1,3400,-56,56,-795,5.0,16,0.50,0.0,0.0,2.1,12,0.0,0.0,0.0,0.0,0.0,0.0,1.0
29382,0,1,3400,-56,56,-787,5.0,16,0.50,0.0,0.0,2.1,12,0.0,0.0,0.0,0.0,0.0,0.0,1.0
29631,0,1,3400,-56,56,-791,5.0,14,0.50,0.0,0.0,2.1,12,0.0,0.0,0.0,0.0,0.0,0.0,1.0
29880,0,1,3400,-56,56,-790,5.0,15,0.50,0.0,0.0,2.1,12,0.0,16920.634766,0,0.0,0.0,0.0,1.0
30129,0,1,3400,-56,56,-789,5.0,15,0.50,0.0,0.0,2.1,12,0.0,0.0,0.0,0.0,0.0,0.0,1.0
30378,0,1,3400,-56,56,-794,5.0,14,0.50,0.0,0.0,2.1,11,0.0,0.0,0.0,0.0,0.0,0.0,1.0
30627,0,1,3400,-56,56,-790,5.0,16,0.50,0.0,0.0,2.1,12,0.0,0.0,0.0,0.0,0.0,0.0,1.0
30876,0,1,3400,-56,56,-788,5.0,16,0.50,0.0,0.0,2.1,12,0.0,0.0,0.0,0.0,0.0,0.0,1.0
31125,0,1,3400,-56,56,-787,5.0,15,0.50,0.0,0.0,2.1,12,0.0,0.0,0.0,0.0,0.0,0.0,1.0
31374,0,1,3400,-56,56,-791,5.0,15,0.50,0.0,0.0,2.1,12,0.0,0.0,0.0,0.0,0.0,0.0,1.0
31623,0,1,3400,-56,56,-798,5.0,16,0.50,0.0,0.0,2.1,12,0.0,0.0,0.0,0.0,0.0,0.0,1.0
31872,0,1,3400,-56,56,-793,5.0,15,0.50,0.0,0.0,2.1,12,0.0,0.0,0.0,0.0,0.0,0.0,1.0
32121,0,1,3400,-56,56,-787,5.0,16,0.50,0.0,0.0,2.1,12,0.0,0.0,0.0,0.0,0.0,0.0,1.0
32370,0,1,3400,-56,56,-787,5.0,15,0.50,0.0,0.0,2.1,12,0.0,0.0,0.0,0.0,0.0,0.0,1.0
32619,0,1,3400,-56,56,-785,5.0,15,0.50,0.0,0.0,2.1,12,0.0,0.0,0.0,0.0,0.0,0.0,1.0
32868,0,1,3400,-56,56,-790,5.0,15,0.50,0.0,0.0,2.1,12,0.0,0.0,0.0,0.0,0.0,0.0,1.0
33117,0,1,3400,-56,56,-790,5.0,15,0.50,0.0,0.0,2.1,12,0.0,0.0,0.0,0.0,0.0,0.0,1.0
33366,0,1,3400,-56,56,-792,5.0,14,0.50,0.0,0.0,2.1,12,0.0,0.0,0.0,0.0,0.0,0.0,1.0
33615,0,1,3400,-56,56,-791,5.0,15,0.50,0.0,0.0,2.1,11,0.0,0.0,0.0,0.0,0.0,0.0,1.0
33864,0,1,3400,-56,56,-788,5.0,15,0.50,0.0,0.0,2.1,12,0.0,0.0,0.0,0.0,0.0,0.0,1.0
34113,0,1,3400,-56,56,-789,5.0,17,0.50,0.0,0.0,2.1,12,0.0,0.0,0.0,0.0,0.0,0.0,1.0
34362,0,1,3400,-56,56,-795,5.0,15,0.50,0.0,0.0,2.1,12,0.0,0.0,0.0,0.0,0.0,0.0,1.0
34611,0,1,3400,-56,56,-795,5.0,15,0.50,0.0,0.0,2.1,12,0.0,0.0,0.0,0.0,0.0,0.0,1.0
34860,0,1,3400,-56,56,-791,5.0,15,0.50,0.0,0.0,2.1,12,0.0,0.0,0.0,0.0,0.0,0.0,1.0
35109,0,1,3400,-56,56,-793,5.0,16,0.50,0.0,0.0,2.1,12,0.0,0.0,0.0,0.0,0.0,0.0,1.0
35358,0,1,3400,-56,56,-789,5.0,15,0.50,0.0,0.0,2.1,12,0.0,0.0,0.0,0.0,0.0,0.0,1.0
35607,0,1,3400,-56,56,-787,5.0,15,0.50,0.0,0.0,2.1,12,0.0,0.0,0.0,0.0,0.0,0.0,1.0
35856,0,1,3400,-56,56,-791,5.0,15,0.50,0.0,0.0,2.1,12,0.0,0.0,0.0,0.0,0.0,0.0,1.0
36105,0,1,3400,-56,56,-792,5.0,15,0.50,0.0,0.0,2.1,12,0.0,0.0,0.0,0.0,0.0,0.0,1.0
36354,0,1,3400,-56,56,-789,5.0,15,0.50,0.0,0.0,2.1,12,0.0,0.0,0.0,0.0,0.0,0.0,1.0
36603,0,1,3400,-56,56,-790,5.0,15,0.50,0.0,0.0,2.1,12,0.0,0.0,0.0,0.0,0.0,0.0,1.0
36852,0,1,3400,-56,56,-788,5.0,15,0.50,0.0,0.0,2.1,12,0.0,0.0,0.0,0.0,0.0,0.0,1.0
37101,0,1,3400,-56,56,-795,5.0,15,0.50,0.0,0.0,2.1,12,0.0,0.0,0.0,0.0,0.0,0.0,1.0
37350,0,1,3400,-56,56,-788,5.0,15,0.50,0.0,0.0,2.1,12,0.0,0.0,0.0,0.0,0.0,0.0,1.0
37599,0,1,3400,-56,56,-795,5.0,15,0.50,0.0,0.0,2.1,12,0.0,0.0,0.0,0.0,0.0,0.0,1.0
37848,0,1,3400,-56,56,-796,5.0,15,0.50,0.0,0.0,2.1,12,0.0,0.0,0.0,0.0,0.0,0.0,1.0
38097,0,1,3400,-56,56,-795,5.0,15,0.50,0.0,0.0,2.1,12,0.0,0.0,0.0,0.0,0.0,0.0,1.0
38346,0,1,3400,-56,56,-793,5.0,15,0.50,0.0,0.0,2.1,12,0.0,0.0,0.0,0.0,0.0,0.0,1.0
38595,0,1,3400,-56,56,-792,5.0,15,0.50,0.0,0.0,2.1,12,0.0,0.0,0.0,0.0,0.0,0.0,1.0
38844,0,1,3400,-56,56,-790,5.0,16,0.50,0.0,0.0,2.1,12,0.0,0.0,0.0,0.0,0.0,0.0,1.0
39093,0,1,3400,-56,56,-787,5.0,14,0.50,0.0,0.0,2.1,12,0.0,0.0,0.0,0.0,0.0,0.0,1.0
39342,0,1,3400,-56,56,-786,5.0,15,0.50,0.0,0.0,2.1,12,0.0,0.0,0.0,0.0,0.0,0.0,1.0
39591,0,1,3400,-56,56,-786,5.0,15,0.50,0.0,0.0,2.1,12,0.0,0.0,0.0,0.0,0.0,0.0,1.0
39840,0,1,3400,-56,56,-794,5.0,15,0.50,0.0,0.0,2.1,12,0.0,0.0,0.0,0.0,0.0,0.0,1.0
40089,0,1,3400,-56,56,-793,5.0,15,0.50,0.0,0.0,2.1,12,0.0,0.0,0.0,0.0,0.0,0.0,1.0
40338,0,1,3400,-56,56,-789,5.0,15,0.50,0.0,0.0,2.1,12,0.0,0.0,0.0,0.0,0.0,0.0,1.0
40587,0,1,3400,-56,56,-790,5.0,15,0.50,0.0,0.0,2.1,12,0.0,0.0,0.0,0.0,0.0,0.0,1.0
40836,0,1,3400,-56,56,-797,5.0,15,0.50,0.0,0.0,2.1,12,0.0,0.0,0.0,0.0,0.0,0.0,1.0
41085,0,1,3400,-56,56,-795,5.0,16,0.50,0.0,0.0,2.1,12,0.0,0.0,0.0,0.0,0.0,0.0,1.0
41334,0,1,3400,-56,56,-790,5.0,15,0.50,0.0,0.0,2.1,12,0.0,0.0,0.0,0.0,0.0,0.0,1.0
41583,0,1,3400,-56,56,-788,5.0,16,0.50,0.0,0.0,2.1,12,0.0,0.0,0.0,0.0,0.0,0.0,1.0
41832,0,1,3400,-56,56,-786,5.0,16,0.50,0.0,0.0,2.1,12,0.0,0.0,0.0,0.0,0.0,0.0,1.0
42081,0,1,3400,-56,56,-792,5.0,15,0.50,0.0,0.0,2.1,12,0.0,0.0,0.0,0.0,0.0,0.0,1.0
42330,0,1,3400,-56,56,-790,5.0,15,0.50,0.0,0.0,2.1,12,0.0,0.0,0.0,0.0,0.0,0.0,1.0
42579,0,1,3400,-56,56,-790,5.0,15,0.50,0.0,0.0,2.1,12,0.0,0.0,0.0,0.0,0.0,0.0,1.0
42828,0,1,3400,-56,56,-792,5.0,15,0.50,0.0,0.0,2.1,12,0.0,0.0,0.0,0.0,0.0,0.0,1.0
43077,0,1,3400,-56,56,-795,5.0,16,0.50,0.0,0.0,2.1,12,0.0,0.0,0.0,0.0,0.0,0.0,1.0
43326,0,1,3400,-56,56,-796,5.0,15,0.50,0.0,0.0,2.1,12,0.0,0.0,0.0,0.0,0.0,0.0,1.0
43575,0,1,3400,-56,56,-789,5.0,16,0.50,0.0,0.0,2.1,12,0.0,0.0,0.0,0.0,0.0,0.0,1.0
43824,0,1,3400,-56,56,-785,5.0,15,0.50,0.0,0.0,2.1,12,0.0,0.0,0.0,0.0,0.0,0.0,1.0
44073,0,1,3400,-56,56,-792,5.0,15,0.50,0.0,0.0,2.1,12,0.0,0.0,0.0,0.0,0.0,0.0,1.0
44322,0,1,3400,-56,56,-791,5.0,15,0.50,0.0,0.0,2.1,12,0.0,0.0,0.0,0.0,0.0,0.0,1.0
44571,0,1,3400,-56,56,-796,5.0,15,0.50,0.0,0.0,2.1,12,0.0,0.0,0.0,0.0,0.0,0.0,1.0
44820,0,1,3400,-56,56,-794,5.0,15,0.50,0.0,0.0,2.1,12,0.0,0.0,0.0,0.0,0.0,0.0,1.0
45069,0,1,3400,-56,56,-794,5.0,15,0.50,0.0,0.0,2.1,12,0.0,0.0,0.0,0.0,0.0,0.0,1.0
45318,0,1,3400,-56,56,-794,5.0,14,0.50,0.0,0.0,2.1,12,0.0,0.0,0.0,0.0,0.0,0.0,1.0
45567,0,1,3400,-56,56,-796,5.0,15,0.50,0.0,0.0,2.1,12,0.0,0.0,0.0,0.0,0.0,0.0,1.0
45816,0,1,3400,-56,56,-792,5.0,15,0.50,0.0,0.0,2.1,12,0.0,0.0,0.0,0.0,0.0,0.0,1.0
46065,0,1,3400,-56,56,-790,5.0,15,0.50,0.0,0.0,2.1,12,0.0,0.0,0.0,0.0,0.0,0.0,1.0
46314,0,1,3400,-56,56,-787,5.0,16,0.50,0.0,0.0,2.1,12,0.0,0.0,0.0,0.0,0.0,0.0,1.0
46563,0,1,3400,-56,56,-792,5.0,15,0.50,0.0,0.0,2.1,12,0.0,0.0,0.0,0.0,0.0,0.0,1.0
46812,0,1,3400,-56,56,-792,5.0,16,0.50,0.0,0.0,2.1,12,0.0,0.0,0.0,0.0,0.0,0.0,1.0
47061,0,1,3400,-56,56,-791,5.0,15,0.50,0.0,0.0,2.1,12,0.0,0.0,0.0,0.0,0.0,0.0,1.0
47310,0,1,3400,-56,56,-794,5.0,15,0.50,0.0,0.0,2.1,12,0.0,0.0,0.0,0.0,0.0,0.0,1.0
47559,0,1,3400,-56,56,-795,5.0,15,0.50,0.0,0.0,2.1,12,0.0,0.0,0.0,0.0,0.0,0.0,1.0
47808,0,1,3400,-56,56,-794,5.0,15,0.50,0.0,0.0,2.1,12,0.0,0.0,0.0,0.0,0.0,0.0,1.0
48057,0,1,3400,-56,56,-790,5.0,15,0.50,0.0,0.0,2.1,12,0.0,0.0,0.0,0.0,0.0,0.0,1.0
48306,0,1,3400,-56,56,-795,5.0,15,0.50,0.0,0.0,2.1,12,0.0,0.0,0.0,0.0,0.0,0.0,1.0
48555,0,1,3400,-56,56,-791,5.0,15,0.50,0.0,0.0,2.1,12,0.0,0.0,0.0,0.0,0.0,0.0,1.0
48804,0,1,3400,-56,56,-797,5.0,15,0.50,0.0,0.0,2.1,12,0.0,0.0,0.0,0.0,0.0,0.0,1.0
49053,0,1,3400,-56,56,-792,5.0,15,0.50,0.0,0.0,2.1,12,0.0,0.0,0.0,0.0,0.0,0.0,1.0
49302,0,1,3400,-56,56,-793,5.0,15,0.50,0.0,0.0,2.1,12,0.0,0.0,0.0,0.0,0.0,0.0,1.0
49551,0,1,3400,-56,56,-797,7.9,15,0.51,66719.367188,6,2.1,10,0.0,67573.125000,18,0.0,0.0,0.0,1.0
49800,0,1,3400,-56,56,-794,11,15,0.64,86634.921875,11,2.1,12,0.0,0.0,0.0,0.0,0.0,0.0,1.0
50049,0,1,3400,-56,56,-796,11,15,0.50,77142.859375,0,2.1,12,0.0,0.0,0.0,0.0,0.0,0.0,1.0
50298,0,1,3400,-56,56,-792,10,14,0.50,75238.093750,0,2.1,12,0.0,0.0,0.0,0.0,0.0,0.0,1.0
50547,0,1,3400,-56,56,-792,10,15,0.61,27699.605469,12,2.1,7.8,0.0,23494.070312,31,0.0,0.0,0.0,1.0
50796,0,1,3400,-56,56,-792,11,15,0.50,59142.855469,0,2.1,0.0,0.0,0.0,0.0,0.0,0.0,0.0,1.0
51045,0,1,3400,-56,56,-789,12,15,0.89,49968.253906,20,2.1,0.0,0.0,0.0,0.0,0.0,0.0,0.0,1.0
51294,0,1,3400,-56,56,-796,11,14,0.50,54984.128906,0,2.1,0.0,0.0,0.0,0.0,0.0,0.0,0.0,1.0
51543,0,1,3400,-56,56,-797,10,15,0.50,64853.753906,0,2.1,5.2,0.0,115573.125000,52,0.0,0.0,0.0,1.0
51792,0,1,3400,-56,56,-793,12,15,0.50,31682.539062,0,2.1,16,0.0,0.0,0.0,0.0,0.0,0.0,1.0
52041,0,1,3400,-56,56,-791,9.7,15,0.60,43714.285156,0,2.1,16,0.0,0.0,0.0,0.0,0.0,0.0,1.0
52290,0,1,3400,-56,56,-796,10,14,0.65,78412.695312,5,2.1,16,0.0,0.0,0.0,0.0,0.0,0.0,1.0
52539,0,1,3400,-56,56,-798,9.2,15,0.50,81960.476562,0,2.1,15,0.0,111051.382812,58,0.0,0.0,0.0,1.0
52788,0,1,3400,-56,56,-798,9.1,15,0.64,49015.871094,0,2.1,16,0.0,0.0,0.0,0.0,0.0,0.0,1.0
53037,0,1,3400,-56,56,-800,7.3,15,0.50,60444.445312,0,2.1,16,0.0,0.0,0.0,0.0,0.0,0.0,1.0
53286,0,1,3400,-56,56,-797,13,16,1.6,59269.839844,15,2.1,16,0.0,0.0,0.0,0.0,0.0,0.0,1.0
53535,0,1,3400,-56,56,-791,10,15,0.50,22134.386719,0,2.1,15,0.0,19225.296875,31,0.0,0.0,0.0,1.0
53784,0,1,3400,-56,56,-793,11,15,0.54,53682.539062,0,2.1,14,0.0,0.0,0.0,0.0,0.0,0.0,1.0
54033,0,1,3400,-56,56,-795,11,15,0.50,54666.667969,0,2.1,14,0.0,0.0,0.0,0.0,0.0,0.0,1.0
54282,0,1,3400,-56,56,-789,10,15,1.1,66285.710938,7,2.1,14,0.0,0.0,0.0,0.0,0.0,0.0,1.0
54531,0,1,3400,-56,56,-795,11,15,0.50,32380.953125,0,2.1,14,0.0,289746.031250,54,0.0,0.0,0.0,1.0
54780,0,1,3400,-56,56,-797,11,15,0.98,49359.683594,10,2.1,16,0.0,0.0,0.0,0.0,0.0,0.0,1.0
55029,0,1,3400,-56,56,-790,9.8,15,0.50,43682.539062,0,2.1,16,0.0,0.0,0.0,0.0,0.0,0.0,1.0
55278,0,1,3400,-56,56,-796,10,15,0.50,55301.585938,0,2.1,16,0.0,0.0,0.0,0.0,0.0,0.0,1.0
55527,0,1,3400,-56,56,-796,8.9,15,0.58,55269.839844,0,2.1,15,0.0,329269.843750,50,0.0,0.0,0.0,1.0
55776,0,1,3400,-56,56,-793,9.8,14,0.71,71494.070312,6,2.1,16,0.0,0.0,0.0,0.0,0.0,0.0,1.0
56025,0,1,3400,-56,56,-791,12,15,0.62,69238.093750,0,2.1,16,0.0,0.0,0.0,0.0,0.0,0.0,1.0
56274,0,1,3400,-56,56,-793,7.0,14,0.50,54412.699219,0,2.1,16,0.0,0.0,0.0,0.0,0.0,0.0,1.0
56523,0,1,3400,-56,56,-790,9.0,14,0.50,37936.507812,0,2.1,8.2,0.0,12412.698242,36,0.0,0.0,0.0,1.0
56772,0,1,3400,-56,56,-789,10,15,0.68,54703.558594,9,2.1,0.0,0.0,0.0,0.0,0.0,0.0,0.0,1.0
57021,0,1,3400,-56,56,-791,11,15,0.56,71523.812500,0,2.1,0.0,0.0,0.0,0.0,0.0,0.0,0.0,1.0
57270,0,1,3400,-56,56,-801,11,15,0.50,66158.726562,0,2.1,0.0,0.0,0.0,0.0,0.0,0.0,0.0,1.0
57519,0,1,3400,-56,56,-795,12,14,0.96,37142.855469,20,2.1,7.7,0.0,246634.921875,64,0.0,0.0,0.0,1.0
57768,0,1,3400,-56,56,-790,8.4,14,1.5,58063.492188,14,2.1,16,0.0,0.0,0.0,0.0,0.0,0.0,1.0
58017,0,1,3400,-56,56,-793,9.8,14,0.51,27731.224609,0,2.1,16,0.0,0.0,0.0,0.0,0.0,0.0,1.0
58266,0,1,3400,-56,56,-788,9.3,15,0.70,64571.429688,7,2.1,16,0.0,0.0,0.0,0.0,0.0,0.0,1.0
58515,0,1,3400,-56,56,-794,9.9,15,0.50,61301.585938,0,2.1,15,0.0,297428.562500,61,0.0,0.0,0.0,1.0
58764,0,1,3400,-56,56,-795,10,15,0.50,54285.714844,0,2.1,16,0.0,0.0,0.0,0.0,0.0,0.0,1.0
59013,0,1,3400,-56,56,-796,9.8,15,0.63,43541.503906,0,2.1,16,0.0,0.0,0.0,0.0,0.0,0.0,1.0
59262,0,1,3400,-56,56,-790,6.8,14,0.50,44380.953125,0,2.1,16,0.0,0.0,0.0,0.0,0.0,0.0,1.0
59511,0,1,3400,-56,56,-789,9.6,15,0.65,55682.539062,8,2.1,10,0.0,15238.095703,0,0.0,0.0,0.0,1.0
59760,0,1,3400,-56,56,-791,12,14,1.1,37650.792969,11,2.1,0.0,0.0,0.0,0.0,0.0,0.0,0.0,1.0
60009,0,1,3400,-56,56,-791,6.5,15,0.70,86793.648438,0,2.1,0.0,0.0,0.0,0.0,0.0,0.0,0.0,1.0
60258,0,1,3400,-56,56,-788,12,16,1.1,69154.148438,7,2.1,0.0,0.0,0.0,0.0,0.0,0.0,0.0,1.0
60507,0,1,3400,-56,56,-789,11,16,0.64,64507.937500,7,2.1,4.7,0.0,24793.650391,54,0.0,0.0,0.0,1.0
60756,0,1,3400,-56,56,-793,13,15,0.55,91460.320312,0,2.1,0.0,0.0,0.0,0.0,0.0,0.0,0.0,1.0
61005,0,1,3400,-56,56,-792,11,15,0.50,54666.667969,0,2.1,0.0,0.0,0.0,0.0,0.0,0.0,0.0,1.0
61254,0,1,3400,-56,56,-796,12,15,0.50,48695.652344,0,2.1,0.0,0.0,0.0,0.0,0.0,0.0,0.0,1.0
61503,0,1,3400,-56,56,-796,10,15,0.50,98825.398438,0,2.1,7.9,0.0,230666.671875,62,0.0,0.0,0.0,1.0
61752,0,1,3400,-56,56,-792,8.0,15,0.50,71396.828125,0,2.1,16,0.0,0.0,0.0,0.0,0.0,0.0,1.0
62001,0,1,3400,-56,56,-791,12,15,0.64,48793.652344,0,2.1,16,0.0,0.0,0.0,0.0,0.0,0.0,1.0
62250,0,1,3400,-56,56,-795,10,14,0.50,38698.414062,0,2.1,16,0.0,0.0,0.0,0.0,0.0,0.0,1.0
62499,0,1,3400,-56,56,-789,9.8,15,0.50,38418.972656,0,2.1,14,0.0,7241.106934,33,0.0,0.0,0.0,1.0
62748,0,1,3400,-56,56,-785,13,15,0.68,69746.031250,7,2.1,6.0,0.0,0.0,100.000000,0.0,0.0,0.0,1.0
62997,0,1,3400,-56,56,-792,11,15,0.60,64349.207031,6,2.1,6.0,0.0,0.0,0.0,0.0,0.0,0.0,1.0
63246,0,1,3400,-56,56,-789,11,15,0.61,48888.890625,0,2.1,6.0,0.0,0.0,0.0,0.0,0.0,0.0,1.0
63495,0,1,3400,-56,56,-794,9.3,15,0.50,51225.296875,0,2.1,3.6,0.0,7905.138184,0,0.0,0.0,0.0,1.0
63744,0,1,3400,-56,56,-791,9.2,14,0.60,65486.164062,0,2.1,0.0,0.0,0.0,0.0,0.0,0.0,0.0,1.0
63993,0,1,3400,-56,56,-796,9.9,15,0.63,43523.808594,10,2.1,0.0,0.0,0.0,0.0,0.0,0.0,0.0,1.0
64242,0,1,3400,-56,56,-789,12,15,0.52,63746.031250,0,2.1,0.0,0.0,0.0,0.0,0.0,0.0,0.0,1.0
64491,0,1,3400,-56,56,-788,12,14,0.99,64948.617188,7,2.1,2.1,0.0,23747.035156,36,0.0,0.0,0.0,1.0
64740,0,1,3400,-56,56,-796,10,15,1.1,21968.253906,0,2.1,0.0,0.0,0.0,0.0,0.0,0.0,0.0,1.0
64989,0,1,3400,-56,56,-793,11,15,1.3,42888.890625,17,2.1,0.0,0.0,0.0,0.0,0.0,0.0,0.0,1.0
65238,0,1,3400,-56,56,-798,11,16,0.64,59428.570312,0,2.1,0.0,0.0,0.0,0.0,0.0,0.0,0.0,1.0
65487,0,1,3400,-56,56,-794,11,15,0.68,53976.285156,8,2.1,0.0,0.0,8063.241211,0,0.0,0.0,0.0,1.0
65736,0,1,3400,-56,56,-793,11,15,0.50,70634.921875,0,2.1,0.0,0.0,0.0,0.0,0.0,0.0,0.0,1.0
65985,0,1,3400,-56,56,-791,11,14,0.50,64730.160156,0,2.1,0.0,0.0,0.0,0.0,0.0,0.0,0.0,1.0
66234,0,1,3400,-56,56,-789,11,15,0.58,55174.601562,9,2.1,0.0,0.0,0.0,0.0,0.0,0.0,0.0,1.0
66483,0,1,3400,-56,56,-799,11,15,0.50,31747.035156,0,2.1,0.0,0.0,8063.241211,0,0.0,0.0,0.0,1.0
66732,0,1,3400,-56,56,-801,11,16,0.59,60285.714844,7,2.1,0.0,0.0,0.0,0.0,0.0,0.0,0.0,1.0
66981,0,1,3400,-56,56,-799,12,15,0.75,32126.984375,22,2.1,0.0,0.0,0.0,0.0,0.0,0.0,0.0,1.0
67230,0,1,3400,-56,56,-790,9.6,15,0.50,43142.855469,0,2.1,0.0,0.0,0.0,0.0,0.0,0.0,0.0,1.0
67479,0,1,3400,-56,56,-795,11,15,0.50,37936.507812,0,2.1,0.82,0.0,7142.856934,36,0.0,0.0,0.0,1.0
67728,0,1,3400,-56,56,-800,11,15,0.58,64916.996094,7,2.1,0.0,0.0,0.0,0.0,0.0,0.0,0.0,1.0
67977,0,1,3400,-56,56,-798,8.8,15,0.72,60349.207031,8,2.1,0.0,0.0,0.0,0.0,0.0,0.0,0.0,1.0
68226,0,1,3400,-56,56,-795,10,15,0.50,27587.300781,0,2.1,0.0,0.0,0.0,0.0,0.0,0.0,0.0,1.0
68475,0,1,3400,-56,56,-794,11,14,0.61,65644.265625,8,2.1,4.2,0.0,15399.209961,0,0.0,0.0,0.0,1.0
68724,0,1,3400,-56,56,-791,11,14,0.52,47968.253906,0,2.1,13,0.0,0.0,0.0,0.0,0.0,0.0,1.0
68973,0,1,3400,-56,56,-798,11,15,1.3,32285.714844,12,2.1,12,0.0,0.0,0.0,0.0,0.0,0.0,1.0
69222,0,1,3400,-56,56,-799,12,15,0.50,88126.984375,0,2.1,12,0.0,0.0,0.0,0.0,0.0,0.0,1.0
69471,0,1,3400,-56,56,-787,8.5,14,0.50,48284.585938,0,2.1,13,0.0,0.0,80,0.0,0.0,0.0,1.0
69720,0,1,3400,-56,56,-788,12,14,0.50,64888.890625,0,2.1,14,0.0,0.0,0.0,0.0,0.0,0.0,1.0
69969,0,1,3400,-56,56,-795,12,16,0.51,87206.351562,0,2.1,14,0.0,0.0,0.0,0.0,0.0,0.0,1.0
70218,0,1,3400,-56,56,-793,9.5,15,0.50,65523.808594,0,2.1,14,0.0,0.0,0.0,0.0,0.0,0.0,1.0
70467,0,1,3400,-56,56,-789,10,14,0.50,38166.007812,0,2.1,7.4,0.0,12363.636719,36,0.0,0.0,0.0,1.0
70716,0,1,3400,-56,56,-793,12,15,0.55,64730.160156,0,2.1,0.0,0.0,0.0,0.0,0.0,0.0,0.0,1.0
70965,0,1,3400,-56,56,-796,11,15,0.53,101936.507812,0,2.1,0.0,0.0,0.0,0.0,0.0,0.0,0.0,1.0
71214,0,1,3400,-56,56,-791,12,15,0.50,49555.554688,0,2.1,0.0,0.0,0.0,0.0,0.0,0.0,0.0,1.0
71463,0,1,3400,-56,56,-794,10,15,0.50,32569.169922,0,2.1,0.0,0.0,2592.885254,0,0.0,0.0,0.0,1.0
71712,0,1,3400,-56,56,-795,12,15,0.98,58984.128906,9,2.1,0.0,0.0,5492.063477,0,0.0,0.0,0.0,1.0
71961,0,1,3400,-56,56,-798,9.9,15,0.51,37841.269531,0,2.1,0.0,0.0,0.0,0.0,0.0,0.0,0.0,1.0
72210,0,1,3400,-56,56,-794,11,15,1.1,76317.460938,12,2.1,0.0,0.0,0.0,0.0,0.0,0.0,0.0,1.0
72459,0,1,3400,-56,56,-795,8.3,15,0.55,71114.625000,0,2.1,7.9,0.0,267636.375000,57,0.0,0.0,0.0,1.0
72708,0,1,3400,-56,56,-799,7.7,15,0.50,43650.792969,0,2.1,16,0.0,0.0,0.0,0.0,0.0,0.0,1.0
72957,0,1,3400,-56,56,-795,9.8,15,0.78,64095.238281,7,2.1,16,0.0,0.0,0.0,0.0,0.0,0.0,1.0
73206,0,1,3400,-56,56,-792,11,14,1.3,60126.984375,8,2.1,16,0.0,0.0,0.0,0.0,0.0,0.0,1.0
73455,0,1,3400,-56,56,-798,13,15,0.89,48347.824219,10,2.1,16,0.0,15399.209961,40,0.0,0.0,0.0,1.0
73704,0,1,3400,-56,56,-788,11,14,0.64,54920.636719,0,2.1,22,0.0,0.0,0.0,0.0,0.0,0.0,1.0
73953,0,1,3400,-56,56,-789,11,14,0.50,70888.890625,0,2.1,22,0.0,0.0,0.0,0.0,0.0,0.0,1.0
74202,0,1,3400,-56,56,-799,12,15,0.50,54412.699219,0,2.1,22,0.0,0.0,0.0,0.0,0.0,0.0,1.0
74451,0,1,3400,-56,56,-791,12,15,0.65,38063.492188,22,2.1,12,0.0,10507.936523,36,0.0,0.0,0.0,1.0
74700,0,1,3400,-56,56,-792,11,15,0.51,38292.488281,0,2.1,0.0,0.0,0.0,0.0,0.0,0.0,0.0,1.0
74949,0,1,3400,-56,56,-792,12,15,0.92,53904.761719,9,2.1,0.0,0.0,0.0,0.0,0.0,0.0,0.0,1.0
75198,0,1,3400,-56,56,-796,11,14,0.87,60920.636719,8,2.1,0.0,0.0,0.0,0.0,0.0,0.0,0.0,1.0
75447,0,1,3400,-56,56,-789,9.7,14,0.60,88284.585938,0,2.1,7.1,0.0,6324.110840,50,0.0,0.0,0.0,1.0
75696,0,1,3400,-56,56,-790,12,15,0.50,32698.412109,0,2.1,15,0.0,0.0,0.0,0.0,0.0,0.0,1.0
75945,0,1,3400,-56,56,-795,12,15,0.71,31174.603516,14,2.1,15,0.0,0.0,0.0,0.0,0.0,0.0,1.0
76194,0,1,3400,-56,56,-791,11,15,0.72,82000.000000,12,2.1,15,0.0,0.0,0.0,0.0,0.0,0.0,1.0
76443,0,1,3400,-56,56,-794,8.7,15,0.50,70988.140625,0,2.1,14,0.0,23209.486328,0,0.0,0.0,0.0,1.0
76692,0,1,3400,-56,56,-799,13,15,0.74,32190.476562,14,2.1,14,0.0,0.0,0.0,0.0,0.0,0.0,1.0
76941,0,1,3400,-56,56,-796,12,15,1.7,32571.427734,12,2.1,14,0.0,0.0,0.0,0.0,0.0,0.0,1.0
77190,0,1,3400,-56,56,-794,11,15,0.81,71523.812500,11,2.1,14,0.0,0.0,0.0,0.0,0.0,0.0,1.0
77439,0,1,3400,-56,56,-788,10,15,0.50,71114.625000,0,2.1,14,0.0,23209.486328,0,0.0,0.0,0.0,1.0
77688,0,1,3400,-56,56,-801,12,15,0.74,70507.937500,7,2.1,14,0.0,0.0,0.0,0.0,0.0,0.0,1.0
77937,0,1,3400,-56,56,-797,10,15,0.88,54539.683594,8,2.1,13,0.0,0.0,0.0,0.0,0.0,0.0,1.0
78186,0,1,3400,-56,56,-792,10,15,0.68,48603.175781,9,2.1,14,0.0,0.0,0.0,0.0,0.0,0.0,1.0
78435,0,1,3400,-56,56,-788,11,15,0.60,54444.445312,0,2.1,13,0.0,25238.095703,36,0.0,0.0,0.0,1.0
78684,0,1,3400,-56,56,-791,9.8,14,0.68,64695.652344,6,2.1,12,0.0,0.0,0.0,0.0,0.0,0.0,1.0
78933,0,1,3400,-56,56,-794,11,14,1.4,51555.554688,9,2.1,12,0.0,0.0,0.0,0.0,0.0,0.0,1.0
79182,0,1,3400,-56,56,-789,11,15,0.54,75428.570312,0,2.1,12,0.0,0.0,0.0,0.0,0.0,0.0,1.0
79431,0,1,3400,-56,56,-790,12,15,0.50,52984.128906,0,2.1,13,0.0,220063.484375,63,0.0,0.0,0.0,1.0
79680,0,1,3400,-56,56,-789,16,15,0.50,63778.656250,0,2.1,16,0.0,60332.015625,0,0.0,0.0,0.0,1.0
79929,0,1,3400,-56,56,-794,9.8,15,0.52,54698.414062,0,2.1,16,0.0,0.0,0.0,0.0,0.0,0.0,1.0
80178,0,1,3400,-56,56,-800,10,15,0.51,44698.414062,11,2.1,16,0.0,0.0,0.0,0.0,0.0,0.0,1.0
80427,0,1,3400,-56,56,-796,11,15,1.0,76349.203125,12,2.1,16,0.0,344000.000000,62,0.0,0.0,0.0,1.0
80676,0,1,3400,-56,56,-797,12,15,0.52,59636.363281,0,2.1,16,0.0,0.0,0.0,0.0,0.0,0.0,1.0
80925,0,1,3400,-56,56,-796,11,16,1.4,76539.679688,11,2.1,16,0.0,0.0,0.0,0.0,0.0,0.0,1.0
81174,0,1,3400,-56,56,-794,11,15,0.54,82761.906250,0,2.1,16,0.0,0.0,0.0,0.0,0.0,0.0,1.0
81423,0,1,3400,-56,56,-789,13,15,1.2,42761.906250,18,2.1,8.3,0.0,12412.698242,36,0.0,0.0,0.0,1.0
81672,0,1,3400,-56,56,-795,15,15,0.72,64063.242188,7,2.1,0.0,0.0,0.0,0.0,0.0,0.0,0.0,1.0
81921,0,1,3400,-56,56,-801,12,16,0.61,37174.601562,0,2.1,0.0,0.0,0.0,0.0,0.0,0.0,0.0,1.0
82170,0,1,3400,-56,56,-797,13,16,0.65,53333.332031,15,2.1,0.0,0.0,0.0,0.0,0.0,0.0,0.0,1.0
82419,0,1,3400,-56,56,-796,11,15,0.92,47174.601562,17,2.1,6.2,0.0,15460.317383,0,0.0,0.0,0.0,1.0
82668,0,1,3400,-56,56,-788,14,16,1.1,50086.957031,9,2.1,12,0.0,0.0,0.0,0.0,0.0,0.0,1.0
82917,0,1,3400,-56,56,-796,11,15,0.86,38000.000000,11,2.1,12,0.0,0.0,0.0,0.0,0.0,0.0,1.0
83166,0,1,3400,-56,56,-795,12,15,2.0,65968.257812,0,2.1,12,0.0,0.0,0.0,0.0,0.0,0.0,1.0
83415,0,1,3400,-56,56,-788,13,14,0.79,64507.937500,8,2.1,13,0.0,23301.587891,0,0.0,0.0,0.0,1.0
83664,0,1,3400,-56,56,-799,9.7,16,0.50,32634.919922,0,2.1,14,0.0,0.0,0.0,0.0,0.0,0.0,1.0
83913,0,1,3400,-56,56,-797,9.6,14,0.50,87747.039062,0,2.1,14,0.0,0.0,0.0,0.0,0.0,0.0,1.0
84162,0,1,3400,-56,56,-789,10,14,0.50,66222.218750,0,2.1,14,0.0,0.0,0.0,0.0,0.0,0.0,1.0
84411,0,1,3400,-56,56,-799,10,14,0.71,38063.492188,12,2.1,14,0.0,23301.587891,0,0.0,0.0,0.0,1.0
84660,0,1,3400,-56,56,-804,9.3,15,0.50,38190.476562,0,2.1,14,0.0,0.0,0.0,0.0,0.0,0.0,1.0
84909,0,1,3400,-56,56,-797,7.7,15,0.59,55241.105469,0,2.1,14,0.0,0.0,0.0,0.0,0.0,0.0,1.0
85158,0,1,3400,-56,56,-797,8.3,15,0.54,48920.636719,0,2.1,14,0.0,0.0,0.0,0.0,0.0,0.0,1.0
85407,0,1,3400,-56,56,-795,12,16,0.50,70253.968750,0,2.1,14,0.0,29682.539062,14,0.0,0.0,0.0,1.0
85656,0,1,3400,-56,56,-794,11,15,0.90,66317.460938,7,2.1,14,0.0,0.0,0.0,0.0,0.0,0.0,1.0
85905,0,1,3400,-56,56,-794,12,14,0.50,38418.972656,0,2.1,14,0.0,0.0,0.0,0.0,0.0,0.0,1.0
86154,0,1,3400,-56,56,-795,10,14,0.80,54761.906250,8,2.1,13,0.0,0.0,0.0,0.0,0.0,0.0,1.0
86403,0,1,3400,-56,56,-795,14,15,0.50,80063.492188,0,2.1,13,0.0,0.0,80,0.0,0.0,0.0,1.0
86652,0,1,3400,-56,56,-793,11,14,0.50,66158.726562,0,2.1,13,0.0,0.0,0.0,0.0,0.0,0.0,1.0
86901,0,1,3400,-56,56,-790,11,14,1.0,72727.273438,7,2.1,14,0.0,0.0,0.0,0.0,0.0,0.0,1.0
87150,0,1,3400,-56,56,-785,10,15,0.51,55111.109375,0,2.1,14,0.0,0.0,0.0,0.0,0.0,0.0,1.0
87399,0,1,3400,-56,56,-788,11,16,0.50,90952.382812,0,2.1,7.1,0.0,12412.698242,36,0.0,0.0,0.0,1.0
87648,0,1,3400,-56,56,-793,12,15,0.50,96920.632812,0,2.1,0.0,0.0,0.0,0.0,0.0,0.0,0.0,1.0
87897,0,1,3400,-56,56,-793,12,14,0.50,62166.007812,0,2.1,0.0,0.0,0.0,0.0,0.0,0.0,0.0,1.0
88146,0,1,3400,-56,56,-792,12,15,0.50,37746.031250,0,2.1,0.0,0.0,0.0,0.0,0.0,0.0,0.0,1.0
88395,0,1,3400,-56,56,-797,12,15,0.93,32190.476562,33,2.1,0.82,0.0,12412.698242,36,0.0,0.0,0.0,1.0
88644,0,1,3400,-56,56,-797,11,15,0.72,48412.699219,0,2.1,0.0,0.0,0.0,0.0,0.0,0.0,0.0,1.0
88893,0,1,3400,-56,56,-793,7.3,14,0.50,71873.515625,0,2.1,0.0,0.0,0.0,0.0,0.0,0.0,0.0,1.0
89142,0,1,3400,-56,56,-792,11,15,0.53,54507.937500,10,2.1,0.0,0.0,0.0,0.0,0.0,0.0,0.0,1.0
89391,0,1,3400,-56,56,-796,13,14,1.5,64825.398438,7,2.1,5.2,0.0,246634.921875,56,0.0,0.0,0.0,1.0
89640,0,1,3400,-56,56,-797,13,15,0.54,43428.570312,11,2.1,16,0.0,0.0,0.0,0.0,0.0,0.0,1.0
89889,0,1,3400,-56,56,-795,11,16,0.54,43952.570312,9,2.1,16,0.0,0.0,0.0,0.0,0.0,0.0,1.0
90138,0,1,3400,-56,56,-796,7.9,15,0.71,66952.382812,0,2.1,16,0.0,0.0,0.0,0.0,0.0,0.0,1.0
90387,0,1,3400,-56,56,-791,9.1,15,0.50,54412.699219,0,2.1,15,0.0,6666.666504,50,0.0,0.0,0.0,1.0
90636,0,1,3400,-56,56,-794,9.4,14,0.92,73428.570312,6,2.1,14,0.0,0.0,0.0,0.0,0.0,0.0,1.0
90885,0,1,3400,-56,56,-794,9.9,15,0.56,55367.589844,8,2.1,14,0.0,0.0,0.0,0.0,0.0,0.0,1.0
91134,0,1,3400,-56,56,-802,12,15,0.50,32828.683594,0,2.1,14,0.0,0.0,0.0,0.0,0.0,0.0,1.0
91383,0,1,3400,-56,56,-799,13,15,0.50,31968.378906,0,2.1,14,0.0,155509.875000,66,0.0,0.0,0.0,1.0
91632,0,1,3400,-56,56,-803,12,15,0.50,38063.492188,0,2.1,16,0.0,0.0,0.0,0.0,0.0,0.0,1.0
91881,0,1,3400,-56,56,-802,11,16,1.5,34444.445312,12,2.1,16,0.0,0.0,0.0,0.0,0.0,0.0,1.0
92130,0,1,3400,-56,56,-796,12,15,0.50,27079.365234,0,2.1,16,0.0,0.0,0.0,0.0,0.0,0.0,1.0
92379,0,1,3400,-56,56,-792,7.8,15,0.50,53691.699219,0,2.1,8.3,0.0,18719.367188,20,0.0,0.0,0.0,1.0
92628,0,1,3400,-56,56,-797,9.3,15,0.50,37809.523438,0,2.1,0.0,0.0,0.0,0.0,0.0,0.0,0.0,1.0
92877,0,1,3400,-56,56,-800,11,14,0.99,76634.921875,12,2.1,0.0,0.0,0.0,0.0,0.0,0.0,0.0,1.0
93126,0,1,3400,-56,56,-796,11,15,0.50,70857.140625,0,2.1,0.0,0.0,0.0,0.0,0.0,0.0,0.0,1.0
93375,0,1,3400,-56,56,-795,13,16,0.50,53407.113281,0,2.1,6.2,0.0,15399.209961,0,0.0,0.0,0.0,1.0
93624,0,1,3400,-56,56,-799,11,15,0.85,43746.031250,0,2.1,12,0.0,0.0,0.0,0.0,0.0,0.0,1.0
93873,0,1,3400,-56,56,-796,11,15,0.60,64888.890625,0,2.1,12,0.0,0.0,0.0,0.0,0.0,0.0,1.0
94122,0,1,3400,-56,56,-797,12,14,0.65,45238.093750,18,2.1,12,0.0,0.0,0.0,0.0,0.0,0.0,1.0
94371,0,1,3400,-56,56,-798,11,15,0.50,38166.007812,0,2.1,14,0.0,172521.734375,64,0.0,0.0,0.0,1.0
94620,0,1,3400,-56,56,-799,13,15,0.50,59428.570312,0,2.1,16,0.0,0.0,0.0,0.0,0.0,0.0,1.0
94869,0,1,3400,-56,56,-797,10.0,15,0.77,77301.585938,11,2.1,16,0.0,0.0,0.0,0.0,0.0,0.0,1.0
95118,0,1,3400,-56,56,-793,9.3,14,0.76,95777.781250,10,2.1,16,0.0,0.0,0.0,0.0,0.0,0.0,1.0
95367,0,1,3400,-56,56,-796,12,15,0.65,48347.824219,10,2.1,11,0.0,12363.636719,50,0.0,0.0,0.0,1.0
95616,0,1,3400,-56,56,-798,11,15,0.50,65015.871094,0,2.1,1.0,0.0,0.0,0.0,0.0,0.0,0.0,1.0
95865,0,1,3400,-56,56,-797,11,14,0.57,113904.765625,4,2.1,1.0,0.0,0.0,0.0,0.0,0.0,0.0,1.0
96114,0,1,3400,-56,56,-790,10,15,0.50,61565.218750,0,2.1,1.0,0.0,0.0,0.0,0.0,0.0,0.0,1.0
96363,0,1,3400,-56,56,-791,10.0,15,0.78,60380.953125,8,2.1,5.1,0.0,0.0,80,0.0,0.0,0.0,1.0
96612,0,1,3400,-56,56,-796,13,15,0.50,48285.714844,0,2.1,8.5,0.0,0.0,0.0,0.0,0.0,0.0,1.0
96861,0,1,3400,-56,56,-800,9.0,14,0.50,82063.492188,0,2.1,8.5,0.0,0.0,0.0,0.0,0.0,0.0,1.0
97110,0,1,3400,-56,56,-797,8.8,15,0.54,84476.187500,6,2.1,8.5,0.0,0.0,0.0,0.0,0.0,0.0,1.0
97359,0,1,3400,-56,56,-792,12,15,1.3,37660.078125,12,2.1,4.7,0.0,11098.814453,36,0.0,0.0,0.0,1.0
97608,0,1,3400,-56,56,-796,11,14,0.83,55682.539062,9,2.1,0.0,0.0,0.0,0.0,0.0,0.0,0.0,1.0
97857,0,1,3400,-56,56,-795,13,15,0.79,77873.015625,15,2.1,0.0,0.0,0.0,0.0,0.0,0.0,0.0,1.0
98106,0,1,3400,-56,56,-796,10,15,0.65,54888.890625,7,2.1,0.0,0.0,0.0,0.0,0.0,0.0,0.0,1.0
98355,0,1,3400,-56,56,-801,11,15,0.50,81802.375000,0,2.1,0.82,0.0,18466.402344,33,0.0,0.0,0.0,1.0
98604,0,1,3400,-56,56,-797,11,15,0.51,53269.839844,0,2.1,0.0,0.0,0.0,0.0,0.0,0.0,0.0,1.0
98853,0,1,3400,-56,56,-792,9.7,14,0.50,65333.332031,0,2.1,0.0,0.0,0.0,0.0,0.0,0.0,0.0,1.0
99102,0,1,3400,-56,56,-793,11,14,0.50,54857.144531,0,2.1,0.0,0.0,0.0,0.0,0.0,0.0,0.0,1.0
99351,0,1,3400,-56,56,-797,8.2,15,0.50,37090.910156,0,2.1,7.5,0.0,11920.948242,0,0.0,0.0,0.0,1.0
99600,0,1,3400,-56,56,-790,14,15,0.57,64000.000000,0,2.1,14,0.0,0.0,0.0,0.0,0.0,0.0,1.0
99849,0,1,3400,-56,56,-794,12,14,0.50,59873.015625,0,2.1,14,0.0,0.0,0.0,0.0,0.0,0.0,1.0
100098,0,1,3400,-56,56,-791,12,15,0.64,76126.984375,12,2.1,14,0.0,0.0,0.0,0.0,0.0,0.0,1.0
100347,0,1,3400,-56,56,-792,10.0,14,0.82,77723.320312,0,2.1,8.8,0.0,23494.070312,31,0.0,0.0,0.0,1.0
100596,0,1,3400,-56,56,-795,13,15,0.70,40191.234375,10,2.1,0.0,0.0,0.0,0.0,0.0,0.0,0.0,1.0
100845,0,1,3400,-56,56,-793,8.1,15,1.1,76110.671875,6,2.1,0.0,0.0,0.0,0.0,0.0,0.0,0.0,1.0
101094,0,1,3400,-56,56,-794,9.3,14,0.63,55523.808594,7,2.1,0.0,0.0,0.0,0.0,0.0,0.0,0.0,1.0
101343,0,1,3400,-56,56,-794,8.1,14,0.94,50181.816406,15,2.1,0.82,0.0,11098.814453,36,0.0,0.0,0.0,1.0
101592,0,1,3400,-56,56,-794,12,15,1.4,26825.396484,0,2.1,0.0,0.0,0.0,0.0,0.0,0.0,0.0,1.0
101841,0,1,3400,-56,56,-793,13,15,0.50,37555.554688,0,2.1,0.0,0.0,0.0,0.0,0.0,0.0,0.0,1.0
102090,0,1,3400,-56,56,-794,12,16,0.50,49301.585938,0,2.1,0.0,0.0,0.0,0.0,0.0,0.0,0.0,1.0
102339,0,1,3400,-56,56,-796,8.3,15,0.50,43509.882812,0,2.1,3.4,0.0,15399.209961,0,0.0,0.0,0.0,1.0
102588,0,1,3400,-56,56,-799,9.5,15,0.51,76476.187500,0,2.1,6.5,0.0,0.0,0.0,0.0,0.0,0.0,1.0
102837,0,1,3400,-56,56,-793,10,15,0.50,56158.730469,0,2.1,6.5,0.0,0.0,0.0,0.0,0.0,0.0,1.0
103086,0,1,3400,-56,56,-797,12,14,0.67,54412.699219,9,2.1,6.5,0.0,0.0,0.0,0.0,0.0,0.0,1.0
103335,0,1,3400,-56,56,-795,12,16,0.50,43762.847656,0,2.1,10,0.0,23209.486328,0,0.0,0.0,0.0,1.0
103584,0,1,3400,-56,56,-796,11,15,0.50,80666.664062,0,2.1,14,0.0,0.0,0.0,0.0,0.0,0.0,1.0
103833,0,1,3400,-56,56,-794,10,15,0.50,61047.617188,0,2.1,14,0.0,0.0,0.0,0.0,0.0,0.0,1.0
104082,0,1,3400,-56,56,-790,9.3,15,0.50,81682.539062,0,2.1,14,0.0,0.0,0.0,0.0,0.0,0.0,1.0
104331,0,1,3400,-56,56,-797,9.5,16,0.50,64126.984375,0,2.1,14,0.0,23301.587891,0,0.0,0.0,0.0,1.0
104580,0,1,3400,-56,56,-794,14,14,0.63,47873.519531,10,2.1,14,0.0,0.0,0.0,0.0,0.0,0.0,1.0
104829,0,1,3400,-56,56,-791,11,15,0.84,65619.046875,8,2.1,14,0.0,0.0,0.0,0.0,0.0,0.0,1.0
105078,0,1,3400,-56,56,-793,11,15,0.50,48539.683594,0,2.1,14,0.0,0.0,0.0,0.0,0.0,0.0,1.0
105327,0,1,3400,-56,56,-799,8.8,16,0.50,53904.761719,0,2.1,8.4,0.0,23714.285156,36,0.0,0.0,0.0,1.0
105576,0,1,3400,-56,56,-795,11,15,0.50,21881.423828,0,2.1,0.0,0.0,0.0,0.0,0.0,0.0,0.0,1.0
105825,0,1,3400,-56,56,-800,11,15,0.50,86793.648438,0,2.1,0.0,0.0,0.0,0.0,0.0,0.0,0.0,1.0
106074,0,1,3400,-56,56,-798,12,15,0.50,38063.492188,0,2.1,0.0,0.0,0.0,0.0,0.0,0.0,0.0,1.0
106323,0,1,3400,-56,56,-793,12,15,0.55,39241.105469,0,2.1,0.19,0.0,5470.355957,25,0.0,0.0,0.0,1.0
106572,0,1,3400,-56,56,-790,13,15,0.50,48793.652344,0,2.1,0.62,0.0,6920.634766,43,0.0,0.0,0.0,1.0
106821,0,1,3400,-56,56,-798,13,15,1.6,32444.445312,25,2.1,0.0,0.0,0.0,0.0,0.0,0.0,0.0,1.0
107070,0,1,3400,-56,56,-792,10,14,0.95,46126.984375,17,2.1,0.0,0.0,0.0,0.0,0.0,0.0,0.0,1.0
107319,0,1,3400,-56,56,-795,8.4,15,0.53,54102.765625,0,2.1,0.82,0.0,5628.458496,57,0.0,0.0,0.0,1.0
107568,0,1,3400,-56,56,-794,9.1,15,0.50,77460.320312,0,2.1,0.0,0.0,0.0,0.0,0.0,0.0,0.0,1.0
107817,0,1,3400,-56,56,-798,10,15,0.54,71206.351562,7,2.1,0.0,0.0,0.0,0.0,0.0,0.0,0.0,1.0
108066,0,1,3400,-56,56,-795,11,15,0.50,71777.781250,0,2.1,0.0,0.0,0.0,0.0,0.0,0.0,0.0,1.0
108315,0,1,3400,-56,56,-797,8.8,14,0.63,69185.773438,5,2.1,7.9,0.0,205660.078125,60,0.0,0.0,0.0,1.0
108564,0,1,3400,-56,56,-793,11,15,1.5,38571.429688,22,2.1,16,0.0,0.0,0.0,0.0,0.0,0.0,1.0
108813,0,1,3400,-56,56,-798,7.9,14,0.50,43904.761719,0,2.1,16,0.0,0.0,0.0,0.0,0.0,0.0,1.0
109062,0,1,3400,-56,56,-799,11,15,0.53,55841.269531,8,2.1,16,0.0,0.0,0.0,0.0,0.0,0.0,1.0
109311,0,1,3400,-56,56,-794,11,16,0.78,54324.109375,21,2.1,14,0.0,15399.209961,0,0.0,0.0,0.0,1.0
109560,0,1,3400,-56,56,-793,10,15,0.53,82888.890625,0,2.1,12,0.0,0.0,0.0,0.0,0.0,0.0,1.0
109809,0,1,3400,-56,56,-790,9.0,14,0.50,71269.843750,0,2.1,12,0.0,0.0,0.0,0.0,0.0,0.0,1.0
110058,0,1,3400,-56,56,-797,11,14,0.81,71206.351562,12,2.1,12,0.0,0.0,0.0,0.0,0.0,0.0,1.0
110307,0,1,3400,-56,56,-795,11,15,0.50,42624.507812,0,2.1,10,0.0,18023.714844,36,0.0,0.0,0.0,1.0
110556,0,1,3400,-56,56,-803,12,15,0.50,65650.796875,0,2.1,6.0,0.0,0.0,0.0,0.0,0.0,0.0,1.0
110805,0,1,3400,-56,56,-799,11,15,0.79,65714.289062,13,2.1,6.0,0.0,0.0,0.0,0.0,0.0,0.0,1.0
111054,0,1,3400,-56,56,-790,9.9,15,0.50,49365.078125,0,2.1,6.0,0.0,0.0,0.0,0.0,0.0,0.0,1.0
111303,0,1,3400,-56,56,-793,11,15,0.50,54666.667969,0,2.1,4.7,0.0,10666.666992,47,0.0,0.0,0.0,1.0
111552,0,1,3400,-56,56,-793,11,15,0.50,59035.574219,0,2.1,0.0,0.0,0.0,0.0,0.0,0.0,0.0,1.0
111801,0,1,3400,-56,56,-795,11,14,0.91,78634.921875,6,2.1,0.0,0.0,0.0,0.0,0.0,0.0,0.0,1.0
112050,0,1,3400,-56,56,-795,12,15,0.58,53904.761719,0,2.1,0.0,0.0,0.0,0.0,0.0,0.0,0.0,1.0
112299,0,1,3400,-56,56,-792,12,14,0.50,32698.412109,0,2.1,2.7,0.0,19809.523438,44,0.0,0.0,0.0,1.0
112548,0,1,3400,-56,56,-789,11,15,0.73,45777.777344,9,2.1,0.0,0.0,0.0,0.0,0.0,0.0,0.0,1.0
112797,0,1,3400,-56,56,-790,9.1,14,0.50,77185.773438,0,2.1,0.0,0.0,0.0,0.0,0.0,0.0,0.0,1.0
113046,0,1,3400,-56,56,-797,7.4,14,0.50,22349.207031,0,2.1,0.0,0.0,0.0,0.0,0.0,0.0,0.0,1.0
113295,0,1,3400,-56,56,-805,8.0,14,0.88,75015.875000,12,2.1,6.2,0.0,15460.317383,0,0.0,0.0,0.0,1.0
113544,0,1,3400,-56,56,-794,9.9,15,0.74,48317.460938,0,2.1,12,0.0,0.0,0.0,0.0,0.0,0.0,1.0
113793,0,1,3400,-56,56,-794,12,15,0.61,32189.722656,0,2.1,12,0.0,0.0,0.0,0.0,0.0,0.0,1.0
114042,0,1,3400,-56,56,-790,10,14,1.2,50007.968750,18,2.1,13,0.0,0.0,0.0,0.0,0.0,0.0,1.0
114291,0,1,3400,-56,56,-800,12,15,0.50,81486.164062,0,2.1,13,0.0,23209.486328,0,0.0,0.0,0.0,1.0
114540,0,1,3400,-56,56,-804,11,14,0.56,59809.523438,7,2.1,14,0.0,0.0,0.0,0.0,0.0,0.0,1.0
114789,0,1,3400,-56,56,-800,11,15,1.3,59952.570312,7,2.1,13,0.0,0.0,0.0,0.0,0.0,0.0,1.0
115038,0,1,3400,-56,56,-793,11,14,0.72,76888.890625,6,2.1,14,0.0,0.0,0.0,0.0,0.0,0.0,1.0
115287,0,1,3400,-56,56,-799,11,15,0.50,60476.191406,0,2.1,14,0.0,0.0,80,0.0,0.0,0.0,1.0
115536,0,1,3400,-56,56,-791,12,14,0.50,59142.855469,0,2.1,15,0.0,0.0,0.0,0.0,0.0,0.0,1.0
115785,0,1,3400,-56,56,-796,10,15,0.50,65075.097656,0,2.1,15,0.0,0.0,0.0,0.0,0.0,0.0,1.0
116034,0,1,3400,-56,56,-796,12,15,0.50,53523.808594,0,2.1,15,0.0,0.0,0.0,0.0,0.0,0.0,1.0
116283,0,1,3400,-56,56,-798,8.7,16,0.50,43936.507812,0,2.1,9.5,0.0,12190.476562,0,0.0,0.0,0.0,1.0
116532,0,1,3400,-56,56,-796,12,16,0.50,59523.808594,0,2.1,0.0,0.0,0.0,0.0,0.0,0.0,0.0,1.0
116781,0,1,3400,-56,56,-793,12,15,0.56,58624.507812,8,2.1,0.0,0.0,0.0,0.0,0.0,0.0,0.0,1.0
117030,0,1,3400,-56,56,-798,10,14,0.89,61904.761719,7,2.1,0.0,0.0,0.0,0.0,0.0,0.0,0.0,1.0
117279,0,1,3400,-56,56,-800,12,15,0.50,31619.046875,0,2.1,7.3,0.0,23301.587891,0,0.0,0.0,0.0,1.0
117528,0,1,3400,-56,56,-800,14,15,0.59,58095.238281,0,2.1,13,0.0,0.0,0.0,0.0,0.0,0.0,1.0
117777,0,1,3400,-56,56,-798,16,15,0.50,36996.046875,0,2.1,14,0.0,0.0,0.0,0.0,0.0,0.0,1.0
118026,0,1,3400,-56,56,-796,16,14,0.85,46095.238281,11,2.1,14,0.0,0.0,0.0,0.0,0.0,0.0,1.0
118275,0,1,3400,-56,56,-796,12,15,0.50,65142.855469,0,2.1,14,0.0,23301.587891,0,0.0,0.0,0.0,1.0
118524,0,1,3400,-56,56,-802,10,16,1.1,32698.412109,20,2.1,14,0.0,0.0,0.0,0.0,0.0,0.0,1.0
118773,0,1,3400,-56,56,-800,11,15,1.0,48853.753906,10,2.1,13,0.0,0.0,0.0,0.0,0.0,0.0,1.0
119022,0,1,3400,-56,56,-794,9.9,15,0.82,71714.289062,0,2.1,14,0.0,0.0,0.0,0.0,0.0,0.0,1.0
119271,0,1,3400,-56,56,-797,12,15,0.50,48222.222656,0,2.1,14,0.0,23301.587891,0,0.0,0.0,0.0,1.0
119520,0,1,3400,-56,56,-794,13,15,0.50,74825.398438,0,2.1,14,0.0,0.0,0.0,0.0,0.0,0.0,1.0
119769,0,1,3400,-56,56,-798,8.8,15,0.52,60584.980469,0,2.1,14,0.0,0.0,0.0,0.0,0.0,0.0,1.0
120018,0,1,3400,-56,56,-794,10,15,0.50,59968.253906,0,2.1,14,0.0,0.0,0.0,0.0,0.0,0.0,1.0
120267,0,1,3400,-56,56,-800,9.0,15,0.95,65904.765625,7,2.1,13,0.0,23301.587891,0,0.0,0.0,0.0,1.0
120516,0,1,3400,-56,56,-799,13,15,0.78,37301.585938,0,2.1,14,0.0,0.0,0.0,0.0,0.0,0.0,1.0
120765,0,1,3400,-56,56,-795,13,16,0.54,80411.070312,0,2.1,14,0.0,0.0,0.0,0.0,0.0,0.0,1.0
121014,0,1,3400,-56,56,-798,13,15,0.54,53650.792969,0,2.1,14,0.0,0.0,0.0,0.0,0.0,0.0,1.0
121263,0,1,3400,-56,56,-799,12,14,0.50,54920.636719,0,2.1,14,0.0,83555.554688,12,0.0,0.0,0.0,1.0
121512,0,1,3400,-56,56,-798,9.1,14,0.72,72095.234375,12,2.1,16,0.0,0.0,0.0,0.0,0.0,0.0,1.0
121761,0,1,3400,-56,56,-796,11,15,0.53,43509.882812,0,2.1,15,0.0,0.0,0.0,0.0,0.0,0.0,1.0
122010,0,1,3400,-56,56,-791,10,15,0.55,54285.714844,8,2.1,16,0.0,0.0,0.0,0.0,0.0,0.0,1.0
122259,0,1,3400,-56,56,-791,12,15,2.0,37809.523438,0,2.1,14,0.0,16920.634766,57,0.0,0.0,0.0,1.0
122508,0,1,3400,-56,56,-793,9.7,14,0.83,67523.812500,7,2.1,13,0.0,0.0,0.0,0.0,0.0,0.0,1.0
122757,0,1,3400,-56,56,-799,11,15,1.4,75762.843750,6,2.1,14,0.0,0.0,0.0,0.0,0.0,0.0,1.0
123006,0,1,3400,-56,56,-796,13,15,0.51,75873.015625,0,2.1,14,0.0,0.0,0.0,0.0,0.0,0.0,1.0
123255,0,1,3400,-56,56,-793,13,15,0.72,32444.445312,0,2.1,11,0.0,4349.206543,57,0.0,0.0,0.0,1.0
123504,0,1,3400,-56,56,-793,11,14,1.1,50845.851562,9,2.1,6.0,0.0,0.0,0.0,0.0,0.0,0.0,1.0
123753,0,1,3400,-56,56,-791,12,15,1.1,55746.031250,20,2.1,6.0,0.0,0.0,0.0,0.0,0.0,0.0,1.0
124002,0,1,3400,-56,56,-797,9.0,15,0.73,55682.539062,8,2.1,6.0,0.0,0.0,0.0,0.0,0.0,0.0,1.0
124251,0,1,3400,-56,56,-799,11,14,0.50,50063.492188,0,2.1,8.7,0.0,23301.587891,0,0.0,0.0,0.0,1.0
124500,0,1,3400,-56,56,-798,10,15,0.61,54888.890625,8,2.1,14,0.0,0.0,0.0,0.0,0.0,0.0,1.0
124749,0,1,3400,-56,56,-794,11,15,0.54,48347.824219,0,2.1,14,0.0,0.0,0.0,0.0,0.0,0.0,1.0
124998,0,1,3400,-56,56,-794,9.7,15,0.52,85428.570312,0,2.1,14,0.0,0.0,0.0,0.0,0.0,0.0,1.0
125247,0,1,3400,-56,56,-789,12,15,0.59,69777.781250,0,2.1,8.5,0.0,23714.285156,36,0.0,0.0,0.0,1.0
125496,0,1,3400,-56,56,-798,11,16,0.51,97296.445312,0,2.1,0.0,0.0,0.0,0.0,0.0,0.0,0.0,1.0
125745,0,1,3400,-56,56,-802,10,14,1.7,34571.429688,20,2.1,0.0,0.0,0.0,0.0,0.0,0.0,0.0,1.0
125994,0,1,3400,-56,56,-800,9.8,14,0.65,55428.570312,9,2.1,0.0,0.0,0.0,0.0,0.0,0.0,0.0,1.0
126243,0,1,3400,-56,56,-797,10,15,0.50,59904.761719,0,2.1,0.0,0.0,7841.270020,0,0.0,0.0,0.0,1.0
126492,0,1,3400,-56,56,-798,12,15,0.74,43269.839844,15,2.1,0.0,0.0,0.0,0.0,0.0,0.0,0.0,1.0
126741,0,1,3400,-56,56,-803,11,15,0.50,76268.773438,0,2.1,0.0,0.0,0.0,0.0,0.0,0.0,0.0,1.0
126990,0,1,3400,-56,56,-799,12,15,0.55,59142.855469,0,2.1,0.0,0.0,0.0,0.0,0.0,0.0,0.0,1.0
127239,0,1,3400,-56,56,-794,9.3,15,0.53,60412.699219,0,2.1,4.3,0.0,14476.190430,31,0.0,0.0,0.0,1.0
127488,0,1,3400,-56,56,-796,11,15,0.99,65746.031250,21,2.1,6.0,0.0,0.0,0.0,0.0,0.0,0.0,1.0
127737,0,1,3400,-56,56,-800,13,16,0.50,42371.542969,0,2.1,6.0,0.0,0.0,0.0,0.0,0.0,0.0,1.0
127986,0,1,3400,-56,56,-795,9.7,15,0.82,67777.781250,6,2.1,6.0,0.0,0.0,0.0,0.0,0.0,0.0,1.0
128235,0,1,3400,-56,56,-792,10.0,14,0.64,48984.128906,9,2.1,6.5,0.0,15428.571289,20,0.0,0.0,0.0,1.0
128484,0,1,3400,-56,56,-790,12,15,0.74,75731.226562,6,2.1,8.0,0.0,0.0,0.0,0.0,0.0,0.0,1.0
128733,0,1,3400,-56,56,-796,9.3,15,0.50,48539.683594,0,2.1,8.0,0.0,0.0,0.0,0.0,0.0,0.0,1.0
128982,0,1,3400,-56,56,-796,9.4,16,0.50,114507.937500,0,2.1,8.0,0.0,0.0,0.0,0.0,0.0,0.0,1.0
129231,0,1,3400,-56,56,-797,9.4,15,0.57,61396.824219,7,2.1,11,0.0,23301.587891,0,0.0,0.0,0.0,1.0
129480,0,1,3400,-56,56,-801,13,15,0.50,70253.968750,0,2.1,14,0.0,0.0,0.0,0.0,0.0,0.0,1.0
129729,0,1,3400,-56,56,-799,8.1,15,0.50,70735.179688,0,2.1,14,0.0,0.0,0.0,0.0,0.0,0.0,1.0
129978,0,1,3400,-56,56,-795,11,15,0.74,38063.492188,12,2.1,13,0.0,0.0,0.0,0.0,0.0,0.0,1.0
130227,0,1,3400,-56,56,-799,10,14,0.58,64063.492188,7,2.1,8.3,0.0,23841.269531,36,0.0,0.0,0.0,1.0
130476,0,1,3400,-56,56,-801,10,15,0.50,48857.144531,0,2.1,0.0,0.0,0.0,0.0,0.0,0.0,0.0,1.0
130725,0,1,3400,-56,56,-802,9.6,14,0.90,69691.703125,7,2.1,0.0,0.0,0.0,0.0,0.0,0.0,0.0,1.0
130974,0,1,3400,-56,56,-797,11,16,0.75,49428.570312,9,2.1,0.0,0.0,0.0,0.0,0.0,0.0,0.0,1.0
131223,0,1,3400,-56,56,-795,12,15,0.61,42000.000000,0,2.1,7.9,0.0,287365.093750,58,0.0,0.0,0.0,1.0
131472,0,1,3400,-56,56,-796,12,15,0.56,48507.937500,9,2.1,16,0.0,0.0,0.0,0.0,0.0,0.0,1.0
131721,0,1,3400,-56,56,-800,11,15,0.60,65897.234375,8,2.1,16,0.0,0.0,0.0,0.0,0.0,0.0,1.0
131970,0,1,3400,-56,56,-802,9.7,14,0.50,32444.445312,0,2.1,16,0.0,0.0,0.0,0.0,0.0,0.0,1.0
132219,0,1,3400,-56,56,-793,12,15,0.50,27079.365234,0,2.1,7.5,0.0,12095.238281,0,0.0,0.0,0.0,1.0
132468,0,1,3400,-56,56,-798,12,15,0.50,48031.621094,0,2.1,0.0,0.0,0.0,0.0,0.0,0.0,0.0,1.0
132717,0,1,3400,-56,56,-798,12,15,0.50,48476.191406,0,2.1,0.0,0.0,0.0,0.0,0.0,0.0,0.0,1.0
132966,0,1,3400,-56,56,-794,9.9,14,0.91,60095.238281,7,2.1,0.0,0.0,0.0,0.0,0.0,0.0,0.0,1.0
133215,0,1,3400,-56,56,-796,11,15,0.96,45936.507812,18,2.1,0.0,0.0,8095.238281,0,0.0,0.0,0.0,1.0
133464,0,1,3400,-56,56,-797,10,15,0.88,64126.480469,6,2.1,0.0,0.0,0.0,0.0,0.0,0.0,0.0,1.0
133713,0,1,3400,-56,56,-789,9.4,14,0.63,86412.695312,6,2.1,0.0,0.0,0.0,0.0,0.0,0.0,0.0,1.0
133962,0,1,3400,-56,56,-798,10,14,0.53,65555.554688,0,2.1,0.0,0.0,0.0,0.0,0.0,0.0,0.0,1.0
134211,0,1,3400,-56,56,-798,10.0,15,1.2,27206.349609,12,2.1,5.1,0.0,59206.347656,50,0.0,0.0,0.0,1.0
134460,0,1,3400,-56,56,-795,10,15,0.54,52571.429688,0,2.1,16,0.0,0.0,0.0,0.0,0.0,0.0,1.0
134709,0,1,3400,-56,56,-796,9.0,15,0.55,54387.351562,0,2.1,16,0.0,0.0,0.0,0.0,0.0,0.0,1.0
134958,0,1,3400,-56,56,-802,12,14,0.63,54666.667969,0,2.1,16,0.0,0.0,0.0,0.0,0.0,0.0,1.0
135207,0,1,3400,-56,56,-793,11,15,0.50,32952.382812,0,2.1,15,0.0,9746.032227,0,0.0,0.0,0.0,1.0
135456,0,1,3400,-56,56,-792,11,16,0.99,56285.714844,8,2.1,14,0.0,0.0,0.0,0.0,0.0,0.0,1.0
135705,0,1,3400,-56,56,-800,8.0,15,0.50,44458.496094,10,2.1,14,0.0,0.0,0.0,0.0,0.0,0.0,1.0
135954,0,1,3400,-56,56,-794,11,15,1.3,65650.796875,0,2.1,15,0.0,0.0,0.0,0.0,0.0,0.0,1.0
136203,0,1,3400,-56,56,-796,11,15,0.50,62412.699219,0,2.1,13,0.0,23841.269531,36,0.0,0.0,0.0,1.0
136452,0,1,3400,-56,56,-799,10.0,15,0.56,65269.839844,0,2.1,0.0,0.0,0.0,0.0,0.0,0.0,0.0,1.0
136701,0,1,3400,-56,56,-801,11,15,0.54,86355.734375,0,2.1,0.0,0.0,0.0,0.0,0.0,0.0,0.0,1.0
136950,0,1,3400,-56,56,-799,12,15,0.98,32317.460938,12,2.1,0.0,0.0,0.0,0.0,0.0,0.0,0.0,1.0
137199,0,1,3400,-56,56,-801,10,15,0.58,118825.398438,4,2.1,0.81,0.0,17047.619141,37,0.0,0.0,0.0,1.0
137448,0,1,3400,-56,56,-798,10.0,15,0.68,65422.925781,7,2.1,0.0,0.0,0.0,0.0,0.0,0.0,0.0,1.0
137697,0,1,3400,-56,56,-794,11,15,2.1,56190.476562,9,2.1,0.0,0.0,0.0,0.0,0.0,0.0,0.0,1.0
137946,0,1,3400,-56,56,-798,11,14,0.99,63206.347656,8,2.1,0.0,0.0,0.0,0.0,0.0,0.0,0.0,1.0
138195,0,1,3400,-56,56,-796,11,15,1.1,21460.318359,20,2.1,0.0,186,0.0,0.0,0.0,0.0,0.0,1.0
138444,0,1,3400,-56,56,-799,12,15,0.77,59794.464844,8,2.1,0.82,0.0,14134.387695,47,0.0,0.0,0.0,1.0
138693,0,1,3400,-56,56,-793,6.9,15,0.50,32380.953125,0,2.1,0.0,0.0,0.0,0.0,0.0,0.0,0.0,1.0
138942,0,1,3400,-56,56,-791,7.8,15,0.50,77587.304688,0,2.1,0.0,0.0,0.0,0.0,0.0,0.0,0.0,1.0
139191,0,1,3400,-56,56,-794,8.8,16,0.50,27333.333984,0,2.1,6.9,0.0,19047.619141,31,0.0,0.0,0.0,1.0
139440,0,1,3400,-56,56,-802,11,15,0.50,53786.562500,0,2.1,13,0.0,0.0,0.0,0.0,0.0,0.0,1.0
139689,0,1,3400,-56,56,-802,12,15,1.3,48730.160156,17,2.1,13,0.0,0.0,0.0,0.0,0.0,0.0,1.0
139938,0,1,3400,-56,56,-803,11,15,1.0,43619.046875,0,2.1,13,0.0,0.0,0.0,0.0,0.0,0.0,1.0
140187,0,1,3400,-56,56,-803,11,15,0.68,59619.046875,0,2.1,8.2,0.0,23714.285156,36,0.0,0.0,0.0,1.0
140436,0,1,3400,-56,56,-796,10.0,15,0.62,74952.382812,5,2.1,0.0,0.0,0.0,0.0,0.0,0.0,0.0,1.0
140685,0,1,3400,-56,56,-794,12,15,0.52,48094.863281,0,2.1,0.0,0.0,0.0,0.0,0.0,0.0,0.0,1.0
140934,0,1,3400,-56,56,-794,11,16,0.72,56920.636719,8,2.1,0.0,0.0,0.0,0.0,0.0,0.0,0.0,1.0
141183,0,1,3400,-56,56,-797,11,15,0.50,49809.523438,0,2.1,0.0,0.0,8095.238281,0,0.0,0.0,0.0,1.0
141432,0,1,3400,-56,56,-803,10,15,0.50,54956.523438,0,2.1,0.0,0.0,0.0,0.0,0.0,0.0,0.0,1.0
141681,0,1,3400,-56,56,-798,10,15,0.89,70253.968750,6,2.1,0.0,0.0,0.0,0.0,0.0,0.0,0.0,1.0
141930,0,1,3400,-56,56,-794,11,14,0.50,59206.347656,0,2.1,0.0,0.0,0.0,0.0,0.0,0.0,0.0,1.0
142179,0,1,3400,-56,56,-794,12,16,0.50,48285.714844,0,2.1,0.0,0.0,8190.476074,0,0.0,0.0,0.0,1.0
142428,0,1,3400,-56,56,-801,9.9,15,0.50,54324.109375,0,2.1,0.0,0.0,0.0,0.0,0.0,0.0,0.0,1.0
142677,0,1,3400,-56,56,-804,11,15,0.50,53904.761719,0,2.1,0.0,0.0,0.0,0.0,0.0,0.0,0.0,1.0
142926,0,1,3400,-56,56,-799,10,15,0.64,50126.984375,15,2.1,0.0,0.0,0.0,0.0,0.0,0.0,0.0,1.0
143175,0,1,3400,-56,56,-797,8.6,15,0.82,50571.429688,0,2.1,7.0,0.0,113555.554688,26,0.0,0.0,0.0,1.0
143424,0,1,3400,-56,56,-796,12,15,0.50,42339.921875,0,2.1,14,0.0,0.0,0.0,0.0,0.0,0.0,1.0
143673,0,1,3400,-56,56,-794,10,14,0.50,92984.125000,0,2.1,14,0.0,0.0,0.0,0.0,0.0,0.0,1.0
143922,0,1,3400,-56,56,-798,8.5,15,0.57,60285.714844,0,2.1,15,0.0,0.0,0.0,0.0,0.0,0.0,1.0
144171,0,1,3400,-56,56,-794,13,15,0.50,75460.320312,0,2.1,7.6,0.0,12412.698242,36,0.0,0.0,0.0,1.0
144420,0,1,3400,-56,56,-800,8.2,15,0.50,43889.328125,0,2.1,0.0,0.0,0.0,0.0,0.0,0.0,0.0,1.0
144669,0,1,3400,-56,56,-800,10.0,15,0.50,59396.824219,0,2.1,0.0,0.0,0.0,0.0,0.0,0.0,0.0,1.0
144918,0,1,3400,-56,56,-803,12,15,0.55,97301.585938,0,2.1,0.0,0.0,0.0,0.0,0.0,0.0,0.0,1.0
145167,0,1,3400,-56,56,-808,12,15,1.3,43936.507812,11,2.1,0.82,0.0,12412.698242,36,0.0,0.0,0.0,1.0
145416,0,1,3400,-56,56,-798,8.6,15,0.70,44490.117188,9,2.1,0.0,0.0,0.0,0.0,0.0,0.0,0.0,1.0
145665,0,1,3400,-56,56,-794,8.8,15,1.2,16349.206055,0,2.1,0.0,0.0,0.0,0.0,0.0,0.0,0.0,1.0
145914,0,1,3400,-56,56,-795,9.4,16,0.63,96317.460938,0,2.1,0.0,0.0,0.0,0.0,0.0,0.0,0.0,1.0
146163,0,1,3400,-56,56,-797,12,15,0.50,86007.906250,0,2.1,0.81,0.0,12363.636719,36,0.0,0.0,0.0,1.0
146412,0,1,3400,-56,56,-793,9.9,15,0.50,54920.636719,0,2.1,0.0,0.0,0.0,0.0,0.0,0.0,0.0,1.0
146661,0,1,3400,-56,56,-799,11,15,0.92,34285.714844,25,2.1,0.0,0.0,0.0,0.0,0.0,0.0,0.0,1.0
146910,0,1,3400,-56,56,-791,10,14,1.1,76952.382812,13,2.1,0.0,0.0,0.0,0.0,0.0,0.0,0.0,1.0
147159,0,1,3400,-56,56,-790,9.6,14,0.50,61809.523438,0,2.1,1.4,0.0,17746.031250,0,0.0,0.0,0.0,1.0
147408,0,1,3400,-56,56,-797,10,14,0.50,61301.585938,0,2.1,1.0,0.0,0.0,0.0,0.0,0.0,0.0,1.0
147657,0,1,3400,-56,56,-802,9.1,16,0.50,38102.765625,0,2.1,1.00,0.0,0.0,0.0,0.0,0.0,0.0,1.0
147906,0,1,3400,-56,56,-799,11,15,0.50,49809.523438,0,2.1,1.0,0.0,0.0,0.0,0.0,0.0,0.0,1.0
148155,0,1,3400,-56,56,-801,13,15,0.50,43174.601562,0,2.1,7.3,0.0,6666.666504,50,0.0,0.0,0.0,1.0
148404,0,1,3400,-56,56,-803,9.1,16,0.50,65841.273438,0,2.1,21,0.0,0.0,0.0,0.0,0.0,0.0,1.0
148653,0,1,3400,-56,56,-800,12,15,1.7,36901.187500,22,2.1,21,0.0,0.0,0.0,0.0,0.0,0.0,1.0
148902,0,1,3400,-56,56,-805,9.9,14,0.73,27111.111328,12,2.1,21,0.0,0.0,0.0,0.0,0.0,0.0,1.0
149151,0,1,3400,-56,56,-794,11,15,1.2,44063.492188,10,2.1,17,0.0,23301.587891,0,0.0,0.0,0.0,1.0
149400,0,1,3400,-56,56,-797,11,15,0.50,109786.562500,0,2.1,13,0.0,0.0,0.0,0.0,0.0,0.0,1.0
149649,0,1,3400,-56,56,-800,9.0,15,0.50,89079.367188,0,2.1,14,0.0,0.0,0.0,0.0,0.0,0.0,1.0
149898,0,1,3400,-56,56,-800,11,15,0.50,36920.636719,0,2.1,14,0.0,0.0,0.0,0.0,0.0,0.0,1.0
150147,0,1,3400,-56,56,-800,12,15,0.50,64888.890625,0,2.1,14,0.0,0.0,80,0.0,0.0,0.0,1.0
150396,0,1,3400,-56,56,-799,9.9,15,0.74,48537.550781,0,2.1,15,0.0,0.0,0.0,0.0,0.0,0.0,1.0
150645,0,1,3400,-56,56,-799,9.8,14,0.63,82698.414062,6,2.1,15,0.0,0.0,0.0,0.0,0.0,0.0,1.0
150894,0,1,3400,-56,56,-796,13,15,0.80,33079.363281,12,2.1,15,0.0,0.0,0.0,0.0,0.0,0.0,1.0
151143,0,1,3400,-56,56,-803,11,15,0.64,86158.726562,5,2.1,8.1,0.0,81809.523438,13,0.0,0.0,0.0,1.0
151392,0,1,3400,-56,56,-800,11,15,0.61,75288.539062,0,2.1,2.0,0.0,0.0,0.0,0.0,0.0,0.0,1.0
151641,0,1,3400,-56,56,-792,9.0,16,0.64,60698.414062,8,2.1,2.0,0.0,0.0,0.0,0.0,0.0,0.0,1.0
151890,0,1,3400,-56,56,-792,11,14,0.53,44444.445312,0,2.1,2.0,0.0,0.0,0.0,0.0,0.0,0.0,1.0
152139,0,1,3400,-56,56,-794,11,15,0.50,60412.699219,0,2.1,8.1,0.0,12158.730469,0,0.0,0.0,0.0,1.0
152388,0,1,3400,-56,56,-801,9.7,14,0.77,87177.867188,5,2.1,14,0.0,0.0,0.0,0.0,0.0,0.0,1.0
152637,0,1,3400,-56,56,-797,8.5,15,0.50,38190.476562,0,2.1,14,0.0,0.0,0.0,0.0,0.0,0.0,1.0
152886,0,1,3400,-56,56,-800,12,16,0.50,37809.523438,0,2.1,14,0.0,0.0,0.0,0.0,0.0,0.0,1.0
153135,0,1,3400,-56,56,-791,11,15,0.50,42984.128906,0,2.1,8.7,0.0,23714.285156,36,0.0,0.0,0.0,1.0
153384,0,1,3400,-56,56,-797,7.2,15,0.50,87019.765625,0,2.1,0.0,0.0,0.0,0.0,0.0,0.0,0.0,1.0
153633,0,1,3400,-56,56,-802,8.9,14,0.55,38952.382812,0,2.1,0.0,0.0,0.0,0.0,0.0,0.0,0.0,1.0
153882,0,1,3400,-56,56,-798,9.2,15,0.51,54095.238281,0,2.1,0.0,0.0,0.0,0.0,0.0,0.0,0.0,1.0
154131,0,1,3400,-56,56,-793,10,14,0.50,21968.253906,0,2.1,0.82,0.0,13523.809570,0,0.0,0.0,0.0,1.0
154380,0,1,3400,-56,56,-798,9.8,15,0.50,64664.031250,0,2.1,0.0,0.0,0.0,0.0,0.0,0.0,0.0,1.0
154629,0,1,3400,-56,56,-803,9.0,15,0.50,16857.142578,0,2.1,0.0,0.0,0.0,0.0,0.0,0.0,0.0,1.0
154878,0,1,3400,-56,56,-795,9.8,14,0.57,98539.679688,5,2.1,0.0,0.0,0.0,0.0,0.0,0.0,0.0,1.0
155127,0,1,3400,-56,56,-794,13,14,0.50,54222.222656,0,2.1,0.82,0.0,12412.698242,36,0.0,0.0,0.0,1.0
155376,0,1,3400,-56,56,-801,9.9,14,0.50,60730.160156,0,2.1,0.0,0.0,0.0,0.0,0.0,0.0,0.0,1.0
155625,0,1,3400,-56,56,-796,10.0,15,0.50,77849.804688,0,2.1,0.0,0.0,0.0,0.0,0.0,0.0,0.0,1.0
155874,0,1,3400,-56,56,-794,11,14,0.50,66158.726562,0,2.1,0.064,0.0,0.0,0.0,0.0,0.0,0.0,1.0
156123,0,1,3400,-56,56,-798,9.4,15,0.68,60063.492188,7,2.1,6.2,0.0,15460.317383,0,0.0,0.0,0.0,1.0
156372,0,1,3400,-56,56,-798,9.4,14,0.50,49612.648438,0,2.1,13,0.0,0.0,0.0,0.0,0.0,0.0,1.0
156621,0,1,3400,-56,56,-799,10.0,15,0.89,5365.079590,50,2.1,12,0.0,0.0,0.0,0.0,0.0,0.0,1.0
156870,0,1,3400,-56,56,-800,10,14,0.50,27841.269531,0,2.1,12,0.0,0.0,0.0,0.0,0.0,0.0,1.0
157119,0,1,3400,-56,56,-804,11,15,0.56,49301.585938,10,2.1,7.9,0.0,23841.269531,36,0.0,0.0,0.0,1.0
157368,0,1,3400,-56,56,-800,12,15,0.60,70260.867188,0,2.1,0.0,0.0,0.0,0.0,0.0,0.0,0.0,1.0
157617,0,1,3400,-56,56,-801,11,14,0.62,58476.191406,0,2.1,0.0,0.0,0.0,0.0,0.0,0.0,0.0,1.0
157866,0,1,3400,-56,56,-794,15,15,0.63,75714.289062,6,2.1,0.0,0.0,0.0,0.0,0.0,0.0,0.0,1.0
158115,0,1,3400,-56,56,-794,9.5,15,0.53,54761.906250,0,2.1,0.82,0.0,12412.698242,36,0.0,0.0,0.0,1.0
158364,0,1,3400,-56,56,-792,10,15,0.97,54071.144531,8,2.1,0.0,0.0,0.0,0.0,0.0,0.0,0.0,1.0
158613,0,1,3400,-56,56,-797,9.3,15,0.67,77841.273438,6,2.1,0.0,0.0,0.0,0.0,0.0,0.0,0.0,1.0
158862,0,1,3400,-56,56,-797,7.3,15,0.50,55746.031250,0,2.1,0.0,0.0,0.0,0.0,0.0,0.0,0.0,1.0
159111,0,1,3400,-56,56,-797,10,15,0.50,43396.824219,0,2.1,5.1,0.0,169809.531250,60,0.0,0.0,0.0,1.0
159360,0,1,3400,-56,56,-804,6.2,15,0.50,38229.250000,0,2.1,16,0.0,0.0,0.0,0.0,0.0,0.0,1.0
159609,0,1,3400,-56,56,-800,8.1,15,0.50,70317.460938,0,2.1,16,0.0,0.0,0.0,0.0,0.0,0.0,1.0
159858,0,1,3400,-56,56,-797,12,15,0.75,63682.539062,7,2.1,16,0.0,0.0,0.0,0.0,0.0,0.0,1.0
160107,0,1,3400,-56,56,-796,13,15,1.5,48094.863281,10,2.1,15,0.0,243446.640625,68,0.0,0.0,0.0,1.0
160356,0,1,3400,-56,56,-795,12,14,1.1,71079.367188,7,2.1,16,0.0,0.0,0.0,0.0,0.0,0.0,1.0
160605,0,1,3400,-56,56,-799,8.8,15,0.97,52539.683594,0,2.1,16,0.0,0.0,0.0,0.0,0.0,0.0,1.0
160854,0,1,3400,-56,56,-795,9.2,14,0.50,27460.318359,0,2.1,16,0.0,0.0,0.0,0.0,0.0,0.0,1.0
161103,0,1,3400,-56,56,-798,11,15,0.50,43555.554688,0,2.1,13,0.0,14190.476562,36,0.0,0.0,0.0,1.0
161352,0,1,3400,-56,56,-790,8.3,15,0.50,32980.238281,0,2.1,0.0,0.0,4332.015625,0,0.0,0.0,0.0,1.0
161601,0,1,3400,-56,56,-800,9.0,15,0.56,37904.761719,11,2.1,0.0,0.0,0.0,0.0,0.0,0.0,0.0,1.0
161850,0,1,3400,-56,56,-805,6.1,15,0.65,87142.859375,0,2.1,0.0,0.0,0.0,0.0,0.0,0.0,0.0,1.0
162099,0,1,3400,-56,56,-807,8.3,14,0.74,88634.921875,0,2.1,0.0,0.0,8000.000000,0,0.0,0.0,0.0,1.0
162348,0,1,3400,-56,56,-800,11,15,0.60,53881.421875,8,2.1,0.0,0.0,0.0,0.0,0.0,0.0,0.0,1.0
162597,0,1,3400,-56,56,-801,12,15,0.50,33206.347656,0,2.1,0.0,0.0,0.0,0.0,0.0,0.0,0.0,1.0
162846,0,1,3400,-56,56,-801,10.0,15,0.50,60158.730469,0,2.1,0.0,0.0,0.0,0.0,0.0,0.0,0.0,1.0
163095,0,1,3400,-56,56,-796,10,15,0.59,43604.742188,0,2.1,8.4,0.0,190545.453125,59,0.0,0.0,0.0,1.0
163344,0,1,3400,-56,56,-799,14,15,0.50,86349.203125,0,2.1,16,0.0,0.0,0.0,0.0,0.0,0.0,1.0
163593,0,1,3400,-56,56,-796,6.7,15,0.50,49587.300781,0,2.1,16,0.0,0.0,0.0,0.0,0.0,0.0,1.0
163842,0,1,3400,-56,56,-798,7.4,15,1.0,42666.667969,6,2.1,16,0.0,0.0,0.0,0.0,0.0,0.0,1.0
164091,0,1,3400,-56,56,-800,10,15,0.50,43003.953125,0,2.1,16,0.0,244047.437500,53,0.0,0.0,0.0,1.0
164340,0,1,3400,-56,56,-794,12,15,0.50,54412.699219,0,2.1,16,0.0,0.0,0.0,0.0,0.0,0.0,1.0
164589,0,1,3400,-56,56,-792,10,14,0.82,61746.031250,19,2.1,16,0.0,0.0,0.0,0.0,0.0,0.0,1.0
164838,0,1,3400,-56,56,-796,8.7,15,0.50,66412.695312,0,2.1,16,0.0,0.0,0.0,0.0,0.0,0.0,1.0
165087,0,1,3400,-56,56,-797,10,15,0.95,62798.417969,14,2.1,13,0.0,12363.636719,36,0.0,0.0,0.0,1.0
165336,0,1,3400,-56,56,-795,11,15,0.50,48888.890625,0,2.1,0.0,0.0,0.0,0.0,0.0,0.0,0.0,1.0
165585,0,1,3400,-56,56,-791,12,14,0.50,27333.333984,0,2.1,0.0,0.0,0.0,0.0,0.0,0.0,0.0,1.0
165834,0,1,3400,-56,56,-792,10.0,15,0.50,77746.031250,0,2.1,0.0,0.0,0.0,0.0,0.0,0.0,0.0,1.0
166083,0,1,3400,-56,56,-789,11,14,0.50,44015.808594,0,2.1,0.82,0.0,21470.355469,0,0.0,0.0,0.0,1.0
166332,0,1,3400,-56,56,-801,11,15,0.50,49809.523438,0,2.1,0.0,0.0,0.0,0.0,0.0,0.0,0.0,1.0
166581,0,1,3400,-56,56,-804,13,15,0.50,38063.492188,0,2.1,0.0,0.0,0.0,0.0,0.0,0.0,0.0,1.0
166830,0,1,3400,-56,56,-789,9.1,15,0.50,70317.460938,0,2.1,0.0,0.0,0.0,0.0,0.0,0.0,0.0,1.0
167079,0,1,3400,-56,56,-795,12,15,0.91,54197.628906,17,2.1,0.0,0.0,8063.241211,0,0.0,0.0,0.0,1.0
167328,0,1,3400,-56,56,-799,10,15,1.0,53523.808594,8,2.1,0.0,0.0,0.0,0.0,0.0,0.0,0.0,1.0
167577,0,1,3400,-56,56,-802,10,15,0.67,51619.046875,8,2.1,0.0,0.0,0.0,0.0,0.0,0.0,0.0,1.0
167826,0,1,3400,-56,56,-798,7.9,14,0.63,64126.984375,11,2.1,0.0,0.0,0.0,0.0,0.0,0.0,0.0,1.0
168075,0,1,3400,-56,56,-798,10,15,1.3,54956.523438,9,2.1,7.9,0.0,207304.343750,65,0.0,0.0,0.0,1.0
168324,0,1,3400,-56,56,-803,12,16,0.50,26571.427734,0,2.1,16,0.0,0.0,0.0,0.0,0.0,0.0,1.0
168573,0,1,3400,-56,56,-801,11,15,0.66,89936.507812,4,2.1,16,0.0,0.0,0.0,0.0,0.0,0.0,1.0
168822,0,1,3400,-56,56,-802,11,15,0.63,46317.460938,17,2.1,16,0.0,0.0,0.0,0.0,0.0,0.0,1.0
169071,0,1,3400,-56,56,-801,10,15,0.88,69723.320312,7,2.1,10,0.0,7968.379395,0,0.0,0.0,0.0,1.0
169320,0,1,3400,-56,56,-791,11,15,0.84,49301.585938,0,2.1,0.0,0.0,0.0,0.0,0.0,0.0,0.0,1.0
169569,0,1,3400,-56,56,-795,11,15,0.83,80857.140625,6,2.1,0.0,0.0,0.0,0.0,0.0,0.0,0.0,1.0
169818,0,1,3400,-56,56,-800,13,16,0.50,53904.761719,0,2.1,0.0,0.0,0.0,0.0,0.0,0.0,0.0,1.0
170067,0,1,3400,-56,56,-796,12,15,0.54,64253.968750,7,2.1,2.2,0.0,10507.936523,36,0.0,0.0,0.0,1.0
170316,0,1,3400,-56,56,-802,11,14,0.57,66245.062500,0,2.1,0.0,0.0,0.0,0.0,0.0,0.0,0.0,1.0
170565,0,1,3400,-56,56,-799,11,14,0.50,76761.906250,0,2.1,0.0,0.0,0.0,0.0,0.0,0.0,0.0,1.0
170814,0,1,3400,-56,56,-796,10,15,0.57,27333.333984,17,2.1,0.0,0.0,0.0,0.0,0.0,0.0,0.0,1.0
171063,0,1,3400,-56,56,-800,11,16,0.77,43351.777344,10,2.1,0.82,0.0,12363.636719,36,0.0,0.0,0.0,1.0
171312,0,1,3400,-56,56,-801,12,15,0.79,82698.414062,6,2.1,0.0,0.0,0.0,0.0,0.0,0.0,0.0,1.0
171561,0,1,3400,-56,56,-801,11,16,0.50,54349.207031,0,2.1,0.0,0.0,0.0,0.0,0.0,0.0,0.0,1.0
171810,0,1,3400,-56,56,-797,9.2,15,0.50,70798.421875,0,2.1,0.0,0.0,0.0,0.0,0.0,0.0,0.0,1.0
172059,0,1,3400,-56,56,-805,10,15,0.50,64285.714844,0,2.1,5.2,0.0,19809.523438,44,0.0,0.0,0.0,1.0
172308,0,1,3400,-56,56,-797,10,15,0.50,38825.398438,0,2.1,0.0,0.0,0.0,0.0,0.0,0.0,0.0,1.0
172557,0,1,3400,-56,56,-791,9.9,15,0.50,60888.890625,0,2.1,0.0,0.0,0.0,0.0,0.0,0.0,0.0,1.0
172806,0,1,3400,-56,56,-800,10,15,0.50,27841.269531,0,2.1,0.0,0.0,0.0,0.0,0.0,0.0,0.0,1.0
173055,0,1,3400,-56,56,-802,8.6,15,0.50,49328.062500,0,2.1,0.82,0.0,13470.355469,0,0.0,0.0,0.0,1.0
173304,0,1,3400,-56,56,-800,11,15,0.50,59904.761719,0,2.1,0.0,0.0,0.0,0.0,0.0,0.0,0.0,1.0
173553,0,1,3400,-56,56,-795,9.9,15,0.84,66666.664062,8,2.1,0.0,0.0,0.0,0.0,0.0,0.0,0.0,1.0
173802,0,1,3400,-56,56,-797,7.4,14,0.50,27383.398438,0,2.1,0.0,0.0,0.0,0.0,0.0,0.0,0.0,1.0
174051,0,1,3400,-56,56,-798,8.8,15,0.50,113873.015625,0,2.1,0.82,0.0,12412.698242,36,0.0,0.0,0.0,1.0
174300,0,1,3400,-56,56,-798,10,15,0.78,48476.191406,8,2.1,0.0,0.0,0.0,0.0,0.0,0.0,0.0,1.0
174549,0,1,3400,-56,56,-798,8.7,15,0.90,43523.808594,0,2.1,0.0,0.0,0.0,0.0,0.0,0.0,0.0,1.0
174798,0,1,3400,-56,56,-801,7.1,15,0.50,27415.019531,0,2.1,0.0,0.0,0.0,0.0,0.0,0.0,0.0,1.0
175047,0,1,3400,-56,56,-806,8.8,15,0.50,61492.062500,0,2.1,1.5,0.0,7238.095215,53,0.0,0.0,0.0,1.0
175296,0,1,3400,-56,56,-799,8.9,15,0.50,72285.710938,0,2.1,0.0,0.0,0.0,0.0,0.0,0.0,0.0,1.0
175545,0,1,3400,-56,56,-798,12,15,0.52,85555.554688,0,2.1,0.0,0.0,0.0,0.0,0.0,0.0,0.0,1.0
175794,0,1,3400,-56,56,-790,12,15,0.50,43256.917969,0,2.1,0.0,0.0,0.0,0.0,0.0,0.0,0.0,1.0
176043,0,1,3400,-56,56,-795,10,14,0.50,93460.320312,0,2.1,7.2,0.0,23301.587891,0,0.0,0.0,0.0,1.0
176292,0,1,3400,-56,56,-803,14,15,0.75,59365.078125,8,2.1,14,0.0,0.0,0.0,0.0,0.0,0.0,1.0
176541,0,1,3400,-56,56,-803,10,15,0.55,82285.710938,6,2.1,14,0.0,0.0,0.0,0.0,0.0,0.0,1.0
176790,0,1,3400,-56,56,-803,11,15,0.51,58118.578125,0,2.1,14,0.0,0.0,0.0,0.0,0.0,0.0,1.0
177039,0,1,3400,-56,56,-803,13,15,0.50,50262.949219,0,2.1,9.0,0.0,14788.844727,31,0.0,0.0,0.0,1.0
177288,0,1,3400,-56,56,-800,10,14,1.4,61185.769531,20,2.1,1.00,0.0,0.0,0.0,0.0,0.0,0.0,1.0
177537,0,1,3400,-56,56,-795,11,15,0.50,38571.429688,0,2.1,1.0,0.0,0.0,0.0,0.0,0.0,0.0,1.0
177786,0,1,3400,-56,56,-787,8.2,15,0.50,37596.839844,0,2.1,1.0,0.0,0.0,0.0,0.0,0.0,0.0,1.0
178035,0,1,3400,-56,56,-791,8.5,14,0.64,60666.667969,8,2.1,3.6,0.0,23301.587891,0,0.0,0.0,0.0,1.0
178284,0,1,3400,-56,56,-798,9.0,15,0.53,44634.921875,0,2.1,14,0.0,0.0,0.0,0.0,0.0,0.0,1.0
178533,0,1,3400,-56,56,-795,9.3,15,0.50,39079.363281,0,2.1,14,0.0,0.0,0.0,0.0,0.0,0.0,1.0
178782,0,1,3400,-56,56,-793,9.6,15,0.50,43636.363281,0,2.1,14,0.0,0.0,0.0,0.0,0.0,0.0,1.0
179031,0,1,3400,-56,56,-794,10,15,0.50,49238.093750,0,2.1,13,0.0,23301.587891,0,0.0,0.0,0.0,1.0
179280,0,1,3400,-56,56,-799,13,15,1.6,37555.554688,12,2.1,14,0.0,0.0,0.0,0.0,0.0,0.0,1.0
179529,0,1,3400,-56,56,-801,12,15,0.60,43682.539062,0,2.1,14,0.0,0.0,0.0,0.0,0.0,0.0,1.0
179778,0,1,3400,-56,56,-798,9.8,15,0.50,65011.859375,0,2.1,13,0.0,0.0,0.0,0.0,0.0,0.0,1.0
180027,0,1,3400,-56,56,-799,10,15,0.50,38158.730469,0,2.1,15,0.0,71333.335938,55,0.0,0.0,0.0,1.0
180276,0,1,3400,-56,56,-799,11,15,1.0,65015.871094,6,2.1,16,0.0,0.0,0.0,0.0,0.0,0.0,1.0
180525,0,1,3400,-56,56,-797,13,15,1.3,48285.714844,0,2.1,16,0.0,0.0,0.0,0.0,0.0,0.0,1.0
180774,0,1,3400,-56,56,-800,9.0,15,0.50,43320.156250,0,2.1,16,0.0,0.0,0.0,0.0,0.0,0.0,1.0
181023,0,1,3400,-56,56,-798,12,15,0.50,59111.109375,0,2.1,9.6,0.0,29968.253906,33,0.0,0.0,0.0,1.0
181272,0,1,3400,-56,56,-798,11,14,0.83,27714.285156,14,2.1,0.0,0.0,0.0,0.0,0.0,0.0,0.0,1.0
181521,0,1,3400,-56,56,-794,12,15,0.50,65396.824219,0,2.1,0.064,0.0,0.0,0.0,0.0,0.0,0.0,1.0
181770,0,1,3400,-56,56,-798,11,14,0.60,86229.250000,6,2.1,0.0,0.0,0.0,0.0,0.0,0.0,0.0,1.0
182019,0,1,3400,-56,56,-803,13,15,0.63,65142.855469,8,2.1,0.24,0.0,12380.952148,0,0.0,0.0,0.0,1.0
182268,0,1,3400,-56,56,-800,9.0,14,0.50,77015.875000,0,2.1,0.50,0.0,0.0,0.0,0.0,0.0,0.0,1.0
182517,0,1,3400,-56,56,-799,10,14,0.50,110292.492188,0,2.1,0.50,0.0,0.0,0.0,0.0,0.0,0.0,1.0
182766,0,1,3400,-56,56,-800,12,14,0.50,44444.445312,0,2.1,0.50,0.0,0.0,0.0,0.0,0.0,0.0,1.0
183015,0,1,3400,-56,56,-804,12,15,0.50,47619.046875,0,2.1,2.5,0.0,23841.269531,36,0.0,0.0,0.0,1.0
183264,0,1,3400,-56,56,-800,10.0,15,0.53,27333.333984,0,2.1,0.0,0.0,0.0,0.0,0.0,0.0,0.0,1.0
183513,0,1,3400,-56,56,-802,13,15,1.1,63809.523438,13,2.1,0.0,0.0,0.0,0.0,0.0,0.0,0.0,1.0
183762,0,1,3400,-56,56,-801,9.7,14,0.93,70292.492188,0,2.1,0.0,0.0,0.0,0.0,0.0,0.0,0.0,1.0
184011,0,1,3400,-56,56,-799,12,15,0.57,81365.078125,6,2.1,0.0,0.0,16126.984375,0,0.0,0.0,0.0,1.0
184260,0,1,3400,-56,56,-801,9.9,15,0.53,49079.363281,0,2.1,0.0,0.0,0.0,0.0,0.0,0.0,0.0,1.0
184509,0,1,3400,-56,56,-802,10.0,15,0.50,77849.804688,0,2.1,0.0,0.0,0.0,0.0,0.0,0.0,0.0,1.0
184758,0,1,3400,-56,56,-796,10,15,0.69,70349.203125,7,2.1,0.0,0.0,0.0,0.0,0.0,0.0,0.0,1.0
185007,0,1,3400,-56,56,-802,14,15,0.54,49142.855469,0,2.1,0.0,0.0,16126.984375,0,0.0,0.0,0.0,1.0
185256,0,1,3400,-56,56,-795,12,14,1.1,54920.636719,17,2.1,0.0,0.0,0.0,0.0,0.0,0.0,0.0,1.0
185505,0,1,3400,-56,56,-791,11,14,0.72,55114.625000,9,2.1,0.0,0.0,0.0,0.0,0.0,0.0,0.0,1.0
185754,0,1,3400,-56,56,-799,11,15,0.51,65269.839844,0,2.1,0.0,0.0,0.0,0.0,0.0,0.0,0.0,1.0
186003,0,1,3400,-56,56,-797,12,15,0.56,75587.304688,0,2.1,7.2,0.0,12158.730469,0,0.0,0.0,0.0,1.0
186252,0,1,3400,-56,56,-793,9.9,16,0.58,60349.207031,8,2.1,14,0.0,0.0,0.0,0.0,0.0,0.0,1.0
186501,0,1,3400,-56,56,-802,8.0,15,0.50,55146.246094,0,2.1,14,0.0,0.0,0.0,0.0,0.0,0.0,1.0
186750,0,1,3400,-56,56,-801,10.0,16,0.58,39936.507812,10,2.1,14,0.0,0.0,0.0,0.0,0.0,0.0,1.0
186999,0,1,3400,-56,56,-803,12,15,0.78,75047.617188,6,2.1,14,0.0,278666.656250,64,0.0,0.0,0.0,1.0
187248,0,1,3400,-56,56,-796,12,15,0.50,21714.285156,0,2.1,16,0.0,0.0,0.0,0.0,0.0,0.0,1.0
187497,0,1,3400,-56,56,-797,12,14,0.50,22134.386719,0,2.1,16,0.0,0.0,0.0,0.0,0.0,0.0,1.0
187746,0,1,3400,-56,56,-798,12,15,0.50,59523.808594,0,2.1,16,0.0,0.0,0.0,0.0,0.0,0.0,1.0
187995,0,1,3400,-56,56,-798,13,15,0.50,69492.062500,0,2.1,15,0.0,88126.984375,47,0.0,0.0,0.0,1.0
188244,0,1,3400,-56,56,-799,12,15,0.50,38063.492188,0,2.1,16,0.0,0.0,0.0,0.0,0.0,0.0,1.0
188493,0,1,3400,-56,56,-800,10,14,0.50,60634.921875,0,2.1,16,0.0,0.0,0.0,0.0,0.0,0.0,1.0
188742,0,1,3400,-56,56,-797,12,15,0.65,86134.390625,5,2.1,16,0.0,0.0,0.0,0.0,0.0,0.0,1.0
188991,0,1,3400,-56,56,-798,9.6,14,0.54,54761.906250,0,2.1,11,0.0,9111.111328,0,0.0,0.0,0.0,1.0
189240,0,1,3400,-56,56,-801,12,15,0.50,81587.304688,0,2.1,3.5,0.0,0.0,0.0,0.0,0.0,0.0,1.0
189489,0,1,3400,-56,56,-800,11,14,0.70,57269.839844,7,2.1,3.5,0.0,0.0,0.0,0.0,0.0,0.0,1.0
189738,0,1,3400,-56,56,-803,14,16,0.50,47494.070312,0,2.1,3.5,0.0,0.0,0.0,0.0,0.0,0.0,1.0
189987,0,1,3400,-56,56,-799,13,15,0.50,43523.808594,0,2.1,2.5,0.0,7142.856934,36,0.0,0.0,0.0,1.0
190236,0,1,3400,-56,56,-801,11,16,0.52,58984.128906,0,2.1,0.0,0.0,0.0,0.0,0.0,0.0,0.0,1.0
190485,0,1,3400,-56,56,-801,13,15,0.68,80984.125000,6,2.1,0.0,0.0,0.0,0.0,0.0,0.0,0.0,1.0
190734,0,1,3400,-56,56,-799,9.0,14,0.54,65391.304688,7,2.1,0.0,0.0,0.0,0.0,0.0,0.0,0.0,1.0
190983,0,1,3400,-56,56,-804,8.6,15,0.50,49682.539062,0,2.1,0.81,0.0,10253.967773,36,0.0,0.0,0.0,1.0
191232,0,1,3400,-56,56,-798,10,15,0.50,77396.828125,0,2.1,0.0,0.0,0.0,0.0,0.0,0.0,0.0,1.0
191481,0,1,3400,-56,56,-800,12,16,0.53,59269.839844,8,2.1,0.0,0.0,0.0,0.0,0.0,0.0,0.0,1.0
191730,0,1,3400,-56,56,-801,11,15,0.50,54387.351562,0,2.1,0.0,0.0,0.0,0.0,0.0,0.0,0.0,1.0
191979,0,1,3400,-56,56,-798,12,15,0.50,43428.570312,0,2.1,6.2,0.0,15460.317383,0,0.0,0.0,0.0,1.0
192228,0,1,3400,-56,56,-801,12,15,0.65,37936.507812,11,2.1,12,0.0,0.0,0.0,0.0,0.0,0.0,1.0
192477,0,1,3400,-56,56,-798,8.0,15,0.50,49233.203125,0,2.1,12,0.0,0.0,0.0,0.0,0.0,0.0,1.0
192726,0,1,3400,-56,56,-802,12,15,0.50,32952.382812,0,2.1,12,0.0,0.0,0.0,0.0,0.0,0.0,1.0
192975,0,1,3400,-56,56,-797,14,15,0.50,42412.699219,0,2.1,8.0,0.0,10507.936523,36,0.0,0.0,0.0,1.0
193224,0,1,3400,-56,56,-793,13,15,0.73,42761.906250,10,2.1,0.0,0.0,0.0,0.0,0.0,0.0,0.0,1.0
193473,0,1,3400,-56,56,-795,10.0,15,0.54,76888.890625,0,2.1,0.0,0.0,0.0,0.0,0.0,0.0,0.0,1.0
193722,0,1,3400,-56,56,-804,12,15,0.54,77249.015625,6,2.1,0.0,0.0,0.0,0.0,0.0,0.0,0.0,1.0
193971,0,1,3400,-56,56,-803,10,15,0.81,81936.507812,5,2.1,5.9,0.0,15460.317383,50,0.0,0.0,0.0,1.0
194220,0,1,3400,-56,56,-798,10,14,0.50,32952.382812,0,2.1,5.1,0.0,15492.063477,50,0.0,0.0,0.0,1.0
194469,0,1,3400,-56,56,-799,12,15,0.57,64379.445312,8,2.1,0.0,0.0,0.0,0.0,0.0,0.0,0.0,1.0
194718,0,1,3400,-56,56,-802,11,15,0.87,98793.648438,5,2.1,0.0,0.0,0.0,0.0,0.0,0.0,0.0,1.0
194967,0,1,3400,-56,56,-800,8.5,15,0.50,38634.921875,0,2.1,0.0,0.0,8095.238281,0,0.0,0.0,0.0,1.0
195216,0,1,3400,-56,56,-800,12,15,0.50,64888.890625,0,2.1,0.0,0.0,0.0,0.0,0.0,0.0,0.0,1.0
195465,0,1,3400,-56,56,-803,10,15,0.78,38292.488281,22,2.1,0.0,0.0,0.0,0.0,0.0,0.0,0.0,1.0
195714,0,1,3400,-56,56,-799,9.3,14,0.54,72158.726562,0,2.1,0.0,0.0,0.0,0.0,0.0,0.0,0.0,1.0
195963,0,1,3400,-56,56,-797,9.7,15,0.50,66349.203125,0,2.1,6.2,0.0,15460.317383,0,0.0,0.0,0.0,1.0
196212,0,1,3400,-56,56,-797,11,15,0.50,49555.554688,0,2.1,12,0.0,0.0,0.0,0.0,0.0,0.0,1.0
196461,0,1,3400,-56,56,-795,12,15,0.50,53944.664062,0,2.1,12,0.0,0.0,0.0,0.0,0.0,0.0,1.0
196710,0,1,3400,-56,56,-801,13,15,0.50,75682.539062,0,2.1,12,0.0,0.0,0.0,0.0,0.0,0.0,1.0
196959,0,1,3400,-56,56,-805,8.3,15,0.55,43809.523438,0,2.1,8.0,0.0,23714.285156,36,0.0,0.0,0.0,1.0
197208,0,1,3400,-56,56,-803,12,15,1.3,59777.777344,8,2.1,0.0,0.0,0.0,0.0,0.0,0.0,0.0,1.0
197457,0,1,3400,-56,56,-802,8.8,14,0.50,27098.814453,0,2.1,0.0,0.0,0.0,0.0,0.0,0.0,0.0,1.0
197706,0,1,3400,-56,56,-806,9.9,15,0.53,50539.683594,9,2.1,0.0,0.0,0.0,0.0,0.0,0.0,0.0,1.0
197955,0,1,3400,-56,56,-803,12,15,0.50,38000.000000,0,2.1,7.9,0.0,337841.281250,58,0.0,0.0,0.0,1.0
198204,0,1,3400,-56,56,-801,12,15,0.50,96252.960938,0,2.1,16,0.0,0.0,0.0,0.0,0.0,0.0,1.0
198453,0,1,3400,-56,56,-798,12,15,0.58,81746.031250,6,2.1,16,0.0,0.0,0.0,0.0,0.0,0.0,1.0
198702,0,1,3400,-56,56,-804,11,15,0.86,54539.683594,9,2.1,16,0.0,0.0,0.0,0.0,0.0,0.0,1.0
198951,0,1,3400,-56,56,-795,12,15,0.50,54920.636719,0,2.1,13,0.0,13809.523438,36,0.0,0.0,0.0,1.0
199200,0,1,3400,-56,56,-796,11,15,0.50,60300.394531,0,2.1,12,0.0,0.0,0.0,0.0,0.0,0.0,1.0
199449,0,1,3400,-56,56,-794,11,15,1.1,48730.160156,17,2.1,12,0.0,0.0,0.0,0.0,0.0,0.0,1.0
199698,0,1,3400,-56,56,-804,7.4,15,0.56,77460.320312,0,2.1,12,0.0,0.0,0.0,0.0,0.0,0.0,1.0
199947,0,1,3400,-56,56,-796,7.6,15,0.95,22698.412109,14,2.1,13,0.0,0.0,80,0.0,0.0,0.0,1.0
200196,0,1,3400,-56,56,-795,11,15,0.79,54102.765625,0,2.1,14,0.0,0.0,0.0,0.0,0.0,0.0,1.0
200445,0,1,3400,-56,56,-792,10,15,0.63,59396.824219,0,2.1,14,0.0,0.0,0.0,0.0,0.0,0.0,1.0
200694,0,1,3400,-56,56,-803,11,15,0.51,65333.332031,0,2.1,14,0.0,0.0,0.0,0.0,0.0,0.0,1.0
200943,0,1,3400,-56,56,-805,9.5,15,0.50,60412.699219,0,2.1,7.9,0.0,9111.111328,57,0.0,0.0,0.0,1.0
201192,0,1,3400,-56,56,-806,10,15,0.53,59035.574219,0,2.1,0.0,0.0,0.0,0.0,0.0,0.0,0.0,1.0
201441,0,1,3400,-56,56,-796,10,15,0.50,71269.843750,0,2.1,0.0,0.0,0.0,0.0,0.0,0.0,0.0,1.0
201690,0,1,3400,-56,56,-795,10,14,0.82,66253.968750,8,2.1,0.0,0.0,0.0,0.0,0.0,0.0,0.0,1.0
201939,0,1,3400,-56,56,-803,10,15,1.1,73047.617188,6,2.1,0.82,0.0,12412.698242,36,0.0,0.0,0.0,1.0
202188,0,1,3400,-56,56,-798,8.9,15,0.50,32695.652344,0,2.1,0.0,0.0,0.0,0.0,0.0,0.0,0.0,1.0
202437,0,1,3400,-56,56,-791,9.8,15,0.50,37555.554688,0,2.1,0.0,0.0,0.0,0.0,0.0,0.0,0.0,1.0
202686,0,1,3400,-56,56,-795,12,16,0.50,48793.652344,0,2.1,0.0,0.0,0.0,0.0,0.0,0.0,0.0,1.0
202935,0,1,3400,-56,56,-795,13,15,0.84,43936.507812,11,2.1,0.0,0.0,17777.777344,0,0.0,0.0,0.0,1.0
203184,0,1,3400,-56,56,-799,12,16,0.50,32569.169922,0,2.1,0.0,0.0,0.0,0.0,0.0,0.0,0.0,1.0
203433,0,1,3400,-56,56,-797,7.3,14,0.50,48793.652344,0,2.1,0.0,0.0,0.0,0.0,0.0,0.0,0.0,1.0
203682,0,1,3400,-56,56,-801,9.9,16,1.0,60666.667969,8,2.1,0.0,0.0,0.0,0.0,0.0,0.0,0.0,1.0
203931,0,1,3400,-56,56,-802,12,15,0.50,38253.968750,0,2.1,5.4,0.0,339047.625000,44,0.0,0.0,0.0,1.0
204180,0,1,3400,-56,56,-800,13,15,0.65,43320.156250,10,2.1,16,0.0,0.0,0.0,0.0,0.0,0.0,1.0
204429,0,1,3400,-56,56,-800,9.5,14,0.52,65904.765625,0,2.1,16,0.0,0.0,0.0,0.0,0.0,0.0,1.0
204678,0,1,3400,-56,56,-797,12,15,0.50,43682.539062,0,2.1,16,0.0,0.0,0.0,0.0,0.0,0.0,1.0
204927,0,1,3400,-56,56,-806,13,15,0.57,53944.664062,9,2.1,9.7,0.0,23620.552734,36,0.0,0.0,0.0,1.0
205176,0,1,3400,-56,56,-800,9.2,15,0.50,54285.714844,0,2.1,0.0,0.0,0.0,0.0,0.0,0.0,0.0,1.0
205425,0,1,3400,-56,56,-799,9.0,15,0.83,66888.890625,8,2.1,0.0,0.0,0.0,0.0,0.0,0.0,0.0,1.0
205674,0,1,3400,-56,56,-804,11,15,0.56,97714.289062,0,2.1,0.0,0.0,0.0,0.0,0.0,0.0,0.0,1.0
205923,0,1,3400,-56,56,-800,11,15,1.1,60173.914062,7,2.1,1.0,0.0,16569.169922,31,0.0,0.0,0.0,1.0
206172,0,1,3400,-56,56,-799,10.0,15,0.68,59904.761719,8,2.1,0.0,0.0,0.0,0.0,0.0,0.0,0.0,1.0
206421,0,1,3400,-56,56,-800,13,15,0.57,21460.318359,20,2.1,0.0,0.0,0.0,0.0,0.0,0.0,0.0,1.0
206670,0,1,3400,-56,56,-802,9.8,14,1.1,32825.398438,12,2.1,0.0,0.0,0.0,0.0,0.0,0.0,0.0,1.0
206919,0,1,3400,-56,56,-792,11,15,1.7,27478.261719,0,2.1,2.3,0.0,16853.755859,50,0.0,0.0,0.0,1.0
207168,0,1,3400,-56,56,-795,12,15,0.83,64571.429688,12,2.1,0.0,0.0,6920.634766,0,0.0,0.0,0.0,1.0
207417,0,1,3400,-56,56,-795,11,15,0.96,58634.921875,7,2.1,0.0,0.0,0.0,0.0,0.0,0.0,0.0,1.0
207666,0,1,3400,-56,56,-795,9.7,15,0.52,54412.699219,0,2.1,0.0,0.0,0.0,0.0,0.0,0.0,0.0,1.0
207915,0,1,3400,-56,56,-795,13,15,0.50,31968.378906,0,2.1,4.6,0.0,242687.750000,49,0.0,0.0,0.0,1.0
208164,0,1,3400,-56,56,-794,12,15,0.68,49047.617188,8,2.1,16,0.0,0.0,0.0,0.0,0.0,0.0,1.0
208413,0,1,3400,-56,56,-799,11,14,0.96,81460.320312,10,2.1,16,0.0,0.0,0.0,0.0,0.0,0.0,1.0
208662,0,1,3400,-56,56,-797,11,14,0.50,43936.507812,0,2.1,16,0.0,0.0,0.0,0.0,0.0,0.0,1.0
208911,0,1,3400,-56,56,-799,11,15,0.96,28964.427734,14,2.1,8.3,0.0,18466.402344,33,0.0,0.0,0.0,1.0
209160,0,1,3400,-56,56,-802,11,16,0.50,60507.937500,0,2.1,0.0,0.0,0.0,0.0,0.0,0.0,0.0,1.0
209409,0,1,3400,-56,56,-800,8.9,15,0.63,27650.792969,14,2.1,0.0,0.0,0.0,0.0,0.0,0.0,0.0,1.0
209658,0,1,3400,-56,56,-799,11,15,0.50,65492.062500,0,2.1,0.0,0.0,0.0,0.0,0.0,0.0,0.0,1.0
209907,0,1,3400,-56,56,-808,10,15,0.50,60806.324219,0,2.1,7.2,0.0,23209.486328,33,0.0,0.0,0.0,1.0
210156,0,1,3400,-56,56,-802,11,15,0.76,48126.984375,9,2.1,14,0.0,0.0,0.0,0.0,0.0,0.0,1.0
210405,0,1,3400,-56,56,-803,11,15,0.72,67904.765625,13,2.1,13,0.0,0.0,0.0,0.0,0.0,0.0,1.0
210654,0,1,3400,-56,56,-798,8.9,15,0.50,76584.976562,0,2.1,14,0.0,0.0,0.0,0.0,0.0,0.0,1.0
210903,0,1,3400,-56,56,-798,11,15,0.50,80634.921875,0,2.1,14,0.0,23301.587891,0,0.0,0.0,0.0,1.0
211152,0,1,3400,-56,56,-799,12,15,0.70,82000.000000,6,2.1,14,0.0,0.0,0.0,0.0,0.0,0.0,1.0
211401,0,1,3400,-56,56,-801,9.8,15,1.3,48190.476562,8,2.1,14,0.0,0.0,0.0,0.0,0.0,0.0,1.0
211650,0,1,3400,-56,56,-797,10,14,0.56,80189.726562,6,2.1,14,0.0,0.0,0.0,0.0,0.0,0.0,1.0
211899,0,1,3400,-56,56,-794,11,15,0.50,69746.031250,0,2.1,8.4,0.0,23841.269531,36,0.0,0.0,0.0,1.0
212148,0,1,3400,-56,56,-802,10,16,0.50,65079.363281,0,2.1,0.0,0.0,0.0,0.0,0.0,0.0,0.0,1.0
212397,0,1,3400,-56,56,-802,9.0,14,0.50,54222.222656,0,2.1,0.0,0.0,0.0,0.0,0.0,0.0,0.0,1.0
212646,0,1,3400,-56,56,-804,11,15,0.57,70418.968750,0,2.1,0.0,0.0,0.0,0.0,0.0,0.0,0.0,1.0
212895,0,1,3400,-56,56,-800,7.1,15,0.50,66158.726562,0,2.1,0.82,0.0,12412.698242,36,0.0,0.0,0.0,1.0
213144,0,1,3400,-56,56,-799,13,16,0.56,76698.414062,6,2.1,0.0,0.0,0.0,0.0,0.0,0.0,0.0,1.0
213393,0,1,3400,-56,56,-800,9.3,15,0.52,65619.046875,0,2.1,0.0,0.0,0.0,0.0,0.0,0.0,0.0,1.0
213642,0,1,3400,-56,56,-804,10,15,1.1,76110.671875,6,2.1,0.0,0.0,0.0,0.0,0.0,0.0,0.0,1.0
213891,0,1,3400,-56,56,-805,9.1,15,1.2,45206.347656,23,2.1,0.0,0.0,12031.746094,0,0.0,0.0,0.0,1.0
214140,0,1,3400,-56,56,-795,11,15,0.50,70253.968750,0,2.1,0.0,0.0,0.0,0.0,0.0,0.0,0.0,1.0
214389,0,1,3400,-56,56,-796,11,15,0.50,54956.523438,0,2.1,0.0,0.0,0.0,0.0,0.0,0.0,0.0,1.0
214638,0,1,3400,-56,56,-799,8.7,14,0.57,56444.445312,0,2.1,0.0,0.0,0.0,0.0,0.0,0.0,0.0,1.0
214887,0,1,3400,-56,56,-799,12,15,0.50,42920.636719,0,2.1,2.1,0.0,23619.046875,31,0.0,0.0,0.0,1.0
215136,0,1,3400,-56,56,-800,11,15,0.53,71619.046875,0,2.1,0.0,0.0,0.0,0.0,0.0,0.0,0.0,1.0
215385,0,1,3400,-56,56,-807,9.9,15,1.2,50592.886719,23,2.1,0.0,0.0,0.0,0.0,0.0,0.0,0.0,1.0
215634,0,1,3400,-56,56,-797,11,16,0.50,42857.144531,0,2.1,0.0,0.0,0.0,0.0,0.0,0.0,0.0,1.0
215883,0,1,3400,-56,56,-798,12,15,0.77,100095.234375,5,2.1,5.2,0.0,186126.984375,60,0.0,0.0,0.0,1.0
216132,0,1,3400,-56,56,-802,11,15,0.50,43301.585938,0,2.1,16,0.0,0.0,0.0,0.0,0.0,0.0,1.0
216381,0,1,3400,-56,56,-799,11,15,0.50,86387.351562,0,2.1,16,0.0,0.0,0.0,0.0,0.0,0.0,1.0
216630,0,1,3400,-56,56,-798,13,15,1.0,64634.921875,14,2.1,16,0.0,0.0,0.0,0.0,0.0,0.0,1.0
216879,0,1,3400,-56,56,-799,12,15,0.71,76825.398438,6,2.1,11,0.0,35269.839844,35,0.0,0.0,0.0,1.0
217128,0,1,3400,-56,56,-798,11,15,0.72,54920.636719,0,2.1,6.5,0.0,0.0,0.0,0.0,0.0,0.0,1.0
217377,0,1,3400,-56,56,-803,11,15,0.75,77438.734375,6,2.1,6.5,0.0,0.0,0.0,0.0,0.0,0.0,1.0
217626,0,1,3400,-56,56,-800,12,15,0.50,59619.046875,0,2.1,6.5,0.0,0.0,0.0,0.0,0.0,0.0,1.0
217875,0,1,3400,-56,56,-795,11,15,0.56,32698.412109,0,2.1,2.9,0.0,16126.984375,0,0.0,0.0,0.0,1.0
218124,0,1,3400,-56,56,-795,10,15,1.3,45841.269531,9,2.1,0.0,0.0,0.0,0.0,0.0,0.0,0.0,1.0
218373,0,1,3400,-56,56,-801,12,14,0.72,43256.917969,0,2.1,0.0,0.0,0.0,0.0,0.0,0.0,0.0,1.0
218622,0,1,3400,-56,56,-800,13,15,0.58,28317.460938,14,2.1,0.0,0.0,0.0,0.0,0.0,0.0,0.0,1.0
218871,0,1,3400,-56,56,-794,9.8,14,0.92,65587.304688,0,2.1,6.2,0.0,15460.317383,0,0.0,0.0,0.0,1.0
219120,0,1,3400,-56,56,-798,11,15,0.50,43365.078125,0,2.1,12,0.0,0.0,0.0,0.0,0.0,0.0,1.0
219369,0,1,3400,-56,56,-794,12,15,1.1,48221.343750,8,2.1,12,0.0,0.0,0.0,0.0,0.0,0.0,1.0
219618,0,1,3400,-56,56,-801,11,15,0.50,54031.746094,0,2.1,12,0.0,0.0,0.0,0.0,0.0,0.0,1.0
219867,0,1,3400,-56,56,-801,10,15,0.64,43682.539062,11,2.1,8.2,0.0,29206.349609,31,0.0,0.0,0.0,1.0
220116,0,1,3400,-56,56,-797,12,15,2.1,26825.396484,29,2.1,0.0,0.0,0.0,0.0,0.0,0.0,0.0,1.0
220365,0,1,3400,-56,56,-794,8.3,14,0.74,60793.652344,0,2.1,0.0,0.0,0.0,0.0,0.0,0.0,0.0,1.0
220614,0,1,3400,-56,56,-800,9.3,14,0.50,38924.902344,0,2.1,0.0,0.0,0.0,0.0,0.0,0.0,0.0,1.0
220863,0,1,3400,-56,56,-800,10,14,0.57,75238.093750,0,2.1,6.8,0.0,119777.781250,67,0.0,0.0,0.0,1.0
221112,0,1,3400,-56,56,-802,13,15,0.50,32444.445312,0,2.1,16,0.0,0.0,0.0,0.0,0.0,0.0,1.0
221361,0,1,3400,-56,56,-804,12,15,0.50,27206.349609,0,2.1,16,0.0,0.0,0.0,0.0,0.0,0.0,1.0
221610,0,1,3400,-56,56,-805,11,14,0.50,59035.574219,0,2.1,16,0.0,0.0,0.0,0.0,0.0,0.0,1.0
221859,0,1,3400,-56,56,-801,10.0,14,0.50,61047.617188,0,2.1,7.5,0.0,12285.713867,0,0.0,0.0,0.0,1.0
222108,0,1,3400,-56,56,-800,11,15,0.50,60285.714844,0,2.1,0.0,0.0,0.0,0.0,0.0,0.0,0.0,1.0
222357,0,1,3400,-56,56,-800,10,15,0.64,49555.554688,18,2.1,0.0,0.0,0.0,0.0,0.0,0.0,0.0,1.0
222606,0,1,3400,-56,56,-804,9.8,14,1.4,40252.964844,10,2.1,0.0,0.0,0.0,0.0,0.0,0.0,0.0,1.0
222855,0,1,3400,-56,56,-806,10,15,0.92,65650.796875,0,2.1,0.82,0.0,12412.698242,36,0.0,0.0,0.0,1.0
223104,0,1,3400,-56,56,-797,10,15,0.65,71777.781250,6,2.1,0.0,0.0,0.0,0.0,0.0,0.0,0.0,1.0
223353,0,1,3400,-56,56,-797,8.1,15,0.51,26634.919922,11,2.1,0.0,0.0,0.0,0.0,0.0,0.0,0.0,1.0
223602,0,1,3400,-56,56,-812,11,15,1.6,60047.429688,8,2.1,0.0,0.0,0.0,0.0,0.0,0.0,0.0,1.0
223851,0,1,3400,-56,56,-805,12,14,0.50,69365.078125,0,2.1,7.9,0.0,328952.375000,55,0.0,0.0,0.0,1.0
224100,0,1,3400,-56,56,-789,13,14,0.51,70126.984375,0,2.1,16,0.0,0.0,0.0,0.0,0.0,0.0,1.0
224349,0,1,3400,-56,56,-795,12,15,0.79,37913.042969,12,2.1,16,0.0,0.0,0.0,0.0,0.0,0.0,1.0
224598,0,1,3400,-56,56,-803,13,15,0.81,54253.968750,10,2.1,16,0.0,0.0,0.0,0.0,0.0,0.0,1.0
224847,0,1,3400,-56,56,-796,11,16,0.69,91714.289062,0,2.1,14,0.0,15460.317383,0,0.0,0.0,0.0,1.0
225096,0,1,3400,-56,56,-799,11,15,0.50,86857.140625,0,2.1,13,0.0,0.0,0.0,0.0,0.0,0.0,1.0
225345,0,1,3400,-56,56,-800,11,15,0.51,43193.675781,10,2.1,12,0.0,0.0,0.0,0.0,0.0,0.0,1.0
225594,0,1,3400,-56,56,-798,11,14,1.1,39079.363281,12,2.1,12,0.0,0.0,0.0,0.0,0.0,0.0,1.0
225843,0,1,3400,-56,56,-804,11,14,0.50,93492.062500,0,2.1,13,0.0,23301.587891,0,0.0,0.0,0.0,1.0
226092,0,1,3400,-56,56,-798,9.3,15,0.53,71079.367188,0,2.1,14,0.0,0.0,0.0,0.0,0.0,0.0,1.0
226341,0,1,3400,-56,56,-800,10,14,0.50,54830.039062,0,2.1,14,0.0,0.0,0.0,0.0,0.0,0.0,1.0
226590,0,1,3400,-56,56,-801,10,15,0.74,84317.460938,0,2.1,14,0.0,0.0,0.0,0.0,0.0,0.0,1.0
226839,0,1,3400,-56,56,-798,7.6,15,0.51,56317.460938,7,2.1,8.9,0.0,28063.492188,31,0.0,0.0,0.0,1.0
227088,0,1,3400,-56,56,-798,8.7,15,0.50,70063.492188,0,2.1,1.0,0.0,0.0,0.0,0.0,0.0,0.0,1.0
227337,0,1,3400,-56,56,-797,10.0,15,0.50,63494.070312,0,2.1,1.0,0.0,0.0,0.0,0.0,0.0,0.0,1.0
227586,0,1,3400,-56,56,-801,11,15,0.51,89492.062500,0,2.1,1.0,0.0,0.0,0.0,0.0,0.0,0.0,1.0
227835,0,1,3400,-56,56,-799,10,16,0.57,89428.570312,5,2.1,2.5,0.0,31111.111328,33,0.0,0.0,0.0,1.0
228084,0,1,3400,-56,56,-800,8.4,15,0.53,74845.851562,0,2.1,0.0,0.0,0.0,0.0,0.0,0.0,0.0,1.0
228333,0,1,3400,-56,56,-801,8.7,15,0.50,66031.742188,0,2.1,0.0,0.0,0.0,0.0,0.0,0.0,0.0,1.0
228582,0,1,3400,-56,56,-801,11,14,0.50,75619.046875,0,2.1,0.0,0.0,0.0,0.0,0.0,0.0,0.0,1.0
228831,0,1,3400,-56,56,-800,10,15,0.50,48727.273438,0,2.1,5.1,0.0,23209.486328,0,0.0,0.0,0.0,1.0
229080,0,1,3400,-56,56,-800,10,14,0.64,60349.207031,8,2.1,14,0.0,0.0,0.0,0.0,0.0,0.0,1.0
229329,0,1,3400,-56,56,-801,8.6,14,0.52,43555.554688,0,2.1,14,0.0,0.0,0.0,0.0,0.0,0.0,1.0
229578,0,1,3400,-56,56,-800,10,15,0.61,38349.207031,0,2.1,14,0.0,0.0,0.0,0.0,0.0,0.0,1.0
229827,0,1,3400,-56,56,-793,8.1,15,0.51,66222.218750,0,2.1,8.4,0.0,23714.285156,36,0.0,0.0,0.0,1.0
230076,0,1,3400,-56,56,-796,11,15,0.70,48948.617188,11,2.1,0.0,0.0,0.0,0.0,0.0,0.0,0.0,1.0
230325,0,1,3400,-56,56,-800,9.9,15,1.2,51682.539062,21,2.1,0.0,0.0,0.0,0.0,0.0,0.0,0.0,1.0
230574,0,1,3400,-56,56,-796,11,14,1.1,43936.507812,11,2.1,0.0,0.0,0.0,0.0,0.0,0.0,0.0,1.0
230823,0,1,3400,-56,56,-802,8.5,14,0.50,78095.234375,0,2.1,0.82,0.0,12412.698242,36,0.0,0.0,0.0,1.0
231072,0,1,3400,-56,56,-805,13,15,1.3,48094.863281,10,2.1,0.0,0.0,0.0,0.0,0.0,0.0,0.0,1.0
231321,0,1,3400,-56,56,-809,13,16,0.70,32444.445312,12,2.1,0.0,0.0,0.0,0.0,0.0,0.0,0.0,1.0
231570,0,1,3400,-56,56,-803,9.4,15,0.58,66444.445312,6,2.1,0.0,0.0,0.0,0.0,0.0,0.0,0.0,1.0
231819,0,1,3400,-56,56,-800,11,15,0.77,68964.429688,0,2.1,3.5,0.0,18845.849609,33,0.0,0.0,0.0,1.0
232068,0,1,3400,-56,56,-800,9.7,14,0.72,10571.428711,0,2.1,7.0,0.0,0.0,0.0,0.0,0.0,0.0,1.0
232317,0,1,3400,-56,56,-800,11,15,0.50,49555.554688,0,2.1,7.0,0.0,0.0,0.0,0.0,0.0,0.0,1.0
232566,0,1,3400,-56,56,-802,9.7,14,0.50,93301.585938,0,2.1,7.0,0.0,0.0,0.0,0.0,0.0,0.0,1.0
232815,0,1,3400,-56,56,-795,9.9,15,0.53,98308.296875,0,2.1,5.3,0.0,30102.767578,0,0.0,0.0,0.0,1.0
233064,0,1,3400,-56,56,-799,11,15,0.51,48857.144531,9,2.1,0.0,0.0,0.0,0.0,0.0,0.0,0.0,1.0
233313,0,1,3400,-56,56,-799,12,15,0.54,80730.156250,6,2.1,0.0,0.0,0.0,0.0,0.0,0.0,0.0,1.0
233562,0,1,3400,-56,56,-801,12,15,1.1,62285.714844,8,2.1,0.0,0.0,0.0,0.0,0.0,0.0,0.0,1.0
233811,0,1,3400,-56,56,-803,10,15,0.82,90403.164062,5,2.1,0.82,0.0,12363.636719,36,0.0,0.0,0.0,1.0
234060,0,1,3400,-56,56,-802,7.8,15,1.0,55301.585938,8,2.1,0.0,0.0,0.0,0.0,0.0,0.0,0.0,1.0
234309,0,1,3400,-56,56,-802,12,15,0.76,64000.000000,0,2.1,0.0,0.0,0.0,0.0,0.0,0.0,0.0,1.0
234558,0,1,3400,-56,56,-807,9.1,14,0.98,61269.839844,21,2.1,0.0,0.0,0.0,0.0,0.0,0.0,0.0,1.0
234807,0,1,3400,-56,56,-809,8.7,15,0.69,81802.375000,5,2.1,2.2,0.0,41770.750000,14,0.0,0.0,0.0,1.0
235056,0,1,3400,-56,56,-799,11,14,0.50,60539.683594,0,2.1,6.5,0.0,0.0,0.0,0.0,0.0,0.0,1.0
235305,0,1,3400,-56,56,-800,8.9,14,0.50,65301.585938,0,2.1,6.5,0.0,0.0,0.0,0.0,0.0,0.0,1.0
235554,0,1,3400,-56,56,-798,11,15,0.63,82761.906250,6,2.1,6.5,0.0,0.0,0.0,0.0,0.0,0.0,1.0
235803,0,1,3400,-56,56,-791,11,15,0.50,60300.394531,0,2.1,5.1,0.0,23747.035156,36,0.0,0.0,0.0,1.0
236052,0,1,3400,-56,56,-791,7.0,15,0.50,72380.953125,0,2.1,0.0,0.0,0.0,0.0,0.0,0.0,0.0,1.0
236301,0,1,3400,-56,56,-791,11,15,0.76,38253.968750,11,2.1,0.0,0.0,0.0,0.0,0.0,0.0,0.0,1.0
236550,0,1,3400,-56,56,-794,8.3,14,0.75,46476.191406,17,2.1,0.0,0.0,0.0,0.0,0.0,0.0,0.0,1.0
236799,0,1,3400,-56,56,-793,11,16,0.54,59098.812500,0,2.1,0.82,0.0,10213.438477,36,0.0,0.0,0.0,1.0
237048,0,1,3400,-56,56,-805,8.8,15,0.52,60063.492188,0,2.1,0.0,0.0,0.0,0.0,0.0,0.0,0.0,1.0
237297,0,1,3400,-56,56,-812,6.8,14,0.50,45460.316406,0,2.1,0.0,0.0,0.0,0.0,0.0,0.0,0.0,1.0
237546,0,1,3400,-56,56,-803,8.0,14,0.96,35460.316406,12,2.1,0.0,0.0,0.0,0.0,0.0,0.0,0.0,1.0
237795,0,1,3400,-56,56,-806,9.6,15,0.50,65233.203125,0,2.1,0.0,0.0,16189.723633,11,0.0,0.0,0.0,1.0
238044,0,1,3400,-56,56,-804,10,14,0.55,77396.828125,0,2.1,0.0,0.0,0.0,0.0,0.0,0.0,0.0,1.0
238293,0,1,3400,-56,56,-801,10,15,0.69,47809.523438,8,2.1,0.0,0.0,0.0,0.0,0.0,0.0,0.0,1.0
238542,0,1,3400,-56,56,-799,12,14,0.78,77818.179688,6,2.1,0.0,0.0,0.0,0.0,0.0,0.0,0.0,1.0
238791,0,1,3400,-56,56,-799,12,15,0.68,32380.953125,12,2.1,5.2,0.0,140761.906250,41,0.0,0.0,0.0,1.0
239040,0,1,3400,-56,56,-806,10,15,1.0,69619.046875,12,2.1,16,0.0,0.0,0.0,0.0,0.0,0.0,1.0
239289,0,1,3400,-56,56,-811,10,14,0.89,57264.820312,19,2.1,16,0.0,0.0,0.0,0.0,0.0,0.0,1.0
239538,0,1,3400,-56,56,-800,9.9,14,0.50,33206.347656,0,2.1,16,0.0,0.0,0.0,0.0,0.0,0.0,1.0
239787,0,1,3400,-56,56,-800,9.8,14,0.50,44698.414062,0,2.1,7.6,0.0,8095.238281,0,0.0,0.0,0.0,1.0
240036,0,1,3400,-56,56,-797,12,14,1.2,38317.460938,12,2.1,0.0,0.0,0.0,0.0,0.0,0.0,0.0,1.0
240285,0,1,3400,-56,56,-797,12,15,1.4,58857.144531,8,2.1,0.0,0.0,0.0,0.0,0.0,0.0,0.0,1.0
240534,0,1,3400,-56,56,-801,13,14,0.84,47968.378906,9,2.1,0.0,0.0,0.0,0.0,0.0,0.0,0.0,1.0
240783,0,1,3400,-56,56,-796,9.7,15,0.50,53904.761719,0,2.1,5.3,0.0,108888.890625,57,0.0,0.0,0.0,1.0
241032,0,1,3400,-56,56,-801,9.7,15,0.68,60476.191406,14,2.1,16,0.0,0.0,0.0,0.0,0.0,0.0,1.0
241281,0,1,3400,-56,56,-802,11,15,0.82,60031.746094,15,2.1,16,0.0,0.0,0.0,0.0,0.0,0.0,1.0
241530,0,1,3400,-56,56,-797,9.7,14,0.54,49549.406250,0,2.1,16,0.0,0.0,0.0,0.0,0.0,0.0,1.0
241779,0,1,3400,-56,56,-800,11,15,0.98,67460.320312,6,2.1,10,0.0,7904.761719,0,0.0,0.0,0.0,1.0
242028,0,1,3400,-56,56,-800,12,15,0.68,92412.695312,10,2.1,0.0,0.0,0.0,0.0,0.0,0.0,0.0,1.0
242277,0,1,3400,-56,56,-805,12,15,0.50,43509.882812,0,2.1,0.064,0.0,0.0,0.0,0.0,0.0,0.0,1.0
242526,0,1,3400,-56,56,-806,13,15,0.50,43428.570312,0,2.1,0.0,0.0,0.0,0.0,0.0,0.0,0.0,1.0
242775,0,1,3400,-56,56,-803,10,15,0.50,76063.492188,0,2.1,7.7,0.0,228825.390625,58,0.0,0.0,0.0,1.0
243024,0,1,3400,-56,56,-802,9.8,14,0.51,38412.699219,0,2.1,16,0.0,0.0,0.0,0.0,0.0,0.0,1.0
243273,0,1,3400,-56,56,-803,9.9,14,0.50,83383.398438,0,2.1,16,0.0,0.0,0.0,0.0,0.0,0.0,1.0
243522,0,1,3400,-56,56,-801,12,15,0.50,37428.570312,0,2.1,16,0.0,0.0,0.0,0.0,0.0,0.0,1.0
243771,0,1,3400,-56,56,-801,12,15,0.50,59523.808594,0,2.1,15,0.0,377746.031250,48,0.0,0.0,0.0,1.0
244020,0,1,3400,-56,56,-797,11,15,0.50,54920.636719,0,2.1,16,0.0,0.0,0.0,0.0,0.0,0.0,1.0
244269,0,1,3400,-56,56,-796,12,15,0.96,38671.937500,12,2.1,16,0.0,0.0,0.0,0.0,0.0,0.0,1.0
244518,0,1,3400,-56,56,-798,11,15,0.50,16349.206055,0,2.1,16,0.0,0.0,0.0,0.0,0.0,0.0,1.0
244767,0,1,3400,-56,56,-803,13,16,0.50,37492.062500,0,2.1,12,0.0,5714.285645,44,0.0,0.0,0.0,1.0
245016,0,1,3400,-56,56,-794,11,15,0.50,59731.226562,0,2.1,8.5,0.0,0.0,0.0,0.0,0.0,0.0,1.0
245265,0,1,3400,-56,56,-796,9.8,15,0.50,76634.921875,0,2.1,8.5,0.0,0.0,0.0,0.0,0.0,0.0,1.0
245514,0,1,3400,-56,56,-797,9.7,15,0.87,28952.380859,12,2.1,8.5,0.0,0.0,0.0,0.0,0.0,0.0,1.0
245763,0,1,3400,-56,56,-800,9.8,15,1.7,43015.871094,0,2.1,6.9,0.0,41714.285156,0,0.0,0.0,0.0,1.0
246012,0,1,3400,-56,56,-799,11,14,0.50,55209.484375,0,2.1,0.0,0.0,0.0,0.0,0.0,0.0,0.0,1.0
246261,0,1,3400,-56,56,-803,10,14,0.50,77142.859375,0,2.1,0.0,0.0,0.0,0.0,0.0,0.0,0.0,1.0
246510,0,1,3400,-56,56,-804,10,14,0.82,16285.713867,33,2.1,0.0,0.0,0.0,0.0,0.0,0.0,0.0,1.0
246759,0,1,3400,-56,56,-808,14,15,1.2,64126.984375,8,2.1,0.82,0.0,9047.619141,36,0.0,0.0,0.0,1.0
247008,0,1,3400,-56,56,-809,12,15,1.1,53628.457031,8,2.1,0.0,0.0,0.0,0.0,0.0,0.0,0.0,1.0
247257,0,1,3400,-56,56,-804,12,15,0.50,76126.984375,0,2.1,0.0,0.0,0.0,0.0,0.0,0.0,0.0,1.0
247506,0,1,3400,-56,56,-800,11,16,0.50,76380.953125,0,2.1,0.0,0.0,0.0,0.0,0.0,0.0,0.0,1.0
247755,0,1,3400,-56,56,-802,12,15,0.51,38412.699219,0,2.1,0.0,0.0,16126.984375,12,0.0,0.0,0.0,1.0
248004,0,1,3400,-56,56,-806,8.8,14,1.1,44395.257812,18,2.1,0.0,0.0,0.0,0.0,0.0,0.0,0.0,1.0
248253,0,1,3400,-56,56,-802,11,15,0.50,91841.273438,0,2.1,0.0,0.0,0.0,0.0,0.0,0.0,0.0,1.0
248502,0,1,3400,-56,56,-798,9.9,15,0.50,81936.507812,0,2.1,0.0,0.0,0.0,0.0,0.0,0.0,0.0,1.0
248751,0,1,3400,-56,56,-800,12,15,0.84,69723.320312,7,2.1,1.0,0.0,16569.169922,31,0.0,0.0,0.0,1.0
249000,0,1,3400,-56,56,-798,9.4,15,0.50,54222.222656,0,2.1,0.0,0.0,0.0,0.0,0.0,0.0,0.0,1.0
249249,0,1,3400,-56,56,-797,12,14,0.60,98476.187500,5,2.1,0.0,0.0,0.0,0.0,0.0,0.0,0.0,1.0
249498,0,1,3400,-56,56,-803,10,14,0.50,42857.144531,0,2.1,0.0,0.0,0.0,0.0,0.0,0.0,0.0,1.0
249747,0,1,3400,-56,56,-803,13,15,0.50,53691.699219,0,2.1,2.1,0.0,23747.035156,36,0.0,0.0,0.0,1.0
249996,0,1,3400,-56,56,-797,11,15,0.50,50158.730469,0,2.1,0.0,0.0,0.0,0.0,0.0,0.0,0.0,1.0
250245,0,1,3400,-56,56,-800,9.9,16,0.51,58793.652344,0,2.1,0.0,0.0,0.0,0.0,0.0,0.0,0.0,1.0
250494,0,1,3400,-56,56,-806,13,15,1.1,49396.824219,11,2.1,0.0,0.0,0.0,0.0,0.0,0.0,0.0,1.0
250743,0,1,3400,-56,56,-802,11,15,0.51,60300.394531,0,2.1,7.9,0.0,267636.375000,61,0.0,0.0,0.0,1.0
250992,0,1,3400,-56,56,-808,9.9,14,0.58,27428.572266,0,2.1,16,0.0,0.0,0.0,0.0,0.0,0.0,1.0
251241,0,1,3400,-56,56,-801,11,14,1.1,50222.222656,17,2.1,16,0.0,0.0,0.0,0.0,0.0,0.0,1.0
251490,0,1,3400,-56,56,-801,10,15,0.50,76761.906250,0,2.1,16,0.0,0.0,0.0,0.0,0.0,0.0,1.0
251739,0,1,3400,-56,56,-803,9.8,14,1.0,54577.074219,21,2.1,14,0.0,15399.209961,0,0.0,0.0,0.0,1.0
251988,0,1,3400,-56,56,-809,7.6,15,0.52,86888.890625,0,2.1,12,0.0,0.0,0.0,0.0,0.0,0.0,1.0
252237,0,1,3400,-56,56,-806,8.7,15,0.51,26539.681641,0,2.1,12,0.0,0.0,0.0,0.0,0.0,0.0,1.0
252486,0,1,3400,-56,56,-802,9.7,15,0.51,65460.316406,0,2.1,12,0.0,0.0,0.0,0.0,0.0,0.0,1.0
252735,0,1,3400,-56,56,-807,11,15,0.65,33746.031250,12,2.1,10,0.0,23841.269531,50,0.0,0.0,0.0,1.0
252984,0,1,3400,-56,56,-798,9.7,15,0.50,38577.074219,0,2.1,6.0,0.0,0.0,0.0,0.0,0.0,0.0,1.0
253233,0,1,3400,-56,56,-804,9.9,15,0.67,55809.523438,8,2.1,6.0,0.0,0.0,0.0,0.0,0.0,0.0,1.0
253482,0,1,3400,-56,56,-800,13,15,0.63,37492.062500,11,2.1,6.0,0.0,0.0,0.0,0.0,0.0,0.0,1.0
253731,0,1,3400,-56,56,-804,13,15,0.50,75699.601562,0,2.1,11,0.0,225707.515625,56,0.0,0.0,0.0,1.0
253980,0,1,3400,-56,56,-800,11,15,0.50,49238.093750,0,2.1,16,0.0,0.0,0.0,0.0,0.0,0.0,1.0
254229,0,1,3400,-56,56,-798,7.3,14,0.50,43428.570312,0,2.1,16,0.0,0.0,0.0,0.0,0.0,0.0,1.0
254478,0,1,3400,-56,56,-802,7.7,15,0.70,38730.160156,11,2.1,16,0.0,0.0,0.0,0.0,0.0,0.0,1.0
254727,0,1,3400,-56,56,-806,11,16,0.50,43826.085938,0,2.1,14,0.0,15399.209961,25,0.0,0.0,0.0,1.0
254976,0,1,3400,-56,56,-807,11,15,1.3,54031.746094,14,2.1,12,0.0,0.0,0.0,0.0,0.0,0.0,1.0
255225,0,1,3400,-56,56,-799,12,15,2.2,32285.714844,0,2.1,12,0.0,0.0,0.0,0.0,0.0,0.0,1.0
255474,0,1,3400,-56,56,-794,9.2,15,0.51,76952.382812,0,2.1,12,0.0,0.0,0.0,0.0,0.0,0.0,1.0
255723,0,1,3400,-56,56,-799,11,15,0.63,44648.222656,10,2.1,13,0.0,23209.486328,0,0.0,0.0,0.0,1.0
255972,0,1,3400,-56,56,-800,11,14,0.50,54095.238281,0,2.1,14,0.0,0.0,0.0,0.0,0.0,0.0,1.0
256221,0,1,3400,-56,56,-799,12,15,0.88,65650.796875,8,2.1,13,0.0,0.0,0.0,0.0,0.0,0.0,1.0
256470,0,1,3400,-56,56,-800,12,15,0.50,42634.921875,0,2.1,14,0.0,0.0,0.0,0.0,0.0,0.0,1.0
256719,0,1,3400,-56,56,-796,9.6,15,0.84,60015.808594,8,2.1,13,0.0,25517.787109,36,0.0,0.0,0.0,1.0
256968,0,1,3400,-56,56,-795,9.4,15,0.68,84380.953125,5,2.1,0.0,0.0,4349.206543,0,0.0,0.0,0.0,1.0
257217,0,1,3400,-56,56,-797,10,15,0.50,38317.460938,0,2.1,0.0,0.0,0.0,0.0,0.0,0.0,0.0,1.0
257466,0,1,3400,-56,56,-801,12,15,0.50,59636.363281,0,2.1,0.0,0.0,0.0,0.0,0.0,0.0,0.0,1.0
257715,0,1,3400,-56,56,-802,10.0,15,0.50,44444.445312,0,2.1,0.0,0.0,12285.713867,0,0.0,0.0,0.0,1.0
257964,0,1,3400,-56,56,-804,7.4,14,0.50,43746.031250,0,2.1,0.0,0.0,0.0,0.0,0.0,0.0,0.0,1.0
258213,0,1,3400,-56,56,-807,4.2,15,0.50,27619.046875,0,2.1,0.0,0.0,0.0,0.0,0.0,0.0,0.0,1.0
258462,0,1,3400,-56,56,-802,12,16,1.5,37913.042969,12,2.1,0.0,0.0,0.0,0.0,0.0,0.0,0.0,1.0
258711,0,1,3400,-56,56,-800,12,14,0.58,48793.652344,10,2.1,0.82,0.0,12412.698242,36,0.0,0.0,0.0,1.0
258960,0,1,3400,-56,56,-796,9.1,15,0.51,82126.984375,0,2.1,0.0,0.0,0.0,0.0,0.0,0.0,0.0,1.0
259209,0,1,3400,-56,56,-797,10,14,0.50,75809.523438,0,2.1,0.0,0.0,0.0,0.0,0.0,0.0,0.0,1.0
259458,0,1,3400,-56,56,-803,9.1,14,1.1,57043.476562,13,2.1,0.0,0.0,0.0,0.0,0.0,0.0,0.0,1.0
259707,0,1,3400,-56,56,-806,9.7,15,1.5,32634.919922,12,2.1,7.2,0.0,189333.328125,65,0.0,0.0,0.0,1.0
259956,0,1,3400,-56,56,-810,8.6,15,0.50,82761.906250,0,2.1,16,0.0,0.0,0.0,0.0,0.0,0.0,1.0
260205,0,1,3400,-56,56,-808,9.1,15,0.55,59301.585938,7,2.1,16,0.0,0.0,0.0,0.0,0.0,0.0,1.0
260454,0,1,3400,-56,56,-803,8.7,15,0.55,82814.226562,0,2.1,16,0.0,0.0,0.0,0.0,0.0,0.0,1.0
260703,0,1,3400,-56,56,-802,9.5,14,0.55,60571.429688,0,2.1,10,0.0,8095.238281,17,0.0,0.0,0.0,1.0
260952,0,1,3400,-56,56,-803,10,15,0.54,49555.554688,0,2.1,0.0,0.0,0.0,0.0,0.0,0.0,0.0,1.0
261201,0,1,3400,-56,56,-799,10,15,0.50,54158.730469,0,2.1,0.0,0.0,0.0,0.0,0.0,0.0,0.0,1.0
261450,0,1,3400,-56,56,-799,13,16,0.50,53185.769531,0,2.1,0.0,0.0,0.0,0.0,0.0,0.0,0.0,1.0
261699,0,1,3400,-56,56,-796,11,14,0.68,46380.953125,9,2.1,6.2,0.0,15460.317383,0,0.0,0.0,0.0,1.0
261948,0,1,3400,-56,56,-797,9.4,14,0.50,49936.507812,0,2.1,12,0.0,0.0,0.0,0.0,0.0,0.0,1.0
262197,0,1,3400,-56,56,-802,11,15,0.53,69754.937500,0,2.1,12,0.0,0.0,0.0,0.0,0.0,0.0,1.0
262446,0,1,3400,-56,56,-800,13,15,0.50,53904.761719,0,2.1,12,0.0,0.0,0.0,0.0,0.0,0.0,1.0
262695,0,1,3400,-56,56,-801,10,15,0.50,48666.667969,0,2.1,8.0,0.0,23015.873047,0,0.0,0.0,0.0,1.0
262944,0,1,3400,-56,56,-800,12,14,0.60,54666.667969,0,2.1,0.0,0.0,0.0,0.0,0.0,0.0,0.0,1.0
263193,0,1,3400,-56,56,-793,11,15,1.6,38166.007812,12,2.1,0.0,0.0,0.0,0.0,0.0,0.0,0.0,1.0
263442,0,1,3400,-56,56,-795,8.3,15,0.57,37936.507812,0,2.1,0.0,0.0,0.0,0.0,0.0,0.0,0.0,1.0
263691,0,1,3400,-56,56,-800,10,15,0.78,21809.523438,17,2.1,0.0,0.0,13587.301758,0,0.0,0.0,0.0,1.0
263940,0,1,3400,-56,56,-798,10,15,0.65,61301.585938,0,2.1,0.0,0.0,0.0,0.0,0.0,0.0,0.0,1.0
264189,0,1,3400,-56,56,-799,10,15,0.50,65644.265625,0,2.1,0.0,0.0,0.0,0.0,0.0,0.0,0.0,1.0
264438,0,1,3400,-56,56,-805,8.9,14,0.91,65714.289062,7,2.1,0.0,0.0,0.0,0.0,0.0,0.0,0.0,1.0
264687,0,1,3400,-56,56,-805,9.3,15,0.55,76412.695312,0,2.1,0.82,0.0,12412.698242,36,0.0,0.0,0.0,1.0
264936,0,1,3400,-56,56,-805,8.6,14,1.1,68047.429688,7,2.1,0.064,0.0,0.0,0.0,0.0,0.0,0.0,1.0
265185,0,1,3400,-56,56,-804,10,16,0.52,38412.699219,0,2.1,0.0,0.0,0.0,0.0,0.0,0.0,0.0,1.0
265434,0,1,3400,-56,56,-803,11,14,0.74,63047.617188,14,2.1,0.0,0.0,0.0,0.0,0.0,0.0,0.0,1.0
265683,0,1,3400,-56,56,-805,11,16,0.56,43206.347656,0,2.1,0.0,0.0,8095.238281,0,0.0,0.0,0.0,1.0
265932,0,1,3400,-56,56,-803,11,15,0.75,38063.492188,10,2.1,0.0,0.0,0.0,0.0,0.0,0.0,0.0,1.0
266181,0,1,3400,-56,56,-802,11,15,0.61,54387.351562,15,2.1,0.0,0.0,0.0,0.0,0.0,0.0,0.0,1.0
266430,0,1,3400,-56,56,-797,11,15,0.50,81301.585938,0,2.1,0.0,0.0,0.0,0.0,0.0,0.0,0.0,1.0
266679,0,1,3400,-56,56,-799,11,15,0.89,53841.269531,8,2.1,0.040,0.0,59777.777344,5,0.0,0.0,0.0,1.0
266928,0,1,3400,-56,56,-798,11,15,1.1,70861.656250,7,2.1,0.0,0.0,0.0,0.0,0.0,0.0,0.0,1.0
267177,0,1,3400,-56,56,-802,11,15,0.50,45079.363281,0,2.1,0.0,0.0,0.0,0.0,0.0,0.0,0.0,1.0
267426,0,1,3400,-56,56,-799,12,14,2.2,27206.349609,25,2.1,0.0,0.0,0.0,0.0,0.0,0.0,0.0,1.0
267675,0,1,3400,-56,56,-798,9.3,15,0.71,82317.460938,6,2.1,0.0,0.0,8095.238281,0,0.0,0.0,0.0,1.0
267924,0,1,3400,-56,56,-802,12,15,0.71,81169.960938,6,2.1,0.0,0.0,0.0,0.0,0.0,0.0,0.0,1.0
268173,0,1,3400,-56,56,-803,14,15,0.63,59206.347656,0,2.1,0.0,0.0,0.0,0.0,0.0,0.0,0.0,1.0
268422,0,1,3400,-56,56,-801,9.2,15,0.50,54031.746094,0,2.1,0.0,0.0,0.0,0.0,0.0,0.0,0.0,1.0
268671,0,1,3400,-56,56,-802,9.4,14,0.50,77059.289062,0,2.1,0.0,0.0,12110.671875,0,0.0,0.0,0.0,1.0
268920,0,1,3400,-56,56,-809,11,15,0.50,59904.761719,0,2.1,0.0,0.0,0.0,0.0,0.0,0.0,0.0,1.0
269169,0,1,3400,-56,56,-802,11,16,0.50,80634.921875,0,2.1,0.0,0.0,0.0,0.0,0.0,0.0,0.0,1.0
269418,0,1,3400,-56,56,-804,12,16,0.52,36825.398438,0,2.1,0.0,0.0,0.0,0.0,0.0,0.0,0.0,1.0
269667,0,1,3400,-56,56,-804,11,14,0.51,81865.609375,0,2.1,6.4,0.0,31494.070312,0,0.0,0.0,0.0,1.0
269916,0,1,3400,-56,56,-806,10,15,0.58,49523.808594,9,2.1,12,0.0,0.0,0.0,0.0,0.0,0.0,1.0
270165,0,1,3400,-56,56,-807,11,15,0.53,62539.683594,8,2.1,12,0.0,0.0,0.0,0.0,0.0,0.0,1.0
270414,0,1,3400,-56,56,-801,11,15,0.50,81492.062500,0,2.1,12,0.0,0.0,0.0,0.0,0.0,0.0,1.0
270663,0,1,3400,-56,56,-797,11,15,0.65,66561.265625,7,2.1,11,0.0,29976.285156,40,0.0,0.0,0.0,1.0
270912,0,1,3400,-56,56,-797,9.6,14,1.3,54666.667969,0,2.1,0.064,0.0,0.0,0.0,0.0,1.0,0.0,1.0
271161,0,1,3400,-56,56,-802,9.9,15,0.88,48190.476562,8,2.1,0.0,0.0,0.0,0.0,0.0,0.0,0.0,1.0
271410,0,1,3400,-56,56,-798,9.6,15,0.60,65841.273438,12,2.1,0.0,0.0,0.0,0.0,0.0,0.0,0.0,1.0
271659,0,1,3400,-56,56,-798,12,16,1.1,80094.859375,0,2.1,0.81,0.0,12363.636719,36,0.0,0.0,0.0,1.0
271908,0,1,3400,-56,56,-802,9.9,14,0.50,32952.382812,0,2.1,0.0,0.0,0.0,0.0,0.0,0.0,0.0,1.0
272157,0,1,3400,-56,56,-798,9.7,15,1.1,61809.523438,8,2.1,0.0,0.0,0.0,0.0,0.0,0.0,0.0,1.0
272406,0,1,3400,-56,56,-795,8.9,14,0.93,51383.398438,15,2.1,0.0,0.0,0.0,0.0,0.0,0.0,0.0,1.0
272655,0,1,3400,-56,56,-802,10,15,0.69,69968.257812,0,2.1,6.2,0.0,15460.317383,0,0.0,0.0,0.0,1.0
272904,0,1,3400,-56,56,-807,11,15,0.57,83015.875000,5,2.1,12,0.0,0.0,0.0,0.0,0.0,0.0,1.0
273153,0,1,3400,-56,56,-801,13,15,0.54,54222.222656,8,2.1,12,0.0,0.0,0.0,0.0,0.0,0.0,1.0
273402,0,1,3400,-56,56,-796,11,14,0.53,70450.593750,0,2.1,12,0.0,0.0,0.0,0.0,0.0,0.0,1.0
273651,0,1,3400,-56,56,-803,11,14,0.50,109809.523438,0,2.1,13,0.0,0.0,80,0.0,0.0,0.0,1.0
273900,0,1,3400,-56,56,-805,9.5,15,0.84,32571.427734,12,2.1,14,0.0,0.0,0.0,0.0,0.0,0.0,1.0
274149,0,1,3400,-56,56,-803,8.5,15,0.55,80857.140625,0,2.1,14,0.0,0.0,0.0,0.0,0.0,0.0,1.0
274398,0,1,3400,-56,56,-800,11,14,0.60,64600.789062,7,2.1,14,0.0,0.0,0.0,0.0,0.0,0.0,1.0
274647,0,1,3400,-56,56,-798,7.7,14,0.77,71301.585938,5,2.1,13,0.0,15460.317383,0,0.0,0.0,0.0,1.0
274896,0,1,3400,-56,56,-806,10,14,0.50,60000.000000,0,2.1,12,0.0,0.0,0.0,0.0,0.0,0.0,1.0
275145,0,1,3400,-56,56,-801,11,15,0.79,38317.460938,12,2.1,12,0.0,0.0,0.0,0.0,0.0,0.0,1.0
275394,0,1,3400,-56,56,-801,9.0,15,0.78,60426.878906,7,2.1,12,0.0,0.0,0.0,0.0,0.0,0.0,1.0
275643,0,1,3400,-56,56,-799,11,14,0.53,58793.652344,0,2.1,13,0.0,23301.587891,0,0.0,0.0,0.0,1.0
275892,0,1,3400,-56,56,-800,9.8,14,0.57,59873.015625,0,2.1,14,0.0,0.0,0.0,0.0,0.0,0.0,1.0
276141,0,1,3400,-56,56,-804,10,15,0.50,32569.169922,0,2.1,14,0.0,0.0,0.0,0.0,0.0,0.0,1.0
276390,0,1,3400,-56,56,-803,9.2,14,0.50,22000.000000,0,2.1,14,0.0,0.0,0.0,0.0,0.0,0.0,1.0
276639,0,1,3400,-56,56,-805,11,14,0.72,87619.046875,0,2.1,11,0.0,24063.492188,0,0.0,0.0,0.0,1.0
276888,0,1,3400,-56,56,-803,6.2,15,0.56,43238.093750,0,2.1,8.5,0.0,0.0,0.0,0.0,0.0,0.0,1.0
277137,0,1,3400,-56,56,-802,9.5,15,1.1,48284.585938,9,2.1,8.5,0.0,0.0,0.0,0.0,0.0,0.0,1.0
277386,0,1,3400,-56,56,-800,12,15,1.5,70444.445312,0,2.1,8.5,0.0,0.0,0.0,0.0,0.0,0.0,1.0
277635,0,1,3400,-56,56,-798,9.8,16,0.50,49047.617188,0,2.1,4.1,0.0,8063.492188,44,0.0,0.0,0.0,1.0
277884,0,1,3400,-56,56,-799,10,15,1.3,61619.046875,7,2.1,0.0,0.0,0.0,0.0,0.0,0.0,0.0,1.0
278133,0,1,3400,-56,56,-803,9.2,15,1.3,44901.187500,10,2.1,0.0,0.0,0.0,0.0,0.0,0.0,0.0,1.0
278382,0,1,3400,-56,56,-797,11,14,0.77,76666.664062,6,2.1,0.0,0.0,0.0,0.0,0.0,0.0,0.0,1.0
278631,0,1,3400,-56,56,-800,11,15,0.50,43555.554688,0,2.1,6.2,0.0,15460.317383,0,0.0,0.0,0.0,1.0
278880,0,1,3400,-56,56,-798,5.7,14,0.50,43650.792969,0,2.1,12,0.0,0.0,0.0,0.0,0.0,0.0,1.0
279129,0,1,3400,-56,56,-799,12,15,1.1,43003.953125,11,2.1,12,0.0,0.0,0.0,0.0,0.0,0.0,1.0
279378,0,1,3400,-56,56,-802,12,15,0.50,43047.617188,0,2.1,12,0.0,0.0,0.0,0.0,0.0,0.0,1.0
279627,0,1,3400,-56,56,-797,11,14,0.55,48412.699219,0,2.1,13,0.0,0.0,80,0.0,0.0,0.0,1.0
279876,0,1,3400,-56,56,-794,10,16,0.71,93714.289062,5,2.1,14,0.0,0.0,0.0,0.0,0.0,0.0,1.0
280125,0,1,3400,-56,56,-804,11,14,0.57,75193.679688,7,2.1,14,0.0,0.0,0.0,0.0,0.0,0.0,1.0
280374,0,1,3400,-56,56,-804,11,14,0.65,77238.093750,7,2.1,14,0.0,0.0,0.0,0.0,0.0,0.0,1.0
280623,0,1,3400,-56,56,-806,11,14,0.65,65460.316406,7,2.1,8.6,0.0,12285.713867,0,0.0,0.0,0.0,1.0
280872,0,1,3400,-56,56,-805,10,15,0.53,44285.714844,0,2.1,0.0,0.0,0.0,0.0,0.0,0.0,0.0,1.0
281121,0,1,3400,-56,56,-802,9.8,15,0.67,72695.648438,6,2.1,0.0,0.0,0.0,0.0,0.0,0.0,0.0,1.0
281370,0,1,3400,-56,56,-801,9.1,15,0.58,43682.539062,9,2.1,0.0,0.0,0.0,0.0,0.0,0.0,0.0,1.0
281619,0,1,3400,-56,56,-804,9.3,15,0.74,76000.000000,6,2.1,4.1,0.0,0.0,80,0.0,0.0,0.0,1.0
281868,0,1,3400,-56,56,-808,10,15,0.72,55399.210938,8,2.1,7.5,0.0,0.0,0.0,0.0,0.0,0.0,1.0
282117,0,1,3400,-56,56,-807,9.7,14,0.50,50063.492188,0,2.1,7.5,0.0,0.0,0.0,0.0,0.0,0.0,1.0
282366,0,1,3400,-56,56,-808,12,16,0.95,79904.765625,6,2.1,7.5,0.0,0.0,0.0,0.0,0.0,0.0,1.0
282615,0,1,3400,-56,56,-804,9.9,15,0.69,55301.585938,8,2.1,9.9,0.0,353460.312500,59,0.0,0.0,0.0,1.0
282864,0,1,3400,-56,56,-799,12,15,1.4,54071.144531,9,2.1,16,0.0,0.0,0.0,0.0,0.0,0.0,1.0
283113,0,1,3400,-56,56,-798,11,16,0.54,70285.710938,7,2.1,16,0.0,0.0,0.0,0.0,0.0,0.0,1.0
283362,0,1,3400,-56,56,-793,12,15,0.50,38000.000000,0,2.1,16,0.0,0.0,0.0,0.0,0.0,0.0,1.0
283611,0,1,3400,-56,56,-794,10,15,0.82,7619.047852,33,2.1,7.6,0.0,12285.713867,0,0.0,0.0,0.0,1.0
283860,0,1,3400,-56,56,-802,12,15,0.52,68932.804688,0,2.1,0.0,0.0,0.0,0.0,0.0,0.0,0.0,1.0
284109,0,1,3400,-56,56,-806,5.4,16,0.50,16349.206055,0,2.1,0.0,0.0,0.0,0.0,0.0,0.0,0.0,1.0
284358,0,1,3400,-56,56,-805,12,15,0.58,91079.367188,0,2.1,0.0,0.0,0.0,0.0,0.0,0.0,0.0,1.0
284607,0,1,3400,-56,56,-805,12,14,0.51,69660.078125,0,2.1,1.0,0.0,16569.169922,31,0.0,0.0,0.0,1.0
284856,0,1,3400,-56,56,-809,11,15,0.50,60031.746094,0,2.1,0.0,0.0,0.0,0.0,0.0,0.0,0.0,1.0
285105,0,1,3400,-56,56,-807,11,15,0.50,38571.429688,0,2.1,0.0,0.0,0.0,0.0,0.0,0.0,0.0,1.0
285354,0,1,3400,-56,56,-802,12,15,0.50,60173.914062,0,2.1,0.0,0.0,0.0,0.0,0.0,0.0,0.0,1.0
285603,0,1,3400,-56,56,-801,9.0,14,0.50,50571.429688,0,2.1,3.3,0.0,23301.587891,0,0.0,0.0,0.0,1.0
285852,0,1,3400,-56,56,-797,11,14,0.50,16603.173828,0,2.1,6.0,0.0,0.0,0.0,0.0,0.0,0.0,1.0
286101,0,1,3400,-56,56,-799,9.1,15,0.50,89269.843750,0,2.1,6.0,0.0,0.0,0.0,0.0,0.0,0.0,1.0
286350,0,1,3400,-56,56,-799,12,14,0.50,54666.667969,0,2.1,6.0,0.0,0.0,0.0,0.0,0.0,0.0,1.0
286599,0,1,3400,-56,56,-802,10,15,0.50,76317.460938,0,2.1,9.8,0.0,38698.414062,30,0.0,0.0,0.0,1.0
286848,0,1,3400,-56,56,-807,12,16,0.50,59731.226562,0,2.1,0.0,0.0,14893.280273,0,0.0,0.0,0.0,1.0
287097,0,1,3400,-56,56,-807,11,16,0.53,70857.140625,8,2.1,0.0,0.0,0.0,0.0,0.0,0.0,0.0,1.0
287346,0,1,3400,-56,56,-803,11,15,0.50,65333.332031,0,2.1,0.0,0.0,0.0,0.0,0.0,0.0,0.0,1.0
287595,0,1,3400,-56,56,-807,11,14,0.54,43365.078125,0,2.1,0.82,0.0,14190.476562,36,0.0,0.0,0.0,1.0
287844,0,1,3400,-56,56,-801,9.7,15,0.60,65581.031250,7,2.1,0.0,0.0,4332.015625,0,0.0,0.0,0.0,1.0
288093,0,1,3400,-56,56,-809,11,15,0.77,38317.460938,12,2.1,0.0,0.0,0.0,0.0,0.0,0.0,0.0,1.0
288342,0,1,3400,-56,56,-806,9.8,14,0.79,39079.363281,12,2.1,0.0,0.0,0.0,0.0,0.0,0.0,0.0,1.0
288591,0,1,3400,-56,56,-804,9.1,14,0.75,66845.851562,7,2.1,7.5,0.0,22418.972656,39,0.0,0.0,0.0,1.0
288840,0,1,3400,-56,56,-802,10,15,0.50,49682.539062,0,2.1,13,0.0,0.0,0.0,0.0,0.0,0.0,1.0
289089,0,1,3400,-56,56,-808,12,15,0.72,39206.347656,12,2.1,13,0.0,0.0,0.0,0.0,0.0,0.0,1.0
289338,0,1,3400,-56,56,-805,9.2,15,0.50,55936.507812,0,2.1,13,0.0,0.0,0.0,0.0,0.0,0.0,1.0
289587,0,1,3400,-56,56,-804,10,15,0.55,94924.898438,0,2.1,13,0.0,23209.486328,20,0.0,0.0,0.0,1.0
289836,0,1,3400,-56,56,-807,9.4,15,0.59,65460.316406,0,2.1,14,0.0,0.0,0.0,0.0,0.0,0.0,1.0
290085,0,1,3400,-56,56,-804,9.1,15,0.50,54476.191406,0,2.1,14,0.0,0.0,0.0,0.0,0.0,0.0,1.0
290334,0,1,3400,-56,56,-806,11,15,0.50,54031.746094,0,2.1,14,0.0,0.0,0.0,0.0,0.0,0.0,1.0
290583,0,1,3400,-56,56,-808,12,15,0.94,36901.187500,10,2.1,14,0.0,23209.486328,0,0.0,0.0,0.0,1.0
290832,0,1,3400,-56,56,-810,12,15,0.55,59206.347656,0,2.1,14,0.0,0.0,0.0,0.0,0.0,0.0,1.0
291081,0,1,3400,-56,56,-808,10,15,0.50,49936.507812,0,2.1,14,0.0,0.0,0.0,0.0,0.0,0.0,1.0
291330,0,1,3400,-56,56,-806,7.8,14,0.50,55588.933594,0,2.1,14,0.0,0.0,0.0,0.0,0.0,0.0,1.0
291579,0,1,3400,-56,56,-798,11,15,0.50,60031.746094,0,2.1,14,0.0,23301.587891,0,0.0,0.0,0.0,1.0
291828,0,1,3400,-56,56,-796,10,14,1.0,38634.921875,11,2.1,14,0.0,0.0,0.0,0.0,0.0,0.0,1.0
292077,0,1,3400,-56,56,-804,7.7,14,0.50,44571.429688,0,2.1,13,0.0,0.0,0.0,0.0,0.0,0.0,1.0
292326,0,1,3400,-56,56,-803,9.1,15,0.50,66656.125000,0,2.1,14,0.0,0.0,0.0,0.0,0.0,0.0,1.0
292575,0,1,3400,-56,56,-801,9.5,15,0.50,81936.507812,0,2.1,14,0.0,131682.546875,41,0.0,0.0,0.0,1.0
292824,0,1,3400,-56,56,-798,8.7,14,0.50,72031.742188,0,2.1,16,0.0,0.0,0.0,0.0,0.0,0.0,1.0
293073,0,1,3400,-56,56,-804,9.9,15,0.50,66095.234375,0,2.1,16,0.0,0.0,0.0,0.0,0.0,0.0,1.0
293322,0,1,3400,-56,56,-804,10,15,0.58,87209.484375,0,2.1,16,0.0,0.0,0.0,0.0,0.0,0.0,1.0
293571,0,1,3400,-56,56,-797,11,15,0.53,81587.304688,6,2.1,15,0.0,176222.218750,63,0.0,0.0,0.0,1.0
293820,0,1,3400,-56,56,-802,11,15,0.51,59047.617188,0,2.1,16,0.0,0.0,0.0,0.0,0.0,0.0,1.0
294069,0,1,3400,-56,56,-806,10,15,0.66,52268.773438,0,2.1,16,0.0,0.0,0.0,0.0,0.0,0.0,1.0
294318,0,1,3400,-56,56,-807,11,15,0.58,97269.843750,0,2.1,16,0.0,0.0,0.0,0.0,0.0,0.0,1.0
294567,0,1,3400,-56,56,-798,13,15,0.95,37904.761719,25,2.1,13,0.0,12285.713867,0,0.0,0.0,0.0,1.0
294816,0,1,3400,-56,56,-793,9.2,15,0.77,65619.046875,0,2.1,0.0,0.0,0.0,0.0,0.0,0.0,0.0,1.0
295065,0,1,3400,-56,56,-798,9.4,15,1.3,37660.078125,11,2.1,0.0,0.0,0.0,0.0,0.0,0.0,0.0,1.0
295314,0,1,3400,-56,56,-801,8.3,14,0.88,70730.156250,0,2.1,0.0,0.0,0.0,0.0,0.0,0.0,0.0,1.0
295563,0,1,3400,-56,56,-799,10,16,1.2,45682.539062,18,2.1,3.2,0.0,19301.587891,31,0.0,0.0,0.0,1.0
295812,0,1,3400,-56,56,-804,12,14,0.78,37913.042969,0,2.1,1.5,0.0,0.0,0.0,0.0,0.0,0.0,1.0
296061,0,1,3400,-56,56,-804,9.7,15,0.68,54539.683594,0,2.1,1.5,0.0,0.0,0.0,0.0,0.0,0.0,1.0
296310,0,1,3400,-56,56,-804,11,15,1.3,65523.808594,14,2.1,1.5,0.0,0.0,0.0,0.0,0.0,0.0,1.0
296559,0,1,3400,-56,56,-803,9.7,15,1.0,32857.144531,18,2.1,3.9,0.0,81777.781250,33,0.0,0.0,0.0,1.0
296808,0,1,3400,-56,56,-801,12,15,0.93,52332.015625,15,2.1,7.0,0.0,0.0,0.0,0.0,0.0,0.0,1.0
297057,0,1,3400,-56,56,-800,11,16,0.52,66412.695312,0,2.1,7.0,0.0,0.0,0.0,0.0,0.0,0.0,1.0
297306,0,1,3400,-56,56,-802,9.9,14,0.91,81714.289062,14,2.1,7.0,0.0,0.0,0.0,0.0,0.0,0.0,1.0
297555,0,1,3400,-56,56,-808,11,14,0.50,38825.398438,0,2.1,11,0.0,277269.843750,57,0.0,0.0,0.0,1.0
297804,0,1,3400,-56,56,-805,12,15,0.50,43256.917969,0,2.1,16,0.0,0.0,0.0,0.0,0.0,0.0,1.0
298053,0,1,3400,-56,56,-801,9.0,15,0.50,66285.710938,0,2.1,16,0.0,0.0,0.0,0.0,0.0,0.0,1.0
298302,0,1,3400,-56,56,-806,9.3,14,0.50,63146.246094,0,2.1,16,0.0,0.0,0.0,0.0,0.0,0.0,1.0
298551,0,1,3400,-56,56,-808,11,15,0.50,59142.855469,0,2.1,16,0.0,15460.317383,57,0.0,0.0,0.0,1.0
298800,0,1,3400,-56,56,-803,11,15,0.50,86095.234375,0,2.1,0.16,0.0,7936.507812,0,0.0,0.0,0.0,1.0
299049,0,1,3400,-56,56,-805,9.3,15,0.67,37809.523438,12,2.1,0.0,0.0,0.0,0.0,0.0,0.0,0.0,1.0
299298,0,1,3400,-56,56,-803,10,15,0.54,77492.062500,6,2.1,0.0,0.0,0.0,0.0,0.0,0.0,0.0,1.0
299547,0,1,3400,-56,56,-799,11,15,0.51,87492.062500,5,2.1,7.9,0.0,289746.031250,54,0.0,0.0,0.0,1.0
299796,0,1,3400,-56,56,-798,12,15,0.50,59682.539062,0,2.1,16,0.0,0.0,0.0,0.0,0.0,0.0,1.0
300045,0,1,3400,-56,56,-796,12,15,0.51,42845.851562,0,2.1,16,0.0,0.0,0.0,0.0,0.0,0.0,1.0
300294,0,1,3400,-56,56,-792,12,15,0.55,64984.128906,0,2.1,16,0.0,0.0,0.0,0.0,0.0,0.0,1.0
300543,0,1,3400,-56,56,-793,14,14,0.56,64126.984375,8,2.1,15,0.0,369238.093750,47,0.0,0.0,0.0,1.0
300792,0,1,3400,-56,56,-803,9.9,15,0.50,54703.558594,0,2.1,16,0.0,0.0,0.0,0.0,0.0,0.0,1.0
301041,0,1,3400,-56,56,-802,12,15,0.72,54158.730469,9,2.1,16,0.0,0.0,0.0,0.0,0.0,0.0,1.0
301290,0,1,3400,-56,56,-801,10,14,0.50,60412.699219,0,2.1,16,0.0,0.0,0.0,0.0,0.0,0.0,1.0
301539,0,1,3400,-56,56,-801,9.8,14,0.91,64948.617188,6,2.1,13,0.0,66719.367188,33,0.0,0.0,0.0,1.0
301788,0,1,3400,-56,56,-803,9.0,15,1.1,27238.095703,14,2.1,9.0,0.0,0.0,0.0,0.0,0.0,0.0,1.0
302037,0,1,3400,-56,56,-804,9.0,15,0.56,54126.984375,8,2.1,9.0,0.0,0.0,0.0,0.0,0.0,0.0,1.0
302286,0,1,3400,-56,56,-797,9.7,15,0.64,71777.781250,6,2.1,9.0,0.0,0.0,0.0,0.0,0.0,0.0,1.0
302535,0,1,3400,-56,56,-796,9.7,15,0.50,80727.273438,0,2.1,12,0.0,227889.328125,62,0.0,0.0,0.0,1.0
302784,0,1,3400,-56,56,-797,11,15,0.50,87365.078125,0,2.1,16,0.0,0.0,0.0,0.0,0.0,0.0,1.0
303033,0,1,3400,-56,56,-797,10,15,0.89,55174.601562,9,2.1,16,0.0,0.0,0.0,0.0,0.0,0.0,1.0
303282,0,1,3400,-56,56,-804,12,15,0.50,27333.333984,0,2.1,16,0.0,0.0,0.0,0.0,0.0,0.0,1.0
303531,0,1,3400,-56,56,-808,11,14,0.50,59193.675781,0,2.1,16,0.0,275952.562500,52,0.0,0.0,0.0,1.0
303780,0,1,3400,-56,56,-809,9.6,15,0.50,59777.777344,0,2.1,16,0.0,0.0,0.0,0.0,0.0,0.0,1.0
304029,0,1,3400,-56,56,-813,9.7,14,0.50,66920.632812,0,2.1,16,0.0,0.0,0.0,0.0,0.0,0.0,1.0
304278,0,1,3400,-56,56,-807,12,15,0.50,48695.652344,0,2.1,16,0.0,0.0,0.0,0.0,0.0,0.0,1.0
304527,0,1,3400,-56,56,-799,12,15,0.50,72031.742188,0,2.1,14,0.0,15460.317383,0,0.0,0.0,0.0,1.0
304776,0,1,3400,-56,56,-803,9.9,15,0.50,48920.636719,0,2.1,12,0.0,0.0,0.0,0.0,0.0,0.0,1.0
305025,0,1,3400,-56,56,-807,12,15,0.50,32952.382812,0,2.1,12,0.0,0.0,0.0,0.0,0.0,0.0,1.0
305274,0,1,3400,-56,56,-805,11,14,0.89,59889.328125,12,2.1,12,0.0,0.0,0.0,0.0,0.0,0.0,1.0
305523,0,1,3400,-56,56,-800,9.3,15,0.64,76031.742188,7,2.1,13,0.0,20761.904297,20,0.0,0.0,0.0,1.0
305772,0,1,3400,-56,56,-801,11,15,0.50,48793.652344,0,2.1,14,0.0,0.0,0.0,0.0,0.0,0.0,1.0
306021,0,1,3400,-56,56,-804,11,15,0.50,48476.191406,0,2.1,14,0.0,0.0,0.0,0.0,0.0,0.0,1.0
306270,0,1,3400,-56,56,-807,8.6,15,0.55,54703.558594,0,2.1,14,0.0,0.0,0.0,0.0,0.0,0.0,1.0
306519,0,1,3400,-56,56,-806,9.1,15,0.50,75142.859375,0,2.1,14,0.0,29682.539062,14,0.0,0.0,0.0,1.0
306768,0,1,3400,-56,56,-812,10,14,0.72,57174.601562,15,2.1,14,0.0,0.0,0.0,0.0,0.0,0.0,1.0
307017,0,1,3400,-56,56,-810,10,15,0.81,49612.648438,0,2.1,14,0.0,0.0,0.0,0.0,0.0,0.0,1.0
307266,0,1,3400,-56,56,-800,11,15,1.2,49809.523438,10,2.1,14,0.0,0.0,0.0,0.0,0.0,0.0,1.0
307515,0,1,3400,-56,56,-799,12,15,0.50,27079.365234,0,2.1,9.5,0.0,13746.032227,33,0.0,0.0,0.0,1.0
307764,0,1,3400,-56,56,-801,10.0,15,1.0,44190.476562,9,2.1,0.0,0.0,0.0,0.0,0.0,0.0,0.0,1.0
308013,0,1,3400,-56,56,-802,11,15,1.1,73075.101562,13,2.1,0.0,0.0,0.0,0.0,0.0,0.0,0.0,1.0
308262,0,1,3400,-56,56,-809,11,14,0.50,49301.585938,0,2.1,0.0,0.0,0.0,0.0,0.0,0.0,0.0,1.0
308511,0,1,3400,-56,56,-806,12,15,0.50,43936.507812,0,2.1,6.2,0.0,15460.317383,0,0.0,0.0,0.0,1.0
308760,0,1,3400,-56,56,-806,11,15,1.6,43193.675781,18,2.1,12,0.0,0.0,0.0,0.0,0.0,0.0,1.0
309009,0,1,3400,-56,56,-806,11,14,0.54,91873.015625,0,2.1,12,0.0,0.0,0.0,0.0,0.0,0.0,1.0
309258,0,1,3400,-56,56,-803,12,15,0.50,59650.792969,0,2.1,12,0.0,0.0,0.0,0.0,0.0,0.0,1.0
309507,0,1,3400,-56,56,-804,9.7,15,0.58,48920.636719,8,2.1,12,0.0,16920.634766,50,0.0,0.0,0.0,1.0
309756,0,1,3400,-56,56,-802,12,15,0.60,66086.953125,0,2.1,0.0,0.0,6893.280762,0,0.0,0.0,0.0,1.0
310005,0,1,3400,-56,56,-799,10,15,0.50,73936.507812,0,2.1,0.0,0.0,0.0,0.0,0.0,0.0,0.0,1.0
310254,0,1,3400,-56,56,-800,12,15,0.50,39555.554688,0,2.1,0.0,0.0,0.0,0.0,0.0,0.0,0.0,1.0
310503,0,1,3400,-56,56,-803,12,16,0.50,43619.046875,0,2.1,4.1,0.0,0.0,80,0.0,0.0,0.0,1.0
310752,0,1,3400,-56,56,-800,12,15,0.68,37913.042969,12,2.1,7.5,0.0,0.0,0.0,0.0,0.0,0.0,1.0
311001,0,1,3400,-56,56,-799,9.4,14,1.1,50253.968750,0,2.1,7.5,0.0,0.0,0.0,0.0,0.0,0.0,1.0
311250,0,1,3400,-56,56,-797,6.8,15,0.50,21936.507812,0,2.1,7.5,0.0,0.0,0.0,0.0,0.0,0.0,1.0
311499,0,1,3400,-56,56,-803,14,16,0.50,70126.984375,0,2.1,9.9,0.0,15460.317383,0,0.0,0.0,0.0,1.0
311748,0,1,3400,-56,56,-807,11,15,0.72,49992.093750,9,2.1,12,0.0,0.0,0.0,0.0,0.0,0.0,1.0
311997,0,1,3400,-56,56,-806,10,15,0.65,55428.570312,0,2.1,12,0.0,0.0,0.0,0.0,0.0,0.0,1.0
312246,0,1,3400,-56,56,-809,9.4,14,0.50,43428.570312,0,2.1,12,0.0,0.0,0.0,0.0,0.0,0.0,1.0
312495,0,1,3400,-56,56,-806,9.1,14,0.75,77596.835938,6,2.1,14,0.0,232853.750000,63,0.0,0.0,0.0,1.0
312744,0,1,3400,-56,56,-806,10,15,0.63,60222.222656,8,2.1,16,0.0,0.0,0.0,0.0,0.0,0.0,1.0
312993,0,1,3400,-56,56,-806,14,14,0.99,44317.460938,10,2.1,16,0.0,0.0,0.0,0.0,0.0,0.0,1.0
313242,0,1,3400,-56,56,-801,11,15,0.59,48189.722656,0,2.1,16,0.0,0.0,0.0,0.0,0.0,0.0,1.0
313491,0,1,3400,-56,56,-799,10.0,15,0.50,93777.781250,0,2.1,8.3,0.0,18539.681641,33,0.0,0.0,0.0,1.0
313740,0,1,3400,-56,56,-802,11,15,0.50,70698.414062,0,2.1,0.0,0.0,0.0,0.0,0.0,0.0,0.0,1.0
313989,0,1,3400,-56,56,-803,12,15,0.50,81206.351562,0,2.1,0.0,0.0,0.0,0.0,0.0,0.0,0.0,1.0
314238,0,1,3400,-56,56,-802,11,15,0.50,42940.710938,0,2.1,0.0,0.0,0.0,0.0,0.0,0.0,0.0,1.0
314487,0,1,3400,-56,56,-797,12,15,0.89,32761.904297,22,2.1,5.4,0.0,315523.812500,59,0.0,0.0,0.0,1.0
314736,0,1,3400,-56,56,-803,11,15,0.58,42920.636719,0,2.1,16,0.0,0.0,0.0,0.0,0.0,0.0,1.0
314985,0,1,3400,-56,56,-801,10,15,0.50,35460.316406,0,2.1,16,0.0,0.0,0.0,0.0,0.0,0.0,1.0
315234,0,1,3400,-56,56,-803,11,14,0.67,37913.042969,12,2.1,16,0.0,0.0,0.0,0.0,0.0,0.0,1.0
315483,0,1,3400,-56,56,-798,11,15,0.50,38317.460938,0,2.1,8.3,0.0,15174.603516,33,0.0,0.0,0.0,1.0
315732,0,1,3400,-56,56,-801,7.1,15,0.50,64825.398438,0,2.1,0.0,0.0,0.0,0.0,0.0,0.0,0.0,1.0
315981,0,1,3400,-56,56,-798,11,15,0.55,72031.742188,0,2.1,0.0,0.0,0.0,0.0,0.0,0.0,0.0,1.0
316230,0,1,3400,-56,56,-800,11,15,0.50,42687.746094,0,2.1,0.0,0.0,0.0,0.0,0.0,0.0,0.0,1.0
316479,0,1,3400,-56,56,-802,7.0,15,0.66,70095.234375,4,2.1,7.9,0.0,208126.984375,62,0.0,0.0,0.0,1.0
316728,0,1,3400,-56,56,-804,9.4,14,0.89,122380.953125,7,2.1,16,0.0,0.0,0.0,0.0,0.0,0.0,1.0
316977,0,1,3400,-56,56,-804,10,15,0.55,87777.781250,0,2.1,16,0.0,0.0,0.0,0.0,0.0,0.0,1.0
317226,0,1,3400,-56,56,-806,12,15,0.50,26972.332031,0,2.1,16,0.0,0.0,0.0,0.0,0.0,0.0,1.0
317475,0,1,3400,-56,56,-802,10,15,0.77,64952.382812,7,2.1,7.6,0.0,12285.713867,0,0.0,0.0,0.0,1.0
317724,0,1,3400,-56,56,-800,10,15,0.50,59206.347656,0,2.1,0.0,0.0,0.0,0.0,0.0,0.0,0.0,1.0
317973,0,1,3400,-56,56,-800,13,15,0.50,16284.584961,0,2.1,0.0,0.0,0.0,0.0,0.0,0.0,0.0,1.0
318222,0,1,3400,-56,56,-802,11,14,0.51,54761.906250,0,2.1,0.0,0.0,0.0,0.0,0.0,0.0,0.0,1.0
318471,0,1,3400,-56,56,-803,12,15,0.50,52984.128906,0,2.1,2.8,0.0,166222.218750,68,0.0,0.0,0.0,1.0
318720,0,1,3400,-56,56,-800,12,15,0.63,60412.699219,7,2.1,16,0.0,53714.285156,0,0.0,0.0,0.0,1.0
318969,0,1,3400,-56,56,-799,7.8,15,0.96,66150.195312,15,2.1,16,0.0,0.0,0.0,0.0,0.0,0.0,1.0
319218,0,1,3400,-56,56,-805,13,15,0.68,80920.632812,7,2.1,16,0.0,0.0,0.0,0.0,0.0,0.0,1.0
319467,0,1,3400,-56,56,-801,9.1,15,0.50,92063.492188,0,2.1,16,0.0,11746.032227,50,0.0,0.0,0.0,1.0
319716,0,1,3400,-56,56,-808,9.6,14,0.50,55428.570312,0,2.1,18,0.0,0.0,0.0,0.0,0.0,0.0,1.0
319965,0,1,3400,-56,56,-811,9.5,15,0.50,44015.808594,0,2.1,18,0.0,0.0,0.0,0.0,0.0,0.0,1.0
320214,0,1,3400,-56,56,-805,11,14,0.50,54793.652344,0,2.1,18,0.0,0.0,0.0,0.0,0.0,0.0,1.0
320463,0,1,3400,-56,56,-801,11,14,0.53,43682.539062,0,2.1,20,0.0,0.0,80,0.0,0.0,0.0,1.0
320712,0,1,3400,-56,56,-800,12,14,1.2,85809.523438,11,2.1,22,0.0,0.0,0.0,0.0,0.0,0.0,1.0
320961,0,1,3400,-56,56,-806,7.7,14,0.50,66253.968750,0,2.1,22,0.0,0.0,0.0,0.0,0.0,0.0,1.0
321210,0,1,3400,-56,56,-805,8.4,15,0.50,21818.181641,0,2.1,22,0.0,0.0,0.0,0.0,0.0,0.0,1.0
321459,0,1,3400,-56,56,-808,9.1,15,0.54,49682.539062,0,2.1,16,0.0,15460.317383,0,0.0,0.0,0.0,1.0
321708,0,1,3400,-56,56,-805,9.7,15,0.50,38063.492188,0,2.1,12,0.0,0.0,0.0,0.0,0.0,0.0,1.0
321957,0,1,3400,-56,56,-801,11,15,0.81,48411.066406,8,2.1,12,0.0,0.0,0.0,0.0,0.0,0.0,1.0
322206,0,1,3400,-56,56,-807,9.6,15,0.67,49936.507812,0,2.1,12,0.0,0.0,0.0,0.0,0.0,0.0,1.0
322455,0,1,3400,-56,56,-807,10.0,14,0.53,54761.906250,0,2.1,7.9,0.0,23841.269531,36,0.0,0.0,0.0,1.0
322704,0,1,3400,-56,56,-801,12,15,0.50,49301.585938,0,2.1,0.0,0.0,0.0,0.0,0.0,0.0,0.0,1.0
322953,0,1,3400,-56,56,-806,11,15,0.50,27225.296875,0,2.1,0.0,0.0,0.0,0.0,0.0,0.0,0.0,1.0
323202,0,1,3400,-56,56,-805,11,15,0.63,91873.015625,5,2.1,0.0,0.0,0.0,0.0,0.0,0.0,0.0,1.0
323451,0,1,3400,-56,56,-803,10,15,0.50,43428.570312,0,2.1,0.82,0.0,12412.698242,36,0.0,0.0,0.0,1.0
323700,0,1,3400,-56,56,-803,9.7,15,0.50,64632.410156,0,2.1,0.0,0.0,0.0,0.0,0.0,0.0,0.0,1.0
323949,0,1,3400,-56,56,-800,8.2,15,0.50,56828.683594,0,2.1,0.0,0.0,0.0,0.0,0.0,0.0,0.0,1.0
324198,0,1,3400,-56,56,-802,7.8,16,0.50,48632.410156,0,2.1,0.0,0.0,0.0,0.0,0.0,0.0,0.0,1.0
324447,0,1,3400,-56,56,-807,12,14,0.53,71682.539062,0,2.1,0.82,0.0,7269.841309,36,0.0,0.0,0.0,1.0
324696,0,1,3400,-56,56,-806,7.9,15,0.50,70735.179688,0,2.1,0.0,0.0,0.0,0.0,0.0,0.0,0.0,1.0
324945,0,1,3400,-56,56,-808,9.7,15,1.2,32380.953125,22,2.1,0.0,0.0,0.0,0.0,0.0,0.0,0.0,1.0
325194,0,1,3400,-56,56,-808,9.9,14,0.50,83396.828125,0,2.1,0.064,0.0,0.0,0.0,0.0,0.0,0.0,1.0
325443,0,1,3400,-56,56,-805,12,15,0.50,64730.160156,0,2.1,2.2,0.0,23015.873047,0,0.0,0.0,0.0,1.0
325692,0,1,3400,-56,56,-795,12,16,1.2,69786.562500,6,2.1,0.0,0.0,0.0,0.0,0.0,0.0,0.0,1.0
325941,0,1,3400,-56,56,-801,7.8,15,0.50,49269.839844,0,2.1,0.0,0.0,0.0,0.0,0.0,0.0,0.0,1.0
326190,0,1,3400,-56,56,-809,12,14,0.50,75111.109375,0,2.1,0.0,0.0,0.0,0.0,0.0,0.0,0.0,1.0
326439,0,1,3400,-56,56,-805,9.4,14,0.50,55873.015625,0,2.1,0.0,0.0,8000.000000,0,0.0,0.0,0.0,1.0
326688,0,1,3400,-56,56,-803,12,14,0.50,70482.210938,0,2.1,0.0,0.0,0.0,0.0,0.0,0.0,0.0,1.0
326937,0,1,3400,-56,56,-803,11,15,0.81,64984.128906,7,2.1,0.0,0.0,0.0,0.0,0.0,0.0,0.0,1.0
327186,0,1,3400,-56,56,-808,10,15,1.0,54507.937500,0,2.1,0.0,0.0,0.0,0.0,0.0,0.0,0.0,1.0
327435,0,1,3400,-56,56,-806,15,15,1.4,58253.968750,15,2.1,7.9,0.0,320761.906250,48,0.0,0.0,0.0,1.0
327684,0,1,3400,-56,56,-800,13,15,1.0,69596.835938,0,2.1,16,0.0,0.0,0.0,0.0,0.0,0.0,1.0
327933,0,1,3400,-56,56,-805,10,15,0.50,98793.648438,0,2.1,16,0.0,0.0,0.0,0.0,0.0,0.0,1.0
328182,0,1,3400,-56,56,-796,11,14,0.67,71365.078125,12,2.1,16,0.0,0.0,0.0,0.0,0.0,0.0,1.0
328431,0,1,3400,-56,56,-802,12,15,1.2,130845.851562,4,2.1,14,0.0,18972.332031,40,0.0,0.0,0.0,1.0
328680,0,1,3400,-56,56,-800,9.3,15,0.53,43555.554688,0,2.1,12,0.0,0.0,0.0,0.0,0.0,0.0,1.0
328929,0,1,3400,-56,56,-799,13,15,1.3,48285.714844,25,2.1,12,0.0,0.0,0.0,0.0,0.0,0.0,1.0
329178,0,1,3400,-56,56,-801,8.5,15,0.50,48158.730469,0,2.1,12,0.0,0.0,0.0,0.0,0.0,0.0,1.0
329427,0,1,3400,-56,56,-806,9.9,15,0.58,60300.394531,7,2.1,13,80,3573.122559,0,0.0,0.0,0.0,1.0
329676,0,1,3400,-56,56,-802,8.2,14,0.50,41365.078125,0,2.1,14,80,0.0,0.0,0.0,0.0,0.0,1.0
329925,0,1,3400,-56,56,-799,11,15,0.50,54666.667969,0,2.1,1.0,0.0,8698.413086,0,0.0,0.0,0.0,1.0
330174,0,1,3400,-56,56,-801,12,15,0.50,58952.382812,0,2.1,0.0,0.0,0.0,0.0,0.0,0.0,0.0,1.0
330423,0,1,3400,-56,56,-802,13,15,0.57,58150.199219,8,2.1,7.9,0.0,267636.375000,53,0.0,0.0,0.0,1.0
330672,0,1,3400,-56,56,-805,9.7,15,0.58,42571.429688,0,2.1,16,0.0,0.0,0.0,0.0,0.0,0.0,1.0
330921,0,1,3400,-56,56,-808,9.2,15,0.57,60158.730469,13,2.1,16,0.0,0.0,0.0,0.0,0.0,0.0,1.0
331170,0,1,3400,-56,56,-802,10,15,0.81,48126.480469,8,2.1,16,0.0,0.0,0.0,0.0,0.0,0.0,1.0
331419,0,1,3400,-56,56,-802,12,16,0.50,64634.921875,0,2.1,8.3,0.0,18539.681641,33,0.0,0.0,0.0,1.0
331668,0,1,3400,-56,56,-805,13,15,0.50,48476.191406,0,2.1,0.0,0.0,0.0,0.0,0.0,0.0,0.0,1.0
331917,0,1,3400,-56,56,-801,11,15,0.72,75619.046875,0,2.1,0.0,0.0,0.0,0.0,0.0,0.0,0.0,1.0
332166,0,1,3400,-56,56,-804,8.9,14,1.1,45090.910156,10,2.1,0.0,0.0,0.0,0.0,0.0,0.0,0.0,1.0
332415,0,1,3400,-56,56,-799,10.0,15,0.50,66666.664062,0,2.1,0.82,0.0,12412.698242,36,0.0,0.0,0.0,1.0
332664,0,1,3400,-56,56,-799,9.1,14,0.50,33079.363281,0,2.1,0.0,0.0,0.0,0.0,0.0,0.0,0.0,1.0
332913,0,1,3400,-56,56,-806,8.2,15,0.50,43555.554688,0,2.1,0.0,0.0,0.0,0.0,0.0,0.0,0.0,1.0
333162,0,1,3400,-56,56,-805,9.0,15,0.93,39588.933594,10,2.1,0.0,0.0,0.0,0.0,0.0,0.0,0.0,1.0
333411,0,1,3400,-56,56,-803,8.9,15,0.73,70253.968750,6,2.1,7.9,0.0,277269.843750,57,0.0,0.0,0.0,1.0
333660,0,1,3400,-56,56,-806,11,14,0.86,49301.585938,10,2.1,16,0.0,0.0,0.0,0.0,0.0,0.0,1.0
333909,0,1,3400,-56,56,-807,11,15,0.58,44015.808594,0,2.1,16,0.0,0.0,0.0,0.0,0.0,0.0,1.0
334158,0,1,3400,-56,56,-807,11,15,0.51,48476.191406,0,2.1,16,0.0,0.0,0.0,0.0,0.0,0.0,1.0
334407,0,1,3400,-56,56,-803,12,16,0.50,58507.937500,0,2.1,14,0.0,15460.317383,0,0.0,0.0,0.0,1.0
334656,0,1,3400,-56,56,-809,12,15,0.50,48730.160156,0,2.1,12,0.0,0.0,0.0,0.0,0.0,0.0,1.0
334905,0,1,3400,-56,56,-807,11,15,0.55,79241.109375,10,2.1,12,0.0,0.0,0.0,0.0,0.0,0.0,1.0
335154,0,1,3400,-56,56,-804,12,15,0.82,59206.347656,0,2.1,12,0.0,0.0,0.0,0.0,0.0,0.0,1.0
335403,0,1,3400,-56,56,-798,9.0,14,0.50,82666.664062,0,2.1,13,0.0,23301.587891,33,0.0,0.0,0.0,1.0
335652,0,1,3400,-56,56,-801,10.0,15,0.50,10984.126953,0,2.1,14,0.0,0.0,0.0,0.0,0.0,0.0,1.0
335901,0,1,3400,-56,56,-806,11,14,0.50,33328.062500,0,2.1,14,0.0,0.0,0.0,0.0,0.0,0.0,1.0
336150,0,1,3400,-56,56,-801,9.9,15,0.68,49809.523438,10,2.1,14,0.0,0.0,0.0,0.0,0.0,0.0,1.0
336399,0,1,3400,-56,56,-797,11,15,0.65,43777.777344,10,2.1,8.4,0.0,23714.285156,36,0.0,0.0,0.0,1.0
336648,0,1,3400,-56,56,-799,12,15,1.2,48853.753906,0,2.1,0.0,0.0,0.0,0.0,0.0,0.0,0.0,1.0
336897,0,1,3400,-56,56,-804,15,15,0.84,52761.906250,8,2.1,0.0,0.0,0.0,0.0,0.0,0.0,0.0,1.0
337146,0,1,3400,-56,56,-805,9.9,14,0.50,32253.968750,0,2.1,0.0,0.0,0.0,0.0,0.0,0.0,0.0,1.0
337395,0,1,3400,-56,56,-802,10,15,1.2,32952.382812,14,2.1,6.2,0.0,15460.317383,0,0.0,0.0,0.0,1.0
337644,0,1,3400,-56,56,-799,12,14,1.4,47715.414062,14,2.1,12,0.0,0.0,0.0,0.0,0.0,0.0,1.0
337893,0,1,3400,-56,56,-805,9.8,14,0.64,49238.093750,0,2.1,12,0.0,0.0,0.0,0.0,0.0,0.0,1.0
338142,0,1,3400,-56,56,-805,11,15,0.50,42730.160156,0,2.1,12,0.0,0.0,0.0,0.0,0.0,0.0,1.0
338391,0,1,3400,-56,56,-809,11,14,0.50,58158.730469,0,2.1,13,0.0,23301.587891,0,0.0,0.0,0.0,1.0
338640,0,1,3400,-56,56,-805,9.7,15,0.53,104948.617188,0,2.1,14,0.0,0.0,0.0,0.0,0.0,0.0,1.0
338889,0,1,3400,-56,56,-811,10,15,0.50,10984.126953,0,2.1,14,0.0,0.0,0.0,0.0,0.0,0.0,1.0
339138,0,1,3400,-56,56,-808,9.9,14,0.70,27174.603516,0,2.1,14,0.0,0.0,0.0,0.0,0.0,0.0,1.0
339387,0,1,3400,-56,56,-807,10,15,0.55,65644.265625,0,2.1,8.8,0.0,27952.568359,31,0.0,0.0,0.0,1.0
339636,0,1,3400,-56,56,-802,11,15,1.0,65047.617188,6,2.1,1.0,0.0,0.0,0.0,0.0,0.0,0.0,1.0
339885,0,1,3400,-56,56,-805,11,14,0.63,49301.585938,10,2.1,1.0,0.0,0.0,0.0,0.0,0.0,0.0,1.0
340134,0,1,3400,-56,56,-808,12,15,0.50,91904.765625,0,2.1,1.0,0.0,0.0,0.0,0.0,0.0,0.0,1.0
340383,0,1,3400,-56,56,-803,9.0,15,0.50,85944.664062,0,2.1,2.5,0.0,0.0,80,0.0,0.0,0.0,1.0
340632,0,1,3400,-56,56,-804,9.6,16,0.53,92253.968750,0,2.1,7.5,0.0,0.0,0.0,0.0,0.0,0.0,1.0
340881,0,1,3400,-56,56,-804,12,15,0.89,21714.285156,20,2.1,7.5,0.0,0.0,0.0,0.0,0.0,0.0,1.0
341130,0,1,3400,-56,56,-798,9.2,16,0.53,78222.218750,5,2.1,7.5,0.0,0.0,0.0,0.0,0.0,0.0,1.0
341379,0,1,3400,-56,56,-795,8.6,15,1.2,27415.019531,14,2.1,7.7,0.0,21628.458984,33,0.0,0.0,0.0,1.0
341628,0,1,3400,-56,56,-802,13,15,1.1,37555.554688,0,2.1,6.5,0.0,0.0,0.0,0.0,0.0,0.0,1.0
341877,0,1,3400,-56,56,-803,12,15,0.54,16349.206055,25,2.1,6.5,0.0,0.0,0.0,0.0,0.0,0.0,1.0
342126,0,1,3400,-56,56,-803,13,15,0.50,69492.062500,0,2.1,6.5,0.0,0.0,0.0,0.0,0.0,0.0,1.0
342375,0,1,3400,-56,56,-806,11,14,0.51,80316.203125,0,2.1,5.0,0.0,30102.767578,0,0.0,0.0,0.0,1.0
342624,0,1,3400,-56,56,-802,13,14,0.65,21206.349609,0,2.1,0.0,0.0,0.0,0.0,0.0,0.0,0.0,1.0
342873,0,1,3400,-56,56,-805,9.6,15,0.51,72539.679688,0,2.1,0.0,0.0,0.0,0.0,0.0,0.0,0.0,1.0
343122,0,1,3400,-56,56,-808,11,15,1.1,50592.886719,17,2.1,0.0,0.0,0.0,0.0,0.0,0.0,0.0,1.0
343371,0,1,3400,-56,56,-804,11,15,0.54,59238.093750,0,2.1,0.82,0.0,12412.698242,36,0.0,0.0,0.0,1.0
343620,0,1,3400,-56,56,-803,11,15,0.78,78634.921875,6,2.1,0.0,0.0,0.0,0.0,0.0,0.0,0.0,1.0
343869,0,1,3400,-56,56,-805,11,14,0.55,65492.062500,0,2.1,0.0,0.0,0.0,0.0,0.0,0.0,0.0,1.0
344118,0,1,3400,-56,56,-810,9.5,15,0.50,70861.656250,0,2.1,0.0,0.0,0.0,0.0,0.0,0.0,0.0,1.0
344367,0,1,3400,-56,56,-803,9.9,15,0.88,72000.000000,13,2.1,0.82,0.0,11904.761719,36,0.0,0.0,0.0,1.0
344616,0,1,3400,-56,56,-803,11,15,0.50,71206.351562,0,2.1,0.0,0.0,0.0,0.0,0.0,0.0,0.0,1.0
344865,0,1,3400,-56,56,-806,11,14,0.57,71399.210938,0,2.1,0.0,0.0,0.0,0.0,0.0,0.0,0.0,1.0
345114,0,1,3400,-56,56,-802,6.8,15,0.50,49555.554688,0,2.1,0.0,0.0,0.0,0.0,0.0,0.0,0.0,1.0
345363,0,1,3400,-56,56,-800,11,15,1.3,43428.570312,27,2.1,0.82,0.0,14190.476562,36,0.0,0.0,0.0,1.0
345612,0,1,3400,-56,56,-798,11,16,0.68,65333.332031,0,2.1,0.0,0.0,4349.206543,0,0.0,0.0,0.0,1.0
345861,0,1,3400,-56,56,-802,12,15,0.66,54513.835938,0,2.1,0.0,0.0,0.0,0.0,0.0,0.0,0.0,1.0
346110,0,1,3400,-56,56,-804,11,14,0.60,98412.695312,0,2.1,0.0,0.0,0.0,0.0,0.0,0.0,0.0,1.0
346359,0,1,3400,-56,56,-802,9.6,15,0.54,75333.335938,0,2.1,0.0,0.0,23428.572266,0,0.0,0.0,0.0,1.0
346608,0,1,3400,-56,56,-803,11,14,0.50,60253.968750,0,2.1,0.0,0.0,0.0,0.0,0.0,0.0,0.0,1.0
346857,0,1,3400,-56,56,-807,11,15,0.50,54197.628906,0,2.1,0.0,0.0,0.0,0.0,0.0,0.0,0.0,1.0
347106,0,1,3400,-56,56,-804,11,15,1.1,50126.984375,8,2.1,0.0,0.0,0.0,0.0,0.0,0.0,0.0,1.0
347355,0,1,3400,-56,56,-803,11,15,0.63,65904.765625,0,2.1,6.2,0.0,15460.317383,0,0.0,0.0,0.0,1.0
347604,0,1,3400,-56,56,-800,10.0,15,0.50,70608.695312,0,2.1,12,0.0,0.0,0.0,0.0,0.0,0.0,1.0
347853,0,1,3400,-56,56,-805,10,15,0.50,91269.843750,0,2.1,12,0.0,0.0,0.0,0.0,0.0,0.0,1.0
348102,0,1,3400,-56,56,-802,11,14,0.51,54761.906250,0,2.1,12,0.0,0.0,0.0,0.0,0.0,0.0,1.0
348351,0,1,3400,-56,56,-806,9.6,14,1.0,55206.347656,15,2.1,13,0.0,23301.587891,0,0.0,0.0,0.0,1.0
348600,0,1,3400,-56,56,-806,12,16,0.50,81359.687500,0,2.1,14,0.0,0.0,0.0,0.0,0.0,0.0,1.0
348849,0,1,3400,-56,56,-808,9.1,14,0.50,50031.746094,0,2.1,14,0.0,0.0,0.0,0.0,0.0,0.0,1.0
349098,0,1,3400,-56,56,-804,12,15,0.81,80158.726562,11,2.1,14,0.0,0.0,0.0,0.0,0.0,0.0,1.0
349347,0,1,3400,-56,56,-801,8.7,15,0.67,48507.937500,0,2.1,14,0.0,125079.367188,53,0.0,0.0,0.0,1.0
349596,0,1,3400,-56,56,-799,10,15,0.51,65264.820312,0,2.1,16,0.0,0.0,0.0,0.0,0.0,0.0,1.0
349845,0,1,3400,-56,56,-800,9.9,15,0.82,27841.269531,17,2.1,16,0.0,0.0,0.0,0.0,0.0,0.0,1.0
350094,0,1,3400,-56,56,-804,10,15,0.74,94000.000000,5,2.1,16,0.0,0.0,0.0,0.0,0.0,0.0,1.0
350343,0,1,3400,-56,56,-808,9.0,14,0.50,49075.097656,0,2.1,7.6,0.0,12237.154297,0,0.0,0.0,0.0,1.0
350592,0,1,3400,-56,56,-803,11,16,0.54,49301.585938,10,2.1,0.0,0.0,0.0,0.0,0.0,0.0,0.0,1.0
350841,0,1,3400,-56,56,-812,12,15,0.53,81174.601562,0,2.1,0.0,0.0,0.0,0.0,0.0,0.0,0.0,1.0
351090,0,1,3400,-56,56,-803,11,14,0.52,75968.257812,0,2.1,0.0,0.0,0.0,0.0,0.0,0.0,0.0,1.0
351339,0,1,3400,-56,56,-807,12,15,0.91,68869.562500,13,2.1,5.2,0.0,175588.937500,66,0.0,0.0,0.0,1.0
351588,0,1,3400,-56,56,-805,13,15,0.53,63714.285156,0,2.1,16,0.0,0.0,0.0,0.0,0.0,0.0,1.0
351837,0,1,3400,-56,56,-795,8.5,15,0.50,44000.000000,0,2.1,16,0.0,0.0,0.0,0.0,0.0,0.0,1.0
352086,0,1,3400,-56,56,-794,10,15,0.50,75682.539062,0,2.1,16,0.0,0.0,0.0,0.0,0.0,0.0,1.0
352335,0,1,3400,-56,56,-805,9.0,15,0.50,33079.363281,0,2.1,12,0.0,113555.554688,19,0.0,0.0,0.0,1.0
352584,0,1,3400,-56,56,-812,11,15,0.50,71747.039062,0,2.1,6.5,0.0,0.0,0.0,0.0,0.0,0.0,1.0
352833,0,1,3400,-56,56,-805,9.9,15,0.50,59968.253906,0,2.1,6.5,0.0,0.0,0.0,0.0,0.0,0.0,1.0
353082,0,1,3400,-56,56,-798,16,15,0.50,37555.554688,0,2.1,6.5,0.0,0.0,0.0,0.0,0.0,0.0,1.0
353331,0,1,3400,-56,56,-803,13,15,0.50,43256.917969,0,2.1,7.7,0.0,10213.438477,0,0.0,0.0,0.0,1.0
353580,0,1,3400,-56,56,-802,18,15,0.50,41904.761719,0,2.1,12,0.0,0.0,0.0,0.0,0.0,0.0,1.0
353829,0,1,3400,-56,56,-811,12,15,0.60,49206.347656,9,2.1,12,0.0,0.0,0.0,0.0,0.0,0.0,1.0
354078,0,1,3400,-56,56,-811,11,14,0.84,38355.730469,11,2.1,12,0.0,0.0,0.0,0.0,0.0,0.0,1.0
354327,0,1,3400,-56,56,-807,11,15,1.3,27841.269531,17,2.1,13,0.0,23301.587891,0,0.0,0.0,0.0,1.0
354576,0,1,3400,-56,56,-800,12,15,0.98,37746.031250,20,2.1,14,0.0,0.0,0.0,0.0,0.0,0.0,1.0
354825,0,1,3400,-56,56,-802,12,14,0.50,54197.628906,0,2.1,14,0.0,0.0,0.0,0.0,0.0,0.0,1.0
355074,0,1,3400,-56,56,-809,9.9,14,0.50,55936.507812,0,2.1,14,0.0,0.0,0.0,0.0,0.0,0.0,1.0
355323,0,1,3400,-56,56,-805,10,14,0.50,38000.000000,0,2.1,14,0.0,23301.587891,0,0.0,0.0,0.0,1.0
355572,0,1,3400,-56,56,-806,11,15,0.55,46412.699219,9,2.1,13,0.0,0.0,0.0,0.0,0.0,0.0,1.0
355821,0,1,3400,-56,56,-804,11,15,0.70,15873.517578,33,2.1,14,0.0,0.0,0.0,0.0,0.0,0.0,1.0
356070,0,1,3400,-56,56,-801,11,15,1.0,66158.726562,14,2.1,14,0.0,0.0,0.0,0.0,0.0,0.0,1.0
356319,0,1,3400,-56,56,-800,9.5,15,0.96,59714.285156,7,2.1,14,0.0,23301.587891,0,0.0,0.0,0.0,1.0
356568,0,1,3400,-56,56,-806,11,14,0.50,27523.808594,0,2.1,14,0.0,0.0,0.0,0.0,0.0,0.0,1.0
356817,0,1,3400,-56,56,-809,12,15,1.1,49833.992188,15,2.1,14,0.0,0.0,0.0,0.0,0.0,0.0,1.0
357066,0,1,3400,-56,56,-802,11,14,0.94,44444.445312,0,2.1,14,0.0,0.0,0.0,0.0,0.0,0.0,1.0
357315,0,1,3400,-56,56,-805,11,15,0.50,44253.968750,0,2.1,14,0.0,16920.634766,56,0.0,0.0,0.0,1.0
357564,0,1,3400,-56,56,-802,9.4,15,0.50,66023.718750,0,2.1,2.2,0.0,16411.066406,44,0.0,0.0,0.0,1.0
357813,0,1,3400,-56,56,-809,10,14,0.50,65650.796875,0,2.1,0.0,0.0,0.0,0.0,0.0,0.0,0.0,1.0
358062,0,1,3400,-56,56,-808,11,15,1.3,94253.968750,11,2.1,0.0,0.0,0.0,0.0,0.0,0.0,0.0,1.0
358311,0,1,3400,-56,56,-803,11,16,0.50,53968.253906,0,2.1,0.42,0.0,5777.777832,40,0.0,0.0,0.0,1.0
358560,0,1,3400,-56,56,-807,9.4,15,0.50,54703.558594,0,2.1,1.0,0.0,0.0,0.0,0.0,0.0,0.0,1.0
358809,0,1,3400,-56,56,-806,11,16,0.50,53650.792969,0,2.1,1.0,0.0,0.0,0.0,0.0,0.0,0.0,1.0
359058,0,1,3400,-56,56,-801,9.4,15,0.50,64825.398438,0,2.1,1.0,0.0,0.0,0.0,0.0,0.0,0.0,1.0
359307,0,1,3400,-56,56,-802,13,15,0.50,80347.828125,0,2.1,8.2,0.0,173280.625000,67,0.0,0.0,0.0,1.0
359556,0,1,3400,-56,56,-807,12,15,0.50,54920.636719,0,2.1,16,0.0,0.0,0.0,0.0,0.0,0.0,1.0
359805,0,1,3400,-56,56,-812,9.4,14,0.50,38190.476562,0,2.1,16,0.0,0.0,0.0,0.0,0.0,0.0,1.0
360054,0,1,3400,-56,56,-806,11,15,0.56,70761.906250,7,2.1,16,0.0,0.0,0.0,0.0,0.0,0.0,1.0
360303,0,1,3400,-56,56,-805,16,15,0.84,58023.714844,0,2.1,15,0.0,111209.484375,59,0.0,0.0,0.0,1.0
360552,0,1,3400,-56,56,-807,12,15,0.53,69619.046875,0,2.1,16,0.0,0.0,0.0,0.0,0.0,0.0,1.0
360801,0,1,3400,-56,56,-806,9.6,16,1.1,55523.808594,8,2.1,16,0.0,0.0,0.0,0.0,0.0,0.0,1.0
361050,0,1,3400,-56,56,-804,7.7,14,0.86,43460.316406,0,2.1,16,0.0,0.0,0.0,0.0,0.0,0.0,1.0
361299,0,1,3400,-56,56,-804,8.7,15,0.61,70703.554688,5,2.1,15,0.0,159652.171875,59,0.0,0.0,0.0,1.0
361548,0,1,3400,-56,56,-804,11,15,1.5,37809.523438,12,2.1,16,0.0,0.0,0.0,0.0,0.0,0.0,1.0
361797,0,1,3400,-56,56,-808,11,15,0.50,72031.742188,0,2.1,16,0.0,0.0,0.0,0.0,0.0,0.0,1.0
362046,0,1,3400,-56,56,-803,9.5,15,0.58,38260.871094,0,2.1,16,0.0,0.0,0.0,0.0,0.0,0.0,1.0
362295,0,1,3400,-56,56,-801,11,15,0.50,49243.027344,0,2.1,12,0.0,10294.820312,50,0.0,0.0,0.0,1.0
362544,0,1,3400,-56,56,-802,14,14,0.50,47051.382812,0,2.1,0.0,0.0,0.0,0.0,0.0,0.0,0.0,1.0
362793,0,1,3400,-56,56,-805,10,15,0.54,59492.062500,0,2.1,0.0,0.0,0.0,0.0,0.0,0.0,0.0,1.0
363042,0,1,3400,-56,56,-804,9.4,14,0.75,37555.554688,12,2.1,0.0,0.0,0.0,0.0,0.0,0.0,0.0,1.0
363291,0,1,3400,-56,56,-810,10,15,0.51,59446.640625,7,2.1,0.0,0.0,8063.241211,0,0.0,0.0,0.0,1.0
363540,0,1,3400,-56,56,-805,10,15,0.56,64793.652344,7,2.1,0.0,0.0,0.0,0.0,0.0,0.0,0.0,1.0
363789,0,1,3400,-56,56,-805,12,15,0.79,43936.507812,11,2.1,0.0,0.0,0.0,0.0,0.0,0.0,0.0,1.0
364038,0,1,3400,-56,56,-806,10,14,0.50,65365.078125,0,2.1,0.0,0.0,0.0,0.0,0.0,0.0,0.0,1.0
364287,0,1,3400,-56,56,-797,9.9,15,0.53,76332.015625,7,2.1,0.0,0.0,8158.102539,0,0.0,0.0,0.0,1.0
364536,0,1,3400,-56,56,-793,9.8,16,0.56,64634.921875,0,2.1,0.0,0.0,0.0,0.0,0.0,0.0,0.0,1.0
364785,0,1,3400,-56,56,-800,14,15,0.79,48063.492188,10,2.1,0.0,0.0,0.0,0.0,0.0,0.0,0.0,1.0
365034,0,1,3400,-56,56,-802,9.0,14,0.50,49492.062500,0,2.1,0.0,0.0,0.0,0.0,0.0,0.0,0.0,1.0
365283,0,1,3400,-56,56,-800,12,15,0.50,32444.445312,0,2.1,1.0,0.0,12285.713867,33,0.0,0.0,0.0,1.0
365532,0,1,3400,-56,56,-803,11,15,0.50,58909.089844,0,2.1,0.0,0.0,5470.355957,0,0.0,0.0,0.0,1.0
365781,0,1,3400,-56,56,-810,12,15,0.50,81816.734375,0,2.1,0.0,0.0,0.0,0.0,0.0,0.0,0.0,1.0
366030,0,1,3400,-56,56,-807,8.7,14,0.50,21818.181641,0,2.1,0.0,0.0,0.0,0.0,0.0,0.0,0.0,1.0
366279,0,1,3400,-56,56,-801,8.2,15,0.88,49770.750000,9,2.1,0.0,0.0,12237.154297,0,0.0,0.0,0.0,1.0
366528,0,1,3400,-56,56,-804,11,15,0.58,65746.031250,7,2.1,0.0,0.0,0.0,0.0,0.0,0.0,0.0,1.0
366777,0,1,3400,-56,56,-801,9.5,15,0.51,39079.363281,0,2.1,0.0,0.0,0.0,0.0,0.0,0.0,0.0,1.0
367026,0,1,3400,-56,56,-801,11,15,0.56,65043.476562,13,2.1,0.0,0.0,0.0,0.0,0.0,0.0,0.0,1.0
367275,0,1,3400,-56,56,-801,12,15,1.1,53587.300781,0,2.1,5.1,0.0,23301.587891,0,0.0,0.0,0.0,1.0
367524,0,1,3400,-56,56,-802,13,15,0.50,26825.396484,0,2.1,14,0.0,0.0,0.0,0.0,0.0,0.0,1.0
367773,0,1,3400,-56,56,-805,7.6,14,0.50,53904.761719,0,2.1,14,0.0,0.0,0.0,0.0,0.0,0.0,1.0
368022,0,1,3400,-56,56,-808,9.7,15,0.58,54513.835938,8,2.1,14,0.0,0.0,0.0,0.0,0.0,0.0,1.0
368271,0,1,3400,-56,56,-809,11,15,0.53,59619.046875,0,2.1,10.0,0.0,15174.603516,0,0.0,0.0,0.0,1.0
368520,0,1,3400,-56,56,-805,11,15,0.59,55523.808594,0,2.1,7.0,0.0,0.0,0.0,0.0,0.0,0.0,1.0
368769,0,1,3400,-56,56,-808,11,14,0.52,108412.695312,5,2.1,7.0,0.0,0.0,0.0,0.0,0.0,0.0,1.0
369018,0,1,3400,-56,56,-806,11,15,0.81,47968.378906,0,2.1,7.0,0.0,0.0,0.0,0.0,0.0,0.0,1.0
369267,0,1,3400,-56,56,-808,11,14,0.50,61206.347656,0,2.1,7.3,0.0,28952.380859,50,0.0,0.0,0.0,1.0
369516,0,1,3400,-56,56,-804,12,15,0.50,42920.636719,0,2.1,0.0,0.0,0.0,0.0,0.0,0.0,0.0,1.0
369765,0,1,3400,-56,56,-802,11,15,0.85,82498.023438,0,2.1,0.0,0.0,0.0,0.0,0.0,0.0,0.0,1.0
370014,0,1,3400,-56,56,-804,10,14,0.50,44317.460938,0,2.1,0.0,0.0,0.0,0.0,0.0,0.0,0.0,1.0
370263,0,1,3400,-56,56,-803,9.8,15,0.50,60285.714844,0,2.1,0.82,0.0,11142.857422,36,0.0,0.0,0.0,1.0
370512,0,1,3400,-56,56,-801,12,16,0.50,26888.888672,0,2.1,0.0,0.0,0.0,0.0,0.0,0.0,0.0,1.0
370761,0,1,3400,-56,56,-800,8.5,15,0.59,48411.066406,0,2.1,0.0,0.0,0.0,0.0,0.0,0.0,0.0,1.0
371010,0,1,3400,-56,56,-802,10,15,0.50,43682.539062,0,2.1,0.0,0.0,0.0,0.0,0.0,0.0,0.0,1.0
371259,0,1,3400,-56,56,-801,11,15,0.53,71269.843750,0,2.1,0.82,0.0,18539.681641,33,0.0,0.0,0.0,1.0
371508,0,1,3400,-56,56,-805,6.1,15,0.56,59478.261719,0,2.1,0.0,0.0,0.0,0.0,0.0,0.0,0.0,1.0
371757,0,1,3400,-56,56,-801,12,15,0.50,75809.523438,0,2.1,0.0,0.0,0.0,0.0,0.0,0.0,0.0,1.0
372006,0,1,3400,-56,56,-802,10,15,0.53,32476.191406,14,2.1,0.0,0.0,0.0,0.0,0.0,0.0,0.0,1.0
372255,0,1,3400,-56,56,-807,12,15,0.67,91142.859375,10,2.1,5.2,0.0,227936.515625,53,0.0,0.0,0.0,1.0
372504,0,1,3400,-56,56,-809,12,15,0.50,37660.078125,0,2.1,16,0.0,0.0,0.0,0.0,0.0,0.0,1.0
372753,0,1,3400,-56,56,-804,11,15,0.50,32063.492188,0,2.1,16,0.0,0.0,0.0,0.0,0.0,0.0,1.0
373002,0,1,3400,-56,56,-807,15,14,1.2,32190.476562,14,2.1,16,0.0,0.0,0.0,0.0,0.0,0.0,1.0
373251,0,1,3400,-56,56,-805,13,15,0.50,53904.761719,0,2.1,15,0.0,347746.031250,50,0.0,0.0,0.0,1.0
373500,0,1,3400,-56,56,-804,10,15,0.50,21628.458984,0,2.1,16,0.0,0.0,0.0,0.0,0.0,0.0,1.0
373749,0,1,3400,-56,56,-807,12,15,0.50,32444.445312,0,2.1,16,0.0,0.0,0.0,0.0,0.0,0.0,1.0
373998,0,1,3400,-56,56,-803,13,14,0.91,42412.699219,20,2.1,16,0.0,0.0,0.0,0.0,0.0,0.0,1.0
374247,0,1,3400,-56,56,-803,12,14,0.50,38924.902344,0,2.1,13,0.0,9581.027344,0,0.0,0.0,0.0,1.0
374496,0,1,3400,-56,56,-804,10,15,0.60,54253.968750,0,2.1,0.0,0.0,0.0,0.0,0.0,0.0,0.0,1.0
374745,0,1,3400,-56,56,-807,11,15,0.50,48222.222656,0,2.1,0.0,0.0,0.0,0.0,0.0,0.0,0.0,1.0
374994,0,1,3400,-56,56,-802,12,15,0.52,43523.808594,0,2.1,0.0,0.0,0.0,0.0,0.0,0.0,0.0,1.0
375243,0,1,3400,-56,56,-804,12,15,0.50,58403.160156,0,2.1,1.4,0.0,22102.767578,36,0.0,0.0,0.0,1.0
375492,0,1,3400,-56,56,-807,9.9,15,0.50,65428.570312,0,2.1,0.0,0.0,0.0,0.0,0.0,0.0,0.0,1.0
375741,0,1,3400,-56,56,-800,11,15,0.50,44190.476562,0,2.1,0.0,0.0,0.0,0.0,0.0,0.0,0.0,1.0
375990,0,1,3400,-56,56,-805,9.5,15,1.5,50190.476562,17,2.1,0.0,0.0,0.0,0.0,0.0,0.0,0.0,1.0
376239,0,1,3400,-56,56,-806,9.6,15,0.57,37533.597656,0,2.1,0.76,0.0,22577.074219,0,0.0,0.0,0.0,1.0
376488,0,1,3400,-56,56,-803,12,15,0.51,43015.871094,0,2.1,5.0,0.0,0.0,0.0,0.0,0.0,0.0,1.0
376737,0,1,3400,-56,56,-805,12,15,0.96,34126.984375,11,2.1,5.0,0.0,0.0,0.0,0.0,0.0,0.0,1.0
376986,0,1,3400,-56,56,-806,8.6,15,0.50,44142.292969,0,2.1,5.0,0.0,0.0,0.0,0.0,0.0,0.0,1.0
377235,0,1,3400,-56,56,-806,12,15,0.50,43682.539062,0,2.1,9.5,0.0,23301.587891,0,0.0,0.0,0.0,1.0
377484,0,1,3400,-56,56,-804,11,14,0.57,32285.714844,0,2.1,14,0.0,0.0,0.0,0.0,0.0,0.0,1.0
377733,0,1,3400,-56,56,-807,12,14,1.6,21396.826172,29,2.1,14,0.0,0.0,0.0,0.0,0.0,0.0,1.0
377982,0,1,3400,-56,56,-806,9.4,15,0.77,54640.316406,8,2.1,14,0.0,0.0,0.0,0.0,0.0,0.0,1.0
378231,0,1,3400,-56,56,-801,11,15,0.82,65746.031250,13,2.1,14,0.0,23301.587891,0,0.0,0.0,0.0,1.0
378480,0,1,3400,-56,56,-800,11,15,0.58,75238.093750,0,2.1,14,0.0,0.0,0.0,0.0,0.0,0.0,1.0
378729,0,1,3400,-56,56,-800,9.5,14,0.50,49865.613281,0,2.1,14,0.0,0.0,0.0,0.0,0.0,0.0,1.0
378978,0,1,3400,-56,56,-802,12,15,0.50,53142.855469,0,2.1,14,0.0,0.0,0.0,0.0,0.0,0.0,1.0
379227,0,1,3400,-56,56,-809,9.4,15,0.50,55365.078125,0,2.1,8.4,0.0,30222.222656,0,0.0,0.0,0.0,1.0
379476,0,1,3400,-56,56,-811,11,14,0.60,64825.398438,7,2.1,0.0,0.0,0.0,0.0,0.0,0.0,0.0,1.0
379725,0,1,3400,-56,56,-808,10,15,0.63,43193.675781,0,2.1,0.0,0.0,0.0,0.0,0.0,0.0,0.0,1.0
379974,0,1,3400,-56,56,-801,11,15,0.52,66285.710938,0,2.1,0.0,0.0,0.0,0.0,0.0,0.0,0.0,1.0
380223,0,1,3400,-56,56,-805,12,15,0.50,49301.585938,0,2.1,7.2,0.0,238888.890625,63,0.0,0.0,0.0,1.0
380472,0,1,3400,-56,56,-814,9.7,15,0.91,72758.890625,6,2.1,16,0.0,0.0,0.0,0.0,0.0,0.0,1.0
380721,0,1,3400,-56,56,-809,13,14,0.63,63650.792969,7,2.1,16,0.0,0.0,0.0,0.0,0.0,0.0,1.0
380970,0,1,3400,-56,56,-801,10,15,0.50,55428.570312,0,2.1,16,0.0,0.0,0.0,0.0,0.0,0.0,1.0
381219,0,1,3400,-56,56,-807,9.0,14,0.86,39460.316406,20,2.1,14,0.0,15460.317383,0,0.0,0.0,0.0,1.0
381468,0,1,3400,-56,56,-807,10,15,0.57,32252.964844,12,2.1,12,0.0,0.0,0.0,0.0,0.0,0.0,1.0
381717,0,1,3400,-56,56,-801,9.8,15,0.50,65142.855469,0,2.1,12,0.0,0.0,0.0,0.0,0.0,0.0,1.0
381966,0,1,3400,-56,56,-797,8.4,16,0.69,38666.667969,11,2.1,12,0.0,0.0,0.0,0.0,0.0,0.0,1.0
382215,0,1,3400,-56,56,-801,10,15,0.51,60806.324219,8,2.1,13,0.0,0.0,80,0.0,0.0,0.0,1.0
382464,0,1,3400,-56,56,-807,12,15,1.2,39746.031250,23,2.1,14,0.0,0.0,0.0,0.0,0.0,0.0,1.0
382713,0,1,3400,-56,56,-802,9.8,14,1.7,67174.601562,8,2.1,14,0.0,0.0,0.0,0.0,0.0,0.0,1.0
382962,0,1,3400,-56,56,-798,9.5,14,0.50,59523.808594,0,2.1,14,0.0,0.0,0.0,0.0,0.0,0.0,1.0
383211,0,1,3400,-56,56,-805,8.2,14,0.50,32094.861328,0,2.1,12,0.0,229343.875000,29,0.0,0.0,0.0,1.0
383460,0,1,3400,-56,56,-801,8.9,15,0.50,77650.796875,0,2.1,8.0,0.0,0.0,0.0,0.0,0.0,0.0,1.0
383709,0,1,3400,-56,56,-800,11,15,0.50,65206.347656,0,2.1,8.0,0.0,0.0,0.0,0.0,0.0,0.0,1.0
383958,0,1,3400,-56,56,-805,11,15,0.50,69682.539062,0,2.1,8.0,0.0,0.0,0.0,0.0,0.0,0.0,1.0
384207,0,1,3400,-56,56,-803,11,14,0.88,32158.103516,17,2.1,9.0,0.0,15399.209961,0,0.0,0.0,0.0,1.0
384456,0,1,3400,-56,56,-802,10,15,1.3,96888.890625,0,2.1,12,0.0,0.0,0.0,0.0,0.0,0.0,1.0
384705,0,1,3400,-56,56,-809,10,15,1.00,37904.761719,11,2.1,12,0.0,0.0,0.0,0.0,0.0,0.0,1.0
384954,0,1,3400,-56,56,-804,9.1,14,0.68,103142.859375,7,2.1,12,0.0,0.0,0.0,0.0,0.0,0.0,1.0
385203,0,1,3400,-56,56,-805,13,15,0.67,80916.992188,12,2.1,14,0.0,215146.250000,65,0.0,0.0,0.0,1.0
385452,0,1,3400,-56,56,-803,12,15,1.9,55047.617188,15,2.1,16,0.0,0.0,0.0,0.0,0.0,0.0,1.0
385701,0,1,3400,-56,56,-803,12,15,0.50,71015.875000,0,2.1,16,0.0,0.0,0.0,0.0,0.0,0.0,1.0
385950,0,1,3400,-56,56,-798,12,15,0.50,85619.046875,0,2.1,16,0.0,0.0,0.0,0.0,0.0,0.0,1.0
386199,0,1,3400,-56,56,-802,11,15,0.61,48727.273438,9,2.1,10,0.0,12237.154297,0,0.0,0.0,0.0,1.0
386448,0,1,3400,-56,56,-805,8.7,15,0.50,71746.031250,0,2.1,0.0,0.0,0.0,0.0,0.0,0.0,0.0,1.0
386697,0,1,3400,-56,56,-803,12,15,0.50,33206.347656,0,2.1,0.0,0.0,0.0,0.0,0.0,0.0,0.0,1.0
386946,0,1,3400,-56,56,-805,8.1,15,0.50,56284.585938,0,2.1,0.0,0.0,0.0,0.0,0.0,0.0,0.0,1.0
387195,0,1,3400,-56,56,-806,11,15,0.63,65142.855469,7,2.1,7.2,0.0,12158.730469,0,0.0,0.0,0.0,1.0
387444,0,1,3400,-56,56,-807,10,15,1.1,60095.238281,0,2.1,14,0.0,0.0,0.0,0.0,0.0,0.0,1.0
387693,0,1,3400,-56,56,-803,11,16,0.62,69154.148438,0,2.1,14,0.0,0.0,0.0,0.0,0.0,0.0,1.0
387942,0,1,3400,-56,56,-806,11,15,0.56,65206.347656,0,2.1,14,0.0,0.0,0.0,0.0,0.0,0.0,1.0
388191,0,1,3400,-56,56,-811,8.1,14,0.50,83142.859375,0,2.1,13,0.0,22634.919922,38,0.0,0.0,0.0,1.0
388440,0,1,3400,-56,56,-804,11,15,0.58,54761.906250,8,2.1,13,0.0,0.0,0.0,0.0,0.0,0.0,1.0
388689,0,1,3400,-56,56,-802,11,15,0.50,77142.859375,0,2.1,13,0.0,0.0,0.0,0.0,0.0,0.0,1.0
388938,0,1,3400,-56,56,-801,12,14,0.50,65650.796875,0,2.1,13,0.0,0.0,0.0,0.0,0.0,0.0,1.0
389187,0,1,3400,-56,56,-804,11,15,0.72,59256.917969,7,2.1,13,0.0,18403.162109,50,0.0,0.0,0.0,1.0
389436,0,1,3400,-56,56,-804,12,15,1.1,38063.492188,22,2.1,12,0.0,0.0,0.0,0.0,0.0,0.0,1.0
389685,0,1,3400,-56,56,-807,10,16,0.50,48825.398438,0,2.1,12,0.0,0.0,0.0,0.0,0.0,0.0,1.0
389934,0,1,3400,-56,56,-807,10,15,0.91,113612.648438,8,2.1,12,0.0,0.0,0.0,0.0,0.0,0.0,1.0
390183,0,1,3400,-56,56,-806,7.5,15,0.50,73873.015625,0,2.1,13,0.0,210698.406250,50,0.0,0.0,0.0,1.0
390432,0,1,3400,-56,56,-810,9.0,15,0.75,77714.289062,6,2.1,16,0.0,0.0,0.0,0.0,0.0,0.0,1.0
390681,0,1,3400,-56,56,-809,9.1,14,0.56,60126.984375,0,2.1,16,0.0,0.0,0.0,0.0,0.0,0.0,1.0
390930,0,1,3400,-56,56,-806,9.9,15,0.50,42181.816406,0,2.1,16,0.0,0.0,0.0,0.0,0.0,0.0,1.0
391179,0,1,3400,-56,56,-799,12,15,0.50,47841.269531,0,2.1,14,0.0,15460.317383,0,0.0,0.0,0.0,1.0
391428,0,1,3400,-56,56,-804,11,14,0.50,32952.382812,0,2.1,12,0.0,0.0,0.0,0.0,0.0,0.0,1.0
391677,0,1,3400,-56,56,-805,15,14,0.72,42750.988281,11,2.1,12,0.0,0.0,0.0,0.0,0.0,0.0,1.0
391926,0,1,3400,-56,56,-800,14,15,1.2,43174.601562,11,2.1,12,0.0,0.0,0.0,0.0,0.0,0.0,1.0
392175,0,1,3400,-56,56,-807,11,15,0.50,50063.492188,0,2.1,10,0.0,23841.269531,42,0.0,0.0,0.0,1.0
392424,0,1,3400,-56,56,-808,11,15,0.79,32634.919922,12,2.1,0.0,0.0,0.0,0.0,0.0,0.0,0.0,1.0
392673,0,1,3400,-56,56,-803,11,15,1.1,59162.054688,20,2.1,0.0,0.0,0.0,0.0,0.0,0.0,0.0,1.0
392922,0,1,3400,-56,56,-801,9.0,16,0.61,60095.238281,7,2.1,0.0,0.0,0.0,0.0,0.0,0.0,0.0,1.0
393171,0,1,3400,-56,56,-807,9.3,15,0.74,54888.890625,7,2.1,7.9,0.0,208126.984375,59,0.0,0.0,0.0,1.0
393420,0,1,3400,-56,56,-806,10,14,0.56,60666.667969,0,2.1,16,0.0,0.0,0.0,0.0,0.0,0.0,1.0
393669,0,1,3400,-56,56,-803,10,15,0.50,46703.558594,0,2.1,16,0.0,0.0,0.0,0.0,0.0,0.0,1.0
393918,0,1,3400,-56,56,-806,9.1,15,0.98,32888.890625,12,2.1,16,0.0,0.0,0.0,0.0,0.0,0.0,1.0
394167,0,1,3400,-56,56,-806,12,15,0.50,76888.890625,0,2.1,13,0.0,19809.523438,44,0.0,0.0,0.0,1.0
394416,0,1,3400,-56,56,-805,11,15,1.2,68490.117188,6,2.1,0.0,0.0,0.0,0.0,0.0,0.0,0.0,1.0
394665,0,1,3400,-56,56,-802,10,15,0.50,43410.359375,0,2.1,0.0,0.0,0.0,0.0,0.0,0.0,0.0,1.0
394914,0,1,3400,-56,56,-801,11,15,0.50,64632.410156,0,2.1,0.0,0.0,0.0,0.0,0.0,0.0,0.0,1.0
395163,0,1,3400,-56,56,-807,9.6,15,0.96,44743.082031,17,2.1,0.82,0.0,12363.636719,36,0.0,0.0,0.0,1.0
395412,0,1,3400,-56,56,-808,10,15,0.53,49396.824219,0,2.1,0.0,0.0,0.0,0.0,0.0,0.0,0.0,1.0
395661,0,1,3400,-56,56,-802,12,15,0.60,65396.824219,8,2.1,0.0,0.0,0.0,0.0,0.0,0.0,0.0,1.0
395910,0,1,3400,-56,56,-812,13,15,0.50,43936.507812,0,2.1,0.0,0.0,0.0,0.0,0.0,0.0,0.0,1.0
396159,0,1,3400,-56,56,-807,9.3,15,0.50,64505.929688,0,2.1,1.5,0.0,9075.098633,57,0.0,0.0,0.0,1.0
396408,0,1,3400,-56,56,-799,9.9,15,0.56,76984.125000,0,2.1,0.0,0.0,0.0,0.0,0.0,0.0,0.0,1.0
396657,0,1,3400,-56,56,-804,9.4,15,0.54,65206.347656,0,2.1,0.0,0.0,0.0,0.0,0.0,0.0,0.0,1.0
396906,0,1,3400,-56,56,-807,9.3,14,0.53,98964.140625,0,2.1,0.0,0.0,0.0,0.0,0.0,0.0,0.0,1.0
397155,0,1,3400,-56,56,-806,9.7,15,0.65,59653.542969,7,2.1,6.2,0.0,15338.583008,0,0.0,0.0,0.0,1.0
397404,0,1,3400,-56,56,-801,12,15,0.50,38317.460938,0,2.1,12,0.0,0.0,0.0,0.0,0.0,0.0,1.0
397653,0,1,3400,-56,56,-805,10,15,0.50,38825.398438,0,2.1,12,0.0,0.0,0.0,0.0,0.0,0.0,1.0
397902,0,1,3400,-56,56,-812,11,15,0.88,71209.484375,12,2.1,12,0.0,0.0,0.0,0.0,0.0,0.0,1.0
398151,0,1,3400,-56,56,-804,10,15,0.65,54349.207031,8,2.1,13,0.0,0.0,80,0.0,0.0,0.0,1.0
398400,0,1,3400,-56,56,-807,13,16,0.50,59111.109375,0,2.1,14,0.0,0.0,0.0,0.0,0.0,0.0,1.0
398649,0,1,3400,-56,56,-805,11,14,1.8,57746.031250,8,2.1,14,0.0,0.0,0.0,0.0,0.0,0.0,1.0
398898,0,1,3400,-56,56,-804,11,16,0.50,32190.476562,0,2.1,14,0.0,0.0,0.0,0.0,0.0,0.0,1.0
399147,0,1,3400,-56,56,-805,11,15,0.50,49555.554688,0,2.1,14,0.0,227269.843750,57,0.0,0.0,0.0,1.0
399396,0,1,3400,-56,56,-804,12,15,0.52,69754.937500,0,2.1,16,0.0,0.0,0.0,0.0,0.0,0.0,1.0
399645,0,1,3400,-56,56,-803,14,15,0.81,58888.890625,8,2.1,16,0.0,0.0,0.0,0.0,0.0,0.0,1.0
399894,0,1,3400,-56,56,-806,9.2,14,0.50,77059.289062,0,2.1,16,0.0,0.0,0.0,0.0,0.0,0.0,1.0
400143,0,1,3400,-56,56,-809,11,16,0.67,54920.636719,0,2.1,13,0.0,8222.222656,0,0.0,0.0,0.0,1.0
400392,0,1,3400,-56,56,-809,12,15,0.53,59968.253906,0,2.1,0.0,0.0,0.0,0.0,0.0,0.0,0.0,1.0
400641,0,1,3400,-56,56,-803,12,16,0.56,64885.375000,8,2.1,0.0,0.0,0.0,0.0,0.0,0.0,0.0,1.0
400890,0,1,3400,-56,56,-804,12,15,0.51,70857.140625,0,2.1,0.0,0.0,0.0,0.0,0.0,0.0,0.0,1.0
401139,0,1,3400,-56,56,-810,10,15,0.60,59059.761719,0,2.1,7.2,0.0,23394.421875,0,0.0,0.0,0.0,1.0
401388,0,1,3400,-56,56,-805,6.6,15,0.61,52806.324219,8,2.1,14,0.0,0.0,0.0,0.0,0.0,0.0,1.0
401637,0,1,3400,-56,56,-803,10.0,15,1.0,38988.140625,18,2.1,14,0.0,0.0,0.0,0.0,0.0,0.0,1.0
401886,0,1,3400,-56,56,-803,12,14,1.1,48285.714844,18,2.1,14,0.0,0.0,0.0,0.0,0.0,0.0,1.0
402135,0,1,3400,-56,56,-800,13,15,0.50,37492.062500,0,2.1,11,0.0,23714.285156,36,0.0,0.0,0.0,1.0
402384,0,1,3400,-56,56,-802,8.5,16,0.50,70571.429688,0,2.1,0.0,0.0,0.0,0.0,0.0,0.0,0.0,1.0
402633,0,1,3400,-56,56,-801,11,15,0.50,49359.683594,0,2.1,0.0,0.0,0.0,0.0,0.0,0.0,0.0,1.0
402882,0,1,3400,-56,56,-800,12,15,0.86,42603.175781,10,2.1,0.0,0.0,0.0,0.0,0.0,0.0,0.0,1.0
403131,0,1,3400,-56,56,-804,15,15,0.50,48539.683594,0,2.1,7.9,0.0,291238.093750,63,0.0,0.0,0.0,1.0
403380,0,1,3400,-56,56,-812,9.7,14,0.50,77809.523438,0,2.1,16,0.0,0.0,0.0,0.0,0.0,0.0,1.0
403629,0,1,3400,-56,56,-809,6.1,15,0.50,43003.953125,0,2.1,11,0.0,0.0,80,0.0,0.0,0.0,1.0
403878,0,1,3400,-56,56,-814,11,15,0.50,43619.046875,0,2.1,10,0.0,0.0,0.0,0.0,0.0,0.0,1.0
404127,0,1,3400,-56,56,-807,12,14,1.4,38063.492188,12,2.1,10,0.0,18920.634766,31,0.0,0.0,0.0,1.0
404376,0,1,3400,-56,56,-815,12,15,0.72,33075.097656,14,2.1,8.0,0.0,0.0,0.0,0.0,0.0,0.0,1.0
404625,0,1,3400,-56,56,-805,12,15,1.1,54412.699219,17,2.1,8.0,0.0,0.0,0.0,0.0,0.0,0.0,1.0
404874,0,1,3400,-56,56,-801,10,15,0.51,50126.984375,0,2.1,8.0,0.0,0.0,0.0,0.0,0.0,0.0,1.0
405123,0,1,3400,-56,56,-806,6.1,14,0.94,42150.199219,8,2.1,11,0.0,23209.486328,43,0.0,0.0,0.0,1.0
405372,0,1,3400,-56,56,-799,10,15,0.50,44571.429688,0,2.1,14,0.0,0.0,0.0,0.0,0.0,0.0,1.0
405621,0,1,3400,-56,56,-800,12,15,0.88,37492.062500,11,2.1,14,0.0,0.0,0.0,0.0,0.0,0.0,1.0
405870,0,1,3400,-56,56,-799,11,15,0.50,55174.601562,0,2.1,14,0.0,0.0,0.0,0.0,0.0,0.0,1.0
406119,0,1,3400,-56,56,-802,11,16,0.57,64474.308594,0,2.1,14,0.0,29565.216797,14,0.0,0.0,0.0,1.0
406368,0,1,3400,-56,56,-803,12,16,1.3,42920.636719,20,2.1,14,0.0,0.0,0.0,0.0,0.0,0.0,1.0
406617,0,1,3400,-56,56,-804,9.3,14,1.0,56571.429688,8,2.1,14,0.0,0.0,0.0,0.0,0.0,0.0,1.0
406866,0,1,3400,-56,56,-805,11,15,0.50,54071.144531,0,2.1,14,0.0,0.0,0.0,0.0,0.0,0.0,1.0
407115,0,1,3400,-56,56,-807,11,15,0.63,77142.859375,7,2.1,7.3,0.0,15714.286133,36,0.0,0.0,0.0,1.0
407364,0,1,3400,-56,56,-807,11,15,0.57,48063.492188,0,2.1,0.0,0.0,0.0,0.0,0.0,0.0,0.0,1.0
407613,0,1,3400,-56,56,-803,12,14,0.50,48158.730469,0,2.1,0.0,0.0,0.0,0.0,0.0,0.0,0.0,1.0
407862,0,1,3400,-56,56,-800,11,15,0.50,81396.828125,0,2.1,0.0,0.0,0.0,0.0,0.0,0.0,0.0,1.0
408111,0,1,3400,-56,56,-802,11,15,0.50,70418.968750,0,2.1,0.82,0.0,7114.624512,36,0.0,0.0,0.0,1.0
408360,0,1,3400,-56,56,-802,11,14,0.54,54920.636719,9,2.1,0.0,0.0,0.0,0.0,0.0,0.0,0.0,1.0
408609,0,1,3400,-56,56,-808,10,15,0.50,66412.695312,0,2.1,0.0,0.0,0.0,0.0,0.0,0.0,0.0,1.0
408858,0,1,3400,-56,56,-805,11,14,0.50,43604.742188,0,2.1,0.0,0.0,0.0,0.0,0.0,0.0,0.0,1.0
409107,0,1,3400,-56,56,-799,13,14,0.61,70317.460938,8,2.1,0.0,0.0,8095.238281,0,0.0,0.0,0.0,1.0
409356,0,1,3400,-56,56,-805,9.9,15,0.50,38190.476562,0,2.1,0.0,0.0,0.0,0.0,0.0,0.0,0.0,1.0
409605,0,1,3400,-56,56,-807,9.2,16,0.60,120253.968750,4,2.1,0.0,0.0,0.0,0.0,0.0,0.0,0.0,1.0
409854,0,1,3400,-56,56,-807,12,15,0.52,58877.468750,0,2.1,0.0,0.0,0.0,0.0,0.0,0.0,0.0,1.0
410103,0,1,3400,-56,56,-811,9.6,15,0.50,89338.648438,0,2.1,0.0,0.0,12334.661133,0,0.0,0.0,0.0,1.0
410352,0,1,3400,-56,56,-804,11,14,0.68,64948.617188,8,2.1,0.0,0.0,0.0,0.0,0.0,0.0,0.0,1.0
410601,0,1,3400,-56,56,-808,10,15,1.3,81460.320312,7,2.1,0.0,0.0,0.0,0.0,0.0,0.0,0.0,1.0
410850,0,1,3400,-56,56,-811,11,15,0.59,64790.515625,6,2.1,0.0,0.0,0.0,0.0,0.0,0.0,0.0,1.0
411099,0,1,3400,-56,56,-811,11,14,1.2,48539.683594,10,2.1,7.2,0.0,23301.587891,0,0.0,0.0,0.0,1.0
411348,0,1,3400,-56,56,-808,11,14,0.50,42877.468750,0,2.1,14,0.0,0.0,0.0,0.0,0.0,0.0,1.0
411597,0,1,3400,-56,56,-797,11,16,0.50,75936.507812,0,2.1,14,0.0,0.0,0.0,0.0,0.0,0.0,1.0
411846,0,1,3400,-56,56,-805,13,15,1.0,37809.523438,12,2.1,14,0.0,0.0,0.0,0.0,0.0,0.0,1.0
412095,0,1,3400,-56,56,-806,12,15,0.77,53904.761719,9,2.1,14,0.0,16920.634766,0,0.0,0.0,0.0,1.0
412344,0,1,3400,-56,56,-810,10,15,0.54,33047.617188,12,2.1,1.3,0.0,13047.619141,44,0.0,0.0,0.0,1.0
412593,0,1,3400,-56,56,-809,12,14,1.9,21881.423828,20,2.1,0.0,0.0,0.0,0.0,0.0,0.0,0.0,1.0
412842,0,1,3400,-56,56,-802,11,15,1.8,61301.585938,0,2.1,0.064,0.0,0.0,0.0,0.0,0.0,0.0,1.0
413091,0,1,3400,-56,56,-798,11,15,0.50,54349.207031,0,2.1,7.9,0.0,369238.093750,47,0.0,0.0,0.0,1.0
413340,0,1,3400,-56,56,-808,10,15,0.50,39177.867188,0,2.1,16,0.0,0.0,0.0,0.0,0.0,0.0,1.0
413589,0,1,3400,-56,56,-807,11,14,0.51,66920.632812,8,2.1,16,0.0,0.0,0.0,0.0,0.0,0.0,1.0
413838,0,1,3400,-56,56,-800,12,15,0.70,32698.412109,0,2.1,16,0.0,0.0,0.0,0.0,0.0,0.0,1.0
414087,0,1,3400,-56,56,-797,10,15,0.65,76539.679688,6,2.1,15,0.0,8571.428711,44,0.0,0.0,0.0,1.0
414336,0,1,3400,-56,56,-805,10,15,0.50,70952.382812,0,2.1,14,0.0,0.0,0.0,0.0,1.0,2.0,1.0
414585,0,1,3400,-56,56,-806,10,15,0.75,87335.968750,6,2.1,14,0.0,0.0,0.0,0.0,0.0,0.0,1.0
414834,0,1,3400,-56,56,-806,12,15,0.70,49174.601562,10,2.1,14,0.0,0.0,0.0,0.0,0.0,0.0,1.0
415083,0,1,3400,-56,56,-804,10,15,0.55,75067.195312,0,2.1,14,0.0,152284.578125,18,0.0,0.0,0.0,1.0
415332,0,1,3400,-56,56,-800,12,15,0.50,37809.523438,0,2.1,14,0.0,0.0,0.0,0.0,0.0,0.0,1.0
415581,0,1,3400,-56,56,-803,11,15,0.61,43142.855469,18,2.1,14,0.0,0.0,0.0,0.0,0.0,0.0,1.0
415830,0,1,3400,-56,56,-804,13,15,1.0,21396.826172,17,2.1,14,0.0,0.0,0.0,0.0,0.0,0.0,1.0
416079,0,1,3400,-56,56,-806,9.8,15,0.50,43320.156250,0,2.1,13,0.0,15399.209961,0,0.0,0.0,0.0,1.0
416328,0,1,3400,-56,56,-807,9.3,15,1.1,78629.484375,5,2.1,12,0.0,0.0,0.0,0.0,0.0,0.0,1.0
416577,0,1,3400,-56,56,-810,7.7,15,0.50,39079.363281,0,2.1,12,0.0,0.0,0.0,0.0,0.0,0.0,1.0
416826,0,1,3400,-56,56,-814,9.4,15,0.86,51811.023438,15,2.1,12,0.0,0.0,0.0,0.0,0.0,0.0,1.0
417075,0,1,3400,-56,56,-810,10,15,0.50,65587.304688,0,2.1,10,0.0,24063.492188,0,0.0,0.0,0.0,1.0
417324,0,1,3400,-56,56,-815,12,15,0.50,58857.144531,0,2.1,8.5,0.0,0.0,0.0,0.0,0.0,0.0,1.0
417573,0,1,3400,-56,56,-809,9.5,15,0.50,32695.652344,0,2.1,8.5,0.0,0.0,0.0,0.0,0.0,0.0,1.0
417822,0,1,3400,-56,56,-797,9.1,15,1.1,49365.078125,8,2.1,8.5,0.0,0.0,0.0,0.0,0.0,0.0,1.0
418071,0,1,3400,-56,56,-804,11,15,0.56,38190.476562,0,2.1,11,0.0,23301.587891,0,0.0,0.0,0.0,1.0
418320,0,1,3400,-56,56,-799,9.7,15,1.3,21737.052734,29,2.1,14,0.0,0.0,0.0,0.0,0.0,0.0,1.0
418569,0,1,3400,-56,56,-803,12,16,0.71,59365.078125,0,2.1,14,0.0,0.0,0.0,0.0,0.0,0.0,1.0
418818,0,1,3400,-56,56,-807,9.5,15,0.57,92300.398438,5,2.1,14,0.0,0.0,0.0,0.0,0.0,0.0,1.0
419067,0,1,3400,-56,56,-815,8.8,16,0.50,59667.984375,0,2.1,8.8,0.0,27952.568359,31,0.0,0.0,0.0,1.0
419316,0,1,3400,-56,56,-814,13,15,1.5,32190.476562,14,2.1,1.0,0.0,0.0,0.0,0.0,0.0,0.0,1.0
419565,0,1,3400,-56,56,-807,12,15,0.96,80916.992188,0,2.1,1.0,0.0,0.0,0.0,0.0,0.0,0.0,1.0
419814,0,1,3400,-56,56,-806,13,14,0.57,41904.761719,11,2.1,1.0,0.0,0.0,0.0,0.0,0.0,0.0,1.0
420063,0,1,3400,-56,56,-807,11,15,0.57,49555.554688,0,2.1,8.3,0.0,226603.171875,61,0.0,0.0,0.0,1.0
420312,0,1,3400,-56,56,-809,9.8,15,0.50,49682.539062,0,2.1,16,0.0,0.0,0.0,0.0,0.0,0.0,1.0
420561,0,1,3400,-56,56,-803,12,15,0.50,75320.156250,0,2.1,16,0.0,0.0,0.0,0.0,0.0,0.0,1.0
420810,0,1,3400,-56,56,-799,11,14,0.61,43569.722656,0,2.1,16,0.0,0.0,0.0,0.0,0.0,0.0,1.0
421059,0,1,3400,-56,56,-809,11,15,0.63,34793.652344,0,2.1,15,0.0,19301.587891,31,0.0,0.0,0.0,1.0
421308,0,1,3400,-56,56,-806,9.6,15,0.67,74393.703125,0,2.1,14,0.0,0.0,0.0,0.0,0.0,0.0,1.0
421557,0,1,3400,-56,56,-801,8.1,15,0.59,72380.953125,0,2.1,14,0.0,0.0,0.0,0.0,0.0,0.0,1.0
421806,0,1,3400,-56,56,-805,13,15,0.68,63365.078125,8,2.1,14,0.0,0.0,0.0,0.0,0.0,0.0,1.0
422055,0,1,3400,-56,56,-805,12,15,0.50,37555.554688,0,2.1,11,0.0,116761.906250,42,0.0,0.0,0.0,1.0
422304,0,1,3400,-56,56,-800,11,15,0.50,70735.179688,0,2.1,8.0,0.0,0.0,0.0,0.0,0.0,0.0,1.0
422553,0,1,3400,-56,56,-799,8.7,14,0.50,66231.078125,0,2.1,8.0,0.0,0.0,0.0,0.0,0.0,0.0,1.0
422802,0,1,3400,-56,56,-802,7.0,15,0.50,64442.687500,0,2.1,8.0,0.0,0.0,0.0,0.0,0.0,0.0,1.0
423051,0,1,3400,-56,56,-807,9.0,16,0.50,54310.757812,0,2.1,9.9,0.0,23394.421875,0,0.0,0.0,0.0,1.0
423300,0,1,3400,-56,56,-807,10,15,0.50,69523.812500,0,2.1,14,0.0,0.0,0.0,0.0,0.0,0.0,1.0
423549,0,1,3400,-56,56,-808,11,15,0.64,48377.953125,9,2.1,14,0.0,0.0,0.0,0.0,0.0,0.0,1.0
423798,0,1,3400,-56,56,-811,12,14,0.54,43174.601562,11,2.1,14,0.0,0.0,0.0,0.0,0.0,0.0,1.0
424047,0,1,3400,-56,56,-805,8.8,15,0.57,54031.746094,0,2.1,14,0.0,23301.587891,0,0.0,0.0,0.0,1.0
424296,0,1,3400,-56,56,-802,15,15,1.2,52932.804688,9,2.1,14,0.0,0.0,0.0,0.0,0.0,0.0,1.0
424545,0,1,3400,-56,56,-801,13,15,0.71,53650.792969,0,2.1,14,0.0,0.0,0.0,0.0,0.0,0.0,1.0
424794,0,1,3400,-56,56,-803,11,15,0.50,91952.187500,0,2.1,14,0.0,0.0,0.0,0.0,0.0,0.0,1.0
425043,0,1,3400,-56,56,-803,11,15,0.51,72063.242188,0,2.1,14,0.0,16853.755859,0,0.0,0.0,0.0,1.0
425292,0,1,3400,-56,56,-808,12,14,0.50,59238.093750,0,2.1,1.3,0.0,6920.634766,50,0.0,0.0,0.0,1.0
425541,0,1,3400,-56,56,-803,11,14,0.50,38317.460938,0,2.1,0.0,0.0,0.0,0.0,0.0,0.0,0.0,1.0
425790,0,1,3400,-56,56,-804,10,14,1.1,28964.427734,14,2.1,0.0,0.0,0.0,0.0,0.0,0.0,0.0,1.0
426039,0,1,3400,-56,56,-812,8.6,14,0.57,56571.429688,0,2.1,3.4,0.0,113555.554688,19,0.0,0.0,0.0,1.0
426288,0,1,3400,-56,56,-811,12,16,0.98,21375.494141,20,2.1,6.5,0.0,0.0,0.0,0.0,0.0,0.0,1.0
426537,0,1,3400,-56,56,-803,9.2,16,0.50,38063.492188,0,2.1,6.5,0.0,0.0,0.0,0.0,0.0,0.0,1.0
426786,0,1,3400,-56,56,-806,9.9,15,0.50,72063.742188,0,2.1,6.5,0.0,0.0,0.0,0.0,0.0,0.0,1.0
427035,0,1,3400,-56,56,-809,10,15,0.78,49079.363281,10,2.1,4.3,0.0,7841.270020,0,0.0,0.0,0.0,1.0
427284,0,1,3400,-56,56,-805,12,14,0.93,54197.628906,9,2.1,0.0,0.0,0.0,0.0,0.0,0.0,0.0,1.0
427533,0,1,3400,-56,56,-802,12,14,0.67,43523.808594,10,2.1,0.0,0.0,0.0,0.0,0.0,0.0,0.0,1.0
427782,0,1,3400,-56,56,-807,12,15,0.50,58952.382812,0,2.1,0.0,0.0,0.0,0.0,0.0,0.0,0.0,1.0
428031,0,1,3400,-56,56,-811,9.2,15,0.51,37795.277344,0,2.1,0.0,0.0,12598.424805,0,0.0,0.0,0.0,1.0
428280,0,1,3400,-56,56,-807,9.9,15,0.58,38412.699219,0,2.1,0.0,0.0,0.0,0.0,0.0,0.0,0.0,1.0
428529,0,1,3400,-56,56,-800,10,15,0.50,65079.363281,0,2.1,0.0,0.0,0.0,0.0,0.0,0.0,0.0,1.0
428778,0,1,3400,-56,56,-795,11,15,0.50,31174.603516,0,2.1,0.0,0.0,0.0,0.0,0.0,0.0,0.0,1.0
429027,0,1,3400,-56,56,-804,8.8,14,0.53,78229.250000,0,2.1,4.2,0.0,15399.209961,0,0.0,0.0,0.0,1.0
429276,0,1,3400,-56,56,-811,11,15,0.68,54533.863281,0,2.1,12,0.0,0.0,0.0,0.0,0.0,0.0,1.0
429525,0,1,3400,-56,56,-813,9.0,15,0.51,59904.761719,0,2.1,12,0.0,0.0,0.0,0.0,0.0,0.0,1.0
429774,0,1,3400,-56,56,-809,8.6,15,1.3,21691.699219,14,2.1,12,0.0,0.0,0.0,0.0,0.0,0.0,1.0
430023,0,1,3400,-56,56,-798,7.5,15,0.50,75857.710938,0,2.1,7.9,0.0,18719.367188,29,0.0,0.0,0.0,1.0
430272,0,1,3400,-56,56,-799,11,15,0.85,21714.285156,20,2.1,0.0,0.0,0.0,0.0,0.0,0.0,0.0,1.0
430521,0,1,3400,-56,56,-806,12,15,0.50,77396.828125,0,2.1,0.0,0.0,0.0,0.0,0.0,0.0,0.0,1.0
430770,0,1,3400,-56,56,-809,11,15,0.75,44761.906250,10,2.1,0.0,0.0,0.0,0.0,0.0,0.0,0.0,1.0
431019,0,1,3400,-56,56,-809,12,15,0.50,37660.078125,0,2.1,2.9,0.0,23209.486328,0,0.0,0.0,0.0,1.0
431268,0,1,3400,-56,56,-812,10,15,1.3,54119.523438,19,2.1,14,0.0,0.0,0.0,0.0,0.0,0.0,1.0
431517,0,1,3400,-56,56,-809,9.2,15,0.86,43682.539062,0,2.1,14,0.0,0.0,0.0,0.0,0.0,0.0,1.0
431766,0,1,3400,-56,56,-813,11,15,0.50,59288.539062,0,2.1,14,0.0,0.0,0.0,0.0,0.0,0.0,1.0
432015,0,1,3400,-56,56,-809,11,15,0.52,55015.871094,0,2.1,14,0.0,23301.587891,0,0.0,0.0,0.0,1.0
432264,0,1,3400,-56,56,-806,11,15,0.50,16284.584961,0,2.1,14,0.0,0.0,0.0,0.0,0.0,0.0,1.0
432513,0,1,3400,-56,56,-806,8.2,15,0.84,44837.945312,9,2.1,14,0.0,0.0,0.0,0.0,0.0,0.0,1.0
432762,0,1,3400,-56,56,-810,11,14,0.52,58730.160156,0,2.1,14,0.0,0.0,0.0,0.0,0.0,0.0,1.0
433011,0,1,3400,-56,56,-815,11,15,0.50,26698.412109,0,2.1,14,0.0,0.0,80,0.0,0.0,0.0,1.0
433260,0,1,3400,-56,56,-813,10,15,0.53,43351.777344,0,2.1,15,0.0,0.0,0.0,0.0,0.0,0.0,1.0
433509,0,1,3400,-56,56,-809,10.0,16,0.56,67091.632812,7,2.1,15,0.0,0.0,0.0,0.0,0.0,0.0,1.0
433758,0,1,3400,-56,56,-806,9.9,15,0.50,38317.460938,0,2.1,15,0.0,0.0,0.0,0.0,0.0,0.0,1.0
434007,0,1,3400,-56,56,-803,13,15,1.1,69587.304688,12,2.1,11,0.0,8095.238281,0,0.0,0.0,0.0,1.0
434256,0,1,3400,-56,56,-802,11,14,0.50,48600.789062,0,2.1,7.5,0.0,0.0,0.0,0.0,0.0,0.0,1.0
434505,0,1,3400,-56,56,-806,11,15,0.50,60553.359375,0,2.1,7.5,0.0,0.0,0.0,0.0,0.0,0.0,1.0
434754,0,1,3400,-56,56,-805,11,15,0.50,49555.554688,0,2.1,7.5,0.0,0.0,0.0,0.0,0.0,0.0,1.0
435003,0,1,3400,-56,56,-801,12,15,0.65,86222.218750,0,2.1,4.5,0.0,9047.619141,36,0.0,0.0,0.0,1.0
435252,0,1,3400,-56,56,-806,11,15,0.91,53407.113281,8,2.1,0.064,0.0,0.0,0.0,0.0,0.0,0.0,1.0
435501,0,1,3400,-56,56,-812,12,15,0.50,60539.683594,0,2.1,0.0,0.0,0.0,0.0,0.0,0.0,0.0,1.0
435750,0,1,3400,-56,56,-811,12,15,1.7,59760.957031,8,2.1,0.0,0.0,0.0,0.0,0.0,0.0,0.0,1.0
435999,0,1,3400,-56,56,-803,9.6,15,0.75,77407.117188,16,2.1,0.0,0.0,8063.241211,0,0.0,0.0,0.0,1.0
436248,0,1,3400,-56,56,-806,11,16,0.73,113777.781250,4,2.1,0.0,0.0,0.0,0.0,0.0,0.0,0.0,1.0
436497,0,1,3400,-56,56,-809,10,15,0.64,53523.808594,0,2.1,0.0,0.0,0.0,0.0,0.0,0.0,0.0,1.0
436746,0,1,3400,-56,56,-807,12,15,0.61,53913.042969,9,2.1,0.0,0.0,0.0,0.0,0.0,0.0,0.0,1.0
436995,0,1,3400,-56,56,-807,9.6,15,1.3,40158.101562,11,2.1,0.82,0.0,12363.636719,36,0.0,0.0,0.0,1.0
437244,0,1,3400,-56,56,-811,11,15,0.71,64698.414062,0,2.1,0.0,0.0,0.0,0.0,0.0,0.0,0.0,1.0
437493,0,1,3400,-56,56,-804,9.2,15,0.51,58857.144531,0,2.1,0.0,0.0,0.0,0.0,0.0,0.0,0.0,1.0
437742,0,1,3400,-56,56,-801,12,14,0.50,60237.152344,0,2.1,0.0,0.0,0.0,0.0,0.0,0.0,0.0,1.0
437991,0,1,3400,-56,56,-803,9.6,14,0.50,55139.441406,0,2.1,0.0,0.0,8127.490234,0,0.0,0.0,0.0,1.0
438240,0,1,3400,-56,56,-804,9.4,14,0.55,94888.890625,0,2.1,0.0,0.0,0.0,0.0,0.0,0.0,0.0,1.0
438489,0,1,3400,-56,56,-800,10,15,0.72,45333.332031,18,2.1,0.0,0.0,0.0,0.0,0.0,0.0,0.0,1.0
438738,0,1,3400,-56,56,-808,9.3,15,0.58,59604.742188,0,2.1,0.064,0.0,0.0,0.0,0.0,0.0,0.0,1.0
438987,0,1,3400,-56,56,-814,11,15,0.51,32094.861328,0,2.1,0.82,0.0,10339.920898,36,0.0,0.0,0.0,1.0
439236,0,1,3400,-56,56,-807,11,15,0.72,22539.681641,17,2.1,0.0,0.0,0.0,0.0,0.0,0.0,0.0,1.0
439485,0,1,3400,-56,56,-799,12,15,0.91,43428.570312,11,2.1,0.0,0.0,0.0,0.0,0.0,0.0,0.0,1.0
439734,0,1,3400,-56,56,-804,10,15,0.88,55462.449219,8,2.1,0.0,0.0,0.0,0.0,0.0,0.0,0.0,1.0
439983,0,1,3400,-56,56,-808,9.7,14,0.88,61227.089844,8,2.1,0.82,0.0,12462.151367,36,0.0,0.0,0.0,1.0
440232,0,1,3400,-56,56,-814,9.0,15,0.70,53841.269531,0,2.1,0.0,0.0,0.0,0.0,0.0,0.0,0.0,1.0
440481,0,1,3400,-56,56,-806,10,15,0.92,54039.527344,7,2.1,0.0,0.0,0.0,0.0,0.0,0.0,0.0,1.0
440730,0,1,3400,-56,56,-806,12,15,0.90,64825.398438,7,2.1,0.064,0.0,0.0,0.0,0.0,0.0,0.0,1.0
440979,0,1,3400,-56,56,-806,10.0,15,0.50,43301.585938,0,2.1,5.2,0.0,19809.523438,44,0.0,0.0,0.0,1.0
441228,0,1,3400,-56,56,-804,7.8,14,0.50,54078.738281,0,2.1,0.0,0.0,0.0,0.0,0.0,0.0,0.0,1.0
441477,0,1,3400,-56,56,-804,13,15,0.50,59873.015625,0,2.1,0.0,0.0,0.0,0.0,0.0,0.0,0.0,1.0
441726,0,1,3400,-56,56,-799,11,14,0.50,70952.382812,0,2.1,0.0,0.0,0.0,0.0,0.0,0.0,0.0,1.0
441975,0,1,3400,-56,56,-797,9.7,15,0.50,48920.636719,0,2.1,5.1,0.0,111174.601562,69,0.0,0.0,0.0,1.0
442224,0,1,3400,-56,56,-796,9.6,15,0.51,72254.976562,0,2.1,16,0.0,0.0,0.0,0.0,0.0,0.0,1.0
442473,0,1,3400,-56,56,-802,11,14,0.76,80284.585938,11,2.1,16,0.0,0.0,0.0,0.0,0.0,0.0,1.0
442722,0,1,3400,-56,56,-814,10.0,14,0.50,55111.109375,0,2.1,16,0.0,0.0,0.0,0.0,0.0,0.0,1.0
442971,0,1,3400,-56,56,-811,8.8,15,0.50,43873.015625,0,2.1,13,0.0,69206.351562,23,0.0,0.0,0.0,1.0
443220,0,1,3400,-56,56,-805,11,15,0.56,48346.457031,9,2.1,6.5,0.0,0.0,0.0,0.0,0.0,0.0,1.0
443469,0,1,3400,-56,56,-805,8.4,14,0.50,44571.429688,0,2.1,6.5,0.0,0.0,0.0,0.0,0.0,0.0,1.0
443718,0,1,3400,-56,56,-810,10,15,0.50,65650.796875,0,2.1,6.5,0.0,0.0,0.0,0.0,0.0,0.0,1.0
443967,0,1,3400,-56,56,-809,12,15,0.55,64730.160156,7,2.1,4.6,0.0,24349.207031,36,0.0,0.0,0.0,1.0
444216,0,1,3400,-56,56,-807,11,15,0.50,43428.570312,0,2.1,0.0,0.0,0.0,0.0,0.0,0.0,0.0,1.0
444465,0,1,3400,-56,56,-802,11,15,0.70,54761.906250,18,2.1,0.0,0.0,0.0,0.0,0.0,0.0,0.0,1.0
444714,0,1,3400,-56,56,-803,11,15,0.50,70793.648438,0,2.1,0.0,0.0,0.0,0.0,0.0,0.0,0.0,1.0
444963,0,1,3400,-56,56,-805,9.0,15,0.50,76380.953125,0,2.1,7.1,0.0,19555.554688,57,0.0,0.0,0.0,1.0
445212,0,1,3400,-56,56,-808,9.0,14,1.3,60932.804688,14,2.1,0.0,0.0,0.0,0.0,0.0,0.0,0.0,1.0
445461,0,1,3400,-56,56,-807,9.3,15,0.50,54830.039062,0,2.1,0.0,0.0,0.0,0.0,0.0,0.0,0.0,1.0
445710,0,1,3400,-56,56,-802,11,15,0.50,64698.414062,0,2.1,0.0,0.0,0.0,0.0,0.0,0.0,0.0,1.0
445959,0,1,3400,-56,56,-806,10,14,0.67,57233.203125,0,2.1,7.2,0.0,23209.486328,0,0.0,0.0,0.0,1.0
446208,0,1,3400,-56,56,-802,8.8,14,0.50,50063.492188,0,2.1,14,0.0,0.0,0.0,0.0,0.0,0.0,1.0
446457,0,1,3400,-56,56,-804,12,15,0.50,65593.625000,0,2.1,14,0.0,0.0,0.0,0.0,0.0,0.0,1.0
446706,0,1,3400,-56,56,-805,13,15,0.50,53438.734375,0,2.1,14,0.0,0.0,0.0,0.0,0.0,0.0,1.0
446955,0,1,3400,-56,56,-804,11,15,0.50,26952.380859,0,2.1,14,0.0,23301.587891,50,0.0,0.0,0.0,1.0
447204,0,1,3400,-56,56,-801,12,15,0.50,43333.332031,0,2.1,14,0.0,0.0,0.0,0.0,0.0,0.0,1.0
447453,0,1,3400,-56,56,-801,10,16,0.50,70920.632812,0,2.1,14,0.0,0.0,0.0,0.0,0.0,0.0,1.0
447702,0,1,3400,-56,56,-802,12,15,0.93,75055.117188,7,2.1,14,0.0,0.0,0.0,0.0,0.0,0.0,1.0
447951,0,1,3400,-56,56,-808,9.6,15,0.50,43365.078125,0,2.1,8.4,0.0,23841.269531,36,0.0,0.0,0.0,1.0
448200,0,1,3400,-56,56,-807,12,15,0.50,43428.570312,0,2.1,0.0,0.0,0.0,0.0,0.0,0.0,0.0,1.0
448449,0,1,3400,-56,56,-814,10,15,0.68,49169.960938,8,2.1,0.0,0.0,0.0,0.0,0.0,0.0,0.0,1.0
448698,0,1,3400,-56,56,-809,11,15,0.50,48541.832031,0,2.1,0.0,0.0,0.0,0.0,0.0,0.0,0.0,1.0
448947,0,1,3400,-56,56,-810,12,15,0.50,66285.710938,0,2.1,7.1,0.0,78984.125000,44,0.0,0.0,0.0,1.0
449196,0,1,3400,-56,56,-805,10,16,0.56,37333.332031,0,2.1,14,0.0,0.0,0.0,0.0,0.0,0.0,1.0
449445,0,1,3400,-56,56,-802,9.8,15,0.60,82063.492188,6,2.1,14,0.0,0.0,0.0,0.0,0.0,0.0,1.0
449694,0,1,3400,-56,56,-808,10,16,0.55,37873.015625,0,2.1,14,0.0,0.0,0.0,0.0,0.0,0.0,1.0
449943,0,1,3400,-56,56,-808,10,16,0.55,53259.843750,0,2.1,7.6,0.0,17511.810547,33,0.0,0.0,0.0,1.0
450192,0,1,3400,-56,56,-802,11,14,1.5,59555.554688,7,2.1,0.0,0.0,0.0,0.0,0.0,0.0,0.0,1.0
450441,0,1,3400,-56,56,-806,11,15,0.50,44063.492188,0,2.1,0.0,0.0,0.0,0.0,0.0,0.0,0.0,1.0
450690,0,1,3400,-56,56,-809,9.5,15,0.50,70166.007812,0,2.1,0.0,0.0,0.0,0.0,0.0,0.0,0.0,1.0
450939,0,1,3400,-56,56,-809,9.6,15,0.56,63362.550781,0,2.1,4.9,0.0,23394.421875,0,0.0,0.0,0.0,1.0
451188,0,1,3400,-56,56,-801,9.8,15,0.79,51809.523438,9,2.1,14,0.0,0.0,0.0,0.0,0.0,0.0,1.0
451437,0,1,3400,-56,56,-804,12,15,0.72,59777.777344,8,2.1,14,0.0,0.0,0.0,0.0,0.0,0.0,1.0
451686,0,1,3400,-56,56,-812,10,15,0.50,43699.605469,0,2.1,14,0.0,0.0,0.0,0.0,0.0,0.0,1.0
451935,0,1,3400,-56,56,-818,9.1,15,0.50,65333.332031,0,2.1,14,0.0,0.0,80,0.0,0.0,0.0,1.0
452184,0,1,3400,-56,56,-812,10,15,0.50,76458.500000,0,2.1,15,0.0,0.0,0.0,0.0,0.0,0.0,1.0
452433,0,1,3400,-56,56,-806,9.0,14,0.50,49486.164062,0,2.1,15,0.0,0.0,0.0,0.0,0.0,0.0,1.0
452682,0,1,3400,-56,56,-811,10.0,14,0.51,65174.601562,0,2.1,15,0.0,0.0,0.0,0.0,0.0,0.0,1.0
452931,0,1,3400,-56,56,-804,12,15,0.60,59760.957031,8,2.1,7.3,0.0,12334.661133,14,0.0,0.0,0.0,1.0
453180,0,1,3400,-56,56,-816,11,15,0.63,75383.398438,6,2.1,0.0,0.0,0.0,0.0,0.0,0.0,0.0,1.0
453429,0,1,3400,-56,56,-811,7.8,15,0.50,64952.382812,0,2.1,0.0,0.0,0.0,0.0,0.0,0.0,0.0,1.0
453678,0,1,3400,-56,56,-813,9.6,15,0.50,60666.667969,0,2.1,0.0,0.0,0.0,0.0,0.0,0.0,0.0,1.0
453927,0,1,3400,-56,56,-811,9.6,15,0.65,35206.347656,12,2.1,6.2,0.0,15460.317383,0,0.0,0.0,0.0,1.0
454176,0,1,3400,-56,56,-803,11,16,0.72,65486.164062,0,2.1,12,0.0,0.0,0.0,0.0,0.0,0.0,1.0
454425,0,1,3400,-56,56,-801,9.7,15,0.50,21881.423828,0,2.1,12,0.0,0.0,0.0,0.0,0.0,0.0,1.0
454674,0,1,3400,-56,56,-806,10.0,16,0.50,49746.031250,0,2.1,12,0.0,0.0,0.0,0.0,0.0,0.0,1.0
454923,0,1,3400,-56,56,-804,10,15,0.50,26634.919922,0,2.1,12,0.0,25238.095703,36,0.0,0.0,0.0,1.0
455172,0,1,3400,-56,56,-802,7.9,15,0.50,38761.906250,0,2.1,12,0.0,0.0,0.0,0.0,0.0,0.0,1.0
455421,0,1,3400,-56,56,-802,9.4,15,1.0,71333.335938,6,2.1,12,0.0,0.0,0.0,0.0,0.0,0.0,1.0
455670,0,1,3400,-56,56,-799,11,14,0.93,85873.015625,6,2.1,12,0.0,0.0,0.0,0.0,0.0,0.0,1.0
455919,0,1,3400,-56,56,-798,11,15,0.86,76888.890625,6,2.1,13,0.0,0.0,80,0.0,0.0,0.0,1.0
456168,0,1,3400,-56,56,-799,8.6,15,0.98,68363.632812,10,2.1,14,0.0,0.0,0.0,0.0,0.0,0.0,1.0
456417,0,1,3400,-56,56,-808,13,15,1.8,37913.042969,12,2.1,14,0.0,0.0,0.0,0.0,0.0,0.0,1.0
456666,0,1,3400,-56,56,-809,13,15,0.50,27079.365234,0,2.1,14,0.0,0.0,0.0,0.0,0.0,0.0,1.0
456915,0,1,3400,-56,56,-801,8.9,14,0.50,87904.765625,0,2.1,11,0.0,7841.270020,0,0.0,0.0,0.0,1.0
457164,0,1,3400,-56,56,-807,6.9,14,0.50,43604.742188,0,2.1,0.0,0.0,0.0,0.0,0.0,0.0,0.0,1.0
457413,0,1,3400,-56,56,-808,11,14,0.85,43282.867188,10,2.1,0.0,0.0,0.0,0.0,0.0,0.0,0.0,1.0
457662,0,1,3400,-56,56,-811,11,14,0.79,86952.382812,6,2.1,0.0,0.0,0.0,0.0,0.0,0.0,0.0,1.0
457911,0,1,3400,-56,56,-808,14,15,0.58,42750.988281,11,2.1,0.0,0.0,16063.241211,0,0.0,0.0,0.0,1.0
458160,0,1,3400,-56,56,-810,11,15,0.50,27841.269531,0,2.1,0.0,0.0,0.0,0.0,0.0,0.0,0.0,1.0
458409,0,1,3400,-56,56,-808,10,15,0.50,42285.714844,0,2.1,0.0,0.0,0.0,0.0,0.0,0.0,0.0,1.0
458658,0,1,3400,-56,56,-811,9.1,15,0.50,59762.847656,0,2.1,0.0,0.0,0.0,0.0,0.0,0.0,0.0,1.0
458907,0,1,3400,-56,56,-806,8.4,15,0.50,43446.640625,0,2.1,7.9,0.0,346371.531250,51,0.0,0.0,0.0,1.0
459156,0,1,3400,-56,56,-810,13,15,0.51,43523.808594,0,2.1,16,0.0,0.0,0.0,0.0,0.0,0.0,1.0
459405,0,1,3400,-56,56,-812,9.7,15,1.0,33593.625000,14,2.1,16,0.0,0.0,0.0,0.0,0.0,0.0,1.0
459654,0,1,3400,-56,56,-808,12,15,0.58,48031.621094,9,2.1,16,0.0,0.0,0.0,0.0,0.0,0.0,1.0
459903,0,1,3400,-56,56,-808,11,14,0.50,43301.585938,0,2.1,11,0.0,22730.158203,0,0.0,0.0,0.0,1.0
460152,0,1,3400,-56,56,-809,9.0,14,1.1,38507.937500,20,2.1,7.0,0.0,0.0,0.0,0.0,0.0,0.0,1.0
460401,0,1,3400,-56,56,-801,11,15,0.70,65333.332031,13,2.1,7.0,0.0,0.0,0.0,0.0,0.0,0.0,1.0
460650,0,1,3400,-56,56,-806,15,15,1.2,41707.511719,18,2.1,7.0,0.0,0.0,0.0,0.0,0.0,0.0,1.0
460899,0,1,3400,-56,56,-807,18,15,0.61,47335.968750,10,2.1,11,0.0,23209.486328,0,0.0,0.0,0.0,1.0
461148,0,1,3400,-56,56,-804,11,14,0.50,43936.507812,0,2.1,14,0.0,0.0,0.0,0.0,0.0,0.0,1.0
461397,0,1,3400,-56,56,-813,11,15,0.50,71365.078125,0,2.1,14,0.0,0.0,0.0,0.0,0.0,0.0,1.0
461646,0,1,3400,-56,56,-809,11,15,0.71,85650.796875,15,2.1,14,0.0,0.0,0.0,0.0,0.0,0.0,1.0
461895,0,1,3400,-56,56,-809,11,15,0.94,74634.921875,0,2.1,14,0.0,79492.062500,55,0.0,0.0,0.0,1.0
462144,0,1,3400,-56,56,-809,12,15,0.50,97269.843750,0,2.1,16,0.0,0.0,0.0,0.0,0.0,0.0,1.0
462393,0,1,3400,-56,56,-803,9.4,15,0.79,82877.468750,5,2.1,16,0.0,0.0,0.0,0.0,0.0,0.0,1.0
462642,0,1,3400,-56,56,-803,4.9,15,0.50,43809.523438,0,2.1,16,0.0,0.0,0.0,0.0,0.0,0.0,1.0
462891,0,1,3400,-56,56,-806,10,14,0.60,54666.667969,8,2.1,11,0.0,22253.968750,31,0.0,0.0,0.0,1.0
463140,0,1,3400,-56,56,-807,8.9,16,0.59,38614.171875,0,2.1,6.5,0.0,0.0,0.0,0.0,0.0,0.0,1.0
463389,0,1,3400,-56,56,-804,7.5,14,0.54,59952.191406,0,2.1,6.5,0.0,0.0,0.0,0.0,0.0,0.0,1.0
463638,0,1,3400,-56,56,-812,9.1,15,0.54,54952.382812,0,2.1,6.5,0.0,0.0,0.0,0.0,0.0,0.0,1.0
463887,0,1,3400,-56,56,-811,14,15,0.93,20952.380859,20,2.1,8.2,0.0,16920.634766,50,0.0,0.0,0.0,1.0
464136,0,1,3400,-56,56,-809,5.7,15,1.4,27351.779297,8,2.1,14,0.0,0.0,0.0,0.0,0.0,0.0,1.0
464385,0,1,3400,-56,56,-809,10,15,0.50,81301.585938,0,2.1,14,0.0,0.0,0.0,0.0,0.0,0.0,1.0
464634,0,1,3400,-56,56,-808,10,15,0.50,55365.078125,0,2.1,14,0.0,0.0,0.0,0.0,0.0,0.0,1.0
464883,0,1,3400,-56,56,-815,11,15,0.62,59383.398438,0,2.1,10,0.0,111083.007812,23,0.0,0.0,0.0,1.0
465132,0,1,3400,-56,56,-811,11,15,1.8,50571.429688,18,2.1,6.5,0.0,0.0,0.0,0.0,0.0,0.0,1.0
465381,0,1,3400,-56,56,-810,12,15,0.50,53628.457031,0,2.1,6.5,0.0,0.0,0.0,0.0,0.0,0.0,1.0
465630,0,1,3400,-56,56,-809,9.0,15,0.50,76253.968750,0,2.1,6.5,0.0,0.0,0.0,0.0,0.0,0.0,1.0
465879,0,1,3400,-56,56,-806,12,15,0.61,59541.503906,8,2.1,3.7,0.0,10339.920898,36,0.0,0.0,0.0,1.0
466128,0,1,3400,-56,56,-803,10,15,0.60,60222.222656,0,2.1,0.0,0.0,0.0,0.0,0.0,0.0,0.0,1.0
466377,0,1,3400,-56,56,-801,11,15,0.65,68685.257812,13,2.1,0.0,0.0,0.0,0.0,0.0,0.0,0.0,1.0
466626,0,1,3400,-56,56,-802,10,15,1.0,45682.539062,18,2.1,0.0,0.0,0.0,0.0,0.0,0.0,0.0,1.0
466875,0,1,3400,-56,56,-808,9.3,14,0.85,76142.289062,5,2.1,5.1,0.0,13754.940430,36,0.0,0.0,0.0,1.0
467124,0,1,3400,-56,56,-813,9.7,15,1.0,48793.652344,8,2.1,12,0.0,0.0,0.0,0.0,0.0,0.0,1.0
467373,0,1,3400,-56,56,-805,8.5,14,0.50,54666.667969,0,2.1,12,0.0,0.0,0.0,0.0,0.0,0.0,1.0
467622,0,1,3400,-56,56,-804,8.9,15,0.52,80062.992188,0,2.1,12,0.0,0.0,0.0,0.0,0.0,0.0,1.0
467871,0,1,3400,-56,56,-813,10,15,0.57,58857.144531,0,2.1,13,0.0,23301.587891,0,0.0,0.0,0.0,1.0
468120,0,1,3400,-56,56,-807,12,15,0.50,37492.062500,0,2.1,14,0.0,0.0,0.0,0.0,0.0,0.0,1.0
468369,0,1,3400,-56,56,-808,9.9,15,1.3,27269.841797,12,2.1,14,0.0,0.0,0.0,0.0,0.0,0.0,1.0
468618,0,1,3400,-56,56,-808,11,15,0.68,67587.304688,7,2.1,14,0.0,0.0,0.0,0.0,0.0,0.0,1.0
468867,0,1,3400,-56,56,-812,12,15,0.61,48063.492188,8,2.1,14,0.0,23301.587891,0,0.0,0.0,0.0,1.0
469116,0,1,3400,-56,56,-810,11,16,0.50,43428.570312,0,2.1,14,0.0,0.0,0.0,0.0,0.0,0.0,1.0
469365,0,1,3400,-56,56,-804,12,15,0.51,69470.359375,0,2.1,14,0.0,0.0,0.0,0.0,0.0,0.0,1.0
469614,0,1,3400,-56,56,-805,12,15,0.50,76126.984375,0,2.1,14,0.0,0.0,0.0,0.0,0.0,0.0,1.0
469863,0,1,3400,-56,56,-807,12,15,0.50,43256.917969,0,2.1,14,0.0,23209.486328,0,0.0,0.0,0.0,1.0
470112,0,1,3400,-56,56,-814,9.4,15,1.4,23111.111328,17,2.1,14,0.0,0.0,0.0,0.0,0.0,0.0,1.0
470361,0,1,3400,-56,56,-812,11,14,0.50,49106.718750,0,2.1,14,0.0,0.0,0.0,0.0,0.0,0.0,1.0
470610,0,1,3400,-56,56,-810,9.4,14,0.50,38916.335938,0,2.1,14,0.0,0.0,0.0,0.0,0.0,0.0,1.0
470859,0,1,3400,-56,56,-804,11,15,0.50,43809.523438,0,2.1,14,0.0,23301.587891,0,0.0,0.0,0.0,1.0
471108,0,1,3400,-56,56,-801,8.0,15,0.50,53691.699219,0,2.1,14,0.0,0.0,0.0,0.0,0.0,0.0,1.0
471357,0,1,3400,-56,56,-803,9.6,15,0.85,51809.523438,9,2.1,14,0.0,0.0,0.0,0.0,0.0,0.0,1.0
471606,0,1,3400,-56,56,-806,11,15,0.50,32444.445312,0,2.1,14,0.0,0.0,0.0,0.0,0.0,0.0,1.0
471855,0,1,3400,-56,56,-814,10.0,14,0.50,88790.515625,0,2.1,8.5,0.0,23620.552734,36,0.0,0.0,0.0,1.0
472104,0,1,3400,-56,56,-816,9.0,14,0.50,81043.476562,0,2.1,0.0,0.0,0.0,0.0,0.0,0.0,0.0,1.0
472353,0,1,3400,-56,56,-811,12,15,1.1,65460.316406,13,2.1,0.0,0.0,0.0,0.0,0.0,0.0,0.0,1.0
472602,0,1,3400,-56,56,-810,11,14,0.72,55139.441406,9,2.1,0.0,0.0,0.0,0.0,0.0,0.0,0.0,1.0
472851,0,1,3400,-56,56,-812,8.7,14,0.50,22640.316406,0,2.1,0.0,0.0,12110.671875,0,0.0,0.0,0.0,1.0
473100,0,1,3400,-56,56,-808,11,15,1.1,70571.429688,13,2.1,0.0,0.0,0.0,0.0,0.0,0.0,0.0,1.0
473349,0,1,3400,-56,56,-809,11,14,0.70,73015.875000,13,2.1,0.0,0.0,0.0,0.0,0.0,0.0,0.0,1.0
473598,0,1,3400,-56,56,-810,13,16,0.71,26719.367188,29,2.1,0.0,0.0,0.0,0.0,0.0,0.0,0.0,1.0
473847,0,1,3400,-56,56,-811,13,15,0.50,34126.984375,0,2.1,7.2,0.0,23301.587891,0,0.0,0.0,0.0,1.0
474096,0,1,3400,-56,56,-807,11,14,0.57,60015.808594,7,2.1,14,0.0,0.0,0.0,0.0,0.0,0.0,1.0
474345,0,1,3400,-56,56,-808,12,15,0.95,48730.160156,9,2.1,14,0.0,0.0,0.0,0.0,0.0,0.0,1.0
474594,0,1,3400,-56,56,-806,12,14,0.50,54095.238281,0,2.1,14,0.0,0.0,0.0,0.0,0.0,0.0,1.0
474843,0,1,3400,-56,56,-811,12,15,0.50,59777.777344,0,2.1,14,0.0,23301.587891,0,0.0,0.0,0.0,1.0
475092,0,1,3400,-56,56,-812,9.6,15,0.50,38000.000000,0,2.1,13,0.0,0.0,0.0,0.0,0.0,0.0,1.0
475341,0,1,3400,-56,56,-811,13,15,0.67,53786.562500,8,2.1,14,0.0,0.0,0.0,0.0,0.0,0.0,1.0
475590,0,1,3400,-56,56,-809,10,14,0.66,75206.351562,6,2.1,14,0.0,0.0,0.0,0.0,0.0,0.0,1.0
475839,0,1,3400,-56,56,-811,10,14,0.52,55015.871094,0,2.1,8.4,0.0,29968.253906,33,0.0,0.0,0.0,1.0
476088,0,1,3400,-56,56,-801,12,15,1.6,54222.222656,15,2.1,0.0,0.0,0.0,0.0,0.0,0.0,0.0,1.0
476337,0,1,3400,-56,56,-806,12,15,0.50,27370.078125,0,2.1,0.0,0.0,0.0,0.0,0.0,0.0,0.0,1.0
476586,0,1,3400,-56,56,-812,8.5,15,0.50,82007.968750,0,2.1,0.0,0.0,0.0,0.0,0.0,0.0,0.0,1.0
476835,0,1,3400,-56,56,-802,7.2,14,1.2,50909.089844,7,2.1,6.2,0.0,15399.209961,0,0.0,0.0,0.0,1.0
477084,0,1,3400,-56,56,-805,10.0,15,0.50,44876.492188,0,2.1,12,0.0,0.0,0.0,0.0,0.0,0.0,1.0
477333,0,1,3400,-56,56,-817,9.1,15,0.50,66339.921875,0,2.1,12,0.0,0.0,0.0,0.0,0.0,0.0,1.0
477582,0,1,3400,-56,56,-816,9.7,14,0.50,43873.015625,0,2.1,12,0.0,0.0,0.0,0.0,0.0,0.0,1.0
477831,0,1,3400,-56,56,-811,9.9,15,0.56,49809.523438,0,2.1,10,0.0,23714.285156,36,0.0,0.0,0.0,1.0
478080,0,1,3400,-56,56,-803,12,14,0.50,75320.156250,0,2.1,0.0,0.0,0.0,0.0,0.0,0.0,0.0,1.0
478329,0,1,3400,-56,56,-812,12,15,0.70,42857.144531,10,2.1,0.0,0.0,0.0,0.0,0.0,0.0,0.0,1.0
478578,0,1,3400,-56,56,-809,11,15,1.4,72190.476562,12,2.1,0.0,0.0,0.0,0.0,0.0,0.0,0.0,1.0
478827,0,1,3400,-56,56,-810,8.3,15,0.88,69841.273438,10,2.1,7.9,0.0,147555.562500,65,0.0,0.0,0.0,1.0
479076,0,1,3400,-56,56,-803,11,15,0.50,69786.562500,0,2.1,16,0.0,0.0,0.0,0.0,0.0,0.0,1.0
479325,0,1,3400,-56,56,-808,12,15,0.50,54158.730469,0,2.1,16,0.0,0.0,0.0,0.0,0.0,0.0,1.0
479574,0,1,3400,-56,56,-810,12,15,0.57,70253.968750,0,2.1,16,0.0,0.0,0.0,0.0,0.0,0.0,1.0
479823,0,1,3400,-56,56,-812,12,15,0.50,75509.882812,0,2.1,8.3,0.0,12363.636719,36,0.0,0.0,0.0,1.0
480072,0,1,3400,-56,56,-812,11,15,0.50,43174.601562,0,2.1,0.0,0.0,0.0,0.0,0.0,0.0,0.0,1.0
480321,0,1,3400,-56,56,-809,11,14,0.74,44190.476562,11,2.1,0.0,0.0,0.0,0.0,0.0,0.0,0.0,1.0
480570,0,1,3400,-56,56,-805,9.0,14,0.50,39177.867188,0,2.1,0.0,0.0,0.0,0.0,0.0,0.0,0.0,1.0
480819,0,1,3400,-56,56,-807,12,15,0.50,21628.458984,0,2.1,2.1,0.0,23747.035156,36,0.0,0.0,0.0,1.0
481068,0,1,3400,-56,56,-802,11,14,0.50,82836.656250,0,2.1,0.0,0.0,0.0,0.0,0.0,0.0,0.0,1.0
481317,0,1,3400,-56,56,-803,9.7,14,0.50,33142.855469,0,2.1,0.0,0.0,0.0,0.0,0.0,0.0,0.0,1.0
481566,0,1,3400,-56,56,-807,12,14,0.50,48537.550781,0,2.1,0.0,0.0,0.0,0.0,0.0,0.0,0.0,1.0
481815,0,1,3400,-56,56,-805,11,15,0.70,26666.666016,33,2.1,0.19,0.0,5492.063477,0,0.0,0.0,0.0,1.0
482064,0,1,3400,-56,56,-807,10,15,0.95,91460.320312,14,2.1,0.62,0.0,13047.619141,44,0.0,0.0,0.0,1.0
482313,0,1,3400,-56,56,-808,10,15,0.96,70000.000000,11,2.1,0.0,0.0,0.0,0.0,0.0,0.0,0.0,1.0
482562,0,1,3400,-56,56,-810,9.6,16,0.51,78039.523438,6,2.1,0.0,0.0,0.0,0.0,0.0,0.0,0.0,1.0
482811,0,1,3400,-56,56,-808,11,15,0.50,75142.859375,0,2.1,2.2,0.0,15460.317383,14,0.0,0.0,0.0,1.0
483060,0,1,3400,-56,56,-808,8.3,16,1.0,17833.992188,20,2.1,12,0.0,0.0,0.0,0.0,0.0,0.0,1.0
483309,0,1,3400,-56,56,-812,12,15,0.74,32822.132812,14,2.1,12,0.0,0.0,0.0,0.0,0.0,0.0,1.0
483558,0,1,3400,-56,56,-809,12,15,1.0,76557.765625,6,2.1,12,0.0,0.0,0.0,0.0,0.0,0.0,1.0
483807,0,1,3400,-56,56,-809,12,14,0.64,43174.601562,17,2.1,13,0.0,23301.587891,0,0.0,0.0,0.0,1.0
484056,0,1,3400,-56,56,-808,10.0,16,0.50,49809.523438,0,2.1,14,0.0,0.0,0.0,0.0,0.0,0.0,1.0
484305,0,1,3400,-56,56,-806,11,15,0.50,58719.367188,0,2.1,14,0.0,0.0,0.0,0.0,0.0,0.0,1.0
484554,0,1,3400,-56,56,-810,12,14,0.50,32444.445312,0,2.1,14,0.0,0.0,0.0,0.0,0.0,0.0,1.0
484803,0,1,3400,-56,56,-812,11,15,0.50,32952.382812,0,2.1,8.4,0.0,30222.222656,0,0.0,0.0,0.0,1.0
485052,0,1,3400,-56,56,-807,9.0,16,0.50,33581.027344,0,2.1,0.0,0.0,0.0,0.0,0.0,0.0,0.0,1.0
485301,0,1,3400,-56,56,-805,8.0,15,0.62,38666.667969,0,2.1,0.0,0.0,0.0,0.0,0.0,0.0,0.0,1.0
485550,0,1,3400,-56,56,-807,12,15,1.7,26412.699219,14,2.1,0.0,0.0,0.0,0.0,0.0,0.0,0.0,1.0
485799,0,1,3400,-56,56,-801,13,15,0.50,69936.507812,0,2.1,7.9,0.0,287365.093750,61,0.0,0.0,0.0,1.0
486048,0,1,3400,-56,56,-805,9.4,14,0.50,82055.335938,0,2.1,16,0.0,0.0,0.0,0.0,0.0,0.0,1.0
486297,0,1,3400,-56,56,-804,7.6,15,0.50,66095.234375,0,2.1,16,0.0,0.0,0.0,0.0,0.0,0.0,1.0
486546,0,1,3400,-56,56,-803,10,15,1.1,59523.808594,11,2.1,16,0.0,0.0,0.0,0.0,0.0,0.0,1.0
486795,0,1,3400,-56,56,-809,11,15,0.81,43003.953125,0,2.1,14,0.0,15399.209961,0,0.0,0.0,0.0,1.0
487044,0,1,3400,-56,56,-808,11,15,1.8,49460.316406,18,2.1,12,0.0,0.0,0.0,0.0,0.0,0.0,1.0
487293,0,1,3400,-56,56,-802,10,15,1.0,59920.949219,0,2.1,12,0.0,0.0,0.0,0.0,0.0,0.0,1.0
487542,0,1,3400,-56,56,-805,12,15,0.56,53800.796875,8,2.1,12,0.0,0.0,0.0,0.0,0.0,0.0,1.0
487791,0,1,3400,-56,56,-807,10,15,0.95,23111.111328,17,2.1,13,0.0,23301.587891,0,0.0,0.0,0.0,1.0
488040,0,1,3400,-56,56,-807,6.0,15,0.85,49555.554688,0,2.1,14,0.0,0.0,0.0,0.0,0.0,0.0,1.0
488289,0,1,3400,-56,56,-806,9.5,15,0.77,64916.996094,12,2.1,14,0.0,0.0,0.0,0.0,0.0,0.0,1.0
488538,0,1,3400,-56,56,-805,9.8,15,0.50,49936.507812,0,2.1,14,0.0,0.0,0.0,0.0,0.0,0.0,1.0
488787,0,1,3400,-56,56,-805,10,14,0.51,54666.667969,0,2.1,8.5,0.0,23714.285156,36,0.0,0.0,0.0,1.0
489036,0,1,3400,-56,56,-806,9.0,15,0.60,51333.332031,10,2.1,0.0,0.0,0.0,0.0,0.0,0.0,0.0,1.0
489285,0,1,3400,-56,56,-811,7.2,15,0.56,73359.687500,6,2.1,0.0,0.0,0.0,0.0,0.0,0.0,0.0,1.0
489534,0,1,3400,-56,56,-802,12,15,0.50,43509.882812,0,2.1,0.0,0.0,0.0,0.0,0.0,0.0,0.0,1.0
489783,0,1,3400,-56,56,-806,12,15,0.52,84507.937500,0,2.1,6.2,0.0,15460.317383,0,0.0,0.0,0.0,1.0
490032,0,1,3400,-56,56,-816,10,15,0.67,40317.460938,11,2.1,12,0.0,0.0,0.0,0.0,0.0,0.0,1.0
490281,0,1,3400,-56,56,-811,10,15,0.50,76412.695312,0,2.1,12,0.0,0.0,0.0,0.0,0.0,0.0,1.0
490530,0,1,3400,-56,56,-806,10,14,0.61,76507.937500,7,2.1,12,0.0,0.0,0.0,0.0,0.0,0.0,1.0
490779,0,1,3400,-56,56,-806,11,15,0.50,43428.570312,0,2.1,13,0.0,23301.587891,0,0.0,0.0,0.0,1.0
491028,0,1,3400,-56,56,-813,10,15,0.55,48632.410156,0,2.1,14,0.0,0.0,0.0,0.0,0.0,0.0,1.0
491277,0,1,3400,-56,56,-808,11,15,0.58,67904.765625,13,2.1,14,0.0,0.0,0.0,0.0,0.0,0.0,1.0
491526,0,1,3400,-56,56,-803,11,16,0.50,70444.445312,0,2.1,14,0.0,0.0,0.0,0.0,0.0,0.0,1.0
491775,0,1,3400,-56,56,-804,11,15,0.50,69913.046875,0,2.1,8.4,0.0,10466.403320,36,0.0,0.0,0.0,1.0
492024,0,1,3400,-56,56,-802,12,14,0.62,70190.476562,7,2.1,0.0,0.0,0.0,0.0,0.0,0.0,0.0,1.0
492273,0,1,3400,-56,56,-807,10,15,1.1,51301.585938,9,2.1,0.0,0.0,0.0,0.0,0.0,0.0,0.0,1.0
492522,0,1,3400,-56,56,-808,8.2,15,0.56,27523.808594,14,2.1,0.0,0.0,0.0,0.0,0.0,0.0,0.0,1.0
492771,0,1,3400,-56,56,-810,11,15,0.95,64885.375000,8,2.1,7.9,0.0,267636.375000,61,0.0,0.0,0.0,1.0
493020,0,1,3400,-56,56,-811,11,15,0.50,47904.761719,0,2.1,16,0.0,0.0,0.0,0.0,0.0,0.0,1.0
493269,0,1,3400,-56,56,-805,10,15,0.50,75809.523438,0,2.1,16,0.0,0.0,0.0,0.0,0.0,0.0,1.0
493518,0,1,3400,-56,56,-800,12,15,0.50,59130.433594,0,2.1,16,0.0,0.0,0.0,0.0,0.0,0.0,1.0
493767,0,1,3400,-56,56,-807,7.9,14,0.73,25714.285156,20,2.1,10,0.0,8000.000000,0,0.0,0.0,0.0,1.0
494016,0,1,3400,-56,56,-807,9.7,15,0.72,65460.316406,12,2.1,0.0,0.0,0.0,0.0,0.0,0.0,0.0,1.0
494265,0,1,3400,-56,56,-801,9.6,16,0.50,54793.652344,0,2.1,0.0,0.0,0.0,0.0,0.0,0.0,0.0,1.0
494514,0,1,3400,-56,56,-806,7.9,15,0.50,48727.273438,0,2.1,0.0,0.0,0.0,0.0,0.0,0.0,0.0,1.0
494763,0,1,3400,-56,56,-804,13,15,1.4,54158.730469,9,2.1,2.6,0.0,28063.492188,31,0.0,0.0,0.0,1.0
495012,0,1,3400,-56,56,-808,12,16,0.50,53904.761719,0,2.1,1.0,0.0,0.0,0.0,0.0,0.0,0.0,1.0
495261,0,1,3400,-56,56,-814,8.6,15,1.2,89777.781250,8,2.1,1.0,0.0,0.0,0.0,0.0,0.0,0.0,1.0
495510,0,1,3400,-56,56,-805,7.5,15,0.60,86450.593750,0,2.1,1.0,0.0,0.0,0.0,0.0,0.0,0.0,1.0
495759,0,1,3400,-56,56,-806,9.5,15,0.52,32222.222656,0,2.1,5.7,0.0,23301.587891,0,0.0,0.0,0.0,1.0
496008,0,1,3400,-56,56,-813,11,15,0.72,68158.726562,7,2.1,14,0.0,0.0,0.0,0.0,0.0,0.0,1.0
496257,0,1,3400,-56,56,-807,11,15,0.91,54450.593750,9,2.1,14,0.0,0.0,0.0,0.0,0.0,0.0,1.0
496506,0,1,3400,-56,56,-806,12,16,0.58,55555.554688,0,2.1,14,0.0,0.0,0.0,0.0,0.0,0.0,1.0
496755,0,1,3400,-56,56,-814,12,15,0.50,85904.765625,0,2.1,14,0.0,23301.587891,0,0.0,0.0,0.0,1.0
497004,0,1,3400,-56,56,-807,12,15,0.78,60539.683594,8,2.1,14,0.0,0.0,0.0,0.0,0.0,0.0,1.0
497253,0,1,3400,-56,56,-810,11,15,2.2,34308.300781,12,2.1,14,0.0,0.0,0.0,0.0,0.0,0.0,1.0
497502,0,1,3400,-56,56,-809,10,15,0.53,55555.554688,0,2.1,14,0.0,0.0,0.0,0.0,0.0,0.0,1.0
497751,0,1,3400,-56,56,-807,11,15,0.50,69746.031250,0,2.1,14,0.0,23301.587891,0,0.0,0.0,0.0,1.0
498000,0,1,3400,-56,56,-808,11,15,0.50,49106.718750,0,2.1,14,0.0,0.0,0.0,0.0,0.0,0.0,1.0
498249,0,1,3400,-56,56,-812,9.4,15,0.50,100380.953125,0,2.1,14,0.0,0.0,0.0,0.0,0.0,0.0,1.0
498498,0,1,3400,-56,56,-809,12,15,0.58,75365.078125,7,2.1,14,0.0,0.0,0.0,0.0,0.0,0.0,1.0
498747,0,1,3400,-56,56,-812,12,15,0.50,43098.812500,0,2.1,14,0.0,0.0,80,0.0,0.0,0.0,1.0
498996,0,1,3400,-56,56,-813,10,16,0.50,77079.367188,0,2.1,14,0.0,0.0,0.0,0.0,0.0,0.0,1.0
499245,0,1,3400,-56,56,-810,12,15,0.50,59777.777344,0,2.1,14,0.0,0.0,0.0,0.0,0.0,0.0,1.0
499494,0,1,3400,-56,56,-809,8.7,15,0.62,48507.937500,0,2.1,14,0.0,0.0,0.0,0.0,0.0,0.0,1.0
499743,0,1,3400,-56,56,-811,6.7,15,0.56,70603.171875,8,2.1,13,0.0,15460.317383,0,0.0,0.0,0.0,1.0
499992,0,1,3400,-56,56,-812,15,15,0.65,47841.898438,10,2.1,12,0.0,0.0,0.0,0.0,0.0,0.0,1.0
500241,0,1,3400,-56,56,-807,9.8,14,0.51,71968.257812,7,2.1,12,0.0,0.0,0.0,0.0,0.0,0.0,1.0
500490,0,1,3400,-56,56,-809,12,15,0.86,87936.507812,5,2.1,12,0.0,0.0,0.0,0.0,0.0,0.0,1.0
500739,0,1,3400,-56,56,-802,9.0,14,0.50,33581.027344,0,2.1,13,0.0,23209.486328,0,0.0,0.0,0.0,1.0
500988,0,1,3400,-56,56,-806,9.8,14,0.50,49365.078125,0,2.1,14,0.0,0.0,0.0,0.0,0.0,0.0,1.0
501237,0,1,3400,-56,56,-806,11,15,1.4,40412.699219,18,2.1,14,0.0,0.0,0.0,0.0,0.0,0.0,1.0
501486,0,1,3400,-56,56,-805,11,15,0.54,85976.281250,5,2.1,14,0.0,0.0,0.0,0.0,0.0,0.0,1.0
501735,0,1,3400,-56,56,-810,11,14,0.70,33269.839844,12,2.1,14,0.0,23301.587891,20,0.0,0.0,0.0,1.0
501984,0,1,3400,-56,56,-806,11,15,1.3,66984.125000,8,2.1,14,0.0,0.0,0.0,0.0,0.0,0.0,1.0
502233,0,1,3400,-56,56,-813,11,15,0.58,75936.507812,0,2.1,14,0.0,0.0,0.0,0.0,0.0,0.0,1.0
502482,0,1,3400,-56,56,-811,9.2,14,0.50,43794.464844,0,2.1,14,0.0,0.0,0.0,0.0,0.0,0.0,1.0
502731,0,1,3400,-56,56,-808,11,14,0.68,60730.160156,13,2.1,14,0.0,23301.587891,0,0.0,0.0,0.0,1.0
502980,0,1,3400,-56,56,-810,9.9,15,0.78,55174.601562,0,2.1,14,0.0,0.0,0.0,0.0,0.0,0.0,1.0
503229,0,1,3400,-56,56,-814,11,15,0.75,65960.476562,7,2.1,14,0.0,0.0,0.0,0.0,0.0,0.0,1.0
503478,0,1,3400,-56,56,-809,10,15,0.58,40253.968750,10,2.1,14,0.0,0.0,0.0,0.0,0.0,0.0,1.0
503727,0,1,3400,-56,56,-811,11,15,0.64,32444.445312,0,2.1,14,0.0,23301.587891,0,0.0,0.0,0.0,1.0
503976,0,1,3400,-56,56,-811,8.9,15,0.73,37619.046875,0,2.1,14,0.0,0.0,0.0,0.0,0.0,0.0,1.0
504225,0,1,3400,-56,56,-810,13,15,0.50,47968.378906,0,2.1,14,0.0,0.0,0.0,0.0,0.0,0.0,1.0
504474,0,1,3400,-56,56,-804,5.6,14,0.50,72000.000000,0,2.1,14,0.0,0.0,0.0,0.0,0.0,0.0,1.0
504723,0,1,3400,-56,56,-802,9.8,14,0.50,49238.093750,0,2.1,8.4,0.0,23015.873047,0,0.0,0.0,0.0,1.0
504972,0,1,3400,-56,56,-805,9.0,15,0.50,61154.148438,0,2.1,0.0,0.0,0.0,0.0,0.0,0.0,0.0,1.0
505221,0,1,3400,-56,56,-810,9.5,15,0.52,70126.984375,0,2.1,0.0,0.0,0.0,0.0,0.0,0.0,0.0,1.0
505470,0,1,3400,-56,56,-811,11,15,0.56,64317.460938,7,2.1,0.0,0.0,0.0,0.0,0.0,0.0,0.0,1.0
505719,0,1,3400,-56,56,-809,12,15,1.7,37746.031250,12,2.1,0.0,0.0,5492.063477,0,0.0,0.0,0.0,1.0
505968,0,1,3400,-56,56,-807,11,14,0.78,21786.560547,14,2.1,0.49,0.0,7778.656250,0,0.0,0.0,0.0,1.0
506217,0,1,3400,-56,56,-809,9.9,15,0.63,71396.828125,0,2.1,0.50,0.0,0.0,0.0,0.0,0.0,0.0,1.0
506466,0,1,3400,-56,56,-814,11,15,0.50,48666.667969,0,2.1,0.50,0.0,0.0,0.0,0.0,0.0,0.0,1.0
506715,0,1,3400,-56,56,-813,13,15,0.50,75193.679688,0,2.1,5.8,0.0,23209.486328,0,0.0,0.0,0.0,1.0
506964,0,1,3400,-56,56,-812,11,15,0.50,82507.937500,0,2.1,10,0.0,0.0,0.0,0.0,0.0,0.0,1.0
507213,0,1,3400,-56,56,-813,7.7,15,0.50,32634.919922,0,2.1,10,0.0,0.0,0.0,0.0,0.0,0.0,1.0
507462,0,1,3400,-56,56,-816,11,14,1.7,33391.304688,12,2.1,10,0.0,0.0,0.0,0.0,0.0,0.0,1.0
507711,0,1,3400,-56,56,-811,11,14,1.2,59714.285156,0,2.1,7.3,0.0,19523.808594,36,0.0,0.0,0.0,1.0
507960,0,1,3400,-56,56,-811,8.1,14,0.67,43809.523438,10,2.1,0.0,0.0,0.0,0.0,0.0,0.0,0.0,1.0
508210,0,1,3400,-56,56,-807,11,15,0.53,76507.937500,6,2.1,0.0,0.0,0.0,0.0,0.0,0.0,0.0,1.0
508459,0,1,3400,-56,56,-808,12,15,0.61,81264.820312,0,2.1,0.0,0.0,0.0,0.0,0.0,0.0,0.0,1.0
508708,0,1,3400,-56,56,-806,10.0,15,0.99,38634.921875,20,2.1,0.0,0.0,8095.238281,0,0.0,0.0,0.0,1.0
508957,0,1,3400,-56,56,-810,12,14,0.50,27333.333984,0,2.1,0.0,0.0,0.0,0.0,0.0,0.0,0.0,1.0
509206,0,1,3400,-56,56,-811,9.6,14,0.50,88698.414062,0,2.1,0.0,0.0,0.0,0.0,0.0,0.0,0.0,1.0
509455,0,1,3400,-56,56,-808,7.5,14,0.56,26877.470703,0,2.1,0.0,0.0,0.0,0.0,0.0,0.0,0.0,1.0
509704,0,1,3400,-56,56,-808,10,14,0.61,70095.234375,7,2.1,0.82,0.0,12412.698242,36,0.0,0.0,0.0,1.0
509953,0,1,3400,-56,56,-806,13,15,0.50,59015.871094,0,2.1,0.0,0.0,0.0,0.0,0.0,0.0,0.0,1.0
510202,0,1,3400,-56,56,-805,12,15,0.50,69913.046875,0,2.1,0.0,0.0,0.0,0.0,0.0,0.0,0.0,1.0
510451,0,1,3400,-56,56,-808,12,14,0.63,76444.445312,12,2.1,0.0,0.0,0.0,0.0,0.0,0.0,0.0,1.0
510700,0,1,3400,-56,56,-804,9.3,14,0.50,60666.667969,0,2.1,5.1,0.0,13809.523438,36,0.0,0.0,0.0,1.0
510949,0,1,3400,-56,56,-804,8.6,15,0.50,71396.828125,0,2.1,12,0.0,0.0,0.0,0.0,0.0,0.0,1.0
511198,0,1,3400,-56,56,-807,6.9,15,0.51,60584.980469,7,2.1,12,0.0,0.0,0.0,0.0,0.0,0.0,1.0
511447,0,1,3400,-56,56,-808,11,14,1.2,60285.714844,19,2.1,12,0.0,0.0,0.0,0.0,0.0,0.0,1.0
511696,0,1,3400,-56,56,-800,9.6,15,0.50,38825.398438,0,2.1,13,0.0,23301.587891,0,0.0,0.0,0.0,1.0
511945,0,1,3400,-56,56,-804,10,15,1.1,44571.429688,18,2.1,14,0.0,0.0,0.0,0.0,0.0,0.0,1.0
512194,0,1,3400,-56,56,-802,12,15,0.60,59636.363281,0,2.1,14,0.0,0.0,0.0,0.0,0.0,0.0,1.0
512443,0,1,3400,-56,56,-803,9.6,15,0.58,26761.904297,14,2.1,14,0.0,0.0,0.0,0.0,0.0,0.0,1.0
512692,0,1,3400,-56,56,-805,11,15,1.8,59396.824219,8,2.1,14,0.0,0.0,50,0.0,0.0,0.0,1.0
512941,0,1,3400,-56,56,-811,8.4,14,0.50,66920.632812,0,2.1,15,0.0,0.0,100.000000,0.0,0.0,0.0,1.0
513190,0,1,3400,-56,56,-809,11,14,0.50,53660.078125,0,2.1,15,0.0,0.0,0.0,0.0,0.0,0.0,1.0
513439,0,1,3400,-56,56,-806,9.9,15,0.51,49174.601562,10,2.1,15,0.0,0.0,0.0,0.0,0.0,0.0,1.0
513688,0,1,3400,-56,56,-807,14,15,0.61,53746.031250,8,2.1,13,0.0,14190.476562,36,0.0,0.0,0.0,1.0
513937,0,1,3400,-56,56,-811,10,14,0.50,108648.218750,0,2.1,0.0,0.0,4332.015625,0,0.0,0.0,0.0,1.0
514186,0,1,3400,-56,56,-811,10,15,0.54,54507.937500,10,2.1,0.0,0.0,0.0,0.0,0.0,0.0,0.0,1.0
514435,0,1,3400,-56,56,-809,11,15,0.50,43936.507812,0,2.1,0.0,0.0,0.0,0.0,0.0,0.0,0.0,1.0
514684,0,1,3400,-56,56,-798,9.6,14,1.4,40664.031250,20,2.1,0.82,0.0,12363.636719,36,0.0,0.0,0.0,1.0
514933,0,1,3400,-56,56,-801,9.9,16,1.6,32126.984375,0,2.1,0.0,0.0,0.0,0.0,0.0,0.0,0.0,1.0
515182,0,1,3400,-56,56,-812,11,15,1.1,38825.398438,12,2.1,0.0,0.0,0.0,0.0,0.0,0.0,0.0,1.0
515431,0,1,3400,-56,56,-815,9.0,14,0.50,93047.617188,0,2.1,0.0,0.0,0.0,0.0,0.0,0.0,0.0,1.0
515680,0,1,3400,-56,56,-810,10,15,0.50,55083.003906,0,2.1,0.91,0.0,4743.083008,31,0.0,0.0,