Timestamp,num_ues,IMSI,RNTI,,slicing_enabled,slice_id,slice_prb,power_multiplier,scheduling_policy,,dl_mcs,dl_n_samples,dl_buffer [bytes],tx_brate downlink [Mbps],tx_pkts downlink,tx_errors downlink (%),dl_cqi,,ul_mcs,ul_n_samples,ul_buffer [bytes],rx_brate uplink [Mbps],rx_pkts uplink,rx_errors uplink (%),ul_rssi,ul_sinr,phr,,sum_requested_prbs,sum_granted_prbs,,dl_pmi,dl_ri,ul_n,ul_turbo_iters
1613754752700,5,1010123456019,76,,1,2,5,1,2,,0,0,0,0,0,0,6.33333,,0,0,0,0,0,0,0,0,0,,0,0,,0,0,0,0
1613754752950,5,1010123456019,76,,1,2,5,1,2,,6,4,0,0.002016,1,0,7.6,,12,7,0,0.1,2,0,0,34.0783,31,,0,5,,0,0,0,1
1613754753200,5,1010123456019,76,,1,2,5,1,2,,0,0,0,0,0,0,6,,0,0,0,0,0,0,0,0,0,,0,0,,0,0,0,0
1613754753450,5,1010123456019,76,,1,2,5,1,2,,0,0,0,0,0,0,7.33333,,0,0,0,0,0,0,0,0,0,,0,0,,0,0,0,0
1613754753700,5,1010123456019,76,,1,2,5,1,2,,0,0,0,0,0,0,8.4,,0,0,0,0,0,0,0,0,0,,0,0,,0,0,0,0
1613754753980,7,1010123456019,76,,1,2,5,1,2,,0,0,0,0,0,0,3.75,,0,0,0,0,0,0,0,0,0,,0,0,,0,0,0,0
1613754754200,7,1010123456019,76,,1,2,5,1,2,,0,0,0,0,0,0,6,,0,0,0,0,0,0,0,0,0,,0,0,,0,0,0,0
1613754754450,7,1010123456019,76,,1,2,5,1,2,,0,0,0,0,0,0,7,,0,0,0,0,0,0,0,0,0,,0,0,,0,0,0,0
1613754754700,7,1010123456019,76,,1,2,5,1,2,,0,0,0,0,0,0,7.33333,,0,0,0,0,0,0,0,0,0,,0,0,,0,0,0,0
1613754754950,6,1010123456019,76,,1,2,5,1,2,,0,0,0,0,0,0,9.5,,0,0,0,0,0,0,0,0,0,,0,0,,0,0,0,0
1613754755200,6,1010123456019,76,,1,2,5,1,2,,0,0,0,0,0,0,5.33333,,0,0,0,0,0,0,0,0,0,,0,0,,0,0,0,0
1613754755450,6,1010123456019,76,,1,2,5,1,2,,0,0,0,0,0,0,7,,0,0,0,0,0,0,0,0,0,,0,0,,0,0,0,0
1613754755700,5,1010123456019,76,,1,2,5,1,2,,0,0,0,0,0,0,7.8,,0,0,0,0,0,0,0,0,0,,0,0,,0,0,0,0
1613754755950,5,1010123456019,76,,1,2,5,1,2,,0,0,0,0,0,0,6.5,,0,0,0,0,0,0,0,0,0,,0,0,,0,0,0,0
1613754756200,5,1010123456019,76,,1,2,5,1,2,,0,0,0,0,0,0,8.5,,0,0,0,0,0,0,0,0,0,,0,0,,0,0,0,0
1613754756450,5,1010123456019,76,,1,2,5,1,2,,0,0,0,0,0,0,6.8,,0,0,0,0,0,0,0,0,0,,0,0,,0,0,0,0
1613754756700,5,1010123456019,76,,1,2,5,1,2,,0,0,0,0,0,0,8.66667,,0,0,0,0,0,0,0,0,0,,0,0,,0,0,0,0
1613754756950,5,1010123456019,76,,1,2,5,1,2,,0,0,0,0,0,0,4.66667,,0,0,0,0,0,0,0,0,0,,0,0,,0,0,0,0
1613754757200,5,1010123456019,76,,1,2,5,1,2,,0,0,0,0,0,0,7,,0,0,0,0,0,0,0,0,0,,0,0,,0,0,0,0
1613754757450,5,1010123456019,76,,1,2,5,1,2,,0,0,0,0,0,0,7,,0,0,0,0,0,0,0,0,0,,0,0,,0,0,0,0
1613754757700,5,1010123456019,76,,1,2,5,1,2,,0,0,0,0,0,0,6.16667,,0,0,0,0,0,0,0,0,0,,0,0,,0,0,0,0
1613754757950,5,1010123456019,76,,1,2,5,1,2,,0,0,0,0,0,0,8,,0,0,0,0,0,0,0,0,0,,0,0,,0,0,0,0
1613754758200,5,1010123456019,76,,1,2,5,1,2,,0,0,0,0,0,0,8.4,,0,0,0,0,0,0,0,0,0,,0,0,,0,0,0,0
1613754758450,5,1010123456019,76,,1,2,5,1,2,,0,0,0,0,0,0,7,,0,0,0,0,0,0,0,0,0,,0,0,,0,0,0,0
1613754758700,5,1010123456019,76,,1,2,5,1,2,,0,0,0,0,0,0,8,,0,0,0,0,0,0,0,0,0,,0,0,,0,0,0,0
1613754758950,5,1010123456019,76,,1,2,5,1,2,,0,0,0,0,0,0,5,,0,0,0,0,0,0,0,0,0,,0,0,,0,0,0,0
1613754759200,5,1010123456019,76,,1,2,5,1,2,,0,0,0,0,0,0,5.6,,0,0,0,0,0,0,0,0,0,,0,0,,0,0,0,0
1613754759450,5,1010123456019,76,,1,2,5,1,2,,0,0,0,0,0,0,6.8,,0,0,0,0,0,0,0,0,0,,0,0,,0,0,0,0
1613754759700,5,1010123456019,76,,1,2,5,1,2,,0,0,0,0,0,0,6.33333,,0,0,0,0,0,0,0,0,0,,0,0,,0,0,0,0
1613754759950,5,1010123456019,76,,1,2,5,1,2,,0,0,0,0,0,0,9.5,,0,0,0,0,0,0,0,0,0,,0,0,,0,0,0,0
1613754760200,5,1010123456019,76,,1,2,5,1,2,,0,0,0,0,0,0,7,,0,0,0,0,0,0,0,0,0,,0,0,,0,0,0,0
1613754760450,5,1010123456019,76,,1,2,5,1,2,,0,0,0,0,0,0,7,,0,0,0,0,0,0,0,0,0,,0,0,,0,0,0,0
1613754760700,5,1010123456019,76,,1,2,5,1,2,,0,0,0,0,0,0,6.75,,0,0,0,0,0,0,0,0,0,,0,0,,0,0,0,0
1613754760950,5,1010123456019,76,,1,2,5,1,2,,0,0,0,0,0,0,7,,0,0,0,0,0,0,0,0,0,,0,0,,0,0,0,0
1613754761200,5,1010123456019,76,,1,2,5,1,2,,0,0,0,0,0,0,7.8,,0,0,0,0,0,0,0,0,0,,0,0,,0,0,0,0
1613754761450,5,1010123456019,76,,1,2,5,1,2,,0,0,0,0,0,0,7.2,,0,0,0,0,0,0,0,0,0,,0,0,,0,0,0,0
1613754761700,5,1010123456019,76,,1,2,5,1,2,,0,0,0,0,0,0,7,,0,0,0,0,0,0,0,0,0,,0,0,,0,0,0,0
1613754761950,5,1010123456019,76,,1,2,5,1,2,,0,0,0,0,0,0,9,,0,0,0,0,0,0,0,0,0,,0,0,,0,0,0,0
1613754762200,5,1010123456019,76,,1,2,5,1,2,,0,0,0,0,0,0,6.5,,0,0,0,0,0,0,0,0,0,,0,0,,0,0,0,0
1613754762450,5,1010123456019,76,,1,2,5,1,2,,0,0,0,0,0,0,8.33333,,0,0,0,0,0,0,0,0,0,,0,0,,0,0,0,0
1613754762700,5,1010123456019,76,,1,2,5,1,2,,0,0,0,0,0,0,3.75,,0,0,0,0,0,0,0,0,0,,0,0,,0,0,0,0
1613754762950,5,1010123456019,76,,1,2,5,1,2,,0,0,0,0,0,0,5.25,,0,0,0,0,0,0,0,0,0,,0,0,,0,0,0,0
1613754763200,5,1010123456019,76,,1,2,5,1,2,,0,0,0,0,0,0,6.66667,,0,0,0,0,0,0,0,0,0,,0,0,,0,0,0,0
1613754763450,5,1010123456019,76,,1,2,5,1,2,,0,0,0,0,0,0,7,,0,0,0,0,0,0,0,0,0,,0,0,,0,0,0,0
1613754763700,5,1010123456019,76,,1,2,5,1,2,,0,0,0,0,0,0,8.25,,0,0,0,0,0,0,0,0,0,,0,0,,0,0,0,0
1613754763950,5,1010123456019,76,,1,2,5,1,2,,0,0,0,0,0,0,9.33333,,0,0,0,0,0,0,0,0,0,,0,0,,0,0,0,0
1613754764200,5,1010123456019,76,,1,2,5,1,2,,0,0,0,0,0,0,6.75,,0,0,0,0,0,0,0,0,0,,0,0,,0,0,0,0
1613754764450,5,1010123456019,76,,1,2,5,1,2,,0,0,0,0,0,0,7.83333,,0,0,0,0,0,0,0,0,0,,0,0,,0,0,0,0
1613754764700,5,1010123456019,76,,1,2,5,1,2,,0,0,0,0,0,0,7.2,,0,0,0,0,0,0,0,0,0,,0,0,,0,0,0,0
1613754764950,5,1010123456019,76,,1,2,5,1,2,,0,0,0,0,0,0,6.4,,0,0,0,0,0,0,0,0,0,,0,0,,0,0,0,0
1613754765200,5,1010123456019,76,,1,2,5,1,2,,0,0,0,0,0,0,7.25,,0,0,0,0,0,0,0,0,0,,0,0,,0,0,0,0
1613754765450,5,1010123456019,76,,1,2,5,1,2,,0,0,0,0,0,0,6.66667,,0,0,0,0,0,0,0,0,0,,0,0,,0,0,0,0
1613754765700,5,1010123456019,76,,1,2,5,1,2,,0,0,0,0,0,0,7.8,,0,0,0,0,0,0,0,0,0,,0,0,,0,0,0,0
1613754765950,5,1010123456019,76,,1,2,5,1,2,,0,0,0,0,0,0,6.8,,0,0,0,0,0,0,0,0,0,,0,0,,0,0,0,0
1613754766200,5,1010123456019,76,,1,2,5,1,2,,0,0,0,0,0,0,8.66667,,0,0,0,0,0,0,0,0,0,,0,0,,0,0,0,0
1613754766450,5,1010123456019,76,,1,2,5,1,2,,0,0,0,0,0,0,7,,0,0,0,0,0,0,0,0,0,,0,0,,0,0,0,0
1613754766700,5,1010123456019,76,,1,2,5,1,2,,0,0,0,0,0,0,6.5,,0,0,0,0,0,0,0,0,0,,0,0,,0,0,0,0
1613754766950,5,1010123456019,76,,1,2,5,1,2,,0,0,0,0,0,0,7,,0,0,0,0,0,0,0,0,0,,0,0,,0,0,0,0
1613754767200,5,1010123456019,76,,1,2,5,1,2,,0,0,0,0,0,0,5.8,,0,0,0,0,0,0,0,0,0,,0,0,,0,0,0,0
1613754767450,5,1010123456019,76,,1,2,5,1,2,,0,0,0,0,0,0,5.75,,0,0,0,0,0,0,0,0,0,,0,0,,0,0,0,0
1613754767700,5,1010123456019,76,,1,2,5,1,2,,0,0,0,0,0,0,8,,0,0,0,0,0,0,0,0,0,,0,0,,0,0,0,0
1613754767950,5,1010123456019,76,,1,2,5,1,2,,0,0,0,0,0,0,6.75,,0,0,0,0,0,0,0,0,0,,0,0,,0,0,0,0
1613754768200,5,1010123456019,76,,1,2,5,1,2,,0,0,0,0,0,0,8.66667,,0,0,0,0,0,0,0,0,0,,0,0,,0,0,0,0
1613754768450,5,1010123456019,76,,1,2,5,1,2,,0,0,0,0,0,0,6.75,,0,0,0,0,0,0,0,0,0,,0,0,,0,0,0,0
1613754768700,5,1010123456019,76,,1,2,5,1,2,,0,0,0,0,0,0,5.6,,0,0,0,0,0,0,0,0,0,,0,0,,0,0,0,0
1613754768950,5,1010123456019,76,,1,2,5,1,2,,0,0,0,0,0,0,8,,0,0,0,0,0,0,0,0,0,,0,0,,0,0,0,0
1613754769200,5,1010123456019,76,,1,2,5,1,2,,0,0,0,0,0,0,5.5,,0,0,0,0,0,0,0,0,0,,0,0,,0,0,0,0
1613754769450,5,1010123456019,76,,1,2,5,1,2,,0,0,0,0,0,0,6.8,,0,0,0,0,0,0,0,0,0,,0,0,,0,0,0,0
1613754769700,5,1010123456019,76,,1,2,5,1,2,,0,0,0,0,0,0,8.25,,0,0,0,0,0,0,0,0,0,,0,0,,0,0,0,0
1613754769950,5,1010123456019,76,,1,2,5,1,2,,0,0,0,0,0,0,10,,0,0,0,0,0,0,0,0,0,,0,0,,0,0,0,0
1613754770200,5,1010123456019,76,,1,2,5,1,2,,0,0,0,0,0,0,8,,0,0,0,0,0,0,0,0,0,,0,0,,0,0,0,0
1613754770450,5,1010123456019,76,,1,2,5,1,2,,0,0,0,0,0,0,6.6,,0,0,0,0,0,0,0,0,0,,0,0,,0,0,0,0
1613754770700,5,1010123456019,76,,1,2,5,1,2,,0,0,0,0,0,0,6.8,,0,0,0,0,0,0,0,0,0,,0,0,,0,0,0,0
1613754770950,5,1010123456019,76,,1,2,5,1,2,,0,0,0,0,0,0,6.16667,,0,0,0,0,0,0,0,0,0,,0,0,,0,0,0,0
1613754771200,5,1010123456019,76,,1,2,5,1,2,,0,0,0,0,0,0,6.75,,0,0,0,0,0,0,0,0,0,,0,0,,0,0,0,0
1613754771450,5,1010123456019,76,,1,2,5,1,2,,0,0,0,0,0,0,10,,0,0,0,0,0,0,0,0,0,,0,0,,0,0,0,0
1613754771700,5,1010123456019,76,,1,2,5,1,2,,0,0,0,0,0,0,6.8,,0,0,0,0,0,0,0,0,0,,0,0,,0,0,0,0
1613754771950,5,1010123456019,76,,1,2,5,1,2,,0,0,0,0,0,0,6.75,,0,0,0,0,0,0,0,0,0,,0,0,,0,0,0,0
1613754772200,5,1010123456019,76,,1,2,5,1,2,,0,0,0,0,0,0,6.8,,0,0,0,0,0,0,0,0,0,,0,0,,0,0,0,0
1613754772450,5,1010123456019,76,,1,2,5,1,2,,0,0,0,0,0,0,9,,0,0,0,0,0,0,0,0,0,,0,0,,0,0,0,0
1613754772700,5,1010123456019,76,,1,2,5,1,2,,0,0,0,0,0,0,6.8,,0,0,0,0,0,0,0,0,0,,0,0,,0,0,0,0
1613754772950,5,1010123456019,76,,1,2,5,1,2,,0,0,0,0,0,0,7,,0,0,0,0,0,0,0,0,0,,0,0,,0,0,0,0
1613754773200,5,1010123456019,76,,1,2,5,1,2,,0,0,0,0,0,0,7.75,,0,0,0,0,0,0,0,0,0,,0,0,,0,0,0,0
1613754773450,5,1010123456019,76,,1,2,5,1,2,,0,0,0,0,0,0,5,,0,0,0,0,0,0,0,0,0,,0,0,,0,0,0,0
1613754773700,5,1010123456019,76,,1,2,5,1,2,,0,0,0,0,0,0,5,,0,0,0,0,0,0,0,0,0,,0,0,,0,0,0,0
1613754773950,5,1010123456019,76,,1,2,5,1,2,,0,0,0,0,0,0,6.8,,0,0,0,0,0,0,0,0,0,,0,0,,0,0,0,0
1613754774200,5,1010123456019,76,,1,2,5,1,2,,0,0,0,0,0,0,6.25,,0,0,0,0,0,0,0,0,0,,0,0,,0,0,0,0
1613754774450,5,1010123456019,76,,1,2,5,1,2,,0,0,0,0,0,0,7,,0,0,0,0,0,0,0,0,0,,0,0,,0,0,0,0
1613754774700,5,1010123456019,76,,1,2,5,1,2,,0,0,0,0,0,0,7.57143,,0,0,0,0,0,0,0,0,0,,0,0,,0,0,0,0
1613754774950,5,1010123456019,76,,1,2,5,1,2,,0,0,0,0,0,0,4,,0,0,0,0,0,0,0,0,0,,0,0,,0,0,0,0
1613754775200,5,1010123456019,76,,1,2,5,1,2,,0,0,0,0,0,0,7,,0,0,0,0,0,0,0,0,0,,0,0,,0,0,0,0
1613754775450,5,1010123456019,76,,1,2,5,1,2,,0,0,0,0,0,0,7,,0,0,0,0,0,0,0,0,0,,0,0,,0,0,0,0
1613754775700,5,1010123456019,76,,1,2,5,1,2,,0,0,0,0,0,0,6.8,,0,0,0,0,0,0,0,0,0,,0,0,,0,0,0,0
1613754775950,5,1010123456019,76,,1,2,5,1,2,,0,0,0,0,0,0,9,,0,0,0,0,0,0,0,0,0,,0,0,,0,0,0,0
1613754776200,5,1010123456019,76,,1,2,5,1,2,,0,0,0,0,0,0,5,,0,0,0,0,0,0,0,0,0,,0,0,,0,0,0,0
1613754776450,5,1010123456019,76,,1,2,5,1,2,,0,0,0,0,0,0,4.6,,0,0,0,0,0,0,0,0,0,,0,0,,0,0,0,0
1613754776700,5,1010123456019,76,,1,2,5,1,2,,0,0,0,0,0,0,7,,0,0,0,0,0,0,0,0,0,,0,0,,0,0,0,0
1613754776950,5,1010123456019,76,,1,2,5,1,2,,0,0,0,0,0,0,8.25,,0,0,0,0,0,0,0,0,0,,0,0,,0,0,0,0
1613754777200,5,1010123456019,76,,1,2,5,1,2,,0,0,0,0,0,0,7.8,,0,0,0,0,0,0,0,0,0,,0,0,,0,0,0,0
1613754777450,5,1010123456019,76,,1,2,5,1,2,,0,0,0,0,0,0,9.33333,,0,0,0,0,0,0,0,0,0,,0,0,,0,0,0,0
1613754777700,5,1010123456019,76,,1,2,5,1,2,,0,0,0,0,0,0,7,,0,0,0,0,0,0,0,0,0,,0,0,,0,0,0,0
1613754777950,5,1010123456019,76,,1,2,5,1,2,,0,0,0,0,0,0,7,,0,0,0,0,0,0,0,0,0,,0,0,,0,0,0,0
1613754778200,5,1010123456019,76,,1,2,5,1,2,,0,0,0,0,0,0,8.4,,0,0,0,0,0,0,0,0,0,,0,0,,0,0,0,0
1613754778450,5,1010123456019,76,,1,2,5,1,2,,0,0,0,0,0,0,10,,0,0,0,0,0,0,0,0,0,,0,0,,0,0,0,0
1613754778700,5,1010123456019,76,,1,2,5,1,2,,0,0,0,0,0,0,8.5,,0,0,0,0,0,0,0,0,0,,0,0,,0,0,0,0
1613754778950,5,1010123456019,76,,1,2,5,1,2,,0,0,0,0,0,0,6.5,,0,0,0,0,0,0,0,0,0,,0,0,,0,0,0,0
1613754779200,5,1010123456019,76,,1,2,5,1,2,,0,0,0,0,0,0,8.5,,0,0,0,0,0,0,0,0,0,,0,0,,0,0,0,0
1613754779450,5,1010123456019,76,,1,2,5,1,2,,0,0,0,0,0,0,6.25,,0,0,0,0,0,0,0,0,0,,0,0,,0,0,0,0
1613754779700,5,1010123456019,76,,1,2,5,1,2,,0,0,0,0,0,0,8.6,,0,0,0,0,0,0,0,0,0,,0,0,,0,0,0,0
1613754779950,5,1010123456019,76,,1,2,5,1,2,,0,0,0,0,0,0,7.33333,,0,0,0,0,0,0,0,0,0,,0,0,,0,0,0,0
1613754780200,5,1010123456019,76,,1,2,5,1,2,,0,0,0,0,0,0,6.66667,,0,0,0,0,0,0,0,0,0,,0,0,,0,0,0,0
1613754780450,5,1010123456019,76,,1,2,5,1,2,,0,0,0,0,0,0,7,,0,0,0,0,0,0,0,0,0,,0,0,,0,0,0,0
1613754780700,5,1010123456019,76,,1,2,5,1,2,,0,0,0,0,0,0,8.66667,,0,0,0,0,0,0,0,0,0,,0,0,,0,0,0,0
1613754780950,5,1010123456019,76,,1,2,5,1,2,,0,0,0,0,0,0,7.5,,0,0,0,0,0,0,0,0,0,,0,0,,0,0,0,0
1613754781200,5,1010123456019,76,,1,2,5,1,2,,0,0,0,0,0,0,6.2,,0,0,0,0,0,0,0,0,0,,0,0,,0,0,0,0
1613754781450,5,1010123456019,76,,1,2,5,1,2,,0,0,0,0,0,0,5.25,,0,0,0,0,0,0,0,0,0,,0,0,,0,0,0,0
1613754781700,5,1010123456019,76,,1,2,5,1,2,,0,0,0,0,0,0,7,,0,0,0,0,0,0,0,0,0,,0,0,,0,0,0,0
1613754781950,5,1010123456019,76,,1,2,5,1,2,,0,0,0,0,0,0,6.66667,,0,0,0,0,0,0,0,0,0,,0,0,,0,0,0,0
1613754782200,5,1010123456019,76,,1,2,5,1,2,,0,0,0,0,0,0,8.2,,0,0,0,0,0,0,0,0,0,,0,0,,0,0,0,0
1613754782450,5,1010123456019,76,,1,2,5,1,2,,0,0,0,0,0,0,6.75,,0,0,0,0,0,0,0,0,0,,0,0,,0,0,0,0
1613754782700,5,1010123456019,76,,1,2,5,1,2,,0,0,0,0,0,0,7.6,,0,0,0,0,0,0,0,0,0,,0,0,,0,0,0,0
1613754782950,5,1010123456019,76,,1,2,5,1,2,,0,0,0,0,0,0,7,,0,0,0,0,0,0,0,0,0,,0,0,,0,0,0,0
1613754783200,5,1010123456019,76,,1,2,5,1,2,,0,0,0,0,0,0,4.75,,0,0,0,0,0,0,0,0,0,,0,0,,0,0,0,0
1613754783450,5,1010123456019,76,,1,2,5,1,2,,0,0,0,0,0,0,5.75,,0,0,0,0,0,0,0,0,0,,0,0,,0,0,0,0
1613754783700,5,1010123456019,76,,1,2,5,1,2,,0,0,0,0,0,0,6.5,,0,0,0,0,0,0,0,0,0,,0,0,,0,0,0,0
1613754783950,5,1010123456019,76,,1,2,5,1,2,,0,0,0,0,0,0,7.4,,0,0,0,0,0,0,0,0,0,,0,0,,0,0,0,0
1613754784200,5,1010123456019,76,,1,2,5,1,2,,0,0,0,0,0,0,5.66667,,0,0,0,0,0,0,0,0,0,,0,0,,0,0,0,0
1613754784450,5,1010123456019,76,,1,2,5,1,2,,0,0,0,0,0,0,7.2,,0,0,0,0,0,0,0,0,0,,0,0,,0,0,0,0
1613754784700,5,1010123456019,76,,1,2,5,1,2,,0,0,0,0,0,0,10,,0,0,0,0,0,0,0,0,0,,0,0,,0,0,0,0
1613754784950,5,1010123456019,76,,1,2,5,1,2,,0,0,0,0,0,0,4.6,,0,0,0,0,0,0,0,0,0,,0,0,,0,0,0,0
1613754785200,5,1010123456019,76,,1,2,5,1,2,,0,0,0,0,0,0,6.6,,0,0,0,0,0,0,0,0,0,,0,0,,0,0,0,0
1613754785450,5,1010123456019,76,,1,2,5,1,2,,0,0,0,0,0,0,8.16667,,0,0,0,0,0,0,0,0,0,,0,0,,0,0,0,0
1613754785700,5,1010123456019,76,,1,2,5,1,2,,0,0,0,0,0,0,8,,0,0,0,0,0,0,0,0,0,,0,0,,0,0,0,0
1613754785950,5,1010123456019,76,,1,2,5,1,2,,0,0,0,0,0,0,7.33333,,0,0,0,0,0,0,0,0,0,,0,0,,0,0,0,0
1613754786200,5,1010123456019,76,,1,2,5,1,2,,0,0,0,0,0,0,6.33333,,0,0,0,0,0,0,0,0,0,,0,0,,0,0,0,0
1613754786450,5,1010123456019,76,,1,2,5,1,2,,0,0,0,0,0,0,8,,0,0,0,0,0,0,0,0,0,,0,0,,0,0,0,0
1613754786700,5,1010123456019,76,,1,2,5,1,2,,0,0,0,0,0,0,8.25,,0,0,0,0,0,0,0,0,0,,0,0,,0,0,0,0
1613754786950,5,1010123456019,76,,1,2,5,1,2,,0,0,0,0,0,0,7,,0,0,0,0,0,0,0,0,0,,0,0,,0,0,0,0
1613754787200,5,1010123456019,76,,1,2,5,1,2,,0,0,0,0,0,0,6.6,,0,0,0,0,0,0,0,0,0,,0,0,,0,0,0,0
1613754787450,5,1010123456019,76,,1,2,5,1,2,,0,0,0,0,0,0,9.66667,,0,0,0,0,0,0,0,0,0,,0,0,,0,0,0,0
1613754787700,5,1010123456019,76,,1,2,5,1,2,,0,0,0,0,0,0,7.4,,0,0,0,0,0,0,0,0,0,,0,0,,0,0,0,0
1613754787950,5,1010123456019,76,,1,2,5,1,2,,0,0,0,0,0,0,4.6,,0,0,0,0,0,0,0,0,0,,0,0,,0,0,0,0
1613754788200,5,1010123456019,76,,1,2,5,1,2,,0,0,0,0,0,0,5,,0,0,0,0,0,0,0,0,0,,0,0,,0,0,0,0
1613754788450,5,1010123456019,76,,1,2,5,1,2,,0,0,0,0,0,0,8,,0,0,0,0,0,0,0,0,0,,0,0,,0,0,0,0
1613754788700,5,1010123456019,76,,1,2,5,1,2,,0,0,0,0,0,0,6.8,,0,0,0,0,0,0,0,0,0,,0,0,,0,0,0,0
1613754788950,5,1010123456019,76,,1,2,5,1,2,,0,0,0,0,0,0,6.75,,0,0,0,0,0,0,0,0,0,,0,0,,0,0,0,0
1613754789200,5,1010123456019,76,,1,2,5,1,2,,0,0,0,0,0,0,6.8,,0,0,0,0,0,0,0,0,0,,0,0,,0,0,0,0
1613754789450,5,1010123456019,76,,1,2,5,1,2,,0,0,0,0,0,0,7.5,,0,0,0,0,0,0,0,0,0,,0,0,,0,0,0,0
1613754789700,5,1010123456019,76,,1,2,5,1,2,,0,0,0,0,0,0,7,,0,0,0,0,0,0,0,0,0,,0,0,,0,0,0,0
1613754789950,5,1010123456019,76,,1,2,5,1,2,,0,0,0,0,0,0,9,,0,0,0,0,0,0,0,0,0,,0,0,,0,0,0,0
1613754790200,5,1010123456019,76,,1,2,5,1,2,,0,0,0,0,0,0,6.75,,0,0,0,0,0,0,0,0,0,,0,0,,0,0,0,0
1613754790450,5,1010123456019,76,,1,2,5,1,2,,0,0,0,0,0,0,6,,0,0,0,0,0,0,0,0,0,,0,0,,0,0,0,0
1613754790700,5,1010123456019,76,,1,2,5,1,2,,0,0,0,0,0,0,6.8,,0,0,0,0,0,0,0,0,0,,0,0,,0,0,0,0
1613754790950,5,1010123456019,76,,1,2,5,1,2,,0,0,0,0,0,0,7.5,,0,0,0,0,0,0,0,0,0,,0,0,,0,0,0,0
1613754791200,5,1010123456019,76,,1,2,5,1,2,,0,0,0,0,0,0,7,,0,0,0,0,0,0,0,0,0,,0,0,,0,0,0,0
1613754791450,5,1010123456019,76,,1,2,5,1,2,,0,0,0,0,0,0,6.66667,,0,0,0,0,0,0,0,0,0,,0,0,,0,0,0,0
1613754791700,5,1010123456019,76,,1,2,5,1,2,,0,0,0,0,0,0,8.4,,0,0,0,0,0,0,0,0,0,,0,0,,0,0,0,0
1613754791950,5,1010123456019,76,,1,2,5,1,2,,0,0,0,0,0,0,7.6,,0,0,0,0,0,0,0,0,0,,0,0,,0,0,0,0
1613754792200,5,1010123456019,76,,1,2,5,1,2,,0,0,0,0,0,0,7,,0,0,0,0,0,0,0,0,0,,0,0,,0,0,0,0
1613754792450,5,1010123456019,76,,1,2,5,1,2,,0,0,0,0,0,0,10.5,,0,0,0,0,0,0,0,0,0,,0,0,,0,0,0,0
1613754792700,5,1010123456019,76,,1,2,5,1,2,,0,0,0,0,0,0,7.2,,0,0,0,0,0,0,0,0,0,,0,0,,0,0,0,0
1613754792950,5,1010123456019,76,,1,2,5,1,2,,0,0,0,0,0,0,6,,0,0,0,0,0,0,0,0,0,,0,0,,0,0,0,0
1613754793200,5,1010123456019,76,,1,2,5,1,2,,0,0,0,0,0,0,7,,0,0,0,0,0,0,0,0,0,,0,0,,0,0,0,0
1613754793450,5,1010123456019,76,,1,2,5,1,2,,0,0,0,0,0,0,6.33333,,0,0,0,0,0,0,0,0,0,,0,0,,0,0,0,0
1613754793700,5,1010123456019,76,,1,2,5,1,2,,0,0,0,0,0,0,5.33333,,0,0,0,0,0,0,0,0,0,,0,0,,0,0,0,0
1613754793950,5,1010123456019,76,,1,2,5,1,2,,0,0,0,0,0,0,5.25,,0,0,0,0,0,0,0,0,0,,0,0,,0,0,0,0
1613754794200,5,1010123456019,76,,1,2,5,1,2,,0,0,0,0,0,0,6.66667,,0,0,0,0,0,0,0,0,0,,0,0,,0,0,0,0
1613754794450,5,1010123456019,76,,1,2,5,1,2,,0,0,0,0,0,0,5.8,,0,0,0,0,0,0,0,0,0,,0,0,,0,0,0,0
1613754794700,5,1010123456019,76,,1,2,5,1,2,,0,0,0,0,0,0,8.16667,,0,0,0,0,0,0,0,0,0,,0,0,,0,0,0,0
1613754794950,5,1010123456019,76,,1,2,5,1,2,,0,0,0,0,0,0,5.66667,,0,0,0,0,0,0,0,0,0,,0,0,,0,0,0,0
1613754795200,5,1010123456019,76,,1,2,5,1,2,,0,0,0,0,0,0,4.5,,0,0,0,0,0,0,0,0,0,,0,0,,0,0,0,0
1613754795450,5,1010123456019,76,,1,2,5,1,2,,0,0,0,0,0,0,5.25,,0,0,0,0,0,0,0,0,0,,0,0,,0,0,0,0
1613754795700,5,1010123456019,76,,1,2,5,1,2,,0,0,0,0,0,0,10.75,,0,0,0,0,0,0,0,0,0,,0,0,,0,0,0,0
1613754795950,5,1010123456019,76,,1,2,5,1,2,,0,0,0,0,0,0,5.6,,0,0,0,0,0,0,0,0,0,,0,0,,0,0,0,0
1613754796200,5,1010123456019,76,,1,2,5,1,2,,0,0,0,0,0,0,6.33333,,0,0,0,0,0,0,0,0,0,,0,0,,0,0,0,0
1613754796450,5,1010123456019,76,,1,2,5,1,2,,0,0,0,0,0,0,7,,0,0,0,0,0,0,0,0,0,,0,0,,0,0,0,0
1613754796700,5,1010123456019,76,,1,2,5,1,2,,0,0,0,0,0,0,6,,0,0,0,0,0,0,0,0,0,,0,0,,0,0,0,0
1613754796950,5,1010123456019,76,,1,2,5,1,2,,0,0,0,0,0,0,7,,0,0,0,0,0,0,0,0,0,,0,0,,0,0,0,0
1613754797200,5,1010123456019,76,,1,2,5,1,2,,0,0,0,0,0,0,6.33333,,0,0,0,0,0,0,0,0,0,,0,0,,0,0,0,0
1613754797450,5,1010123456019,76,,1,2,5,1,2,,0,0,0,0,0,0,6.75,,0,0,0,0,0,0,0,0,0,,0,0,,0,0,0,0
1613754797700,5,1010123456019,76,,1,2,5,1,2,,0,0,0,0,0,0,7,,0,0,0,0,0,0,0,0,0,,0,0,,0,0,0,0
1613754797950,5,1010123456019,76,,1,2,5,1,2,,0,0,0,0,0,0,8.5,,0,0,0,0,0,0,0,0,0,,0,0,,0,0,0,0
1613754798200,5,1010123456019,76,,1,2,5,1,2,,0,0,0,0,0,0,6,,0,0,0,0,0,0,0,0,0,,0,0,,0,0,0,0
1613754798450,5,1010123456019,76,,1,2,5,1,2,,0,0,0,0,0,0,9.5,,0,0,0,0,0,0,0,0,0,,0,0,,0,0,0,0
1613754798700,5,1010123456019,76,,1,2,5,1,2,,0,0,0,0,0,0,8.2,,0,0,0,0,0,0,0,0,0,,0,0,,0,0,0,0
1613754798950,5,1010123456019,76,,1,2,5,1,2,,0,0,0,0,0,0,5.4,,0,0,0,0,0,0,0,0,0,,0,0,,0,0,0,0
1613754799200,5,1010123456019,76,,1,2,5,1,2,,0,0,0,0,0,0,7.33333,,0,0,0,0,0,0,0,0,0,,0,0,,0,0,0,0
1613754799450,5,1010123456019,76,,1,2,5,1,2,,0,0,0,0,0,0,8.5,,0,0,0,0,0,0,0,0,0,,0,0,,0,0,0,0
1613754799700,5,1010123456019,76,,1,2,5,1,2,,0,0,0,0,0,0,6.5,,0,0,0,0,0,0,0,0,0,,0,0,,0,0,0,0
1613754799951,5,1010123456019,76,,1,2,5,1,2,,9.17172,198,0,0.138645,56,0,7,,0,12,0,0,4,100,0,0,0,,66,225,,0,0,0,0
1613754800200,5,1010123456019,76,,1,2,5,1,2,,7.0173,289,28,0.136739,83,0,5.5,,10.9091,11,0,0.1,3,66.6667,0,7.32439,31,,288,295,,0,0,0,7.54545
1613754800450,5,1010123456019,76,,1,2,5,1,2,,8.09836,244,74,0.111454,67,0,6,,5.45455,22,0,0.1,6,33.3333,0,8.03812,0,,212,214,,0,0,0,4.63636
1613754800700,5,1010123456019,76,,1,2,5,1,2,,9.00755,265,158,0.136064,77,0,6.71429,,0,0,0,0,0,0,0,0,0,,225,228,,0,0,0,0
1613754800950,5,1010123456019,76,,1,2,5,1,2,,10.1165,206,158,0.126592,62,0,7.16667,,14.3673,49,0,0.1,16,75,0,8.82165,31,,185,187,,0,0,0,7.2449
1613754801200,5,1010123456019,76,,1,2,5,1,2,,10.3393,168,30,0.107296,48,0,8,,0,0,0,0,0,0,0,0,0,,144,147,,0,0,0,0
1613754801450,5,1010123456019,76,,1,2,5,1,2,,5.03309,272,0,0.0952,80,0,6,,0,0,0,0,0,0,0,0,0,,247,257,,0,0,0,0
1613754801700,5,1010123456019,76,,1,2,5,1,2,,9.64357,202,0,0.10816,57,0,7.42857,,0,0,0,0,0,0,0,0,0,,181,186,,0,0,0,0
1613754801950,5,1010123456019,76,,1,2,5,1,2,,5.81679,262,0,0.100192,78,0,5.83333,,14.8488,86,0,0.217216,28,78.5714,0,6.78577,31,,233,233,,0,0,0,7.90698
1613754802200,5,1010123456019,76,,1,2,5,1,2,,8.24567,346,0,0.163072,97,0,6.5,,0,0,0,0,0,0,0,0,0,,313,322,,0,0,0,0
1613754802450,5,1010123456019,76,,1,2,5,1,2,,3.64113,248,432,0.0775904,67,0,6.33333,,0,0,0,0,0,0,0,0,0,,256,270,,0,0,0,0
1613754802700,5,1010123456019,76,,1,2,5,1,2,,11.1214,206,0,0.140512,64,0,9.14286,,0,0,0,0,0,0,0,0,0,,184,185,,0,0,0,0
1613754802950,5,1010123456019,76,,1,2,5,1,2,,6.99353,309,0,0.14304,92,0,4.4,,15.1892,74,0,0.28592,24,70.8333,0,7.57745,31,,282,286,,0,0,0,7.68919
1613754803200,5,1010123456019,76,,1,2,5,1,2,,6.50909,385,0,0.16576,111,0,5.83333,,0,0,0,0,0,0,0,0,0,,388,399,,0,0,0,0
1613754803450,5,1010123456019,76,,1,2,5,1,2,,10.3808,239,0,0.148544,70,0,7,,0,0,0,0,0,0,0,0,0,,211,214,,0,0,0,0
1613754803700,5,1010123456019,76,,1,2,5,1,2,,5.89028,319,0,0.113088,86,0,6.71429,,0,0,0,0,0,0,0,0,0,,325,327,,0,0,0,0
1613754803950,5,1010123456019,76,,1,2,5,1,2,,6.57561,205,0,0.092544,64,0,5.5,,15.1364,88,0,0.17264,29,82.7586,0,5.5039,31,,177,177,,0,0,0,8.36364
1613754804200,5,1010123456019,76,,1,2,5,1,2,,9.29825,228,0,0.116402,65,0,6.83333,,0,0,0,0,0,0,0,0,0,,192,192,,0,0,0,0
1613754804450,5,1010123456019,76,,1,2,5,1,2,,13.5579,95,0,0.07392,26,0,9.33333,,0,0,0,0,0,0,0,0,0,,81,81,,0,0,0,0
1613754804700,5,1010123456019,76,,1,2,5,1,2,,10.6259,147,0,0.096032,43,0,7.42857,,0,0,0,0,0,0,0,0,0,,126,126,,0,0,0,0
1613754804950,5,1010123456019,76,,1,2,5,1,2,,9.3785,214,0,0.108016,58,0,6.83333,,6.26087,23,0,0.1,7,57.1429,0,9.34473,31,,184,185,,0,0,0,5.82609
1613754805200,5,1010123456019,76,,1,2,5,1,2,,9.59901,202,0,0.1136,60,0,6.6,,0,0,0,0,0,0,0,0,0,,173,175,,0,0,0,0
1613754805450,5,1010123456019,76,,1,2,5,1,2,,9.33721,172,0,0.086688,47,0,7.33333,,0,0,0,0,0,0,0,0,0,,152,154,,0,0,0,0
1613754805700,5,1010123456019,76,,1,2,5,1,2,,9.54878,164,0,0.091648,47,0,7.57143,,0,0,0,0,0,0,0,0,0,,139,140,,0,0,0,0
1613754805950,5,1010123456019,76,,1,2,5,1,2,,11.5182,220,0,0.160192,62,0,7.66667,,14.3043,46,0,0.1224,15,60,0,13.6055,31,,193,194,,0,0,0,5.8913
1613754806200,5,1010123456019,76,,1,2,5,1,2,,10.1055,256,0,0.13392,75,0,7.33333,,0,0,0,0,0,0,0,0,0,,223,224,,0,0,0,0
1613754806450,5,1010123456019,76,,1,2,5,1,2,,10.2681,235,0,0.159136,68,0,6.66667,,0,0,0,0,0,0,0,0,0,,206,211,,0,0,0,0
1613754806700,5,1010123456019,76,,1,2,5,1,2,,3.12994,354,0,0.08352,104,0,6.42857,,0,0,0,0,0,0,0,0,0,,309,315,,0,0,0,0
1613754806950,5,1010123456019,76,,1,2,5,1,2,,11.8947,190,158,0.142592,54,0,8.33333,,12,45,0,0.1,13,61.5385,0,11.2953,31,,166,167,,0,0,0,6.6
1613754807200,5,1010123456019,76,,1,2,5,1,2,,6.02597,385,0,0.139776,107,0,5.66667,,0,0,0,0,0,0,0,0,0,,377,389,,0,0,0,0
1613754807450,5,1010123456019,76,,1,2,5,1,2,,6.48698,384,0,0.14928,110,0,6,,0,0,0,0,0,0,0,0,0,,332,334,,0,0,0,0
1613754807700,5,1010123456019,76,,1,2,5,1,2,,4.27451,408,158,0.122368,118,0,5.71429,,0,0,0,0,0,0,0,0,0,,402,425,,0,0,0,0
1613754807950,5,1010123456019,76,,1,2,5,1,2,,9,239,0,0.119168,67,0,6.5,,13.5294,34,0,0.1,11,45.4545,0,17.3333,31,,215,219,,0,0,0,4.97059
1613754808200,5,1010123456019,76,,1,2,5,1,2,,13.023,174,0,0.147264,52,0,10.1667,,0,0,0,0,0,0,0,0,0,,152,154,,0,0,0,0
1613754808450,5,1010123456019,76,,1,2,5,1,2,,10.4497,149,0,0.095584,44,0,8.5,,0,0,0,0,0,0,0,0,0,,130,131,,0,0,0,0
1613754808700,5,1010123456019,76,,1,2,5,1,2,,10.186,172,0,0.10224,50,0,8.28571,,0,0,0,0,0,0,0,0,0,,147,147,,0,0,0,0
1613754808950,5,1010123456019,76,,1,2,5,1,2,,5.82787,244,0,0.0850442,67,0,5.16667,,7.11111,27,0,0.1,7,57.1429,0,6.81796,31,,212,214,,0,0,0,6.33333
1613754809200,5,1010123456019,76,,1,2,5,1,2,,10.4186,172,0,0.106944,52,0,9,,0,0,0,0,0,0,0,0,0,,156,159,,0,0,0,0
1613754809450,5,1010123456019,76,,1,2,5,1,2,,9.27046,281,30,0.156192,77,0,7.5,,0,0,0,0,0,0,0,0,0,,252,260,,0,0,0,0
1613754809700,5,1010123456019,76,,1,2,5,1,2,,5.79819,332,0,0.121824,93,0,6.28571,,0,0,0,0,0,0,0,0,0,,344,358,,0,0,0,0
1613754809950,5,1010123456019,76,,1,2,5,1,2,,10.4886,176,0,0.128416,58,0,7.5,,0.1,30,0,0.1,9,55.5556,0,0.626054,31,,154,155,,0,0,0,6.66667
1613754810200,5,1010123456019,76,,1,2,5,1,2,,9.7,190,0,0.097216,51,0,6.83333,,0,0,0,0,0,0,0,0,0,,163,164,,0,0,0,0
1613754810450,5,1010123456019,76,,1,2,5,1,2,,6.96658,389,158,0.154208,107,0,6.33333,,0,0,0,0,0,0,0,0,0,,358,373,,0,0,0,0
1613754810700,5,1010123456019,76,,1,2,5,1,2,,6.85185,297,0,0.147072,92,0,6.14286,,0,0,0,0,0,0,0,0,0,,299,315,,0,0,0,0
1613754810950,5,1010123456019,76,,1,2,5,1,2,,9.72444,225,0,0.122176,63,0,7.83333,,7.38462,26,0,0.1,7,57.1429,0,6.5222,31,,196,197,,0,0,0,6.69231
1613754811200,5,1010123456019,76,,1,2,5,1,2,,8.97619,168,7,0.084352,45,0,5.66667,,0,0,0,0,0,0,0,0,0,,144,144,,0,0,0,0
1613754811450,5,1010123456019,76,,1,2,5,1,2,,9.86207,116,14,0.080608,31,0,8.83333,,0,0,0,0,0,0,0,0,0,,98,100,,0,0,0,0
1613754811700,5,1010123456019,76,,1,2,5,1,2,,6.40078,257,256,0.100352,79,0,6.42857,,0,0,0,0,0,0,0,0,0,,222,222,,0,0,0,0
1613754811950,5,1010123456019,76,,1,2,5,1,2,,10.2691,275,0,0.161312,77,0,7.33333,,15.1011,89,0,0.1,27,88.8889,0,3.92404,31,,239,241,,0,0,0,8.78652
1613754812200,5,1010123456019,76,,1,2,5,1,2,,10.5824,182,0,0.114304,53,0,7.33333,,0,0,0,0,0,0,0,0,0,,159,162,,0,0,0,0
1613754812450,5,1010123456019,76,,1,2,5,1,2,,5.3271,428,1144,0.144032,116,0,5.33333,,0,0,0,0,0,0,0,0,0,,404,406,,0,0,0,0
1613754812700,5,1010123456019,76,,1,2,5,1,2,,9.95327,214,0,0.138848,69,0,7.85714,,0,0,0,0,0,0,0,0,0,,206,207,,0,0,0,0
1613754812950,5,1010123456019,76,,1,2,5,1,2,,10.8095,189,0,0.122784,54,0,8,,0,12,0,0,4,100,0,0,0,,164,166,,0,0,0,0
1613754813200,5,1010123456019,76,,1,2,5,1,2,,10.0448,201,0,0.117888,57,0,7.83333,,4.15385,26,0,0.1,8,75,0,9.3209,31,,173,175,,0,0,0,7.23077
1613754813450,5,1010123456019,76,,1,2,5,1,2,,10.6305,203,162,0.117184,52,0,7.5,,5.875,96,0,0.1,29,79.3103,0,9.68052,31,,179,182,,0,0,0,8.125
1613754813700,5,1010123456019,76,,1,2,5,1,2,,10.1351,185,0,0.112768,56,0,7.85714,,0,0,0,0,0,0,0,0,0,,157,155,,0,0,0,0
1613754813950,5,1010123456019,76,,1,2,5,1,2,,4.53676,272,0,0.09152,83,0,6.16667,,14.9474,76,0,0.165728,25,80,0,7.03387,31,,251,259,,0,0,0,7.75
1613754814200,5,1010123456019,76,,1,2,5,1,2,,12.5602,166,0,0.127488,46,0,9.83333,,0,0,0,0,0,0,0,0,0,,144,144,,0,0,0,0
1613754814450,5,1010123456019,76,,1,2,5,1,2,,7.2233,309,0,0.153312,91,0,7.2,,0,0,0,0,0,0,0,0,0,,298,311,,0,0,0,0
1613754814700,5,1010123456019,76,,1,2,5,1,2,,3.54248,459,0,0.12272,131,0,4.33333,,0,0,0,0,0,0,0,0,0,,485,511,,0,0,0,0
1613754814950,5,1010123456019,76,,1,2,5,1,2,,7.0906,298,0,0.14672,87,0,8.16667,,11.9545,22,0,0.1,7,57.1429,0,14.5753,31,,305,321,,0,0,0,5.5
1613754815200,5,1010123456019,76,,1,2,5,1,2,,9.81208,149,0,0.080384,40,0,7.33333,,0,0,0,0,0,0,0,0,0,,130,131,,0,0,0,0
1613754815450,5,1010123456019,76,,1,2,5,1,2,,10.5373,201,0,0.123264,60,0,8.33333,,0,0,0,0,0,0,0,0,0,,175,176,,0,0,0,0
1613754815700,5,1010123456019,76,,1,2,5,1,2,,5.89941,338,0,0.112578,90,0,5.71429,,0,0,0,0,0,0,0,0,0,,310,325,,0,0,0,0
1613754815950,5,1010123456019,76,,1,2,5,1,2,,9.84146,246,0,0.155616,78,0,7.5,,15.1467,75,0,0.163808,25,80,0,5.96203,31,,213,216,,0,0,0,8.13333
1613754816200,5,1010123456019,76,,1,2,5,1,2,,10.497,169,0,0.106624,49,0,9.33333,,0,0,0,0,0,0,0,0,0,,148,149,,0,0,0,0
1613754816450,5,1010123456019,76,,1,2,5,1,2,,9.98765,162,0,0.085984,43,0,7.33333,,0,0,0,0,0,0,0,0,0,,139,140,,0,0,0,0
1613754816700,5,1010123456019,76,,1,2,5,1,2,,9.05921,152,0,0.081216,46,0,6.57143,,0,0,0,0,0,0,0,0,0,,129,129,,0,0,0,0
1613754816950,5,1010123456019,76,,1,2,5,1,2,,4.97681,345,0,0.114336,99,0,5.5,,15.1111,81,0,0.212288,26,76.9231,0,6.69349,31,,330,334,,0,0,0,8
1613754817200,5,1010123456019,76,,1,2,5,1,2,,7.53846,208,0,0.0936,63,0,7,,0,0,0,0,0,0,0,0,0,,181,182,,0,0,0,0
1613754817450,5,1010123456019,76,,1,2,5,1,2,,10.0333,210,0,0.107808,56,0,7.33333,,0,0,0,0,0,0,0,0,0,,178,179,,0,0,0,0
1613754817700,5,1010123456019,76,,1,2,5,1,2,,9.78061,196,63,0.10688,52,0,7.71429,,0,0,0,0,0,0,0,0,0,,177,181,,0,0,0,0
1613754817950,5,1010123456019,76,,1,2,5,1,2,,10.1316,266,0,0.161248,79,0,7.33333,,15.1045,67,0,0.3344,22,63.6364,0,11.0762,31,,232,233,,0,0,0,6.37313
1613754818200,5,1010123456019,76,,1,2,5,1,2,,8.57609,276,0,0.136192,81,0,6.5,,0,0,0,0,0,0,0,0,0,,235,236,,0,0,0,0
1613754818450,5,1010123456019,76,,1,2,5,1,2,,8.41135,141,0,0.065504,40,0,6.33333,,0,0,0,0,0,0,0,0,0,,120,120,,0,0,0,0
1613754818700,5,1010123456019,76,,1,2,5,1,2,,9.24378,201,0,0.10272,57,0,6.71429,,0,0,0,0,0,0,0,0,0,,171,171,,0,0,0,0
1613754818950,5,1010123456019,76,,1,2,5,1,2,,9.24138,232,0,0.125024,70,0,6.5,,13.5,8,0,0.1,2,0,0,28.4805,31,,202,203,,0,0,0,1
1613754819200,5,1010123456019,76,,1,2,5,1,2,,11.7903,124,99,0.079072,28,0,8.33333,,0,0,0,0,0,0,0,0,0,,106,107,,0,0,0,0
1613754819450,5,1010123456019,76,,1,2,5,1,2,,5.9633,327,0,0.143808,101,0,6,,0,0,0,0,0,0,0,0,0,,340,344,,0,0,0,0
1613754819700,5,1010123456019,76,,1,2,5,1,2,,10.1975,157,0,0.0910843,43,0,8,,0,0,0,0,0,0,0,0,0,,138,141,,0,0,0,0
1613754819950,5,1010123456019,76,,1,2,5,1,2,,10.3373,166,0,0.103008,50,0,7,,13.2857,7,0,0.1,2,0,0,32.2308,31,,155,157,,0,0,0,1
1613754820200,5,1010123456019,76,,1,2,5,1,2,,6.11411,333,0,0.128544,97,0,6,,0,0,0,0,0,0,0,0,0,,286,287,,0,0,0,0
1613754820450,5,1010123456019,76,,1,2,5,1,2,,9.69024,297,196,0.146144,80,0,6.66667,,0,0,0,0,0,0,0,0,0,,255,255,,0,0,0,0
1613754820700,5,1010123456019,76,,1,2,5,1,2,,11.9596,223,0,0.169472,67,0,8.42857,,0,0,0,0,0,0,0,0,0,,191,196,,0,0,0,0
1613754820950,5,1010123456019,76,,1,2,5,1,2,,7.43312,314,0,0.139008,91,0,6.33333,,15,15,0,0,4,100,0,1.60205,0,,324,335,,0,0,0,10
1613754821200,5,1010123456019,76,,1,2,5,1,2,,9.62646,257,0,0.142976,75,0,7,,0,0,0,0,0,0,0,0,0,,223,224,,0,0,0,0
1613754821450,5,1010123456019,76,,1,2,5,1,2,,8.82677,254,99,0.130496,76,0,6.33333,,0,0,0,0,0,0,0,0,0,,225,228,,0,0,0,0
1613754821700,5,1010123456019,76,,1,2,5,1,2,,9.56079,255,0,0.140192,71,0,7.28571,,0,0,0,0,0,0,0,0,0,,221,223,,0,0,0,0
1613754821950,5,1010123456019,76,,1,2,5,1,2,,11.2385,218,0,0.143136,62,0,8.66667,,6.24,25,0,0.1,7,42.8571,0,11.5626,31,,189,189,,0,0,0,5.92
1613754822200,5,1010123456019,76,,1,2,5,1,2,,7.1723,296,439,0.129248,80,0,6.5,,0,0,0,0,0,0,0,0,0,,272,279,,0,0,0,0
1613754822450,5,1010123456019,76,,1,2,5,1,2,,8.27386,241,0,0.123776,77,0,7.16667,,0,0,0,0,0,0,0,0,0,,226,228,,0,0,0,0
1613754822700,5,1010123456019,76,,1,2,5,1,2,,5.79635,329,0,0.122464,94,0,6,,0,0,0,0,0,0,0,0,0,,288,292,,0,0,0,0
1613754822950,5,1010123456019,76,,1,2,5,1,2,,10.3353,173,0,0.107712,52,0,7,,9.375,24,0,0.1,7,57.1429,0,12.108,31,,157,158,,0,0,0,6.625
1613754823200,5,1010123456019,76,,1,2,5,1,2,,2.86286,525,375,0.139104,142,0,6.2,,0,0,0,0,0,0,0,0,0,,577,612,,0,0,0,0
1613754823450,5,1010123456019,76,,1,2,5,1,2,,8.83959,293,0,0.179136,92,0,8.33333,,0,0,0,0,0,0,0,0,0,,282,288,,0,0,0,0
1613754823700,5,1010123456019,76,,1,2,5,1,2,,11.3626,182,0,0.132448,52,0,8.57143,,0,0,0,0,0,0,0,0,0,,157,158,,0,0,0,0
1613754823951,5,1010123456019,76,,1,2,5,1,2,,8.95257,253,0,0.134534,71,0,8.5,,13.2857,7,0,0.1,2,0,0,31.3787,31,,225,228,,0,0,0,1
1613754824200,5,1010123456019,76,,1,2,5,1,2,,3.22865,363,0,0.0994699,107,0,6.2,,0,0,0,0,0,0,0,0,0,,350,366,,0,0,0,0
1613754824450,5,1010123456019,76,,1,2,5,1,2,,11.864,125,118,0.07952,33,0,8.16667,,0,0,0,0,0,0,0,0,0,,108,108,,0,0,0,0
1613754824700,5,1010123456019,76,,1,2,5,1,2,,9.74866,187,99,0.102656,53,0,6.57143,,0,0,0,0,0,0,0,0,0,,162,162,,0,0,0,0
1613754824950,5,1010123456019,76,,1,2,5,1,2,,9.55779,199,0,0.109664,59,0,6.66667,,13.2857,7,0,0.1,2,0,0,31.9056,31,,171,171,,0,0,0,1
1613754825200,5,1010123456019,76,,1,2,5,1,2,,10.1635,159,0,0.094528,47,0,7,,0,0,0,0,0,0,0,0,0,,136,137,,0,0,0,0
1613754825450,5,1010123456019,76,,1,2,5,1,2,,10.0233,172,158,0.0968,49,0,7.83333,,0,0,0,0,0,0,0,0,0,,147,147,,0,0,0,0
1613754825700,5,1010123456019,76,,1,2,5,1,2,,10.085,200,0,0.112896,57,0,6.57143,,0,0,0,0,0,0,0,0,0,,173,175,,0,0,0,0
1613754825950,5,1010123456019,76,,1,2,5,1,2,,9.5871,155,0,0.085888,44,0,7,,15,15,0,0,4,100,0,0.668926,0,,136,137,,0,0,0,10
1613754826200,5,1010123456019,76,,1,2,5,1,2,,9.61187,219,0,0.119486,63,0,8,,0,0,0,0,0,0,0,0,0,,186,186,,0,0,0,0
1613754826450,5,1010123456019,76,,1,2,5,1,2,,10.3242,182,0,0.1016,49,0,7.16667,,0,0,0,0,0,0,0,0,0,,156,156,,0,0,0,0
1613754826700,5,1010123456019,76,,1,2,5,1,2,,10.8018,217,0,0.144608,65,0,8,,0,0,0,0,0,0,0,0,0,,189,192,,0,0,0,0
1613754826950,5,1010123456019,76,,1,2,5,1,2,,7.06829,205,253,0.087744,52,0,6.16667,,7.18182,11,0,0.1,3,0,0,32.7193,31,,186,192,,0,0,0,1
1613754827200,5,1010123456019,76,,1,2,5,1,2,,5.61035,367,99,0.154752,112,0,7.83333,,0,0,0,0,0,0,0,0,0,,376,380,,0,0,0,0
1613754827450,5,1010123456019,76,,1,2,5,1,2,,6.85124,242,0,0.104544,70,0,6.66667,,0,0,0,0,0,0,0,0,0,,221,234,,0,0,0,0
1613754827700,5,1010123456019,76,,1,2,5,1,2,,10.6982,285,47,0.175712,79,0,8.71429,,0,0,0,0,0,0,0,0,0,,249,252,,0,0,0,0
1613754827950,5,1010123456019,76,,1,2,5,1,2,,8.70968,186,99,0.09312,56,0,6.66667,,13.2857,7,0,0.1,2,0,0,30.2437,31,,162,162,,0,0,0,1
1613754828200,5,1010123456019,76,,1,2,5,1,2,,9.20619,291,0,0.161408,84,0,7.16667,,0,0,0,0,0,0,0,0,0,,251,253,,0,0,0,0
1613754828450,5,1010123456019,76,,1,2,5,1,2,,6.96491,342,0,0.149141,98,0,6.66667,,0,0,0,0,0,0,0,0,0,,298,300,,0,0,0,0
1613754828700,5,1010123456019,76,,1,2,5,1,2,,10.3018,222,30,0.128224,62,0,6.71429,,0,0,0,0,0,0,0,0,0,,196,200,,0,0,0,0
1613754828950,5,1010123456019,76,,1,2,5,1,2,,10.7249,229,0,0.149344,66,0,7.83333,,13.7143,7,0,0.1,2,0,0,30.0875,31,,203,208,,0,0,0,1
1613754829200,5,1010123456019,76,,1,2,5,1,2,,10.816,250,158,0.17088,75,0,7,,0,0,0,0,0,0,0,0,0,,220,221,,0,0,0,0
1613754829450,5,1010123456019,76,,1,2,5,1,2,,6.30086,349,0,0.143776,100,0,6,,0,0,0,0,0,0,0,0,0,,337,344,,0,0,0,0
1613754829700,5,1010123456019,76,,1,2,5,1,2,,10.6595,185,0,0.113312,52,0,7.71429,,0,0,0,0,0,0,0,0,0,,157,158,,0,0,0,0
1613754829950,5,1010123456019,76,,1,2,5,1,2,,11.0709,127,30,0.085056,38,0,8.33333,,7.68,25,0,0.1,8,50,0,6.24161,31,,120,120,,0,0,0,4.96
1613754830200,5,1010123456019,76,,1,2,5,1,2,,10.2743,175,0,0.112128,49,0,8,,0,0,0,0,0,0,0,0,0,,152,154,,0,0,0,0
1613754830450,5,1010123456019,76,,1,2,5,1,2,,9.06944,216,41,0.113792,65,0,7,,0,0,0,0,0,0,0,0,0,,189,189,,0,0,0,0
1613754830700,5,1010123456019,76,,1,2,5,1,2,,9.83691,233,0,0.129606,67,0,6.85714,,0,0,0,0,0,0,0,0,0,,198,198,,0,0,0,0
1613754830950,5,1010123456019,76,,1,2,5,1,2,,9.54,200,0,0.107904,58,0,6.83333,,5.33333,36,0,0.1,10,80,0,3.60521,31,,175,176,,0,0,0,8.33333
1613754831200,5,1010123456019,76,,1,2,5,1,2,,13.7778,90,0,0.078848,26,0,8.5,,0,0,0,0,0,0,0,0,0,,79,80,,0,0,0,0
1613754831450,5,1010123456019,76,,1,2,5,1,2,,9.26449,276,30,0.135136,74,0,6.66667,,0,0,0,0,0,0,0,0,0,,241,245,,0,0,0,0
1613754831700,5,1010123456019,76,,1,2,5,1,2,,9.84644,267,99,0.155552,81,0,7,,0,0,0,0,0,0,0,0,0,,232,233,,0,0,0,0
1613754831950,5,1010123456019,76,,1,2,5,1,2,,12.4455,202,99,0.15872,56,0,8.66667,,7.90909,11,0,0.1,3,0,0,31.5659,31,,182,184,,0,0,0,1
1613754832200,5,1010123456019,76,,1,2,5,1,2,,9.64179,268,158,0.155936,81,0,6.8,,0,0,0,0,0,0,0,0,0,,235,238,,0,0,0,0
1613754832450,5,1010123456019,76,,1,2,5,1,2,,9.71377,276,99,0.145376,77,0,6.83333,,0,0,0,0,0,0,0,0,0,,238,239,,0,0,0,0
1613754832700,5,1010123456019,76,,1,2,5,1,2,,8.50174,287,0,0.14416,81,0,7,,0,0,0,0,0,0,0,0,0,,270,275,,0,0,0,0
1613754832950,5,1010123456019,76,,1,2,5,1,2,,9.43243,296,99,0.149494,81,0,6.66667,,9,24,0,0.1,7,57.1429,0,9.42209,31,,262,263,,0,0,0,6.70833
1613754833200,5,1010123456019,76,,1,2,5,1,2,,8.83398,259,0,0.136384,81,0,6.33333,,0,0,0,0,0,0,0,0,0,,219,219,,0,0,0,0
1613754833450,5,1010123456019,76,,1,2,5,1,2,,9.47959,196,30,0.094592,52,0,6.5,,0,0,0,0,0,0,0,0,0,,168,168,,0,0,0,0
1613754833700,5,1010123456019,76,,1,2,5,1,2,,11.5838,173,0,0.125312,53,0,8,,0,0,0,0,0,0,0,0,0,,147,147,,0,0,0,0
1613754833950,5,1010123456019,76,,1,2,5,1,2,,11.3014,146,99,0.085632,37,0,8.5,,14.4103,78,0,0.160576,24,79.1667,0,5.71957,31,,123,123,,0,0,0,8.38461
1613754834200,5,1010123456019,76,,1,2,5,1,2,,8.01225,245,223,0.130944,66,0,7.66667,,0,0,0,0,0,0,0,0,0,,214,218,,0,0,0,0
1613754834450,5,1010123456019,76,,1,2,5,1,2,,8.18819,271,0,0.145536,86,0,7.4,,0,0,0,0,0,0,0,0,0,,253,266,,0,0,0,0
1613754834700,5,1010123456019,76,,1,2,5,1,2,,7.34098,305,0,0.122048,86,0,5.14286,,0,0,0,0,0,0,0,0,0,,261,261,,0,0,0,0
1613754834950,5,1010123456019,76,,1,2,5,1,2,,8.8559,229,0,0.11936,68,0,6.83333,,0.1,15,0,0,4,100,0,0.607918,0,,205,207,,0,0,0,10
1613754835200,5,1010123456019,76,,1,2,5,1,2,,5.04196,286,0,0.0912,82,0,6.5,,4.61538,26,0,0.1,7,71.4286,0,8.33898,31,,246,246,,0,0,0,7.92308
1613754835450,5,1010123456019,76,,1,2,5,1,2,,10.2607,211,158,0.113088,56,0,6.83333,,3.78947,19,0,0.1,5,60,0,1.83635,0,,188,190,,0,0,0,6.68421
1613754835700,5,1010123456019,76,,1,2,5,1,2,,8.21757,239,158,0.117984,69,0,5.85714,,0,0,0,0,0,0,0,0,0,,221,226,,0,0,0,0
1613754835950,5,1010123456019,76,,1,2,5,1,2,,1.93419,623,0,0.146848,189,0,3.8,,14.8657,67,0,0.149312,22,77.2727,0,7.6058,31,,704,741,,0,0,0,7.71642
1613754836200,5,1010123456019,76,,1,2,5,1,2,,4.76442,416,1378,0.130496,112,0,5.16667,,0,0,0,0,0,0,0,0,0,,450,458,,0,0,0,0
1613754836450,5,1010123456019,76,,1,2,5,1,2,,8.50382,262,0,0.150048,80,0,7,,0,0,0,0,0,0,0,0,0,,274,275,,0,0,0,0
1613754836700,5,1010123456019,76,,1,2,5,1,2,,10.5833,168,0,0.111584,51,0,7.71429,,0,0,0,0,0,0,0,0,0,,146,148,,0,0,0,0
1613754836950,5,1010123456019,76,,1,2,5,1,2,,6.21935,310,30,0.123232,90,0,6.33333,,0.222222,36,0,0.1,10,0,0,6.08579,31,,304,315,,0,0,0,1.52778
1613754837200,5,1010123456019,76,,1,2,5,1,2,,10.2116,189,0,0.113344,55,0,7.16667,,0,0,0,0,0,0,0,0,0,,156,156,,0,0,0,0
1613754837450,5,1010123456019,76,,1,2,5,1,2,,9.83178,107,0,0.059168,31,0,7,,0,0,0,0,0,0,0,0,0,,93,93,,0,0,0,0
1613754837700,5,1010123456019,76,,1,2,5,1,2,,8.33175,211,158,0.097792,56,0,6,,0,0,0,0,0,0,0,0,0,,196,198,,0,0,0,0
1613754837950,5,1010123456019,76,,1,2,5,1,2,,4.96013,301,244,0.106624,83,0,6,,15.1667,72,0,0.212288,24,75,0,9.74632,31,,278,282,,0,0,0,7.25
1613754838200,5,1010123456019,76,,1,2,5,1,2,,4.99731,371,0,0.11344,113,0,6,,0,0,0,0,0,0,0,0,0,,316,317,,0,0,0,0
1613754838450,5,1010123456019,76,,1,2,5,1,2,,6.47059,238,0,0.111776,69,0,6.5,,0,0,0,0,0,0,0,0,0,,224,236,,0,0,0,0
1613754838700,5,1010123456019,76,,1,2,5,1,2,,9.84034,238,30,0.129056,66,0,7.14286,,0,0,0,0,0,0,0,0,0,,205,206,,0,0,0,0
1613754838950,5,1010123456019,76,,1,2,5,1,2,,9.45455,275,0,0.151744,83,0,6.66667,,0.1,12,0,0,4,100,0,0.402519,0,,244,245,,0,0,0,10
1613754839200,5,1010123456019,76,,1,2,5,1,2,,9.37158,183,0,0.09168,50,0,6.83333,,4.36364,11,0,0.1,3,66.6667,0,7.19093,31,,160,161,,0,0,0,7.54545
1613754839450,5,1010123456019,76,,1,2,5,1,2,,7.12723,393,364,0.167008,108,0,6,,5.25,100,0,0.1,27,77.7778,0,6.39564,31,,343,345,,0,0,0,8.32
1613754839700,5,1010123456019,76,,1,2,5,1,2,,6.61,300,0,0.141184,94,0,7.14286,,0,0,0,0,0,0,0,0,0,,305,322,,0,0,0,0
1613754839950,5,1010123456019,76,,1,2,5,1,2,,9.86111,252,0,0.14432,72,0,6.83333,,11.2941,17,0,0.103936,5,20,0,22.5566,31,,232,235,,0,0,0,2.58824
1613754840200,5,1010123456019,76,,1,2,5,1,2,,9.9837,184,0,0.107552,55,0,7.16667,,0,0,0,0,0,0,0,0,0,,156,156,,0,0,0,0
1613754840450,5,1010123456019,76,,1,2,5,1,2,,10.2917,192,158,0.113184,54,0,6.83333,,0,0,0,0,0,0,0,0,0,,170,172,,0,0,0,0
1613754840700,5,1010123456019,76,,1,2,5,1,2,,11.9302,129,343,0.094848,36,0,8.57143,,0,0,0,0,0,0,0,0,0,,108,108,,0,0,0,0
1613754840950,5,1010123456019,76,,1,2,5,1,2,,9.59244,238,0,0.134528,70,0,6.83333,,8.59091,22,0,0.1,7,57.1429,0,9.81237,31,,207,210,,0,0,0,5.90909
1613754841200,5,1010123456019,76,,1,2,5,1,2,,9.91177,272,0,0.156544,78,0,6.66667,,0,0,0,0,0,0,0,0,0,,238,240,,0,0,0,0
1613754841450,5,1010123456019,76,,1,2,5,1,2,,10.8621,145,0,0.090816,41,0,7.66667,,0,0,0,0,0,0,0,0,0,,125,127,,0,0,0,0
1613754841700,5,1010123456019,76,,1,2,5,1,2,,6.05882,204,0,0.070016,53,0,6,,0,0,0,0,0,0,0,0,0,,176,178,,0,0,0,0
1613754841950,5,1010123456019,76,,1,2,5,1,2,,7.375,232,0,0.11264,73,0,5.33333,,8.21053,38,0,0.1,11,72.7273,0,3.56759,31,,241,245,,0,0,0,7.57895
1613754842200,5,1010123456019,76,,1,2,5,1,2,,10.2598,204,0,0.124096,62,0,7.5,,0,0,0,0,0,0,0,0,0,,177,177,,0,0,0,0
1613754842450,5,1010123456019,76,,1,2,5,1,2,,9.76875,160,0,0.08608,43,0,7.83333,,0,0,0,0,0,0,0,0,0,,140,142,,0,0,0,0
1613754842700,5,1010123456019,76,,1,2,5,1,2,,10.5361,166,0,0.107232,50,0,8.14286,,0,0,0,0,0,0,0,0,0,,143,145,,0,0,0,0
1613754842950,5,1010123456019,76,,1,2,5,1,2,,10.4021,189,118,0.106432,50,0,8.16667,,6.4,30,0,0.1,8,50,0,6.34888,31,,160,161,,0,0,0,5.8
1613754843200,5,1010123456019,76,,1,2,5,1,2,,5.86667,315,217,0.112768,91,0,5.83333,,0,0,0,0,0,0,0,0,0,,271,272,,0,0,0,0
1613754843450,5,1010123456019,76,,1,2,5,1,2,,9.60199,201,0,0.113728,60,0,6.66667,,0,0,0,0,0,0,0,0,0,,175,176,,0,0,0,0
1613754843700,5,1010123456019,76,,1,2,5,1,2,,7.02535,355,0,0.149024,102,0,6.14286,,0,0,0,0,0,0,0,0,0,,320,330,,0,0,0,0
1613754843950,5,1010123456019,76,,1,2,5,1,2,,9.66489,188,124,0.096928,51,0,6.5,,10.9565,46,0,0.1,14,71.4286,0,10.4324,31,,173,175,,0,0,0,7.32609
1613754844200,5,1010123456019,76,,1,2,5,1,2,,6.06393,219,0,0.089152,66,0,6.16667,,0,0,0,0,0,0,0,0,0,,198,206,,0,0,0,0
1613754844450,5,1010123456019,76,,1,2,5,1,2,,9.20714,140,99,0.064512,36,0,7,,0,0,0,0,0,0,0,0,0,,123,123,,0,0,0,0
1613754844700,5,1010123456019,76,,1,2,5,1,2,,4.70806,459,0,0.141344,133,0,6.42857,,0,0,0,0,0,0,0,0,0,,415,436,,0,0,0,0
1613754844950,5,1010123456019,76,,1,2,5,1,2,,10.806,201,0,0.14144,62,0,7,,9.64286,14,0,0.1,4,0,0,30.7821,31,,181,182,,0,0,0,1
1613754845200,5,1010123456019,76,,1,2,5,1,2,,10.3702,208,0,0.117472,56,0,8.16667,,0,0,0,0,0,0,0,0,0,,178,179,,0,0,0,0
1613754845450,5,1010123456019,76,,1,2,5,1,2,,6.05195,308,426,0.129984,84,0,6.66667,,0,0,0,0,0,0,0,0,0,,306,317,,0,0,0,0
1613754845700,5,1010123456019,76,,1,2,5,1,2,,5.69293,368,0,0.133056,108,0,6.83333,,0,0,0,0,0,0,0,0,0,,403,405,,0,0,0,0
1613754845950,5,1010123456019,76,,1,2,5,1,2,,9.81065,169,0,0.105248,54,0,7,,16,16,0,0,4,100,0,0.622045,0,,149,151,,0,0,0,10
1613754846200,5,1010123456019,76,,1,2,5,1,2,,5.47101,276,0,0.10096,79,0,6,,0.1,7,0,0.1,2,0,0,10.1487,31,,238,239,,0,0,0,3.71429
1613754846450,5,1010123456019,76,,1,2,5,1,2,,10.6564,195,0,0.12288,56,0,7.5,,0,0,0,0,0,0,0,0,0,,172,174,,0,0,0,0
1613754846700,5,1010123456019,76,,1,2,5,1,2,,9.4495,198,0,0.10304,56,0,6.57143,,0,0,0,0,0,0,0,0,0,,169,170,,0,0,0,0
1613754846950,5,1010123456019,76,,1,2,5,1,2,,9.31013,158,0,0.08128,45,0,7.66667,,0,12,0,0,4,100,0,0,0,,135,135,,0,0,0,0
1613754847200,5,1010123456019,76,,1,2,5,1,2,,8.90286,175,0,0.08656,50,0,6.83333,,0,0,0,0,0,0,0,0,0,,150,150,,0,0,0,0
1613754847450,5,1010123456019,76,,1,2,5,1,2,,10.051,255,187,0.139552,70,0,7.66667,,0,0,0,0,0,0,0,0,0,,217,218,,0,0,0,0
1613754847700,5,1010123456019,76,,1,2,5,1,2,,10.2417,240,0,0.145024,69,0,7.14286,,0,0,0,0,0,0,0,0,0,,207,210,,0,0,0,0
1613754847950,5,1010123456019,76,,1,2,5,1,2,,9.88019,217,0,0.104448,55,0,6.5,,0.1,16,0,0,4,100,0,0.666337,0,,188,190,,0,0,0,10
1613754848200,5,1010123456019,76,,1,2,5,1,2,,9.16108,149,0,0.088064,49,0,6.66667,,3.42857,7,0,0.1,2,0,0,33.2593,31,,126,126,,0,0,0,1
1613754848450,5,1010123456019,76,,1,2,5,1,2,,10.384,263,0,0.152672,73,0,6.66667,,0,0,0,0,0,0,0,0,0,,227,229,,0,0,0,0
1613754848700,5,1010123456019,76,,1,2,5,1,2,,9.68853,244,0,0.134592,71,0,8,,0,0,0,0,0,0,0,0,0,,210,210,,0,0,0,0
1613754848950,5,1010123456019,76,,1,2,5,1,2,,12.5392,102,0,0.084736,31,0,8,,0,6,0,0.1,2,0,0,0,31,,87,87,,0,0,0,0
1613754849200,5,1010123456019,76,,1,2,5,1,2,,9.60991,323,0,0.172256,91,0,6.83333,,0,0,0,0,0,0,0,0,0,,274,275,,0,0,0,0
1613754849450,5,1010123456019,76,,1,2,5,1,2,,9.99531,213,0,0.112416,56,0,6.83333,,0,0,0,0,0,0,0,0,0,,186,189,,0,0,0,0
1613754849700,5,1010123456019,76,,1,2,5,1,2,,10.3598,214,0,0.134016,65,0,7.57143,,0,0,0,0,0,0,0,0,0,,183,183,,0,0,0,0
1613754849950,5,1010123456019,76,,1,2,5,1,2,,9.78605,215,0,0.12032,61,0,7.5,,14,6,0,0.1,2,0,0,23.838,31,,191,193,,0,0,0,1
1613754850200,5,1010123456019,76,,1,2,5,1,2,,9.6625,240,0,0.135104,71,0,7,,0,0,0,0,0,0,0,0,0,,204,204,,0,0,0,0
1613754850450,5,1010123456019,76,,1,2,5,1,2,,8.23054,334,0,0.145735,91,0,6.16667,,0,0,0,0,0,0,0,0,0,,286,287,,0,0,0,0
1613754850700,5,1010123456019,76,,1,2,5,1,2,,11.0914,186,0,0.12672,57,0,7.71429,,0,0,0,0,0,0,0,0,0,,162,163,,0,0,0,0
1613754850950,5,1010123456019,76,,1,2,5,1,2,,9.25572,262,0,0.133856,75,0,6.66667,,13.7143,7,0,0.1,2,0,0,29.8084,31,,231,232,,0,0,0,1
1613754851200,5,1010123456019,76,,1,2,5,1,2,,6.34028,288,77,0.113344,81,0,6.33333,,0,0,0,0,0,0,0,0,0,,281,289,,0,0,0,0
1613754851450,5,1010123456019,76,,1,2,5,1,2,,11.1098,173,315,0.122784,53,0,7.83333,,0,0,0,0,0,0,0,0,0,,150,150,,0,0,0,0
1613754851700,5,1010123456019,76,,1,2,5,1,2,,7.32934,334,99,0.157472,91,0,6,,0,0,0,0,0,0,0,0,0,,328,340,,0,0,0,0
1613754851950,5,1010123456019,76,,1,2,5,1,2,,9.56488,262,99,0.139872,75,0,6.66667,,6.07692,39,0,0.1,11,72.7273,0,2.83314,31,,227,229,,0,0,0,7.66667
1613754852200,5,1010123456019,76,,1,2,5,1,2,,10.6752,234,49,0.140032,66,0,7.83333,,0,0,0,0,0,0,0,0,0,,204,205,,0,0,0,0
1613754852450,5,1010123456019,76,,1,2,5,1,2,,6.87324,355,234,0.154432,102,0,7,,0,0,0,0,0,0,0,0,0,,308,316,,0,0,0,0
1613754852700,5,1010123456019,76,,1,2,5,1,2,,4.25393,445,0,0.131072,126,0,5.28571,,0,0,0,0,0,0,0,0,0,,432,451,,0,0,0,0
1613754852950,5,1010123456019,76,,1,2,5,1,2,,4.09091,352,0,0.12704,106,0,6.16667,,8.2,10,0,0.1,3,0,0,32.6,31,,336,350,,0,0,0,1
1613754853200,5,1010123456019,76,,1,2,5,1,2,,9.51709,234,0,0.121824,65,0,6.66667,,0,0,0,0,0,0,0,0,0,,199,200,,0,0,0,0
1613754853450,5,1010123456019,76,,1,2,5,1,2,,10.8687,99,99,0.053824,24,0,8,,0,0,0,0,0,0,0,0,0,,84,84,,0,0,0,0
1613754853700,5,1010123456019,76,,1,2,5,1,2,,9.20087,229,0,0.130592,73,0,6.14286,,0,0,0,0,0,0,0,0,0,,200,202,,0,0,0,0
1613754853950,5,1010123456019,76,,1,2,5,1,2,,8.56757,259,0,0.124672,75,0,6,,7.84615,26,0,0.1,8,62.5,0,8.57936,31,,225,225,,0,0,0,6.34615
1613754854200,5,1010123456019,76,,1,2,5,1,2,,4.42239,393,0,0.119968,112,0,4.33333,,0,0,0,0,0,0,0,0,0,,391,394,,0,0,0,0
1613754854450,5,1010123456019,76,,1,2,5,1,2,,9.98246,228,0,0.127488,64,0,7.66667,,0,0,0,0,0,0,0,0,0,,196,197,,0,0,0,0
1613754854700,5,1010123456019,76,,1,2,5,1,2,,9.92121,165,60,0.087936,43,0,7.71429,,0,0,0,0,0,0,0,0,0,,142,143,,0,0,0,0
1613754854950,5,1010123456019,76,,1,2,5,1,2,,3.64048,331,0,0.097728,99,0,6.33333,,13.7143,7,0,0.1,2,0,0,31.0778,31,,305,320,,0,0,0,1
1613754855200,5,1010123456019,76,,1,2,5,1,2,,9.66667,258,158,0.14576,74,0,6.66667,,0,0,0,0,0,0,0,0,0,,227,233,,0,0,0,0
1613754855450,5,1010123456019,76,,1,2,5,1,2,,7.26257,358,352,0.155552,95,0,6.33333,,0,0,0,0,0,0,0,0,0,,338,347,,0,0,0,0
1613754855700,5,1010123456019,76,,1,2,5,1,2,,7.78889,270,0,0.123072,82,0,7.14286,,0,0,0,0,0,0,0,0,0,,240,245,,0,0,0,0
1613754855950,5,1010123456019,76,,1,2,5,1,2,,9.88461,234,0,0.13392,67,0,6.83333,,5.64706,34,0,0.1,10,80,0,6.52732,31,,216,223,,0,0,0,8.32353
1613754856200,5,1010123456019,76,,1,2,5,1,2,,9.57551,245,0,0.139264,71,0,7,,0,0,0,0,0,0,0,0,0,,212,214,,0,0,0,0
1613754856450,5,1010123456019,76,,1,2,5,1,2,,7.47017,285,0,0.137248,82,0,7.16667,,0,0,0,0,0,0,0,0,0,,275,280,,0,0,0,0
1613754856700,5,1010123456019,76,,1,2,5,1,2,,9.67567,222,158,0.12336,63,0,6.85714,,0,0,0,0,0,0,0,0,0,,196,198,,0,0,0,0
1613754856950,5,1010123456019,76,,1,2,5,1,2,,9.82813,192,0,0.11312,59,0,7.33333,,0.607595,79,0,0.1,23,78.2609,0,4.3123,31,,166,167,,0,0,0,8.27848
1613754857200,5,1010123456019,76,,1,2,5,1,2,,9.13665,161,0,0.081088,46,0,6.66667,,0,0,0,0,0,0,0,0,0,,138,138,,0,0,0,0
1613754857450,5,1010123456019,76,,1,2,5,1,2,,10.3613,191,0,0.109536,52,0,6.83333,,0,0,0,0,0,0,0,0,0,,164,166,,0,0,0,0
1613754857700,5,1010123456019,76,,1,2,5,1,2,,9.91416,233,0,0.131872,68,0,7,,0,0,0,0,0,0,0,0,0,,199,200,,0,0,0,0
1613754857950,5,1010123456019,76,,1,2,5,1,2,,9.45161,186,0,0.097312,53,0,6.66667,,0.1,28,0,0.1,8,62.5,0,1.86684,31,,160,161,,0,0,0,6.85714
1613754858200,5,1010123456019,76,,1,2,5,1,2,,9.99231,130,177,0.069504,35,0,8.83333,,0,0,0,0,0,0,0,0,0,,114,114,,0,0,0,0
1613754858450,5,1010123456019,76,,1,2,5,1,2,,9.72549,255,113,0.14032,74,0,6.66667,,0,0,0,0,0,0,0,0,0,,216,219,,0,0,0,0
1613754858700,5,1010123456019,76,,1,2,5,1,2,,6.3973,370,0,0.13904,104,0,6.28571,,0,0,0,0,0,0,0,0,0,,323,330,,0,0,0,0
1613754858950,5,1010123456019,76,,1,2,5,1,2,,9.61111,234,0,0.139392,69,0,6.66667,,8.8,10,0,0.1,3,0,0,32.5103,31,,216,220,,0,0,0,1
1613754859200,5,1010123456019,76,,1,2,5,1,2,,11.6203,158,0,0.11136,45,0,8,,0,0,0,0,0,0,0,0,0,,137,139,,0,0,0,0
1613754859450,5,1010123456019,76,,1,2,5,1,2,,6.20455,220,0,0.088608,65,0,6.66667,,0,0,0,0,0,0,0,0,0,,189,189,,0,0,0,0
1613754859700,5,1010123456019,76,,1,2,5,1,2,,4.61456,371,358,0.120576,99,0,4.83333,,0,0,0,0,0,0,0,0,0,,343,354,,0,0,0,0
1613754859950,5,1010123456019,76,,1,2,5,1,2,,6.12111,289,0,0.110464,89,0,6.66667,,15,13,0,0,4,100,0,0.1,0,,280,290,,0,0,0,10
1613754860200,5,1010123456019,76,,1,2,5,1,2,,10.1516,277,0,0.16768,80,0,6.83333,,0,0,0,0,0,0,0,0,0,,243,249,,0,0,0,0
1613754860450,5,1010123456019,76,,1,2,5,1,2,,9.16818,220,99,0.109856,61,0,6.5,,0,0,0,0,0,0,0,0,0,,195,198,,0,0,0,0
1613754860700,5,1010123456019,76,,1,2,5,1,2,,11.0382,157,0,0.114144,49,0,8,,0,0,0,0,0,0,0,0,0,,134,136,,0,0,0,0
1613754860950,5,1010123456019,76,,1,2,5,1,2,,7.34272,213,253,0.09872,55,0,6,,0.1,109,0,0.1,32,75,0,2.53862,31,,192,195,,0,0,0,8.20183
1613754861200,5,1010123456019,76,,1,2,5,1,2,,6.88211,246,0,0.109504,78,0,7.5,,0,0,0,0,0,0,0,0,0,,238,243,,0,0,0,0
1613754861450,5,1010123456019,76,,1,2,5,1,2,,9.19214,229,105,0.106496,59,0,7.33333,,0,0,0,0,0,0,0,0,0,,196,197,,0,0,0,0
1613754861700,5,1010123456019,76,,1,2,5,1,2,,6.6185,346,0,0.156288,105,0,6,,0,0,0,0,0,0,0,0,0,,343,363,,0,0,0,0
1613754861950,5,1010123456019,76,,1,2,5,1,2,,9.70035,287,99,0.152416,81,0,6.66667,,15.1781,73,0,0.107648,24,83.3333,0,6.15424,31,,254,256,,0,0,0,8.47945
1613754862200,5,1010123456019,76,,1,2,5,1,2,,10.6518,224,0,0.14304,66,0,9,,0,0,0,0,0,0,0,0,0,,190,191,,0,0,0,0
1613754862450,5,1010123456019,76,,1,2,5,1,2,,11.308,237,0,0.160128,67,0,8,,0,0,0,0,0,0,0,0,0,,209,211,,0,0,0,0
1613754862700,5,1010123456019,76,,1,2,5,1,2,,6.22711,273,0,0.110272,80,0,6.42857,,0,0,0,0,0,0,0,0,0,,250,257,,0,0,0,0
1613754862950,5,1010123456019,76,,1,2,5,1,2,,7.02482,282,0,0.120128,75,0,6.66667,,0.1,15,0,0,4,100,0,0.616232,0,,293,309,,0,0,0,10
1613754863200,5,1010123456019,76,,1,2,5,1,2,,8.91083,157,30,0.086976,49,0,6.83333,,4.61538,26,0,0.1,7,71.4286,0,8.61709,31,,139,140,,0,0,0,7.92308
1613754863450,5,1010123456019,76,,1,2,5,1,2,,9.48908,229,0,0.128928,68,0,7,,6.45,80,0,0.1,24,79.1667,0,11.2799,31,,196,197,,0,0,0,7.975
1613754863700,5,1010123456019,76,,1,2,5,1,2,,9.82105,190,0,0.103392,54,0,6.57143,,0,0,0,0,0,0,0,0,0,,162,162,,0,0,0,0
1613754863950,5,1010123456019,76,,1,2,5,1,2,,10.4259,263,0,0.16592,77,0,7.66667,,12.75,16,0,0.1,5,60,0,15.113,31,,244,248,,0,0,0,6.0625
1613754864200,5,1010123456019,76,,1,2,5,1,2,,9.79856,139,0,0.080704,43,0,7.16667,,0,0,0,0,0,0,0,0,0,,120,120,,0,0,0,0
1613754864450,5,1010123456019,76,,1,2,5,1,2,,9.36328,256,0,0.140576,74,0,6.66667,,0,0,0,0,0,0,0,0,0,,226,230,,0,0,0,0
1613754864700,5,1010123456019,76,,1,2,5,1,2,,6.74124,371,0,0.139584,101,0,5,,0,0,0,0,0,0,0,0,0,,335,346,,0,0,0,0
1613754864950,5,1010123456019,76,,1,2,5,1,2,,9.79808,208,0,0.133408,66,0,8,,12.9,10,0,0.1,3,33.3333,0,19.6529,31,,191,193,,0,0,0,4.6
1613754865200,5,1010123456019,76,,1,2,5,1,2,,10.5833,252,0,0.15456,71,0,7.66667,,0,0,0,0,0,0,0,0,0,,223,224,,0,0,0,0
1613754865450,5,1010123456019,76,,1,2,5,1,2,,10.9932,148,0,0.101728,44,0,7.83333,,0,0,0,0,0,0,0,0,0,,128,130,,0,0,0,0
1613754865700,5,1010123456019,76,,1,2,5,1,2,,9.57965,226,0,0.123104,62,0,7,,0,0,0,0,0,0,0,0,0,,194,196,,0,0,0,0
1613754865950,5,1010123456019,76,,1,2,5,1,2,,11.2614,176,18,0.116768,48,0,8.66667,,9.12,25,0,0.1,7,57.1429,0,9.00186,31,,155,158,,0,0,0,6.2
1613754866200,5,1010123456019,76,,1,2,5,1,2,,3.55854,410,0,0.11664,122,0,5.5,,0,0,0,0,0,0,0,0,0,,395,411,,0,0,0,0
1613754866450,5,1010123456019,76,,1,2,5,1,2,,10.6744,215,0,0.13392,61,0,8.16667,,0,0,0,0,0,0,0,0,0,,186,187,,0,0,0,0
1613754866700,5,1010123456019,76,,1,2,5,1,2,,10.0242,289,0,0.166912,82,0,7,,0,0,0,0,0,0,0,0,0,,250,254,,0,0,0,0
1613754866950,5,1010123456019,76,,1,2,5,1,2,,9.64671,167,0,0.08592,45,0,7.33333,,15.2405,79,0,0.213632,26,76.9231,0,6.12199,31,,150,150,,0,0,0,7.83544
1613754867200,5,1010123456019,76,,1,2,5,1,2,,5.06287,334,0,0.127072,97,0,6.5,,0,0,0,0,0,0,0,0,0,,324,331,,0,0,0,0
1613754867450,5,1010123456019,76,,1,2,5,1,2,,9.75,188,0,0.108768,54,0,7.83333,,0,0,0,0,0,0,0,0,0,,161,163,,0,0,0,0
1613754867700,5,1010123456019,76,,1,2,5,1,2,,9.88889,225,0,0.124288,64,0,7,,0,0,0,0,0,0,0,0,0,,195,198,,0,0,0,0
1613754867950,5,1010123456019,76,,1,2,5,1,2,,5.95789,285,0,0.110976,84,0,6,,15.2099,81,0,0.212288,26,76.9231,0,6.9072,31,,284,284,,0,0,0,7.88889
1613754868200,5,1010123456019,76,,1,2,5,1,2,,4.03356,447,0,0.126304,124,0,5.33333,,0,0,0,0,0,0,0,0,0,,480,491,,0,0,0,0
1613754868450,5,1010123456019,76,,1,2,5,1,2,,9.64286,182,0,0.107072,56,0,7.66667,,0,0,0,0,0,0,0,0,0,,159,159,,0,0,0,0
1613754868700,5,1010123456019,76,,1,2,5,1,2,,10.1787,235,0,0.139136,67,0,6.85714,,0,0,0,0,0,0,0,0,0,,210,213,,0,0,0,0
1613754868950,5,1010123456019,76,,1,2,5,1,2,,8.98086,209,7,0.102688,58,0,6.6,,10.0667,15,0,0.1,4,0,0,28.1697,31,,185,187,,0,0,0,1
1613754869200,5,1010123456019,76,,1,2,5,1,2,,10.686,121,0,0.075904,35,0,7.33333,,0,0,0,0,0,0,0,0,0,,105,105,,0,0,0,0
1613754869450,5,1010123456019,76,,1,2,5,1,2,,9.86522,230,0,0.129952,68,0,6.66667,,0,0,0,0,0,0,0,0,0,,196,197,,0,0,0,0
1613754869700,5,1010123456019,76,,1,2,5,1,2,,10.1243,169,0,0.096896,49,0,6.85714,,0,0,0,0,0,0,0,0,0,,148,149,,0,0,0,0
1613754869950,5,1010123456019,76,,1,2,5,1,2,,9.54545,286,99,0.15072,80,0,6.83333,,14.2857,7,0,0.1,2,0,0,32.086,31,,245,247,,0,0,0,1
1613754870200,5,1010123456019,76,,1,2,5,1,2,,11.1117,197,0,0.12256,54,0,8.83333,,0,0,0,0,0,0,0,0,0,,165,165,,0,0,0,0
1613754870450,5,1010123456019,76,,1,2,5,1,2,,9.55376,186,0,0.112736,55,0,6.5,,0,0,0,0,0,0,0,0,0,,161,163,,0,0,0,0
1613754870700,5,1010123456019,76,,1,2,5,1,2,,10.7537,134,158,0.085344,38,0,7.42857,,0,0,0,0,0,0,0,0,0,,115,116,,0,0,0,0
1613754870950,5,1010123456019,76,,1,2,5,1,2,,9.42657,143,0,0.075968,42,0,6.83333,,13.2857,7,0,0.1,2,0,0,27.7763,31,,126,126,,0,0,0,1
1613754871200,5,1010123456019,76,,1,2,5,1,2,,5.98677,378,315,0.12928,104,0,5.83333,,0,0,0,0,0,0,0,0,0,,329,334,,0,0,0,0
1613754871450,5,1010123456019,76,,1,2,5,1,2,,5.69355,248,158,0.099872,75,0,6,,0,0,0,0,0,0,0,0,0,,234,247,,0,0,0,0
1613754871700,5,1010123456019,76,,1,2,5,1,2,,10.1359,265,0,0.145376,72,0,7.83333,,0,0,0,0,0,0,0,0,0,,226,227,,0,0,0,0
1613754871950,5,1010123456019,76,,1,2,5,1,2,,11.4452,146,0,0.100672,41,0,9,,13.7143,7,0,0.1,2,0,0,31.7185,31,,123,123,,0,0,0,1
1613754872200,5,1010123456019,76,,1,2,5,1,2,,12,225,0,0.1664,63,0,9.66667,,0,0,0,0,0,0,0,0,0,,194,196,,0,0,0,0
1613754872450,5,1010123456019,76,,1,2,5,1,2,,6.41472,299,99,0.124256,86,0,7.16667,,0,0,0,0,0,0,0,0,0,,298,312,,0,0,0,0
1613754872700,5,1010123456019,76,,1,2,5,1,2,,10.5938,128,0,0.085216,40,0,7.57143,,0,0,0,0,0,0,0,0,0,,108,108,,0,0,0,0
1613754872950,5,1010123456019,76,,1,2,5,1,2,,5.652,250,210,0.084512,69,0,7,,10.1304,46,0,0.1,15,86.6667,0,5.41177,31,,224,229,,0,0,0,9.02174
1613754873200,5,1010123456019,76,,1,2,5,1,2,,11.2792,154,0,0.101184,46,0,9.2,,0,0,0,0,0,0,0,0,0,,133,134,,0,0,0,0
1613754873450,5,1010123456019,76,,1,2,5,1,2,,8.99502,201,158,0.11376,57,0,7.33333,,0,0,0,0,0,0,0,0,0,,175,176,,0,0,0,0
1613754873700,5,1010123456019,76,,1,2,5,1,2,,5.62868,509,227,0.184928,141,0,5.42857,,0,0,0,0,0,0,0,0,0,,520,538,,0,0,0,0
1613754873950,5,1010123456019,76,,1,2,5,1,2,,9.48077,208,0,0.138784,68,0,7.33333,,15.2,75,0,0.120736,23,82.6087,0,6.48476,31,,196,201,,0,0,0,8.4
1613754874200,5,1010123456019,76,,1,2,5,1,2,,9.11245,249,0,0.130688,74,0,6.66667,,0,0,0,0,0,0,0,0,0,,214,215,,0,0,0,0
1613754874450,5,1010123456019,76,,1,2,5,1,2,,9.04117,170,0,0.078656,44,0,6.66667,,0,0,0,0,0,0,0,0,0,,148,149,,0,0,0,0
1613754874700,5,1010123456019,76,,1,2,5,1,2,,9.47059,204,0,0.115616,64,0,8,,0,0,0,0,0,0,0,0,0,,177,177,,0,0,0,0
1613754874950,5,1010123456019,76,,1,2,5,1,2,,10.0035,284,0,0.161024,79,0,6.66667,,5,24,0,0.1,7,42.8571,0,18.0031,31,,260,265,,0,0,0,5.75
1613754875200,5,1010123456019,76,,1,2,5,1,2,,12.9752,161,0,0.143456,52,0,9.33333,,0,0,0,0,0,0,0,0,0,,140,142,,0,0,0,0
1613754875450,5,1010123456019,76,,1,2,5,1,2,,7.64796,196,446,0.089952,48,0,5.8,,0,0,0,0,0,0,0,0,0,,198,200,,0,0,0,0
1613754875700,5,1010123456019,76,,1,2,5,1,2,,11.6382,199,0,0.156672,65,0,8.85714,,0,0,0,0,0,0,0,0,0,,180,183,,0,0,0,0
1613754875950,5,1010123456019,76,,1,2,5,1,2,,9.52903,155,0,0.086496,45,0,7.5,,13.2857,7,0,0.1,2,0,0,31.2861,31,,136,137,,0,0,0,1
1613754876200,5,1010123456019,76,,1,2,5,1,2,,2.30924,498,158,0.098368,140,0,4.8,,0,0,0,0,0,0,0,0,0,,507,539,,0,0,0,0
1613754876450,5,1010123456019,76,,1,2,5,1,2,,10.7722,180,0,0.113632,54,0,7.5,,0,0,0,0,0,0,0,0,0,,153,153,,0,0,0,0
1613754876700,5,1010123456019,76,,1,2,5,1,2,,5.00319,313,229,0.095648,82,0,5.57143,,0,0,0,0,0,0,0,0,0,,279,286,,0,0,0,0
1613754876950,5,1010123456019,76,,1,2,5,1,2,,6.71753,308,0,0.138624,97,0,7.33333,,8.86957,23,0,0.1,7,57.1429,0,10.5553,31,,278,289,,0,0,0,5.82609
1613754877200,5,1010123456019,76,,1,2,5,1,2,,6.50476,315,0,0.116416,86,0,6.33333,,0,0,0,0,0,0,0,0,0,,274,279,,0,0,0,0
1613754877450,5,1010123456019,76,,1,2,5,1,2,,5.86275,306,0,0.106816,88,0,5.83333,,0,0,0,0,0,0,0,0,0,,266,268,,0,0,0,0
1613754877700,5,1010123456019,76,,1,2,5,1,2,,10.4615,247,0,0.14976,70,0,7.57143,,0,0,0,0,0,0,0,0,0,,213,216,,0,0,0,0
1613754877950,5,1010123456019,76,,1,2,5,1,2,,6.68231,277,0,0.125984,83,0,5.83333,,15.1351,74,0,0.210368,24,75,0,10.4376,31,,273,278,,0,0,0,7.2027
1613754878200,5,1010123456019,76,,1,2,5,1,2,,10.008,249,0,0.144,70,0,8.2,,0,0,0,0,0,0,0,0,0,,213,214,,0,0,0,0
1613754878450,5,1010123456019,76,,1,2,5,1,2,,4.11007,427,0,0.12624,122,0,5.16667,,0,0,0,0,0,0,0,0,0,,420,444,,0,0,0,0
1613754878700,5,1010123456019,76,,1,2,5,1,2,,6.10159,315,0,0.13152,87,0,7,,0,0,0,0,0,0,0,0,0,,343,348,,0,0,0,0
1613754878950,5,1010123456019,76,,1,2,5,1,2,,9.52119,236,0,0.12432,69,0,8,,8.8,10,0,0.1,3,0,0,32.992,31,,206,208,,0,0,0,1
1613754879200,5,1010123456019,76,,1,2,5,1,2,,4.31991,447,0,0.152384,129,0,5,,0,0,0,0,0,0,0,0,0,,411,428,,0,0,0,0
1613754879450,5,1010123456019,76,,1,2,5,1,2,,10.7425,299,206,0.176224,82,0,7.83333,,0,0,0,0,0,0,0,0,0,,257,259,,0,0,0,0
1613754879700,5,1010123456019,76,,1,2,5,1,2,,10.354,274,164,0.17296,76,0,7.28571,,0,0,0,0,0,0,0,0,0,,237,240,,0,0,0,0
1613754879950,5,1010123456019,76,,1,2,5,1,2,,6.34783,253,0,0.118848,76,0,7.83333,,15.8554,83,0,0.21376,26,76.9231,0,7.31088,31,,248,253,,0,0,0,7.83133
1613754880200,5,1010123456019,76,,1,2,5,1,2,,7.49569,232,0,0.11088,69,0,6.83333,,0,0,0,0,0,0,0,0,0,,209,216,,0,0,0,0
1613754880450,5,1010123456019,76,,1,2,5,1,2,,7.13571,280,0,0.116448,80,0,6.5,,0,0,0,0,0,0,0,0,0,,261,270,,0,0,0,0
1613754880700,5,1010123456019,76,,1,2,5,1,2,,7.67073,246,0,0.108896,65,0,7,,0,0,0,0,0,0,0,0,0,,215,217,,0,0,0,0
1613754880950,5,1010123456019,76,,1,2,5,1,2,,10.5806,217,0,0.134112,65,0,7.66667,,9.75,36,0,0.1,11,72.7273,0,6.11026,31,,186,186,,0,0,0,7.66667
1613754881200,5,1010123456019,76,,1,2,5,1,2,,10.2222,171,0,0.10784,50,0,7.33333,,0,0,0,0,0,0,0,0,0,,151,152,,0,0,0,0
1613754881450,5,1010123456019,76,,1,2,5,1,2,,10.0905,232,0,0.134816,66,0,7.8,,0,0,0,0,0,0,0,0,0,,203,204,,0,0,0,0
1613754881700,5,1010123456019,76,,1,2,5,1,2,,9.39691,194,0,0.095104,51,0,6.28571,,0,0,0,0,0,0,0,0,0,,167,169,,0,0,0,0
1613754881950,5,1010123456019,76,,1,2,5,1,2,,9.44755,143,30,0.083168,45,0,6.66667,,13.7143,7,0,0.1,2,0,0,30.5353,31,,121,122,,0,0,0,1
1613754882200,5,1010123456019,76,,1,2,5,1,2,,9.6625,240,0,0.139744,70,0,7.16667,,0,0,0,0,0,0,0,0,0,,207,210,,0,0,0,0
1613754882450,5,1010123456019,76,,1,2,5,1,2,,9.15764,203,0,0.097312,55,0,6.66667,,0,0,0,0,0,0,0,0,0,,174,174,,0,0,0,0
1613754882700,5,1010123456019,76,,1,2,5,1,2,,9.79375,160,0,0.101216,48,0,9,,0,0,0,0,0,0,0,0,0,,137,139,,0,0,0,0
1613754882950,5,1010123456019,76,,1,2,5,1,2,,10.7812,256,187,0.145216,67,0,7,,5.82857,35,0,0.1,10,80,0,4.74096,31,,230,234,,0,0,0,8.45714
1613754883200,5,1010123456019,76,,1,2,5,1,2,,10.359,117,0,0.090528,41,0,7,,0,0,0,0,0,0,0,0,0,,104,106,,0,0,0,0
1613754883450,5,1010123456019,76,,1,2,5,1,2,,3.3944,393,0,0.094528,113,0,5.33333,,0,0,0,0,0,0,0,0,0,,359,369,,0,0,0,0
1613754883700,5,1010123456019,76,,1,2,5,1,2,,9.09137,197,0,0.097568,56,0,6.57143,,0,0,0,0,0,0,0,0,0,,168,168,,0,0,0,0
1613754883950,5,1010123456019,76,,1,2,5,1,2,,10.0892,157,0,0.091488,43,0,7.5,,0.1,14,0,0.1,4,25,0,7.18193,31,,140,142,,0,0,0,4.21429
1613754884200,5,1010123456019,76,,1,2,5,1,2,,9.52941,187,0,0.097248,53,0,6.66667,,0,0,0,0,0,0,0,0,0,,159,159,,0,0,0,0
1613754884450,5,1010123456019,76,,1,2,5,1,2,,9.42604,169,158,0.092288,52,0,6.83333,,0,0,0,0,0,0,0,0,0,,147,147,,0,0,0,0
1613754884700,5,1010123456019,76,,1,2,5,1,2,,10.088,284,0,0.166304,80,0,7.28571,,0,0,0,0,0,0,0,0,0,,242,244,,0,0,0,0
1613754884950,5,1010123456019,76,,1,2,5,1,2,,4.08442,154,143,0.040288,40,0,6,,5.91667,36,0,0.1,11,81.8182,0,3.22877,31,,135,135,,0,0,0,8.5
1613754885200,5,1010123456019,76,,1,2,5,1,2,,5.85135,370,0,0.139584,107,0,6,,0,0,0,0,0,0,0,0,0,,358,363,,0,0,0,0
1613754885450,5,1010123456019,76,,1,2,5,1,2,,9.44631,298,0,0.153056,83,0,6.6,,0,0,0,0,0,0,0,0,0,,261,262,,0,0,0,0
1613754885700,5,1010123456019,76,,1,2,5,1,2,,6.50633,395,0,0.174368,118,0,6,,0,0,0,0,0,0,0,0,0,,402,410,,0,0,0,0
1613754885950,5,1010123456019,76,,1,2,5,1,2,,10.2045,176,0,0.112224,52,0,7.5,,0.1,14,0,0,4,100,0,0.502901,0,,157,158,,0,0,0,10
1613754886200,5,1010123456019,76,,1,2,5,1,2,,5.0463,216,0,0.068352,62,0,6.16667,,3.91304,23,0,0.1,7,71.4286,0,11.464,31,,189,192,,0,0,0,6.86957
1613754886450,5,1010123456019,76,,1,2,5,1,2,,7.76856,229,0,0.093664,63,0,7.16667,,3.375,16,0,0.1,5,60,0,1.84546,0,,205,213,,0,0,0,6.8125
1613754886700,5,1010123456019,76,,1,2,5,1,2,,5.56402,328,0,0.113696,89,0,5.85714,,0,0,0,0,0,0,0,0,0,,283,284,,0,0,0,0
1613754886950,5,1010123456019,76,,1,2,5,1,2,,10.7751,169,0,0.123424,52,0,9,,15,80,0,0.151232,27,81.4815,0,8.53507,31,,150,150,,0,0,0,7.975
1613754887200,5,1010123456019,76,,1,2,5,1,2,,9.24615,260,158,0.137792,76,0,6.83333,,0,0,0,0,0,0,0,0,0,,226,227,,0,0,0,0
1613754887450,5,1010123456019,76,,1,2,5,1,2,,11.1714,210,0,0.144864,64,0,8.8,,0,0,0,0,0,0,0,0,0,,181,182,,0,0,0,0
1613754887700,5,1010123456019,76,,1,2,5,1,2,,11.2652,230,158,0.150624,65,0,7.57143,,0,0,0,0,0,0,0,0,0,,197,199,,0,0,0,0
1613754887950,5,1010123456019,76,,1,2,5,1,2,,11.2539,193,0,0.128288,55,0,8.5,,13.6471,34,0,0.1,11,72.7273,0,10.8062,31,,167,169,,0,0,0,6.82353
1613754888200,5,1010123456019,76,,1,2,5,1,2,,11.4333,180,0,0.117504,48,0,8,,0,0,0,0,0,0,0,0,0,,154,155,,0,0,0,0
1613754888450,5,1010123456019,76,,1,2,5,1,2,,10.0921,293,49,0.158848,80,0,6.83333,,0,0,0,0,0,0,0,0,0,,249,249,,0,0,0,0
1613754888700,5,1010123456019,76,,1,2,5,1,2,,5.94498,309,0,0.14128,94,0,6.71429,,0,0,0,0,0,0,0,0,0,,291,308,,0,0,0,0
1613754888950,5,1010123456019,76,,1,2,5,1,2,,6.7661,295,0,0.116608,84,0,5.83333,,14.0488,41,0,0.335744,13,38.4615,0,15.8163,31,,283,295,,0,0,0,4.5122
1613754889200,5,1010123456019,76,,1,2,5,1,2,,6.68889,315,74,0.12816,85,0,6,,0,0,0,0,0,0,0,0,0,,270,270,,0,0,0,0
1613754889450,5,1010123456019,76,,1,2,5,1,2,,10.3672,256,0,0.169344,81,0,8.83333,,0,0,0,0,0,0,0,0,0,,222,223,,0,0,0,0
1613754889700,5,1010123456019,76,,1,2,5,1,2,,10.6533,225,0,0.143776,62,0,8.42857,,0,0,0,0,0,0,0,0,0,,201,205,,0,0,0,0
1613754889950,5,1010123456019,76,,1,2,5,1,2,,11.8667,180,158,0.137952,56,0,8.66667,,0,12,0,0,4,100,0,0,0,,163,164,,0,0,0,0
1613754890200,5,1010123456019,76,,1,2,5,1,2,,9.61395,215,0,0.118016,61,0,7,,0,0,0,0,0,0,0,0,0,,182,184,,0,0,0,0
1613754890450,5,1010123456019,76,,1,2,5,1,2,,9.49012,253,0,0.134944,72,0,6.5,,0,0,0,0,0,0,0,0,0,,218,220,,0,0,0,0
1613754890700,5,1010123456019,76,,1,2,5,1,2,,9.6455,189,0,0.103648,52,0,6.85714,,0,0,0,0,0,0,0,0,0,,166,170,,0,0,0,0
1613754890950,5,1010123456019,76,,1,2,5,1,2,,10.1888,286,0,0.160032,81,0,7.33333,,14,40,0,0.1,11,72.7273,0,9.38746,31,,251,253,,0,0,0,7.3
1613754891200,5,1010123456019,76,,1,2,5,1,2,,8.45393,293,30,0.141856,82,0,6,,0,0,0,0,0,0,0,0,0,,259,266,,0,0,0,0
1613754891450,5,1010123456019,76,,1,2,5,1,2,,9.38912,239,0,0.130272,71,0,6.5,,0,0,0,0,0,0,0,0,0,,208,210,,0,0,0,0
1613754891700,5,1010123456019,76,,1,2,5,1,2,,10.1812,160,0,0.096672,49,0,7,,0,0,0,0,0,0,0,0,0,,138,138,,0,0,0,0
1613754891950,5,1010123456019,76,,1,2,5,1,2,,5.86021,279,0,0.108832,78,0,5.83333,,6.26087,23,0,0.1,7,57.1429,0,9.4071,31,,244,248,,0,0,0,5.82609
1613754892200,5,1010123456019,76,,1,2,5,1,2,,8.81564,179,0,0.083328,50,0,5.83333,,0,0,0,0,0,0,0,0,0,,153,153,,0,0,0,0
1613754892450,5,1010123456019,76,,1,2,5,1,2,,9.18644,177,0,0.091648,49,0,7.33333,,0,0,0,0,0,0,0,0,0,,147,147,,0,0,0,0
1613754892700,5,1010123456019,76,,1,2,5,1,2,,4.45076,264,0,0.090688,79,0,5.85714,,0,0,0,0,0,0,0,0,0,,275,280,,0,0,0,0
1613754892950,5,1010123456019,76,,1,2,5,1,2,,11.0287,174,0,0.112,48,0,8.16667,,5.71212,66,0,0.1,20,70,0,3.11108,31,,153,153,,0,0,0,7.5
1613754893200,5,1010123456019,76,,1,2,5,1,2,,6.4661,236,0,0.087616,64,0,6.33333,,0,0,0,0,0,0,0,0,0,,235,246,,0,0,0,0
1613754893450,5,1010123456019,76,,1,2,5,1,2,,9.10429,163,0,0.098688,54,0,6.33333,,0,0,0,0,0,0,0,0,0,,142,143,,0,0,0,0
1613754893700,5,1010123456019,76,,1,2,5,1,2,,6.12593,270,0,0.105408,77,0,7.42857,,0,0,0,0,0,0,0,0,0,,236,238,,0,0,0,0
1613754893950,5,1010123456019,76,,1,2,5,1,2,,5.76326,245,0,0.099776,73,0,4.83333,,15.1264,87,0,0.224864,28,78.5714,0,7.36354,31,,232,240,,0,0,0,7.72414
1613754894200,5,1010123456019,76,,1,2,5,1,2,,6.16794,262,257,0.107616,67,0,8.33333,,0,0,0,0,0,0,0,0,0,,249,253,,0,0,0,0
1613754894450,5,1010123456019,76,,1,2,5,1,2,,8.96214,317,0,0.169312,98,0,6.75,,0,0,0,0,0,0,0,0,0,,289,299,,0,0,0,0
1613754894700,5,1010123456019,76,,1,2,5,1,2,,10.4762,189,0,0.111968,53,0,7.57143,,0,0,0,0,0,0,0,0,0,,170,172,,0,0,0,0
1613754894950,5,1010123456019,76,,1,2,5,1,2,,9.55745,235,0,0.12912,68,0,7.33333,,13.7143,21,0,0.1,6,66.6667,0,11.3387,31,,210,214,,0,0,0,7
1613754895200,5,1010123456019,76,,1,2,5,1,2,,10.3056,216,0,0.139136,63,0,7.5,,0,0,0,0,0,0,0,0,0,,193,195,,0,0,0,0
1613754895450,5,1010123456019,76,,1,2,5,1,2,,5.78889,270,0,0.115968,80,0,7.2,,0,0,0,0,0,0,0,0,0,,263,267,,0,0,0,0
1613754895700,5,1010123456019,76,,1,2,5,1,2,,3.68224,428,0,0.141344,122,0,6,,0,0,0,0,0,0,0,0,0,,519,522,,0,0,0,0
1613754895950,5,1010123456019,76,,1,2,5,1,2,,8.48876,178,268,0.096448,43,0,7.5,,2,16,0,0,4,100,0,0.519387,0,,158,160,,0,0,0,10
1613754896200,5,1010123456019,76,,1,2,5,1,2,,6.99353,309,0,0.134848,95,0,6.6,,0,0,0,0,0,0,0,0,0,,286,296,,0,0,0,0
1613754896450,5,1010123456019,76,,1,2,5,1,2,,9.14622,212,158,0.106464,60,0,6.66667,,0,0,0,0,0,0,0,0,0,,187,188,,0,0,0,0
1613754896700,5,1010123456019,76,,1,2,5,1,2,,9.90798,163,0,0.09136,46,0,7,,0,0,0,0,0,0,0,0,0,,136,137,,0,0,0,0
1613754896950,5,1010123456019,76,,1,2,5,1,2,,11.1971,137,210,0.095936,41,0,8.6,,2,14,0,0,4,100,0,0.527231,0,,119,121,,0,0,0,10
1613754897200,5,1010123456019,76,,1,2,5,1,2,,9.09623,239,0,0.134688,70,0,8.33333,,0,0,0,0,0,0,0,0,0,,209,211,,0,0,0,0
1613754897450,5,1010123456019,76,,1,2,5,1,2,,10.0574,209,0,0.118752,60,0,6.83333,,0,0,0,0,0,0,0,0,0,,182,184,,0,0,0,0
1613754897700,5,1010123456019,76,,1,2,5,1,2,,4.00748,401,681,0.122432,107,0,5.14286,,0,0,0,0,0,0,0,0,0,,461,463,,0,0,0,0
1613754897950,5,1010123456019,76,,1,2,5,1,2,,4.90561,392,0,0.137184,117,0,6.5,,0.923077,13,0,0.1,4,25,0,10.0194,31,,360,366,,0,0,0,3.30769
1613754898200,5,1010123456019,76,,1,2,5,1,2,,10.6788,165,0,0.102656,48,0,8,,0,0,0,0,0,0,0,0,0,,141,141,,0,0,0,0
1613754898450,5,1010123456019,76,,1,2,5,1,2,,2.78329,383,0,0.098496,112,0,5.33333,,0,0,0,0,0,0,0,0,0,,398,424,,0,0,0,0
1613754898700,5,1010123456019,76,,1,2,5,1,2,,2.85612,556,0,0.144096,156,0,5.66667,,0,0,0,0,0,0,0,0,0,,602,615,,0,0,0,0
1613754898950,5,1010123456019,76,,1,2,5,1,2,,9.84568,162,0,0.103616,51,0,6.66667,,12.5294,17,0,0.1,5,60,0,13.2559,31,,149,152,,0,0,0,6.29412
1613754899200,5,1010123456019,76,,1,2,5,1,2,,10.6585,123,0,0.080544,35,0,8.66667,,0,0,0,0,0,0,0,0,0,,110,113,,0,0,0,0
1613754899450,5,1010123456019,76,,1,2,5,1,2,,5.67463,335,0,0.12272,95,0,6.33333,,0,0,0,0,0,0,0,0,0,,296,303,,0,0,0,0
1613754899700,5,1010123456019,76,,1,2,5,1,2,,10.8222,180,0,0.111712,47,0,8.14286,,0,0,0,0,0,0,0,0,0,,157,158,,0,0,0,0
1613754899950,5,1010123456019,76,,1,2,5,1,2,,8.11254,311,88,0.152672,88,0,7.16667,,15,13,0,0,4,100,0,0.790025,0,,276,279,,0,0,0,10
1613754900200,5,1010123456019,76,,1,2,5,1,2,,7.45455,242,0,0.10432,75,0,8,,0,0,0,0,0,0,0,0,0,,210,210,,0,0,0,0
1613754900450,5,1010123456019,76,,1,2,5,1,2,,9.49407,253,0,0.133184,71,0,6.33333,,0,0,0,0,0,0,0,0,0,,222,226,,0,0,0,0
1613754900700,5,1010123456019,76,,1,2,5,1,2,,9.71739,138,0,0.082208,43,0,7,,0,0,0,0,0,0,0,0,0,,118,119,,0,0,0,0
1613754900950,5,1010123456019,76,,1,2,5,1,2,,5.1058,293,0,0.09136,85,0,5.5,,15.1364,88,0,0.203456,29,79.3103,0,7.4862,31,,277,288,,0,0,0,7.79545
1613754901200,5,1010123456019,76,,1,2,5,1,2,,11.0207,193,158,0.127456,55,0,8.66667,,0,0,0,0,0,0,0,0,0,,166,167,,0,0,0,0
1613754901450,5,1010123456019,76,,1,2,5,1,2,,9.52885,208,158,0.113792,61,0,7,,0,0,0,0,0,0,0,0,0,,182,185,,0,0,0,0
1613754901700,5,1010123456019,76,,1,2,5,1,2,,6.46026,302,0,0.141376,87,0,7.14286,,0,0,0,0,0,0,0,0,0,,336,344,,0,0,0,0
1613754901950,5,1010123456019,76,,1,2,5,1,2,,10.1379,116,0,0.069696,35,0,7.83333,,0.1,108,0,0.1,32,81.25,0,1.24999,31,,105,105,,0,0,0,8.94444
1613754902200,5,1010123456019,76,,1,2,5,1,2,,9.42657,143,0,0.076032,41,0,6.83333,,0,0,0,0,0,0,0,0,0,,124,125,,0,0,0,0
1613754902450,5,1010123456019,76,,1,2,5,1,2,,9.53892,167,0,0.086016,45,0,6.83333,,0,0,0,0,0,0,0,0,0,,145,146,,0,0,0,0
1613754902700,5,1010123456019,76,,1,2,5,1,2,,9.9079,152,0,0.091264,47,0,6.57143,,0,0,0,0,0,0,0,0,0,,134,136,,0,0,0,0
1613754902950,5,1010123456019,76,,1,2,5,1,2,,5.58065,279,0,0.095392,79,0,5.83333,,8,11,0,0.1,3,0,0,32.3191,31,,265,276,,0,0,0,1
1613754903200,5,1010123456019,76,,1,2,5,1,2,,12.3041,171,0,0.127456,49,0,6.66667,,0,0,0,0,0,0,0,0,0,,148,149,,0,0,0,0
1613754903450,5,1010123456019,76,,1,2,5,1,2,,8.84038,213,0,0.108704,62,0,7.4,,0,0,0,0,0,0,0,0,0,,180,180,,0,0,0,0
1613754903700,5,1010123456019,76,,1,2,5,1,2,,10.6667,129,0,0.0752,35,0,7.14286,,0,0,0,0,0,0,0,0,0,,113,115,,0,0,0,0
1613754903950,5,1010123456019,76,,1,2,5,1,2,,9.2875,160,0,0.090368,50,0,7.83333,,7.5,30,0,0.1,9,44.4444,0,4.97116,31,,144,144,,0,0,0,5.73333
1613754904200,5,1010123456019,76,,1,2,5,1,2,,10.4567,127,0,0.07584,34,0,7.5,,0,0,0,0,0,0,0,0,0,,112,113,,0,0,0,0
1613754904450,5,1010123456019,76,,1,2,5,1,2,,2.80685,409,297,0.09136,113,0,4.16667,,0,0,0,0,0,0,0,0,0,,396,421,,0,0,0,0
1613754904700,5,1010123456019,76,,1,2,5,1,2,,8.4359,312,158,0.156992,97,0,7,,0,0,0,0,0,0,0,0,0,,273,275,,0,0,0,0
1613754904950,5,1010123456019,76,,1,2,5,1,2,,7.86667,240,563,0.109056,61,0,7,,11.7273,33,0,0.1,12,66.6667,0,8.89079,31,,214,222,,0,0,0,6.81818
1613754905200,5,1010123456019,76,,1,2,5,1,2,,6.58576,309,0,0.127872,95,0,6.66667,,0,0,0,0,0,0,0,0,0,,313,314,,0,0,0,0
1613754905450,5,1010123456019,76,,1,2,5,1,2,,5.63142,331,0,0.118368,97,0,6,,0,0,0,0,0,0,0,0,0,,288,291,,0,0,0,0
1613754905700,5,1010123456019,76,,1,2,5,1,2,,9.57471,261,0,0.135936,69,0,6.85714,,0,0,0,0,0,0,0,0,0,,229,234,,0,0,0,0
1613754905950,5,1010123456019,76,,1,2,5,1,2,,3.88424,406,0,0.118944,119,0,5.4,,0.1,20,0,0.1,6,66.6667,0,6.31981,31,,408,431,,0,0,0,7.3
1613754906200,5,1010123456019,76,,1,2,5,1,2,,9.01754,171,0,0.092224,53,0,6.33333,,0,0,0,0,0,0,0,0,0,,150,150,,0,0,0,0
1613754906450,5,1010123456019,76,,1,2,5,1,2,,9.78022,182,0,0.102176,52,0,6.83333,,0,0,0,0,0,0,0,0,0,,159,160,,0,0,0,0
1613754906700,5,1010123456019,76,,1,2,5,1,2,,9.58298,235,0,0.126784,65,0,6.71429,,0,0,0,0,0,0,0,0,0,,207,209,,0,0,0,0
1613754906950,5,1010123456019,76,,1,2,5,1,2,,9.29134,254,0,0.1376,75,0,6.83333,,8.8,10,0,0.1,3,0,0,31.2851,31,,222,225,,0,0,0,1
1613754907200,5,1010123456019,76,,1,2,5,1,2,,9.14783,230,151,0.108032,61,0,6.66667,,0,0,0,0,0,0,0,0,0,,199,200,,0,0,0,0
1613754907450,5,1010123456019,76,,1,2,5,1,2,,9.23372,261,30,0.14496,77,0,6.66667,,0,0,0,0,0,0,0,0,0,,233,236,,0,0,0,0
1613754907700,5,1010123456019,76,,1,2,5,1,2,,9.90094,212,0,0.134496,65,0,6.85714,,0,0,0,0,0,0,0,0,0,,192,197,,0,0,0,0
1613754907950,5,1010123456019,76,,1,2,5,1,2,,9.52349,298,158,0.16272,87,0,6.66667,,6.1875,32,0,0.1,10,80,0,3.41636,31,,263,265,,0,0,0,8.3125
1613754908200,5,1010123456019,76,,1,2,5,1,2,,9.26552,290,0,0.151904,85,0,6.33333,,0,0,0,0,0,0,0,0,0,,256,257,,0,0,0,0
1613754908450,5,1010123456019,76,,1,2,5,1,2,,11.4389,262,0,0.165696,72,0,8.2,,0,0,0,0,0,0,0,0,0,,228,230,,0,0,0,0
1613754908700,5,1010123456019,76,,1,2,5,1,2,,9.39614,207,0,0.117184,60,0,6.85714,,0,0,0,0,0,0,0,0,0,,177,177,,0,0,0,0
1613754908950,5,1010123456019,76,,1,2,5,1,2,,7.16588,211,552,0.086016,55,0,5.66667,,10,24,0,0.1,8,50,0,11.2704,31,,202,206,,0,0,0,5.5
1613754909200,5,1010123456019,76,,1,2,5,1,2,,7.57037,270,0,0.128672,85,0,8,,0,0,0,0,0,0,0,0,0,,257,263,,0,0,0,0
1613754909450,5,1010123456019,76,,1,2,5,1,2,,16.8906,128,158,0.135232,34,0,10.8,,0,0,0,0,0,0,0,0,0,,109,110,,0,0,0,0
1613754909700,5,1010123456019,76,,1,2,5,1,2,,5.30649,385,0,0.142048,110,0,5.57143,,0,0,0,0,0,0,0,0,0,,402,404,,0,0,0,0
1613754909950,5,1010123456019,76,,1,2,5,1,2,,6.20765,366,0,0.142752,109,0,4.83333,,15.1899,79,0,0.274688,25,72,0,8.35064,31,,335,347,,0,0,0,7.26582
1613754910200,5,1010123456019,76,,1,2,5,1,2,,7.92181,243,0,0.114368,69,0,7.83333,,0,0,0,0,0,0,0,0,0,,217,223,,0,0,0,0
1613754910450,5,1010123456019,76,,1,2,5,1,2,,9.64516,310,0,0.172032,89,0,6.83333,,0,0,0,0,0,0,0,0,0,,275,279,,0,0,0,0
1613754910700,5,1010123456019,76,,1,2,5,1,2,,8.6311,328,0,0.163168,93,0,6.71429,,0,0,0,0,0,0,0,0,0,,283,287,,0,0,0,0
1613754910950,5,1010123456019,76,,1,2,5,1,2,,11.3882,152,0,0.096032,41,0,8.16667,,15.013,77,0,0.158624,24,75,0,8.05585,31,,132,132,,0,0,0,7.66234
1613754911200,5,1010123456019,76,,1,2,5,1,2,,5.69298,228,303,0.082112,60,0,5.66667,,0,0,0,0,0,0,0,0,0,,198,201,,0,0,0,0
1613754911450,5,1010123456019,76,,1,2,5,1,2,,9.19761,167,0,0.10384,56,0,8.5,,0,0,0,0,0,0,0,0,0,,148,152,,0,0,0,0
1613754911700,5,1010123456019,76,,1,2,5,1,2,,9.96774,155,0,0.085344,42,0,8.28571,,0,0,0,0,0,0,0,0,0,,132,132,,0,0,0,0
1613754911950,5,1010123456019,76,,1,2,5,1,2,,6.79725,291,0,0.142816,91,0,6.83333,,15.0617,81,0,0.213632,26,76.9231,0,6.39494,31,,300,310,,0,0,0,7.88889
1613754912200,5,1010123456019,76,,1,2,5,1,2,,9.59434,212,0,0.113472,61,0,7.66667,,0,0,0,0,0,0,0,0,0,,183,183,,0,0,0,0
1613754912450,5,1010123456019,76,,1,2,5,1,2,,10.1173,179,158,0.094176,47,0,6.83333,,0,0,0,0,0,0,0,0,0,,157,158,,0,0,0,0
1613754912700,5,1010123456019,76,,1,2,5,1,2,,8.41176,272,30,0.144608,81,0,6,,0,0,0,0,0,0,0,0,0,,257,264,,0,0,0,0
1613754912950,5,1010123456019,76,,1,2,5,1,2,,10.2143,168,0,0.107264,46,0,7.66667,,0.2,100,0,0.1,29,79.3103,0,2.32523,31,,153,157,,0,0,0,8.48
1613754913200,5,1010123456019,76,,1,2,5,1,2,,10,157,99,0.102144,50,0,7,,0,0,0,0,0,0,0,0,0,,139,140,,0,0,0,0
1613754913450,5,1010123456019,76,,1,2,5,1,2,,9.33019,212,0,0.113152,62,0,6.83333,,0,0,0,0,0,0,0,0,0,,183,183,,0,0,0,0
1613754913700,5,1010123456019,76,,1,2,5,1,2,,6.06609,348,0,0.13792,99,0,6.14286,,0,0,0,0,0,0,0,0,0,,353,355,,0,0,0,0
1613754913950,5,1010123456019,76,,1,2,5,1,2,,6.99007,403,99,0.176224,116,0,5.8,,13.7143,21,0,0.1,6,66.6667,0,12.7297,31,,363,369,,0,0,0,7
1613754914200,5,1010123456019,76,,1,2,5,1,2,,10.6687,166,0,0.096832,47,0,7.83333,,0,0,0,0,0,0,0,0,0,,142,143,,0,0,0,0
1613754914450,5,1010123456019,76,,1,2,5,1,2,,10.7204,186,0,0.122176,54,0,8.16667,,0,0,0,0,0,0,0,0,0,,162,162,,0,0,0,0
1613754914700,5,1010123456019,76,,1,2,5,1,2,,5.76632,291,73,0.097312,77,0,7,,0,0,0,0,0,0,0,0,0,,319,326,,0,0,0,0
1613754914950,5,1010123456019,76,,1,2,5,1,2,,3.95017,301,0,0.116192,101,0,4.83333,,14.8846,52,0,0.164768,18,72.2222,0,9.00004,31,,312,331,,0,0,0,7.40385
1613754915200,5,1010123456019,76,,1,2,5,1,2,,8.37975,237,0,0.119808,68,0,8.16667,,0,0,0,0,0,0,0,0,0,,218,222,,0,0,0,0
1613754915450,5,1010123456019,76,,1,2,5,1,2,,10.817,235,0,0.14928,66,0,8.4,,0,0,0,0,0,0,0,0,0,,203,206,,0,0,0,0
1613754915700,5,1010123456019,76,,1,2,5,1,2,,10.9697,165,0,0.106592,45,0,8.14286,,0,0,0,0,0,0,0,0,0,,144,144,,0,0,0,0
1613754915950,5,1010123456019,76,,1,2,5,1,2,,11.3493,209,0,0.144064,61,0,9,,14.9508,61,0,0.243104,19,63.1579,0,11.5394,31,,190,191,,0,0,0,6.31148
1613754916200,5,1010123456019,76,,1,2,5,1,2,,11.0649,185,99,0.128192,56,0,8.83333,,0,0,0,0,0,0,0,0,0,,162,162,,0,0,0,0
1613754916450,5,1010123456019,76,,1,2,5,1,2,,6.05085,236,0,0.099584,68,0,7.5,,0,0,0,0,0,0,0,0,0,,233,246,,0,0,0,0
1613754916700,5,1010123456019,76,,1,2,5,1,2,,9.75652,230,0,0.113216,61,0,6.85714,,0,0,0,0,0,0,0,0,0,,198,198,,0,0,0,0
1613754916950,5,1010123456019,76,,1,2,5,1,2,,5.00385,260,0,0.099936,81,0,6.83333,,15.013,77,0,0.212288,24,75,0,8.86901,31,,244,255,,0,0,0,7.42857
1613754917200,5,1010123456019,76,,1,2,5,1,2,,9.78008,241,0,0.135168,69,0,6.66667,,0,0,0,0,0,0,0,0,0,,211,214,,0,0,0,0
1613754917450,5,1010123456019,76,,1,2,5,1,2,,11.8807,109,0,0.07936,31,0,8.16667,,0,0,0,0,0,0,0,0,0,,94,95,,0,0,0,0
1613754917700,5,1010123456019,76,,1,2,5,1,2,,5.24803,254,0,0.0896,72,0,6.28571,,0,0,0,0,0,0,0,0,0,,242,242,,0,0,0,0
1613754917950,5,1010123456019,76,,1,2,5,1,2,,9.43644,236,0,0.119328,64,0,6.5,,0.1,29,0,0.1,9,33.3333,0,8.72537,31,,203,205,,0,0,0,4.2069
1613754918200,5,1010123456019,76,,1,2,5,1,2,,9.9434,159,0,0.096256,48,0,7,,0,0,0,0,0,0,0,0,0,,137,139,,0,0,0,0
1613754918450,5,1010123456019,76,,1,2,5,1,2,,9.38863,211,0,0.110176,58,0,7,,0,0,0,0,0,0,0,0,0,,181,182,,0,0,0,0
1613754918700,5,1010123456019,76,,1,2,5,1,2,,10.6667,165,158,0.110432,49,0,8,,0,0,0,0,0,0,0,0,0,,142,143,,0,0,0,0
1613754918950,5,1010123456019,76,,1,2,5,1,2,,9.8169,213,0,0.123104,61,0,6.83333,,8.86957,23,0,0.1,7,57.1429,0,10.0656,31,,190,194,,0,0,0,5.82609
1613754919200,5,1010123456019,76,,1,2,5,1,2,,9.75,228,30,0.119776,64,0,7,,0,0,0,0,0,0,0,0,0,,196,197,,0,0,0,0
1613754919450,5,1010123456019,76,,1,2,5,1,2,,8.92562,242,0,0.129568,69,0,7.5,,0,0,0,0,0,0,0,0,0,,217,220,,0,0,0,0
1613754919700,5,1010123456019,76,,1,2,5,1,2,,10.6599,197,0,0.133088,59,0,7.42857,,0,0,0,0,0,0,0,0,0,,170,172,,0,0,0,0
1613754919950,5,1010123456019,76,,1,2,5,1,2,,5.4459,305,0,0.101248,88,0,5.83333,,6.26087,23,0,0.1,7,57.1429,0,9.8181,31,,264,264,,0,0,0,5.82609
1613754920200,5,1010123456019,76,,1,2,5,1,2,,10.4183,208,0,0.118336,57,0,7.83333,,0,0,0,0,0,0,0,0,0,,184,187,,0,0,0,0
1613754920450,5,1010123456019,76,,1,2,5,1,2,,10.6357,269,0,0.184576,75,0,7.66667,,0,0,0,0,0,0,0,0,0,,232,236,,0,0,0,0
1613754920700,5,1010123456019,76,,1,2,5,1,2,,9.85816,282,99,0.161984,83,0,6.85714,,0,0,0,0,0,0,0,0,0,,246,249,,0,0,0,0
1613754920950,5,1010123456019,76,,1,2,5,1,2,,6.7563,357,0,0.148128,98,0,6,,0.1,21,0,0.1,6,16.6667,0,1.60519,31,,371,387,,0,0,0,3.2381
1613754921200,5,1010123456019,76,,1,2,5,1,2,,5.81529,314,0,0.10432,88,0,5.83333,,0,0,0,0,0,0,0,0,0,,290,296,,0,0,0,0
1613754921450,5,1010123456019,76,,1,2,5,1,2,,9.26738,187,0,0.110976,59,0,6.66667,,0,0,0,0,0,0,0,0,0,,163,164,,0,0,0,0
1613754921700,5,1010123456019,76,,1,2,5,1,2,,10.1882,170,0,0.096896,48,0,6.85714,,0,0,0,0,0,0,0,0,0,,146,148,,0,0,0,0
1613754921950,5,1010123456019,76,,1,2,5,1,2,,5.74145,263,0,0.095456,79,0,6.33333,,0.1,10,0,0.1,3,0,0,7.98933,31,,240,243,,0,0,0,1.7
1613754922200,5,1010123456019,76,,1,2,5,1,2,,10.0258,155,0,0.08592,42,0,6.66667,,0,0,0,0,0,0,0,0,0,,134,136,,0,0,0,0
1613754922450,5,1010123456019,76,,1,2,5,1,2,,9.71368,234,49,0.12384,64,0,6.83333,,0,0,0,0,0,0,0,0,0,,205,206,,0,0,0,0
1613754922700,5,1010123456019,76,,1,2,5,1,2,,7.42633,319,50,0.147552,90,0,7,,0,0,0,0,0,0,0,0,0,,297,308,,0,0,0,0
1613754922950,5,1010123456019,76,,1,2,5,1,2,,7.94158,291,99,0.144768,90,0,6.16667,,13.5,8,0,0.1,2,0,0,31.1601,31,,258,259,,0,0,0,1
1613754923200,5,1010123456019,76,,1,2,5,1,2,,9.69841,189,0,0.110208,57,0,6.83333,,0,0,0,0,0,0,0,0,0,,165,166,,0,0,0,0
1613754923450,5,1010123456019,76,,1,2,5,1,2,,11.5231,130,0,0.084768,34,0,9,,0,0,0,0,0,0,0,0,0,,111,111,,0,0,0,0
1613754923700,5,1010123456019,76,,1,2,5,1,2,,9.47085,223,0,0.123552,66,0,7,,0,0,0,0,0,0,0,0,0,,189,189,,0,0,0,0
1613754923950,5,1010123456019,76,,1,2,5,1,2,,10.1522,184,0,0.112672,55,0,8,,13.2857,7,0,0.1,2,0,0,32.42,31,,167,169,,0,0,0,1
1613754924200,5,1010123456019,76,,1,2,5,1,2,,2.36247,469,524,0.112096,126,0,3.66667,,0,0,0,0,0,0,0,0,0,,537,570,,0,0,0,0
1613754924450,5,1010123456019,76,,1,2,5,1,2,,3.33412,425,0,0.111936,130,0,5.83333,,0,0,0,0,0,0,0,0,0,,416,436,,0,0,0,0
1613754924700,5,1010123456019,76,,1,2,5,1,2,,7.89091,165,0,0.066176,44,0,6.42857,,0,0,0,0,0,0,0,0,0,,141,141,,0,0,0,0
1613754924950,5,1010123456019,76,,1,2,5,1,2,,9.16263,289,0,0.16144,87,0,6.83333,,0,5,0,0.1,2,0,0,0,31,,255,256,,0,0,0,0
1613754925200,5,1010123456019,76,,1,2,5,1,2,,6.20652,276,0,0.101152,76,0,6.33333,,0,0,0,0,0,0,0,0,0,,244,247,,0,0,0,0
1613754925450,5,1010123456019,76,,1,2,5,1,2,,9.2834,247,164,0.12992,71,0,6.5,,0,0,0,0,0,0,0,0,0,,217,221,,0,0,0,0
1613754925700,5,1010123456019,76,,1,2,5,1,2,,9.54386,171,0,0.091808,49,0,7.57143,,0,0,0,0,0,0,0,0,0,,147,147,,0,0,0,0
1613754925950,5,1010123456019,76,,1,2,5,1,2,,10.1421,190,0,0.112576,57,0,6.6,,0,10,0,0,4,100,0,0,0,,173,175,,0,0,0,0
1613754926200,5,1010123456019,76,,1,2,5,1,2,,5.73563,348,0,0.129056,104,0,5.5,,0,0,0,0,0,0,0,0,0,,323,335,,0,0,0,0
1613754926450,5,1010123456019,76,,1,2,5,1,2,,6.98371,307,0,0.131744,88,0,6.16667,,0,0,0,0,0,0,0,0,0,,280,290,,0,0,0,0
1613754926700,5,1010123456019,76,,1,2,5,1,2,,9.80861,209,158,0.107616,56,0,8.14286,,0,0,0,0,0,0,0,0,0,,181,182,,0,0,0,0
1613754926950,5,1010123456019,76,,1,2,5,1,2,,8.40613,261,0,0.138912,77,0,5.66667,,0.1,22,0,0.1,6,66.6667,0,4.81086,31,,235,240,,0,0,0,7.54545
1613754927200,5,1010123456019,76,,1,2,5,1,2,,9.72683,205,0,0.120416,61,0,8.33333,,0,0,0,0,0,0,0,0,0,,175,176,,0,0,0,0
1613754927450,5,1010123456019,76,,1,2,5,1,2,,10.1786,196,0,0.114624,54,0,7.33333,,0,0,0,0,0,0,0,0,0,,171,174,,0,0,0,0
1613754927700,5,1010123456019,76,,1,2,5,1,2,,10.4486,185,0,0.105184,49,0,7.71429,,0,0,0,0,0,0,0,0,0,,160,161,,0,0,0,0
1613754927950,5,1010123456019,76,,1,2,5,1,2,,10.4523,199,152,0.144416,62,0,7.6,,15.1579,76,0,0.163808,25,80,0,6.97101,31,,181,184,,0,0,0,7.75
1613754928200,5,1010123456019,76,,1,2,5,1,2,,7.9331,284,0,0.141344,83,0,7.66667,,0,0,0,0,0,0,0,0,0,,266,277,,0,0,0,0
1613754928450,5,1010123456019,76,,1,2,5,1,2,,10.9712,139,0,0.079936,36,0,8,,0,0,0,0,0,0,0,0,0,,121,122,,0,0,0,0
1613754928700,5,1010123456019,76,,1,2,5,1,2,,10.0462,130,0,0.085344,41,0,8.57143,,0,0,0,0,0,0,0,0,0,,111,111,,0,0,0,0
1613754928950,5,1010123456019,76,,1,2,5,1,2,,11.509,167,99,0.107296,43,0,7.5,,8.8,10,0,0.1,3,0,0,32.6173,31,,149,151,,0,0,0,1
1613754929200,5,1010123456019,76,,1,2,5,1,2,,10.3452,168,0,0.105664,52,0,7.83333,,0,0,0,0,0,0,0,0,0,,144,144,,0,0,0,0
1613754929450,5,1010123456019,76,,1,2,5,1,2,,7.00339,295,0,0.12656,86,0,5.83333,,0,0,0,0,0,0,0,0,0,,253,254,,0,0,0,0
1613754929700,5,1010123456019,76,,1,2,5,1,2,,10.3026,152,158,0.090432,42,0,7.71429,,0,0,0,0,0,0,0,0,0,,130,131,,0,0,0,0
1613754929950,5,1010123456019,76,,1,2,5,1,2,,9.49239,197,0,0.103904,52,0,6.66667,,15,14,0,0,4,100,0,1.72169,0,,181,184,,0,0,0,10
1613754930200,5,1010123456019,76,,1,2,5,1,2,,9.0229,262,0,0.13376,76,0,6.5,,0,0,0,0,0,0,0,0,0,,225,225,,0,0,0,0
1613754930450,5,1010123456019,76,,1,2,5,1,2,,9.93443,122,0,0.075328,39,0,6.83333,,0,0,0,0,0,0,0,0,0,,107,109,,0,0,0,0
1613754930700,5,1010123456019,76,,1,2,5,1,2,,9.63235,204,0,0.10976,56,0,6.71429,,0,0,0,0,0,0,0,0,0,,179,182,,0,0,0,0
1613754930950,5,1010123456019,76,,1,2,5,1,2,,6.95849,265,0,0.120224,75,0,6.33333,,15.3333,96,0,0.118976,31,83.871,0,6.10516,31,,258,263,,0,0,0,8.21875
1613754931200,5,1010123456019,76,,1,2,5,1,2,,5.86242,298,0,0.109719,90,0,6.5,,0,0,0,0,0,0,0,0,0,,255,255,,0,0,0,0
1613754931450,5,1010123456019,76,,1,2,5,1,2,,7.46939,245,0,0.10448,67,0,6.66667,,0,0,0,0,0,0,0,0,0,,211,212,,0,0,0,0
1613754931700,5,1010123456019,76,,1,2,5,1,2,,3.25916,355,0,0.088608,105,0,5.42857,,0,0,0,0,0,0,0,0,0,,321,330,,0,0,0,0
1613754931950,5,1010123456019,76,,1,2,5,1,2,,6.4291,268,118,0.105152,77,0,5.66667,,15.0725,69,0,0.212288,22,72.7273,0,8.01315,31,,264,266,,0,0,0,7.52174
1613754932200,5,1010123456019,76,,1,2,5,1,2,,10.3534,133,0,0.080864,40,0,7.4,,0,0,0,0,0,0,0,0,0,,115,116,,0,0,0,0
1613754932450,5,1010123456019,76,,1,2,5,1,2,,10.0529,208,0,0.11264,54,0,7.5,,0,0,0,0,0,0,0,0,0,,179,181,,0,0,0,0
1613754932700,5,1010123456019,76,,1,2,5,1,2,,9.48445,225,0,0.135264,72,0,6.57143,,0,0,0,0,0,0,0,0,0,,200,202,,0,0,0,0
1613754932950,5,1010123456019,76,,1,2,5,1,2,,10.3229,192,0,0.117376,56,0,7.5,,0.1,14,0,0,4,100,0,0.642449,0,,171,171,,0,0,0,10
1613754933200,5,1010123456019,76,,1,2,5,1,2,,6.48011,352,0,0.13968,100,0,5.83333,,4.36364,11,0,0.1,3,66.6667,0,8.69392,31,,340,356,,0,0,0,7.54545
1613754933450,5,1010123456019,76,,1,2,5,1,2,,9.47458,236,5,0.118688,64,0,6.66667,,6.23077,104,0,0.1,30,83.3333,0,8.89262,31,,202,203,,0,0,0,8.52885
1613754933700,5,1010123456019,76,,1,2,5,1,2,,8.80247,405,0,0.212352,121,0,6.57143,,5.77358,53,0,0.1,15,73.3333,0,8.50373,31,,352,357,,0,0,0,7.62264
1613754933950,5,1010123456019,76,,1,2,5,1,2,,9.91707,205,0,0.112576,57,0,8,,0.1,16,0,0.1,5,20,0,13.8027,31,,181,182,,0,0,0,2.6875
1613754934200,5,1010123456019,76,,1,2,5,1,2,,10.0625,176,99,0.107936,53,0,7.83333,,0,0,0,0,0,0,0,0,0,,154,155,,0,0,0,0
1613754934450,5,1010123456019,76,,1,2,5,1,2,,5.07958,377,0,0.134592,109,0,6,,0,0,0,0,0,0,0,0,0,,400,414,,0,0,0,0
1613754934700,5,1010123456019,76,,1,2,5,1,2,,9.61838,283,0,0.142208,75,0,6.85714,,0,0,0,0,0,0,0,0,0,,240,240,,0,0,0,0
1613754934950,5,1010123456019,76,,1,2,5,1,2,,9.67895,190,0,0.110784,59,0,7,,5.77778,36,0,0.1,11,81.8182,0,6.13216,31,,172,173,,0,0,0,8.11111
1613754935200,5,1010123456019,76,,1,2,5,1,2,,8.53901,141,158,0.0712,43,0,6.33333,,0,0,0,0,0,0,0,0,0,,120,120,,0,0,0,0
1613754935450,5,1010123456019,76,,1,2,5,1,2,,6.27698,278,0,0.105344,76,0,6.33333,,0,0,0,0,0,0,0,0,0,,267,279,,0,0,0,0
1613754935700,5,1010123456019,76,,1,2,5,1,2,,5.41918,365,315,0.121696,100,0,5.42857,,0,0,0,0,0,0,0,0,0,,318,326,,0,0,0,0
1613754935950,5,1010123456019,76,,1,2,5,1,2,,5.9911,337,0,0.13552,105,0,6.5,,8.8,10,0,0.1,3,0,0,33.6125,31,,350,358,,0,0,0,1
1613754936200,5,1010123456019,76,,1,2,5,1,2,,9.6718,195,0,0.101984,53,0,6.83333,,0,0,0,0,0,0,0,0,0,,169,170,,0,0,0,0
1613754936450,5,1010123456019,76,,1,2,5,1,2,,9.60456,263,0,0.144384,78,0,6.66667,,0,0,0,0,0,0,0,0,0,,228,228,,0,0,0,0
1613754936700,5,1010123456019,76,,1,2,5,1,2,,9.10526,247,30,0.116384,67,0,6.71429,,0,0,0,0,0,0,0,0,0,,214,215,,0,0,0,0
1613754936950,5,1010123456019,76,,1,2,5,1,2,,9.80416,240,0,0.145632,74,0,7.33333,,12.8182,11,0,0.1,3,33.3333,0,18.3284,31,,210,213,,0,0,0,4.27273
1613754937200,5,1010123456019,76,,1,2,5,1,2,,10.9494,158,0,0.098592,43,0,8,,0,0,0,0,0,0,0,0,0,,136,137,,0,0,0,0
1613754937450,5,1010123456019,76,,1,2,5,1,2,,10.0939,181,0,0.10768,52,0,7.66667,,0,0,0,0,0,0,0,0,0,,157,158,,0,0,0,0
1613754937700,5,1010123456019,76,,1,2,5,1,2,,10.0743,202,0,0.117152,59,0,7,,0,0,0,0,0,0,0,0,0,,171,171,,0,0,0,0
1613754937950,5,1010123456019,76,,1,2,5,1,2,,6.01887,371,0,0.138368,103,0,5.83333,,9.11539,26,0,0.1,7,57.1429,0,7.65332,31,,350,366,,0,0,0,6.53846
1613754938200,5,1010123456019,76,,1,2,5,1,2,,8.57859,299,0,0.147136,86,0,7.66667,,0,0,0,0,0,0,0,0,0,,255,255,,0,0,0,0
1613754938450,5,1010123456019,76,,1,2,5,1,2,,9.38071,197,0,0.108512,58,0,6.33333,,0,0,0,0,0,0,0,0,0,,170,172,,0,0,0,0
1613754938700,5,1010123456019,76,,1,2,5,1,2,,10.2157,204,41,0.110496,55,0,7.42857,,0,0,0,0,0,0,0,0,0,,179,181,,0,0,0,0
1613754938950,5,1010123456019,76,,1,2,5,1,2,,12.9612,129,0,0.118752,42,0,8.83333,,0.1,13,0,0,4,100,0,0.94221,0,,117,117,,0,0,0,10
1613754939200,5,1010123456019,76,,1,2,5,1,2,,9.34416,154,16,0.065216,36,0,6.33333,,3.6,10,0,0.1,3,66.6667,0,11.9576,31,,134,136,,0,0,0,6.4
1613754939450,5,1010123456019,76,,1,2,5,1,2,,8.82935,293,0,0.1576,90,0,6.5,,4.15385,13,0,0.1,4,50,0,11.9735,31,,258,261,,0,0,0,5.61538
1613754939700,5,1010123456019,76,,1,2,5,1,2,,9.45977,174,0,0.091392,50,0,6.85714,,0,0,0,0,0,0,0,0,0,,150,150,,0,0,0,0
1613754939950,5,1010123456019,76,,1,2,5,1,2,,9.71515,165,0,0.09728,51,0,7,,0.1,16,0,0.1,5,20,0,11.167,31,,145,146,,0,0,0,2.6875
1613754940200,5,1010123456019,76,,1,2,5,1,2,,9.55708,219,0,0.10304,57,0,6.66667,,0,0,0,0,0,0,0,0,0,,187,188,,0,0,0,0
1613754940450,5,1010123456019,76,,1,2,5,1,2,,9.21121,232,0,0.125376,71,0,6.2,,0,0,0,0,0,0,0,0,0,,199,200,,0,0,0,0
1613754940700,5,1010123456019,76,,1,2,5,1,2,,9.93243,222,217,0.118592,61,0,6.71429,,0,0,0,0,0,0,0,0,0,,189,189,,0,0,0,0
1613754940950,5,1010123456019,76,,1,2,5,1,2,,6.29073,313,245,0.117856,89,0,5.66667,,0.941176,34,0,0.1,9,77.7778,0,1.9481,31,,279,281,,0,0,0,8.82353
1613754941200,5,1010123456019,76,,1,2,5,1,2,,6.55121,332,158,0.14336,99,0,6.33333,,0,0,0,0,0,0,0,0,0,,289,293,,0,0,0,0
1613754941450,5,1010123456019,76,,1,2,5,1,2,,6.08278,302,0,0.106304,84,0,5.66667,,0,0,0,0,0,0,0,0,0,,279,287,,0,0,0,0
1613754941700,5,1010123456019,76,,1,2,5,1,2,,9.71488,242,0,0.135136,72,0,6.71429,,0,0,0,0,0,0,0,0,0,,207,207,,0,0,0,0
1613754941950,5,1010123456019,76,,1,2,5,1,2,,6.3951,286,49,0.123776,79,0,7.66667,,14.5385,52,0,0.17264,17,70.5882,0,9.887,31,,273,285,,0,0,0,6.88462
1613754942200,5,1010123456019,76,,1,2,5,1,2,,9.25418,299,0,0.151776,85,0,6.5,,0,0,0,0,0,0,0,0,0,,258,258,,0,0,0,0
1613754942450,5,1010123456019,76,,1,2,5,1,2,,8.21786,280,0,0.135744,85,0,6,,0,0,0,0,0,0,0,0,0,,243,243,,0,0,0,0
1613754942700,5,1010123456019,76,,1,2,5,1,2,,9.35165,182,99,0.094848,51,0,7.42857,,0,0,0,0,0,0,0,0,0,,160,161,,0,0,0,0
1613754942950,5,1010123456019,76,,1,2,5,1,2,,9.30435,115,0,0.06784,38,0,6,,0.1,100,0,0.1,29,86.2069,0,1.94208,31,,105,105,,0,0,0,9
1613754943200,5,1010123456019,76,,1,2,5,1,2,,8.69231,143,158,0.070496,41,0,6.83333,,0,0,0,0,0,0,0,0,0,,123,123,,0,0,0,0
1613754943450,5,1010123456019,76,,1,2,5,1,2,,11.019,263,13,0.159808,72,0,8,,0,0,0,0,0,0,0,0,0,,231,234,,0,0,0,0
1613754943700,5,1010123456019,76,,1,2,5,1,2,,10.5746,268,0,0.162656,76,0,7.57143,,0,0,0,0,0,0,0,0,0,,228,228,,0,0,0,0
1613754943950,5,1010123456019,76,,1,2,5,1,2,,10.3906,128,0,0.083264,41,0,7.33333,,6.26087,23,0,0.1,7,57.1429,0,9.20709,31,,114,114,,0,0,0,5.69565
1613754944200,5,1010123456019,76,,1,2,5,1,2,,10.7277,191,0,0.127968,57,0,7.66667,,0,0,0,0,0,0,0,0,0,,170,172,,0,0,0,0
1613754944450,5,1010123456019,76,,1,2,5,1,2,,5.85207,338,326,0.124544,88,0,5.66667,,0,0,0,0,0,0,0,0,0,,311,327,,0,0,0,0
1613754944700,5,1010123456019,76,,1,2,5,1,2,,11.5463,108,7,0.077952,36,0,7.71429,,0,0,0,0,0,0,0,0,0,,93,96,,0,0,0,0
1613754944950,5,1010123456019,76,,1,2,5,1,2,,9.69955,223,158,0.125792,67,0,6.83333,,15.0769,65,0,0.147296,21,76.1905,0,7.69657,31,,199,200,,0,0,0,7.73846
1613754945200,5,1010123456019,76,,1,2,5,1,2,,9.69531,128,0,0.07408,38,0,7.33333,,0,0,0,0,0,0,0,0,0,,108,108,,0,0,0,0
1613754945450,5,1010123456019,76,,1,2,5,1,2,,9.47904,167,0,0.08672,47,0,7.66667,,0,0,0,0,0,0,0,0,0,,145,146,,0,0,0,0
1613754945700,5,1010123456019,76,,1,2,5,1,2,,9.37173,191,0,0.097024,53,0,7.14286,,0,0,0,0,0,0,0,0,0,,162,162,,0,0,0,0
1613754945950,5,1010123456019,76,,1,2,5,1,2,,8.49615,260,0,0.135488,79,0,6.16667,,8.8,10,0,0.1,3,0,0,30.4106,31,,234,234,,0,0,0,1
1613754946200,5,1010123456019,76,,1,2,5,1,2,,9.89011,182,0,0.097504,51,0,7,,0,0,0,0,0,0,0,0,0,,159,159,,0,0,0,0
1613754946450,5,1010123456019,76,,1,2,5,1,2,,10.0247,283,0,0.167296,85,0,6.83333,,0,0,0,0,0,0,0,0,0,,248,250,,0,0,0,0
1613754946700,5,1010123456019,76,,1,2,5,1,2,,11.419,253,0,0.175904,72,0,8.42857,,0,0,0,0,0,0,0,0,0,,219,222,,0,0,0,0
1613754946950,5,1010123456019,76,,1,2,5,1,2,,6.95161,310,0,0.127584,89,0,6,,13.2857,7,0,0.1,2,0,0,30.4212,31,,306,314,,0,0,0,1
1613754947200,5,1010123456019,76,,1,2,5,1,2,,9.32828,198,0,0.102176,56,0,6.83333,,0,0,0,0,0,0,0,0,0,,168,168,,0,0,0,0
1613754947450,5,1010123456019,76,,1,2,5,1,2,,10.0191,209,0,0.123776,63,0,7.5,,0,0,0,0,0,0,0,0,0,,180,180,,0,0,0,0
1613754947700,5,1010123456019,76,,1,2,5,1,2,,9.29915,117,118,0.048576,27,0,6.85714,,0,0,0,0,0,0,0,0,0,,99,99,,0,0,0,0
1613754947950,5,1010123456019,76,,1,2,5,1,2,,9.55738,244,0,0.13952,74,0,7,,8.72727,22,0,0.1,7,57.1429,0,11.5598,31,,214,215,,0,0,0,5.77273
1613754948200,5,1010123456019,76,,1,2,5,1,2,,5.4022,363,99,0.12416,107,0,5.5,,0,0,0,0,0,0,0,0,0,,320,325,,0,0,0,0
1613754948450,5,1010123456019,76,,1,2,5,1,2,,11.3933,178,0,0.121728,51,0,8.5,,0,0,0,0,0,0,0,0,0,,151,152,,0,0,0,0
1613754948700,5,1010123456019,76,,1,2,5,1,2,,6.98684,304,0,0.132128,86,0,6.71429,,0,0,0,0,0,0,0,0,0,,297,305,,0,0,0,0
1613754948950,5,1010123456019,76,,1,2,5,1,2,,7.43871,310,0,0.1424,90,0,7.5,,0,9,0,0.1,3,33.3333,0,0,31,,283,292,,0,0,0,0
1613754949200,5,1010123456019,76,,1,2,5,1,2,,10.2827,191,0,0.117504,55,0,7.5,,0,0,0,0,0,0,0,0,0,,167,169,,0,0,0,0
1613754949450,5,1010123456019,76,,1,2,5,1,2,,11.9227,194,0,0.143168,55,0,8.83333,,0,0,0,0,0,0,0,0,0,,167,169,,0,0,0,0
1613754949700,5,1010123456019,76,,1,2,5,1,2,,9.82778,180,0,0.097216,51,0,6.71429,,0,0,0,0,0,0,0,0,0,,154,155,,0,0,0,0
1613754949950,5,1010123456019,76,,1,2,5,1,2,,8.95735,211,0,0.102784,57,0,8,,15.7867,75,0,0.1672,25,80,0,6.38044,31,,180,180,,0,0,0,8.08
1613754950200,5,1010123456019,76,,1,2,5,1,2,,9.16575,181,0,0.097536,55,0,7.66667,,0,0,0,0,0,0,0,0,0,,157,158,,0,0,0,0
1613754950450,5,1010123456019,76,,1,2,5,1,2,,10.8277,238,158,0.1504,68,0,7.66667,,0,0,0,0,0,0,0,0,0,,209,212,,0,0,0,0
1613754950700,5,1010123456019,76,,1,2,5,1,2,,6.64322,199,0,0.07184,53,0,6.57143,,0,0,0,0,0,0,0,0,0,,168,168,,0,0,0,0
1613754950950,5,1010123456019,76,,1,2,5,1,2,,9.76552,145,0,0.082912,43,0,6.83333,,6.26087,23,0,0.1,7,57.1429,0,9.15038,31,,126,126,,0,0,0,5.69565
1613754951200,5,1010123456019,76,,1,2,5,1,2,,11.6687,163,0,0.11056,46,0,8.83333,,0,0,0,0,0,0,0,0,0,,142,143,,0,0,0,0
1613754951450,5,1010123456019,76,,1,2,5,1,2,,9.6125,160,30,0.081024,44,0,6.66667,,0,0,0,0,0,0,0,0,0,,138,138,,0,0,0,0
1613754951700,5,1010123456019,76,,1,2,5,1,2,,10.5305,262,0,0.161408,78,0,7.14286,,0,0,0,0,0,0,0,0,0,,229,230,,0,0,0,0
1613754951950,5,1010123456019,76,,1,2,5,1,2,,4.29252,441,291,0.134592,122,0,3.5,,0.1,16,0,0,4,100,0,0.207474,0,,418,431,,0,0,0,10
1613754952200,5,1010123456019,76,,1,2,5,1,2,,4.30256,390,0,0.117888,120,0,5.83333,,3.6,10,0,0.1,3,66.6667,0,10.3641,31,,347,352,,0,0,0,6.4
1613754952450,5,1010123456019,76,,1,2,5,1,2,,9.36191,210,0,0.11344,60,0,6.5,,5.3913,69,0,0.1,21,76.1905,0,9.04778,31,,187,190,,0,0,0,7.52174
1613754952700,5,1010123456019,76,,1,2,5,1,2,,9.556,250,0,0.119168,65,0,6.42857,,0,0,0,0,0,0,0,0,0,,213,213,,0,0,0,0
1613754952950,5,1010123456019,76,,1,2,5,1,2,,10.0368,190,0,0.11312,57,0,8,,13.8605,43,0,0.103456,13,61.5385,0,9.55206,31,,162,162,,0,0,0,6.86047
1613754953200,5,1010123456019,76,,1,2,5,1,2,,10.1644,146,0,0.091232,45,0,8.16667,,0,0,0,0,0,0,0,0,0,,126,126,,0,0,0,0
1613754953450,5,1010123456019,76,,1,2,5,1,2,,7.03492,315,0,0.140896,84,0,7.5,,0,0,0,0,0,0,0,0,0,,273,277,,0,0,0,0
1613754953700,5,1010123456019,76,,1,2,5,1,2,,10.6305,203,0,0.119808,60,0,7.57143,,0,0,0,0,0,0,0,0,0,,175,176,,0,0,0,0
1613754953950,5,1010123456019,76,,1,2,5,1,2,,10.5672,201,118,0.118528,57,0,7.33333,,3.5102,98,0,0.1,29,82.7586,0,3.98577,31,,175,176,,0,0,0,8.68367
1613754954200,5,1010123456019,76,,1,2,5,1,2,,5.45594,261,0,0.095904,78,0,6,,0,0,0,0,0,0,0,0,0,,225,228,,0,0,0,0
1613754954450,5,1010123456019,76,,1,2,5,1,2,,6.44951,307,0,0.116512,87,0,6.16667,,0,0,0,0,0,0,0,0,0,,263,265,,0,0,0,0
1613754954700,5,1010123456019,76,,1,2,5,1,2,,9.32847,274,0,0.134848,74,0,6.71429,,0,0,0,0,0,0,0,0,0,,231,231,,0,0,0,0
1613754954950,5,1010123456019,76,,1,2,5,1,2,,8.69167,240,63,0.118784,64,0,8.16667,,0.1,16,0,0.1,5,20,0,6.4517,31,,216,226,,0,0,0,4
1613754955200,5,1010123456019,76,,1,2,5,1,2,,9.6367,267,99,0.153888,81,0,6.83333,,0,0,0,0,0,0,0,0,0,,233,235,,0,0,0,0
1613754955450,5,1010123456019,76,,1,2,5,1,2,,10.551,196,0,0.120736,58,0,7.83333,,0,0,0,0,0,0,0,0,0,,173,175,,0,0,0,0
1613754955700,5,1010123456019,76,,1,2,5,1,2,,9.98522,203,0,0.12848,61,0,7.71429,,0,0,0,0,0,0,0,0,0,,179,181,,0,0,0,0
1613754955950,5,1010123456019,76,,1,2,5,1,2,,10.3185,135,0,0.075584,37,0,7.33333,,15.1667,12,0,0.1,4,25,0,24.1208,31,,123,123,,0,0,0,3.58333
1613754956200,5,1010123456019,76,,1,2,5,1,2,,10.0533,169,0,0.102528,51,0,7.5,,0,0,0,0,0,0,0,0,0,,144,144,,0,0,0,0
1613754956450,5,1010123456019,76,,1,2,5,1,2,,9.89678,155,0,0.080704,42,0,7.66667,,0,0,0,0,0,0,0,0,0,,134,136,,0,0,0,0
1613754956700,5,1010123456019,76,,1,2,5,1,2,,9.95582,249,158,0.149952,71,0,6.85714,,0,0,0,0,0,0,0,0,0,,224,228,,0,0,0,0
1613754956950,5,1010123456019,76,,1,2,5,1,2,,7.125,416,0,0.191392,120,0,7,,0,6,0,0.1,2,0,0,0,31,,380,392,,0,0,0,0
1613754957200,5,1010123456019,76,,1,2,5,1,2,,10.0385,104,0,0.06976,33,0,9.5,,0,0,0,0,0,0,0,0,0,,91,92,,0,0,0,0
1613754957450,5,1010123456019,76,,1,2,5,1,2,,6.58307,319,74,0.11712,83,0,6,,0,0,0,0,0,0,0,0,0,,274,275,,0,0,0,0
1613754957700,5,1010123456019,76,,1,2,5,1,2,,10.3065,186,0,0.111936,58,0,8.42857,,0,0,0,0,0,0,0,0,0,,162,166,,0,0,0,0
1613754957950,5,1010123456019,76,,1,2,5,1,2,,6.23913,230,0,0.094816,71,0,5.66667,,13.5,8,0,0.1,2,0,0,30.853,31,,211,215,,0,0,0,1
1613754958200,5,1010123456019,76,,1,2,5,1,2,,9.352,125,0,0.064096,34,0,6.66667,,0,0,0,0,0,0,0,0,0,,105,105,,0,0,0,0
1613754958450,5,1010123456019,76,,1,2,5,1,2,,3.47547,265,261,0.070528,70,0,5,,0,0,0,0,0,0,0,0,0,,261,271,,0,0,0,0
1613754958700,5,1010123456019,76,,1,2,5,1,2,,5.9712,382,0,0.159936,118,0,6,,0,0,0,0,0,0,0,0,0,,416,420,,0,0,0,0
1613754958950,5,1010123456019,76,,1,2,5,1,2,,10.1136,220,30,0.128192,62,0,8.16667,,0,11,0,0,4,100,0,0,0,,194,196,,0,0,0,0
1613754959200,5,1010123456019,76,,1,2,5,1,2,,9.85204,196,30,0.106656,54,0,7,,0,0,0,0,0,0,0,0,0,,166,167,,0,0,0,0
1613754959450,5,1010123456019,76,,1,2,5,1,2,,9.64078,206,0,0.113152,59,0,7,,0,0,0,0,0,0,0,0,0,,179,181,,0,0,0,0
1613754959700,5,1010123456019,76,,1,2,5,1,2,,9.42945,163,30,0.081024,45,0,6.71429,,0,0,0,0,0,0,0,0,0,,141,141,,0,0,0,0
1613754959950,5,1010123456019,76,,1,2,5,1,2,,9.4329,231,66,0.12832,70,0,7,,0.1,26,0,0.1,8,62.5,0,8.70193,31,,209,211,,0,0,0,7
1613754960200,5,1010123456019,76,,1,2,5,1,2,,10.6194,155,0,0.107552,49,0,8.5,,0,0,0,0,0,0,0,0,0,,135,135,,0,0,0,0
1613754960450,5,1010123456019,76,,1,2,5,1,2,,10.4858,212,0,0.128544,61,0,8,,0,0,0,0,0,0,0,0,0,,184,185,,0,0,0,0
1613754960700,5,1010123456019,76,,1,2,5,1,2,,10.4851,202,0,0.123168,57,0,8,,0,0,0,0,0,0,0,0,0,,174,177,,0,0,0,0
1613754960950,5,1010123456019,76,,1,2,5,1,2,,9.95506,267,0,0.155872,78,0,6.66667,,13.5,8,0,0.1,2,0,0,29.1583,31,,246,250,,0,0,0,1
1613754961200,5,1010123456019,76,,1,2,5,1,2,,8.01827,219,0,0.092512,59,0,6.5,,0,0,0,0,0,0,0,0,0,,189,189,,0,0,0,0
1613754961450,5,1010123456019,76,,1,2,5,1,2,,9.49613,258,113,0.146496,77,0,7,,0,0,0,0,0,0,0,0,0,,229,232,,0,0,0,0
1613754961700,5,1010123456019,76,,1,2,5,1,2,,6.92405,316,0,0.147584,91,0,7.57143,,0,0,0,0,0,0,0,0,0,,277,284,,0,0,0,0
1613754961950,5,1010123456019,76,,1,2,5,1,2,,10.3117,154,0,0.09136,44,0,7.66667,,13.7143,7,0,0.1,2,0,0,28.8651,31,,132,132,,0,0,0,1
1613754962200,5,1010123456019,76,,1,2,5,1,2,,3.03245,493,0,0.130688,139,0,5.8,,0,0,0,0,0,0,0,0,0,,564,589,,0,0,0,0
1613754962450,5,1010123456019,76,,1,2,5,1,2,,11.9551,156,0,0.11904,47,0,9,,0,0,0,0,0,0,0,0,0,,137,139,,0,0,0,0
1613754962700,5,1010123456019,76,,1,2,5,1,2,,10.6492,191,0,0.11792,55,0,7.57143,,0,0,0,0,0,0,0,0,0,,167,169,,0,0,0,0
1613754962950,5,1010123456019,76,,1,2,5,1,2,,5.64423,312,0,0.112128,89,0,5.33333,,6,32,0,0.1,10,80,0,10.1416,31,,296,297,,0,0,0,8.03125
1613754963200,5,1010123456019,76,,1,2,5,1,2,,9.74272,206,49,0.102208,55,0,6.83333,,0,0,0,0,0,0,0,0,0,,177,177,,0,0,0,0
1613754963450,5,1010123456019,76,,1,2,5,1,2,,9.5544,386,82,0.205632,112,0,6.5,,0,0,0,0,0,0,0,0,0,,336,339,,0,0,0,0
1613754963700,5,1010123456019,76,,1,2,5,1,2,,9.96364,165,0,0.093536,46,0,7.42857,,0,0,0,0,0,0,0,0,0,,142,143,,0,0,0,0
1613754963950,5,1010123456019,76,,1,2,5,1,2,,10.2374,198,210,0.116,58,0,7.33333,,0,6,0,0.1,2,0,0,0,31,,175,176,,0,0,0,0
1613754964200,5,1010123456019,76,,1,2,5,1,2,,3.85867,467,88,0.157504,129,0,4.5,,0,0,0,0,0,0,0,0,0,,564,577,,0,0,0,0
1613754964450,5,1010123456019,76,,1,2,5,1,2,,8.49289,211,30,0.10368,66,0,7.83333,,0,0,0,0,0,0,0,0,0,,181,182,,0,0,0,0
1613754964700,5,1010123456019,76,,1,2,5,1,2,,9.62738,263,158,0.145856,77,0,6.57143,,0,0,0,0,0,0,0,0,0,,228,231,,0,0,0,0
1613754964950,5,1010123456019,76,,1,2,5,1,2,,10.8834,223,0,0.144544,64,0,8.5,,13.2857,7,0,0.1,2,0,0,32.9832,31,,198,200,,0,0,0,1
1613754965200,5,1010123456019,76,,1,2,5,1,2,,7.22635,296,240,0.122208,76,0,6,,0,0,0,0,0,0,0,0,0,,255,258,,0,0,0,0
1613754965450,5,1010123456019,76,,1,2,5,1,2,,7.48387,248,0,0.108992,77,0,6.33333,,0,0,0,0,0,0,0,0,0,,237,244,,0,0,0,0
1613754965700,5,1010123456019,76,,1,2,5,1,2,,6.55882,306,158,0.147456,90,0,6.85714,,0,0,0,0,0,0,0,0,0,,316,333,,0,0,0,0
1613754965950,5,1010123456019,76,,1,2,5,1,2,,6.96934,424,0,0.170656,118,0,5.83333,,8.48077,52,0,0.1,15,80,0,4.46147,31,,371,375,,0,0,0,8.88461
1613754966200,5,1010123456019,76,,1,2,5,1,2,,10.7333,120,0,0.080352,38,0,7.6,,0,0,0,0,0,0,0,0,0,,106,107,,0,0,0,0
1613754966450,5,1010123456019,76,,1,2,5,1,2,,10.4558,226,113,0.1336,62,0,7.5,,0,0,0,0,0,0,0,0,0,,189,189,,0,0,0,0
1613754966700,5,1010123456019,76,,1,2,5,1,2,,9.89823,226,0,0.1192,61,0,7,,0,0,0,0,0,0,0,0,0,,199,200,,0,0,0,0
1613754966950,5,1010123456019,76,,1,2,5,1,2,,9.19072,194,0,0.1088,60,0,6.5,,0.1,10,0,0.1,3,0,0,3.95706,31,,173,175,,0,0,0,1.2
1613754967200,5,1010123456019,76,,1,2,5,1,2,,9.40816,245,60,0.129728,70,0,6.5,,0,0,0,0,0,0,0,0,0,,210,213,,0,0,0,0
1613754967450,5,1010123456019,76,,1,2,5,1,2,,3.5234,470,0,0.12832,137,0,4.5,,0,0,0,0,0,0,0,0,0,,495,513,,0,0,0,0
1613754967700,5,1010123456019,76,,1,2,5,1,2,,9.6831,142,0,0.07424,39,0,7,,0,0,0,0,0,0,0,0,0,,120,120,,0,0,0,0
1613754967950,5,1010123456019,76,,1,2,5,1,2,,5.97468,316,158,0.1184,94,0,5.6,,15.1688,77,0,0.203456,25,76,0,6.93501,31,,292,300,,0,0,0,7.81818
1613754968200,5,1010123456019,76,,1,2,5,1,2,,10.582,189,0,0.11376,54,0,7.66667,,0,0,0,0,0,0,0,0,0,,163,164,,0,0,0,0
1613754968450,5,1010123456019,76,,1,2,5,1,2,,10.9061,181,0,0.122528,52,0,8.16667,,0,0,0,0,0,0,0,0,0,,158,159,,0,0,0,0
1613754968700,5,1010123456019,76,,1,2,5,1,2,,11.5965,114,0,0.084768,32,0,8,,0,0,0,0,0,0,0,0,0,,100,104,,0,0,0,0
1613754968950,5,1010123456019,76,,1,2,5,1,2,,6.04438,338,0,0.128352,97,0,5.83333,,6.26087,23,0,0.1,7,57.1429,0,10.3588,31,,303,303,,0,0,0,5.69565
1613754969200,5,1010123456019,76,,1,2,5,1,2,,9.20438,274,0,0.145888,76,0,6.66667,,0,0,0,0,0,0,0,0,0,,243,247,,0,0,0,0
1613754969450,5,1010123456019,76,,1,2,5,1,2,,9.24786,117,0,0.064736,36,0,6.83333,,0,0,0,0,0,0,0,0,0,,99,99,,0,0,0,0
1613754969700,5,1010123456019,76,,1,2,5,1,2,,10.2513,195,0,0.11264,54,0,8.57143,,0,0,0,0,0,0,0,0,0,,168,168,,0,0,0,0
1613754969950,5,1010123456019,76,,1,2,5,1,2,,7.42069,290,99,0.16144,83,0,6.66667,,14.6897,58,0,0.29888,20,60,0,11.4686,31,,328,333,,0,0,0,6.12069
1613754970200,5,1010123456019,76,,1,2,5,1,2,,11.0315,127,99,0.085184,36,0,8.16667,,0,0,0,0,0,0,0,0,0,,110,112,,0,0,0,0
1613754970450,5,1010123456019,76,,1,2,5,1,2,,5.54153,301,158,0.117376,88,0,6.16667,,0,0,0,0,0,0,0,0,0,,319,329,,0,0,0,0
1613754970700,5,1010123456019,76,,1,2,5,1,2,,10.5158,190,0,0.122944,58,0,7.57143,,0,0,0,0,0,0,0,0,0,,165,165,,0,0,0,0
1613754970950,5,1010123456019,76,,1,2,5,1,2,,9.5921,304,0,0.167232,89,0,6.83333,,15,64,0,0.1,20,80,0,6.17065,31,,271,273,,0,0,0,8.3125
1613754971200,5,1010123456019,76,,1,2,5,1,2,,4.99169,361,907,0.126944,96,0,5.16667,,0,0,0,0,0,0,0,0,0,,382,392,,0,0,0,0
1613754971450,5,1010123456019,76,,1,2,5,1,2,,3.83538,407,211,0.1336,116,0,5.66667,,0,0,0,0,0,0,0,0,0,,499,508,,0,0,0,0
1613754971700,5,1010123456019,76,,1,2,5,1,2,,4.57944,321,0,0.117728,100,0,7.42857,,0,0,0,0,0,0,0,0,0,,315,340,,0,0,0,0
1613754971950,5,1010123456019,76,,1,2,5,1,2,,10.0056,180,60,0.091968,47,0,6.5,,0.1,12,0,0,4,100,0,0.514625,0,,156,156,,0,0,0,10
1613754972200,5,1010123456019,76,,1,2,5,1,2,,9.50622,241,0,0.1192,66,0,6.83333,,3.6,10,0,0.1,3,66.6667,0,9.84168,31,,205,206,,0,0,0,6.4
1613754972450,5,1010123456019,76,,1,2,5,1,2,,10.7941,136,0,0.10608,46,0,7.5,,6.24242,99,0,0.1,30,83.3333,0,10.4439,31,,118,119,,0,0,0,8.18182
1613754972700,5,1010123456019,76,,1,2,5,1,2,,6.85879,347,0,0.163424,100,0,6.14286,,1.38462,13,0,0.1,4,50,0,0.631758,31,,361,368,,0,0,0,7.07692
1613754972950,5,1010123456019,76,,1,2,5,1,2,,5.91386,267,0,0.105568,78,0,6,,0.1,10,0,0.1,3,0,0,9.90386,31,,277,281,,0,0,0,1.4
1613754973200,5,1010123456019,76,,1,2,5,1,2,,11.1478,115,0,0.080544,36,0,8.33333,,0,0,0,0,0,0,0,0,0,,99,99,,0,0,0,0
1613754973450,5,1010123456019,76,,1,2,5,1,2,,8.46398,347,30,0.152512,93,0,6.5,,0,0,0,0,0,0,0,0,0,,300,303,,0,0,0,0
1613754973700,5,1010123456019,76,,1,2,5,1,2,,9.07362,163,0,0.095808,51,0,6.85714,,0,0,0,0,0,0,0,0,0,,138,138,,0,0,0,0
1613754973950,5,1010123456019,76,,1,2,5,1,2,,9.55921,152,158,0.082016,45,0,6.5,,15,13,0,0,4,100,0,1.47455,0,,132,132,,0,0,0,10
1613754974200,5,1010123456019,76,,1,2,5,1,2,,10.1361,169,256,0.096192,46,0,6.83333,,0,0,0,0,0,0,0,0,0,,145,146,,0,0,0,0
1613754974450,5,1010123456019,76,,1,2,5,1,2,,9.90741,270,0,0.156704,79,0,7.83333,,0,0,0,0,0,0,0,0,0,,234,237,,0,0,0,0
1613754974700,5,1010123456019,76,,1,2,5,1,2,,10.522,182,0,0.112832,52,0,8.57143,,0,0,0,0,0,0,0,0,0,,163,166,,0,0,0,0
1613754974950,5,1010123456019,76,,1,2,5,1,2,,7.39847,261,0,0.125664,74,0,7,,15.0843,83,0,0.112064,27,81.4815,0,6.22392,31,,250,262,,0,0,0,8.15663
1613754975200,5,1010123456019,76,,1,2,5,1,2,,11.3805,226,0,0.159584,66,0,8.83333,,0,0,0,0,0,0,0,0,0,,197,202,,0,0,0,0
1613754975450,5,1010123456019,76,,1,2,5,1,2,,10.7771,175,0,0.107872,50,0,7.83333,,0,0,0,0,0,0,0,0,0,,150,150,,0,0,0,0
1613754975700,5,1010123456019,76,,1,2,5,1,2,,8.56422,218,0,0.098304,56,0,6.28571,,0,0,0,0,0,0,0,0,0,,190,191,,0,0,0,0
1613754975950,5,1010123456019,76,,1,2,5,1,2,,3.03938,584,0,0.163424,174,0,4.83333,,14.8125,64,0,0.273344,19,63.1579,0,10.2777,31,,641,687,,0,0,0,6.76562
1613754976200,5,1010123456019,76,,1,2,5,1,2,,9.06024,166,0,0.081344,47,0,6.66667,,0,0,0,0,0,0,0,0,0,,141,141,,0,0,0,0
1613754976450,5,1010123456019,76,,1,2,5,1,2,,9.75824,182,0,0.104832,55,0,6.83333,,0,0,0,0,0,0,0,0,0,,160,161,,0,0,0,0
1613754976700,5,1010123456019,76,,1,2,5,1,2,,10.7175,223,0,0.141088,65,0,7.57143,,0,0,0,0,0,0,0,0,0,,192,192,,0,0,0,0
1613754976950,5,1010123456019,76,,1,2,5,1,2,,3.37531,405,0,0.1008,117,0,4.83333,,14.973,74,0,0.205376,24,75,0,7.19801,31,,399,420,,0,0,0,7.81081
1613754977200,5,1010123456019,76,,1,2,5,1,2,,9.72563,277,0,0.150816,80,0,7,,0,0,0,0,0,0,0,0,0,,239,241,,0,0,0,0
1613754977450,5,1010123456019,76,,1,2,5,1,2,,9.91346,208,113,0.113024,56,0,6.83333,,0,0,0,0,0,0,0,0,0,,177,177,,0,0,0,0
1613754977700,5,1010123456019,76,,1,2,5,1,2,,10.3401,197,0,0.113216,56,0,7,,0,0,0,0,0,0,0,0,0,,173,174,,0,0,0,0
1613754977950,5,1010123456019,76,,1,2,5,1,2,,9.40594,202,0,0.117984,62,0,6.83333,,3.23077,13,0,0.1,4,0,0,22.4999,31,,173,175,,0,0,0,1
1613754978200,5,1010123456019,76,,1,2,5,1,2,,10.497,167,0,0.106944,48,0,7.66667,,0,0,0,0,0,0,0,0,0,,148,152,,0,0,0,0
1613754978450,5,1010123456019,76,,1,2,5,1,2,,9.47297,148,0,0.075808,42,0,6.5,,0,0,0,0,0,0,0,0,0,,126,126,,0,0,0,0
1613754978700,5,1010123456019,76,,1,2,5,1,2,,9.27053,207,0,0.107584,58,0,6.85714,,0,0,0,0,0,0,0,0,0,,176,178,,0,0,0,0
1613754978950,5,1010123456019,76,,1,2,5,1,2,,9.26512,215,0,0.108896,62,0,6.33333,,18.3636,11,0,0,4,100,0,10.6003,0,,186,186,,0,0,0,10
1613754979200,5,1010123456019,76,,1,2,5,1,2,,10.9184,147,0,0.090432,41,0,8,,0,0,0,0,0,0,0,0,0,,128,130,,0,0,0,0
1613754979450,5,1010123456019,76,,1,2,5,1,2,,10.2143,252,0,0.155456,74,0,7.33333,,0,0,0,0,0,0,0,0,0,,220,221,,0,0,0,0
1613754979700,5,1010123456019,76,,1,2,5,1,2,,10.5413,218,0,0.133792,62,0,7.14286,,0,0,0,0,0,0,0,0,0,,188,190,,0,0,0,0
1613754979950,5,1010123456019,76,,1,2,5,1,2,,7.14884,215,116,0.097856,58,0,6,,13.2857,7,0,0.1,2,0,0,31.3943,31,,199,200,,0,0,0,1
1613754980200,5,1010123456019,76,,1,2,5,1,2,,4.02812,320,0,0.08208,97,0,5.83333,,0,0,0,0,0,0,0,0,0,,279,282,,0,0,0,0
1613754980450,5,1010123456019,76,,1,2,5,1,2,,6.53047,279,30,0.111072,81,0,6.83333,,0,0,0,0,0,0,0,0,0,,240,240,,0,0,0,0
1613754980700,5,1010123456019,76,,1,2,5,1,2,,9.57391,230,0,0.127008,63,0,7.28571,,0,0,0,0,0,0,0,0,0,,197,199,,0,0,0,0
1613754980950,5,1010123456019,76,,1,2,5,1,2,,10.0152,264,0,0.162784,78,0,7.16667,,9.23077,26,0,0.1,7,57.1429,0,8.9325,31,,237,241,,0,0,0,6.42308
1613754981200,5,1010123456019,76,,1,2,5,1,2,,10.1151,252,99,0.154304,72,0,8.16667,,0,0,0,0,0,0,0,0,0,,228,233,,0,0,0,0
1613754981450,5,1010123456019,76,,1,2,5,1,2,,6.6875,320,0,0.132992,96,0,6,,0,0,0,0,0,0,0,0,0,,280,284,,0,0,0,0
1613754981700,5,1010123456019,76,,1,2,5,1,2,,6.19126,366,0,0.143296,101,0,6.14286,,0,0,0,0,0,0,0,0,0,,360,370,,0,0,0,0
1613754981950,5,1010123456019,76,,1,2,5,1,2,,9.93518,216,229,0.11808,60,0,7.33333,,12.4,20,0,0.1,7,57.1429,0,16.9782,31,,191,193,,0,0,0,5.5
1613754982200,5,1010123456019,76,,1,2,5,1,2,,6.1408,348,0,0.151744,104,0,6,,0,0,0,0,0,0,0,0,0,,347,367,,0,0,0,0
1613754982450,5,1010123456019,76,,1,2,5,1,2,,9.46983,232,0,0.126368,67,0,6.66667,,0,0,0,0,0,0,0,0,0,,200,202,,0,0,0,0
1613754982700,5,1010123456019,76,,1,2,5,1,2,,7.37736,212,113,0.085024,58,0,7.28571,,0,0,0,0,0,0,0,0,0,,186,189,,0,0,0,0
1613754982950,5,1010123456019,76,,1,2,5,1,2,,8.87259,259,0,0.134528,78,0,6.33333,,8.83333,36,0,0.1,11,72.7273,0,2.23598,31,,227,229,,0,0,0,8.19444
1613754983200,5,1010123456019,76,,1,2,5,1,2,,9.55963,218,0,0.118336,61,0,7,,0,0,0,0,0,0,0,0,0,,189,192,,0,0,0,0
1613754983450,5,1010123456019,76,,1,2,5,1,2,,9.87143,280,0,0.156416,81,0,6.66667,,0,0,0,0,0,0,0,0,0,,243,246,,0,0,0,0
1613754983700,5,1010123456019,76,,1,2,5,1,2,,9.28492,179,0,0.091776,51,0,7.85714,,0,0,0,0,0,0,0,0,0,,153,153,,0,0,0,0
1613754983950,5,1010123456019,76,,1,2,5,1,2,,9.9875,240,0,0.145024,69,0,7,,13.55,40,0,0.1,12,66.6667,0,14.0124,31,,211,215,,0,0,0,7.075
1613754984200,5,1010123456019,76,,1,2,5,1,2,,10.754,126,0,0.069504,31,0,8,,0,0,0,0,0,0,0,0,0,,109,110,,0,0,0,0
1613754984450,5,1010123456019,76,,1,2,5,1,2,,6.18959,269,0,0.12096,79,0,6.16667,,0,0,0,0,0,0,0,0,0,,283,285,,0,0,0,0
1613754984700,5,1010123456019,76,,1,2,5,1,2,,6.31525,295,0,0.11184,79,0,6.5,,0,0,0,0,0,0,0,0,0,,265,274,,0,0,0,0
1613754984950,5,1010123456019,76,,1,2,5,1,2,,10.6279,215,0,0.144192,66,0,7.83333,,13.7143,7,0,0.1,2,0,0,31.4953,31,,185,187,,0,0,0,1
1613754985200,5,1010123456019,76,,1,2,5,1,2,,9.6383,235,0,0.135232,69,0,7.33333,,0,0,0,0,0,0,0,0,0,,205,206,,0,0,0,0
1613754985450,5,1010123456019,76,,1,2,5,1,2,,5.36471,340,30,0.107968,94,0,5.5,,0,0,0,0,0,0,0,0,0,,293,295,,0,0,0,0
1613754985700,5,1010123456019,76,,1,2,5,1,2,,10.0041,246,0,0.142464,67,0,8,,0,0,0,0,0,0,0,0,0,,214,218,,0,0,0,0
1613754985950,5,1010123456019,76,,1,2,5,1,2,,5.71805,266,0,0.128288,85,0,5.66667,,13.2857,7,0,0.1,2,0,0,32.9546,31,,293,297,,0,0,0,1
1613754986200,5,1010123456019,76,,1,2,5,1,2,,11.1733,150,99,0.098784,42,0,8.33333,,0,0,0,0,0,0,0,0,0,,135,138,,0,0,0,0
1613754986450,5,1010123456019,76,,1,2,5,1,2,,9.50612,245,0,0.1312,69,0,7,,0,0,0,0,0,0,0,0,0,,212,214,,0,0,0,0
1613754986700,5,1010123456019,76,,1,2,5,1,2,,4.56044,455,210,0.162336,133,0,6.57143,,0,0,0,0,0,0,0,0,0,,516,531,,0,0,0,0
1613754986950,5,1010123456019,76,,1,2,5,1,2,,9.80702,228,158,0.123872,64,0,6.83333,,0,6,0,0.1,2,0,0,0,31,,198,198,,0,0,0,0
1613754987200,5,1010123456019,76,,1,2,5,1,2,,4.85965,456,0,0.155872,130,0,5.5,,0,0,0,0,0,0,0,0,0,,483,502,,0,0,0,0
1613754987450,5,1010123456019,76,,1,2,5,1,2,,9.95395,152,0,0.084384,41,0,7.33333,,0,0,0,0,0,0,0,0,0,,130,131,,0,0,0,0
1613754987700,5,1010123456019,76,,1,2,5,1,2,,13.0855,117,0,0.103616,39,0,10,,0,0,0,0,0,0,0,0,0,,102,102,,0,0,0,0
1613754987950,5,1010123456019,76,,1,2,5,1,2,,8.83197,244,0,0.122304,69,0,6.25,,6.19355,31,0,0.1,11,72.7273,0,6.88172,31,,216,216,,0,0,0,7.3871
1613754988200,5,1010123456019,76,,1,2,5,1,2,,9.625,264,99,0.143104,78,0,7.33333,,0,0,0,0,0,0,0,0,0,,232,234,,0,0,0,0
1613754988450,5,1010123456019,76,,1,2,5,1,2,,11.3165,139,0,0.09584,41,0,8,,0,0,0,0,0,0,0,0,0,,120,120,,0,0,0,0
1613754988700,5,1010123456019,76,,1,2,5,1,2,,10.3976,249,158,0.152448,70,0,7.66667,,0,0,0,0,0,0,0,0,0,,219,222,,0,0,0,0
1613754988950,5,1010123456019,76,,1,2,5,1,2,,9.56954,151,0,0.09104,47,0,7.4,,0.1,23,0,0.1,7,28.5714,0,5.31356,31,,136,137,,0,0,0,4
1613754989200,5,1010123456019,76,,1,2,5,1,2,,11.9557,158,0,0.110688,44,0,8.16667,,0,0,0,0,0,0,0,0,0,,135,135,,0,0,0,0
1613754989450,5,1010123456019,76,,1,2,5,1,2,,9.36269,193,0,0.098048,54,0,7.16667,,0,0,0,0,0,0,0,0,0,,168,168,,0,0,0,0
1613754989700,5,1010123456019,76,,1,2,5,1,2,,10.0849,212,0,0.129344,64,0,7.42857,,0,0,0,0,0,0,0,0,0,,184,185,,0,0,0,0
1613754989950,5,1010123456019,76,,1,2,5,1,2,,10.5556,189,99,0.107168,49,0,7.66667,,13.7586,29,0,0.1,8,50,0,19.3912,31,,166,170,,0,0,0,5.96552
1613754990200,5,1010123456019,76,,1,2,5,1,2,,11.0976,164,39,0.111392,48,0,7.5,,0,0,0,0,0,0,0,0,0,,141,141,,0,0,0,0
1613754990450,5,1010123456019,76,,1,2,5,1,2,,8.51258,318,158,0.178432,93,0,7.33333,,0,0,0,0,0,0,0,0,0,,304,311,,0,0,0,0
1613754990700,5,1010123456019,76,,1,2,5,1,2,,9.5744,289,30,0.156224,83,0,6.71429,,0,0,0,0,0,0,0,0,0,,249,249,,0,0,0,0
1613754990950,5,1010123456019,76,,1,2,5,1,2,,9.87059,170,0,0.101696,51,0,7,,13.7143,7,0,0.1,2,0,0,32.2383,31,,149,151,,0,0,0,1
1613754991200,5,1010123456019,76,,1,2,5,1,2,,9.06542,214,0,0.109024,62,0,6.5,,0,0,0,0,0,0,0,0,0,,187,188,,0,0,0,0
1613754991450,5,1010123456019,76,,1,2,5,1,2,,6.12183,394,0,0.14512,112,0,5.66667,,0,0,0,0,0,0,0,0,0,,344,350,,0,0,0,0
1613754991700,5,1010123456019,76,,1,2,5,1,2,,8.79592,147,0,0.070624,42,0,6.57143,,0,0,0,0,0,0,0,0,0,,126,126,,0,0,0,0
1613754991950,5,1010123456019,76,,1,2,5,1,2,,9.07031,256,0,0.12464,71,0,6.5,,13.85,20,0,0.1,7,71.4286,0,12.3377,31,,225,225,,0,0,0,7
1613754992200,5,1010123456019,76,,1,2,5,1,2,,10.6745,255,0,0.171072,74,0,7.83333,,0,0,0,0,0,0,0,0,0,,225,229,,0,0,0,0
1613754992450,5,1010123456019,76,,1,2,5,1,2,,9.25893,224,0,0.113984,64,0,6.66667,,0,0,0,0,0,0,0,0,0,,192,192,,0,0,0,0
1613754992700,5,1010123456019,76,,1,2,5,1,2,,9.95349,129,0,0.064512,31,0,7.14286,,0,0,0,0,0,0,0,0,0,,113,115,,0,0,0,0
1613754992950,5,1010123456019,76,,1,2,5,1,2,,9.98485,132,0,0.080416,41,0,8,,0.1,9,0,0.1,3,0,0,16.513,31,,114,114,,0,0,0,1.44444
1613754993200,5,1010123456019,76,,1,2,5,1,2,,6.56071,280,214,0.118112,75,0,6.16667,,0,0,0,0,0,0,0,0,0,,247,254,,0,0,0,0
1613754993450,5,1010123456019,76,,1,2,5,1,2,,8.31878,229,0,0.112096,72,0,7,,0,0,0,0,0,0,0,0,0,,225,227,,0,0,0,0
1613754993700,5,1010123456019,76,,1,2,5,1,2,,9.08444,225,99,0.11888,66,0,6.66667,,0,0,0,0,0,0,0,0,0,,195,198,,0,0,0,0
1613754993950,5,1010123456019,76,,1,2,5,1,2,,11.4278,180,373,0.122144,51,0,7.66667,,14,12,0,0.1,3,33.3333,0,19.8862,31,,156,156,,0,0,0,4.33333
1613754994200,5,1010123456019,76,,1,2,5,1,2,,9.10256,195,0,0.102848,57,0,7.66667,,0,0,0,0,0,0,0,0,0,,167,169,,0,0,0,0
1613754994450,5,1010123456019,76,,1,2,5,1,2,,7.36461,373,0,0.1696,107,0,6.16667,,0,0,0,0,0,0,0,0,0,,361,367,,0,0,0,0
1613754994700,5,1010123456019,76,,1,2,5,1,2,,9.25153,163,134,0.075328,42,0,6.85714,,0,0,0,0,0,0,0,0,0,,140,142,,0,0,0,0
1613754994950,5,1010123456019,76,,1,2,5,1,2,,7.83387,313,257,0.152256,86,0,6,,13.5,8,0,0.1,2,0,0,31.3446,31,,273,276,,0,0,0,1
1613754995200,5,1010123456019,76,,1,2,5,1,2,,7.14237,295,0,0.131104,92,0,7.2,,0,0,0,0,0,0,0,0,0,,282,293,,0,0,0,0
1613754995450,5,1010123456019,76,,1,2,5,1,2,,9.69811,159,0,0.091712,47,0,8,,0,0,0,0,0,0,0,0,0,,138,138,,0,0,0,0
1613754995700,5,1010123456019,76,,1,2,5,1,2,,10.3256,172,0,0.102112,49,0,7.28571,,0,0,0,0,0,0,0,0,0,,148,149,,0,0,0,0
1613754995950,5,1010123456019,76,,1,2,5,1,2,,9.82407,216,0,0.113024,57,0,7.5,,6.75,32,0,0.1,10,80,0,5.09973,31,,192,195,,0,0,0,8.125
1613754996200,5,1010123456019,76,,1,2,5,1,2,,10.6157,216,60,0.144064,65,0,7.83333,,0,0,0,0,0,0,0,0,0,,188,193,,0,0,0,0
1613754996450,5,1010123456019,76,,1,2,5,1,2,,9.78322,286,0,0.160832,81,0,7,,0,0,0,0,0,0,0,0,0,,251,254,,0,0,0,0
1613754996700,5,1010123456019,76,,1,2,5,1,2,,9.71373,255,0,0.139616,75,0,7.57143,,0,0,0,0,0,0,0,0,0,,220,221,,0,0,0,0
1613754996950,5,1010123456019,76,,1,2,5,1,2,,10.9938,161,30,0.111296,46,0,8.16667,,0,12,0,0,4,100,0,0,0,,142,143,,0,0,0,0
1613754997200,5,1010123456019,76,,1,2,5,1,2,,10.4042,240,298,0.133376,62,0,8.16667,,4.38462,26,0,0.1,7,71.4286,0,9.75744,31,,208,208,,0,0,0,7.57692
1613754997450,5,1010123456019,76,,1,2,5,1,2,,9.73778,225,0,0.13952,70,0,7.16667,,3.375,16,0,0.1,5,60,0,1.22768,0,,200,203,,0,0,0,7.0625
1613754997700,5,1010123456019,76,,1,2,5,1,2,,10.0237,211,30,0.113157,58,0,7,,0,0,0,0,0,0,0,0,0,,180,180,,0,0,0,0
1613754997950,5,1010123456019,76,,1,2,5,1,2,,9.2353,238,0,0.135008,74,0,7.16667,,5.48571,35,0,0.1,10,80,0,2.47379,31,,208,209,,0,0,0,8.2
1613754998200,5,1010123456019,76,,1,2,5,1,2,,10.0701,157,0,0.085664,42,0,7.83333,,0,0,0,0,0,0,0,0,0,,136,137,,0,0,0,0
1613754998450,5,1010123456019,76,,1,2,5,1,2,,11.01,200,49,0.123872,56,0,7.16667,,0,0,0,0,0,0,0,0,0,,172,173,,0,0,0,0
1613754998700,5,1010123456019,76,,1,2,5,1,2,,5.1457,302,0,0.11072,86,0,7,,0,0,0,0,0,0,0,0,0,,303,310,,0,0,0,0
1613754998950,5,1010123456019,76,,1,2,5,1,2,,10.5464,280,0,0.173984,83,0,7.5,,6.26087,23,0,0.1,7,57.1429,0,4.85799,31,,243,243,,0,0,0,5.82609
1613754999200,5,1010123456019,76,,1,2,5,1,2,,3.02632,494,300,0.123712,135,0,5.33333,,0,0,0,0,0,0,0,0,0,,495,529,,0,0,0,0
1613754999450,5,1010123456019,76,,1,2,5,1,2,,8.58333,216,158,0.122272,71,0,7.5,,0,0,0,0,0,0,0,0,0,,206,215,,0,0,0,0
1613754999700,5,1010123456019,76,,1,2,5,1,2,,9.71161,267,0,0.145568,76,0,6.85714,,0,0,0,0,0,0,0,0,0,,229,230,,0,0,0,0
1613754999950,5,1010123456019,76,,1,2,5,1,2,,10.2212,217,0,0.128544,62,0,7.66667,,8.2963,27,0,0.1,9,44.4444,0,9.13925,31,,197,199,,0,0,0,5.66667
1613755000200,5,1010123456019,76,,1,2,5,1,2,,10.1167,180,0,0.102368,51,0,7,,0,0,0,0,0,0,0,0,0,,153,153,,0,0,0,0
1613755000450,5,1010123456019,76,,1,2,5,1,2,,10.9709,206,0,0.143072,61,0,7.83333,,0,0,0,0,0,0,0,0,0,,177,180,,0,0,0,0
1613755000700,5,1010123456019,76,,1,2,5,1,2,,8.30312,320,0,0.131104,83,0,7,,0,0,0,0,0,0,0,0,0,,290,293,,0,0,0,0
1613755000950,5,1010123456019,76,,1,2,5,1,2,,6.73244,299,99,0.137824,91,0,6,,0.1,22,0,0.1,6,33.3333,0,1.43748,31,,255,258,,0,0,0,4.27273
1613755001200,5,1010123456019,76,,1,2,5,1,2,,9.29578,213,0,0.113376,61,0,7.5,,0,0,0,0,0,0,0,0,0,,190,193,,0,0,0,0
1613755001450,5,1010123456019,76,,1,2,5,1,2,,10.2701,174,0,0.107488,51,0,6.8,,0,0,0,0,0,0,0,0,0,,151,152,,0,0,0,0
1613755001700,5,1010123456019,76,,1,2,5,1,2,,8.98844,173,0,0.086784,49,0,6.57143,,0,0,0,0,0,0,0,0,0,,149,151,,0,0,0,0
1613755001950,5,1010123456019,76,,1,2,5,1,2,,9.4053,264,0,0.140512,76,0,6.66667,,10.0256,39,0,0.1,12,66.6667,0,8.43689,31,,230,232,,0,0,0,7.33333
1613755002200,5,1010123456019,76,,1,2,5,1,2,,9.55814,172,0,0.08592,46,0,7,,0,0,0,0,0,0,0,0,0,,147,147,,0,0,0,0
1613755002450,5,1010123456019,76,,1,2,5,1,2,,10.3518,199,158,0.123648,60,0,7.33333,,0,0,0,0,0,0,0,0,0,,173,175,,0,0,0,0
1613755002700,5,1010123456019,76,,1,2,5,1,2,,10.176,250,0,0.139264,68,0,7.83333,,0,0,0,0,0,0,0,0,0,,213,213,,0,0,0,0
1613755002950,5,1010123456019,76,,1,2,5,1,2,,10.0588,238,137,0.126272,66,0,6.83333,,6.72,25,0,0.1,7,57.1429,0,7.86919,31,,208,209,,0,0,0,6.2
1613755003200,5,1010123456019,76,,1,2,5,1,2,,6.82642,265,386,0.115968,74,0,6.16667,,0,0,0,0,0,0,0,0,0,,234,238,,0,0,0,0
1613755003450,5,1010123456019,76,,1,2,5,1,2,,6.51571,382,30,0.166784,115,0,7,,0,0,0,0,0,0,0,0,0,,423,431,,0,0,0,0
1613755003700,5,1010123456019,76,,1,2,5,1,2,,5.17757,214,0,0.067744,59,0,6.57143,,0,0,0,0,0,0,0,0,0,,209,220,,0,0,0,0
1613755003950,5,1010123456019,76,,1,2,5,1,2,,9.6612,183,0,0.11264,58,0,7.5,,11,20,0,0.1,6,66.6667,0,11.8636,31,,160,161,,0,0,0,6.4
1613755004200,5,1010123456019,76,,1,2,5,1,2,,10.5748,214,0,0.138944,61,0,8.33333,,0,0,0,0,0,0,0,0,0,,184,185,,0,0,0,0
1613755004450,5,1010123456019,76,,1,2,5,1,2,,8.7551,245,256,0.123744,62,0,6.33333,,0,0,0,0,0,0,0,0,0,,217,224,,0,0,0,0
1613755004700,5,1010123456019,76,,1,2,5,1,2,,11.1226,155,0,0.107552,53,0,9.14286,,0,0,0,0,0,0,0,0,0,,136,137,,0,0,0,0
1613755004950,5,1010123456019,76,,1,2,5,1,2,,9.284,250,0,0.129984,72,0,6.83333,,9.53571,28,0,0.1,8,62.5,0,7.25259,31,,217,218,,0,0,0,7.03571
1613755005200,5,1010123456019,76,,1,2,5,1,2,,9.51046,239,0,0.12448,67,0,6.4,,0,0,0,0,0,0,0,0,0,,213,216,,0,0,0,0
1613755005450,5,1010123456019,76,,1,2,5,1,2,,10.029,207,0,0.129088,62,0,6.83333,,0,0,0,0,0,0,0,0,0,,184,189,,0,0,0,0
1613755005700,5,1010123456019,76,,1,2,5,1,2,,3.72165,388,0,0.114144,110,0,6,,0,0,0,0,0,0,0,0,0,,440,451,,0,0,0,0
1613755005950,5,1010123456019,76,,1,2,5,1,2,,11.6852,108,158,0.074816,31,0,9,,0.1,26,0,0.1,7,71.4286,0,0.893341,31,,93,93,,0,0,0,7.38462
1613755006200,5,1010123456019,76,,1,2,5,1,2,,7.72156,334,0,0.183712,96,0,6.83333,,0,0,0,0,0,0,0,0,0,,350,355,,0,0,0,0
1613755006450,5,1010123456019,76,,1,2,5,1,2,,11.1322,174,49,0.111776,46,0,8,,0,0,0,0,0,0,0,0,0,,155,158,,0,0,0,0
1613755006700,5,1010123456019,76,,1,2,5,1,2,,10.213,169,0,0.107424,53,0,7,,0,0,0,0,0,0,0,0,0,,149,151,,0,0,0,0
1613755006950,5,1010123456019,76,,1,2,5,1,2,,6.875,320,0,0.119936,89,0,5.83333,,15.1111,72,0,0.25328,23,69.5652,0,8.65837,31,,295,297,,0,0,0,7.125
1613755007200,5,1010123456019,76,,1,2,5,1,2,,9.40945,254,0,0.149312,79,0,6.83333,,0,0,0,0,0,0,0,0,0,,220,221,,0,0,0,0
1613755007450,5,1010123456019,76,,1,2,5,1,2,,10.9706,170,99,0.0984,43,0,8.5,,0,0,0,0,0,0,0,0,0,,151,153,,0,0,0,0
1613755007700,5,1010123456019,76,,1,2,5,1,2,,7.57143,238,0,0.120064,75,0,6.57143,,0,0,0,0,0,0,0,0,0,,211,213,,0,0,0,0
1613755007950,5,1010123456019,76,,1,2,5,1,2,,6.03593,334,0,0.146816,97,0,5.5,,15.2105,76,0,0.151232,25,80,0,6.00617,31,,390,395,,0,0,0,8.22368
1613755008200,5,1010123456019,76,,1,2,5,1,2,,9.11613,155,0,0.10992,49,0,8,,0,0,0,0,0,0,0,0,0,,140,145,,0,0,0,0
1613755008450,5,1010123456019,76,,1,2,5,1,2,,9.6696,227,0,0.124096,65,0,6.66667,,0,0,0,0,0,0,0,0,0,,197,199,,0,0,0,0
1613755008700,5,1010123456019,76,,1,2,5,1,2,,10.3401,294,0,0.17728,85,0,8.28571,,0,0,0,0,0,0,0,0,0,,255,255,,0,0,0,0
1613755008950,5,1010123456019,76,,1,2,5,1,2,,12.9291,141,0,0.106944,38,0,8.2,,8.8,10,0,0.1,3,0,0,32.2441,31,,123,123,,0,0,0,1
1613755009200,5,1010123456019,76,,1,2,5,1,2,,9.14961,254,0,0.130976,73,0,6.83333,,0,0,0,0,0,0,0,0,0,,217,218,,0,0,0,0
1613755009450,5,1010123456019,76,,1,2,5,1,2,,9.09816,163,0,0.079936,45,0,6.66667,,0,0,0,0,0,0,0,0,0,,138,138,,0,0,0,0
1613755009700,5,1010123456019,76,,1,2,5,1,2,,9.39801,201,0,0.11328,60,0,6.66667,,0,0,0,0,0,0,0,0,0,,174,177,,0,0,0,0
1613755009950,5,1010123456019,76,,1,2,5,1,2,,5.75,244,0,0.089696,71,0,7,,0,6,0,0.1,2,0,0,0,31,,215,217,,0,0,0,0
1613755010200,5,1010123456019,76,,1,2,5,1,2,,8.5,194,0,0.103104,56,0,6.83333,,0,0,0,0,0,0,0,0,0,,183,190,,0,0,0,0
1613755010450,5,1010123456019,76,,1,2,5,1,2,,9.74058,239,0,0.129184,67,0,7.16667,,0,0,0,0,0,0,0,0,0,,212,213,,0,0,0,0
1613755010700,5,1010123456019,76,,1,2,5,1,2,,9.70312,256,0,0.138848,74,0,6.57143,,0,0,0,0,0,0,0,0,0,,219,219,,0,0,0,0
1613755010950,5,1010123456019,76,,1,2,5,1,2,,10.2488,201,0,0.125152,59,0,7.5,,13.2857,7,0,0.1,2,0,0,30.9321,31,,178,182,,0,0,0,1
1613755011200,5,1010123456019,76,,1,2,5,1,2,,6.58333,336,0,0.138944,96,0,6.5,,0,0,0,0,0,0,0,0,0,,305,318,,0,0,0,0
1613755011450,5,1010123456019,76,,1,2,5,1,2,,9.64706,238,30,0.123648,66,0,7,,0,0,0,0,0,0,0,0,0,,204,204,,0,0,0,0
1613755011700,5,1010123456019,76,,1,2,5,1,2,,9.79141,163,0,0.096928,49,0,8.14286,,0,0,0,0,0,0,0,0,0,,141,141,,0,0,0,0
1613755011950,5,1010123456019,76,,1,2,5,1,2,,10.6915,201,0,0.1336,59,0,8,,0,11,0,0,4,100,0,0,0,,181,183,,0,0,0,0
1613755012200,5,1010123456019,76,,1,2,5,1,2,,7.22129,357,0,0.148288,100,0,6,,0,0,0,0,0,0,0,0,0,,315,317,,0,0,0,0
1613755012450,5,1010123456019,76,,1,2,5,1,2,,9.49569,232,0,0.12944,69,0,6.66667,,0,0,0,0,0,0,0,0,0,,202,204,,0,0,0,0
1613755012700,5,1010123456019,76,,1,2,5,1,2,,10.3067,238,0,0.140864,66,0,8.14286,,0,0,0,0,0,0,0,0,0,,205,206,,0,0,0,0
1613755012950,5,1010123456019,76,,1,2,5,1,2,,7.8865,326,0,0.146944,91,0,6.83333,,0.1,22,0,0.1,6,66.6667,0,5.15214,31,,288,294,,0,0,0,7.68182
1613755013200,5,1010123456019,76,,1,2,5,1,2,,5.60106,376,311,0.161152,104,0,6.5,,0,0,0,0,0,0,0,0,0,,377,393,,0,0,0,0
1613755013450,5,1010123456019,76,,1,2,5,1,2,,5.13219,469,0,0.177152,140,0,6.16667,,0,0,0,0,0,0,0,0,0,,476,490,,0,0,0,0
1613755013700,5,1010123456019,76,,1,2,5,1,2,,3.64009,439,0,0.106912,124,0,5.14286,,0,0,0,0,0,0,0,0,0,,383,387,,0,0,0,0
1613755013950,5,1010123456019,76,,1,2,5,1,2,,10.0511,137,0,0.080096,41,0,8.5,,0.1,13,0,0,4,100,0,0.285444,0,,120,120,,0,0,0,10
1613755014200,5,1010123456019,76,,1,2,5,1,2,,10.1762,193,0,0.118176,57,0,6.66667,,3.6,10,0,0.1,3,66.6667,0,10.8712,31,,167,169,,0,0,0,6.4
1613755014450,5,1010123456019,76,,1,2,5,1,2,,9.72222,216,0,0.118656,62,0,7.5,,3.72414,29,0,0.1,9,66.6667,0,6.36744,0,,189,190,,0,0,0,6.86207
1613755014700,5,1010123456019,76,,1,2,5,1,2,,9.86239,109,0,0.064224,32,0,7.71429,,0,0,0,0,0,0,0,0,0,,96,96,,0,0,0,0
1613755014950,5,1010123456019,76,,1,2,5,1,2,,10.3575,221,0,0.133792,64,0,7.5,,0,12,0,0,4,100,0,0,0,,194,196,,0,0,0,0
1613755015200,5,1010123456019,76,,1,2,5,1,2,,10.2873,181,0,0.106656,51,0,8,,4.61538,26,0,0.1,7,71.4286,0,7.34899,31,,155,157,,0,0,0,7.92308
1613755015450,5,1010123456019,76,,1,2,5,1,2,,9.99522,209,0,0.1184,60,0,7.83333,,3.78947,19,0,0.1,5,60,0,1.29113,0,,182,184,,0,0,0,7.52632
1613755015700,5,1010123456019,76,,1,2,5,1,2,,9.8125,144,0,0.080576,41,0,7.14286,,0,0,0,0,0,0,0,0,0,,124,125,,0,0,0,0
1613755015950,5,1010123456019,76,,1,2,5,1,2,,9.88889,198,0,0.107904,55,0,6.83333,,0.1,16,0,0,4,100,0,1.03986,0,,178,180,,0,0,0,10
1613755016200,5,1010123456019,76,,1,2,5,1,2,,9.9322,177,0,0.107296,53,0,8,,0.1,11,0,0.1,3,33.3333,0,0.886329,31,,153,156,,0,0,0,5.36364
1613755016450,5,1010123456019,76,,1,2,5,1,2,,9.47619,294,158,0.151008,82,0,6.66667,,0,0,0,0,0,0,0,0,0,,255,255,,0,0,0,0
1613755016700,5,1010123456019,76,,1,2,5,1,2,,9.40693,231,158,0.118624,65,0,6.85714,,0,0,0,0,0,0,0,0,0,,195,195,,0,0,0,0
1613755016950,5,1010123456019,76,,1,2,5,1,2,,5.56997,293,0,0.111584,87,0,6.66667,,0.1,18,0,0.1,6,66.6667,0,0.974985,31,,275,288,,0,0,0,6
1613755017200,5,1010123456019,76,,1,2,5,1,2,,10.1213,239,0,0.13904,66,0,6.83333,,0,0,0,0,0,0,0,0,0,,211,215,,0,0,0,0
1613755017450,5,1010123456019,76,,1,2,5,1,2,,9.09338,257,0,0.123872,70,0,6.66667,,0,0,0,0,0,0,0,0,0,,220,221,,0,0,0,0
1613755017700,5,1010123456019,76,,1,2,5,1,2,,5.99065,321,0,0.138464,96,0,6.28571,,0,0,0,0,0,0,0,0,0,,320,326,,0,0,0,0
1613755017950,5,1010123456019,76,,1,2,5,1,2,,6.24611,321,0,0.14512,92,0,7.16667,,14.9508,61,0,0.149312,21,76.1905,0,7.79866,31,,319,334,,0,0,0,7.4918
1613755018200,5,1010123456019,76,,1,2,5,1,2,,10.0168,238,0,0.137728,71,0,6.83333,,0,0,0,0,0,0,0,0,0,,208,209,,0,0,0,0
1613755018450,5,1010123456019,76,,1,2,5,1,2,,6.73973,292,0,0.1208,79,0,6.16667,,0,0,0,0,0,0,0,0,0,,287,291,,0,0,0,0
1613755018700,5,1010123456019,76,,1,2,5,1,2,,5.34201,269,0,0.091328,81,0,6.42857,,0,0,0,0,0,0,0,0,0,,231,231,,0,0,0,0
1613755018950,5,1010123456019,76,,1,2,5,1,2,,13.0221,136,0,0.095392,37,0,9.5,,0.1,11,0,0.1,3,0,0,1.42933,31,,117,117,,0,0,0,3.36364
1613755019200,5,1010123456019,76,,1,2,5,1,2,,9.71545,123,155,0.079904,36,0,5.5,,0,0,0,0,0,0,0,0,0,,106,107,,0,0,0,0
1613755019450,5,1010123456019,76,,1,2,5,1,2,,5.30323,310,0,0.12272,90,0,7,,0,0,0,0,0,0,0,0,0,,352,357,,0,0,0,0
1613755019700,5,1010123456019,76,,1,2,5,1,2,,10.0345,174,0,0.094432,47,0,7.57143,,0,0,0,0,0,0,0,0,0,,151,152,,0,0,0,0
1613755019950,5,1010123456019,76,,1,2,5,1,2,,7.73077,312,0,0.149248,95,0,6,,14.7937,63,0,0.120736,20,80,0,6.35082,31,,286,292,,0,0,0,8.14286
1613755020200,5,1010123456019,76,,1,2,5,1,2,,8.92157,255,0,0.129472,72,0,6.66667,,0,0,0,0,0,0,0,0,0,,221,223,,0,0,0,0
1613755020450,5,1010123456019,76,,1,2,5,1,2,,6.49714,350,0,0.135584,99,0,5.66667,,0,0,0,0,0,0,0,0,0,,323,334,,0,0,0,0
1613755020700,5,1010123456019,76,,1,2,5,1,2,,9.77731,238,0,0.132928,69,0,6.85714,,0,0,0,0,0,0,0,0,0,,204,204,,0,0,0,0
1613755020950,5,1010123456019,76,,1,2,5,1,2,,9.80658,243,0,0.135456,71,0,7.83333,,0.1,12,0,0,4,100,0,0.480634,0,,210,210,,0,0,0,10
1613755021200,5,1010123456019,76,,1,2,5,1,2,,9.85714,203,0,0.111936,58,0,7,,4.36364,11,0,0.1,3,66.6667,0,8.01495,31,,178,179,,0,0,0,7.54545
1613755021450,5,1010123456019,76,,1,2,5,1,2,,4.92664,259,244,0.081312,67,0,5.66667,,4.23529,34,0,0.1,9,66.6667,0,4.51623,0,,243,254,,0,0,0,7.76471
1613755021700,5,1010123456019,76,,1,2,5,1,2,,9.35981,214,99,0.108064,65,0,6.57143,,0,0,0,0,0,0,0,0,0,,187,189,,0,0,0,0
1613755021950,5,1010123456019,76,,1,2,5,1,2,,11.1043,230,229,0.143488,63,0,8.16667,,0.1,14,0,0,4,100,0,0.534121,0,,203,205,,0,0,0,10
1613755022200,5,1010123456019,76,,1,2,5,1,2,,9.67054,258,0,0.160576,81,0,7,,3.91304,23,0,0.1,7,71.4286,0,11.2432,31,,232,235,,0,0,0,6.86957
1613755022450,5,1010123456019,76,,1,2,5,1,2,,9.90588,170,0,0.093568,46,0,7.33333,,5.67857,56,0,0.1,17,76.4706,0,8.66729,31,,149,151,,0,0,0,7.78571
1613755022700,5,1010123456019,76,,1,2,5,1,2,,9.96341,246,0,0.138016,73,0,6.57143,,0,0,0,0,0,0,0,0,0,,213,213,,0,0,0,0
1613755022950,5,1010123456019,76,,1,2,5,1,2,,4.61163,430,0,0.129632,122,0,4.83333,,8.11539,26,0,0.1,8,50,0,11.9345,31,,414,425,,0,0,0,5.5
1613755023200,5,1010123456019,76,,1,2,5,1,2,,9.44737,152,0,0.093408,50,0,7.16667,,0,0,0,0,0,0,0,0,0,,132,132,,0,0,0,0
1613755023450,5,1010123456019,76,,1,2,5,1,2,,5.58779,262,680,0.088992,66,0,5.66667,,0,0,0,0,0,0,0,0,0,,260,266,,0,0,0,0
1613755023700,5,1010123456019,76,,1,2,5,1,2,,11.1939,165,158,0.121888,55,0,8.57143,,0,0,0,0,0,0,0,0,0,,158,159,,0,0,0,0
1613755023950,5,1010123456019,76,,1,2,5,1,2,,8.69725,218,60,0.113408,63,0,7.33333,,14.7129,101,0,0.11632,32,87.5,0,5.82004,31,,201,205,,0,0,0,8.63366
1613755024200,5,1010123456019,76,,1,2,5,1,2,,10.1931,202,0,0.123808,59,0,7.5,,0,0,0,0,0,0,0,0,0,,174,177,,0,0,0,0
1613755024450,5,1010123456019,76,,1,2,5,1,2,,11.6378,127,158,0.090112,37,0,8.66667,,0,0,0,0,0,0,0,0,0,,111,111,,0,0,0,0
1613755024700,5,1010123456019,76,,1,2,5,1,2,,9.89806,206,0,0.118304,59,0,7.33333,,0,0,0,0,0,0,0,0,0,,180,183,,0,0,0,0
1613755024950,5,1010123456019,76,,1,2,5,1,2,,6.3625,240,0,0.089184,69,0,6.8,,0,11,0,0,4,100,0,0,0,,222,227,,0,0,0,0
1613755025200,5,1010123456019,76,,1,2,5,1,2,,8.78193,321,99,0.156832,90,0,6.5,,3.91304,23,0,0.1,7,71.4286,0,11.5784,31,,277,279,,0,0,0,6.86957
1613755025450,5,1010123456019,76,,1,2,5,1,2,,9.83058,242,30,0.12352,63,0,7,,5.93939,99,0,0.1,30,76.6667,0,10.3156,31,,211,213,,0,0,0,7.74747
1613755025700,5,1010123456019,76,,1,2,5,1,2,,9.68841,138,0,0.0912,46,0,6.71429,,0,0,0,0,0,0,0,0,0,,118,119,,0,0,0,0
1613755025950,5,1010123456019,76,,1,2,5,1,2,,7.93928,280,0,0.127168,79,0,8,,7.11111,27,0,0.1,7,57.1429,0,7.61219,31,,251,251,,0,0,0,6.48148
1613755026200,5,1010123456019,76,,1,2,5,1,2,,9.82443,131,0,0.100896,40,0,7.33333,,0,0,0,0,0,0,0,0,0,,116,118,,0,0,0,0
1613755026450,5,1010123456019,76,,1,2,5,1,2,,9.75269,186,0,0.102464,53,0,7.16667,,0,0,0,0,0,0,0,0,0,,167,170,,0,0,0,0
1613755026700,5,1010123456019,76,,1,2,5,1,2,,5.22807,456,0,0.177696,133,0,5.28571,,0,0,0,0,0,0,0,0,0,,492,502,,0,0,0,0
1613755026950,5,1010123456019,76,,1,2,5,1,2,,9.8,205,68,0.1032,54,0,6.83333,,5.09091,33,0,0.1,10,80,0,5.93894,31,,181,182,,0,0,0,8.21212
1613755027200,5,1010123456019,76,,1,2,5,1,2,,9.57678,267,0,0.156032,82,0,6.16667,,0,0,0,0,0,0,0,0,0,,228,228,,0,0,0,0
1613755027450,5,1010123456019,76,,1,2,5,1,2,,9.40458,262,30,0.128832,68,0,7,,0,0,0,0,0,0,0,0,0,,220,221,,0,0,0,0
1613755027700,5,1010123456019,76,,1,2,5,1,2,,13.9671,152,0,0.147232,48,0,9,,0,0,0,0,0,0,0,0,0,,134,137,,0,0,0,0
1613755027950,5,1010123456019,76,,1,2,5,1,2,,10.1961,255,113,0.150944,75,0,7,,0.1,11,0,0,4,100,0,0.147588,0,,229,230,,0,0,0,10
1613755028200,5,1010123456019,76,,1,2,5,1,2,,12.2157,102,0,0.079584,30,0,8.16667,,3.6,10,0,0.1,3,66.6667,0,11.671,31,,88,89,,0,0,0,6.4
1613755028450,5,1010123456019,76,,1,2,5,1,2,,11.3711,194,0,0.122752,53,0,8.16667,,3.72414,29,0,0.1,9,66.6667,0,5.83927,0,,166,167,,0,0,0,6.7931
1613755028700,5,1010123456019,76,,1,2,5,1,2,,9.61765,136,30,0.07536,39,0,6.71429,,0,0,0,0,0,0,0,0,0,,118,119,,0,0,0,0
1613755028950,5,1010123456019,76,,1,2,5,1,2,,9.69957,233,0,0.130688,64,0,7.83333,,14.9873,79,0,0.1696,25,80,0,6.57754,31,,205,207,,0,0,0,7.94937
1613755029200,5,1010123456019,76,,1,2,5,1,2,,10.7888,161,158,0.110144,51,0,8,,0,0,0,0,0,0,0,0,0,,138,138,,0,0,0,0
1613755029450,5,1010123456019,76,,1,2,5,1,2,,7.62766,188,0,0.08224,53,0,7.16667,,0,0,0,0,0,0,0,0,0,,159,159,,0,0,0,0
1613755029700,5,1010123456019,76,,1,2,5,1,2,,9.76647,167,158,0.091424,48,0,7,,0,0,0,0,0,0,0,0,0,,145,146,,0,0,0,0
1613755029950,5,1010123456019,76,,1,2,5,1,2,,10.1211,190,0,0.106912,50,0,8,,15.0732,82,0,0.213632,26,76.9231,0,6.73017,31,,169,170,,0,0,0,7.91463
1613755030200,5,1010123456019,76,,1,2,5,1,2,,8.00709,282,99,0.130848,83,0,6.5,,0,0,0,0,0,0,0,0,0,,249,253,,0,0,0,0
1613755030450,5,1010123456019,76,,1,2,5,1,2,,9.30864,243,5,0.124224,68,0,6.66667,,0,0,0,0,0,0,0,0,0,,212,214,,0,0,0,0
1613755030700,5,1010123456019,76,,1,2,5,1,2,,6.73616,307,158,0.1376,94,0,6.14286,,0,0,0,0,0,0,0,0,0,,275,278,,0,0,0,0
1613755030950,5,1010123456019,76,,1,2,5,1,2,,10.8655,119,0,0.080064,35,0,7.16667,,15.1667,72,0,0.1,23,86.9565,0,4.2334,31,,112,113,,0,0,0,8.875
1613755031200,5,1010123456019,76,,1,2,5,1,2,,10.034,235,0,0.135264,68,0,6.83333,,0,0,0,0,0,0,0,0,0,,206,208,,0,0,0,0
1613755031450,5,1010123456019,76,,1,2,5,1,2,,6.12333,300,0,0.10624,83,0,6.33333,,0,0,0,0,0,0,0,0,0,,270,278,,0,0,0,0
1613755031700,5,1010123456019,76,,1,2,5,1,2,,9.75769,260,0,0.145984,78,0,6.71429,,0,0,0,0,0,0,0,0,0,,226,227,,0,0,0,0
1613755031950,5,1010123456019,76,,1,2,5,1,2,,10.7355,155,0,0.101248,44,0,7,,0.592593,81,0,0.1,24,83.3333,0,3.51394,31,,136,140,,0,0,0,8.61728
1613755032200,5,1010123456019,76,,1,2,5,1,2,,9.85345,232,0,0.125472,64,0,7,,0,0,0,0,0,0,0,0,0,,200,202,,0,0,0,0
1613755032450,5,1010123456019,76,,1,2,5,1,2,,10.3543,175,0,0.105408,51,0,7.83333,,0,0,0,0,0,0,0,0,0,,150,150,,0,0,0,0
1613755032700,5,1010123456019,76,,1,2,5,1,2,,9.46083,217,60,0.118496,61,0,6.57143,,0,0,0,0,0,0,0,0,0,,190,192,,0,0,0,0
1613755032950,5,1010123456019,76,,1,2,5,1,2,,10.2674,258,0,0.160288,75,0,8.5,,14.3506,77,0,0.1,24,83.3333,0,7.06728,31,,234,240,,0,0,0,8.20779
1613755033200,5,1010123456019,76,,1,2,5,1,2,,10.0129,155,0,0.08848,44,0,7.83333,,0,0,0,0,0,0,0,0,0,,133,134,,0,0,0,0
1613755033450,5,1010123456019,76,,1,2,5,1,2,,9.54656,247,0,0.13808,73,0,7.5,,0,0,0,0,0,0,0,0,0,,216,219,,0,0,0,0
1613755033700,5,1010123456019,76,,1,2,5,1,2,,11.305,200,0,0.122112,52,0,7.71429,,0,0,0,0,0,0,0,0,0,,173,175,,0,0,0,0
1613755033950,5,1010123456019,76,,1,2,5,1,2,,7.27841,176,0,0.071648,50,0,7,,15.2941,85,0,0.1,26,84.6154,0,7.42632,31,,153,153,,0,0,0,8.51765
1613755034200,5,1010123456019,76,,1,2,5,1,2,,10.0554,271,0,0.162208,81,0,7.33333,,0,0,0,0,0,0,0,0,0,,236,238,,0,0,0,0
1613755034450,5,1010123456019,76,,1,2,5,1,2,,13.6577,111,0,0.1,34,0,10,,0,0,0,0,0,0,0,0,0,,97,98,,0,0,0,0
1613755034700,5,1010123456019,76,,1,2,5,1,2,,9.24206,252,0,0.1352,73,0,7,,0,0,0,0,0,0,0,0,0,,217,218,,0,0,0,0
1613755034950,5,1010123456019,76,,1,2,5,1,2,,7.01779,281,99,0.10496,73,0,6.66667,,7.38462,26,0,0.1,7,57.1429,0,7.42867,31,,244,248,,0,0,0,6.69231
1613755035200,5,1010123456019,76,,1,2,5,1,2,,10.6283,191,0,0.13664,61,0,7.6,,0,0,0,0,0,0,0,0,0,,165,165,,0,0,0,0
1613755035450,5,1010123456019,76,,1,2,5,1,2,,9.57979,188,158,0.098784,52,0,7,,0,0,0,0,0,0,0,0,0,,162,162,,0,0,0,0
1613755035700,5,1010123456019,76,,1,2,5,1,2,,5.82484,314,0,0.117024,93,0,6.16667,,0,0,0,0,0,0,0,0,0,,271,272,,0,0,0,0
1613755035950,5,1010123456019,76,,1,2,5,1,2,,6.83425,362,0,0.149152,106,0,6.16667,,7.64286,28,0,0.1,9,33.3333,0,15.7135,31,,324,330,,0,0,0,4.03571
1613755036200,5,1010123456019,76,,1,2,5,1,2,,9.93548,186,0,0.102304,53,0,7,,0,0,0,0,0,0,0,0,0,,159,159,,0,0,0,0
1613755036450,5,1010123456019,76,,1,2,5,1,2,,11.9735,151,0,0.111264,41,0,8.83333,,0,0,0,0,0,0,0,0,0,,134,139,,0,0,0,0
1613755036700,5,1010123456019,76,,1,2,5,1,2,,11.8538,130,0,0.100448,40,0,9.71428,,0,0,0,0,0,0,0,0,0,,114,114,,0,0,0,0
1613755036950,5,1010123456019,76,,1,2,5,1,2,,9.6875,160,0,0.081088,44,0,6.66667,,14.75,64,0,0.1,19,84.2105,0,4.94846,31,,141,141,,0,0,0,8.45312
1613755037200,5,1010123456019,76,,1,2,5,1,2,,4.61557,411,0,0.161888,121,0,7.33333,,0,0,0,0,0,0,0,0,0,,470,492,,0,0,0,0
1613755037450,5,1010123456019,76,,1,2,5,1,2,,9.56291,151,0,0.080704,43,0,7.83333,,0,0,0,0,0,0,0,0,0,,130,131,,0,0,0,0
1613755037700,5,1010123456019,76,,1,2,5,1,2,,8.52727,220,134,0.103136,55,0,6.14286,,0,0,0,0,0,0,0,0,0,,189,189,,0,0,0,0
1613755037950,5,1010123456019,76,,1,2,5,1,2,,4.54783,460,0,0.132608,135,0,6.16667,,0.1,21,0,0.1,6,66.6667,0,3.59765,31,,444,457,,0,0,0,7.61905
1613755038200,5,1010123456019,76,,1,2,5,1,2,,9.68212,151,0,0.089152,47,0,8.16667,,0,0,0,0,0,0,0,0,0,,129,129,,0,0,0,0
1613755038450,5,1010123456019,76,,1,2,5,1,2,,10.418,244,0,0.147648,68,0,7.16667,,0,0,0,0,0,0,0,0,0,,211,215,,0,0,0,0
1613755038700,5,1010123456019,76,,1,2,5,1,2,,9.51327,226,158,0.129312,68,0,8.28571,,0,0,0,0,0,0,0,0,0,,196,197,,0,0,0,0
1613755038950,5,1010123456019,76,,1,2,5,1,2,,12.6688,154,0,0.120736,43,0,8.33333,,7,32,0,0.1,9,66.6667,0,3.09471,31,,136,137,,0,0,0,7.96875
1613755039200,5,1010123456019,76,,1,2,5,1,2,,10.349,192,0,0.112736,53,0,7.16667,,0,0,0,0,0,0,0,0,0,,170,173,,0,0,0,0
1613755039450,5,1010123456019,76,,1,2,5,1,2,,9.02105,190,0,0.097952,57,0,7,,0,0,0,0,0,0,0,0,0,,162,162,,0,0,0,0
1613755039700,5,1010123456019,76,,1,2,5,1,2,,9.29796,245,49,0.123296,65,0,6,,0,0,0,0,0,0,0,0,0,,214,217,,0,0,0,0
1613755039950,5,1010123456019,76,,1,2,5,1,2,,6.27297,370,0,0.170464,112,0,5.66667,,0.1,14,0,0,4,100,0,0.676913,0,,412,416,,0,0,0,10
1613755040200,5,1010123456019,76,,1,2,5,1,2,,9.27692,260,0,0.134912,72,0,6.66667,,4.38462,26,0,0.1,7,71.4286,0,10.0435,31,,230,235,,0,0,0,7.57692
1613755040450,5,1010123456019,76,,1,2,5,1,2,,9.02264,265,30,0.135104,77,0,6.66667,,2.8,45,0,0.1,14,78.5714,0,4.12332,31,,229,230,,0,0,0,8.06667
1613755040700,5,1010123456019,76,,1,2,5,1,2,,9.5342,307,0,0.172224,90,0,6.28571,,0,0,0,0,0,0,0,0,0,,271,274,,0,0,0,0
1613755040950,5,1010123456019,76,,1,2,5,1,2,,8.91205,307,0,0.15184,88,0,7.5,,0.1,18,0,0.1,6,66.6667,0,8.07274,31,,277,280,,0,0,0,6.66667
1613755041200,5,1010123456019,76,,1,2,5,1,2,,1.95987,623,0,0.13584,178,0,3,,0,0,0,0,0,0,0,0,0,,677,684,,0,0,0,0
1613755041450,5,1010123456019,76,,1,2,5,1,2,,10.4375,208,0,0.126144,58,0,8.33333,,0,0,0,0,0,0,0,0,0,,177,177,,0,0,0,0
1613755041700,5,1010123456019,76,,1,2,5,1,2,,9.70386,233,0,0.133664,68,0,7.71429,,0,0,0,0,0,0,0,0,0,,204,206,,0,0,0,0
1613755041950,5,1010123456019,76,,1,2,5,1,2,,3.11511,417,0,0.115616,117,0,4.83333,,7.38462,26,0,0.1,7,57.1429,0,6.76238,31,,484,499,,0,0,0,6.84615
1613755042200,5,1010123456019,76,,1,2,5,1,2,,9.90411,219,0,0.12304,62,0,8,,0,0,0,0,0,0,0,0,0,,186,186,,0,0,0,0
1613755042450,5,1010123456019,76,,1,2,5,1,2,,9.87687,268,0,0.16032,79,0,7,,0,0,0,0,0,0,0,0,0,,237,240,,0,0,0,0
1613755042700,5,1010123456019,76,,1,2,5,1,2,,10.0862,232,0,0.128736,63,0,7.57143,,0,0,0,0,0,0,0,0,0,,199,200,,0,0,0,0
1613755042950,5,1010123456019,76,,1,2,5,1,2,,6.6125,400,46,0.171648,112,0,5.5,,8,11,0,0.1,3,0,0,31.6246,31,,374,393,,0,0,0,1
1613755043200,5,1010123456019,76,,1,2,5,1,2,,9.26961,204,187,0.111488,63,0,8,,0,0,0,0,0,0,0,0,0,,174,177,,0,0,0,0
1613755043450,5,1010123456019,76,,1,2,5,1,2,,9.40351,228,0,0.12928,67,0,6.33333,,0,0,0,0,0,0,0,0,0,,203,209,,0,0,0,0
1613755043700,5,1010123456019,76,,1,2,5,1,2,,9.59004,261,0,0.1344,73,0,6.85714,,0,0,0,0,0,0,0,0,0,,228,228,,0,0,0,0
1613755043950,5,1010123456019,76,,1,2,5,1,2,,9.31551,187,0,0.103264,57,0,7.16667,,6.35294,34,0,0.1,10,80,0,4.45563,31,,162,162,,0,0,0,8.58823
1613755044200,5,1010123456019,76,,1,2,5,1,2,,6.97583,331,30,0.127584,89,0,7.33333,,0,0,0,0,0,0,0,0,0,,285,288,,0,0,0,0
1613755044450,5,1010123456019,76,,1,2,5,1,2,,7.31945,288,0,0.136384,87,0,6.16667,,0,0,0,0,0,0,0,0,0,,252,258,,0,0,0,0
1613755044700,5,1010123456019,76,,1,2,5,1,2,,11.9828,174,0,0.126688,47,0,9,,0,0,0,0,0,0,0,0,0,,151,152,,0,0,0,0
1613755044950,5,1010123456019,76,,1,2,5,1,2,,10.8312,231,0,0.154432,70,0,7.8,,6,22,0,0.1,7,57.1429,0,9.47156,31,,207,211,,0,0,0,5.5
1613755045200,5,1010123456019,76,,1,2,5,1,2,,6.05846,325,0,0.133088,93,0,6.5,,0,0,0,0,0,0,0,0,0,,357,359,,0,0,0,0
1613755045450,5,1010123456019,76,,1,2,5,1,2,,12.3423,149,158,0.116352,44,0,9,,0,0,0,0,0,0,0,0,0,,134,136,,0,0,0,0
1613755045700,5,1010123456019,76,,1,2,5,1,2,,7.29699,266,0,0.135264,72,0,8,,0,0,0,0,0,0,0,0,0,,252,263,,0,0,0,0
1613755045950,5,1010123456019,76,,1,2,5,1,2,,10.6402,214,0,0.13904,65,0,7.83333,,0.1,14,0,0,4,100,0,0.698154,0,,187,188,,0,0,0,10
1613755046200,5,1010123456019,76,,1,2,5,1,2,,9.18182,187,7,0.092064,51,0,6.66667,,4.61538,26,0,0.1,7,71.4286,0,7.77305,31,,165,166,,0,0,0,7.92308
1613755046450,5,1010123456019,76,,1,2,5,1,2,,9.65135,370,0,0.214144,108,0,6.83333,,5.59322,59,0,0.1,17,76.4706,0,6.11461,31,,332,336,,0,0,0,8.30509
1613755046700,5,1010123456019,76,,1,2,5,1,2,,9.60819,171,315,0.091616,49,0,6.71429,,0,0,0,0,0,0,0,0,0,,147,147,,0,0,0,0
1613755046950,5,1010123456019,76,,1,2,5,1,2,,10.3829,222,0,0.139488,65,0,7.5,,7.38462,26,0,0.1,7,57.1429,0,6.88638,31,,197,202,,0,0,0,6.69231
1613755047200,5,1010123456019,76,,1,2,5,1,2,,6.76806,263,0,0.115072,75,0,5.83333,,0,0,0,0,0,0,0,0,0,,266,269,,0,0,0,0
1613755047450,5,1010123456019,76,,1,2,5,1,2,,5.09607,229,937,0.079776,57,0,7.5,,0,0,0,0,0,0,0,0,0,,246,249,,0,0,0,0
1613755047700,5,1010123456019,76,,1,2,5,1,2,,5.66929,381,0,0.144064,111,0,6,,0,0,0,0,0,0,0,0,0,,395,403,,0,0,0,0
1613755047950,5,1010123456019,76,,1,2,5,1,2,,6.10417,336,0,0.14896,106,0,5.5,,13.5,8,0,0.1,2,0,0,28.293,31,,337,340,,0,0,0,1
1613755048200,5,1010123456019,76,,1,2,5,1,2,,11.52,125,0,0.079616,32,0,9.83333,,0,0,0,0,0,0,0,0,0,,108,108,,0,0,0,0
1613755048450,5,1010123456019,76,,1,2,5,1,2,,9.20918,196,0,0.106848,59,0,6.66667,,0,0,0,0,0,0,0,0,0,,169,170,,0,0,0,0
1613755048700,5,1010123456019,76,,1,2,5,1,2,,10.9817,164,0,0.108544,48,0,8.28571,,0,0,0,0,0,0,0,0,0,,142,143,,0,0,0,0
1613755048950,5,1010123456019,76,,1,2,5,1,2,,8.67778,270,311,0.135392,71,0,5.83333,,14.6154,13,0,0.1,4,25,0,23.9826,31,,258,265,,0,0,0,3.30769
1613755049200,5,1010123456019,76,,1,2,5,1,2,,7.31474,251,0,0.115968,79,0,6.83333,,0,0,0,0,0,0,0,0,0,,226,233,,0,0,0,0
1613755049450,5,1010123456019,76,,1,2,5,1,2,,9.25625,160,30,0.080864,44,0,6.66667,,0,0,0,0,0,0,0,0,0,,140,142,,0,0,0,0
1613755049700,5,1010123456019,76,,1,2,5,1,2,,9.70225,178,0,0.102048,52,0,7.14286,,0,0,0,0,0,0,0,0,0,,152,154,,0,0,0,0
1613755049950,5,1010123456019,76,,1,2,5,1,2,,10.3832,214,99,0.133408,60,0,7.83333,,13.7143,7,0,0.1,2,0,0,26.0021,31,,188,190,,0,0,0,1
1613755050200,5,1010123456019,76,,1,2,5,1,2,,10.3246,191,0,0.113056,53,0,7,,0,0,0,0,0,0,0,0,0,,165,168,,0,0,0,0
1613755050450,5,1010123456019,76,,1,2,5,1,2,,8.41197,284,131,0.13568,77,0,5.66667,,0,0,0,0,0,0,0,0,0,,246,246,,0,0,0,0
1613755050700,5,1010123456019,76,,1,2,5,1,2,,10.1667,258,0,0.1464,80,0,7.85714,,0,0,0,0,0,0,0,0,0,,225,228,,0,0,0,0
1613755050950,5,1010123456019,76,,1,2,5,1,2,,8.88284,239,0,0.13984,68,0,7.33333,,8.875,24,0,0.1,7,57.1429,0,8.95793,31,,214,219,,0,0,0,6.375
1613755051200,5,1010123456019,76,,1,2,5,1,2,,6.45161,372,0,0.143712,106,0,6.16667,,0,0,0,0,0,0,0,0,0,,332,338,,0,0,0,0
1613755051450,5,1010123456019,76,,1,2,5,1,2,,9.77222,180,0,0.102432,54,0,6.83333,,0,0,0,0,0,0,0,0,0,,154,155,,0,0,0,0
1613755051700,5,1010123456019,76,,1,2,5,1,2,,9.7128,289,0,0.154912,78,0,6.85714,,0,0,0,0,0,0,0,0,0,,251,254,,0,0,0,0
1613755051950,5,1010123456019,76,,1,2,5,1,2,,7.81009,337,0,0.163968,95,0,6.6,,7.8797,133,0,0.1,43,88.3721,0,3.09631,31,,325,332,,0,0,0,9.10526
1613755052200,5,1010123456019,76,,1,2,5,1,2,,5.81048,248,0,0.090624,79,0,6.5,,0,0,0,0,0,0,0,0,0,,216,216,,0,0,0,0
1613755052450,5,1010123456019,76,,1,2,5,1,2,,5.80591,237,0,0.109536,68,0,8.66667,,0,0,0,0,0,0,0,0,0,,230,244,,0,0,0,0
1613755052700,5,1010123456019,76,,1,2,5,1,2,,9.92268,194,158,0.117696,56,0,7.28571,,0,0,0,0,0,0,0,0,0,,172,176,,0,0,0,0
1613755052950,5,1010123456019,76,,1,2,5,1,2,,10.0984,193,0,0.09728,52,0,8.16667,,6.26087,23,0,0.1,7,57.1429,0,9.56838,31,,166,167,,0,0,0,5.82609
1613755053200,5,1010123456019,76,,1,2,5,1,2,,10.1143,175,0,0.117696,53,0,7.33333,,0,0,0,0,0,0,0,0,0,,152,154,,0,0,0,0
1613755053450,5,1010123456019,76,,1,2,5,1,2,,7.24585,301,335,0.125952,80,0,6.66667,,0,0,0,0,0,0,0,0,0,,291,296,,0,0,0,0
1613755053700,5,1010123456019,76,,1,2,5,1,2,,9.64198,243,0,0.14624,76,0,6.14286,,0,0,0,0,0,0,0,0,0,,211,212,,0,0,0,0
1613755053950,5,1010123456019,76,,1,2,5,1,2,,7.19682,315,0,0.144128,87,0,7,,7.90909,11,0,0.1,3,0,0,32.4802,31,,321,328,,0,0,0,1
1613755054200,5,1010123456019,76,,1,2,5,1,2,,3.53093,388,49,0.108416,114,0,5.16667,,0,0,0,0,0,0,0,0,0,,434,439,,0,0,0,0
1613755054450,5,1010123456019,76,,1,2,5,1,2,,4.66968,442,0,0.157184,130,0,6.16667,,0,0,0,0,0,0,0,0,0,,472,489,,0,0,0,0
1613755054700,5,1010123456019,76,,1,2,5,1,2,,5.19188,271,124,0.086304,75,0,5.71429,,0,0,0,0,0,0,0,0,0,,235,237,,0,0,0,0
1613755054950,5,1010123456019,76,,1,2,5,1,2,,9.41284,218,0,0.117696,62,0,7.83333,,15,12,0,0,4,100,0,0.453517,0,,189,189,,0,0,0,10
1613755055200,5,1010123456019,76,,1,2,5,1,2,,7.27864,323,0,0.148448,98,0,6.33333,,0,0,0,0,0,0,0,0,0,,317,322,,0,0,0,0
1613755055450,5,1010123456019,76,,1,2,5,1,2,,10.1969,193,0,0.11248,55,0,7.6,,0,0,0,0,0,0,0,0,0,,165,165,,0,0,0,0
1613755055700,5,1010123456019,76,,1,2,5,1,2,,10.6,180,0,0.111872,52,0,7.71429,,0,0,0,0,0,0,0,0,0,,156,156,,0,0,0,0
1613755055950,5,1010123456019,76,,1,2,5,1,2,,9.81395,129,0,0.075136,37,0,8.16667,,0.1,21,0,0.1,6,66.6667,0,1.55842,31,,111,111,,0,0,0,7.85714
1613755056200,5,1010123456019,76,,1,2,5,1,2,,10.117,188,0,0.108288,54,0,6.83333,,0,0,0,0,0,0,0,0,0,,162,162,,0,0,0,0
1613755056450,5,1010123456019,76,,1,2,5,1,2,,11.6119,134,0,0.096416,38,0,8.66667,,0,0,0,0,0,0,0,0,0,,115,116,,0,0,0,0
1613755056700,5,1010123456019,76,,1,2,5,1,2,,5.92775,346,0,0.138656,99,0,5.71429,,0,0,0,0,0,0,0,0,0,,372,387,,0,0,0,0
1613755056950,5,1010123456019,76,,1,2,5,1,2,,5.27463,477,0,0.189024,141,0,6.66667,,0.1,10,0,0.1,3,0,0,19.7381,31,,537,545,,0,0,0,1
1613755057200,5,1010123456019,76,,1,2,5,1,2,,10.9805,256,0,0.14992,69,0,9.16667,,0,0,0,0,0,0,0,0,0,,217,218,,0,0,0,0
1613755057450,5,1010123456019,76,,1,2,5,1,2,,9.92593,162,18,0.096512,47,0,6.33333,,0,0,0,0,0,0,0,0,0,,138,138,,0,0,0,0
1613755057700,5,1010123456019,76,,1,2,5,1,2,,11.4153,183,0,0.137888,55,0,8,,0,0,0,0,0,0,0,0,0,,161,163,,0,0,0,0
1613755057950,5,1010123456019,76,,1,2,5,1,2,,10.4196,224,0,0.139296,63,0,8.5,,5.4,30,0,0.1,10,80,0,5.28891,31,,199,200,,0,0,0,8.2
1613755058200,5,1010123456019,76,,1,2,5,1,2,,9.5101,198,0,0.112992,60,0,7.83333,,0,0,0,0,0,0,0,0,0,,172,173,,0,0,0,0
1613755058450,5,1010123456019,76,,1,2,5,1,2,,10.2072,251,0,0.14448,69,0,6.83333,,0,0,0,0,0,0,0,0,0,,222,228,,0,0,0,0
1613755058700,5,1010123456019,76,,1,2,5,1,2,,10.7397,219,0,0.149536,66,0,8.85714,,0,0,0,0,0,0,0,0,0,,190,191,,0,0,0,0
1613755058950,5,1010123456019,76,,1,2,5,1,2,,10.5,170,0,0.107424,49,0,6.5,,0.1,18,0,0.1,5,20,0,12.7437,31,,148,149,,0,0,0,4.05556
1613755059200,5,1010123456019,76,,1,2,5,1,2,,5.51333,300,0,0.10672,86,0,7.66667,,0,0,0,0,0,0,0,0,0,,275,284,,0,0,0,0
1613755059450,5,1010123456019,76,,1,2,5,1,2,,9.76923,156,0,0.080928,43,0,6.83333,,0,0,0,0,0,0,0,0,0,,138,138,,0,0,0,0
1613755059700,5,1010123456019,76,,1,2,5,1,2,,10.3349,218,0,0.134208,66,0,7.28571,,0,0,0,0,0,0,0,0,0,,190,191,,0,0,0,0
1613755059950,5,1010123456019,76,,1,2,5,1,2,,9.37109,256,158,0.140288,75,0,6.66667,,15,12,0,0,4,100,0,0.619414,0,,227,229,,0,0,0,10
1613755060200,5,1010123456019,76,,1,2,5,1,2,,10.1322,242,99,0.138912,65,0,7.33333,,0,0,0,0,0,0,0,0,0,,211,215,,0,0,0,0
1613755060450,5,1010123456019,76,,1,2,5,1,2,,5.64883,299,0,0.106592,87,0,6.16667,,0,0,0,0,0,0,0,0,0,,272,282,,0,0,0,0
1613755060700,5,1010123456019,76,,1,2,5,1,2,,9.45415,229,0,0.113824,63,0,6.57143,,0,0,0,0,0,0,0,0,0,,198,198,,0,0,0,0
1613755060950,5,1010123456019,76,,1,2,5,1,2,,9.00976,205,118,0.108448,62,0,6.83333,,7.11111,27,0,0.1,7,57.1429,0,7.67873,31,,180,180,,0,0,0,6.33333
1613755061200,5,1010123456019,76,,1,2,5,1,2,,10.8221,253,0,0.165376,74,0,7.66667,,0,0,0,0,0,0,0,0,0,,214,215,,0,0,0,0
1613755061450,5,1010123456019,76,,1,2,5,1,2,,9.34583,240,0,0.124064,67,0,6.75,,0,0,0,0,0,0,0,0,0,,206,208,,0,0,0,0
1613755061700,5,1010123456019,76,,1,2,5,1,2,,6.05775,329,0,0.127776,95,0,6.42857,,0,0,0,0,0,0,0,0,0,,286,287,,0,0,0,0
1613755061950,5,1010123456019,76,,1,2,5,1,2,,9.89299,271,0,0.156736,80,0,7.33333,,10.9524,42,0,0.1,12,66.6667,0,8.26937,31,,242,245,,0,0,0,7.09524
1613755062200,5,1010123456019,76,,1,2,5,1,2,,10.8844,173,0,0.117568,49,0,7.5,,0,0,0,0,0,0,0,0,0,,151,155,,0,0,0,0
1613755062450,5,1010123456019,76,,1,2,5,1,2,,9.79661,177,0,0.097056,51,0,6.66667,,0,0,0,0,0,0,0,0,0,,153,153,,0,0,0,0
1613755062700,5,1010123456019,76,,1,2,5,1,2,,9.97765,179,210,0.097632,50,0,7,,0,0,0,0,0,0,0,0,0,,154,155,,0,0,0,0
1613755062950,5,1010123456019,76,,1,2,5,1,2,,10.1722,209,0,0.128512,63,0,7,,11.4773,44,0,0.10064,14,64.2857,0,9.53212,31,,190,192,,0,0,0,7.09091
1613755063200,5,1010123456019,76,,1,2,5,1,2,,9.96552,232,0,0.118592,62,0,7,,0,0,0,0,0,0,0,0,0,,201,201,,0,0,0,0
1613755063450,5,1010123456019,76,,1,2,5,1,2,,6.16717,329,0,0.15296,98,0,5.66667,,0,0,0,0,0,0,0,0,0,,362,368,,0,0,0,0
1613755063700,5,1010123456019,76,,1,2,5,1,2,,9.17567,148,30,0.070656,41,0,6.71429,,0,0,0,0,0,0,0,0,0,,126,126,,0,0,0,0
1613755063950,5,1010123456019,76,,1,2,5,1,2,,6.13352,352,0,0.125504,98,0,5.5,,2.64706,34,0,0.1,10,70,0,6.80483,31,,323,331,,0,0,0,8.02941
1613755064200,5,1010123456019,76,,1,2,5,1,2,,10.2457,232,0,0.142112,69,0,7.33333,,0,0,0,0,0,0,0,0,0,,203,205,,0,0,0,0
1613755064450,5,1010123456019,76,,1,2,5,1,2,,9.69072,291,0,0.153056,81,0,6.66667,,0,0,0,0,0,0,0,0,0,,251,253,,0,0,0,0
1613755064700,5,1010123456019,76,,1,2,5,1,2,,9.28249,177,0,0.101024,56,0,6.57143,,0,0,0,0,0,0,0,0,0,,153,153,,0,0,0,0
1613755064950,5,1010123456019,76,,1,2,5,1,2,,4.19909,442,0,0.137088,127,0,5.6,,0.1,12,0,0,4,100,0,0.796012,0,,485,507,,0,0,0,10
1613755065200,5,1010123456019,76,,1,2,5,1,2,,4.88538,253,0,0.084256,72,0,6.83333,,0.1,16,0,0.1,5,60,0,1.10425,31,,231,242,,0,0,0,7.9375
1613755065450,5,1010123456019,76,,1,2,5,1,2,,5.95674,393,0,0.1408,105,0,5.66667,,0,0,0,0,0,0,0,0,0,,404,421,,0,0,0,0
1613755065700,5,1010123456019,76,,1,2,5,1,2,,10.3018,222,0,0.153088,71,0,8,,0,0,0,0,0,0,0,0,0,,191,193,,0,0,0,0
1613755065950,5,1010123456019,76,,1,2,5,1,2,,9.87449,247,0,0.1344,67,0,7,,8,11,0,0.1,3,0,0,32.4865,31,,212,214,,0,0,0,1
1613755066200,5,1010123456019,76,,1,2,5,1,2,,9.06808,235,0,0.123808,69,0,6.5,,0,0,0,0,0,0,0,0,0,,202,203,,0,0,0,0
1613755066450,5,1010123456019,76,,1,2,5,1,2,,9.54762,252,0,0.129312,70,0,6.83333,,0,0,0,0,0,0,0,0,0,,217,218,,0,0,0,0
1613755066700,5,1010123456019,76,,1,2,5,1,2,,10.3947,228,113,0.139136,65,0,7,,0,0,0,0,0,0,0,0,0,,202,206,,0,0,0,0
1613755066950,5,1010123456019,76,,1,2,5,1,2,,8.85792,183,99,0.09776,56,0,6.83333,,13.5,8,0,0.1,2,0,0,27.5708,31,,163,165,,0,0,0,1
1613755067200,5,1010123456019,76,,1,2,5,1,2,,7.45936,283,0,0.117376,77,0,5.4,,0,0,0,0,0,0,0,0,0,,246,249,,0,0,0,0
1613755067450,5,1010123456019,76,,1,2,5,1,2,,11.1694,124,0,0.0888,40,0,8.16667,,0,0,0,0,0,0,0,0,0,,105,105,,0,0,0,0
1613755067700,5,1010123456019,76,,1,2,5,1,2,,9.63298,188,0,0.10208,54,0,7.28571,,0,0,0,0,0,0,0,0,0,,162,162,,0,0,0,0
1613755067950,5,1010123456019,76,,1,2,5,1,2,,9.1375,160,0,0.086144,48,0,5.83333,,15,16,0,0,4,100,0,0.775506,0,,145,146,,0,0,0,10
1613755068200,5,1010123456019,76,,1,2,5,1,2,,10.5217,253,13,0.15536,68,0,8.16667,,0,0,0,0,0,0,0,0,0,,223,228,,0,0,0,0
1613755068450,5,1010123456019,76,,1,2,5,1,2,,7.41063,207,405,0.09888,55,0,7,,0,0,0,0,0,0,0,0,0,,207,209,,0,0,0,0
1613755068700,5,1010123456019,76,,1,2,5,1,2,,10.0455,176,0,0.111616,58,0,7.71429,,0,0,0,0,0,0,0,0,0,,156,158,,0,0,0,0
1613755068950,5,1010123456019,76,,1,2,5,1,2,,11.6811,185,0,0.137184,51,0,8.33333,,0.1,18,0,0.1,5,20,0,12.0756,31,,166,170,,0,0,0,4.05556
1613755069200,5,1010123456019,76,,1,2,5,1,2,,9.53889,180,0,0.098208,54,0,6.5,,0,0,0,0,0,0,0,0,0,,153,153,,0,0,0,0
1613755069450,5,1010123456019,76,,1,2,5,1,2,,10.131,168,0,0.096576,46,0,8,,0,0,0,0,0,0,0,0,0,,149,151,,0,0,0,0
1613755069700,5,1010123456019,76,,1,2,5,1,2,,10.7862,145,0,0.090432,41,0,8.85714,,0,0,0,0,0,0,0,0,0,,123,123,,0,0,0,0
1613755069950,5,1010123456019,76,,1,2,5,1,2,,5.42122,311,0,0.11232,92,0,5.33333,,13.5,8,0,0.1,2,0,0,30.2245,31,,284,295,,0,0,0,1
1613755070200,5,1010123456019,76,,1,2,5,1,2,,9.24229,227,7,0.112288,61,0,7.5,,0,0,0,0,0,0,0,0,0,,196,197,,0,0,0,0
1613755070450,5,1010123456019,76,,1,2,5,1,2,,9.32016,253,0,0.137472,76,0,6.5,,0,0,0,0,0,0,0,0,0,,216,216,,0,0,0,0
1613755070700,5,1010123456019,76,,1,2,5,1,2,,10.6305,249,0,0.15504,72,0,7.71429,,0,0,0,0,0,0,0,0,0,,218,220,,0,0,0,0
1613755070950,5,1010123456019,76,,1,2,5,1,2,,9.54661,236,0,0.129312,68,0,7.66667,,15,16,0,0,4,100,0,1.01393,0,,213,217,,0,0,0,10
1613755071200,5,1010123456019,76,,1,2,5,1,2,,9.41014,217,0,0.12384,63,0,6.66667,,0,0,0,0,0,0,0,0,0,,193,196,,0,0,0,0
1613755071450,5,1010123456019,76,,1,2,5,1,2,,10.7438,242,0,0.149728,67,0,7.16667,,0,0,0,0,0,0,0,0,0,,205,206,,0,0,0,0
1613755071700,5,1010123456019,76,,1,2,5,1,2,,7.19305,259,0,0.115808,76,0,6.42857,,0,0,0,0,0,0,0,0,0,,226,227,,0,0,0,0
1613755071950,5,1010123456019,76,,1,2,5,1,2,,6.42187,320,0,0.125312,91,0,6.33333,,0.1,23,0,0.1,7,28.5714,0,6.65949,31,,298,312,,0,0,0,4.04348
1613755072200,5,1010123456019,76,,1,2,5,1,2,,11.7179,195,0,0.134752,56,0,8.5,,0,0,0,0,0,0,0,0,0,,165,165,,0,0,0,0
1613755072450,5,1010123456019,76,,1,2,5,1,2,,11.7215,158,0,0.109984,45,0,8,,0,0,0,0,0,0,0,0,0,,139,140,,0,0,0,0
1613755072700,5,1010123456019,76,,1,2,5,1,2,,7.46473,241,0,0.10048,67,0,6,,0,0,0,0,0,0,0,0,0,,208,209,,0,0,0,0
1613755072950,5,1010123456019,76,,1,2,5,1,2,,9.53631,179,0,0.102112,53,0,6.66667,,8.31818,22,0,0.1,7,57.1429,0,15.9941,31,,165,167,,0,0,0,5.5
1613755073200,5,1010123456019,76,,1,2,5,1,2,,5.40339,295,0,0.106368,87,0,5.83333,,0,0,0,0,0,0,0,0,0,,269,280,,0,0,0,0
1613755073450,5,1010123456019,76,,1,2,5,1,2,,9.42912,261,0,0.140256,72,0,7.4,,0,0,0,0,0,0,0,0,0,,227,229,,0,0,0,0
1613755073700,5,1010123456019,76,,1,2,5,1,2,,8.35829,187,229,0.084256,52,0,6.28571,,0,0,0,0,0,0,0,0,0,,164,166,,0,0,0,0
1613755073950,5,1010123456019,76,,1,2,5,1,2,,9.34135,208,158,0.114912,62,0,6.83333,,0.1,14,0,0,4,100,0,0.849609,0,,181,182,,0,0,0,10
1613755074200,5,1010123456019,76,,1,2,5,1,2,,7.41667,336,0,0.1672,96,0,7.16667,,4.44444,27,0,0.1,7,71.4286,0,8.42921,31,,308,322,,0,0,0,7.66667
1613755074450,5,1010123456019,76,,1,2,5,1,2,,5.18317,404,60,0.128672,111,0,5.66667,,3,24,0,0.1,6,66.6667,0,2.21806,0,,361,365,,0,0,0,7
1613755074700,5,1010123456019,76,,1,2,5,1,2,,9.56596,235,0,0.128576,74,0,6.71429,,0,0,0,0,0,0,0,0,0,,203,205,,0,0,0,0
1613755074950,5,1010123456019,76,,1,2,5,1,2,,5.75548,274,18,0.085344,75,0,6.33333,,13.5,24,0,0.1,7,28.5714,0,21.0608,31,,257,267,,0,0,0,4
1613755075200,5,1010123456019,76,,1,2,5,1,2,,9.85616,146,0,0.101664,46,0,7.33333,,0,0,0,0,0,0,0,0,0,,126,126,,0,0,0,0
1613755075450,5,1010123456019,76,,1,2,5,1,2,,13.2661,109,0,0.100224,32,0,9.66667,,0,0,0,0,0,0,0,0,0,,93,93,,0,0,0,0
1613755075700,5,1010123456019,76,,1,2,5,1,2,,10.284,169,0,0.091232,45,0,7.28571,,0,0,0,0,0,0,0,0,0,,144,144,,0,0,0,0
1613755075950,5,1010123456019,76,,1,2,5,1,2,,10.8994,159,0,0.111136,49,0,8,,7.25,36,0,0.1,11,81.8182,0,4.41826,31,,141,141,,0,0,0,8.33333
1613755076200,5,1010123456019,76,,1,2,5,1,2,,9.77366,243,0,0.13536,70,0,6.83333,,0,0,0,0,0,0,0,0,0,,210,213,,0,0,0,0
1613755076450,5,1010123456019,76,,1,2,5,1,2,,10.3814,118,270,0.067392,29,0,7.66667,,0,0,0,0,0,0,0,0,0,,108,110,,0,0,0,0
1613755076700,5,1010123456019,76,,1,2,5,1,2,,9.50769,260,0,0.137248,76,0,6.33333,,0,0,0,0,0,0,0,0,0,,223,224,,0,0,0,0
1613755076950,5,1010123456019,76,,1,2,5,1,2,,10.3992,253,158,0.158912,76,0,7,,0.1,11,0,0.1,4,0,0,8.00411,31,,227,232,,0,0,0,1.36364
1613755077200,5,1010123456019,76,,1,2,5,1,2,,6.80546,293,247,0.123936,76,0,7,,0,0,0,0,0,0,0,0,0,,259,269,,0,0,0,0
1613755077450,5,1010123456019,76,,1,2,5,1,2,,7.95496,222,0,0.108544,72,0,7.33333,,0,0,0,0,0,0,0,0,0,,210,212,,0,0,0,0
1613755077700,5,1010123456019,76,,1,2,5,1,2,,11.6259,147,0,0.106112,42,0,8.28571,,0,0,0,0,0,0,0,0,0,,129,132,,0,0,0,0
1613755077950,5,1010123456019,76,,1,2,5,1,2,,6.62449,245,30,0.114848,70,0,5.83333,,15.2195,82,0,0.212288,26,76.9231,0,7.11666,31,,276,280,,0,0,0,7.8374
1613755078200,5,1010123456019,76,,1,2,5,1,2,,10.2256,266,179,0.149952,75,0,7.16667,,0,0,0,0,0,0,0,0,0,,230,232,,0,0,0,0
1613755078450,5,1010123456019,76,,1,2,5,1,2,,9.43548,124,0,0.0752,39,0,7.5,,0,0,0,0,0,0,0,0,0,,108,108,,0,0,0,0
1613755078700,5,1010123456019,76,,1,2,5,1,2,,12.9624,133,0,0.105408,38,0,9.14286,,0,0,0,0,0,0,0,0,0,,114,114,,0,0,0,0
1613755078950,5,1010123456019,76,,1,2,5,1,2,,10.6718,195,0,0.112544,52,0,8.33333,,7.90909,11,0,0.1,3,0,0,32.1397,31,,172,174,,0,0,0,1
1613755079200,5,1010123456019,76,,1,2,5,1,2,,9.82051,156,0,0.097216,49,0,7,,0,0,0,0,0,0,0,0,0,,135,135,,0,0,0,0
1613755079450,5,1010123456019,76,,1,2,5,1,2,,8.8674,181,0,0.086656,49,0,6.5,,0,0,0,0,0,0,0,0,0,,158,160,,0,0,0,0
1613755079700,5,1010123456019,76,,1,2,5,1,2,,9.81457,302,0,0.172032,88,0,6.85714,,0,0,0,0,0,0,0,0,0,,266,268,,0,0,0,0
1613755079950,5,1010123456019,76,,1,2,5,1,2,,8.13364,217,0,0.090496,59,0,6.33333,,0,12,0,0,4,100,0,0,0,,188,190,,0,0,0,0
1613755080200,5,1010123456019,76,,1,2,5,1,2,,11.7602,171,30,0.130368,52,0,8,,0,0,0,0,0,0,0,0,0,,151,152,,0,0,0,0
1613755080450,5,1010123456019,76,,1,2,5,1,2,,3.70707,396,0,0.126368,115,0,6.66667,,0,0,0,0,0,0,0,0,0,,395,423,,0,0,0,0
1613755080700,5,1010123456019,76,,1,2,5,1,2,,8.732,250,30,0.122528,69,0,7,,0,0,0,0,0,0,0,0,0,,216,216,,0,0,0,0
1613755080950,5,1010123456019,76,,1,2,5,1,2,,8.37594,133,0,0.067008,39,0,6.5,,15.4286,77,0,0.1,24,79.1667,0,6.24662,31,,119,121,,0,0,0,8.28571
1613755081200,5,1010123456019,76,,1,2,5,1,2,,9.64388,278,164,0.145792,79,0,6.5,,0,0,0,0,0,0,0,0,0,,237,237,,0,0,0,0
1613755081450,5,1010123456019,76,,1,2,5,1,2,,9.55967,243,30,0.124256,68,0,6.83333,,0,0,0,0,0,0,0,0,0,,210,210,,0,0,0,0
1613755081700,5,1010123456019,76,,1,2,5,1,2,,9.55085,236,0,0.130336,68,0,6.57143,,0,0,0,0,0,0,0,0,0,,209,214,,0,0,0,0
1613755081950,5,1010123456019,76,,1,2,5,1,2,,9.40476,252,0,0.14,77,0,6.5,,0.1,15,0,0.1,4,25,0,6.42756,31,,216,216,,0,0,0,3.66667
1613755082200,5,1010123456019,76,,1,2,5,1,2,,9.32143,252,30,0.124768,70,0,6.66667,,0,0,0,0,0,0,0,0,0,,216,216,,0,0,0,0
1613755082450,5,1010123456019,76,,1,2,5,1,2,,8.36634,202,0,0.096032,60,0,6.33333,,0,0,0,0,0,0,0,0,0,,177,177,,0,0,0,0
1613755082700,5,1010123456019,76,,1,2,5,1,2,,12.8649,148,0,0.123712,43,0,10.1429,,0,0,0,0,0,0,0,0,0,,127,128,,0,0,0,0
1613755082950,5,1010123456019,76,,1,2,5,1,2,,7.22376,362,0,0.174368,105,0,7,,13.5,8,0,0.1,2,0,0,31.0077,31,,363,371,,0,0,0,1
1613755083200,5,1010123456019,76,,1,2,5,1,2,,11.4307,137,0,0.0904,38,0,8.66667,,0,0,0,0,0,0,0,0,0,,121,122,,0,0,0,0
1613755083450,5,1010123456019,76,,1,2,5,1,2,,5.86495,311,368,0.118432,83,0,6,,0,0,0,0,0,0,0,0,0,,293,307,,0,0,0,0
1613755083700,5,1010123456019,76,,1,2,5,1,2,,11.5869,213,0,0.163232,69,0,8.42857,,0,0,0,0,0,0,0,0,0,,190,197,,0,0,0,0
1613755083950,5,1010123456019,76,,1,2,5,1,2,,8.74227,97,0,0.043296,25,0,7,,13.5,8,0,0.1,2,0,0,31.3657,31,,84,84,,0,0,0,1
1613755084200,5,1010123456019,76,,1,2,5,1,2,,10.2928,181,0,0.112128,54,0,8.5,,0,0,0,0,0,0,0,0,0,,155,157,,0,0,0,0
1613755084450,5,1010123456019,76,,1,2,5,1,2,,9.24537,216,0,0.113472,62,0,6.66667,,0,0,0,0,0,0,0,0,0,,188,190,,0,0,0,0
1613755084700,5,1010123456019,76,,1,2,5,1,2,,10.176,233,0,0.134016,67,0,6.57143,,0,0,0,0,0,0,0,0,0,,202,203,,0,0,0,0
1613755084950,5,1010123456019,76,,1,2,5,1,2,,7.10511,352,99,0.163776,101,0,7.66667,,13.9091,11,0,0.1,3,33.3333,0,22.0053,31,,374,380,,0,0,0,4.54545
1613755085200,5,1010123456019,76,,1,2,5,1,2,,6.12209,344,99,0.127936,99,0,6,,0,0,0,0,0,0,0,0,0,,319,325,,0,0,0,0
1613755085450,5,1010123456019,76,,1,2,5,1,2,,10.3333,222,0,0.128512,62,0,7,,0,0,0,0,0,0,0,0,0,,194,196,,0,0,0,0
1613755085700,5,1010123456019,76,,1,2,5,1,2,,10.5862,232,158,0.1392,66,0,7,,0,0,0,0,0,0,0,0,0,,199,200,,0,0,0,0
1613755085950,5,1010123456019,76,,1,2,5,1,2,,9.66288,264,0,0.14544,74,0,7.5,,9.9,30,0,0.1,8,62.5,0,6.52363,31,,238,242,,0,0,0,7.23333
1613755086200,5,1010123456019,76,,1,2,5,1,2,,10.8077,156,0,0.096384,48,0,7.83333,,0,0,0,0,0,0,0,0,0,,136,137,,0,0,0,0
1613755086450,5,1010123456019,76,,1,2,5,1,2,,5.40909,308,0,0.121216,85,0,5.83333,,0,0,0,0,0,0,0,0,0,,331,338,,0,0,0,0
1613755086700,5,1010123456019,76,,1,2,5,1,2,,10.6129,186,0,0.119232,57,0,8.57143,,0,0,0,0,0,0,0,0,0,,157,158,,0,0,0,0
1613755086950,5,1010123456019,76,,1,2,5,1,2,,10.3615,213,0,0.132096,62,0,7.2,,0.1,19,0,0.1,5,20,0,8.00629,31,,184,185,,0,0,0,3.31579
1613755087200,5,1010123456019,76,,1,2,5,1,2,,4.6299,408,0,0.1352,114,0,5.4,,0,0,0,0,0,0,0,0,0,,438,463,,0,0,0,0
1613755087450,5,1010123456019,76,,1,2,5,1,2,,10.025,200,7,0.118016,57,0,7.5,,0,0,0,0,0,0,0,0,0,,173,175,,0,0,0,0
1613755087700,5,1010123456019,76,,1,2,5,1,2,,10.506,166,0,0.09664,48,0,7.85714,,0,0,0,0,0,0,0,0,0,,141,141,,0,0,0,0
1613755087950,5,1010123456019,76,,1,2,5,1,2,,9.83684,190,0,0.117824,57,0,6.66667,,0,12,0,0,4,100,0,0,0,,165,165,,0,0,0,0
1613755088200,5,1010123456019,76,,1,2,5,1,2,,8.90476,231,0,0.110528,64,0,6.33333,,0,0,0,0,0,0,0,0,0,,199,200,,0,0,0,0
1613755088450,5,1010123456019,76,,1,2,5,1,2,,9.58602,186,0,0.106272,55,0,7,,0,0,0,0,0,0,0,0,0,,162,165,,0,0,0,0
1613755088700,5,1010123456019,76,,1,2,5,1,2,,10.6329,237,0,0.149152,68,0,8.42857,,0,0,0,0,0,0,0,0,0,,207,208,,0,0,0,0
1613755088950,5,1010123456019,76,,1,2,5,1,2,,5.61585,328,0,0.112128,94,0,5.16667,,0,6,0,0.1,2,0,0,0,31,,316,330,,0,0,0,0
1613755089200,5,1010123456019,76,,1,2,5,1,2,,10.2021,188,0,0.118784,58,0,9.16667,,0,0,0,0,0,0,0,0,0,,163,164,,0,0,0,0
1613755089450,5,1010123456019,76,,1,2,5,1,2,,9.20385,260,0,0.128096,71,0,6.33333,,0,0,0,0,0,0,0,0,0,,231,235,,0,0,0,0
1613755089700,5,1010123456019,76,,1,2,5,1,2,,6.21493,335,0,0.134688,97,0,6.14286,,0,0,0,0,0,0,0,0,0,,328,342,,0,0,0,0
1613755089950,5,1010123456019,76,,1,2,5,1,2,,9.79592,147,0,0.090976,47,0,7.83333,,12.5294,17,0,0.1,5,60,0,11.5091,31,,132,132,,0,0,0,6.82353
1613755090200,5,1010123456019,76,,1,2,5,1,2,,6.03784,185,0,0.061472,50,0,8.16667,,0,0,0,0,0,0,0,0,0,,159,159,,0,0,0,0
1613755090450,5,1010123456019,76,,1,2,5,1,2,,10.517,147,0,0.09504,43,0,8.5,,0,0,0,0,0,0,0,0,0,,123,123,,0,0,0,0
1613755090700,5,1010123456019,76,,1,2,5,1,2,,12.1895,153,0,0.113408,45,0,8,,0,0,0,0,0,0,0,0,0,,133,134,,0,0,0,0
1613755090950,5,1010123456019,76,,1,2,5,1,2,,8,273,0,0.135744,79,0,6,,6.16216,37,0,0.1,10,80,0,4.38023,31,,246,253,,0,0,0,8.2973
1613755091200,5,1010123456019,76,,1,2,5,1,2,,9.67016,191,0,0.107168,55,0,6.83333,,0,0,0,0,0,0,0,0,0,,168,171,,0,0,0,0
1613755091450,5,1010123456019,76,,1,2,5,1,2,,10.2261,115,0,0.06944,33,0,7.5,,0,0,0,0,0,0,0,0,0,,100,101,,0,0,0,0
1613755091700,5,1010123456019,76,,1,2,5,1,2,,10.1739,230,0,0.123104,62,0,7.71429,,0,0,0,0,0,0,0,0,0,,199,200,,0,0,0,0
1613755091950,5,1010123456019,76,,1,2,5,1,2,,12.5081,124,0,0.11104,40,0,8.16667,,0.1,26,0,0.1,8,25,0,4.60926,31,,108,108,,0,0,0,4.73077
1613755092200,5,1010123456019,76,,1,2,5,1,2,,10.0719,153,0,0.08656,44,0,6.83333,,0,0,0,0,0,0,0,0,0,,133,134,,0,0,0,0
1613755092450,5,1010123456019,76,,1,2,5,1,2,,16.6535,101,0,0.120288,29,0,11.3333,,0,0,0,0,0,0,0,0,0,,89,91,,0,0,0,0
1613755092700,5,1010123456019,76,,1,2,5,1,2,,6.52787,305,0,0.116224,84,0,6.14286,,0,0,0,0,0,0,0,0,0,,268,275,,0,0,0,0
1613755092950,5,1010123456019,76,,1,2,5,1,2,,10.7722,158,0,0.107488,48,0,8.16667,,13.7143,7,0,0.1,2,0,0,29.6012,31,,143,145,,0,0,0,1
1613755093200,5,1010123456019,76,,1,2,5,1,2,,6.32553,427,0,0.176704,124,0,5.66667,,0,0,0,0,0,0,0,0,0,,447,454,,0,0,0,0
1613755093450,5,1010123456019,76,,1,2,5,1,2,,7.71117,367,0,0.17424,105,0,7.5,,0,0,0,0,0,0,0,0,0,,345,359,,0,0,0,0
1613755093700,5,1010123456019,76,,1,2,5,1,2,,11.0745,188,0,0.127328,52,0,8.28571,,0,0,0,0,0,0,0,0,0,,171,175,,0,0,0,0
1613755093950,5,1010123456019,76,,1,2,5,1,2,,9.5531,226,0,0.129472,69,0,6.66667,,15,11,0,0,4,100,0,1.20039,0,,202,204,,0,0,0,10
1613755094200,5,1010123456019,76,,1,2,5,1,2,,8.34112,214,0,0.098304,61,0,6.33333,,0,0,0,0,0,0,0,0,0,,183,183,,0,0,0,0
1613755094450,5,1010123456019,76,,1,2,5,1,2,,5.52903,310,394,0.110176,81,0,6,,0,0,0,0,0,0,0,0,0,,333,337,,0,0,0,0
1613755094700,5,1010123456019,76,,1,2,5,1,2,,9.42523,214,0,0.119616,71,0,6.85714,,0,0,0,0,0,0,0,0,0,,194,195,,0,0,0,0
1613755094950,5,1010123456019,76,,1,2,5,1,2,,10.75,244,0,0.15552,71,0,8.5,,15.1398,93,0,0.17264,29,82.7586,0,5.89904,31,,217,221,,0,0,0,8.06452
1613755095200,5,1010123456019,76,,1,2,5,1,2,,7.9759,249,0,0.1144,68,0,6.5,,0,0,0,0,0,0,0,0,0,,231,237,,0,0,0,0
1613755095450,5,1010123456019,76,,1,2,5,1,2,,4.11268,426,335,0.114048,117,0,5.33333,,0,0,0,0,0,0,0,0,0,,400,404,,0,0,0,0
1613755095700,5,1010123456019,76,,1,2,5,1,2,,9.95633,229,0,0.148224,72,0,7,,0,0,0,0,0,0,0,0,0,,210,218,,0,0,0,0
1613755095950,5,1010123456019,76,,1,2,5,1,2,,9.84956,113,0,0.063168,34,0,7.83333,,12.6667,18,0,0.1,6,66.6667,0,11.112,31,,99,99,,0,0,0,7
1613755096200,5,1010123456019,76,,1,2,5,1,2,,3.78,400,0,0.100064,112,0,5.5,,0,0,0,0,0,0,0,0,0,,346,350,,0,0,0,0
1613755096450,5,1010123456019,76,,1,2,5,1,2,,9.50667,225,7,0.118848,65,0,6.5,,0,0,0,0,0,0,0,0,0,,195,195,,0,0,0,0
1613755096700,5,1010123456019,76,,1,2,5,1,2,,9.76087,138,0,0.080768,42,0,7,,0,0,0,0,0,0,0,0,0,,118,119,,0,0,0,0
1613755096950,5,1010123456019,76,,1,2,5,1,2,,9.35759,316,18,0.162944,90,0,7,,13.8286,35,0,0.1,10,60,0,14.8135,31,,282,285,,0,0,0,6.91429
1613755097200,5,1010123456019,76,,1,2,5,1,2,,4.83607,305,0,0.112384,90,0,6.33333,,0,0,0,0,0,0,0,0,0,,272,281,,0,0,0,0
1613755097450,5,1010123456019,76,,1,2,5,1,2,,9.99138,232,0,0.128672,65,0,6.5,,0,0,0,0,0,0,0,0,0,,201,204,,0,0,0,0
1613755097700,5,1010123456019,76,,1,2,5,1,2,,10.9057,212,229,0.12496,56,0,8.71429,,0,0,0,0,0,0,0,0,0,,182,184,,0,0,0,0
1613755097950,5,1010123456019,76,,1,2,5,1,2,,6.70844,391,60,0.16592,116,0,5.4,,7.11111,27,0,0.1,9,44.4444,0,7.55304,31,,350,352,,0,0,0,4.33333
1613755098200,5,1010123456019,76,,1,2,5,1,2,,8.51572,159,254,0.076352,43,0,6.83333,,0,0,0,0,0,0,0,0,0,,136,137,,0,0,0,0
1613755098450,5,1010123456019,76,,1,2,5,1,2,,9.14035,171,0,0.090112,52,0,8.33333,,0,0,0,0,0,0,0,0,0,,147,147,,0,0,0,0
1613755098700,5,1010123456019,76,,1,2,5,1,2,,6.09868,304,0,0.131936,88,0,7.71429,,0,0,0,0,0,0,0,0,0,,304,316,,0,0,0,0
1613755098950,5,1010123456019,76,,1,2,5,1,2,,5.01075,279,0,0.095872,84,0,7,,8.57143,7,0,0.1,2,0,0,28.8073,31,,243,243,,0,0,0,1
1613755099200,5,1010123456019,76,,1,2,5,1,2,,10.6423,137,189,0.069472,33,0,8.33333,,0,0,0,0,0,0,0,0,0,,118,119,,0,0,0,0
1613755099450,5,1010123456019,76,,1,2,5,1,2,,3.61696,342,0,0.10384,105,0,6,,0,0,0,0,0,0,0,0,0,,332,353,,0,0,0,0
1613755099700,5,1010123456019,76,,1,2,5,1,2,,9.3278,241,0,0.124512,69,0,7.57143,,0,0,0,0,0,0,0,0,0,,208,209,,0,0,0,0
1613755099950,5,1010123456019,76,,1,2,5,1,2,,9.96708,243,0,0.145408,72,0,6.5,,13.2857,7,0,0.1,2,0,0,32.6135,31,,219,222,,0,0,0,1
1613755100200,5,1010123456019,76,,1,2,5,1,2,,10.5439,171,0,0.107328,49,0,8.16667,,0,0,0,0,0,0,0,0,0,,147,147,,0,0,0,0
1613755100450,5,1010123456019,76,,1,2,5,1,2,,9.98964,193,0,0.107424,51,0,7.16667,,0,0,0,0,0,0,0,0,0,,165,168,,0,0,0,0
1613755100700,5,1010123456019,76,,1,2,5,1,2,,10.994,166,0,0.112512,51,0,7.28571,,0,0,0,0,0,0,0,0,0,,146,148,,0,0,0,0
1613755100950,5,1010123456019,76,,1,2,5,1,2,,10.8493,146,0,0.09568,43,0,7.83333,,9.12,25,0,0.1,7,57.1429,0,9.49593,31,,129,129,,0,0,0,6.2
1613755101200,5,1010123456019,76,,1,2,5,1,2,,9.34562,217,7,0.105824,58,0,7.83333,,0,0,0,0,0,0,0,0,0,,186,186,,0,0,0,0
1613755101450,5,1010123456019,76,,1,2,5,1,2,,7.35099,302,0,0.149536,91,0,7.16667,,0,0,0,0,0,0,0,0,0,,284,287,,0,0,0,0
1613755101700,5,1010123456019,76,,1,2,5,1,2,,10.1378,196,7,0.11312,54,0,7.57143,,0,0,0,0,0,0,0,0,0,,174,177,,0,0,0,0
1613755101950,5,1010123456019,76,,1,2,5,1,2,,9.33117,154,0,0.084512,47,0,6.83333,,8.8,10,0,0.1,3,0,0,33.1395,31,,135,135,,0,0,0,1
1613755102200,5,1010123456019,76,,1,2,5,1,2,,10.4361,227,0,0.141728,67,0,7.5,,0,0,0,0,0,0,0,0,0,,200,202,,0,0,0,0
1613755102450,5,1010123456019,76,,1,2,5,1,2,,10.2057,175,99,0.101408,49,0,8.66667,,0,0,0,0,0,0,0,0,0,,150,150,,0,0,0,0
1613755102700,5,1010123456019,76,,1,2,5,1,2,,10.6509,232,60,0.134048,62,0,7.14286,,0,0,0,0,0,0,0,0,0,,198,198,,0,0,0,0
1613755102950,5,1010123456019,76,,1,2,5,1,2,,4.66085,401,0,0.13184,122,0,5.16667,,14.5,10,0,0.1,3,0,0,32.7957,31,,374,387,,0,0,0,1
1613755103200,5,1010123456019,76,,1,2,5,1,2,,10.5622,201,0,0.128608,56,0,8.16667,,0,0,0,0,0,0,0,0,0,,172,173,,0,0,0,0
1613755103450,5,1010123456019,76,,1,2,5,1,2,,10.9636,247,0,0.165728,66,0,9,,0,0,0,0,0,0,0,0,0,,221,227,,0,0,0,0
1613755103700,5,1010123456019,76,,1,2,5,1,2,,8.14035,285,0,0.156704,85,0,7.57143,,0,0,0,0,0,0,0,0,0,,271,282,,0,0,0,0
1613755103950,5,1010123456019,76,,1,2,5,1,2,,9.67249,229,0,0.129024,68,0,7.83333,,13.7143,7,0,0.1,2,0,0,27.2063,31,,195,195,,0,0,0,1
1613755104200,5,1010123456019,76,,1,2,5,1,2,,9.89091,220,0,0.123488,61,0,6.33333,,0,0,0,0,0,0,0,0,0,,198,200,,0,0,0,0
1613755104450,5,1010123456019,76,,1,2,5,1,2,,10.0496,141,0,0.085632,41,0,7.66667,,0,0,0,0,0,0,0,0,0,,126,129,,0,0,0,0
1613755104700,5,1010123456019,76,,1,2,5,1,2,,9.11345,238,158,0.115488,65,0,6.42857,,0,0,0,0,0,0,0,0,0,,205,206,,0,0,0,0
1613755104950,5,1010123456019,76,,1,2,5,1,2,,6.97612,335,49,0.14176,99,0,6.33333,,13.5,8,0,0.1,2,0,0,30.6024,31,,297,301,,0,0,0,1
1613755105200,5,1010123456019,76,,1,2,5,1,2,,10.983,176,0,0.128,55,0,8.33333,,0,0,0,0,0,0,0,0,0,,156,159,,0,0,0,0
1613755105450,5,1010123456019,76,,1,2,5,1,2,,6.62126,301,204,0.127264,77,0,7.83333,,0,0,0,0,0,0,0,0,0,,278,293,,0,0,0,0
1613755105700,5,1010123456019,76,,1,2,5,1,2,,7.0059,339,0,0.152608,105,0,7,,0,0,0,0,0,0,0,0,0,,337,349,,0,0,0,0
1613755105950,5,1010123456019,76,,1,2,5,1,2,,11.7113,142,0,0.09584,39,0,9,,8.73913,23,0,0.1,7,57.1429,0,4.31325,31,,124,125,,0,0,0,6.26087
1613755106200,5,1010123456019,76,,1,2,5,1,2,,9.8,230,0,0.124128,63,0,6.83333,,0,0,0,0,0,0,0,0,0,,199,200,,0,0,0,0
1613755106450,5,1010123456019,76,,1,2,5,1,2,,9.53986,276,0,0.15584,81,0,6.8,,0,0,0,0,0,0,0,0,0,,241,245,,0,0,0,0
1613755106700,5,1010123456019,76,,1,2,5,1,2,,5.85223,291,0,0.130048,86,0,6.57143,,0,0,0,0,0,0,0,0,0,,310,328,,0,0,0,0
1613755106950,5,1010123456019,76,,1,2,5,1,2,,7.79578,284,158,0.148448,83,0,7.83333,,0.1,22,0,0.1,6,66.6667,0,5.13971,31,,277,280,,0,0,0,7.31818
1613755107200,5,1010123456019,76,,1,2,5,1,2,,9.80252,238,0,0.130368,66,0,6.16667,,0,0,0,0,0,0,0,0,0,,208,210,,0,0,0,0
1613755107450,5,1010123456019,76,,1,2,5,1,2,,11.954,174,0,0.12608,51,0,9,,0,0,0,0,0,0,0,0,0,,150,150,,0,0,0,0
1613755107700,5,1010123456019,76,,1,2,5,1,2,,3.73374,492,134,0.128064,135,0,4.57143,,0,0,0,0,0,0,0,0,0,,471,488,,0,0,0,0
1613755107950,5,1010123456019,76,,1,2,5,1,2,,4.60507,276,0,0.107008,85,0,7.16667,,9.51351,37,0,0.1,11,45.4545,0,14.3462,31,,314,321,,0,0,0,5.13514
1613755108200,5,1010123456019,76,,1,2,5,1,2,,10.0407,221,30,0.133696,65,0,7,,0,0,0,0,0,0,0,0,0,,198,202,,0,0,0,0
1613755108450,5,1010123456019,76,,1,2,5,1,2,,9.76077,209,0,0.123392,62,0,7.83333,,0,0,0,0,0,0,0,0,0,,185,188,,0,0,0,0
1613755108700,5,1010123456019,76,,1,2,5,1,2,,8.97551,245,0,0.124992,71,0,6.42857,,0,0,0,0,0,0,0,0,0,,216,219,,0,0,0,0
1613755108950,5,1010123456019,76,,1,2,5,1,2,,10.2182,220,0,0.123456,64,0,8,,8.8,10,0,0.1,3,0,0,32.052,31,,195,195,,0,0,0,1
1613755109200,5,1010123456019,76,,1,2,5,1,2,,9.55365,233,158,0.127392,62,0,6.66667,,0,0,0,0,0,0,0,0,0,,207,211,,0,0,0,0
1613755109450,5,1010123456019,76,,1,2,5,1,2,,10.1347,193,0,0.120384,60,0,7.16667,,0,0,0,0,0,0,0,0,0,,169,170,,0,0,0,0
1613755109700,5,1010123456019,76,,1,2,5,1,2,,6.36059,269,0,0.110848,78,0,8.14286,,0,0,0,0,0,0,0,0,0,,256,261,,0,0,0,0
1613755109950,5,1010123456019,76,,1,2,5,1,2,,2.44125,417,0,0.090848,121,0,6.6,,13.7143,7,0,0.1,2,0,0,32.6759,31,,378,392,,0,0,0,1
1613755110200,5,1010123456019,76,,1,2,5,1,2,,11.8871,248,0,0.174848,68,0,8.5,,0,0,0,0,0,0,0,0,0,,214,215,,0,0,0,0
1613755110450,5,1010123456019,76,,1,2,5,1,2,,5.91111,315,0,0.127904,93,0,6.16667,,0,0,0,0,0,0,0,0,0,,302,318,,0,0,0,0
1613755110700,5,1010123456019,76,,1,2,5,1,2,,11.2281,114,99,0.07312,31,0,7.71429,,0,0,0,0,0,0,0,0,0,,99,99,,0,0,0,0
1613755110950,5,1010123456019,76,,1,2,5,1,2,,10.0671,149,60,0.091968,41,0,7.5,,6.85714,35,0,0.1,10,80,0,6.24971,31,,136,138,,0,0,0,8.54286
1613755111200,5,1010123456019,76,,1,2,5,1,2,,9.66829,205,0,0.1128,58,0,7,,0,0,0,0,0,0,0,0,0,,178,182,,0,0,0,0
1613755111450,5,1010123456019,76,,1,2,5,1,2,,5.23077,247,0,0.090272,73,0,6.16667,,0,0,0,0,0,0,0,0,0,,213,213,,0,0,0,0
1613755111700,5,1010123456019,76,,1,2,5,1,2,,5.72487,189,0,0.073056,57,0,6,,0,0,0,0,0,0,0,0,0,,163,164,,0,0,0,0
1613755111950,5,1010123456019,76,,1,2,5,1,2,,11.7,160,0,0.12032,46,0,7.6,,0,9,0,0.1,3,33.3333,0,0,31,,148,151,,0,0,0,0
1613755112200,5,1010123456019,76,,1,2,5,1,2,,10.5697,244,0,0.139616,64,0,7.5,,0,0,0,0,0,0,0,0,0,,213,216,,0,0,0,0
1613755112450,5,1010123456019,76,,1,2,5,1,2,,10.1556,180,30,0.124,58,0,7.83333,,0,0,0,0,0,0,0,0,0,,164,167,,0,0,0,0
1613755112700,5,1010123456019,76,,1,2,5,1,2,,9.29851,201,0,0.107168,58,0,7.33333,,0,0,0,0,0,0,0,0,0,,171,171,,0,0,0,0
1613755112950,5,1010123456019,76,,1,2,5,1,2,,10.9677,186,0,0.128256,54,0,8.33333,,6.75,32,0,0.1,10,80,0,4.69881,31,,172,175,,0,0,0,8.3125
1613755113200,5,1010123456019,76,,1,2,5,1,2,,9.8,125,0,0.075488,38,0,7,,0,0,0,0,0,0,0,0,0,,109,110,,0,0,0,0
1613755113450,5,1010123456019,76,,1,2,5,1,2,,11.0324,185,0,0.125088,52,0,8,,0,0,0,0,0,0,0,0,0,,163,167,,0,0,0,0
1613755113700,5,1010123456019,76,,1,2,5,1,2,,9.39918,243,0,0.120928,66,0,7.14286,,0,0,0,0,0,0,0,0,0,,210,210,,0,0,0,0
1613755113950,5,1010123456019,76,,1,2,5,1,2,,9.95851,241,0,0.156224,76,0,7.5,,7.36842,19,0,0.1,6,16.6667,0,19.9359,31,,216,219,,0,0,0,2.89474
1613755114200,5,1010123456019,76,,1,2,5,1,2,,6.99392,329,0,0.147712,92,0,7.33333,,0,0,0,0,0,0,0,0,0,,357,364,,0,0,0,0
1613755114450,5,1010123456019,76,,1,2,5,1,2,,6.85115,262,0,0.116,77,0,5.66667,,0,0,0,0,0,0,0,0,0,,227,229,,0,0,0,0
1613755114700,5,1010123456019,76,,1,2,5,1,2,,8.95954,173,0,0.086336,49,0,6.71429,,0,0,0,0,0,0,0,0,0,,150,150,,0,0,0,0
1613755114950,5,1010123456019,76,,1,2,5,1,2,,7.56186,194,253,0.080672,49,0,5.83333,,8.86957,23,0,0.1,7,57.1429,0,10.4259,31,,180,188,,0,0,0,5.82609
1613755115200,5,1010123456019,76,,1,2,5,1,2,,5.92744,317,92,0.132256,92,0,5.83333,,0,0,0,0,0,0,0,0,0,,315,324,,0,0,0,0
1613755115450,5,1010123456019,76,,1,2,5,1,2,,4.85758,323,0,0.111744,101,0,6.16667,,0,0,0,0,0,0,0,0,0,,283,285,,0,0,0,0
1613755115700,5,1010123456019,76,,1,2,5,1,2,,9.89302,215,0,0.124064,55,0,7.66667,,0,0,0,0,0,0,0,0,0,,187,188,,0,0,0,0
1613755115950,5,1010123456019,76,,1,2,5,1,2,,8.76755,228,0,0.112064,68,0,7.83333,,12.6087,23,0,0.1,7,57.1429,0,14.3789,31,,199,200,,0,0,0,6.08696
1613755116200,5,1010123456019,76,,1,2,5,1,2,,11.5658,152,0,0.125504,49,0,9.16667,,0,0,0,0,0,0,0,0,0,,140,145,,0,0,0,0
1613755116450,5,1010123456019,76,,1,2,5,1,2,,12.9492,118,0,0.09504,32,0,9.5,,0,0,0,0,0,0,0,0,0,,100,101,,0,0,0,0
1613755116700,5,1010123456019,76,,1,2,5,1,2,,9.71818,220,158,0.11824,59,0,6.71429,,0,0,0,0,0,0,0,0,0,,189,189,,0,0,0,0
1613755116950,5,1010123456019,76,,1,2,5,1,2,,10.7333,135,0,0.096192,45,0,7.83333,,3.9434,53,0,0.1,16,43.75,0,8.95276,31,,117,117,,0,0,0,5.56604
1613755117200,5,1010123456019,76,,1,2,5,1,2,,6.29355,310,77,0.12208,84,0,6.66667,,0,0,0,0,0,0,0,0,0,,297,303,,0,0,0,0
1613755117450,5,1010123456019,76,,1,2,5,1,2,,6.34663,326,0,0.159264,95,0,8,,0,0,0,0,0,0,0,0,0,,345,361,,0,0,0,0
1613755117700,5,1010123456019,76,,1,2,5,1,2,,5.21533,274,518,0.106496,73,0,6.14286,,0,0,0,0,0,0,0,0,0,,288,308,,0,0,0,0
1613755117950,5,1010123456019,76,,1,2,5,1,2,,5.32,250,0,0.099456,79,0,7.16667,,14.8571,56,0,0.26512,19,63.1579,0,11.5052,31,,287,288,,0,0,0,6.30357
1613755118200,5,1010123456019,76,,1,2,5,1,2,,11.4925,201,0,0.134016,58,0,10,,0,0,0,0,0,0,0,0,0,,174,174,,0,0,0,0
1613755118450,5,1010123456019,76,,1,2,5,1,2,,10.7318,179,0,0.127552,53,0,7.83333,,0,0,0,0,0,0,0,0,0,,157,158,,0,0,0,0
1613755118700,5,1010123456019,76,,1,2,5,1,2,,9.97403,154,0,0.07536,41,0,7.57143,,0,0,0,0,0,0,0,0,0,,129,129,,0,0,0,0
1613755118950,5,1010123456019,76,,1,2,5,1,2,,10.8012,161,99,0.111136,47,0,8.5,,0.1,16,0,0.1,5,20,0,8.1308,31,,138,138,,0,0,0,3.9375
1613755119200,5,1010123456019,76,,1,2,5,1,2,,10.4444,171,0,0.107392,50,0,8,,0,0,0,0,0,0,0,0,0,,148,149,,0,0,0,0
1613755119450,5,1010123456019,76,,1,2,5,1,2,,6.10833,240,0,0.09424,68,0,6,,0,0,0,0,0,0,0,0,0,,229,238,,0,0,0,0
1613755119700,5,1010123456019,76,,1,2,5,1,2,,9.95816,239,0,0.134592,68,0,7.28571,,0,0,0,0,0,0,0,0,0,,204,204,,0,0,0,0
1613755119950,5,1010123456019,76,,1,2,5,1,2,,8.4292,226,0,0.098496,62,0,6.33333,,14.1212,66,0,0.1,21,76.1905,0,8.73234,31,,195,195,,0,0,0,7.54545
1613755120200,5,1010123456019,76,,1,2,5,1,2,,5.31761,318,99,0.117248,92,0,5.5,,0,0,0,0,0,0,0,0,0,,295,302,,0,0,0,0
1613755120450,5,1010123456019,76,,1,2,5,1,2,,10.2381,231,0,0.13376,64,0,7.83333,,0,0,0,0,0,0,0,0,0,,205,206,,0,0,0,0
1613755120700,5,1010123456019,76,,1,2,5,1,2,,9.07658,222,330,0.122176,59,0,6,,0,0,0,0,0,0,0,0,0,,195,198,,0,0,0,0
1613755120950,5,1010123456019,76,,1,2,5,1,2,,4.93548,186,0,0.084896,61,0,8.66667,,14.6383,47,0,0.213632,14,57.1429,0,11.8281,31,,225,227,,0,0,0,5.97872
1613755121200,5,1010123456019,76,,1,2,5,1,2,,11.0104,192,0,0.122944,55,0,7.33333,,0,0,0,0,0,0,0,0,0,,165,165,,0,0,0,0
1613755121450,5,1010123456019,76,,1,2,5,1,2,,7.3175,400,0,0.166816,107,0,5.8,,0,0,0,0,0,0,0,0,0,,375,378,,0,0,0,0
1613755121700,5,1010123456019,76,,1,2,5,1,2,,5.125,368,99,0.163616,111,0,6.57143,,0,0,0,0,0,0,0,0,0,,410,425,,0,0,0,0
1613755121950,5,1010123456019,76,,1,2,5,1,2,,10.0505,218,0,0.118976,61,0,6.83333,,6.28571,21,0,0.1,7,57.1429,0,10.1014,31,,189,189,,0,0,0,5.71429
1613755122200,5,1010123456019,76,,1,2,5,1,2,,10.126,238,0,0.140256,69,0,7,,0,0,0,0,0,0,0,0,0,,207,210,,0,0,0,0
1613755122450,5,1010123456019,76,,1,2,5,1,2,,4.8311,373,0,0.137664,107,0,5,,0,0,0,0,0,0,0,0,0,,439,441,,0,0,0,0
1613755122700,5,1010123456019,76,,1,2,5,1,2,,10.1075,214,0,0.120288,60,0,7.28571,,0,0,0,0,0,0,0,0,0,,185,187,,0,0,0,0
1613755122950,5,1010123456019,76,,1,2,5,1,2,,10.5511,225,0,0.144224,66,0,7.16667,,0.1,18,0,0.1,5,40,0,1.36037,31,,195,198,,0,0,0,6.72222
1613755123200,5,1010123456019,76,,1,2,5,1,2,,8.95238,231,0,0.109536,63,0,6.5,,0,0,0,0,0,0,0,0,0,,196,197,,0,0,0,0
1613755123450,5,1010123456019,76,,1,2,5,1,2,,10.3796,137,0,0.086432,42,0,7.33333,,0,0,0,0,0,0,0,0,0,,120,123,,0,0,0,0
1613755123700,5,1010123456019,76,,1,2,5,1,2,,7.22263,274,49,0.115456,75,0,6.28571,,0,0,0,0,0,0,0,0,0,,264,273,,0,0,0,0
1613755123950,5,1010123456019,76,,1,2,5,1,2,,9.99262,271,99,0.156256,78,0,6.66667,,8.8,10,0,0.1,3,0,0,32.8679,31,,247,252,,0,0,0,1
1613755124200,5,1010123456019,76,,1,2,5,1,2,,10.3791,277,30,0.167456,78,0,8.16667,,0,0,0,0,0,0,0,0,0,,239,241,,0,0,0,0
1613755124450,5,1010123456019,76,,1,2,5,1,2,,7.9304,273,158,0.128512,82,0,6.5,,0,0,0,0,0,0,0,0,0,,237,238,,0,0,0,0
1613755124700,5,1010123456019,76,,1,2,5,1,2,,10.2889,225,0,0.123264,61,0,7,,0,0,0,0,0,0,0,0,0,,192,192,,0,0,0,0
1613755124950,5,1010123456019,76,,1,2,5,1,2,,10.8909,220,158,0.147968,66,0,8,,15,13,0,0,4,100,0,0.748795,0,,200,202,,0,0,0,10
1613755125200,5,1010123456019,76,,1,2,5,1,2,,9.6872,211,158,0.125152,64,0,7,,0,0,0,0,0,0,0,0,0,,186,187,,0,0,0,0
1613755125450,5,1010123456019,76,,1,2,5,1,2,,9.61321,212,0,0.123584,64,0,7,,0,0,0,0,0,0,0,0,0,,187,189,,0,0,0,0
1613755125700,5,1010123456019,76,,1,2,5,1,2,,10.251,243,0,0.143968,68,0,7.85714,,0,0,0,0,0,0,0,0,0,,209,211,,0,0,0,0
1613755125951,5,1010123456019,76,,1,2,5,1,2,,9.14013,157,0,0.086502,48,0,7.5,,12.8571,14,0,0.1,5,60,0,13.3894,31,,141,141,,0,0,0,6.14286
1613755126200,5,1010123456019,76,,1,2,5,1,2,,6.84,275,0,0.116016,79,0,5.66667,,0,0,0,0,0,0,0,0,0,,251,261,,0,0,0,0
1613755126450,5,1010123456019,76,,1,2,5,1,2,,11.0567,141,0,0.101152,41,0,7.83333,,0,0,0,0,0,0,0,0,0,,124,125,,0,0,0,0
1613755126700,5,1010123456019,76,,1,2,5,1,2,,4.29793,386,158,0.124864,110,0,5.28571,,0,0,0,0,0,0,0,0,0,,454,464,,0,0,0,0
1613755126950,5,1010123456019,76,,1,2,5,1,2,,9.9368,269,0,0.15104,78,0,6.66667,,13.2857,7,0,0.1,2,0,0,30.9235,31,,236,238,,0,0,0,1
1613755127200,5,1010123456019,76,,1,2,5,1,2,,10.082,256,30,0.139712,69,0,7.33333,,0,0,0,0,0,0,0,0,0,,222,222,,0,0,0,0
1613755127450,5,1010123456019,76,,1,2,5,1,2,,12.3427,143,0,0.11648,45,0,9.5,,0,0,0,0,0,0,0,0,0,,125,127,,0,0,0,0
1613755127700,5,1010123456019,76,,1,2,5,1,2,,9.05785,242,0,0.129504,69,0,8.71429,,0,0,0,0,0,0,0,0,0,,208,209,,0,0,0,0
1613755127950,5,1010123456019,76,,1,2,5,1,2,,7.56364,220,322,0.105088,55,0,6,,13.5,8,0,0.1,2,0,0,30.0424,31,,207,214,,0,0,0,1
1613755128200,5,1010123456019,76,,1,2,5,1,2,,4.58486,383,0,0.128832,119,0,5.83333,,0,0,0,0,0,0,0,0,0,,386,407,,0,0,0,0
1613755128450,5,1010123456019,76,,1,2,5,1,2,,7.77064,218,0,0.093632,63,0,6.33333,,0,0,0,0,0,0,0,0,0,,189,189,,0,0,0,0
1613755128700,5,1010123456019,76,,1,2,5,1,2,,9.92118,203,99,0.107104,54,0,7,,0,0,0,0,0,0,0,0,0,,176,178,,0,0,0,0
1613755128950,5,1010123456019,76,,1,2,5,1,2,,7.13378,299,696,0.131424,83,0,6.16667,,13.7143,7,0,0.1,2,0,0,31.0076,31,,291,293,,0,0,0,1
1613755129200,5,1010123456019,76,,1,2,5,1,2,,7.53495,329,0,0.146816,96,0,6.83333,,0,0,0,0,0,0,0,0,0,,337,340,,0,0,0,0
1613755129450,5,1010123456019,76,,1,2,5,1,2,,9.73333,180,0,0.105728,55,0,6.5,,0,0,0,0,0,0,0,0,0,,155,157,,0,0,0,0
1613755129700,5,1010123456019,76,,1,2,5,1,2,,10.4483,145,0,0.084672,43,0,8.14286,,0,0,0,0,0,0,0,0,0,,126,126,,0,0,0,0
1613755129950,5,1010123456019,76,,1,2,5,1,2,,9.20139,144,0,0.075456,40,0,6.66667,,15.7647,51,0,0.1,15,80,0,6.48416,31,,126,126,,0,0,0,8.23529
1613755130200,5,1010123456019,76,,1,2,5,1,2,,9.36916,214,0,0.117664,63,0,6.83333,,0,0,0,0,0,0,0,0,0,,183,183,,0,0,0,0
1613755130450,5,1010123456019,76,,1,2,5,1,2,,9.72414,174,0,0.091648,48,0,8,,0,0,0,0,0,0,0,0,0,,150,150,,0,0,0,0
1613755130700,5,1010123456019,76,,1,2,5,1,2,,9.57977,257,0,0.13536,75,0,6.42857,,0,0,0,0,0,0,0,0,0,,225,225,,0,0,0,0
1613755130950,5,1010123456019,76,,1,2,5,1,2,,9.17937,223,158,0.119488,67,0,7,,0,12,0,0,4,100,0,0,0,,193,194,,0,0,0,0
1613755131200,5,1010123456019,76,,1,2,5,1,2,,8.63603,272,0,0.135424,78,0,7.33333,,3.91304,23,0,0.1,7,71.4286,0,11.7231,31,,240,242,,0,0,0,6.86957
1613755131450,5,1010123456019,76,,1,2,5,1,2,,8.95789,190,30,0.091936,52,0,7.16667,,5.67857,56,0,0.1,17,76.4706,0,8.62041,31,,164,166,,0,0,0,7.58929
1613755131700,5,1010123456019,76,,1,2,5,1,2,,6.3348,227,0,0.092864,63,0,7.42857,,0,0,0,0,0,0,0,0,0,,195,195,,0,0,0,0
1613755131950,5,1010123456019,76,,1,2,5,1,2,,4.13409,440,0,0.133024,129,0,5,,0.1,11,0,0.1,3,0,0,19.3928,31,,486,510,,0,0,0,1
1613755132200,5,1010123456019,76,,1,2,5,1,2,,9.83249,197,99,0.115488,56,0,7.66667,,0,0,0,0,0,0,0,0,0,,169,170,,0,0,0,0
1613755132450,5,1010123456019,76,,1,2,5,1,2,,10.1296,162,0,0.10432,49,0,8,,0,0,0,0,0,0,0,0,0,,141,144,,0,0,0,0
1613755132700,5,1010123456019,76,,1,2,5,1,2,,9.84669,287,105,0.156192,79,0,6.85714,,0,0,0,0,0,0,0,0,0,,258,261,,0,0,0,0
1613755132950,5,1010123456019,76,,1,2,5,1,2,,9.22689,238,0,0.135648,75,0,7,,6.40541,37,0,0.1,11,72.7273,0,3.46893,31,,215,217,,0,0,0,8.10811
1613755133200,5,1010123456019,76,,1,2,5,1,2,,8.08481,283,0,0.12624,81,0,6.16667,,0,0,0,0,0,0,0,0,0,,244,245,,0,0,0,0
1613755133450,5,1010123456019,76,,1,2,5,1,2,,9.41954,174,0,0.086208,47,0,6.66667,,0,0,0,0,0,0,0,0,0,,151,152,,0,0,0,0
1613755133700,5,1010123456019,76,,1,2,5,1,2,,9.2968,219,0,0.113504,63,0,6.71429,,0,0,0,0,0,0,0,0,0,,189,189,,0,0,0,0
1613755133950,5,1010123456019,76,,1,2,5,1,2,,9.33333,165,0,0.0976,52,0,6.33333,,8.2,10,0,0.1,3,0,0,32.5096,31,,152,155,,0,0,0,1
1613755134200,5,1010123456019,76,,1,2,5,1,2,,9.22353,255,0,0.124384,68,0,6.5,,0,0,0,0,0,0,0,0,0,,228,230,,0,0,0,0
1613755134450,5,1010123456019,76,,1,2,5,1,2,,9.48659,261,0,0.156256,82,0,7.33333,,0,0,0,0,0,0,0,0,0,,231,234,,0,0,0,0
1613755134700,5,1010123456019,76,,1,2,5,1,2,,9.48352,182,0,0.091616,50,0,6.85714,,0,0,0,0,0,0,0,0,0,,159,159,,0,0,0,0
1613755134950,5,1010123456019,76,,1,2,5,1,2,,10.2436,275,0,0.173152,85,0,7,,15,12,0,0,4,100,0,0.641849,0,,248,250,,0,0,0,10
1613755135200,5,1010123456019,76,,1,2,5,1,2,,8.11258,151,0,0.070976,43,0,7,,0,0,0,0,0,0,0,0,0,,130,131,,0,0,0,0
1613755135450,5,1010123456019,76,,1,2,5,1,2,,11.2941,187,158,0.127744,53,0,8.5,,0,0,0,0,0,0,0,0,0,,160,161,,0,0,0,0
1613755135700,5,1010123456019,76,,1,2,5,1,2,,10.1799,239,0,0.134176,65,0,7.28571,,0,0,0,0,0,0,0,0,0,,205,206,,0,0,0,0
1613755135950,5,1010123456019,76,,1,2,5,1,2,,7.56202,258,0,0.126272,79,0,6.33333,,14.6216,74,0,0.15616,25,80,0,6.19196,31,,231,232,,0,0,0,8.05405
1613755136200,5,1010123456019,76,,1,2,5,1,2,,10.7056,197,158,0.112768,52,0,7.66667,,0,0,0,0,0,0,0,0,0,,165,165,,0,0,0,0
1613755136450,5,1010123456019,76,,1,2,5,1,2,,9.84375,192,0,0.107808,56,0,7.33333,,0,0,0,0,0,0,0,0,0,,166,167,,0,0,0,0
1613755136700,5,1010123456019,76,,1,2,5,1,2,,9.45489,266,0,0.138944,77,0,7.57143,,0,0,0,0,0,0,0,0,0,,232,233,,0,0,0,0
1613755136950,5,1010123456019,76,,1,2,5,1,2,,8.21512,172,271,0.093568,44,0,6.16667,,9.6,35,0,0.1,11,72.7273,0,5.81813,31,,154,156,,0,0,0,7.94286
1613755137200,5,1010123456019,76,,1,2,5,1,2,,7.3797,266,0,0.120928,82,0,7.16667,,0,0,0,0,0,0,0,0,0,,270,272,,0,0,0,0
1613755137450,5,1010123456019,76,,1,2,5,1,2,,9.337,273,0,0.146304,80,0,6.5,,0,0,0,0,0,0,0,0,0,,234,234,,0,0,0,0
1613755137700,5,1010123456019,76,,1,2,5,1,2,,7.38333,240,30,0.098528,66,0,6.14286,,0,0,0,0,0,0,0,0,0,,208,212,,0,0,0,0
1613755137950,5,1010123456019,76,,1,2,5,1,2,,4.38661,463,99,0.132352,136,0,4.83333,,14.806,67,0,0.180896,21,76.1905,0,6.85759,31,,426,432,,0,0,0,7.71642
1613755138200,5,1010123456019,76,,1,2,5,1,2,,9.76882,186,0,0.117568,60,0,7,,0,0,0,0,0,0,0,0,0,,164,166,,0,0,0,0
1613755138450,5,1010123456019,76,,1,2,5,1,2,,9.68778,221,170,0.1128,60,0,7,,0,0,0,0,0,0,0,0,0,,193,194,,0,0,0,0
1613755138700,5,1010123456019,76,,1,2,5,1,2,,6.58213,347,0,0.138656,101,0,6.42857,,0,0,0,0,0,0,0,0,0,,308,313,,0,0,0,0
1613755138950,5,1010123456019,76,,1,2,5,1,2,,9.84375,256,0,0.150336,75,0,6.66667,,14.2222,36,0,0.1,11,72.7273,0,8.05824,31,,233,238,,0,0,0,7.75
1613755139200,5,1010123456019,76,,1,2,5,1,2,,11.4918,183,0,0.127168,54,0,9.16667,,0,0,0,0,0,0,0,0,0,,160,161,,0,0,0,0
1613755139450,5,1010123456019,76,,1,2,5,1,2,,5.59707,273,0,0.101344,77,0,6,,0,0,0,0,0,0,0,0,0,,247,258,,0,0,0,0
1613755139700,5,1010123456019,76,,1,2,5,1,2,,5.232,500,109,0.168512,140,0,5.14286,,0,0,0,0,0,0,0,0,0,,451,466,,0,0,0,0
1613755139950,5,1010123456019,76,,1,2,5,1,2,,6.63964,333,0,0.128736,98,0,6.66667,,6.6,10,0,0.1,3,0,0,30.7145,31,,312,315,,0,0,0,1
1613755140200,5,1010123456019,76,,1,2,5,1,2,,9.40117,172,0,0.096736,51,0,6.83333,,0,0,0,0,0,0,0,0,0,,150,150,,0,0,0,0
1613755140450,5,1010123456019,76,,1,2,5,1,2,,10.3867,181,0,0.112512,55,0,7.16667,,0,0,0,0,0,0,0,0,0,,160,161,,0,0,0,0
1613755140700,5,1010123456019,76,,1,2,5,1,2,,9.70225,178,0,0.10768,52,0,8.28571,,0,0,0,0,0,0,0,0,0,,154,155,,0,0,0,0
1613755140950,5,1010123456019,76,,1,2,5,1,2,,6.86268,284,158,0.11904,81,0,6.83333,,15,12,0,0,4,100,0,1.55742,0,,250,251,,0,0,0,10
1613755141200,5,1010123456019,76,,1,2,5,1,2,,8.09333,300,257,0.138976,81,0,5.66667,,0,0,0,0,0,0,0,0,0,,264,267,,0,0,0,0
1613755141450,5,1010123456019,76,,1,2,5,1,2,,7.86694,248,0,0.110112,77,0,6.66667,,0,0,0,0,0,0,0,0,0,,223,226,,0,0,0,0
1613755141700,5,1010123456019,76,,1,2,5,1,2,,9.93208,265,0,0.16128,80,0,7.33333,,0,0,0,0,0,0,0,0,0,,234,235,,0,0,0,0
1613755141950,5,1010123456019,76,,1,2,5,1,2,,10.1556,180,7,0.101728,50,0,6.5,,8.85714,35,0,0.1,10,50,0,14.1155,31,,161,163,,0,0,0,5.48571
1613755142200,5,1010123456019,76,,1,2,5,1,2,,9.79105,268,0,0.151264,79,0,6.66667,,0,0,0,0,0,0,0,0,0,,238,239,,0,0,0,0
1613755142450,5,1010123456019,76,,1,2,5,1,2,,9.61411,241,0,0.129472,69,0,7.33333,,0,0,0,0,0,0,0,0,0,,207,207,,0,0,0,0
1613755142700,5,1010123456019,76,,1,2,5,1,2,,6.14777,291,0,0.102752,79,0,6.85714,,0,0,0,0,0,0,0,0,0,,277,290,,0,0,0,0
1613755142950,5,1010123456019,76,,1,2,5,1,2,,10.1692,195,0,0.121184,61,0,7,,0.1,36,0,0.1,10,60,0,0.923392,31,,176,178,,0,0,0,7.77778
1613755143200,5,1010123456019,76,,1,2,5,1,2,,6.81194,335,0,0.148704,101,0,5.83333,,0,0,0,0,0,0,0,0,0,,309,318,,0,0,0,0
1613755143450,5,1010123456019,76,,1,2,5,1,2,,6.08306,301,0,0.121856,86,0,5.83333,,0,0,0,0,0,0,0,0,0,,314,322,,0,0,0,0
1613755143700,5,1010123456019,76,,1,2,5,1,2,,10.5697,165,0,0.101696,47,0,7.71429,,0,0,0,0,0,0,0,0,0,,143,145,,0,0,0,0
1613755143950,5,1010123456019,76,,1,2,5,1,2,,11.8785,181,0,0.127456,52,0,7.83333,,8.8,10,0,0.1,3,0,0,32.6293,31,,159,159,,0,0,0,1
1613755144200,5,1010123456019,76,,1,2,5,1,2,,11.1373,153,0,0.107072,44,0,8.5,,0,0,0,0,0,0,0,0,0,,132,135,,0,0,0,0
1613755144450,5,1010123456019,76,,1,2,5,1,2,,10.7665,197,0,0.122976,56,0,8.16667,,0,0,0,0,0,0,0,0,0,,169,170,,0,0,0,0
1613755144700,5,1010123456019,76,,1,2,5,1,2,,9.14019,214,118,0.113888,59,0,7.16667,,0,0,0,0,0,0,0,0,0,,188,190,,0,0,0,0
1613755144950,5,1010123456019,76,,1,2,5,1,2,,9.81065,169,0,0.102752,52,0,9,,15,15,0,0,4,100,0,1.04327,0,,147,147,,0,0,0,10
1613755145200,5,1010123456019,76,,1,2,5,1,2,,9.65556,180,0,0.097024,51,0,6.66667,,0,0,0,0,0,0,0,0,0,,153,153,,0,0,0,0
1613755145450,5,1010123456019,76,,1,2,5,1,2,,9.45098,102,0,0.053664,29,0,7,,0,0,0,0,0,0,0,0,0,,87,87,,0,0,0,0
1613755145700,5,1010123456019,76,,1,2,5,1,2,,9.68,200,0,0.1072,56,0,8.14286,,0,0,0,0,0,0,0,0,0,,173,175,,0,0,0,0
1613755145950,5,1010123456019,76,,1,2,5,1,2,,10.4444,108,0,0.069216,31,0,8.16667,,0,12,0,0,4,100,0,0,0,,93,93,,0,0,0,0
1613755146200,5,1010123456019,76,,1,2,5,1,2,,5.63125,320,0,0.132096,90,0,6.83333,,3.6,10,0,0.1,3,66.6667,0,10.0942,31,,347,352,,0,0,0,6.4
1613755146450,5,1010123456019,76,,1,2,5,1,2,,9.48851,174,124,0.091648,49,0,6.66667,,3.72414,29,0,0.1,9,66.6667,0,6.22692,0,,148,149,,0,0,0,6.7931
1613755146700,5,1010123456019,76,,1,2,5,1,2,,10.4817,218,113,0.139008,65,0,7.42857,,0,0,0,0,0,0,0,0,0,,191,193,,0,0,0,0
1613755146950,5,1010123456019,76,,1,2,5,1,2,,9.04641,237,0,0.123872,71,0,6.66667,,0.1,23,0,0.1,7,28.5714,0,1.99691,31,,213,213,,0,0,0,3.78261
1613755147200,5,1010123456019,76,,1,2,5,1,2,,8.05143,175,0,0.088896,52,0,7.5,,0,0,0,0,0,0,0,0,0,,163,167,,0,0,0,0
1613755147450,5,1010123456019,76,,1,2,5,1,2,,9.7277,213,0,0.101952,54,0,6.83333,,0,0,0,0,0,0,0,0,0,,185,187,,0,0,0,0
1613755147700,5,1010123456019,76,,1,2,5,1,2,,9.24113,141,99,0.086016,46,0,6.85714,,0,0,0,0,0,0,0,0,0,,120,120,,0,0,0,0
1613755147950,5,1010123456019,76,,1,2,5,1,2,,9.82353,204,0,0.118432,60,0,7.16667,,0.1,13,0,0,4,100,0,0.742071,0,,180,183,,0,0,0,10
1613755148200,5,1010123456019,76,,1,2,5,1,2,,11.4888,223,82,0.14832,60,0,7.83333,,4.61538,26,0,0.1,7,71.4286,0,8.08758,31,,195,198,,0,0,0,7.92308
1613755148450,5,1010123456019,76,,1,2,5,1,2,,9.90909,330,0,0.193184,98,0,6.83333,,6.02727,110,0,0.1,30,83.3333,0,7.91933,31,,290,293,,0,0,0,8.77273
1613755148700,5,1010123456019,76,,1,2,5,1,2,,9.92908,282,0,0.161664,81,0,6.85714,,3.78947,19,0,0.1,5,60,0,2.02275,31,,247,252,,0,0,0,6.68421
1613755148950,5,1010123456019,76,,1,2,5,1,2,,9.27678,112,0,0.054176,30,0,6.66667,,0,11,0,0.1,4,0,0,0,31,,99,99,,0,0,0,0
1613755149200,5,1010123456019,76,,1,2,5,1,2,,11.1187,160,0,0.106272,47,0,8.16667,,0,0,0,0,0,0,0,0,0,,138,138,,0,0,0,0
1613755149450,5,1010123456019,76,,1,2,5,1,2,,9.30769,182,234,0.102592,53,0,6.66667,,0,0,0,0,0,0,0,0,0,,161,166,,0,0,0,0
1613755149700,5,1010123456019,76,,1,2,5,1,2,,9.37624,202,0,0.102976,56,0,6.14286,,0,0,0,0,0,0,0,0,0,,175,176,,0,0,0,0
1613755149950,5,1010123456019,76,,1,2,5,1,2,,10.2201,209,0,0.123232,61,0,6.66667,,15,12,0,0,4,100,0,1.72845,0,,185,187,,0,0,0,10
1613755150200,5,1010123456019,76,,1,2,5,1,2,,4.5933,418,0,0.1416,122,0,5,,0,0,0,0,0,0,0,0,0,,450,461,,0,0,0,0
1613755150450,5,1010123456019,76,,1,2,5,1,2,,10.071,169,158,0.09712,48,0,7.33333,,0,0,0,0,0,0,0,0,0,,144,144,,0,0,0,0
1613755150700,5,1010123456019,76,,1,2,5,1,2,,5.37358,265,99,0.084576,72,0,6,,0,0,0,0,0,0,0,0,0,,242,250,,0,0,0,0
1613755150950,5,1010123456019,76,,1,2,5,1,2,,9.88525,183,0,0.113088,57,0,7.83333,,0.1,36,0,0.1,11,63.6364,0,1.30088,31,,160,161,,0,0,0,7.55556
1613755151200,5,1010123456019,76,,1,2,5,1,2,,9.50307,163,0,0.086144,46,0,6.66667,,0,0,0,0,0,0,0,0,0,,138,138,,0,0,0,0
1613755151450,5,1010123456019,76,,1,2,5,1,2,,10.0076,263,0,0.1504,75,0,6.5,,0,0,0,0,0,0,0,0,0,,231,235,,0,0,0,0
1613755151700,5,1010123456019,76,,1,2,5,1,2,,9.53548,310,0,0.152096,82,0,6.71429,,0,0,0,0,0,0,0,0,0,,270,273,,0,0,0,0
1613755151950,5,1010123456019,76,,1,2,5,1,2,,8.44292,219,99,0.129344,70,0,6.16667,,0.1,15,0,0,4,100,0,0.630259,0,,199,204,,0,0,0,10
1613755152200,5,1010123456019,76,,1,2,5,1,2,,9.55405,148,0,0.081216,44,0,7,,0,12,0,0,4,100,0,0,0,,129,129,,0,0,0,0
1613755152450,5,1010123456019,76,,1,2,5,1,2,,7.02647,340,0,0.14832,98,0,7.16667,,0,0,0,0,0,0,0,0,0,,302,306,,0,0,0,0
1613755152700,5,1010123456019,76,,1,2,5,1,2,,5.63545,299,0,0.09648,84,0,5.85714,,0,0,0,0,0,0,0,0,0,,261,261,,0,0,0,0
1613755152950,5,1010123456019,76,,1,2,5,1,2,,10.4576,118,0,0.074784,34,0,8,,0.368421,38,0,0.1,10,40,0,8.82321,31,,102,102,,0,0,0,5.81579
1613755153200,5,1010123456019,76,,1,2,5,1,2,,6.4418,378,0,0.1392,105,0,5.83333,,0,0,0,0,0,0,0,0,0,,328,330,,0,0,0,0
1613755153450,5,1010123456019,76,,1,2,5,1,2,,12.8922,102,0,0.091616,33,0,10,,0,0,0,0,0,0,0,0,0,,88,89,,0,0,0,0
1613755153700,5,1010123456019,76,,1,2,5,1,2,,8.96875,288,99,0.17488,84,0,6.85714,,0,0,0,0,0,0,0,0,0,,278,285,,0,0,0,0
1613755153950,5,1010123456019,76,,1,2,5,1,2,,9.48366,153,0,0.081088,45,0,6.66667,,14.3939,33,0,0.1,9,44.4444,0,21.3276,31,,132,132,,0,0,0,5.36364
1613755154200,5,1010123456019,76,,1,2,5,1,2,,9.85586,111,0,0.058976,28,0,7.16667,,0,0,0,0,0,0,0,0,0,,95,97,,0,0,0,0
1613755154450,5,1010123456019,76,,1,2,5,1,2,,9.22008,259,113,0.12592,70,0,6.5,,0,0,0,0,0,0,0,0,0,,223,224,,0,0,0,0
1613755154700,5,1010123456019,76,,1,2,5,1,2,,8.99627,268,113,0.14,79,0,6.42857,,0,0,0,0,0,0,0,0,0,,233,236,,0,0,0,0
1613755154950,5,1010123456019,76,,1,2,5,1,2,,5.86084,309,0,0.1384,97,0,7.16667,,15.7966,59,0,0.246496,19,63.1579,0,10.5911,31,,359,363,,0,0,0,6.49153
1613755155200,5,1010123456019,76,,1,2,5,1,2,,5.5122,287,0,0.09664,80,0,5.16667,,0,0,0,0,0,0,0,0,0,,250,254,,0,0,0,0
1613755155450,5,1010123456019,76,,1,2,5,1,2,,11.1359,103,0,0.069824,31,0,9.83333,,0,0,0,0,0,0,0,0,0,,87,87,,0,0,0,0
1613755155700,5,1010123456019,76,,1,2,5,1,2,,3.50392,383,0,0.10464,107,0,5.57143,,0,0,0,0,0,0,0,0,0,,441,452,,0,0,0,0
1613755155950,5,1010123456019,76,,1,2,5,1,2,,4.17544,342,0,0.103104,100,0,6,,15.1461,89,0,0.17264,29,82.7586,0,6.17694,31,,352,362,,0,0,0,8.07865
1613755156200,5,1010123456019,76,,1,2,5,1,2,,8.95181,249,0,0.129984,73,0,6.16667,,0,0,0,0,0,0,0,0,0,,217,219,,0,0,0,0
1613755156450,5,1010123456019,76,,1,2,5,1,2,,5.66087,345,0,0.107648,93,0,5.5,,0,0,0,0,0,0,0,0,0,,298,302,,0,0,0,0
1613755156700,5,1010123456019,76,,1,2,5,1,2,,10.3162,253,30,0.150464,74,0,7.42857,,0,0,0,0,0,0,0,0,0,,221,223,,0,0,0,0
1613755156950,5,1010123456019,76,,1,2,5,1,2,,3.9482,444,551,0.157056,126,0,4.66667,,14.5432,81,0,0.15616,25,80,0,5.95588,31,,497,507,,0,0,0,8.11111
1613755157200,5,1010123456019,76,,1,2,5,1,2,,5.56235,409,321,0.157792,116,0,5.66667,,0,0,0,0,0,0,0,0,0,,428,434,,0,0,0,0
1613755157450,5,1010123456019,76,,1,2,5,1,2,,7.75138,181,0,0.096256,57,0,7.5,,0,0,0,0,0,0,0,0,0,,166,172,,0,0,0,0
1613755157700,5,1010123456019,76,,1,2,5,1,2,,5.41197,284,337,0.091744,76,0,5.83333,,0,0,0,0,0,0,0,0,0,,321,327,,0,0,0,0
1613755157950,5,1010123456019,76,,1,2,5,1,2,,10.5112,178,0,0.14128,61,0,8,,5.13333,15,0,0.1,6,66.6667,0,10.1158,31,,160,161,,0,0,0,6.4
1613755158200,5,1010123456019,76,,1,2,5,1,2,,6.84241,349,0,0.158528,98,0,7,,0,0,0,0,0,0,0,0,0,,351,354,,0,0,0,0
1613755158450,5,1010123456019,76,,1,2,5,1,2,,9.43709,151,0,0.083264,43,0,6.66667,,0,0,0,0,0,0,0,0,0,,130,131,,0,0,0,0
1613755158700,5,1010123456019,76,,1,2,5,1,2,,7.74486,243,0,0.103776,65,0,7.14286,,0,0,0,0,0,0,0,0,0,,237,244,,0,0,0,0
1613755158950,5,1010123456019,76,,1,2,5,1,2,,9.27568,185,0,0.11616,60,0,7.16667,,15,13,0,0,4,100,0,0.972714,0,,159,159,,0,0,0,10
1613755159200,5,1010123456019,76,,1,2,5,1,2,,9.27442,215,0,0.10192,56,0,6.66667,,0,0,0,0,0,0,0,0,0,,187,188,,0,0,0,0
1613755159450,5,1010123456019,76,,1,2,5,1,2,,10.1353,133,0,0.091808,43,0,7.33333,,0,0,0,0,0,0,0,0,0,,118,120,,0,0,0,0
1613755159700,5,1010123456019,76,,1,2,5,1,2,,9.40756,238,0,0.129568,69,0,5.85714,,0,0,0,0,0,0,0,0,0,,204,204,,0,0,0,0
1613755159950,5,1010123456019,76,,1,2,5,1,2,,6.00766,261,0,0.110304,77,0,6.83333,,0.1,14,0,0,4,100,0,0.553809,0,,285,291,,0,0,0,10
1613755160200,5,1010123456019,76,,1,2,5,1,2,,9.47753,356,0,0.183168,96,0,6.66667,,4.61538,26,0,0.1,7,71.4286,0,8.30703,31,,313,320,,0,0,0,7.92308
1613755160450,5,1010123456019,76,,1,2,5,1,2,,9.78707,263,0,0.156096,81,0,6.66667,,4.09756,41,0,0.1,11,72.7273,0,3.79662,31,,227,229,,0,0,0,8.09756
1613755160700,5,1010123456019,76,,1,2,5,1,2,,9.55497,191,0,0.102272,55,0,6.71429,,0,0,0,0,0,0,0,0,0,,166,167,,0,0,0,0
1613755160950,5,1010123456019,76,,1,2,5,1,2,,9.68528,197,0,0.102592,54,0,6.66667,,14.8485,66,0,0.1,20,80,0,6.70584,31,,173,175,,0,0,0,8.09091
1613755161200,5,1010123456019,76,,1,2,5,1,2,,9.93578,218,0,0.12912,65,0,7.66667,,0,0,0,0,0,0,0,0,0,,187,188,,0,0,0,0
1613755161450,5,1010123456019,76,,1,2,5,1,2,,8.73298,191,0,0.092064,54,0,6.66667,,0,0,0,0,0,0,0,0,0,,165,165,,0,0,0,0
1613755161700,5,1010123456019,76,,1,2,5,1,2,,10.12,200,0,0.112608,57,0,6.85714,,0,0,0,0,0,0,0,0,0,,171,171,,0,0,0,0
1613755161950,5,1010123456019,76,,1,2,5,1,2,,9.16854,178,0,0.097408,52,0,7.16667,,0.1,22,0,0.1,7,42.8571,0,9.3822,31,,154,155,,0,0,0,5.45455
1613755162200,5,1010123456019,76,,1,2,5,1,2,,7.7265,234,0,0.109248,67,0,6,,0,0,0,0,0,0,0,0,0,,208,213,,0,0,0,0
1613755162450,5,1010123456019,76,,1,2,5,1,2,,9.79061,277,0,0.156096,79,0,7.16667,,0,0,0,0,0,0,0,0,0,,239,241,,0,0,0,0
1613755162700,5,1010123456019,76,,1,2,5,1,2,,8.40329,243,279,0.114176,65,0,5.71429,,0,0,0,0,0,0,0,0,0,,211,215,,0,0,0,0
1613755162950,5,1010123456019,76,,1,2,5,1,2,,3.07087,508,0,0.139488,148,0,5.66667,,15,12,0,0,4,100,0,0.886905,0,,656,660,,0,0,0,10
1613755163200,5,1010123456019,76,,1,2,5,1,2,,9.5329,152,0,0.091712,47,0,6.83333,,0,0,0,0,0,0,0,0,0,,130,131,,0,0,0,0
1613755163450,5,1010123456019,76,,1,2,5,1,2,,4.695,400,0,0.135328,115,0,5.16667,,0,0,0,0,0,0,0,0,0,,394,405,,0,0,0,0
1613755163700,5,1010123456019,76,,1,2,5,1,2,,2.75647,657,0,0.156064,184,0,4.28571,,0,0,0,0,0,0,0,0,0,,761,791,,0,0,0,0
1613755163950,5,1010123456019,76,,1,2,5,1,2,,9.09045,199,0,0.12224,65,0,6.33333,,0.1,20,0,0.1,6,66.6667,0,0.519377,31,,182,184,,0,0,0,7.45
1613755164200,5,1010123456019,76,,1,2,5,1,2,,10.8725,204,118,0.111136,50,0,8,,0,0,0,0,0,0,0,0,0,,176,178,,0,0,0,0
1613755164450,5,1010123456019,76,,1,2,5,1,2,,10.1912,136,0,0.091712,43,0,8,,0,0,0,0,0,0,0,0,0,,115,116,,0,0,0,0
1613755164700,5,1010123456019,76,,1,2,5,1,2,,9.74576,177,0,0.10192,53,0,7.57143,,0,0,0,0,0,0,0,0,0,,150,150,,0,0,0,0
1613755164950,5,1010123456019,76,,1,2,5,1,2,,9.61885,244,0,0.135648,72,0,6.66667,,15.2471,85,0,0.1,27,88.8889,0,3.80707,31,,219,222,,0,0,0,9.04706
1613755165200,5,1010123456019,76,,1,2,5,1,2,,10.5187,187,0,0.099232,47,0,7,,0,0,0,0,0,0,0,0,0,,161,163,,0,0,0,0
1613755165450,5,1010123456019,76,,1,2,5,1,2,,10.0764,144,0,0.09456,46,0,8.16667,,0,0,0,0,0,0,0,0,0,,124,125,,0,0,0,0
1613755165700,5,1010123456019,76,,1,2,5,1,2,,9.62454,269,0,0.146048,75,0,7.66667,,0,0,0,0,0,0,0,0,0,,233,235,,0,0,0,0
1613755165950,5,1010123456019,76,,1,2,5,1,2,,9.58361,305,99,0.1608,83,0,6.83333,,8.14815,27,0,0.1,8,50,0,13.9672,31,,267,269,,0,0,0,5.55556
1613755166200,5,1010123456019,76,,1,2,5,1,2,,9.50495,202,7,0.109824,57,0,6.83333,,0,0,0,0,0,0,0,0,0,,179,182,,0,0,0,0
1613755166450,5,1010123456019,76,,1,2,5,1,2,,5.98919,370,0,0.147136,111,0,6,,0,0,0,0,0,0,0,0,0,,342,350,,0,0,0,0
1613755166700,5,1010123456019,76,,1,2,5,1,2,,9.29455,275,0,0.146784,80,0,7,,0,0,0,0,0,0,0,0,0,,232,233,,0,0,0,0
1613755166950,5,1010123456019,76,,1,2,5,1,2,,10.3299,197,0,0.112736,53,0,6.66667,,13.5,64,0,0.213312,21,61.9048,0,7.78316,31,,170,172,,0,0,0,6.34375
1613755167200,5,1010123456019,76,,1,2,5,1,2,,7.0696,273,0,0.123776,78,0,7.16667,,0,0,0,0,0,0,0,0,0,,247,256,,0,0,0,0
1613755167450,5,1010123456019,76,,1,2,5,1,2,,10.5444,259,30,0.163232,75,0,7.83333,,0,0,0,0,0,0,0,0,0,,224,226,,0,0,0,0
1613755167700,5,1010123456019,76,,1,2,5,1,2,,10.4462,186,0,0.1176,55,0,7.42857,,0,0,0,0,0,0,0,0,0,,163,165,,0,0,0,0
1613755167950,5,1010123456019,76,,1,2,5,1,2,,10.4633,177,0,0.107968,52,0,8.33333,,10.4615,13,0,0.1,4,0,0,31.5404,31,,157,158,,0,0,0,1
1613755168200,5,1010123456019,76,,1,2,5,1,2,,5.3982,334,0,0.117792,97,0,5.66667,,0,0,0,0,0,0,0,0,0,,339,347,,0,0,0,0
1613755168450,5,1010123456019,76,,1,2,5,1,2,,6.55414,314,98,0.121504,83,0,6.33333,,0,0,0,0,0,0,0,0,0,,275,277,,0,0,0,0
1613755168700,5,1010123456019,76,,1,2,5,1,2,,8.52265,287,0,0.147648,87,0,6.28571,,0,0,0,0,0,0,0,0,0,,250,254,,0,0,0,0
1613755168950,5,1010123456019,76,,1,2,5,1,2,,10.8475,177,0,0.117408,50,0,10,,13,6,0,0.1,2,0,0,30.3481,31,,155,157,,0,0,0,1
1613755169200,5,1010123456019,76,,1,2,5,1,2,,5.57895,133,0,0.066528,42,0,7.33333,,0,0,0,0,0,0,0,0,0,,115,116,,0,0,0,0
1613755169450,5,1010123456019,76,,1,2,5,1,2,,11.9735,151,0,0.117504,44,0,8.83333,,0,0,0,0,0,0,0,0,0,,135,138,,0,0,0,0
1613755169700,5,1010123456019,76,,1,2,5,1,2,,11.525,120,0,0.079776,32,0,8.57143,,0,0,0,0,0,0,0,0,0,,105,105,,0,0,0,0
1613755169950,5,1010123456019,76,,1,2,5,1,2,,10.1059,255,0,0.16512,76,0,7.6,,13.2857,7,0,0.1,2,0,0,30.7776,31,,228,234,,0,0,0,1
1613755170200,5,1010123456019,76,,1,2,5,1,2,,6.35714,336,158,0.164896,98,0,6.66667,,0,0,0,0,0,0,0,0,0,,361,373,,0,0,0,0
1613755170450,5,1010123456019,76,,1,2,5,1,2,,7.44357,381,30,0.159296,107,0,5.83333,,0,0,0,0,0,0,0,0,0,,328,329,,0,0,0,0
1613755170700,5,1010123456019,76,,1,2,5,1,2,,9.36054,147,0,0.075168,41,0,7,,0,0,0,0,0,0,0,0,0,,126,126,,0,0,0,0
1613755170950,5,1010123456019,76,,1,2,5,1,2,,11.1892,185,0,0.122496,53,0,8.5,,15.8025,81,0,0.228256,26,76.9231,0,7.0495,31,,162,165,,0,0,0,7.77778
1613755171200,5,1010123456019,76,,1,2,5,1,2,,7.02817,284,0,0.117088,81,0,6,,0,0,0,0,0,0,0,0,0,,252,253,,0,0,0,0
1613755171450,5,1010123456019,76,,1,2,5,1,2,,10.359,195,0,0.12864,58,0,7,,0,0,0,0,0,0,0,0,0,,167,169,,0,0,0,0
1613755171700,5,1010123456019,76,,1,2,5,1,2,,12.4229,201,0,0.164224,58,0,9,,0,0,0,0,0,0,0,0,0,,178,182,,0,0,0,0
1613755171950,5,1010123456019,76,,1,2,5,1,2,,2.83156,469,104,0.11792,129,0,4.33333,,15.1549,71,0,0.25328,23,69.5652,0,7.68854,31,,517,523,,0,0,0,7.33803
1613755172200,5,1010123456019,76,,1,2,5,1,2,,7.61587,315,0,0.142208,95,0,6.83333,,0,0,0,0,0,0,0,0,0,,277,282,,0,0,0,0
1613755172450,5,1010123456019,76,,1,2,5,1,2,,10.2096,229,0,0.134944,67,0,7.33333,,0,0,0,0,0,0,0,0,0,,199,200,,0,0,0,0
1613755172700,5,1010123456019,76,,1,2,5,1,2,,3.56522,322,0,0.10752,94,0,7,,0,0,0,0,0,0,0,0,0,,380,392,,0,0,0,0
1613755172950,5,1010123456019,76,,1,2,5,1,2,,11.4576,177,0,0.122848,53,0,8.66667,,15.2727,88,0,0.210368,29,79.3103,0,7.77645,31,,165,165,,0,0,0,8.18182
1613755173200,5,1010123456019,76,,1,2,5,1,2,,9.81005,179,0,0.095232,50,0,6.66667,,0,0,0,0,0,0,0,0,0,,156,156,,0,0,0,0
1613755173450,5,1010123456019,76,,1,2,5,1,2,,9.64362,188,0,0.111584,56,0,8.5,,0,0,0,0,0,0,0,0,0,,163,164,,0,0,0,0
1613755173700,5,1010123456019,76,,1,2,5,1,2,,7.86136,339,99,0.156416,98,0,6.14286,,0,0,0,0,0,0,0,0,0,,300,309,,0,0,0,0
1613755173950,5,1010123456019,76,,1,2,5,1,2,,4.06984,315,0,0.112416,92,0,7.5,,14.9153,59,0,0.165728,21,76.1905,0,7.42764,31,,350,351,,0,0,0,7.55932
1613755174200,5,1010123456019,76,,1,2,5,1,2,,10.5443,237,0,0.144416,67,0,6.66667,,0,0,0,0,0,0,0,0,0,,204,205,,0,0,0,0
1613755174450,5,1010123456019,76,,1,2,5,1,2,,5.68821,263,0,0.09472,73,0,7.33333,,0,0,0,0,0,0,0,0,0,,251,255,,0,0,0,0
1613755174700,5,1010123456019,76,,1,2,5,1,2,,10.4542,273,0,0.171072,80,0,7.42857,,0,0,0,0,0,0,0,0,0,,236,238,,0,0,0,0
1613755174950,5,1010123456019,76,,1,2,5,1,2,,7.62637,364,0,0.159424,104,0,6.66667,,8,11,0,0.1,3,0,0,30.6437,31,,320,322,,0,0,0,1
1613755175200,5,1010123456019,76,,1,2,5,1,2,,10.2366,224,0,0.133952,66,0,6.83333,,0,0,0,0,0,0,0,0,0,,193,194,,0,0,0,0
1613755175450,5,1010123456019,76,,1,2,5,1,2,,5.84561,421,0,0.157696,119,0,5.66667,,0,0,0,0,0,0,0,0,0,,435,463,,0,0,0,0
1613755175700,5,1010123456019,76,,1,2,5,1,2,,10.8105,190,0,0.115776,53,0,7.71429,,0,0,0,0,0,0,0,0,0,,162,162,,0,0,0,0
1613755175950,5,1010123456019,76,,1,2,5,1,2,,6.4558,362,0,0.169472,107,0,6,,12.6377,69,0,0.113056,24,83.3333,0,5.23706,31,,405,410,,0,0,0,8.56522
1613755176200,5,1010123456019,76,,1,2,5,1,2,,4.29058,382,28,0.139968,109,0,7,,0,0,0,0,0,0,0,0,0,,483,487,,0,0,0,0
1613755176450,5,1010123456019,76,,1,2,5,1,2,,10.0733,232,0,0.133504,67,0,6.83333,,0,0,0,0,0,0,0,0,0,,199,200,,0,0,0,0
1613755176700,5,1010123456019,76,,1,2,5,1,2,,9.8895,181,0,0.097344,50,0,6.85714,,0,0,0,0,0,0,0,0,0,,158,160,,0,0,0,0
1613755176950,5,1010123456019,76,,1,2,5,1,2,,9.95531,179,59,0.097984,49,0,7.33333,,7.90909,11,0,0.1,3,0,0,31.9449,31,,167,170,,0,0,0,1
1613755177200,5,1010123456019,76,,1,2,5,1,2,,6.87016,362,0,0.166752,109,0,7,,0,0,0,0,0,0,0,0,0,,338,351,,0,0,0,0
1613755177450,5,1010123456019,76,,1,2,5,1,2,,10.462,158,0,0.099872,47,0,7.83333,,0,0,0,0,0,0,0,0,0,,136,137,,0,0,0,0
1613755177700,5,1010123456019,76,,1,2,5,1,2,,10.0328,244,217,0.129216,65,0,6.85714,,0,0,0,0,0,0,0,0,0,,211,212,,0,0,0,0
1613755177950,5,1010123456019,76,,1,2,5,1,2,,9.64336,143,30,0.085632,43,0,7.66667,,9.11539,26,0,0.1,7,57.1429,0,7.92546,31,,123,123,,0,0,0,6.53846
1613755178200,5,1010123456019,76,,1,2,5,1,2,,6.81293,294,0,0.122112,83,0,7.33333,,0,0,0,0,0,0,0,0,0,,265,272,,0,0,0,0
1613755178450,5,1010123456019,76,,1,2,5,1,2,,10.0349,172,0,0.101536,49,0,6.83333,,0,0,0,0,0,0,0,0,0,,145,146,,0,0,0,0
1613755178700,5,1010123456019,76,,1,2,5,1,2,,12.9412,153,77,0.133216,46,0,8.83333,,0,0,0,0,0,0,0,0,0,,139,144,,0,0,0,0
1613755178950,5,1010123456019,76,,1,2,5,1,2,,10.3559,118,0,0.075296,36,0,6.66667,,5.45455,33,0,0.1,10,80,0,5.06996,31,,105,105,,0,0,0,8.9697
1613755179200,5,1010123456019,76,,1,2,5,1,2,,9.81702,235,0,0.138816,67,0,7.33333,,0,0,0,0,0,0,0,0,0,,204,207,,0,0,0,0
1613755179450,5,1010123456019,76,,1,2,5,1,2,,6.8853,279,0,0.110368,80,0,6.16667,,0,0,0,0,0,0,0,0,0,,240,240,,0,0,0,0
1613755179700,5,1010123456019,76,,1,2,5,1,2,,10.2143,182,0,0.102016,50,0,7.28571,,0,0,0,0,0,0,0,0,0,,158,160,,0,0,0,0
1613755179950,5,1010123456019,76,,1,2,5,1,2,,8.69141,256,262,0.140608,69,0,7.16667,,13.2857,7,0,0.1,2,0,0,29.7247,31,,226,227,,0,0,0,1
1613755180200,5,1010123456019,76,,1,2,5,1,2,,6.57895,285,0,0.099712,81,0,6.33333,,0,0,0,0,0,0,0,0,0,,256,265,,0,0,0,0
1613755180450,5,1010123456019,76,,1,2,5,1,2,,7.57202,243,0,0.121568,78,0,5.83333,,0,0,0,0,0,0,0,0,0,,211,212,,0,0,0,0
1613755180700,5,1010123456019,76,,1,2,5,1,2,,10.0859,163,0,0.091456,47,0,7.28571,,0,0,0,0,0,0,0,0,0,,141,141,,0,0,0,0
1613755180950,5,1010123456019,76,,1,2,5,1,2,,9.1989,181,0,0.097248,53,0,7.33333,,13.5,8,0,0.1,2,0,0,27.9258,31,,160,161,,0,0,0,1
1613755181200,5,1010123456019,76,,1,2,5,1,2,,13.0074,135,0,0.116288,38,0,8.83333,,0,0,0,0,0,0,0,0,0,,118,122,,0,0,0,0
1613755181450,5,1010123456019,76,,1,2,5,1,2,,7.40252,318,0,0.15776,91,0,6,,0,0,0,0,0,0,0,0,0,,324,337,,0,0,0,0
1613755181700,5,1010123456019,76,,1,2,5,1,2,,9.83051,236,0,0.133696,66,0,8,,0,0,0,0,0,0,0,0,0,,201,201,,0,0,0,0
1613755181950,5,1010123456019,76,,1,2,5,1,2,,10.0076,262,30,0.146272,75,0,6.83333,,13.5,8,0,0.1,2,0,0,32.035,31,,229,230,,0,0,0,1
1613755182200,5,1010123456019,76,,1,2,5,1,2,,10.6185,173,0,0.11248,52,0,7.83333,,0,0,0,0,0,0,0,0,0,,153,154,,0,0,0,0
1613755182450,5,1010123456019,76,,1,2,5,1,2,,8.65969,191,158,0.0872,52,0,6.4,,0,0,0,0,0,0,0,0,0,,166,167,,0,0,0,0
1613755182700,5,1010123456019,76,,1,2,5,1,2,,9.69203,276,0,0.150656,79,0,6.71429,,0,0,0,0,0,0,0,0,0,,239,241,,0,0,0,0
1613755182950,5,1010123456019,76,,1,2,5,1,2,,10.0748,214,0,0.139104,65,0,7.5,,0,12,0,0,4,100,0,0,0,,191,194,,0,0,0,0
1613755183200,5,1010123456019,76,,1,2,5,1,2,,10.3956,182,0,0.111904,51,0,7.5,,0,0,0,0,0,0,0,0,0,,164,169,,0,0,0,0
1613755183450,5,1010123456019,76,,1,2,5,1,2,,11.8879,214,0,0.153792,62,0,9,,0,0,0,0,0,0,0,0,0,,184,185,,0,0,0,0
1613755183700,5,1010123456019,76,,1,2,5,1,2,,10.55,200,0,0.1232,57,0,8.71429,,0,0,0,0,0,0,0,0,0,,171,171,,0,0,0,0
1613755183950,5,1010123456019,76,,1,2,5,1,2,,10.6076,158,0,0.100992,45,0,6.83333,,14.7755,49,0,0.1,16,75,0,8.57074,31,,141,141,,0,0,0,7.42857
1613755184200,5,1010123456019,76,,1,2,5,1,2,,9.70386,233,0,0.134304,70,0,7.5,,0,0,0,0,0,0,0,0,0,,204,207,,0,0,0,0
1613755184450,5,1010123456019,76,,1,2,5,1,2,,6.33856,319,0,0.1344,86,0,7.66667,,0,0,0,0,0,0,0,0,0,,331,345,,0,0,0,0
1613755184700,5,1010123456019,76,,1,2,5,1,2,,9.20513,195,0,0.10192,57,0,6.85714,,0,0,0,0,0,0,0,0,0,,169,170,,0,0,0,0
1613755184950,5,1010123456019,76,,1,2,5,1,2,,9.42286,175,0,0.09472,50,0,7.16667,,15,76,0,0.226784,24,75,0,7.26249,31,,158,160,,0,0,0,7.63158
1613755185200,5,1010123456019,76,,1,2,5,1,2,,9.47232,271,0,0.140448,77,0,6.83333,,0,0,0,0,0,0,0,0,0,,238,242,,0,0,0,0
1613755185450,5,1010123456019,76,,1,2,5,1,2,,10.3957,235,0,0.150112,71,0,7.83333,,0,0,0,0,0,0,0,0,0,,200,202,,0,0,0,0
1613755185700,5,1010123456019,76,,1,2,5,1,2,,9.17316,231,58,0.118336,63,0,6.57143,,0,0,0,0,0,0,0,0,0,,198,198,,0,0,0,0
1613755185950,5,1010123456019,76,,1,2,5,1,2,,10.1075,214,0,0.128288,64,0,6.83333,,4,36,0,0.1,11,81.8182,0,5.30338,31,,194,196,,0,0,0,8.66667
1613755186200,5,1010123456019,76,,1,2,5,1,2,,9.69347,199,0,0.113152,58,0,7.16667,,0,0,0,0,0,0,0,0,0,,172,173,,0,0,0,0
1613755186450,5,1010123456019,76,,1,2,5,1,2,,6.87987,308,102,0.131456,85,0,6,,0,0,0,0,0,0,0,0,0,,270,273,,0,0,0,0
1613755186700,5,1010123456019,76,,1,2,5,1,2,,5.97959,196,0,0.078368,64,0,6.85714,,0,0,0,0,0,0,0,0,0,,169,170,,0,0,0,0
1613755186950,5,1010123456019,76,,1,2,5,1,2,,5.13213,333,342,0.10368,88,0,5.16667,,13.2857,7,0,0.1,2,0,0,32.2667,31,,297,300,,0,0,0,1
1613755187200,5,1010123456019,76,,1,2,5,1,2,,5.3225,431,186,0.168896,124,0,6,,0,0,0,0,0,0,0,0,0,,422,436,,0,0,0,0
1613755187450,5,1010123456019,76,,1,2,5,1,2,,8.61603,237,0,0.127168,72,0,8.16667,,0,0,0,0,0,0,0,0,0,,206,211,,0,0,0,0
1613755187700,5,1010123456019,76,,1,2,5,1,2,,4.35974,467,0,0.137664,136,0,6.28571,,0,0,0,0,0,0,0,0,0,,413,420,,0,0,0,0
1613755187950,5,1010123456019,76,,1,2,5,1,2,,10.354,226,0,0.141472,66,0,6.5,,15,15,0,0,4,100,0,1.44353,0,,203,205,,0,0,0,10
1613755188200,5,1010123456019,76,,1,2,5,1,2,,10.3319,226,164,0.126144,60,0,8.2,,0,0,0,0,0,0,0,0,0,,193,194,,0,0,0,0
1613755188450,5,1010123456019,76,,1,2,5,1,2,,10.4062,160,0,0.094496,45,0,8.33333,,0,0,0,0,0,0,0,0,0,,135,135,,0,0,0,0
1613755188700,5,1010123456019,76,,1,2,5,1,2,,5.95225,377,0,0.161984,114,0,6.57143,,0,0,0,0,0,0,0,0,0,,379,390,,0,0,0,0
1613755188950,5,1010123456019,76,,1,2,5,1,2,,10.022,227,0,0.1344,65,0,6.6,,0.1,19,0,0.1,6,66.6667,0,8.08007,31,,214,218,,0,0,0,6.68421
1613755189200,5,1010123456019,76,,1,2,5,1,2,,11.375,192,0,0.153888,58,0,7.83333,,0,0,0,0,0,0,0,0,0,,178,183,,0,0,0,0
1613755189450,5,1010123456019,76,,1,2,5,1,2,,9.22407,241,7,0.119488,66,0,6.5,,0,0,0,0,0,0,0,0,0,,210,213,,0,0,0,0
1613755189700,5,1010123456019,76,,1,2,5,1,2,,9.32363,309,0,0.162496,89,0,6.57143,,0,0,0,0,0,0,0,0,0,,271,273,,0,0,0,0
1613755189950,5,1010123456019,76,,1,2,5,1,2,,9.63917,194,0,0.108032,57,0,6.5,,0,11,0,0,4,100,0,0,0,,173,175,,0,0,0,0
1613755190200,5,1010123456019,76,,1,2,5,1,2,,10.3506,271,0,0.168288,77,0,8,,0,0,0,0,0,0,0,0,0,,246,252,,0,0,0,0
1613755190450,5,1010123456019,76,,1,2,5,1,2,,4.68323,161,400,0.063008,42,0,6.5,,0,0,0,0,0,0,0,0,0,,163,174,,0,0,0,0
1613755190700,5,1010123456019,76,,1,2,5,1,2,,9.34715,193,0,0.114368,63,0,6.57143,,0,0,0,0,0,0,0,0,0,,185,187,,0,0,0,0
1613755190950,5,1010123456019,76,,1,2,5,1,2,,9.01111,180,0,0.09136,48,0,7.16667,,0,12,0,0,4,100,0,0,0,,162,163,,0,0,0,0
1613755191200,5,1010123456019,76,,1,2,5,1,2,,10.3889,162,0,0.102272,50,0,7,,3.91304,23,0,0.1,7,71.4286,0,10.9596,31,,143,145,,0,0,0,6.86957
1613755191450,5,1010123456019,76,,1,2,5,1,2,,7.96226,265,7,0.110112,73,0,6,,3.375,16,0,0.1,5,60,0,1.52635,0,,231,231,,0,0,0,6.4375
1613755191700,5,1010123456019,76,,1,2,5,1,2,,8.04301,279,0,0.126464,80,0,5.57143,,0,0,0,0,0,0,0,0,0,,239,241,,0,0,0,0
1613755191950,5,1010123456019,76,,1,2,5,1,2,,7.03125,256,356,0.112128,68,0,5.66667,,0.1,16,0,0.1,5,20,0,5.04105,31,,228,231,,0,0,0,3.75
1613755192200,5,1010123456019,76,,1,2,5,1,2,,8.46008,263,0,0.164768,84,0,7.83333,,0,0,0,0,0,0,0,0,0,,280,284,,0,0,0,0
1613755192450,5,1010123456019,76,,1,2,5,1,2,,8.66953,233,0,0.108768,63,0,7.66667,,0,0,0,0,0,0,0,0,0,,200,202,,0,0,0,0
1613755192700,5,1010123456019,76,,1,2,5,1,2,,5.87973,449,0,0.172384,127,0,5.71429,,0,0,0,0,0,0,0,0,0,,459,471,,0,0,0,0
1613755192950,5,1010123456019,76,,1,2,5,1,2,,9.82632,190,0,0.11408,58,0,6.66667,,0,6,0,0.1,2,0,0,0,31,,167,169,,0,0,0,0
1613755193200,5,1010123456019,76,,1,2,5,1,2,,10.4538,238,60,0.139296,66,0,8.5,,0,0,0,0,0,0,0,0,0,,205,206,,0,0,0,0
1613755193450,5,1010123456019,76,,1,2,5,1,2,,11.3981,216,0,0.144,61,0,8.83333,,0,0,0,0,0,0,0,0,0,,185,187,,0,0,0,0
1613755193700,5,1010123456019,76,,1,2,5,1,2,,5.25379,264,0,0.09488,74,0,6,,0,0,0,0,0,0,0,0,0,,251,261,,0,0,0,0
1613755193950,5,1010123456019,76,,1,2,5,1,2,,9.49798,247,30,0.135264,73,0,6.83333,,13.7143,7,0,0.1,2,0,0,31.1346,31,,217,218,,0,0,0,1
1613755194200,5,1010123456019,76,,1,2,5,1,2,,10.4565,138,0,0.084896,38,0,8.2,,0,0,0,0,0,0,0,0,0,,117,117,,0,0,0,0
1613755194450,5,1010123456019,76,,1,2,5,1,2,,9.19466,262,0,0.137056,76,0,6.8,,0,0,0,0,0,0,0,0,0,,225,225,,0,0,0,0
1613755194700,5,1010123456019,76,,1,2,5,1,2,,10.1429,175,99,0.092768,48,0,7.28571,,0,0,0,0,0,0,0,0,0,,151,152,,0,0,0,0
1613755194950,5,1010123456019,76,,1,2,5,1,2,,9.23153,203,99,0.115488,64,0,6.6,,0,12,0,0,4,100,0,0,0,,184,185,,0,0,0,0
1613755195200,5,1010123456019,76,,1,2,5,1,2,,9.26582,79,7,0.037824,21,0,7.83333,,0,0,0,0,0,0,0,0,0,,69,69,,0,0,0,0
1613755195450,5,1010123456019,76,,1,2,5,1,2,,5.85862,290,158,0.106272,84,0,5.5,,0,0,0,0,0,0,0,0,0,,255,260,,0,0,0,0
1613755195700,5,1010123456019,76,,1,2,5,1,2,,4.79028,391,0,0.125184,112,0,6.85714,,0,0,0,0,0,0,0,0,0,,376,383,,0,0,0,0
1613755195950,5,1010123456019,76,,1,2,5,1,2,,5.42456,285,0,0.105984,83,0,6.16667,,0.1,11,0,0,4,100,0,0.541539,0,,269,273,,0,0,0,10
1613755196200,5,1010123456019,76,,1,2,5,1,2,,10.287,216,0,0.128864,61,0,8.33333,,0.1,11,0,0.1,3,33.3333,0,0.84431,31,,188,191,,0,0,0,6.63636
1613755196450,5,1010123456019,76,,1,2,5,1,2,,6.65683,271,690,0.11968,71,0,6.83333,,0,0,0,0,0,0,0,0,0,,272,275,,0,0,0,0
1613755196700,5,1010123456019,76,,1,2,5,1,2,,8.00328,305,0,0.167648,95,0,7.28571,,0,0,0,0,0,0,0,0,0,,292,297,,0,0,0,0
1613755196950,5,1010123456019,76,,1,2,5,1,2,,9.852,250,0,0.150016,74,0,7,,0,12,0,0,4,100,0,0,0,,227,232,,0,0,0,0
1613755197200,5,1010123456019,76,,1,2,5,1,2,,9.69948,193,0,0.103232,55,0,6.83333,,0.1,11,0,0.1,3,33.3333,0,1.68382,31,,166,167,,0,0,0,4.63636
1613755197450,5,1010123456019,76,,1,2,5,1,2,,9.22642,159,0,0.081024,44,0,7.33333,,0,0,0,0,0,0,0,0,0,,141,143,,0,0,0,0
1613755197700,5,1010123456019,76,,1,2,5,1,2,,8.99505,202,0,0.107872,59,0,6.85714,,0,0,0,0,0,0,0,0,0,,174,174,,0,0,0,0
1613755197950,5,1010123456019,76,,1,2,5,1,2,,8.48029,279,0,0.139776,83,0,6.5,,15,80,0,0.151712,24,75,0,7.75078,31,,255,258,,0,0,0,7.6375
1613755198200,5,1010123456019,76,,1,2,5,1,2,,6.4788,401,0,0.157536,115,0,6,,0,0,0,0,0,0,0,0,0,,361,370,,0,0,0,0
1613755198450,5,1010123456019,76,,1,2,5,1,2,,9.98696,230,7,0.13424,65,0,6.66667,,0,0,0,0,0,0,0,0,0,,213,218,,0,0,0,0
1613755198700,5,1010123456019,76,,1,2,5,1,2,,9.10191,157,0,0.087072,47,0,6.42857,,0,0,0,0,0,0,0,0,0,,138,140,,0,0,0,0
1613755198950,5,1010123456019,76,,1,2,5,1,2,,7.27273,187,0,0.082496,54,0,6.83333,,13,19,0,0.1,6,66.6667,0,17.2827,31,,164,166,,0,0,0,6.68421
1613755199200,5,1010123456019,76,,1,2,5,1,2,,6.26054,261,611,0.096896,66,0,6.16667,,0,0,0,0,0,0,0,0,0,,246,248,,0,0,0,0
1613755199450,5,1010123456019,76,,1,2,5,1,2,,7.72348,264,0,0.118112,79,0,6.5,,0,0,0,0,0,0,0,0,0,,257,258,,0,0,0,0
1613755199700,5,1010123456019,76,,1,2,5,1,2,,10.7664,214,99,0.144288,66,0,7.71429,,0,0,0,0,0,0,0,0,0,,186,186,,0,0,0,0
1613755199950,5,1010123456019,76,,1,2,5,1,2,,7.54839,248,248,0.106624,64,0,6,,13.7143,7,0,0.1,2,0,0,31.0805,31,,224,231,,0,0,0,1
1613755200200,5,1010123456019,76,,1,2,5,1,2,,8.42857,343,99,0.17664,102,0,7.33333,,0,0,0,0,0,0,0,0,0,,313,328,,0,0,0,0
1613755200450,5,1010123456019,76,,1,2,5,1,2,,9.74026,231,0,0.128864,67,0,7,,0,0,0,0,0,0,0,0,0,,199,200,,0,0,0,0
1613755200700,5,1010123456019,76,,1,2,5,1,2,,5.53763,279,0,0.09584,81,0,6.71429,,0,0,0,0,0,0,0,0,0,,243,243,,0,0,0,0
1613755200950,5,1010123456019,76,,1,2,5,1,2,,9.41919,198,0,0.113248,62,0,6.83333,,5.91176,34,0,0.1,10,80,0,3.43294,31,,178,179,,0,0,0,8.26471
1613755201200,5,1010123456019,76,,1,2,5,1,2,,9.35426,223,60,0.113728,63,0,6.6,,0,0,0,0,0,0,0,0,0,,196,197,,0,0,0,0
1613755201450,5,1010123456019,76,,1,2,5,1,2,,5.7821,257,0,0.089088,69,0,8.5,,0,0,0,0,0,0,0,0,0,,219,219,,0,0,0,0
1613755201700,5,1010123456019,76,,1,2,5,1,2,,9.04854,309,367,0.172928,86,0,5.57143,,0,0,0,0,0,0,0,0,0,,279,284,,0,0,0,0
1613755201950,5,1010123456019,76,,1,2,5,1,2,,5.63514,296,0,0.120992,92,0,7.33333,,0.1,25,0,0.1,7,42.8571,0,4.18048,31,,325,327,,0,0,0,6.24
1613755202200,5,1010123456019,76,,1,2,5,1,2,,9.3349,212,0,0.113984,62,0,6.5,,0,0,0,0,0,0,0,0,0,,189,191,,0,0,0,0
1613755202450,5,1010123456019,76,,1,2,5,1,2,,7.37912,364,164,0.174432,99,0,6.83333,,0,0,0,0,0,0,0,0,0,,350,363,,0,0,0,0
1613755202700,5,1010123456019,76,,1,2,5,1,2,,6.03896,385,0,0.150464,113,0,6,,0,0,0,0,0,0,0,0,0,,356,366,,0,0,0,0
1613755202950,5,1010123456019,76,,1,2,5,1,2,,11.8235,153,99,0.116864,47,0,8.16667,,5.33333,36,0,0.1,10,80,0,7.1083,31,,138,141,,0,0,0,8
1613755203200,5,1010123456019,76,,1,2,5,1,2,,10.2994,177,0,0.106528,51,0,8.83333,,0,0,0,0,0,0,0,0,0,,150,150,,0,0,0,0
1613755203450,5,1010123456019,76,,1,2,5,1,2,,10.6641,128,0,0.079808,34,0,8.5,,0,0,0,0,0,0,0,0,0,,111,111,,0,0,0,0
1613755203700,5,1010123456019,76,,1,2,5,1,2,,6.25602,332,0,0.141216,97,0,6.71429,,0,0,0,0,0,0,0,0,0,,341,347,,0,0,0,0
1613755203950,5,1010123456019,76,,1,2,5,1,2,,10.125,168,0,0.098752,49,0,6.5,,0.1,12,0,0,4,100,0,1.1319,0,,146,148,,0,0,0,10
1613755204200,5,1010123456019,76,,1,2,5,1,2,,6.64407,236,0,0.101088,65,0,7.66667,,2.57143,7,0,0.1,2,0,0,14.8159,31,,204,207,,0,0,0,1.85714
1613755204450,5,1010123456019,76,,1,2,5,1,2,,3.31157,536,0,0.158496,156,0,4.8,,0,0,0,0,0,0,0,0,0,,687,698,,0,0,0,0
1613755204700,5,1010123456019,76,,1,2,5,1,2,,8.25,128,0,0.054944,34,0,6,,0,0,0,0,0,0,0,0,0,,111,111,,0,0,0,0
1613755204950,5,1010123456019,76,,1,2,5,1,2,,9.11579,190,0,0.09744,55,0,6.5,,8.75676,37,0,0.1,11,72.7273,0,6.1899,31,,166,167,,0,0,0,7.64865
1613755205200,5,1010123456019,76,,1,2,5,1,2,,9.46667,195,0,0.107904,59,0,6.83333,,0,0,0,0,0,0,0,0,0,,168,168,,0,0,0,0
1613755205450,5,1010123456019,76,,1,2,5,1,2,,9.75974,308,0,0.16208,85,0,6.8,,0,0,0,0,0,0,0,0,0,,265,266,,0,0,0,0
1613755205700,5,1010123456019,76,,1,2,5,1,2,,9.97561,205,0,0.118624,58,0,7,,0,0,0,0,0,0,0,0,0,,181,185,,0,0,0,0
1613755205950,5,1010123456019,76,,1,2,5,1,2,,6.94688,320,0,0.141312,92,0,5.83333,,14.4103,78,0,0.11744,25,80,0,7.63038,31,,337,348,,0,0,0,7.88462
1613755206200,5,1010123456019,76,,1,2,5,1,2,,10.9769,260,0,0.178048,81,0,7.66667,,0,0,0,0,0,0,0,0,0,,228,231,,0,0,0,0
1613755206450,5,1010123456019,76,,1,2,5,1,2,,9.50838,179,0,0.091744,49,0,7,,0,0,0,0,0,0,0,0,0,,154,155,,0,0,0,0
1613755206700,5,1010123456019,76,,1,2,5,1,2,,11.6474,190,30,0.12912,53,0,8.85714,,0,0,0,0,0,0,0,0,0,,165,165,,0,0,0,0
1613755206950,5,1010123456019,76,,1,2,5,1,2,,5.41528,301,49,0.110496,86,0,5.83333,,7.38462,26,0,0.1,7,57.1429,0,6.3773,31,,327,336,,0,0,0,6.69231
1613755207200,5,1010123456019,76,,1,2,5,1,2,,12.0108,185,0,0.133952,55,0,8.5,,0,0,0,0,0,0,0,0,0,,159,159,,0,0,0,0
1613755207450,5,1010123456019,76,,1,2,5,1,2,,8.6579,266,0,0.145984,74,0,7.33333,,0,0,0,0,0,0,0,0,0,,233,236,,0,0,0,0
1613755207700,5,1010123456019,76,,1,2,5,1,2,,3.41438,473,0,0.120832,132,0,5.14286,,0,0,0,0,0,0,0,0,0,,490,513,,0,0,0,0
1613755207950,5,1010123456019,76,,1,2,5,1,2,,9.21076,223,0,0.124064,69,0,6.5,,0.1,39,0,0.1,12,66.6667,0,0.804431,31,,193,194,,0,0,0,7.69231
1613755208200,5,1010123456019,76,,1,2,5,1,2,,9.31535,241,0,0.126848,68,0,6.66667,,0,0,0,0,0,0,0,0,0,,211,215,,0,0,0,0
1613755208450,5,1010123456019,76,,1,2,5,1,2,,8.68772,285,99,0.140992,82,0,7,,0,0,0,0,0,0,0,0,0,,241,242,,0,0,0,0
1613755208700,5,1010123456019,76,,1,2,5,1,2,,3.63143,350,0,0.075552,94,0,4.85714,,0,0,0,0,0,0,0,0,0,,298,299,,0,0,0,0
1613755208950,5,1010123456019,76,,1,2,5,1,2,,10.2295,183,0,0.114784,58,0,8.16667,,0.1,23,0,0.1,7,28.5714,0,6.97458,31,,160,161,,0,0,0,4.17391
1613755209200,5,1010123456019,76,,1,2,5,1,2,,10.7378,225,0,0.138624,64,0,7.83333,,0,0,0,0,0,0,0,0,0,,195,195,,0,0,0,0
1613755209450,5,1010123456019,76,,1,2,5,1,2,,2.99497,597,0,0.142592,173,0,4.16667,,0,0,0,0,0,0,0,0,0,,559,579,,0,0,0,0
1613755209700,5,1010123456019,76,,1,2,5,1,2,,9.56019,216,5,0.107936,56,0,7,,0,0,0,0,0,0,0,0,0,,188,190,,0,0,0,0
1613755209950,5,1010123456019,76,,1,2,5,1,2,,9.11618,241,0,0.127328,73,0,6.4,,7.90909,11,0,0.1,3,0,0,30.6267,31,,217,218,,0,0,0,1
1613755210200,5,1010123456019,76,,1,2,5,1,2,,10.9349,169,0,0.114752,52,0,8.83333,,0,0,0,0,0,0,0,0,0,,142,143,,0,0,0,0
1613755210450,5,1010123456019,76,,1,2,5,1,2,,3.72877,365,627,0.110752,97,0,6.16667,,0,0,0,0,0,0,0,0,0,,395,397,,0,0,0,0
1613755210700,5,1010123456019,76,,1,2,5,1,2,,5.46491,342,158,0.110656,98,0,5.71429,,0,0,0,0,0,0,0,0,0,,318,327,,0,0,0,0
1613755210950,5,1010123456019,76,,1,2,5,1,2,,7.09278,291,0,0.13232,87,0,6.16667,,13.2857,7,0,0.1,2,0,0,30.3861,31,,252,252,,0,0,0,1
1613755211200,5,1010123456019,76,,1,2,5,1,2,,9.93578,218,0,0.128896,65,0,7.33333,,0,0,0,0,0,0,0,0,0,,186,186,,0,0,0,0
1613755211450,5,1010123456019,76,,1,2,5,1,2,,10.3439,253,0,0.139616,70,0,7.83333,,0,0,0,0,0,0,0,0,0,,220,221,,0,0,0,0
1613755211700,5,1010123456019,76,,1,2,5,1,2,,11.3981,211,0,0.163712,64,0,8,,0,0,0,0,0,0,0,0,0,,186,187,,0,0,0,0
1613755211950,5,1010123456019,76,,1,2,5,1,2,,8.26923,286,0,0.13632,82,0,6,,13.2857,7,0,0.1,2,0,0,32.4676,31,,256,262,,0,0,0,1
1613755212200,5,1010123456019,76,,1,2,5,1,2,,9.60086,233,0,0.118144,63,0,6.66667,,0,0,0,0,0,0,0,0,0,,203,205,,0,0,0,0
1613755212450,5,1010123456019,76,,1,2,5,1,2,,11.25,196,0,0.127904,55,0,8.66667,,0,0,0,0,0,0,0,0,0,,171,174,,0,0,0,0
1613755212700,5,1010123456019,76,,1,2,5,1,2,,5.84483,232,0,0.1104,71,0,7,,0,0,0,0,0,0,0,0,0,,229,242,,0,0,0,0
1613755212950,5,1010123456019,76,,1,2,5,1,2,,10.9433,194,0,0.122912,54,0,8.33333,,15.7808,73,0,0.206848,24,75,0,9.6101,31,,171,174,,0,0,0,7.53425
1613755213200,5,1010123456019,76,,1,2,5,1,2,,6.74038,312,30,0.13168,89,0,7.16667,,0,0,0,0,0,0,0,0,0,,270,273,,0,0,0,0
1613755213450,5,1010123456019,76,,1,2,5,1,2,,9.57143,182,0,0.102144,55,0,7.83333,,0,0,0,0,0,0,0,0,0,,160,161,,0,0,0,0
1613755213700,5,1010123456019,76,,1,2,5,1,2,,10.7391,138,0,0.080896,36,0,6.85714,,0,0,0,0,0,0,0,0,0,,121,121,,0,0,0,0
1613755213950,5,1010123456019,76,,1,2,5,1,2,,6.13613,191,248,0.077984,50,0,6.33333,,8.59459,37,0,0.1,11,72.7273,0,2.94953,31,,168,171,,0,0,0,7.56757
1613755214200,5,1010123456019,76,,1,2,5,1,2,,6.63274,226,0,0.10352,73,0,7.33333,,0,0,0,0,0,0,0,0,0,,225,229,,0,0,0,0
1613755214450,5,1010123456019,76,,1,2,5,1,2,,9.37153,288,0,0.14608,80,0,6.5,,0,0,0,0,0,0,0,0,0,,252,255,,0,0,0,0
1613755214700,5,1010123456019,76,,1,2,5,1,2,,9.51376,327,0,0.17824,96,0,6.71429,,0,0,0,0,0,0,0,0,0,,281,283,,0,0,0,0
1613755214950,5,1010123456019,76,,1,2,5,1,2,,5.20952,315,0,0.107872,96,0,4.5,,15.2871,101,0,0.1,33,87.8788,0,4.39004,31,,297,300,,0,0,0,8.9703
1613755215200,5,1010123456019,76,,1,2,5,1,2,,10.1145,227,0,0.12496,61,0,7.33333,,0,0,0,0,0,0,0,0,0,,201,202,,0,0,0,0
1613755215450,5,1010123456019,76,,1,2,5,1,2,,10.0794,277,0,0.164416,80,0,7.5,,0,0,0,0,0,0,0,0,0,,238,239,,0,0,0,0
1613755215700,5,1010123456019,76,,1,2,5,1,2,,9.3421,152,0,0.087488,47,0,6.85714,,0,0,0,0,0,0,0,0,0,,130,131,,0,0,0,0
1613755215950,5,1010123456019,76,,1,2,5,1,2,,10.53,283,0,0.171648,79,0,7.83333,,8.8,10,0,0.1,3,0,0,30.5702,31,,251,256,,0,0,0,1
1613755216200,5,1010123456019,76,,1,2,5,1,2,,9.35294,221,0,0.113664,62,0,7,,0,0,0,0,0,0,0,0,0,,187,188,,0,0,0,0
1613755216450,5,1010123456019,76,,1,2,5,1,2,,11.0784,102,0,0.074848,31,0,9.5,,0,0,0,0,0,0,0,0,0,,89,91,,0,0,0,0
1613755216700,5,1010123456019,76,,1,2,5,1,2,,7.67897,271,0,0.125728,78,0,7.28571,,0,0,0,0,0,0,0,0,0,,242,251,,0,0,0,0
1613755216950,5,1010123456019,76,,1,2,5,1,2,,9.5,294,0,0.158848,86,0,6.6,,4.95349,43,0,0.1,12,83.3333,0,3.38553,31,,265,266,,0,0,0,8.62791
1613755217200,5,1010123456019,76,,1,2,5,1,2,,11.7935,184,0,0.125152,50,0,8.16667,,0,0,0,0,0,0,0,0,0,,159,162,,0,0,0,0
1613755217450,5,1010123456019,76,,1,2,5,1,2,,9.22041,245,0,0.134752,72,0,6.5,,0,0,0,0,0,0,0,0,0,,216,219,,0,0,0,0
1613755217700,5,1010123456019,76,,1,2,5,1,2,,8.44138,145,0,0.066144,41,0,6.42857,,0,0,0,0,0,0,0,0,0,,123,123,,0,0,0,0
1613755217950,5,1010123456019,76,,1,2,5,1,2,,10.16,175,0,0.112416,53,0,7.83333,,0.1,13,0,0,4,100,0,1.12745,0,,170,175,,0,0,0,10
1613755218200,5,1010123456019,76,,1,2,5,1,2,,10.3161,155,30,0.101976,48,0,8,,4.36364,11,0,0.1,3,66.6667,0,8.73302,31,,137,139,,0,0,0,7.54545
1613755218450,5,1010123456019,76,,1,2,5,1,2,,10.2818,330,0,0.188704,92,0,6.83333,,3.78947,38,0,0.1,10,70,0,4.11541,0,,293,298,,0,0,0,7.81579
1613755218700,5,1010123456019,76,,1,2,5,1,2,,9.90588,255,60,0.14416,74,0,6.85714,,0,0,0,0,0,0,0,0,0,,223,224,,0,0,0,0
1613755218950,5,1010123456019,76,,1,2,5,1,2,,5.7688,359,0,0.144544,108,0,6,,15.25,64,0,0.120736,20,80,0,6.34865,31,,331,343,,0,0,0,8.03125
1613755219200,5,1010123456019,76,,1,2,5,1,2,,9.42703,185,0,0.102176,53,0,7.16667,,0,0,0,0,0,0,0,0,0,,160,161,,0,0,0,0
1613755219450,5,1010123456019,76,,1,2,5,1,2,,9.43191,257,99,0.13456,71,0,6.83333,,0,0,0,0,0,0,0,0,0,,231,233,,0,0,0,0
1613755219700,5,1010123456019,76,,1,2,5,1,2,,10.3486,109,113,0.0696,34,0,7.71429,,0,0,0,0,0,0,0,0,0,,93,93,,0,0,0,0
1613755219950,5,1010123456019,76,,1,2,5,1,2,,6.6729,321,0,0.13232,89,0,7,,12.8421,19,0,0.1,6,66.6667,0,10.6523,31,,315,321,,0,0,0,7.15789
1613755220200,5,1010123456019,76,,1,2,5,1,2,,8.39925,268,158,0.125248,74,0,7,,0,0,0,0,0,0,0,0,0,,233,235,,0,0,0,0
1613755220450,5,1010123456019,76,,1,2,5,1,2,,3.99699,332,0,0.119328,101,0,6.33333,,0,0,0,0,0,0,0,0,0,,342,359,,0,0,0,0
1613755220700,5,1010123456019,76,,1,2,5,1,2,,9.61539,221,0,0.118656,61,0,7.42857,,0,0,0,0,0,0,0,0,0,,191,193,,0,0,0,0
1613755220950,5,1010123456019,76,,1,2,5,1,2,,11.6331,139,0,0.101408,41,0,8,,0.1,14,0,0,4,100,0,0.454576,0,,118,119,,0,0,0,10
1613755221200,5,1010123456019,76,,1,2,5,1,2,,7.18116,276,405,0.11584,72,0,6.16667,,4.36364,11,0,0.1,3,66.6667,0,7.68789,31,,285,290,,0,0,0,7.54545
1613755221450,5,1010123456019,76,,1,2,5,1,2,,8.25694,288,0,0.142496,88,0,6.83333,,6.16216,111,0,0.1,30,83.3333,0,7.66746,31,,257,264,,0,0,0,8.78378
1613755221700,5,1010123456019,76,,1,2,5,1,2,,8.86316,190,97,0.095104,53,0,6.57143,,1.6,15,0,0.1,4,50,0,0.991076,31,,169,171,,0,0,0,6.46667
1613755221950,5,1010123456019,76,,1,2,5,1,2,,6.34758,351,28,0.129184,104,0,5.33333,,15.1351,74,0,0.163808,25,80,0,6.6296,31,,318,318,,0,0,0,8.05405
1613755222200,5,1010123456019,76,,1,2,5,1,2,,10.2017,233,0,0.134048,67,0,7,,0,0,0,0,0,0,0,0,0,,195,195,,0,0,0,0
1613755222450,5,1010123456019,76,,1,2,5,1,2,,10.7315,149,0,0.101056,47,0,8,,0,0,0,0,0,0,0,0,0,,132,132,,0,0,0,0
1613755222700,5,1010123456019,76,,1,2,5,1,2,,8.24272,206,0,0.109856,57,0,7.28571,,0,0,0,0,0,0,0,0,0,,193,197,,0,0,0,0
1613755222950,5,1010123456019,76,,1,2,5,1,2,,9.59504,121,113,0.067936,37,0,6.5,,0,3,0,0.1,1,0,0,0,0,,108,108,,0,0,0,0
1613755223200,5,1010123456019,76,,1,2,5,1,2,,10.6948,249,0,0.161696,73,0,8.16667,,0,0,0,0,0,0,0,0,0,,223,228,,0,0,0,0
1613755223450,5,1010123456019,76,,1,2,5,1,2,,10.4833,209,99,0.133984,60,0,8.33333,,0,0,0,0,0,0,0,0,0,,185,187,,0,0,0,0
1613755223700,5,1010123456019,76,,1,2,5,1,2,,9.81961,255,0,0.139936,71,0,7.42857,,0,0,0,0,0,0,0,0,0,,225,229,,0,0,0,0
1613755223950,5,1010123456019,76,,1,2,5,1,2,,10.0855,152,0,0.081216,43,0,7.5,,13.5,8,0,0.1,2,0,0,33.0407,31,,132,132,,0,0,0,1
1613755224200,5,1010123456019,76,,1,2,5,1,2,,10.2644,261,0,0.160832,76,0,7.66667,,0,0,0,0,0,0,0,0,0,,227,229,,0,0,0,0
1613755224450,5,1010123456019,76,,1,2,5,1,2,,11.8646,96,111,0.07392,29,0,8.83333,,0,0,0,0,0,0,0,0,0,,85,86,,0,0,0,0
1613755224700,5,1010123456019,76,,1,2,5,1,2,,12.0684,234,0,0.169792,66,0,8,,0,0,0,0,0,0,0,0,0,,205,208,,0,0,0,0
1613755224950,5,1010123456019,76,,1,2,5,1,2,,8.82121,330,0,0.173984,97,0,6.16667,,13.2857,7,0,0.1,2,0,0,30.1455,31,,293,299,,0,0,0,1
1613755225200,5,1010123456019,76,,1,2,5,1,2,,9.79891,184,0,0.097056,50,0,7.66667,,0,0,0,0,0,0,0,0,0,,160,161,,0,0,0,0
1613755225450,5,1010123456019,76,,1,2,5,1,2,,9.9476,229,0,0.129344,66,0,7,,0,0,0,0,0,0,0,0,0,,197,199,,0,0,0,0
1613755225700,5,1010123456019,76,,1,2,5,1,2,,5.91429,315,0,0.122208,90,0,5.85714,,0,0,0,0,0,0,0,0,0,,309,315,,0,0,0,0
1613755225950,5,1010123456019,76,,1,2,5,1,2,,9.28283,198,99,0.113408,61,0,6.66667,,9.23077,26,0,0.1,7,57.1429,0,9.64996,31,,181,183,,0,0,0,6.30769
1613755226200,5,1010123456019,76,,1,2,5,1,2,,5.983,353,0,0.138752,100,0,6.2,,0,0,0,0,0,0,0,0,0,,401,408,,0,0,0,0
1613755226450,5,1010123456019,76,,1,2,5,1,2,,7.03345,299,0,0.157344,89,0,8,,0,0,0,0,0,0,0,0,0,,318,332,,0,0,0,0
1613755226700,5,1010123456019,76,,1,2,5,1,2,,8.03346,269,158,0.12592,76,0,6,,0,0,0,0,0,0,0,0,0,,239,246,,0,0,0,0
1613755226950,5,1010123456019,76,,1,2,5,1,2,,6.2006,334,121,0.132672,93,0,5.66667,,4.62105,95,0,0.1,28,78.5714,0,5.32185,31,,323,330,,0,0,0,8.26316
1613755227200,5,1010123456019,76,,1,2,5,1,2,,9.07089,268,0,0.145024,76,0,8.66667,,0,0,0,0,0,0,0,0,0,,231,232,,0,0,0,0
1613755227450,5,1010123456019,76,,1,2,5,1,2,,7.54513,277,0,0.13712,84,0,7,,0,0,0,0,0,0,0,0,0,,238,239,,0,0,0,0
1613755227700,5,1010123456019,76,,1,2,5,1,2,,10.0468,171,0,0.096768,47,0,7.42857,,0,0,0,0,0,0,0,0,0,,153,155,,0,0,0,0
1613755227950,5,1010123456019,76,,1,2,5,1,2,,7.95067,223,0,0.098208,60,0,6.16667,,15.0843,83,0,0.111584,28,85.7143,0,4.51475,31,,194,196,,0,0,0,8.80723
1613755228200,5,1010123456019,76,,1,2,5,1,2,,8.09864,294,0,0.144064,88,0,6.5,,0,0,0,0,0,0,0,0,0,,261,261,,0,0,0,0
1613755228450,5,1010123456019,76,,1,2,5,1,2,,10.3228,189,0,0.12192,59,0,8.16667,,0,0,0,0,0,0,0,0,0,,165,166,,0,0,0,0
1613755228700,5,1010123456019,76,,1,2,5,1,2,,6.95846,337,0,0.123584,89,0,6.14286,,0,0,0,0,0,0,0,0,0,,303,309,,0,0,0,0
1613755228950,5,1010123456019,76,,1,2,5,1,2,,9.43682,277,162,0.16032,85,0,6.66667,,6.78261,23,0,0.1,7,57.1429,0,8.84202,31,,247,249,,0,0,0,6.26087
1613755229200,5,1010123456019,76,,1,2,5,1,2,,10.0497,181,158,0.107648,55,0,7.83333,,0,0,0,0,0,0,0,0,0,,153,153,,0,0,0,0
1613755229450,5,1010123456019,76,,1,2,5,1,2,,9.51339,224,30,0.123424,62,0,7.33333,,0,0,0,0,0,0,0,0,0,,199,203,,0,0,0,0
1613755229700,5,1010123456019,76,,1,2,5,1,2,,11.2434,189,0,0.133632,57,0,7.14286,,0,0,0,0,0,0,0,0,0,,165,168,,0,0,0,0
1613755229950,5,1010123456019,76,,1,2,5,1,2,,3.47592,353,0,0.093728,101,0,6.66667,,4.875,32,0,0.1,10,80,0,3.17731,31,,332,345,,0,0,0,8.3125
1613755230200,5,1010123456019,76,,1,2,5,1,2,,10.5462,238,0,0.141024,66,0,7.5,,0,0,0,0,0,0,0,0,0,,206,208,,0,0,0,0
1613755230450,5,1010123456019,76,,1,2,5,1,2,,5.67241,290,0,0.11392,86,0,6.6,,0,0,0,0,0,0,0,0,0,,253,254,,0,0,0,0
1613755230700,5,1010123456019,76,,1,2,5,1,2,,10.0791,177,0,0.102112,48,0,6.57143,,0,0,0,0,0,0,0,0,0,,159,163,,0,0,0,0
1613755230950,5,1010123456019,76,,1,2,5,1,2,,9.841,239,0,0.140576,72,0,6.66667,,10.0667,15,0,0.1,4,0,0,29.4965,31,,210,213,,0,0,0,1
1613755231200,5,1010123456019,76,,1,2,5,1,2,,8.79167,144,0,0.070368,41,0,6.66667,,0,0,0,0,0,0,0,0,0,,123,123,,0,0,0,0
1613755231450,5,1010123456019,76,,1,2,5,1,2,,10.1582,177,0,0.11216,51,0,7.5,,0,0,0,0,0,0,0,0,0,,159,161,,0,0,0,0
1613755231700,5,1010123456019,76,,1,2,5,1,2,,9.73485,264,0,0.139456,70,0,6.85714,,0,0,0,0,0,0,0,0,0,,236,238,,0,0,0,0
1613755231950,5,1010123456019,76,,1,2,5,1,2,,9.41398,186,0,0.10768,56,0,6.83333,,14,6,0,0.1,2,0,0,31.5117,31,,164,167,,0,0,0,1
1613755232200,5,1010123456019,76,,1,2,5,1,2,,12.2768,112,118,0.084544,29,0,9.33333,,0,0,0,0,0,0,0,0,0,,97,98,,0,0,0,0
1613755232450,5,1010123456019,76,,1,2,5,1,2,,9.83537,164,0,0.107648,53,0,6.66667,,0,0,0,0,0,0,0,0,0,,145,149,,0,0,0,0
1613755232700,5,1010123456019,76,,1,2,5,1,2,,6.25857,321,158,0.126368,88,0,7,,0,0,0,0,0,0,0,0,0,,280,285,,0,0,0,0
1613755232950,5,1010123456019,76,,1,2,5,1,2,,10.0284,211,0,0.118496,62,0,7.66667,,15,15,0,0,4,100,0,0.861324,0,,180,180,,0,0,0,10
1613755233200,5,1010123456019,76,,1,2,5,1,2,,10.2646,223,0,0.129152,63,0,7.5,,0,0,0,0,0,0,0,0,0,,189,189,,0,0,0,0
1613755233450,5,1010123456019,76,,1,2,5,1,2,,9.76327,245,0,0.139936,71,0,6.8,,0,0,0,0,0,0,0,0,0,,213,214,,0,0,0,0
1613755233700,5,1010123456019,76,,1,2,5,1,2,,9.79646,226,0,0.12064,62,0,7.71429,,0,0,0,0,0,0,0,0,0,,192,192,,0,0,0,0
1613755233950,5,1010123456019,76,,1,2,5,1,2,,13.3008,133,30,0.103424,34,0,10.1667,,0,12,0,0,4,100,0,0,0,,113,115,,0,0,0,0
1613755234200,5,1010123456019,76,,1,2,5,1,2,,10.6414,198,0,0.128192,59,0,8,,3.91304,23,0,0.1,7,71.4286,0,10.737,31,,172,173,,0,0,0,6.86957
1613755234450,5,1010123456019,76,,1,2,5,1,2,,8.4386,228,0,0.114848,69,0,6.33333,,6,76,0,0.1,22,77.2727,0,9.91996,31,,202,204,,0,0,0,7.84211
1613755234700,5,1010123456019,76,,1,2,5,1,2,,7.97887,284,0,0.130784,79,0,6.28571,,0,0,0,0,0,0,0,0,0,,250,254,,0,0,0,0
1613755234950,5,1010123456019,76,,1,2,5,1,2,,9.92982,228,30,0.135072,68,0,8,,12.4,20,0,0.1,7,57.1429,0,17.0158,31,,202,203,,0,0,0,5.5
1613755235200,5,1010123456019,76,,1,2,5,1,2,,10.7778,144,0,0.095968,40,0,7.83333,,0,0,0,0,0,0,0,0,0,,125,127,,0,0,0,0
1613755235450,5,1010123456019,76,,1,2,5,1,2,,9.414,343,30,0.194208,100,0,6.66667,,0,0,0,0,0,0,0,0,0,,312,321,,0,0,0,0
1613755235700,5,1010123456019,76,,1,2,5,1,2,,9.39313,262,0,0.140512,77,0,7.28571,,0,0,0,0,0,0,0,0,0,,226,227,,0,0,0,0
1613755235950,5,1010123456019,76,,1,2,5,1,2,,10.4526,190,0,0.112352,52,0,7.16667,,0.1,18,0,0.1,5,20,0,6.86779,31,,165,165,,0,0,0,4.05556
1613755236200,5,1010123456019,76,,1,2,5,1,2,,9.43775,249,0,0.129408,70,0,6.83333,,0,0,0,0,0,0,0,0,0,,210,210,,0,0,0,0
1613755236450,5,1010123456019,76,,1,2,5,1,2,,7.97942,243,0,0.109056,69,0,5.83333,,0,0,0,0,0,0,0,0,0,,211,215,,0,0,0,0
1613755236700,5,1010123456019,76,,1,2,5,1,2,,10.4639,194,0,0.122976,58,0,6.28571,,0,0,0,0,0,0,0,0,0,,167,169,,0,0,0,0
1613755236950,5,1010123456019,76,,1,2,5,1,2,,5.50526,285,0,0.095808,79,0,5.33333,,9.11539,26,0,0.1,7,57.1429,0,8.33801,31,,255,260,,0,0,0,6.53846
1613755237200,5,1010123456019,76,,1,2,5,1,2,,10.4138,116,0,0.075264,36,0,8,,0,0,0,0,0,0,0,0,0,,99,99,,0,0,0,0
1613755237450,5,1010123456019,76,,1,2,5,1,2,,11.8487,152,0,0.111232,43,0,8,,0,0,0,0,0,0,0,0,0,,129,129,,0,0,0,0
1613755237700,5,1010123456019,76,,1,2,5,1,2,,10.0672,253,0,0.146144,73,0,6.85714,,0,0,0,0,0,0,0,0,0,,221,223,,0,0,0,0
1613755237950,5,1010123456019,76,,1,2,5,1,2,,5.28713,303,0,0.094432,83,0,5.5,,6.92308,26,0,0.1,7,57.1429,0,7.34918,31,,273,281,,0,0,0,6.65385
1613755238200,5,1010123456019,76,,1,2,5,1,2,,4.86783,401,0,0.1472,116,0,5.83333,,0,0,0,0,0,0,0,0,0,,439,448,,0,0,0,0
1613755238450,5,1010123456019,76,,1,2,5,1,2,,9.66406,256,0,0.140224,72,0,6.4,,0,0,0,0,0,0,0,0,0,,225,228,,0,0,0,0
1613755238700,5,1010123456019,76,,1,2,5,1,2,,7.55596,277,0,0.146272,85,0,7.14286,,0,0,0,0,0,0,0,0,0,,260,272,,0,0,0,0
1613755238950,5,1010123456019,76,,1,2,5,1,2,,9.36574,216,0,0.11952,65,0,6.83333,,0,17,0,0.1,6,66.6667,0,0,31,,193,194,,0,0,0,0
1613755239200,5,1010123456019,76,,1,2,5,1,2,,9.93375,317,0,0.177824,88,0,6.83333,,0,0,0,0,0,0,0,0,0,,276,280,,0,0,0,0
1613755239450,5,1010123456019,76,,1,2,5,1,2,,10.1389,216,0,0.128768,63,0,7.16667,,0,0,0,0,0,0,0,0,0,,183,183,,0,0,0,0
1613755239700,5,1010123456019,76,,1,2,5,1,2,,6.23897,272,0,0.115776,78,0,7.14286,,0,0,0,0,0,0,0,0,0,,238,242,,0,0,0,0
1613755239950,5,1010123456019,76,,1,2,5,1,2,,9.40506,237,0,0.11584,64,0,7.5,,0.1,16,0,0,4,100,0,0.725453,0,,208,209,,0,0,0,10
1613755240200,5,1010123456019,76,,1,2,5,1,2,,9.40455,220,0,0.126848,66,0,6.83333,,4.36364,11,0,0.1,3,66.6667,0,8.52516,31,,190,194,,0,0,0,7.54545
1613755240450,5,1010123456019,76,,1,2,5,1,2,,10.7376,221,0,0.144384,64,0,8,,4.23529,34,0,0.1,9,66.6667,0,4.8072,0,,191,193,,0,0,0,7.44118
1613755240700,5,1010123456019,76,,1,2,5,1,2,,10.375,136,0,0.079872,38,0,7.85714,,0,0,0,0,0,0,0,0,0,,114,114,,0,0,0,0
1613755240950,5,1010123456019,76,,1,2,5,1,2,,10.4028,144,0,0.086144,41,0,7.16667,,15.3103,87,0,0.135232,29,82.7586,0,5.3675,31,,124,125,,0,0,0,8.44828
1613755241200,5,1010123456019,76,,1,2,5,1,2,,9.70157,191,0,0.1072,54,0,8,,0,0,0,0,0,0,0,0,0,,167,169,,0,0,0,0
1613755241450,5,1010123456019,76,,1,2,5,1,2,,9.24883,213,0,0.108416,59,0,6,,0,0,0,0,0,0,0,0,0,,183,183,,0,0,0,0
1613755241700,5,1010123456019,76,,1,2,5,1,2,,10.5949,158,0,0.106496,47,0,8.42857,,0,0,0,0,0,0,0,0,0,,132,132,,0,0,0,0
1613755241950,5,1010123456019,76,,1,2,5,1,2,,5.51385,325,0,0.117344,94,0,5.66667,,8.7,10,0,0.1,3,0,0,30.6314,31,,327,332,,0,0,0,1
1613755242200,5,1010123456019,76,,1,2,5,1,2,,9.23952,167,0,0.08848,46,0,7.66667,,0,0,0,0,0,0,0,0,0,,144,144,,0,0,0,0
1613755242450,5,1010123456019,76,,1,2,5,1,2,,11.5241,166,0,0.119232,47,0,9.16667,,0,0,0,0,0,0,0,0,0,,149,152,,0,0,0,0
1613755242700,5,1010123456019,76,,1,2,5,1,2,,4.09821,448,0,0.132704,131,0,6.14286,,0,0,0,0,0,0,0,0,0,,441,468,,0,0,0,0
1613755242950,5,1010123456019,76,,1,2,5,1,2,,10.2701,211,0,0.139328,63,0,8,,0,10,0,0,4,100,0,0,0,,196,201,,0,0,0,0
1613755243200,5,1010123456019,76,,1,2,5,1,2,,9.71739,184,30,0.098048,51,0,7.83333,,0,0,0,0,0,0,0,0,0,,160,161,,0,0,0,0
1613755243450,5,1010123456019,76,,1,2,5,1,2,,11.1063,207,97,0.153888,62,0,8,,0,0,0,0,0,0,0,0,0,,188,193,,0,0,0,0
1613755243700,5,1010123456019,76,,1,2,5,1,2,,9.37193,285,0,0.146112,81,0,6.57143,,0,0,0,0,0,0,0,0,0,,240,240,,0,0,0,0
1613755243950,5,1010123456019,76,,1,2,5,1,2,,4.82051,351,0,0.124448,102,0,5.83333,,14.9333,75,0,0.1,23,86.9565,0,5.07139,31,,320,332,,0,0,0,8.56
1613755244200,5,1010123456019,76,,1,2,5,1,2,,10.625,152,56,0.08576,40,0,7,,0,0,0,0,0,0,0,0,0,,140,141,,0,0,0,0
1613755244450,5,1010123456019,76,,1,2,5,1,2,,9.4711,346,0,0.193408,100,0,6.66667,,0,0,0,0,0,0,0,0,0,,306,312,,0,0,0,0
1613755244700,5,1010123456019,76,,1,2,5,1,2,,12.0068,148,30,0.1064,44,0,7.57143,,0,0,0,0,0,0,0,0,0,,129,129,,0,0,0,0
1613755244950,5,1010123456019,76,,1,2,5,1,2,,7.83882,304,39,0.137472,80,0,6.33333,,10.5,12,0,0.1,4,0,0,30.4573,31,,259,260,,0,0,0,1
1613755245200,5,1010123456019,76,,1,2,5,1,2,,5.41429,350,0,0.127616,108,0,6.33333,,0,0,0,0,0,0,0,0,0,,332,341,,0,0,0,0
1613755245450,5,1010123456019,76,,1,2,5,1,2,,6.63158,323,0,0.142912,93,0,6.83333,,0,0,0,0,0,0,0,0,0,,302,314,,0,0,0,0
1613755245700,5,1010123456019,76,,1,2,5,1,2,,11.8663,172,0,0.121728,47,0,8.28571,,0,0,0,0,0,0,0,0,0,,150,150,,0,0,0,0
1613755245950,5,1010123456019,76,,1,2,5,1,2,,9.84236,203,0,0.11904,62,0,6.66667,,13.2857,7,0,0.1,2,0,0,30.5205,31,,178,179,,0,0,0,1
1613755246200,5,1010123456019,76,,1,2,5,1,2,,11.384,125,0,0.090848,36,0,9,,0,0,0,0,0,0,0,0,0,,109,110,,0,0,0,0
1613755246450,5,1010123456019,76,,1,2,5,1,2,,10.347,219,0,0.133664,63,0,7.5,,0,0,0,0,0,0,0,0,0,,192,195,,0,0,0,0
1613755246700,5,1010123456019,76,,1,2,5,1,2,,9.90811,185,0,0.107136,53,0,7,,0,0,0,0,0,0,0,0,0,,163,165,,0,0,0,0
1613755246950,5,1010123456019,76,,1,2,5,1,2,,9.39151,212,0,0.113088,61,0,7,,15.8462,78,0,0.122368,23,78.2609,0,7.11311,31,,183,183,,0,0,0,8.15385
1613755247200,5,1010123456019,76,,1,2,5,1,2,,5.57769,251,83,0.080352,63,0,5.5,,0,0,0,0,0,0,0,0,0,,213,213,,0,0,0,0
1613755247450,5,1010123456019,76,,1,2,5,1,2,,5.38839,224,0,0.077792,72,0,5.66667,,0,0,0,0,0,0,0,0,0,,201,208,,0,0,0,0
1613755247700,5,1010123456019,76,,1,2,5,1,2,,7.44657,262,0,0.115072,75,0,8,,0,0,0,0,0,0,0,0,0,,241,249,,0,0,0,0
1613755247950,5,1010123456019,76,,1,2,5,1,2,,10.5667,180,0,0.101472,47,0,6.5,,14.7755,49,0,0.173984,17,70.5882,0,8.36762,31,,161,163,,0,0,0,7.2449
1613755248200,5,1010123456019,76,,1,2,5,1,2,,9.27155,232,0,0.13184,71,0,6.5,,0,0,0,0,0,0,0,0,0,,206,209,,0,0,0,0
1613755248450,5,1010123456019,76,,1,2,5,1,2,,9.88461,208,0,0.108416,58,0,6.8,,0,0,0,0,0,0,0,0,0,,183,183,,0,0,0,0
1613755248700,5,1010123456019,76,,1,2,5,1,2,,11.0449,156,0,0.12064,49,0,7.57143,,0,0,0,0,0,0,0,0,0,,137,142,,0,0,0,0
1613755248950,5,1010123456019,76,,1,2,5,1,2,,5.23392,342,0,0.114016,97,0,5.5,,0.1,24,0,0.1,7,42.8571,0,1.30003,31,,324,333,,0,0,0,5.75
1613755249200,5,1010123456019,76,,1,2,5,1,2,,9.42456,285,0,0.146432,81,0,6.5,,0,0,0,0,0,0,0,0,0,,243,243,,0,0,0,0
1613755249450,5,1010123456019,76,,1,2,5,1,2,,9.31818,198,0,0.11152,59,0,5.83333,,0,0,0,0,0,0,0,0,0,,176,179,,0,0,0,0
1613755249700,5,1010123456019,76,,1,2,5,1,2,,5.54867,339,0,0.123456,98,0,6.14286,,0,0,0,0,0,0,0,0,0,,310,324,,0,0,0,0
1613755249950,5,1010123456019,76,,1,2,5,1,2,,9.87156,109,0,0.06464,33,0,7.5,,9.5,12,0,0.1,4,0,0,31.6915,31,,100,101,,0,0,0,1
1613755250200,5,1010123456019,76,,1,2,5,1,2,,10.25,240,0,0.13424,65,0,7,,0,0,0,0,0,0,0,0,0,,205,206,,0,0,0,0
1613755250450,5,1010123456019,76,,1,2,5,1,2,,10.5989,182,0,0.122912,55,0,8.16667,,0,0,0,0,0,0,0,0,0,,157,158,,0,0,0,0
1613755250700,5,1010123456019,76,,1,2,5,1,2,,11.7155,116,0,0.085088,32,0,9.14286,,0,0,0,0,0,0,0,0,0,,100,101,,0,0,0,0
1613755250950,5,1010123456019,76,,1,2,5,1,2,,10.5297,185,0,0.118848,56,0,7.83333,,13.7143,7,0,0.1,2,0,0,31.192,31,,168,171,,0,0,0,1
1613755251200,5,1010123456019,76,,1,2,5,1,2,,12.4747,198,0,0.148288,56,0,8.5,,0,0,0,0,0,0,0,0,0,,172,173,,0,0,0,0
1613755251450,5,1010123456019,76,,1,2,5,1,2,,7.9308,289,0,0.144608,83,0,7.16667,,0,0,0,0,0,0,0,0,0,,250,251,,0,0,0,0
1613755251700,5,1010123456019,76,,1,2,5,1,2,,10.014,214,99,0.115936,58,0,6.85714,,0,0,0,0,0,0,0,0,0,,185,187,,0,0,0,0
1613755251950,5,1010123456019,76,,1,2,5,1,2,,11.5867,150,113,0.111552,48,0,8.83333,,13.2857,7,0,0.1,2,0,0,30.3366,31,,138,138,,0,0,0,1
1613755252200,5,1010123456019,76,,1,2,5,1,2,,9.85795,176,0,0.096704,50,0,8,,0,0,0,0,0,0,0,0,0,,147,147,,0,0,0,0
1613755252450,5,1010123456019,76,,1,2,5,1,2,,11.1586,227,0,0.159296,66,0,8.5,,0,0,0,0,0,0,0,0,0,,201,202,,0,0,0,0
1613755252700,5,1010123456019,76,,1,2,5,1,2,,9.98387,248,0,0.139424,71,0,7,,0,0,0,0,0,0,0,0,0,,214,215,,0,0,0,0
1613755252950,5,1010123456019,76,,1,2,5,1,2,,9.695,200,0,0.10704,54,0,6.83333,,8.15094,53,0,0.1,16,81.25,0,4.33984,31,,177,180,,0,0,0,8.5283
1613755253200,5,1010123456019,76,,1,2,5,1,2,,10.2939,228,0,0.135328,65,0,7.5,,0,0,0,0,0,0,0,0,0,,198,201,,0,0,0,0
1613755253450,5,1010123456019,76,,1,2,5,1,2,,4.88727,275,349,0.092,75,0,5.5,,0,0,0,0,0,0,0,0,0,,258,271,,0,0,0,0
1613755253700,5,1010123456019,76,,1,2,5,1,2,,9.03236,309,278,0.166336,95,0,5.85714,,0,0,0,0,0,0,0,0,0,,276,284,,0,0,0,0
1613755253950,5,1010123456019,76,,1,2,5,1,2,,8.78737,301,0,0.15168,86,0,7.16667,,0.1,14,0,0,4,100,0,0.561667,0,,272,281,,0,0,0,10
1613755254200,5,1010123456019,76,,1,2,5,1,2,,9.38554,166,0,0.092128,50,0,6.5,,3.91304,23,0,0.1,7,71.4286,0,11.182,31,,144,144,,0,0,0,6.86957
1613755254450,5,1010123456019,76,,1,2,5,1,2,,9.20126,159,99,0.081056,45,0,6.8,,3.375,16,0,0.1,5,60,0,1.71238,0,,138,138,,0,0,0,6.625
1613755254700,5,1010123456019,76,,1,2,5,1,2,,11,230,60,0.14016,60,0,7.42857,,0,0,0,0,0,0,0,0,0,,201,204,,0,0,0,0
1613755254950,5,1010123456019,76,,1,2,5,1,2,,9.34202,307,0,0.173504,94,0,6.66667,,0.1,10,0,0.1,3,0,0,9.80501,31,,274,278,,0,0,0,1.7
1613755255200,5,1010123456019,76,,1,2,5,1,2,,9.30342,234,0,0.12224,69,0,6.5,,0,0,0,0,0,0,0,0,0,,201,201,,0,0,0,0
1613755255450,5,1010123456019,76,,1,2,5,1,2,,10.8883,179,60,0.112064,49,0,6.66667,,0,0,0,0,0,0,0,0,0,,154,155,,0,0,0,0
1613755255700,5,1010123456019,76,,1,2,5,1,2,,9.35981,214,0,0.12496,63,0,7,,0,0,0,0,0,0,0,0,0,,187,191,,0,0,0,0
1613755255950,5,1010123456019,76,,1,2,5,1,2,,10.7903,186,113,0.123328,54,0,8.2,,13.2857,7,0,0.1,2,0,0,31.8698,31,,167,169,,0,0,0,1
1613755256200,5,1010123456019,76,,1,2,5,1,2,,9.07143,280,0,0.136032,77,0,6.5,,0,0,0,0,0,0,0,0,0,,239,241,,0,0,0,0
1613755256450,5,1010123456019,76,,1,2,5,1,2,,9.95455,220,110,0.123776,58,0,6.83333,,0,0,0,0,0,0,0,0,0,,197,203,,0,0,0,0
1613755256700,5,1010123456019,76,,1,2,5,1,2,,9.95566,203,0,0.129152,66,0,7,,0,0,0,0,0,0,0,0,0,,174,174,,0,0,0,0
1613755256950,5,1010123456019,76,,1,2,5,1,2,,4.28404,426,0,0.136,123,0,5.83333,,0,6,0,0.1,2,0,0,0,31,,453,476,,0,0,0,0
1613755257200,5,1010123456019,76,,1,2,5,1,2,,7.58108,296,89,0.132608,79,0,6,,0,0,0,0,0,0,0,0,0,,261,264,,0,0,0,0
1613755257450,5,1010123456019,76,,1,2,5,1,2,,2.82522,452,692,0.09568,128,0,4.33333,,0,0,0,0,0,0,0,0,0,,450,460,,0,0,0,0
1613755257700,5,1010123456019,76,,1,2,5,1,2,,10.9684,158,0,0.108032,50,0,7.42857,,0,0,0,0,0,0,0,0,0,,145,147,,0,0,0,0
1613755257950,5,1010123456019,76,,1,2,5,1,2,,11.0336,238,0,0.170816,74,0,7.83333,,0,12,0,0,4,100,0,0,0,,217,221,,0,0,0,0
1613755258200,5,1010123456019,76,,1,2,5,1,2,,9.49048,210,0,0.102112,53,0,6.83333,,0,0,0,0,0,0,0,0,0,,181,182,,0,0,0,0
1613755258450,5,1010123456019,76,,1,2,5,1,2,,5.18579,366,57,0.131744,106,0,5.33333,,0,0,0,0,0,0,0,0,0,,356,371,,0,0,0,0
1613755258700,5,1010123456019,76,,1,2,5,1,2,,6.82014,417,0,0.174304,126,0,6.42857,,0,0,0,0,0,0,0,0,0,,358,362,,0,0,0,0
1613755258950,5,1010123456019,76,,1,2,5,1,2,,6.91667,240,41,0.094656,69,0,6,,14.4615,39,0,0.180896,14,64.2857,0,11.1469,31,,223,224,,0,0,0,6.30769
1613755259200,5,1010123456019,76,,1,2,5,1,2,,10.8011,176,0,0.128608,55,0,8.33333,,0,0,0,0,0,0,0,0,0,,150,150,,0,0,0,0
1613755259450,5,1010123456019,76,,1,2,5,1,2,,4.68835,369,716,0.12784,98,0,6.33333,,0,0,0,0,0,0,0,0,0,,397,410,,0,0,0,0
1613755259700,5,1010123456019,76,,1,2,5,1,2,,4.84361,454,0,0.160704,133,0,6.14286,,0,0,0,0,0,0,0,0,0,,491,510,,0,0,0,0
1613755259950,5,1010123456019,76,,1,2,5,1,2,,10.4588,170,0,0.098784,47,0,7.66667,,0.1,16,0,0,4,100,0,0.953892,0,,144,144,,0,0,0,10
1613755260200,5,1010123456019,76,,1,2,5,1,2,,10.5,154,0,0.106496,50,0,8.66667,,4.38462,26,0,0.1,7,71.4286,0,9.20948,31,,136,137,,0,0,0,7.57692
1613755260450,5,1010123456019,76,,1,2,5,1,2,,9.98985,197,0,0.108096,54,0,6.5,,6.04,100,0,0.1,30,83.3333,0,10.609,31,,172,176,,0,0,0,8.2
1613755260700,5,1010123456019,76,,1,2,5,1,2,,7.28387,310,0,0.172864,89,0,9.14286,,3.375,16,0,0.1,5,60,0,7.28102,31,,322,336,,0,0,0,6.5625
1613755260950,5,1010123456019,76,,1,2,5,1,2,,10.791,201,30,0.128256,55,0,7.66667,,15,11,0,0,4,100,0,0.937012,0,,177,180,,0,0,0,10
1613755261200,5,1010123456019,76,,1,2,5,1,2,,9.72874,247,0,0.144608,75,0,6.83333,,0,0,0,0,0,0,0,0,0,,215,217,,0,0,0,0
1613755261450,5,1010123456019,76,,1,2,5,1,2,,10.1547,181,0,0.102784,52,0,7,,0,0,0,0,0,0,0,0,0,,153,153,,0,0,0,0
1613755261700,5,1010123456019,76,,1,2,5,1,2,,8.84663,163,0,0.08128,47,0,6.57143,,0,0,0,0,0,0,0,0,0,,142,143,,0,0,0,0
1613755261950,5,1010123456019,76,,1,2,5,1,2,,9.77338,278,0,0.16176,83,0,7.5,,7.66667,12,0,0.1,3,0,0,31.2833,31,,255,257,,0,0,0,1
1613755262200,5,1010123456019,76,,1,2,5,1,2,,10.2565,191,0,0.112992,56,0,6.83333,,0,0,0,0,0,0,0,0,0,,169,170,,0,0,0,0
1613755262450,5,1010123456019,76,,1,2,5,1,2,,10.241,166,0,0.091584,45,0,6.83333,,0,0,0,0,0,0,0,0,0,,145,146,,0,0,0,0
1613755262700,5,1010123456019,76,,1,2,5,1,2,,7.28,225,0,0.103552,66,0,7.14286,,0,0,0,0,0,0,0,0,0,,193,194,,0,0,0,0
1613755262950,5,1010123456019,76,,1,2,5,1,2,,10.1971,279,0,0.176608,82,0,7.5,,9.11539,26,0,0.1,7,57.1429,0,7.74784,31,,249,255,,0,0,0,6.53846
1613755263200,5,1010123456019,76,,1,2,5,1,2,,6.53742,294,369,0.111808,78,0,5.33333,,0,0,0,0,0,0,0,0,0,,269,272,,0,0,0,0
1613755263450,5,1010123456019,76,,1,2,5,1,2,,7.87681,276,193,0.129472,82,0,7.16667,,0,0,0,0,0,0,0,0,0,,265,272,,0,0,0,0
1613755263700,5,1010123456019,76,,1,2,5,1,2,,10.8036,112,0,0.080288,36,0,7.85714,,0,0,0,0,0,0,0,0,0,,97,98,,0,0,0,0
1613755263950,5,1010123456019,76,,1,2,5,1,2,,10.5714,154,0,0.095648,41,0,8.5,,0,9,0,0.1,3,0,0,0,31,,132,132,,0,0,0,0
1613755264200,5,1010123456019,76,,1,2,5,1,2,,10.3018,222,0,0.139712,66,0,7.16667,,0,0,0,0,0,0,0,0,0,,193,197,,0,0,0,0
1613755264450,5,1010123456019,76,,1,2,5,1,2,,8.91739,230,0,0.110048,63,0,6.66667,,0,0,0,0,0,0,0,0,0,,198,198,,0,0,0,0
1613755264700,5,1010123456019,76,,1,2,5,1,2,,9.84375,192,149,0.111456,56,0,6.57143,,0,0,0,0,0,0,0,0,0,,168,168,,0,0,0,0
1613755264950,5,1010123456019,76,,1,2,5,1,2,,7.56774,310,0,0.153632,92,0,8.83333,,13.5,8,0,0.1,2,0,0,28.403,31,,272,277,,0,0,0,1
1613755265200,5,1010123456019,76,,1,2,5,1,2,,10.9021,194,0,0.122464,56,0,7.83333,,0,0,0,0,0,0,0,0,0,,169,170,,0,0,0,0
1613755265450,5,1010123456019,76,,1,2,5,1,2,,9.25229,218,0,0.11312,62,0,6.83333,,0,0,0,0,0,0,0,0,0,,187,188,,0,0,0,0
1613755265700,5,1010123456019,76,,1,2,5,1,2,,11.5312,192,0,0.126016,50,0,9.14286,,0,0,0,0,0,0,0,0,0,,170,172,,0,0,0,0
1613755265950,5,1010123456019,76,,1,2,5,1,2,,10.0113,177,0,0.113152,54,0,7.33333,,0,6,0,0.1,2,0,0,0,31,,154,155,,0,0,0,0
1613755266200,5,1010123456019,76,,1,2,5,1,2,,5.82972,323,0,0.117184,93,0,6,,0,0,0,0,0,0,0,0,0,,297,309,,0,0,0,0
1613755266450,5,1010123456019,76,,1,2,5,1,2,,6.51471,340,456,0.132288,94,0,6,,0,0,0,0,0,0,0,0,0,,319,321,,0,0,0,0
1613755266700,5,1010123456019,76,,1,2,5,1,2,,7.01299,308,0,0.137568,92,0,6.28571,,0,0,0,0,0,0,0,0,0,,290,295,,0,0,0,0
1613755266950,5,1010123456019,76,,1,2,5,1,2,,12.1453,179,0,0.134816,53,0,8.5,,6.81818,33,0,0.1,10,80,0,3.40203,31,,158,160,,0,0,0,8.09091
1613755267200,5,1010123456019,76,,1,2,5,1,2,,7.56274,263,0,0.123136,78,0,5.83333,,0,0,0,0,0,0,0,0,0,,234,238,,0,0,0,0
1613755267450,5,1010123456019,76,,1,2,5,1,2,,9.22951,244,0,0.118752,66,0,6.5,,0,0,0,0,0,0,0,0,0,,208,209,,0,0,0,0
1613755267700,5,1010123456019,76,,1,2,5,1,2,,10.2335,227,0,0.139232,67,0,7.57143,,0,0,0,0,0,0,0,0,0,,194,196,,0,0,0,0
1613755267950,5,1010123456019,76,,1,2,5,1,2,,7.04778,293,414,0.124512,79,0,5.5,,0.1,22,0,0.1,7,28.5714,0,2.04389,31,,280,291,,0,0,0,4.59091
1613755268200,5,1010123456019,76,,1,2,5,1,2,,3.85577,520,0,0.141696,153,0,5.5,,0,0,0,0,0,0,0,0,0,,500,528,,0,0,0,0
1613755268450,5,1010123456019,76,,1,2,5,1,2,,9.08974,312,0,0.168,92,0,6.66667,,0,0,0,0,0,0,0,0,0,,271,275,,0,0,0,0
1613755268700,5,1010123456019,76,,1,2,5,1,2,,9.44253,174,0,0.092416,50,0,6.85714,,0,0,0,0,0,0,0,0,0,,151,152,,0,0,0,0
1613755268950,5,1010123456019,76,,1,2,5,1,2,,10.8047,169,0,0.111904,48,0,8.66667,,0,12,0,0,4,100,0,0,0,,149,154,,0,0,0,0
1613755269200,5,1010123456019,76,,1,2,5,1,2,,11.5421,107,0,0.06848,27,0,8,,3.55556,27,0,0.1,7,57.1429,0,9.5166,31,,90,90,,0,0,0,6.44444
1613755269450,5,1010123456019,76,,1,2,5,1,2,,9.01538,65,0,0.038176,22,0,6.33333,,0,0,0,0,0,0,0,0,0,,57,57,,0,0,0,0
1613755269700,5,1010123456019,76,,1,2,5,1,2,,0,0,0,0,0,0,5.57143,,0,0,0,0,0,0,0,0,0,,0,0,,0,0,0,0
1613755269950,5,1010123456019,76,,1,2,5,1,2,,0,0,0,0,0,0,7.66667,,0,0,0,0,0,0,0,0,0,,0,0,,0,0,0,0
1613755270200,5,1010123456019,76,,1,2,5,1,2,,0,0,0,0,0,0,7,,0,0,0,0,0,0,0,0,0,,0,0,,0,0,0,0
1613755270450,5,1010123456019,76,,1,2,5,1,2,,0,0,0,0,0,0,7.66667,,0,0,0,0,0,0,0,0,0,,0,0,,0,0,0,0
1613755270700,5,1010123456019,76,,1,2,5,1,2,,0,0,0,0,0,0,7.14286,,0,0,0,0,0,0,0,0,0,,0,0,,0,0,0,0
1613755270950,5,1010123456019,76,,1,2,5,1,2,,0,0,0,0,0,0,7.5,,0,0,0,0,0,0,0,0,0,,0,0,,0,0,0,0
1613755271200,5,1010123456019,76,,1,2,5,1,2,,0,0,0,0,0,0,6.66667,,0,0,0,0,0,0,0,0,0,,0,0,,0,0,0,0
1613755271450,5,1010123456019,76,,1,2,5,1,2,,0,0,0,0,0,0,7,,0,0,0,0,0,0,0,0,0,,0,0,,0,0,0,0
1613755271700,5,1010123456019,76,,1,2,5,1,2,,0,0,0,0,0,0,6.71429,,0,0,0,0,0,0,0,0,0,,0,0,,0,0,0,0
1613755271950,5,1010123456019,76,,1,2,5,1,2,,0,0,0,0,0,0,6.25,,0,0,0,0,0,0,0,0,0,,0,0,,0,0,0,0
1613755272200,5,1010123456019,76,,1,2,5,1,2,,0,0,0,0,0,0,6.66667,,0,0,0,0,0,0,0,0,0,,0,0,,0,0,0,0
1613755272450,5,1010123456019,76,,1,2,5,1,2,,0,0,0,0,0,0,8,,0,0,0,0,0,0,0,0,0,,0,0,,0,0,0,0
1613755272700,5,1010123456019,76,,1,2,5,1,2,,0,0,0,0,0,0,6,,0,0,0,0,0,0,0,0,0,,0,0,,0,0,0,0
1613755272950,5,1010123456019,76,,1,2,5,1,2,,0,0,0,0,0,0,6.66667,,0,0,0,0,0,0,0,0,0,,0,0,,0,0,0,0
1613755273200,5,1010123456019,76,,1,2,5,1,2,,0,0,0,0,0,0,7,,0,0,0,0,0,0,0,0,0,,0,0,,0,0,0,0
1613755273450,5,1010123456019,76,,1,2,5,1,2,,0,0,0,0,0,0,5.66667,,0,0,0,0,0,0,0,0,0,,0,0,,0,0,0,0
1613755273700,5,1010123456019,76,,1,2,5,1,2,,0,0,0,0,0,0,7.5,,0,0,0,0,0,0,0,0,0,,0,0,,0,0,0,0
1613755273950,5,1010123456019,76,,1,2,5,1,2,,0,0,0,0,0,0,7.25,,0,0,0,0,0,0,0,0,0,,0,0,,0,0,0,0
1613755274200,5,1010123456019,76,,1,2,5,1,2,,0,0,0,0,0,0,10,,0,0,0,0,0,0,0,0,0,,0,0,,0,0,0,0
1613755274450,5,1010123456019,76,,1,2,5,1,2,,0,0,0,0,0,0,6.66667,,0,0,0,0,0,0,0,0,0,,0,0,,0,0,0,0
1613755274700,5,1010123456019,76,,1,2,5,1,2,,0,0,0,0,0,0,6.75,,0,0,0,0,0,0,0,0,0,,0,0,,0,0,0,0
1613755274950,5,1010123456019,76,,1,2,5,1,2,,0,0,0,0,0,0,7,,0,0,0,0,0,0,0,0,0,,0,0,,0,0,0,0
1613755275200,5,1010123456019,76,,1,2,5,1,2,,0,0,0,0,0,0,10,,0,0,0,0,0,0,0,0,0,,0,0,,0,0,0,0
1613755275450,5,1010123456019,76,,1,2,5,1,2,,0,0,0,0,0,0,0.1,,0,0,0,0,0,0,0,0,0,,0,0,,0,0,0,0
1613755275700,5,1010123456019,76,,1,2,5,1,2,,0,0,0,0,0,0,6.25,,0,0,0,0,0,0,0,0,0,,0,0,,0,0,0,0
1613755275950,5,1010123456019,76,,1,2,5,1,2,,0,0,0,0,0,0,7,,0,0,0,0,0,0,0,0,0,,0,0,,0,0,0,0
1613755276200,5,1010123456019,76,,1,2,5,1,2,,0,0,0,0,0,0,6,,0,0,0,0,0,0,0,0,0,,0,0,,0,0,0,0
1613755276450,5,1010123456019,76,,1,2,5,1,2,,0,0,0,0,0,0,7.33333,,0,0,0,0,0,0,0,0,0,,0,0,,0,0,0,0
1613755276700,5,1010123456019,76,,1,2,5,1,2,,0,0,0,0,0,0,2,,0,0,0,0,0,0,0,0,0,,0,0,,0,0,0,0
1613755276950,5,1010123456019,76,,1,2,5,1,2,,0,0,0,0,0,0,8,,0,0,0,0,0,0,0,0,0,,0,0,,0,0,0,0
1613755277200,5,1010123456019,76,,1,2,5,1,2,,0,0,0,0,0,0,7,,0,0,0,0,0,0,0,0,0,,0,0,,0,0,0,0
1613755277450,5,1010123456019,76,,1,2,5,1,2,,0,0,0,0,0,0,4,,0,0,0,0,0,0,0,0,0,,0,0,,0,0,0,0
1613755277700,5,1010123456019,76,,1,2,5,1,2,,0,0,0,0,0,0,5.66667,,0,0,0,0,0,0,0,0,0,,0,0,,0,0,0,0
1613755277950,5,1010123456019,76,,1,2,5,1,2,,0,0,0,0,0,0,13.5,,0,0,0,0,0,0,0,0,0,,0,0,,0,0,0,0
1613755278200,5,1010123456019,76,,1,2,5,1,2,,0,0,0,0,0,0,9,,0,0,0,0,0,0,0,0,0,,0,0,,0,0,0,0
1613755278450,5,1010123456019,76,,1,2,5,1,2,,0,0,0,0,0,0,5,,0,0,0,0,0,0,0,0,0,,0,0,,0,0,0,0
1613755278700,5,1010123456019,76,,1,2,5,1,2,,0,0,0,0,0,0,3.5,,0,0,0,0,0,0,0,0,0,,0,0,,0,0,0,0
1613755278950,5,1010123456019,76,,1,2,5,1,2,,0,0,0,0,0,0,8.33333,,0,0,0,0,0,0,0,0,0,,0,0,,0,0,0,0
1613755279200,5,1010123456019,76,,1,2,5,1,2,,0,0,0,0,0,0,7.33333,,0,0,0,0,0,0,0,0,0,,0,0,,0,0,0,0
1613755279450,5,1010123456019,76,,1,2,5,1,2,,0,0,0,0,0,0,6,,0,0,0,0,0,0,0,0,0,,0,0,,0,0,0,0
1613755279700,5,1010123456019,76,,1,2,5,1,2,,0,0,0,0,0,0,7.5,,0,0,0,0,0,0,0,0,0,,0,0,,0,0,0,0
1613755279950,5,1010123456019,76,,1,2,5,1,2,,0,0,0,0,0,0,0.1,,0,0,0,0,0,0,0,0,0,,0,0,,0,0,0,0
1613755280200,5,1010123456019,76,,1,2,5,1,2,,0,0,0,0,0,0,4,,0,0,0,0,0,0,0,0,0,,0,0,,0,0,0,0
1613755280450,5,1010123456019,76,,1,2,5,1,2,,0,0,0,0,0,0,0.1,,0,0,0,0,0,0,0,0,0,,0,0,,0,0,0,0
1613755280700,5,1010123456019,76,,1,2,5,1,2,,0,0,0,0,0,0,7,,0,0,0,0,0,0,0,0,0,,0,0,,0,0,0,0
1613755280950,5,1010123456019,76,,1,2,5,1,2,,0,0,0,0,0,0,8,,0,0,0,0,0,0,0,0,0,,0,0,,0,0,0,0
1613755281200,5,1010123456019,76,,1,2,5,1,2,,0,0,0,0,0,0,11,,0,0,0,0,0,0,0,0,0,,0,0,,0,0,0,0
1613755281450,5,1010123456019,76,,1,2,5,1,2,,0,0,0,0,0,0,7,,0,0,0,0,0,0,0,0,0,,0,0,,0,0,0,0
1613755281700,5,1010123456019,76,,1,2,5,1,2,,0,0,0,0,0,0,9,,0,0,0,0,0,0,0,0,0,,0,0,,0,0,0,0
1613755281950,5,1010123456019,76,,1,2,5,1,2,,0,0,0,0,0,0,8.33333,,0,0,0,0,0,0,0,0,0,,0,0,,0,0,0,0
1613755282200,5,1010123456019,76,,1,2,5,1,2,,0,0,0,0,0,0,5,,0,0,0,0,0,0,0,0,0,,0,0,,0,0,0,0
