Timestamp,num_ues,IMSI,RNTI,,slicing_enabled,slice_id,slice_prb,power_multiplier,scheduling_policy,,dl_mcs,dl_n_samples,dl_buffer [bytes],tx_brate downlink [Mbps],tx_pkts downlink,tx_errors downlink (%),dl_cqi,,ul_mcs,ul_n_samples,ul_buffer [bytes],rx_brate uplink [Mbps],rx_pkts uplink,rx_errors uplink (%),ul_rssi,ul_sinr,phr,,sum_requested_prbs,sum_granted_prbs,,dl_pmi,dl_ri,ul_n,ul_turbo_iters
1613698297854,4,1010123456024,73,,1,0,18,1,2,,2.57143,21,0,0.005696,6,0,7,,11.4286,28,0,0.1,8,0,0,30.3264,31,,11,21,,0,0,0,1
1613698298104,3,1010123456024,73,,1,0,18,1,2,,0,3,0,0.00183133,1,0,7.14286,,11,7,0,0.1,2,0,0,30.2023,31,,0,3,,0,0,0,1
1613698298386,6,1010123456024,73,,1,0,18,1,2,,0,0,0,0,0,0,7,,0,0,0,0,0,0,0,0,0,,0,0,,0,0,0,0
1613698298619,11,1010123456024,73,,1,0,18,1,2,,0,0,0,0,0,0,8,,0,0,0,0,0,0,0,0,0,,0,0,,0,0,0,0
1613698298854,11,1010123456024,73,,1,0,18,1,2,,0,0,0,0,0,0,7,,0,0,0,0,0,0,0,0,0,,0,0,,0,0,0,0
1613698299104,11,1010123456024,73,,1,0,18,1,2,,0,0,0,0,0,0,7.4,,0,0,0,0,0,0,0,0,0,,0,0,,0,0,0,0
1613698299354,8,1010123456024,73,,1,0,18,1,2,,0,0,0,0,0,0,8.16667,,0,0,0,0,0,0,0,0,0,,0,0,,0,0,0,0
1613698299604,5,1010123456024,73,,1,0,18,1,2,,0,0,0,0,0,0,7.75,,0,0,0,0,0,0,0,0,0,,0,0,,0,0,0,0
1613698299854,5,1010123456024,73,,1,0,18,1,2,,0,0,0,0,0,0,8.5,,0,0,0,0,0,0,0,0,0,,0,0,,0,0,0,0
1613698300104,6,1010123456024,73,,1,0,18,1,2,,0,0,0,0,0,0,7,,0,0,0,0,0,0,0,0,0,,0,0,,0,0,0,0
1613698300354,6,1010123456024,73,,1,0,18,1,2,,0,0,0,0,0,0,7,,0,0,0,0,0,0,0,0,0,,0,0,,0,0,0,0
1613698300604,6,1010123456024,73,,1,0,18,1,2,,0,0,0,0,0,0,8.2,,0,0,0,0,0,0,0,0,0,,0,0,,0,0,0,0
1613698300854,6,1010123456024,73,,1,0,18,1,2,,0,0,0,0,0,0,7,,0,0,0,0,0,0,0,0,0,,0,0,,0,0,0,0
1613698301104,6,1010123456024,73,,1,0,18,1,2,,0,0,0,0,0,0,7,,0,0,0,0,0,0,0,0,0,,0,0,,0,0,0,0
1613698301354,6,1010123456024,73,,1,0,18,1,2,,0,0,0,0,0,0,6.66667,,0,0,0,0,0,0,0,0,0,,0,0,,0,0,0,0
1613698301604,6,1010123456024,73,,1,0,18,1,2,,0,0,0,0,0,0,8,,0,0,0,0,0,0,0,0,0,,0,0,,0,0,0,0
1613698301854,6,1010123456024,73,,1,0,18,1,2,,0,0,0,0,0,0,7,,0,0,0,0,0,0,0,0,0,,0,0,,0,0,0,0
1613698302104,6,1010123456024,73,,1,0,18,1,2,,0,0,0,0,0,0,7,,0,0,0,0,0,0,0,0,0,,0,0,,0,0,0,0
1613698302354,6,1010123456024,73,,1,0,18,1,2,,0,0,0,0,0,0,7,,0,0,0,0,0,0,0,0,0,,0,0,,0,0,0,0
1613698302604,6,1010123456024,73,,1,0,18,1,2,,0,0,0,0,0,0,7,,0,0,0,0,0,0,0,0,0,,0,0,,0,0,0,0
1613698302854,6,1010123456024,73,,1,0,18,1,2,,0,0,0,0,0,0,7,,0,0,0,0,0,0,0,0,0,,0,0,,0,0,0,0
1613698303104,6,1010123456024,73,,1,0,18,1,2,,0,0,0,0,0,0,7,,0,0,0,0,0,0,0,0,0,,0,0,,0,0,0,0
1613698303354,6,1010123456024,73,,1,0,18,1,2,,0,0,0,0,0,0,7.16667,,0,0,0,0,0,0,0,0,0,,0,0,,0,0,0,0
1613698303604,6,1010123456024,73,,1,0,18,1,2,,0,0,0,0,0,0,7,,0,0,0,0,0,0,0,0,0,,0,0,,0,0,0,0
1613698303854,6,1010123456024,73,,1,0,18,1,2,,0,0,0,0,0,0,7,,0,0,0,0,0,0,0,0,0,,0,0,,0,0,0,0
1613698304104,6,1010123456024,73,,1,0,18,1,2,,0,0,0,0,0,0,7,,0,0,0,0,0,0,0,0,0,,0,0,,0,0,0,0
1613698304354,6,1010123456024,73,,1,0,18,1,2,,0,0,0,0,0,0,7.16667,,0,0,0,0,0,0,0,0,0,,0,0,,0,0,0,0
1613698304604,6,1010123456024,73,,1,0,18,1,2,,0,0,0,0,0,0,7,,0,0,0,0,0,0,0,0,0,,0,0,,0,0,0,0
1613698304854,6,1010123456024,73,,1,0,18,1,2,,0,0,0,0,0,0,9,,0,0,0,0,0,0,0,0,0,,0,0,,0,0,0,0
1613698305104,6,1010123456024,73,,1,0,18,1,2,,0,0,0,0,0,0,7,,0,0,0,0,0,0,0,0,0,,0,0,,0,0,0,0
1613698305354,6,1010123456024,73,,1,0,18,1,2,,0,0,0,0,0,0,7.4,,0,0,0,0,0,0,0,0,0,,0,0,,0,0,0,0
1613698305604,6,1010123456024,73,,1,0,18,1,2,,0,0,0,0,0,0,8,,0,0,0,0,0,0,0,0,0,,0,0,,0,0,0,0
1613698305854,6,1010123456024,73,,1,0,18,1,2,,0,0,0,0,0,0,7,,0,0,0,0,0,0,0,0,0,,0,0,,0,0,0,0
1613698306104,6,1010123456024,73,,1,0,18,1,2,,0,0,0,0,0,0,7.66667,,0,0,0,0,0,0,0,0,0,,0,0,,0,0,0,0
1613698306354,6,1010123456024,73,,1,0,18,1,2,,0,0,0,0,0,0,7,,0,0,0,0,0,0,0,0,0,,0,0,,0,0,0,0
1613698306604,6,1010123456024,73,,1,0,18,1,2,,0,0,0,0,0,0,7,,0,0,0,0,0,0,0,0,0,,0,0,,0,0,0,0
1613698306854,6,1010123456024,73,,1,0,18,1,2,,0,0,0,0,0,0,7,,0,0,0,0,0,0,0,0,0,,0,0,,0,0,0,0
1613698307104,6,1010123456024,73,,1,0,18,1,2,,0,0,0,0,0,0,7,,0,0,0,0,0,0,0,0,0,,0,0,,0,0,0,0
1613698307354,6,1010123456024,73,,1,0,18,1,2,,0,0,0,0,0,0,7.2,,0,0,0,0,0,0,0,0,0,,0,0,,0,0,0,0
1613698307604,6,1010123456024,73,,1,0,18,1,2,,0,0,0,0,0,0,7,,0,0,0,0,0,0,0,0,0,,0,0,,0,0,0,0
1613698307854,6,1010123456024,73,,1,0,18,1,2,,0,0,0,0,0,0,7,,0,0,0,0,0,0,0,0,0,,0,0,,0,0,0,0
1613698308104,6,1010123456024,73,,1,0,18,1,2,,0,0,0,0,0,0,7,,0,0,0,0,0,0,0,0,0,,0,0,,0,0,0,0
1613698308354,6,1010123456024,73,,1,0,18,1,2,,0,0,0,0,0,0,7,,0,0,0,0,0,0,0,0,0,,0,0,,0,0,0,0
1613698308604,6,1010123456024,73,,1,0,18,1,2,,0,0,0,0,0,0,5,,0,0,0,0,0,0,0,0,0,,0,0,,0,0,0,0
1613698308854,6,1010123456024,73,,1,0,18,1,2,,0,0,0,0,0,0,7,,0,0,0,0,0,0,0,0,0,,0,0,,0,0,0,0
1613698309104,6,1010123456024,73,,1,0,18,1,2,,0,0,0,0,0,0,7.42857,,0,0,0,0,0,0,0,0,0,,0,0,,0,0,0,0
1613698309354,6,1010123456024,73,,1,0,18,1,2,,0,0,0,0,0,0,7,,0,0,0,0,0,0,0,0,0,,0,0,,0,0,0,0
1613698309604,6,1010123456024,73,,1,0,18,1,2,,0,0,0,0,0,0,7.25,,0,0,0,0,0,0,0,0,0,,0,0,,0,0,0,0
1613698309854,6,1010123456024,73,,1,0,18,1,2,,0,0,0,0,0,0,6.8,,0,0,0,0,0,0,0,0,0,,0,0,,0,0,0,0
1613698310104,6,1010123456024,73,,1,0,18,1,2,,0,0,0,0,0,0,7.57143,,0,0,0,0,0,0,0,0,0,,0,0,,0,0,0,0
1613698310354,6,1010123456024,73,,1,0,18,1,2,,0,0,0,0,0,0,7.6,,0,0,0,0,0,0,0,0,0,,0,0,,0,0,0,0
1613698310604,6,1010123456024,73,,1,0,18,1,2,,0,0,0,0,0,0,7,,0,0,0,0,0,0,0,0,0,,0,0,,0,0,0,0
1613698310854,6,1010123456024,73,,1,0,18,1,2,,0,0,0,0,0,0,8,,0,0,0,0,0,0,0,0,0,,0,0,,0,0,0,0
1613698311104,6,1010123456024,73,,1,0,18,1,2,,0,0,0,0,0,0,7,,0,0,0,0,0,0,0,0,0,,0,0,,0,0,0,0
1613698311354,6,1010123456024,73,,1,0,18,1,2,,0,0,0,0,0,0,7,,0,0,0,0,0,0,0,0,0,,0,0,,0,0,0,0
1613698311604,6,1010123456024,73,,1,0,18,1,2,,0,0,0,0,0,0,7,,0,0,0,0,0,0,0,0,0,,0,0,,0,0,0,0
1613698311854,6,1010123456024,73,,1,0,18,1,2,,0,0,0,0,0,0,7.2,,0,0,0,0,0,0,0,0,0,,0,0,,0,0,0,0
1613698312104,6,1010123456024,73,,1,0,18,1,2,,0,0,0,0,0,0,7.57143,,0,0,0,0,0,0,0,0,0,,0,0,,0,0,0,0
1613698312354,6,1010123456024,73,,1,0,18,1,2,,0,0,0,0,0,0,7,,0,0,0,0,0,0,0,0,0,,0,0,,0,0,0,0
1613698312604,6,1010123456024,73,,1,0,18,1,2,,0,0,0,0,0,0,7.25,,0,0,0,0,0,0,0,0,0,,0,0,,0,0,0,0
1613698312854,6,1010123456024,73,,1,0,18,1,2,,0,0,0,0,0,0,8.2,,0,0,0,0,0,0,0,0,0,,0,0,,0,0,0,0
1613698313104,6,1010123456024,73,,1,0,18,1,2,,0,0,0,0,0,0,7,,0,0,0,0,0,0,0,0,0,,0,0,,0,0,0,0
1613698313354,6,1010123456024,73,,1,0,18,1,2,,0,0,0,0,0,0,8,,0,0,0,0,0,0,0,0,0,,0,0,,0,0,0,0
1613698313604,6,1010123456024,73,,1,0,18,1,2,,0,0,0,0,0,0,8,,0,0,0,0,0,0,0,0,0,,0,0,,0,0,0,0
1613698313854,6,1010123456024,73,,1,0,18,1,2,,0,0,0,0,0,0,7.25,,0,0,0,0,0,0,0,0,0,,0,0,,0,0,0,0
1613698314104,6,1010123456024,73,,1,0,18,1,2,,0,0,0,0,0,0,7,,0,0,0,0,0,0,0,0,0,,0,0,,0,0,0,0
1613698314354,6,1010123456024,73,,1,0,18,1,2,,0,0,0,0,0,0,7,,0,0,0,0,0,0,0,0,0,,0,0,,0,0,0,0
1613698314604,6,1010123456024,73,,1,0,18,1,2,,0,0,0,0,0,0,7.16667,,0,0,0,0,0,0,0,0,0,,0,0,,0,0,0,0
1613698314854,6,1010123456024,73,,1,0,18,1,2,,0,0,0,0,0,0,6.83333,,0,0,0,0,0,0,0,0,0,,0,0,,0,0,0,0
1613698315104,6,1010123456024,73,,1,0,18,1,2,,0,0,0,0,0,0,7,,0,0,0,0,0,0,0,0,0,,0,0,,0,0,0,0
1613698315354,6,1010123456024,73,,1,0,18,1,2,,0,0,0,0,0,0,6.33333,,0,0,0,0,0,0,0,0,0,,0,0,,0,0,0,0
1613698315604,6,1010123456024,73,,1,0,18,1,2,,0,0,0,0,0,0,7,,0,0,0,0,0,0,0,0,0,,0,0,,0,0,0,0
1613698315854,6,1010123456024,73,,1,0,18,1,2,,0,0,0,0,0,0,7,,0,0,0,0,0,0,0,0,0,,0,0,,0,0,0,0
1613698316104,6,1010123456024,73,,1,0,18,1,2,,0,0,0,0,0,0,6.16667,,0,0,0,0,0,0,0,0,0,,0,0,,0,0,0,0
1613698316354,6,1010123456024,73,,1,0,18,1,2,,0,0,0,0,0,0,7,,0,0,0,0,0,0,0,0,0,,0,0,,0,0,0,0
1613698316604,6,1010123456024,73,,1,0,18,1,2,,0,0,0,0,0,0,7,,0,0,0,0,0,0,0,0,0,,0,0,,0,0,0,0
1613698316854,6,1010123456024,73,,1,0,18,1,2,,0,0,0,0,0,0,7,,0,0,0,0,0,0,0,0,0,,0,0,,0,0,0,0
1613698317104,6,1010123456024,73,,1,0,18,1,2,,0,0,0,0,0,0,7,,0,0,0,0,0,0,0,0,0,,0,0,,0,0,0,0
1613698317354,6,1010123456024,73,,1,0,18,1,2,,0,0,0,0,0,0,7,,0,0,0,0,0,0,0,0,0,,0,0,,0,0,0,0
1613698317604,6,1010123456024,73,,1,0,18,1,2,,0,0,0,0,0,0,7,,0,0,0,0,0,0,0,0,0,,0,0,,0,0,0,0
1613698317854,6,1010123456024,73,,1,0,18,1,2,,0,0,0,0,0,0,7,,0,0,0,0,0,0,0,0,0,,0,0,,0,0,0,0
1613698318104,6,1010123456024,73,,1,0,18,1,2,,0,0,0,0,0,0,6.16667,,0,0,0,0,0,0,0,0,0,,0,0,,0,0,0,0
1613698318354,6,1010123456024,73,,1,0,18,1,2,,0,0,0,0,0,0,7,,0,0,0,0,0,0,0,0,0,,0,0,,0,0,0,0
1613698318604,6,1010123456024,73,,1,0,18,1,2,,0,0,0,0,0,0,6.75,,0,0,0,0,0,0,0,0,0,,0,0,,0,0,0,0
1613698318854,6,1010123456024,73,,1,0,18,1,2,,0,0,0,0,0,0,8,,0,0,0,0,0,0,0,0,0,,0,0,,0,0,0,0
1613698319104,6,1010123456024,73,,1,0,18,1,2,,0,0,0,0,0,0,7,,0,0,0,0,0,0,0,0,0,,0,0,,0,0,0,0
1613698319354,6,1010123456024,73,,1,0,18,1,2,,0,0,0,0,0,0,7,,0,0,0,0,0,0,0,0,0,,0,0,,0,0,0,0
1613698319604,6,1010123456024,73,,1,0,18,1,2,,0,0,0,0,0,0,7,,0,0,0,0,0,0,0,0,0,,0,0,,0,0,0,0
1613698319854,6,1010123456024,73,,1,0,18,1,2,,0,0,0,0,0,0,7,,0,0,0,0,0,0,0,0,0,,0,0,,0,0,0,0
1613698320104,6,1010123456024,73,,1,0,18,1,2,,0,0,0,0,0,0,7,,0,0,0,0,0,0,0,0,0,,0,0,,0,0,0,0
1613698320354,6,1010123456024,73,,1,0,18,1,2,,0,0,0,0,0,0,6,,0,0,0,0,0,0,0,0,0,,0,0,,0,0,0,0
1613698320604,6,1010123456024,73,,1,0,18,1,2,,0,0,0,0,0,0,7.25,,0,0,0,0,0,0,0,0,0,,0,0,,0,0,0,0
1613698320854,6,1010123456024,73,,1,0,18,1,2,,0,0,0,0,0,0,7,,0,0,0,0,0,0,0,0,0,,0,0,,0,0,0,0
1613698321104,6,1010123456024,73,,1,0,18,1,2,,0,0,0,0,0,0,6.85714,,0,0,0,0,0,0,0,0,0,,0,0,,0,0,0,0
1613698321354,6,1010123456024,73,,1,0,18,1,2,,0,0,0,0,0,0,7.16667,,0,0,0,0,0,0,0,0,0,,0,0,,0,0,0,0
1613698321604,6,1010123456024,73,,1,0,18,1,2,,0,0,0,0,0,0,7,,0,0,0,0,0,0,0,0,0,,0,0,,0,0,0,0
1613698321854,6,1010123456024,73,,1,0,18,1,2,,0,0,0,0,0,0,7.6,,0,0,0,0,0,0,0,0,0,,0,0,,0,0,0,0
1613698322104,6,1010123456024,73,,1,0,18,1,2,,0,0,0,0,0,0,7.33333,,0,0,0,0,0,0,0,0,0,,0,0,,0,0,0,0
1613698322354,6,1010123456024,73,,1,0,18,1,2,,0,0,0,0,0,0,7,,0,0,0,0,0,0,0,0,0,,0,0,,0,0,0,0
1613698322604,6,1010123456024,73,,1,0,18,1,2,,0,0,0,0,0,0,7,,0,0,0,0,0,0,0,0,0,,0,0,,0,0,0,0
1613698322854,6,1010123456024,73,,1,0,18,1,2,,0,0,0,0,0,0,7,,0,0,0,0,0,0,0,0,0,,0,0,,0,0,0,0
1613698323104,6,1010123456024,73,,1,0,18,1,2,,0,0,0,0,0,0,7.16667,,0,0,0,0,0,0,0,0,0,,0,0,,0,0,0,0
1613698323354,6,1010123456024,73,,1,0,18,1,2,,0,0,0,0,0,0,7,,0,0,0,0,0,0,0,0,0,,0,0,,0,0,0,0
1613698323604,6,1010123456024,73,,1,0,18,1,2,,0,0,0,0,0,0,7,,0,0,0,0,0,0,0,0,0,,0,0,,0,0,0,0
1613698323854,6,1010123456024,73,,1,0,18,1,2,,0,0,0,0,0,0,6.75,,0,0,0,0,0,0,0,0,0,,0,0,,0,0,0,0
1613698324104,6,1010123456024,73,,1,0,18,1,2,,0,0,0,0,0,0,7,,0,0,0,0,0,0,0,0,0,,0,0,,0,0,0,0
1613698324354,6,1010123456024,73,,1,0,18,1,2,,0,0,0,0,0,0,7.5,,0,0,0,0,0,0,0,0,0,,0,0,,0,0,0,0
1613698324604,6,1010123456024,73,,1,0,18,1,2,,0,0,0,0,0,0,7,,0,0,0,0,0,0,0,0,0,,0,0,,0,0,0,0
1613698324854,6,1010123456024,73,,1,0,18,1,2,,0,0,0,0,0,0,6.66667,,0,0,0,0,0,0,0,0,0,,0,0,,0,0,0,0
1613698325104,6,1010123456024,73,,1,0,18,1,2,,0,0,0,0,0,0,7,,0,0,0,0,0,0,0,0,0,,0,0,,0,0,0,0
1613698325354,6,1010123456024,73,,1,0,18,1,2,,0,0,0,0,0,0,8,,0,0,0,0,0,0,0,0,0,,0,0,,0,0,0,0
1613698325604,6,1010123456024,73,,1,0,18,1,2,,0,0,0,0,0,0,7,,0,0,0,0,0,0,0,0,0,,0,0,,0,0,0,0
1613698325854,6,1010123456024,73,,1,0,18,1,2,,0,0,0,0,0,0,7,,0,0,0,0,0,0,0,0,0,,0,0,,0,0,0,0
1613698326104,6,1010123456024,73,,1,0,18,1,2,,0,0,0,0,0,0,7,,0,0,0,0,0,0,0,0,0,,0,0,,0,0,0,0
1613698326354,6,1010123456024,73,,1,0,18,1,2,,0,0,0,0,0,0,7,,0,0,0,0,0,0,0,0,0,,0,0,,0,0,0,0
1613698326604,6,1010123456024,73,,1,0,18,1,2,,0,0,0,0,0,0,5.66667,,0,0,0,0,0,0,0,0,0,,0,0,,0,0,0,0
1613698326854,6,1010123456024,73,,1,0,18,1,2,,0,0,0,0,0,0,7,,0,0,0,0,0,0,0,0,0,,0,0,,0,0,0,0
1613698327104,6,1010123456024,73,,1,0,18,1,2,,0,0,0,0,0,0,7,,0,0,0,0,0,0,0,0,0,,0,0,,0,0,0,0
1613698327354,6,1010123456024,73,,1,0,18,1,2,,0,0,0,0,0,0,7,,0,0,0,0,0,0,0,0,0,,0,0,,0,0,0,0
1613698327604,6,1010123456024,73,,1,0,18,1,2,,0,0,0,0,0,0,7,,15,4,0,0.1,1,0,0,17.2037,31,,0,0,,0,0,0,1
1613698327854,6,1010123456024,73,,1,0,18,1,2,,0,0,0,0,0,0,7.25,,0,0,0,0,0,0,0,0,0,,0,0,,0,0,0,0
1613698328104,6,1010123456024,73,,1,0,18,1,2,,0,0,0,0,0,0,7,,0,0,0,0,0,0,0,0,0,,0,0,,0,0,0,0
1613698328354,6,1010123456024,73,,1,0,18,1,2,,0,0,0,0,0,0,7,,0,0,0,0,0,0,0,0,0,,0,0,,0,0,0,0
1613698328604,6,1010123456024,73,,1,0,18,1,2,,0,0,0,0,0,0,7.16667,,0,0,0,0,0,0,0,0,0,,0,0,,0,0,0,0
1613698328854,6,1010123456024,73,,1,0,18,1,2,,0,0,0,0,0,0,7.2,,0,0,0,0,0,0,0,0,0,,0,0,,0,0,0,0
1613698329104,6,1010123456024,73,,1,0,18,1,2,,0,0,0,0,0,0,7,,0,0,0,0,0,0,0,0,0,,0,0,,0,0,0,0
1613698329354,6,1010123456024,73,,1,0,18,1,2,,0,0,0,0,0,0,7,,0,0,0,0,0,0,0,0,0,,0,0,,0,0,0,0
1613698329604,6,1010123456024,73,,1,0,18,1,2,,0,0,0,0,0,0,8.75,,0,0,0,0,0,0,0,0,0,,0,0,,0,0,0,0
1613698329854,6,1010123456024,73,,1,0,18,1,2,,0,0,0,0,0,0,7.25,,0,0,0,0,0,0,0,0,0,,0,0,,0,0,0,0
1613698330104,6,1010123456024,73,,1,0,18,1,2,,0,0,0,0,0,0,7,,0,0,0,0,0,0,0,0,0,,0,0,,0,0,0,0
1613698330354,6,1010123456024,73,,1,0,18,1,2,,0,0,0,0,0,0,7,,0,0,0,0,0,0,0,0,0,,0,0,,0,0,0,0
1613698330604,6,1010123456024,73,,1,0,18,1,2,,0,0,0,0,0,0,7,,0,0,0,0,0,0,0,0,0,,0,0,,0,0,0,0
1613698330854,6,1010123456024,73,,1,0,18,1,2,,0,0,0,0,0,0,7,,0,0,0,0,0,0,0,0,0,,0,0,,0,0,0,0
1613698331104,6,1010123456024,73,,1,0,18,1,2,,0,0,0,0,0,0,7,,0,0,0,0,0,0,0,0,0,,0,0,,0,0,0,0
1613698331354,6,1010123456024,73,,1,0,18,1,2,,0,0,0,0,0,0,7,,0,0,0,0,0,0,0,0,0,,0,0,,0,0,0,0
1613698331604,6,1010123456024,73,,1,0,18,1,2,,0,0,0,0,0,0,7,,0,0,0,0,0,0,0,0,0,,0,0,,0,0,0,0
1613698331854,6,1010123456024,73,,1,0,18,1,2,,0,0,0,0,0,0,7,,0,0,0,0,0,0,0,0,0,,0,0,,0,0,0,0
1613698332104,6,1010123456024,73,,1,0,18,1,2,,0,0,0,0,0,0,7,,0,0,0,0,0,0,0,0,0,,0,0,,0,0,0,0
1613698332354,6,1010123456024,73,,1,0,18,1,2,,0,0,0,0,0,0,8.16667,,0,0,0,0,0,0,0,0,0,,0,0,,0,0,0,0
1613698332604,6,1010123456024,73,,1,0,18,1,2,,0,0,0,0,0,0,6.8,,0,0,0,0,0,0,0,0,0,,0,0,,0,0,0,0
1613698332854,6,1010123456024,73,,1,0,18,1,2,,0,0,0,0,0,0,7,,0,0,0,0,0,0,0,0,0,,0,0,,0,0,0,0
1613698333104,6,1010123456024,73,,1,0,18,1,2,,0,0,0,0,0,0,7,,0,0,0,0,0,0,0,0,0,,0,0,,0,0,0,0
1613698333354,6,1010123456024,73,,1,0,18,1,2,,0,0,0,0,0,0,7,,0,0,0,0,0,0,0,0,0,,0,0,,0,0,0,0
1613698333604,6,1010123456024,73,,1,0,18,1,2,,0,0,0,0,0,0,5.75,,0,0,0,0,0,0,0,0,0,,0,0,,0,0,0,0
1613698333854,6,1010123456024,73,,1,0,18,1,2,,0,0,0,0,0,0,7.2,,0,0,0,0,0,0,0,0,0,,0,0,,0,0,0,0
1613698334104,6,1010123456024,73,,1,0,18,1,2,,0,0,0,0,0,0,7.14286,,0,0,0,0,0,0,0,0,0,,0,0,,0,0,0,0
1613698334354,6,1010123456024,73,,1,0,18,1,2,,0,0,0,0,0,0,7,,0,0,0,0,0,0,0,0,0,,0,0,,0,0,0,0
1613698334604,6,1010123456024,73,,1,0,18,1,2,,0,0,0,0,0,0,9.33333,,0,0,0,0,0,0,0,0,0,,0,0,,0,0,0,0
1613698334854,6,1010123456024,73,,1,0,18,1,2,,0,0,0,0,0,0,6.6,,0,0,0,0,0,0,0,0,0,,0,0,,0,0,0,0
1613698335104,6,1010123456024,73,,1,0,18,1,2,,0,0,0,0,0,0,7,,0,0,0,0,0,0,0,0,0,,0,0,,0,0,0,0
1613698335354,6,1010123456024,73,,1,0,18,1,2,,0,0,0,0,0,0,7,,0,0,0,0,0,0,0,0,0,,0,0,,0,0,0,0
1613698335604,6,1010123456024,73,,1,0,18,1,2,,0,0,0,0,0,0,7,,0,0,0,0,0,0,0,0,0,,0,0,,0,0,0,0
1613698335854,6,1010123456024,73,,1,0,18,1,2,,0,0,0,0,0,0,7,,0,0,0,0,0,0,0,0,0,,0,0,,0,0,0,0
1613698336104,6,1010123456024,73,,1,0,18,1,2,,0,0,0,0,0,0,6.57143,,0,0,0,0,0,0,0,0,0,,0,0,,0,0,0,0
1613698336354,6,1010123456024,73,,1,0,18,1,2,,0,0,0,0,0,0,7,,0,0,0,0,0,0,0,0,0,,0,0,,0,0,0,0
1613698336604,6,1010123456024,73,,1,0,18,1,2,,0,0,0,0,0,0,7,,0,0,0,0,0,0,0,0,0,,0,0,,0,0,0,0
1613698336854,6,1010123456024,73,,1,0,18,1,2,,0,0,0,0,0,0,7,,0,0,0,0,0,0,0,0,0,,0,0,,0,0,0,0
1613698337104,6,1010123456024,73,,1,0,18,1,2,,0,0,0,0,0,0,7,,0,0,0,0,0,0,0,0,0,,0,0,,0,0,0,0
1613698337354,6,1010123456024,73,,1,0,18,1,2,,0,0,0,0,0,0,7,,0,0,0,0,0,0,0,0,0,,0,0,,0,0,0,0
1613698337604,6,1010123456024,73,,1,0,18,1,2,,0,0,0,0,0,0,7,,0,0,0,0,0,0,0,0,0,,0,0,,0,0,0,0
1613698337854,6,1010123456024,73,,1,0,18,1,2,,0,0,0,0,0,0,7,,0,0,0,0,0,0,0,0,0,,0,0,,0,0,0,0
1613698338104,6,1010123456024,73,,1,0,18,1,2,,0,0,0,0,0,0,8,,0,0,0,0,0,0,0,0,0,,0,0,,0,0,0,0
1613698338354,6,1010123456024,73,,1,0,18,1,2,,0,0,0,0,0,0,7,,0,0,0,0,0,0,0,0,0,,0,0,,0,0,0,0
1613698338604,6,1010123456024,73,,1,0,18,1,2,,0,0,0,0,0,0,7,,0,0,0,0,0,0,0,0,0,,0,0,,0,0,0,0
1613698338854,6,1010123456024,73,,1,0,18,1,2,,0,0,0,0,0,0,7,,0,0,0,0,0,0,0,0,0,,0,0,,0,0,0,0
1613698339104,6,1010123456024,73,,1,0,18,1,2,,0,0,0,0,0,0,8.2,,0,0,0,0,0,0,0,0,0,,0,0,,0,0,0,0
1613698339354,6,1010123456024,73,,1,0,18,1,2,,0,0,0,0,0,0,6.33333,,0,0,0,0,0,0,0,0,0,,0,0,,0,0,0,0
1613698339604,6,1010123456024,73,,1,0,18,1,2,,0,0,0,0,0,0,7,,0,0,0,0,0,0,0,0,0,,0,0,,0,0,0,0
1613698339854,6,1010123456024,73,,1,0,18,1,2,,0,0,0,0,0,0,7.83333,,0,0,0,0,0,0,0,0,0,,0,0,,0,0,0,0
1613698340104,6,1010123456024,73,,1,0,18,1,2,,0,0,0,0,0,0,7,,0,0,0,0,0,0,0,0,0,,0,0,,0,0,0,0
1613698340354,6,1010123456024,73,,1,0,18,1,2,,0,0,0,0,0,0,7,,0,0,0,0,0,0,0,0,0,,0,0,,0,0,0,0
1613698340604,6,1010123456024,73,,1,0,18,1,2,,0,0,0,0,0,0,7,,0,0,0,0,0,0,0,0,0,,0,0,,0,0,0,0
1613698340854,6,1010123456024,73,,1,0,18,1,2,,0,0,0,0,0,0,7,,0,0,0,0,0,0,0,0,0,,0,0,,0,0,0,0
1613698341104,6,1010123456024,73,,1,0,18,1,2,,0,0,0,0,0,0,8.5,,0,0,0,0,0,0,0,0,0,,0,0,,0,0,0,0
1613698341354,6,1010123456024,73,,1,0,18,1,2,,0,0,0,0,0,0,8.25,,0,0,0,0,0,0,0,0,0,,0,0,,0,0,0,0
1613698341604,6,1010123456024,73,,1,0,18,1,2,,0,0,0,0,0,0,7.16667,,0,0,0,0,0,0,0,0,0,,0,0,,0,0,0,0
1613698341854,6,1010123456024,73,,1,0,18,1,2,,0,0,0,0,0,0,7.66667,,0,0,0,0,0,0,0,0,0,,0,0,,0,0,0,0
1613698342104,6,1010123456024,73,,1,0,18,1,2,,0,0,0,0,0,0,8.75,,0,0,0,0,0,0,0,0,0,,0,0,,0,0,0,0
1613698342354,6,1010123456024,73,,1,0,18,1,2,,0,0,0,0,0,0,7,,0,0,0,0,0,0,0,0,0,,0,0,,0,0,0,0
1613698342604,6,1010123456024,73,,1,0,18,1,2,,0,0,0,0,0,0,7,,0,0,0,0,0,0,0,0,0,,0,0,,0,0,0,0
1613698342854,6,1010123456024,73,,1,0,18,1,2,,0,0,0,0,0,0,7.33333,,0,0,0,0,0,0,0,0,0,,0,0,,0,0,0,0
1613698343104,6,1010123456024,73,,1,0,18,1,2,,0,0,0,0,0,0,7,,0,0,0,0,0,0,0,0,0,,0,0,,0,0,0,0
1613698343354,6,1010123456024,73,,1,0,18,1,2,,0,0,0,0,0,0,7,,0,0,0,0,0,0,0,0,0,,0,0,,0,0,0,0
1613698343604,6,1010123456024,73,,1,0,18,1,2,,0,0,0,0,0,0,7.16667,,0,0,0,0,0,0,0,0,0,,0,0,,0,0,0,0
1613698343854,6,1010123456024,73,,1,0,18,1,2,,0,0,0,0,0,0,7.4,,0,0,0,0,0,0,0,0,0,,0,0,,0,0,0,0
1613698344104,6,1010123456024,73,,1,0,18,1,2,,0,0,0,0,0,0,7,,0,0,0,0,0,0,0,0,0,,0,0,,0,0,0,0
1613698344354,6,1010123456024,73,,1,0,18,1,2,,0,0,0,0,0,0,7,,0,0,0,0,0,0,0,0,0,,0,0,,0,0,0,0
1613698344604,6,1010123456024,73,,1,0,18,1,2,,0,0,0,0,0,0,7,,0,0,0,0,0,0,0,0,0,,0,0,,0,0,0,0
1613698344854,6,1010123456024,73,,1,0,18,1,2,,0,0,0,0,0,0,8.83333,,0,0,0,0,0,0,0,0,0,,0,0,,0,0,0,0
1613698345104,6,1010123456024,73,,1,0,18,1,2,,0,0,0,0,0,0,7.2,,0,0,0,0,0,0,0,0,0,,0,0,,0,0,0,0
1613698345354,6,1010123456024,73,,1,0,18,1,2,,0,0,0,0,0,0,7.16667,,0,0,0,0,0,0,0,0,0,,0,0,,0,0,0,0
1613698345604,6,1010123456024,73,,1,0,18,1,2,,0,0,0,0,0,0,7,,0,0,0,0,0,0,0,0,0,,0,0,,0,0,0,0
1613698345854,6,1010123456024,73,,1,0,18,1,2,,11.9189,37,17060,0.114378,8,0,7,,0,0,0,0,0,0,0,0,0,,0,198,,0,0,0,0
1613698346104,6,1010123456024,73,,1,0,18,1,2,,10.4544,757,100733,1.44418,220,0,6.28571,,2.42969,128,0,0.126683,38,39.4737,0,2.66434,31,,1899,2142,,0,0,0,5.15625
1613698346355,6,1010123456024,73,,1,0,18,1,2,,9.6179,827,183819,1.27837,238,0,6.16667,,0,0,0,0,0,0,0,0,0,,2250,2064,,0,0,0,0
1613698346605,6,1010123456024,73,,1,0,18,1,2,,10.1822,856,183916,1.38285,243,0,6.33333,,0,0,0,0,0,0,0,0,0,,2250,2178,,0,0,0,0
1613698346854,6,1010123456024,73,,1,0,18,1,2,,10.066,849,183941,1.36716,243,0,6.16667,,0,0,0,0,0,0,0,0,0,,2250,2103,,0,0,0,0
1613698347104,6,1010123456024,73,,1,0,18,1,2,,9.26635,856,183146,1.30972,245,0,6,,0.1,84,0,0.1,24,75,0,2.10364,31,,2250,2178,,0,0,0,7.42857
1613698347354,6,1010123456024,73,,1,0,18,1,2,,10.4418,851,183177,1.49436,244,0,6.5,,0,0,0,0,0,0,0,0,0,,2250,2232,,0,0,0,0
1613698347604,6,1010123456024,73,,1,0,18,1,2,,11.5495,859,183611,1.68896,247,0,6.83333,,0,0,0,0,0,0,0,0,0,,2250,2232,,0,0,0,0
1613698347854,6,1010123456024,73,,1,0,18,1,2,,10.8962,848,183562,1.50728,242,0,6.6,,0,0,0,0,0,0,0,0,0,,2250,2154,,0,0,0,0
1613698348104,6,1010123456024,73,,1,0,18,1,2,,10.9194,831,183549,1.51698,240,0,6.71429,,3.90123,81,0,0.1,23,65.2174,0,4.24461,31,,2250,2142,,0,0,0,7.07407
1613698348354,6,1010123456024,73,,1,0,18,1,2,,11.8092,870,184004,1.68151,249,0,6.83333,,0,0,0,0,0,0,0,0,0,,2250,2160,,0,0,0,0
1613698348604,6,1010123456024,73,,1,0,18,1,2,,11.2538,851,183821,1.60822,244,0,6.66667,,0,0,0,0,0,0,0,0,0,,2250,2226,,0,0,0,0
1613698348854,6,1010123456024,73,,1,0,18,1,2,,7.44866,818,183724,1.08701,235,0,4.66667,,0,0,0,0,0,0,0,0,0,,2250,2064,,0,0,0,0
1613698349104,6,1010123456024,73,,1,0,18,1,2,,13.2876,831,183217,2.55332,240,0,6.66667,,4.8,30,0,0.1,9,44.4444,0,3.33057,31,,2250,2034,,0,0,0,4.7
1613698349355,6,1010123456024,73,,1,0,18,1,2,,11.1729,862,184124,1.60291,245,0,6.66667,,0,0,0,0,0,0,0,0,0,,2250,2160,,0,0,0,0
1613698349604,6,1010123456024,73,,1,0,18,1,2,,9.31388,857,183754,1.32912,245,0,6,,0,0,0,0,0,0,0,0,0,,2250,2202,,0,0,0,0
1613698349854,6,1010123456024,73,,1,0,18,1,2,,10.0414,846,183213,1.39004,242,0,6.16667,,0,0,0,0,0,0,0,0,0,,2250,2130,,0,0,0,0
1613698350104,6,1010123456024,73,,1,0,18,1,2,,11.017,824,183392,1.55451,244,0,6.42857,,0.1,26,0,0.1,8,0,0,7.50585,31,,2250,2208,,0,0,0,1.15385
1613698350355,6,1010123456024,73,,1,0,18,1,2,,10.7291,860,184472,1.47334,246,0,6.33333,,0,0,0,0,0,0,0,0,0,,2250,2148,,0,0,0,0
1613698350604,6,1010123456024,73,,1,0,18,1,2,,10.0957,857,183477,1.48909,245,0,6,,0,0,0,0,0,0,0,0,0,,2250,2178,,0,0,0,0
1613698350854,6,1010123456024,73,,1,0,18,1,2,,10.777,852,183007,1.52208,244,0,6.83333,,0,0,0,0,0,0,0,0,0,,2250,2196,,0,0,0,0
1613698351104,6,1010123456024,73,,1,0,18,1,2,,11.6736,864,183619,1.71402,247,0,6.85714,,14.1739,23,0,0.1,6,66.6667,0,12.7499,31,,2250,2196,,0,0,0,7.26087
1613698351354,6,1010123456024,73,,1,0,18,1,2,,13.1568,861,183421,2.02685,247,0,7.5,,0,0,0,0,0,0,0,0,0,,2250,2178,,0,0,0,0
1613698351604,6,1010123456024,73,,1,0,18,1,2,,12.8971,855,175899,1.94985,245,0,8,,0,0,0,0,0,0,0,0,0,,2250,2157,,0,0,0,0
1613698351855,6,1010123456024,73,,1,0,18,1,2,,10.9804,868,183510,1.96564,248,0,5.66667,,0,0,0,0,0,0,0,0,0,,2250,2226,,0,0,0,0
1613698352104,6,1010123456024,73,,1,0,18,1,2,,9.64927,824,184071,1.28129,239,0,6,,6.89474,57,0,0.1,18,77.7778,0,2.86395,31,,2250,2109,,0,0,0,7.82456
1613698352355,6,1010123456024,73,,1,0,18,1,2,,10.6302,868,182779,1.68822,248,0,6.66667,,0,0,0,0,0,0,0,0,0,,2250,2166,,0,0,0,0
1613698352604,6,1010123456024,73,,1,0,18,1,2,,13.2701,870,174879,2.0364,247,0,8,,0,0,0,0,0,0,0,0,0,,2250,2220,,0,0,0,0
1613698352854,6,1010123456024,73,,1,0,18,1,2,,11.4902,865,183147,1.94694,248,0,6.5,,0,0,0,0,0,0,0,0,0,,2250,2202,,0,0,0,0
1613698353104,6,1010123456024,73,,1,0,18,1,2,,10.2014,854,184136,1.3965,245,0,6.28571,,0.1,40,0,0.1,11,36.3636,0,2.94485,31,,2250,2085,,0,0,0,4.75
1613698353354,6,1010123456024,73,,1,0,18,1,2,,11.5891,864,183608,1.66307,247,0,6.83333,,0,0,0,0,0,0,0,0,0,,2250,2199,,0,0,0,0
1613698353604,6,1010123456024,73,,1,0,18,1,2,,9.14401,868,184013,1.29498,248,0,5.66667,,0,0,0,0,0,0,0,0,0,,2250,2208,,0,0,0,0
1613698353854,6,1010123456024,73,,1,0,18,1,2,,11.1824,866,184354,1.60414,247,0,6.8,,0,0,0,0,0,0,0,0,0,,2250,2190,,0,0,0,0
1613698354104,6,1010123456024,73,,1,0,18,1,2,,11.2751,818,183134,1.49978,240,0,6.5,,14.5067,75,0,0.130784,24,83.3333,0,5.47531,31,,2250,2097,,0,0,0,8.08
1613698354355,6,1010123456024,73,,1,0,18,1,2,,10.9579,855,183930,1.5191,246,0,6.5,,0,0,0,0,0,0,0,0,0,,2250,2196,,0,0,0,0
1613698354604,6,1010123456024,73,,1,0,18,1,2,,9.41487,834,183832,1.32138,238,0,5.66667,,0,0,0,0,0,0,0,0,0,,2250,2076,,0,0,0,0
1613698354854,6,1010123456024,73,,1,0,18,1,2,,10.6788,850,182442,1.53777,243,0,6.83333,,0,0,0,0,0,0,0,0,0,,2250,2199,,0,0,0,0
1613698355104,6,1010123456024,73,,1,0,18,1,2,,10.0379,818,183136,1.41795,242,0,6.28571,,0.1,38,0,0.1,12,25,0,5.21344,31,,2250,2151,,0,0,0,3.86842
1613698355354,6,1010123456024,73,,1,0,18,1,2,,10.7668,849,183172,1.49639,241,0,6.5,,0,0,0,0,0,0,0,0,0,,2250,2196,,0,0,0,0
1613698355605,6,1010123456024,73,,1,0,18,1,2,,10.3936,846,182984,1.42694,243,0,6.33333,,0,0,0,0,0,0,0,0,0,,2250,2118,,0,0,0,0
1613698355855,6,1010123456024,73,,1,0,18,1,2,,6.47874,823,183440,0.893696,236,0,4.5,,0,0,0,0,0,0,0,0,0,,2250,1938,,0,0,0,0
1613698356104,6,1010123456024,73,,1,0,18,1,2,,12.2659,820,184068,1.94127,238,0,7.14286,,4.125,32,0,0.1,10,40,0,8.69538,31,,2250,2118,,0,0,0,4.53125
1613698356356,6,1010123456024,73,,1,0,18,1,2,,9.75149,837,183214,1.40762,239,0,5.66667,,0,0,0,0,0,0,0,0,0,,2259,2181,,0,0,0,0
1613698356604,6,1010123456024,73,,1,0,18,1,2,,10.14,857,183554,1.45865,244,0,6.33333,,0,0,0,0,0,0,0,0,0,,2241,2205,,0,0,0,0
1613698356855,6,1010123456024,73,,1,0,18,1,2,,11.7995,828,174985,1.68624,237,0,7.5,,0,0,0,0,0,0,0,0,0,,2250,2004,,0,0,0,0
1613698357104,6,1010123456024,73,,1,0,18,1,2,,9.94706,850,183335,1.58085,245,0,6.14286,,2.21538,65,0,0.1,20,80,0,3.47392,31,,2250,2238,,0,0,0,8.2
1613698357354,6,1010123456024,73,,1,0,18,1,2,,9.65599,843,183690,1.36566,242,0,6,,0,0,0,0,0,0,0,0,0,,2250,2163,,0,0,0,0
1613698357604,6,1010123456024,73,,1,0,18,1,2,,10.7497,867,183829,1.53902,248,0,6.66667,,0,0,0,0,0,0,0,0,0,,2250,2184,,0,0,0,0
1613698357854,6,1010123456024,73,,1,0,18,1,2,,11.3188,869,183811,1.66429,249,0,6.66667,,0,0,0,0,0,0,0,0,0,,2250,2220,,0,0,0,0
1613698358104,6,1010123456024,73,,1,0,18,1,2,,9.28248,839,183741,1.31541,243,0,6.14286,,3.23077,52,0,0.1,15,66.6667,0,2.54986,31,,2250,2196,,0,0,0,7.73077
1613698358355,6,1010123456024,73,,1,0,18,1,2,,11.1338,852,183901,1.58381,246,0,6.33333,,0,0,0,0,0,0,0,0,0,,2250,2163,,0,0,0,0
1613698358604,6,1010123456024,73,,1,0,18,1,2,,6.9561,820,183846,0.921831,233,0,5.2,,0,0,0,0,0,0,0,0,0,,2250,2079,,0,0,0,0
1613698358854,6,1010123456024,73,,1,0,18,1,2,,11.8904,867,183251,1.75293,248,0,7,,0,0,0,0,0,0,0,0,0,,2250,2244,,0,0,0,0
1613698359104,6,1010123456024,73,,1,0,18,1,2,,11.3329,850,183761,1.64402,248,0,6.57143,,1.68421,38,0,0.103197,10,10,0,5.77423,31,,2250,2226,,0,0,0,2.26316
1613698359354,6,1010123456024,73,,1,0,18,1,2,,9.76343,875,183420,1.38268,250,0,6,,0,0,0,0,0,0,0,0,0,,2250,2190,,0,0,0,0
1613698359604,6,1010123456024,73,,1,0,18,1,2,,7.88331,857,184000,1.1223,246,0,5.33333,,0,0,0,0,0,0,0,0,0,,2250,2190,,0,0,0,0
1613698359854,6,1010123456024,73,,1,0,18,1,2,,11.5064,863,182741,1.62259,246,0,6.83333,,0,0,0,0,0,0,0,0,0,,2250,2184,,0,0,0,0
1613698360104,6,1010123456024,73,,1,0,18,1,2,,11.7428,836,183592,1.68726,244,0,6.71429,,0.1,18,0,0.1,6,0,0,9.63743,31,,2250,2220,,0,0,0,1
1613698360354,6,1010123456024,73,,1,0,18,1,2,,10.0083,847,184093,1.33677,240,0,6.33333,,0,0,0,0,0,0,0,0,0,,2250,2091,,0,0,0,0
1613698360604,6,1010123456024,73,,1,0,18,1,2,,11.8314,854,183495,1.65288,244,0,7,,0,0,0,0,0,0,0,0,0,,2250,2145,,0,0,0,0
1613698360854,6,1010123456024,73,,1,0,18,1,2,,11.192,854,183503,1.57337,245,0,6.5,,0,0,0,0,0,0,0,0,0,,2250,2178,,0,0,0,0
1613698361104,6,1010123456024,73,,1,0,18,1,2,,12.6588,844,183946,1.9555,245,0,7.28571,,9.92793,111,0,0.1,33,78.7879,0,3.31554,31,,2250,2127,,0,0,0,8.08108
1613698361355,6,1010123456024,73,,1,0,18,1,2,,11.6165,863,183305,1.67638,247,0,6.66667,,0,0,0,0,0,0,0,0,0,,2250,2220,,0,0,0,0
1613698361604,6,1010123456024,73,,1,0,18,1,2,,11.7013,867,183206,1.68482,248,0,7,,0,0,0,0,0,0,0,0,0,,2250,2202,,0,0,0,0
1613698361854,6,1010123456024,73,,1,0,18,1,2,,11.5313,847,183812,1.61263,243,0,6.83333,,0,0,0,0,0,0,0,0,0,,2250,2064,,0,0,0,0
1613698362104,6,1010123456024,73,,1,0,18,1,2,,8.85887,829,183029,1.18288,240,0,5.57143,,5.33333,42,0,0.1,13,46.1538,0,4.77106,31,,2250,2079,,0,0,0,5.33333
1613698362354,6,1010123456024,73,,1,0,18,1,2,,11.7746,852,183167,1.71849,244,0,6.83333,,0,0,0,0,0,0,0,0,0,,2250,2199,,0,0,0,0
1613698362604,6,1010123456024,73,,1,0,18,1,2,,10.6012,855,183403,1.48463,245,0,6.5,,0,0,0,0,0,0,0,0,0,,2250,2166,,0,0,0,0
1613698362854,6,1010123456024,73,,1,0,18,1,2,,10.8468,855,183527,1.58737,245,0,6.5,,0,0,0,0,0,0,0,0,0,,2250,2184,,0,0,0,0
1613698363104,6,1010123456024,73,,1,0,18,1,2,,11.0023,860,183194,1.53462,247,0,6.5,,7.71429,35,0,0.1,10,40,0,6.99875,31,,2250,2148,,0,0,0,4.85714
1613698363354,6,1010123456024,73,,1,0,18,1,2,,11.2919,860,183031,1.5965,247,0,6.66667,,0,0,0,0,0,0,0,0,0,,2250,2214,,0,0,0,0
1613698363604,6,1010123456024,73,,1,0,18,1,2,,9.41687,842,183833,1.37799,242,0,6,,0,0,0,0,0,0,0,0,0,,2250,2187,,0,0,0,0
1613698363855,6,1010123456024,73,,1,0,18,1,2,,9.59602,854,184019,1.31936,244,0,6.33333,,0,0,0,0,0,0,0,0,0,,2250,2160,,0,0,0,0
1613698364104,6,1010123456024,73,,1,0,18,1,2,,11.3597,823,183496,1.58705,239,0,6.83333,,0.1,66,0,0.1,19,63.1579,0,3.78058,31,,2250,2100,,0,0,0,6.43939
1613698364354,6,1010123456024,73,,1,0,18,1,2,,11.6154,871,183049,1.69626,248,0,6.83333,,0,0,0,0,0,0,0,0,0,,2250,2226,,0,0,0,0
1613698364604,6,1010123456024,73,,1,0,18,1,2,,13.1892,867,184082,2.03104,248,0,7.5,,0,0,0,0,0,0,0,0,0,,2250,2232,,0,0,0,0
1613698364855,6,1010123456024,73,,1,0,18,1,2,,7.44325,837,183830,1.09024,240,0,5,,0,0,0,0,0,0,0,0,0,,2250,2148,,0,0,0,0
1613698365105,6,1010123456024,73,,1,0,18,1,2,,10.3477,834,183582,1.42672,243,0,6.42857,,0,10,0,0,4,100,0,0,0,,2250,2190,,0,0,0,0
1613698365354,6,1010123456024,73,,1,0,18,1,2,,10.53,868,183860,1.55984,249,0,6.33333,,0.1,23,0,0.1,7,71.4286,0,0.727845,31,,2250,2220,,0,0,0,7.26087
1613698365604,6,1010123456024,73,,1,0,18,1,2,,10.149,859,184221,1.4418,246,0,6.33333,,0,0,0,0,0,0,0,0,0,,2250,2172,,0,0,0,0
1613698365854,6,1010123456024,73,,1,0,18,1,2,,13.0023,871,183205,1.9066,249,0,7.5,,0,0,0,0,0,0,0,0,0,,2250,2160,,0,0,0,0
1613698366104,6,1010123456024,73,,1,0,18,1,2,,11.6939,843,183327,1.69766,246,0,6.85714,,13.0842,95,0,0.1,31,90.3226,0,2.50529,31,,2250,2184,,0,0,0,9.14737
1613698366354,6,1010123456024,73,,1,0,18,1,2,,10.2663,860,183445,1.49732,246,0,6,,0,0,0,0,0,0,0,0,0,,2250,2142,,0,0,0,0
1613698366605,6,1010123456024,73,,1,0,18,1,2,,7.24727,825,183676,0.970912,236,0,4.8,,0,0,0,0,0,0,0,0,0,,2250,2013,,0,0,0,0
1613698366855,6,1010123456024,73,,1,0,18,1,2,,10.6146,851,183046,1.49622,245,0,6.66667,,0,0,0,0,0,0,0,0,0,,2250,2175,,0,0,0,0
1613698367104,6,1010123456024,73,,1,0,18,1,2,,10.9976,838,184555,1.51473,244,0,6.57143,,1.18421,76,0,0.1,22,54.5455,0,2.8554,31,,2250,2151,,0,0,0,6.26316
1613698367354,6,1010123456024,73,,1,0,18,1,2,,10.5771,856,184115,1.47171,245,0,6.5,,0,0,0,0,0,0,0,0,0,,2250,2136,,0,0,0,0
1613698367605,6,1010123456024,73,,1,0,18,1,2,,14.1254,829,183770,2.46758,240,0,7,,0,0,0,0,0,0,0,0,0,,2250,2019,,0,0,0,0
1613698367854,6,1010123456024,73,,1,0,18,1,2,,10.4515,866,184218,1.46994,245,0,6.2,,0,0,0,0,0,0,0,0,0,,2250,2211,,0,0,0,0
1613698368104,6,1010123456024,73,,1,0,18,1,2,,11.4198,848,183680,1.62663,245,0,6.83333,,0.1,29,0,0.1,8,0,0,1.78167,31,,2250,2160,,0,0,0,1.13793
1613698368355,6,1010123456024,73,,1,0,18,1,2,,10.0805,820,182818,1.34269,234,0,6.66667,,0,0,0,0,0,0,0,0,0,,2250,2103,,0,0,0,0
1613698368604,6,1010123456024,73,,1,0,18,1,2,,9.71726,817,184100,1.36694,234,0,5.83333,,0,0,0,0,0,0,0,0,0,,2250,1983,,0,0,0,0
1613698368854,6,1010123456024,73,,1,0,18,1,2,,11.2599,858,183805,1.56395,246,0,6.6,,0,0,0,0,0,0,0,0,0,,2250,2148,,0,0,0,0
1613698369104,6,1010123456024,73,,1,0,18,1,2,,6.59264,815,183565,0.910586,234,0,4.71429,,0.1,63,0,0.1,18,22.2222,0,2.24261,31,,2250,2100,,0,0,0,3.49206
1613698369354,6,1010123456024,73,,1,0,18,1,2,,9.0791,847,184490,1.26843,243,0,5.66667,,0,0,0,0,0,0,0,0,0,,2250,2127,,0,0,0,0
1613698369604,6,1010123456024,73,,1,0,18,1,2,,11.1909,859,183264,1.89825,246,0,6.83333,,0,0,0,0,0,0,0,0,0,,2250,2220,,0,0,0,0
1613698369855,6,1010123456024,73,,1,0,18,1,2,,10.7186,853,182578,1.47862,243,0,6.5,,0,0,0,0,0,0,0,0,0,,2250,2109,,0,0,0,0
1613698370104,6,1010123456024,73,,1,0,18,1,2,,11.0604,861,183337,1.57542,247,0,6.57143,,1.92,25,0,0.1,7,0,0,6.47887,31,,2250,2205,,0,0,0,1.12
1613698370354,6,1010123456024,73,,1,0,18,1,2,,10.5838,865,183147,1.54455,248,0,6.33333,,0,0,0,0,0,0,0,0,0,,2250,2160,,0,0,0,0
1613698370604,6,1010123456024,73,,1,0,18,1,2,,9.64377,859,183693,1.33375,246,0,6.16667,,0,0,0,0,0,0,0,0,0,,2250,2145,,0,0,0,0
1613698370854,6,1010123456024,73,,1,0,18,1,2,,9.63139,841,183303,1.32633,241,0,6.16667,,0,0,0,0,0,0,0,0,0,,2250,2148,,0,0,0,0
1613698371104,6,1010123456024,73,,1,0,18,1,2,,11.1903,846,183443,1.60493,248,0,6.57143,,3.01887,53,0,0.1,15,53.3333,0,2.06053,31,,2250,2181,,0,0,0,6.33962
1613698371354,6,1010123456024,73,,1,0,18,1,2,,11.3204,852,183173,1.61067,244,0,6.8,,0,0,0,0,0,0,0,0,0,,2250,2205,,0,0,0,0
1613698371604,6,1010123456024,73,,1,0,18,1,2,,14.0151,863,183624,2.27647,247,0,8,,0,0,0,0,0,0,0,0,0,,2250,2193,,0,0,0,0
1613698371854,6,1010123456024,73,,1,0,18,1,2,,7.57951,849,183745,1.12765,243,0,5.16667,,0,0,0,0,0,0,0,0,0,,2250,2160,,0,0,0,0
1613698372104,6,1010123456024,73,,1,0,18,1,2,,11.4328,848,184150,1.63672,247,0,6.71429,,8.33333,24,0,0.1,8,50,0,4.14405,31,,2250,2208,,0,0,0,5.66667
1613698372354,6,1010123456024,73,,1,0,18,1,2,,11.7036,867,182743,1.69526,249,0,6.83333,,0,0,0,0,0,0,0,0,0,,2250,2202,,0,0,0,0
1613698372604,6,1010123456024,73,,1,0,18,1,2,,11.3474,855,184383,1.66541,244,0,6.66667,,0,0,0,0,0,0,0,0,0,,2250,2196,,0,0,0,0
1613698372854,6,1010123456024,73,,1,0,18,1,2,,11.1676,871,183704,1.59521,249,0,6.83333,,0,0,0,0,0,0,0,0,0,,2250,2196,,0,0,0,0
1613698373105,6,1010123456024,73,,1,0,18,1,2,,10.2587,804,183248,1.34,233,0,6.42857,,0.1,39,0,0.1,12,33.3333,0,5.43183,31,,2250,2034,,0,0,0,4.20513
1613698373355,6,1010123456024,73,,1,0,18,1,2,,10.8207,870,184325,1.50928,249,0,6.33333,,0,0,0,0,0,0,0,0,0,,2250,2184,,0,0,0,0
1613698373605,6,1010123456024,73,,1,0,18,1,2,,9.51348,853,184267,1.42122,246,0,5.66667,,0,0,0,0,0,0,0,0,0,,2250,2157,,0,0,0,0
1613698373854,6,1010123456024,73,,1,0,18,1,2,,8.83433,839,178223,1.3111,238,0,6.16667,,0,0,0,0,0,0,0,0,0,,2250,2016,,0,0,0,0
1613698374104,6,1010123456024,73,,1,0,18,1,2,,11.1778,827,183447,1.71431,244,0,6.14286,,5.52632,38,0,0.1,11,54.5455,0,3.79632,31,,2250,2199,,0,0,0,5.71053
1613698374355,6,1010123456024,73,,1,0,18,1,2,,4.88604,781,183690,0.680704,225,0,3.83333,,0,0,0,0,0,0,0,0,0,,2250,1659,,0,0,0,0
1613698374604,6,1010123456024,73,,1,0,18,1,2,,6.66503,815,183736,0.88408,233,0,5.16667,,0,0,0,0,0,0,0,0,0,,2250,1986,,0,0,0,0
1613698374854,6,1010123456024,73,,1,0,18,1,2,,10.3203,846,183166,1.4781,242,0,6.5,,0,0,0,0,0,0,0,0,0,,2250,2205,,0,0,0,0
1613698375104,6,1010123456024,73,,1,0,18,1,2,,10.601,832,184076,1.55036,243,0,6.57143,,4,45,0,0.1,14,14.2857,0,7.0968,31,,2250,2154,,0,0,0,2.6
1613698375355,6,1010123456024,73,,1,0,18,1,2,,11.2607,863,183630,1.56717,248,0,6.5,,0,0,0,0,0,0,0,0,0,,2250,2154,,0,0,0,0
1613698375604,6,1010123456024,73,,1,0,18,1,2,,10.825,857,184016,1.49998,247,0,6.6,,0,0,0,0,0,0,0,0,0,,2250,2151,,0,0,0,0
1613698375854,6,1010123456024,73,,1,0,18,1,2,,9.52244,869,184386,1.3599,247,0,6,,0,0,0,0,0,0,0,0,0,,2250,2178,,0,0,0,0
1613698376105,6,1010123456024,73,,1,0,18,1,2,,10.6014,838,184116,1.47949,246,0,6.28571,,16.2308,78,0,0.1,25,80,0,7.55495,31,,2250,2169,,0,0,0,8.07692
1613698376355,6,1010123456024,73,,1,0,18,1,2,,10.2491,863,183704,1.48739,245,0,6.16667,,0,0,0,0,0,0,0,0,0,,2250,2208,,0,0,0,0
1613698376605,6,1010123456024,73,,1,0,18,1,2,,8.35597,854,184043,1.18355,243,0,5.16667,,0,0,0,0,0,0,0,0,0,,2250,2154,,0,0,0,0
1613698376854,6,1010123456024,73,,1,0,18,1,2,,9.73812,863,183511,1.36617,247,0,6.33333,,0,0,0,0,0,0,0,0,0,,2250,2178,,0,0,0,0
1613698377104,6,1010123456024,73,,1,0,18,1,2,,4.29716,774,183974,0.538795,221,0,4,,0.1,47,0,0.1,15,73.3333,0,1.63644,31,,2250,1692,,0,0,0,8.12766
1613698377354,6,1010123456024,73,,1,0,18,1,2,,8.66321,867,183516,1.25057,248,0,6.16667,,0,0,0,0,0,0,0,0,0,,2250,2190,,0,0,0,0
1613698377604,6,1010123456024,73,,1,0,18,1,2,,12.6122,869,183329,1.75524,248,0,7.4,,0,0,0,0,0,0,0,0,0,,2250,2052,,0,0,0,0
1613698377854,6,1010123456024,73,,1,0,18,1,2,,10.4842,855,183508,1.52636,246,0,6.33333,,0,0,0,0,0,0,0,0,0,,2250,2226,,0,0,0,0
1613698378104,6,1010123456024,73,,1,0,18,1,2,,8.59735,832,184318,1.15322,239,0,5.71429,,9,28,0,0,8,100,0,1.01061,0,,2250,2061,,0,0,0,10
1613698378355,6,1010123456024,73,,1,0,18,1,2,,8.03214,809,184186,1.06643,232,0,5.66667,,0.1,19,0,0,5,100,0,0.435155,0,,2250,2058,,0,0,0,10
1613698378605,6,1010123456024,73,,1,0,18,1,2,,8.57757,838,183240,1.2016,240,0,5.5,,0.1,7,0,0.1,2,0,0,1.79813,31,,2250,2064,,0,0,0,1.42857
1613698378855,6,1010123456024,73,,1,0,18,1,2,,9.81166,823,183846,1.29222,235,0,6.2,,0,0,0,0,0,0,0,0,0,,2250,2034,,0,0,0,0
1613698379104,6,1010123456024,73,,1,0,18,1,2,,10.0106,849,183261,1.31737,243,0,6.33333,,0.1,29,0,0.1,8,25,0,3.86813,31,,2250,2097,,0,0,0,4
1613698379354,6,1010123456024,73,,1,0,18,1,2,,10.1093,851,182970,1.41674,243,0,6.2,,0,0,0,0,0,0,0,0,0,,2250,2115,,0,0,0,0
1613698379604,6,1010123456024,73,,1,0,18,1,2,,11.9306,865,183052,1.73219,247,0,7,,0,0,0,0,0,0,0,0,0,,2250,2208,,0,0,0,0
1613698379855,6,1010123456024,73,,1,0,18,1,2,,13.6875,864,183628,2.12957,247,0,7.83333,,0,0,0,0,0,0,0,0,0,,2250,2148,,0,0,0,0
1613698380104,6,1010123456024,73,,1,0,18,1,2,,6.97628,801,182879,0.933141,232,0,5.28571,,11.4444,18,0,0.1,6,66.6667,0,9.55516,31,,2250,2049,,0,0,0,7.5
1613698380354,6,1010123456024,73,,1,0,18,1,2,,9.94471,850,184356,1.41285,243,0,6.16667,,0,0,0,0,0,0,0,0,0,,2250,2181,,0,0,0,0
1613698380604,6,1010123456024,73,,1,0,18,1,2,,8.0527,835,183942,1.10721,239,0,5.33333,,0,0,0,0,0,0,0,0,0,,2250,2094,,0,0,0,0
1613698380855,6,1010123456024,73,,1,0,18,1,2,,10.752,863,183687,1.52304,247,0,6.33333,,0,0,0,0,0,0,0,0,0,,2250,2208,,0,0,0,0
1613698381104,6,1010123456024,73,,1,0,18,1,2,,11.5186,858,182884,1.62606,247,0,6.85714,,0.1,30,0,0.1,9,22.2222,0,4.06259,31,,2250,2157,,0,0,0,3.2
1613698381354,6,1010123456024,73,,1,0,18,1,2,,13.1776,867,184028,2.20292,247,0,7.5,,0,0,0,0,0,0,0,0,0,,2250,2232,,0,0,0,0
1613698381604,6,1010123456024,73,,1,0,18,1,2,,9.68897,852,183424,1.39801,245,0,6.16667,,0,0,0,0,0,0,0,0,0,,2250,2154,,0,0,0,0
1613698381854,6,1010123456024,73,,1,0,18,1,2,,10.0603,846,183030,1.37613,241,0,6.33333,,0,0,0,0,0,0,0,0,0,,2250,2100,,0,0,0,0
1613698382104,6,1010123456024,73,,1,0,18,1,2,,8.73143,808,183744,1.20405,237,0,5.42857,,15.1899,79,0,0.177992,25,80,0,4.64968,31,,2250,2136,,0,0,0,8.29958
1613698382355,6,1010123456024,73,,1,0,18,1,2,,11.6493,847,183159,1.67075,243,0,6.83333,,0,0,0,0,0,0,0,0,0,,2250,2130,,0,0,0,0
1613698382604,6,1010123456024,73,,1,0,18,1,2,,10.9953,853,183128,1.56337,244,0,6.33333,,0,0,0,0,0,0,0,0,0,,2250,2214,,0,0,0,0
1613698382855,6,1010123456024,73,,1,0,18,1,2,,10.2983,865,183984,1.44451,247,0,6.25,,0,0,0,0,0,0,0,0,0,,2250,2163,,0,0,0,0
1613698383104,6,1010123456024,73,,1,0,18,1,2,,11.3384,857,183690,1.58378,247,0,6.71429,,1.45161,31,0,0.1,9,0,0,11.4237,31,,2250,2196,,0,0,0,1
1613698383354,6,1010123456024,73,,1,0,18,1,2,,11.5627,869,182678,1.68148,248,0,6.83333,,0,0,0,0,0,0,0,0,0,,2250,2226,,0,0,0,0
1613698383604,6,1010123456024,73,,1,0,18,1,2,,11.7399,869,183882,1.70326,248,0,6.83333,,0,0,0,0,0,0,0,0,0,,2250,2220,,0,0,0,0
1613698383854,6,1010123456024,73,,1,0,18,1,2,,9.36697,872,183582,1.38805,249,0,6,,0,0,0,0,0,0,0,0,0,,2250,2202,,0,0,0,0
1613698384104,6,1010123456024,73,,1,0,18,1,2,,10.8972,846,183491,1.55161,242,0,6.71429,,4.14286,42,0,0.1,13,61.5385,0,3.40841,31,,2250,2199,,0,0,0,6.69048
1613698384355,6,1010123456024,73,,1,0,18,1,2,,3.01679,774,183514,0.4952,223,0,2,,0,0,0,0,0,0,0,0,0,,2250,1686,,0,0,0,0
1613698384604,6,1010123456024,73,,1,0,18,1,2,,5.77503,809,183617,0.722281,231,0,4.83333,,0,0,0,0,0,0,0,0,0,,2250,1821,,0,0,0,0
1613698384855,6,1010123456024,73,,1,0,18,1,2,,11.6678,867,183134,1.64998,248,0,6.83333,,0,0,0,0,0,0,0,0,0,,2250,2190,,0,0,0,0
1613698385104,6,1010123456024,73,,1,0,18,1,2,,9.01402,856,183265,1.2809,246,0,5.71429,,0.1,34,0,0.1,10,20,0,4.21529,31,,2250,2139,,0,0,0,4.14706
1613698385354,6,1010123456024,73,,1,0,18,1,2,,9.71919,844,183050,1.34214,242,0,6,,0,0,0,0,0,0,0,0,0,,2250,2127,,0,0,0,0
1613698385604,6,1010123456024,73,,1,0,18,1,2,,7.20813,836,183793,0.96,240,0,5,,0,0,0,0,0,0,0,0,0,,2250,1956,,0,0,0,0
1613698385854,6,1010123456024,73,,1,0,18,1,2,,7.50714,840,183819,1.05584,240,0,5.16667,,0,0,0,0,0,0,0,0,0,,2250,2088,,0,0,0,0
1613698386105,6,1010123456024,73,,1,0,18,1,2,,9.60424,849,184017,1.356,247,0,6.14286,,0.8,25,0,0.1,7,28.5714,0,3.57381,31,,2250,2163,,0,0,0,4.36
1613698386355,6,1010123456024,73,,1,0,18,1,2,,11.6562,864,183933,1.68688,247,0,6.8,,0,0,0,0,0,0,0,0,0,,2250,2226,,0,0,0,0
1613698386604,6,1010123456024,73,,1,0,18,1,2,,10.4691,874,184394,1.55778,250,0,6.33333,,0,0,0,0,0,0,0,0,0,,2250,2214,,0,0,0,0
1613698386854,6,1010123456024,73,,1,0,18,1,2,,9.98951,858,183243,1.40527,246,0,6.16667,,0,0,0,0,0,0,0,0,0,,2250,2184,,0,0,0,0
1613698387104,6,1010123456024,73,,1,0,18,1,2,,9.82075,848,182904,1.37057,244,0,6.28571,,11.619,21,0,0.1,6,66.6667,0,11.6613,31,,2250,2154,,0,0,0,7
1613698387355,6,1010123456024,73,,1,0,18,1,2,,12.5746,865,183098,1.82125,248,0,7.16667,,0,0,0,0,0,0,0,0,0,,2250,2178,,0,0,0,0
1613698387605,6,1010123456024,73,,1,0,18,1,2,,10.8561,862,183895,1.52579,247,0,6.5,,0,0,0,0,0,0,0,0,0,,2250,2169,,0,0,0,0
1613698387854,6,1010123456024,73,,1,0,18,1,2,,11.4942,858,182808,1.63746,246,0,6.66667,,0,0,0,0,0,0,0,0,0,,2250,2208,,0,0,0,0
1613698388105,6,1010123456024,73,,1,0,18,1,2,,9.01083,831,183492,1.29818,240,0,5.42857,,0.1,32,0,0.1,10,20,0,7.38626,31,,2250,2172,,0,0,0,2.96875
1613698388354,6,1010123456024,73,,1,0,18,1,2,,8.99064,855,183862,1.22467,244,0,6.2,,0,0,0,0,0,0,0,0,0,,2250,2157,,0,0,0,0
1613698388604,6,1010123456024,73,,1,0,18,1,2,,11.7377,854,183588,1.65317,245,0,6.83333,,0,0,0,0,0,0,0,0,0,,2250,2178,,0,0,0,0
1613698388854,6,1010123456024,73,,1,0,18,1,2,,10.5341,850,183077,1.48864,244,0,6.33333,,0,0,0,0,0,0,0,0,0,,2250,2178,,0,0,0,0
1613698389105,6,1010123456024,73,,1,0,18,1,2,,11.2876,838,183777,1.53398,241,0,6.57143,,15,16,0,0,4,100,0,1.97247,0,,2250,2142,,0,0,0,10
1613698389355,6,1010123456024,73,,1,0,18,1,2,,8.96725,855,183227,1.26762,244,0,5.66667,,0,15,0,0.1,5,80,0,0,31,,2250,2142,,0,0,0,0
1613698389604,6,1010123456024,73,,1,0,18,1,2,,6.76087,828,182954,0.885269,238,0,5.33333,,0.1,4,0,0.1,1,0,0,3.45768,0,,2250,2016,,0,0,0,1
1613698389854,6,1010123456024,73,,1,0,18,1,2,,8.67017,855,184178,1.23312,244,0,5.33333,,0,0,0,0,0,0,0,0,0,,2250,2127,,0,0,0,0
1613698390104,6,1010123456024,73,,1,0,18,1,2,,8.26566,862,183204,1.22018,247,0,4.71429,,0.782609,46,0,0.1,13,23.0769,0,3.45588,31,,2250,2199,,0,0,0,4.67391
1613698390354,6,1010123456024,73,,1,0,18,1,2,,9.20256,859,183492,1.3088,245,0,6.5,,0,0,0,0,0,0,0,0,0,,2250,2202,,0,0,0,0
1613698390605,6,1010123456024,73,,1,0,18,1,2,,10.9638,857,184337,1.61376,246,0,6.66667,,0,0,0,0,0,0,0,0,0,,2250,2229,,0,0,0,0
1613698390855,6,1010123456024,73,,1,0,18,1,2,,11.3651,871,184016,1.6159,249,0,6.5,,0,0,0,0,0,0,0,0,0,,2250,2163,,0,0,0,0
1613698391104,6,1010123456024,73,,1,0,18,1,2,,8.29964,831,183626,1.18965,241,0,5.71429,,13.7349,83,0,0.100241,27,81.4815,0,3.45696,31,,2250,2163,,0,0,0,8.04819
1613698391355,6,1010123456024,73,,1,0,18,1,2,,9.96909,841,183127,1.3473,240,0,6,,0,0,0,0,0,0,0,0,0,,2250,2067,,0,0,0,0
1613698391604,6,1010123456024,73,,1,0,18,1,2,,8.52852,859,183047,1.22892,246,0,5.83333,,0,0,0,0,0,0,0,0,0,,2250,2154,,0,0,0,0
1613698391854,6,1010123456024,73,,1,0,18,1,2,,11.3083,853,183176,1.64829,243,0,6.66667,,0,0,0,0,0,0,0,0,0,,2250,2226,,0,0,0,0
1613698392104,6,1010123456024,73,,1,0,18,1,2,,11.6457,858,182830,1.69748,246,0,6.83333,,4.28571,28,0,0.1,8,0,0,15.2937,31,,2250,2250,,0,0,0,1.42857
1613698392354,6,1010123456024,73,,1,0,18,1,2,,9.62941,850,184121,1.34252,243,0,5.83333,,0,0,0,0,0,0,0,0,0,,2250,2145,,0,0,0,0
1613698392604,6,1010123456024,73,,1,0,18,1,2,,9.19093,838,183055,1.21966,240,0,5.8,,0,0,0,0,0,0,0,0,0,,2250,2076,,0,0,0,0
1613698392855,6,1010123456024,73,,1,0,18,1,2,,10.8561,862,184220,1.5505,247,0,6.66667,,0,0,0,0,0,0,0,0,0,,2250,2184,,0,0,0,0
1613698393104,6,1010123456024,73,,1,0,18,1,2,,11.1561,852,184118,1.88986,245,0,6.71429,,8.44068,59,0,0.1,18,44.4444,0,8.62162,31,,2250,2190,,0,0,0,4.9661
1613698393355,6,1010123456024,73,,1,0,18,1,2,,11.4452,867,183227,1.61325,248,0,6.83333,,0,0,0,0,0,0,0,0,0,,2250,2184,,0,0,0,0
1613698393604,6,1010123456024,73,,1,0,18,1,2,,8.7052,865,183175,1.23589,247,0,5.66667,,0,0,0,0,0,0,0,0,0,,2250,2154,,0,0,0,0
1613698393855,6,1010123456024,73,,1,0,18,1,2,,10.1953,860,183488,1.41283,246,0,6.16667,,0,0,0,0,0,0,0,0,0,,2250,2133,,0,0,0,0
1613698394104,6,1010123456024,73,,1,0,18,1,2,,10.4378,852,184033,1.488,243,0,6.42857,,11.3684,19,0,0.1,6,66.6667,0,12.5673,31,,2250,2202,,0,0,0,6.68421
1613698394354,6,1010123456024,73,,1,0,18,1,2,,11.8773,864,184171,1.8183,248,0,5.8,,0,0,0,0,0,0,0,0,0,,2250,2226,,0,0,0,0
1613698394604,6,1010123456024,73,,1,0,18,1,2,,9.85,860,184132,1.41545,246,0,6.66667,,0,0,0,0,0,0,0,0,0,,2250,2217,,0,0,0,0
1613698394855,6,1010123456024,73,,1,0,18,1,2,,10.38,850,183570,1.46627,244,0,6.16667,,0,0,0,0,0,0,0,0,0,,2250,2139,,0,0,0,0
1613698395105,6,1010123456024,73,,1,0,18,1,2,,10.4844,832,183756,1.40378,240,0,6.14286,,0.1,38,0,0.1,12,16.6667,0,4.08524,31,,2250,2100,,0,0,0,2.57895
1613698395354,6,1010123456024,73,,1,0,18,1,2,,9.68527,842,183154,1.30962,241,0,6.5,,0,0,0,0,0,0,0,0,0,,2250,2070,,0,0,0,0
1613698395605,6,1010123456024,73,,1,0,18,1,2,,11.3414,867,183032,1.6071,248,0,6.6,,0,0,0,0,0,0,0,0,0,,2250,2178,,0,0,0,0
1613698395854,6,1010123456024,73,,1,0,18,1,2,,10.1372,860,183444,1.4036,246,0,6.16667,,0,0,0,0,0,0,0,0,0,,2250,2148,,0,0,0,0
1613698396104,6,1010123456024,73,,1,0,18,1,2,,11.2707,846,183275,1.56781,244,0,6.71429,,4.88372,43,0,0.1,12,66.6667,0,3.34312,31,,2250,2172,,0,0,0,7.34884
1613698396355,6,1010123456024,73,,1,0,18,1,2,,8.57805,820,183644,1.15949,234,0,5.66667,,0,0,0,0,0,0,0,0,0,,2250,2100,,0,0,0,0
1613698396604,6,1010123456024,73,,1,0,18,1,2,,10.1224,850,183665,1.41616,243,0,6.16667,,0,0,0,0,0,0,0,0,0,,2250,2142,,0,0,0,0
1613698396854,6,1010123456024,73,,1,0,18,1,2,,11.2113,866,183539,1.617,247,0,6.6,,0,0,0,0,0,0,0,0,0,,2250,2202,,0,0,0,0
1613698397104,6,1010123456024,73,,1,0,18,1,2,,10.3063,826,183395,1.44032,239,0,6.14286,,4.23529,34,0,0.1,9,44.4444,0,4.4828,31,,2250,2136,,0,0,0,6.32353
1613698397354,6,1010123456024,73,,1,0,18,1,2,,10.3191,865,183413,1.44096,246,0,6.6,,0,0,0,0,0,0,0,0,0,,2250,2178,,0,0,0,0
1613698397604,6,1010123456024,73,,1,0,18,1,2,,11.3438,864,183139,1.65301,248,0,6.66667,,0,0,0,0,0,0,0,0,0,,2250,2238,,0,0,0,0
1613698397854,6,1010123456024,73,,1,0,18,1,2,,9.84803,862,183809,1.46949,246,0,6.16667,,0,0,0,0,0,0,0,0,0,,2250,2196,,0,0,0,0
1613698398105,6,1010123456024,73,,1,0,18,1,2,,12.3384,854,183792,1.77277,245,0,7,,15,16,0,0,4,100,0,2.32045,0,,2250,2082,,0,0,0,10
1613698398354,6,1010123456024,73,,1,0,18,1,2,,10.8094,855,183638,1.4497,246,0,6.5,,8,24,0,0.1,7,57.1429,0,16.9445,31,,2250,2115,,0,0,0,6.375
1613698398604,6,1010123456024,73,,1,0,18,1,2,,12.7612,871,183968,2.0986,249,0,7.16667,,0,0,0,0,0,0,0,0,0,,2250,2238,,0,0,0,0
1613698398854,6,1010123456024,73,,1,0,18,1,2,,12.4241,856,183883,1.89786,245,0,7.5,,0,0,0,0,0,0,0,0,0,,2250,2172,,0,0,0,0
1613698399104,6,1010123456024,73,,1,0,18,1,2,,11.5628,860,183393,1.6772,247,0,6.57143,,7.18182,33,0,0.1,9,44.4444,0,10.5093,31,,2250,2226,,0,0,0,5.36364
1613698399354,6,1010123456024,73,,1,0,18,1,2,,11.3044,841,175906,1.99595,239,0,7.33333,,0,0,0,0,0,0,0,0,0,,2250,2190,,0,0,0,0
1613698399604,6,1010123456024,73,,1,0,18,1,2,,15.2319,871,180730,2.49899,249,0,8.66667,,0,0,0,0,0,0,0,0,0,,2250,2166,,0,0,0,0
1613698399855,6,1010123456024,73,,1,0,18,1,2,,12.3647,850,183972,1.91168,246,0,6.83333,,0,0,0,0,0,0,0,0,0,,2250,2184,,0,0,0,0
1613698400104,6,1010123456024,73,,1,0,18,1,2,,13.2918,850,178782,2.17462,246,0,7.42857,,5.51163,43,0,0.1,12,66.6667,0,4.58444,31,,2250,2184,,0,0,0,7.27907
1613698400354,6,1010123456024,73,,1,0,18,1,2,,8.50355,844,183395,1.23062,240,0,5.66667,,0,0,0,0,0,0,0,0,0,,2250,2160,,0,0,0,0
1613698400604,6,1010123456024,73,,1,0,18,1,2,,9.77712,848,183652,1.36347,244,0,6.16667,,0,0,0,0,0,0,0,0,0,,2250,2133,,0,0,0,0
1613698400854,6,1010123456024,73,,1,0,18,1,2,,11.0117,856,183852,1.54863,245,0,6.66667,,0,0,0,0,0,0,0,0,0,,2250,2136,,0,0,0,0
1613698401104,6,1010123456024,73,,1,0,18,1,2,,8.42668,832,184083,1.23097,242,0,5.71429,,3.5,36,0,0.1,11,36.3636,0,4.98893,31,,2250,2157,,0,0,0,4.97222
1613698401354,6,1010123456024,73,,1,0,18,1,2,,11.4076,866,184075,1.61459,248,0,6.66667,,0,0,0,0,0,0,0,0,0,,2250,2148,,0,0,0,0
1613698401605,6,1010123456024,73,,1,0,18,1,2,,2.30596,755,184624,0.363936,219,0,2.66667,,0,0,0,0,0,0,0,0,0,,2250,1590,,0,0,0,0
1613698401855,6,1010123456024,73,,1,0,18,1,2,,1.59448,725,184554,0.255872,208,0,2.33333,,0,0,0,0,0,0,0,0,0,,2250,1521,,0,0,0,0
1613698402105,6,1010123456024,73,,1,0,18,1,2,,6.53789,805,183646,0.878944,233,0,4.71429,,0.1,25,0,0.1,7,0,0,1.77397,31,,2250,1977,,0,0,0,1.16
1613698402355,6,1010123456024,73,,1,0,18,1,2,,10.2696,868,183077,1.43715,247,0,6.83333,,0,0,0,0,0,0,0,0,0,,2250,2178,,0,0,0,0
1613698402605,6,1010123456024,73,,1,0,18,1,2,,4.68211,777,183695,0.600992,222,0,3.83333,,0,0,0,0,0,0,0,0,0,,2250,1698,,0,0,0,0
1613698402855,6,1010123456024,73,,1,0,18,1,2,,10.5012,858,183118,1.77648,246,0,6.66667,,0,0,0,0,0,0,0,0,0,,2250,2172,,0,0,0,0
1613698403105,6,1010123456024,73,,1,0,18,1,2,,11.5916,857,183536,1.64931,247,0,6.85714,,6.30303,33,0,0.1,10,40,0,2.58289,31,,2250,2205,,0,0,0,5.21212
1613698403354,6,1010123456024,73,,1,0,18,1,2,,11.6495,853,184337,1.6684,243,0,6.83333,,0,0,0,0,0,0,0,0,0,,2250,2226,,0,0,0,0
1613698403604,6,1010123456024,73,,1,0,18,1,2,,11.2784,862,182983,1.60704,247,0,6.8,,0,0,0,0,0,0,0,0,0,,2250,2184,,0,0,0,0
1613698403854,6,1010123456024,73,,1,0,18,1,2,,10.9528,868,183262,1.54384,248,0,6.5,,0,0,0,0,0,0,0,0,0,,2250,2169,,0,0,0,0
1613698404104,6,1010123456024,73,,1,0,18,1,2,,10.1817,842,183837,1.4729,242,0,6.14286,,0.1,28,0,0.1,8,0,0,5.63334,31,,2250,2100,,0,0,0,1
1613698404355,6,1010123456024,73,,1,0,18,1,2,,10.7625,859,183330,1.53754,245,0,6.83333,,0,0,0,0,0,0,0,0,0,,2250,2217,,0,0,0,0
1613698404605,6,1010123456024,73,,1,0,18,1,2,,8.68107,856,183014,1.2512,246,0,5.83333,,0,0,0,0,0,0,0,0,0,,2250,2178,,0,0,0,0
1613698404854,6,1010123456024,73,,1,0,18,1,2,,10.7995,843,184503,1.59537,239,0,6.5,,0,0,0,0,0,0,0,0,0,,2241,2088,,0,0,0,0
1613698405105,6,1010123456024,73,,1,0,18,1,2,,7.3361,842,184037,1.00956,243,0,5.28571,,0.1,20,0,0.1,6,0,0,6.13082,31,,2259,2103,,0,0,0,1.9
1613698405354,6,1010123456024,73,,1,0,18,1,2,,10.1532,855,180215,1.4195,245,0,6.83333,,0,0,0,0,0,0,0,0,0,,2250,2178,,0,0,0,0
1613698405604,6,1010123456024,73,,1,0,18,1,2,,13.1234,875,184159,2.14336,250,0,7,,0,0,0,0,0,0,0,0,0,,2250,2196,,0,0,0,0
1613698405854,6,1010123456024,73,,1,0,18,1,2,,9.63227,843,183592,1.3368,241,0,6,,0,0,0,0,0,0,0,0,0,,2250,2145,,0,0,0,0
1613698406104,6,1010123456024,73,,1,0,18,1,2,,9.84888,847,183747,1.40292,243,0,5.85714,,7.71429,42,0,0.1,13,61.5385,0,4.74408,31,,2250,2169,,0,0,0,6.14286
1613698406354,6,1010123456024,73,,1,0,18,1,2,,9.00468,854,183763,1.24228,245,0,6.16667,,0,0,0,0,0,0,0,0,0,,2250,2184,,0,0,0,0
1613698406604,6,1010123456024,73,,1,0,18,1,2,,5.72622,778,183463,0.761831,224,0,4.33333,,0,0,0,0,0,0,0,0,0,,2250,1836,,0,0,0,0
1613698406854,6,1010123456024,73,,1,0,18,1,2,,8.8072,861,184053,1.23839,245,0,5.83333,,0,0,0,0,0,0,0,0,0,,2250,2175,,0,0,0,0
1613698407104,6,1010123456024,73,,1,0,18,1,2,,8.67482,818,183294,1.18975,236,0,5.71429,,0.1,61,0,0.1,17,17.6471,0,4.47774,31,,2241,2031,,0,0,0,2.98361
1613698407354,6,1010123456024,73,,1,0,18,1,2,,10.4401,868,183519,1.47146,247,0,6.5,,0,0,0,0,0,0,0,0,0,,2259,2202,,0,0,0,0
1613698407604,6,1010123456024,73,,1,0,18,1,2,,7.20543,847,183802,1.02673,242,0,5.2,,0,0,0,0,0,0,0,0,0,,2250,2085,,0,0,0,0
1613698407855,6,1010123456024,73,,1,0,18,1,2,,10.59,861,183078,1.4377,246,0,6.5,,0,0,0,0,0,0,0,0,0,,2250,2184,,0,0,0,0
1613698408105,6,1010123456024,73,,1,0,18,1,2,,9.72996,811,184263,1.30138,238,0,6.57143,,0.1,39,0,0.1,13,23.0769,0,3.19882,31,,2250,2133,,0,0,0,3.69231
1613698408355,6,1010123456024,73,,1,0,18,1,2,,7.9891,826,182923,1.15722,236,0,5,,0,0,0,0,0,0,0,0,0,,2250,2076,,0,0,0,0
1613698408604,6,1010123456024,73,,1,0,18,1,2,,9.88636,836,184101,1.38445,240,0,6.16667,,0,0,0,0,0,0,0,0,0,,2250,2142,,0,0,0,0
1613698408854,6,1010123456024,73,,1,0,18,1,2,,8.46602,824,184170,1.14243,237,0,5.5,,0,0,0,0,0,0,0,0,0,,2250,2106,,0,0,0,0
1613698409104,6,1010123456024,73,,1,0,18,1,2,,11.0697,847,183213,1.53504,246,0,6.5,,15.2947,95,0,0.1,31,90.3226,0,3.74636,31,,2241,2166,,0,0,0,9.05263
1613698409355,6,1010123456024,73,,1,0,18,1,2,,10.3884,865,183811,1.48357,248,0,6.33333,,0,0,0,0,0,0,0,0,0,,2250,2178,,0,0,0,0
1613698409604,6,1010123456024,73,,1,0,18,1,2,,10.6412,864,184384,1.57674,248,0,6.16667,,0,0,0,0,0,0,0,0,0,,2250,2214,,0,0,0,0
1613698409854,6,1010123456024,73,,1,0,18,1,2,,13.5816,858,183054,2.14962,245,0,8,,0,0,0,0,0,0,0,0,0,,2250,2181,,0,0,0,0
1613698410105,6,1010123456024,73,,1,0,18,1,2,,13.8028,847,183808,2.21379,243,0,7.71429,,0.1,107,0,0.1,31,61.2903,0,1.01787,31,,2250,2148,,0,0,0,6.85981
1613698410354,6,1010123456024,73,,1,0,18,1,2,,11.9132,864,183816,1.7485,248,0,7,,0,0,0,0,0,0,0,0,0,,2250,2214,,0,0,0,0
1613698410604,6,1010123456024,73,,1,0,18,1,2,,10.0939,863,183589,1.50406,248,0,6.16667,,0,0,0,0,0,0,0,0,0,,2250,2220,,0,0,0,0
1613698410855,6,1010123456024,73,,1,0,18,1,2,,7.39657,817,182863,0.936704,232,0,5.5,,0,0,0,0,0,0,0,0,0,,2250,1983,,0,0,0,0
1613698411104,6,1010123456024,73,,1,0,18,1,2,,11.131,855,184158,1.56392,245,0,6.57143,,2.8,55,0,0.1,17,70.5882,0,2.65254,31,,2250,2184,,0,0,0,7.16364
1613698411354,6,1010123456024,73,,1,0,18,1,2,,10.3275,858,183221,1.47939,246,0,6,,0,0,0,0,0,0,0,0,0,,2250,2214,,0,0,0,0
1613698411604,6,1010123456024,73,,1,0,18,1,2,,8.56089,854,183181,1.14956,243,0,6,,0,0,0,0,0,0,0,0,0,,2241,2073,,0,0,0,0
1613698411854,6,1010123456024,73,,1,0,18,1,2,,11.6269,863,183110,1.64736,248,0,6.83333,,0,0,0,0,0,0,0,0,0,,2259,2163,,0,0,0,0
1613698412104,6,1010123456024,73,,1,0,18,1,2,,10.8349,842,183826,1.55039,246,0,6.42857,,0.1,44,0,0.1,13,38.4615,0,2.08356,31,,2250,2208,,0,0,0,4.04545
1613698412354,6,1010123456024,73,,1,0,18,1,2,,10.2104,865,183898,1.45282,246,0,6.16667,,0,0,0,0,0,0,0,0,0,,2250,2202,,0,0,0,0
1613698412605,6,1010123456024,73,,1,0,18,1,2,,11.7202,865,184242,1.66912,248,0,7,,0,0,0,0,0,0,0,0,0,,2250,2166,,0,0,0,0
1613698412855,6,1010123456024,73,,1,0,18,1,2,,6.45049,808,184513,0.948704,232,0,4.5,,0,0,0,0,0,0,0,0,0,,2250,1809,,0,0,0,0
1613698413105,6,1010123456024,73,,1,0,18,1,2,,6.55457,788,183391,0.867648,228,0,4.71429,,10.1053,19,84,0.1,5,80,0,3.13983,31,,2250,1713,,0,0,0,8.57895
1613698413355,6,1010123456024,73,,1,0,18,1,2,,11.5944,863,183703,1.60429,246,0,6.83333,,0.1,35,0,0.1,10,80,0,2.02834,0,,2250,2145,,0,0,0,8.31429
1613698413604,6,1010123456024,73,,1,0,18,1,2,,10.7251,844,183734,1.51351,241,0,6.5,,0,0,0,0,0,0,0,0,0,,2250,2154,,0,0,0,0
1613698413854,6,1010123456024,73,,1,0,18,1,2,,9.02884,867,183066,1.29574,248,0,5.83333,,0,0,0,0,0,0,0,0,0,,2241,2151,,0,0,0,0
1613698414104,6,1010123456024,73,,1,0,18,1,2,,9.69417,824,182827,1.37526,242,0,6.28571,,3.57447,47,0,0.1,13,61.5385,0,3.74863,31,,2259,2169,,0,0,0,6.82979
1613698414354,6,1010123456024,73,,1,0,18,1,2,,11.6354,864,183226,1.68051,248,0,6.83333,,0,0,0,0,0,0,0,0,0,,2250,2208,,0,0,0,0
1613698414605,6,1010123456024,73,,1,0,18,1,2,,11.7714,866,183153,1.70102,247,0,6.83333,,0,0,0,0,0,0,0,0,0,,2250,2208,,0,0,0,0
1613698414854,6,1010123456024,73,,1,0,18,1,2,,9.23104,857,183046,1.33639,245,0,5.5,,0,0,0,0,0,0,0,0,0,,2250,2199,,0,0,0,0
1613698415104,6,1010123456024,73,,1,0,18,1,2,,10.0543,847,183210,1.4408,242,0,6.42857,,4.36364,33,0,0.1,9,44.4444,0,4.74479,31,,2250,2202,,0,0,0,5.36364
1613698415355,6,1010123456024,73,,1,0,18,1,2,,11.2583,848,184157,1.56704,242,0,6.66667,,0,0,0,0,0,0,0,0,0,,2250,2166,,0,0,0,0
1613698415604,6,1010123456024,73,,1,0,18,1,2,,11.5226,863,183215,1.64148,247,0,6.66667,,0,0,0,0,0,0,0,0,0,,2250,2154,,0,0,0,0
1613698415855,6,1010123456024,73,,1,0,18,1,2,,10.6846,853,183574,1.53094,245,0,6.4,,0,0,0,0,0,0,0,0,0,,2250,2109,,0,0,0,0
1613698416104,6,1010123456024,73,,1,0,18,1,2,,10.3518,847,183786,1.48742,245,0,6.28571,,0.1,46,0,0.1,13,53.8462,0,0.985989,31,,2250,2220,,0,0,0,6.97826
1613698416355,6,1010123456024,73,,1,0,18,1,2,,10.7201,861,183829,1.4713,244,0,6.83333,,0,0,0,0,0,0,0,0,0,,2250,2130,,0,0,0,0
1613698416604,6,1010123456024,73,,1,0,18,1,2,,11.0104,865,184396,1.63059,248,0,6.66667,,0,0,0,0,0,0,0,0,0,,2250,2238,,0,0,0,0
1613698416854,6,1010123456024,73,,1,0,18,1,2,,11.0277,865,183466,1.6168,247,0,6.66667,,0,0,0,0,0,0,0,0,0,,2250,2178,,0,0,0,0
1613698417104,6,1010123456024,73,,1,0,18,1,2,,11.7293,835,181934,1.61806,245,0,7.57143,,5.70492,61,0,0.1,18,72.2222,0,2.93622,31,,2250,2190,,0,0,0,7.68852
1613698417354,6,1010123456024,73,,1,0,18,1,2,,16.7376,865,182096,2.9119,247,0,8.16667,,0,0,0,0,0,0,0,0,0,,2250,2160,,0,0,0,0
1613698417605,6,1010123456024,73,,1,0,18,1,2,,10.6085,871,183319,1.51818,249,0,6.33333,,0,0,0,0,0,0,0,0,0,,2250,2202,,0,0,0,0
1613698417854,6,1010123456024,73,,1,0,18,1,2,,10.4125,851,183536,1.43515,243,0,6.33333,,0,0,0,0,0,0,0,0,0,,2241,2205,,0,0,0,0
1613698418104,6,1010123456024,73,,1,0,18,1,2,,13.6021,842,183690,2.32189,243,0,7.71429,,6.58139,43,0,0.1,13,38.4615,0,9.24396,31,,2250,2160,,0,0,0,5.18605
1613698418354,6,1010123456024,73,,1,0,18,1,2,,3.76152,738,183894,0.509824,214,0,3.33333,,0,0,0,0,0,0,0,0,0,,2259,1626,,0,0,0,0
1613698418604,6,1010123456024,73,,1,0,18,1,2,,9.80854,867,182743,1.37555,248,0,6.33333,,0,0,0,0,0,0,0,0,0,,2250,2178,,0,0,0,0
1613698418854,6,1010123456024,73,,1,0,18,1,2,,11.6779,857,184414,1.7032,246,0,6.83333,,0,0,0,0,0,0,0,0,0,,2250,2214,,0,0,0,0
1613698419104,6,1010123456024,73,,1,0,18,1,2,,11.0069,869,183534,1.57841,250,0,6.42857,,0,12,0,0,4,100,0,0,0,,2250,2220,,0,0,0,0
1613698419355,6,1010123456024,73,,1,0,18,1,2,,9.44547,862,184310,1.32237,247,0,5.83333,,0.1,7,0,0.1,2,0,0,1.46594,31,,2250,2133,,0,0,0,1.42857
1613698419604,6,1010123456024,73,,1,0,18,1,2,,9.50469,852,183547,1.36742,243,0,6.33333,,0,0,0,0,0,0,0,0,0,,2250,2187,,0,0,0,0
1613698419855,6,1010123456024,73,,1,0,18,1,2,,8.80672,833,183418,1.22992,238,0,5.83333,,0,0,0,0,0,0,0,0,0,,2250,2139,,0,0,0,0
1613698420104,6,1010123456024,73,,1,0,18,1,2,,11.5565,859,183537,1.60996,246,0,6.71429,,0.1,24,0,0.1,7,14.2857,0,2.24896,31,,2241,2130,,0,0,0,2.58333
1613698420354,6,1010123456024,73,,1,0,18,1,2,,10.8737,863,183241,1.49747,246,0,6.5,,0,0,0,0,0,0,0,0,0,,2250,2190,,0,0,0,0
1613698420605,6,1010123456024,73,,1,0,18,1,2,,10.3888,859,183573,1.49992,247,0,6.33333,,0,0,0,0,0,0,0,0,0,,2259,2199,,0,0,0,0
1613698420854,6,1010123456024,73,,1,0,18,1,2,,10.1357,833,183495,1.3636,239,0,6.16667,,0,0,0,0,0,0,0,0,0,,2250,2130,,0,0,0,0
1613698421104,6,1010123456024,73,,1,0,18,1,2,,9.54831,828,183317,1.32662,243,0,5.85714,,15.0256,78,0,0.232353,25,76,0,8.82952,31,,2250,2070,,0,0,0,7.41453
1613698421354,6,1010123456024,73,,1,0,18,1,2,,9.17371,852,183913,1.26088,242,0,6.16667,,0,0,0,0,0,0,0,0,0,,2250,2160,,0,0,0,0
1613698421604,6,1010123456024,73,,1,0,18,1,2,,10.4682,848,183933,1.47245,244,0,6.33333,,0,0,0,0,0,0,0,0,0,,2250,2196,,0,0,0,0
1613698421855,6,1010123456024,73,,1,0,18,1,2,,8.76213,845,183856,1.17939,240,0,5.66667,,0,0,0,0,0,0,0,0,0,,2250,2082,,0,0,0,0
1613698422105,6,1010123456024,73,,1,0,18,1,2,,10.6066,849,183460,1.47002,243,0,6.57143,,4.8,30,0,0.1,9,44.4444,0,7.00302,31,,2250,2127,,0,0,0,4.6
1613698422354,6,1010123456024,73,,1,0,18,1,2,,10.391,862,183449,1.47502,246,0,6.16667,,0,0,0,0,0,0,0,0,0,,2241,2172,,0,0,0,0
1613698422604,6,1010123456024,73,,1,0,18,1,2,,10.9667,840,183985,1.56317,243,0,6.5,,0,0,0,0,0,0,0,0,0,,2250,2166,,0,0,0,0
1613698422854,6,1010123456024,73,,1,0,18,1,2,,10.3842,859,183310,1.48045,243,0,6.5,,0,0,0,0,0,0,0,0,0,,2259,2241,,0,0,0,0
1613698423104,6,1010123456024,73,,1,0,18,1,2,,10.0606,825,184144,1.39412,242,0,6.5,,6.81482,54,0,0.1,16,75,0,3.27578,31,,2250,2133,,0,0,0,7.77778
1613698423355,6,1010123456024,73,,1,0,18,1,2,,10.9427,838,183103,1.5353,240,0,6.66667,,0,0,0,0,0,0,0,0,0,,2250,2172,,0,0,0,0
1613698423604,6,1010123456024,73,,1,0,18,1,2,,11.838,858,183358,1.69118,246,0,7,,0,0,0,0,0,0,0,0,0,,2250,2172,,0,0,0,0
1613698423855,6,1010123456024,73,,1,0,18,1,2,,11.2244,869,183526,1.54,249,0,6.66667,,0,0,0,0,0,0,0,0,0,,2250,2106,,0,0,0,0
1613698424105,6,1010123456024,73,,1,0,18,1,2,,11.2261,858,183225,1.57475,245,0,6.66667,,0.1,30,0,0.1,8,25,0,4.78279,31,,2250,2157,,0,0,0,3.8
1613698424355,6,1010123456024,73,,1,0,18,1,2,,9.66084,858,184038,1.32742,246,0,6.16667,,0,0,0,0,0,0,0,0,0,,2250,2115,,0,0,0,0
1613698424604,6,1010123456024,73,,1,0,18,1,2,,10.9127,859,183443,1.53757,245,0,6.4,,0,0,0,0,0,0,0,0,0,,2241,2169,,0,0,0,0
1613698424855,6,1010123456024,73,,1,0,18,1,2,,10.3906,850,183045,1.44615,247,0,6.33333,,0,0,0,0,0,0,0,0,0,,2259,2133,,0,0,0,0
1613698425104,6,1010123456024,73,,1,0,18,1,2,,10.3605,846,182916,1.44739,243,0,6.28571,,1.96491,114,0,0.1,33,69.697,0,2.59997,31,,2250,2202,,0,0,0,7.23684
1613698425354,6,1010123456024,73,,1,0,18,1,2,,10.1459,850,183353,1.3893,243,0,6.33333,,0,0,0,0,0,0,0,0,0,,2250,2142,,0,0,0,0
1613698425605,6,1010123456024,73,,1,0,18,1,2,,9.46218,846,183839,1.35258,245,0,5.83333,,0,0,0,0,0,0,0,0,0,,2250,2049,,0,0,0,0
1613698425855,6,1010123456024,73,,1,0,18,1,2,,4.08883,788,184176,0.512096,223,0,4,,0,0,0,0,0,0,0,0,0,,2250,1722,,0,0,0,0
1613698426104,6,1010123456024,73,,1,0,18,1,2,,9.65389,835,183224,1.28411,242,0,6.57143,,8.58182,110,0,0.118715,32,78.125,0,3.03603,31,,2250,2112,,0,0,0,8.21818
1613698426355,6,1010123456024,73,,1,0,18,1,2,,9.53919,842,183882,1.47674,241,0,5.33333,,0,0,0,0,0,0,0,0,0,,2250,2163,,0,0,0,0
1613698426604,6,1010123456024,73,,1,0,18,1,2,,9.4521,856,183762,1.32138,243,0,6,,0,0,0,0,0,0,0,0,0,,2241,2136,,0,0,0,0
1613698426854,6,1010123456024,73,,1,0,18,1,2,,10.1384,867,183343,1.48522,248,0,6.16667,,0,0,0,0,0,0,0,0,0,,2250,2220,,0,0,0,0
1613698427105,6,1010123456024,73,,1,0,18,1,2,,11.4585,844,183036,1.59551,245,0,6.85714,,5.02564,39,0,0.108653,11,9.09091,0,13.8534,31,,2259,2184,,0,0,0,1.69231
1613698427355,6,1010123456024,73,,1,0,18,1,2,,10.8432,848,183293,1.52534,243,0,6.16667,,0,0,0,0,0,0,0,0,0,,2250,2157,,0,0,0,0
1613698427604,6,1010123456024,73,,1,0,18,1,2,,8.96024,855,183191,1.24456,244,0,6,,0,0,0,0,0,0,0,0,0,,2250,2163,,0,0,0,0
1613698427854,6,1010123456024,73,,1,0,18,1,2,,10.226,854,183315,1.44167,244,0,6.2,,0,0,0,0,0,0,0,0,0,,2250,2175,,0,0,0,0
1613698428104,6,1010123456024,73,,1,0,18,1,2,,11.446,861,183317,1.63566,246,0,6.85714,,7.69231,52,0,0.1,14,50,0,7.59585,31,,2250,2202,,0,0,0,5.90385
1613698428354,6,1010123456024,73,,1,0,18,1,2,,12.418,866,183867,2.18313,247,0,6.83333,,0,0,0,0,0,0,0,0,0,,2241,2166,,0,0,0,0
1613698428605,6,1010123456024,73,,1,0,18,1,2,,13.3412,847,183353,2.10053,244,0,7.66667,,0,0,0,0,0,0,0,0,0,,2259,2097,,0,0,0,0
1613698428854,6,1010123456024,73,,1,0,18,1,2,,10.6806,864,183959,1.48331,245,0,6.5,,0,0,0,0,0,0,0,0,0,,2241,2139,,0,0,0,0
1613698429104,6,1010123456024,73,,1,0,18,1,2,,12.5991,853,184169,2.06778,244,0,7,,7.6,30,0,0.1,9,44.4444,0,6.76971,31,,2259,2154,,0,0,0,4.6
1613698429354,6,1010123456024,73,,1,0,18,1,2,,10.2927,854,183288,1.46486,245,0,6.66667,,0,0,0,0,0,0,0,0,0,,2250,2163,,0,0,0,0
1613698429604,6,1010123456024,73,,1,0,18,1,2,,9.34451,865,183525,1.36466,247,0,6,,0,0,0,0,0,0,0,0,0,,2250,2166,,0,0,0,0
1613698429855,6,1010123456024,73,,1,0,18,1,2,,11.0195,870,184259,1.624,249,0,6.66667,,0,0,0,0,0,0,0,0,0,,2250,2208,,0,0,0,0
1613698430104,6,1010123456024,73,,1,0,18,1,2,,11.9142,839,183870,1.70641,242,0,7,,4.96552,29,0,0.1,9,44.4444,0,6.40492,31,,2250,2184,,0,0,0,4.7931
1613698430355,6,1010123456024,73,,1,0,18,1,2,,12.4789,854,179800,1.73322,245,0,8,,0,0,0,0,0,0,0,0,0,,2250,2148,,0,0,0,0
1613698430604,6,1010123456024,73,,1,0,18,1,2,,11.4691,857,183360,2.1201,245,0,6,,0,0,0,0,0,0,0,0,0,,2250,2172,,0,0,0,0
1613698430854,6,1010123456024,73,,1,0,18,1,2,,10.4363,855,183461,1.73298,243,0,6.33333,,0,0,0,0,0,0,0,0,0,,2241,2100,,0,0,0,0
1613698431104,6,1010123456024,73,,1,0,18,1,2,,12.0494,871,183997,1.77391,249,0,7,,5.64706,34,0,0.1,9,44.4444,0,5.46925,31,,2259,2211,,0,0,0,5.23529
1613698431354,6,1010123456024,73,,1,0,18,1,2,,10.4421,846,183977,1.64414,243,0,6,,0,0,0,0,0,0,0,0,0,,2241,2064,,0,0,0,0
1613698431605,6,1010123456024,73,,1,0,18,1,2,,11.5658,859,183995,1.77661,248,0,6.83333,,0,0,0,0,0,0,0,0,0,,2259,2160,,0,0,0,0
1613698431855,6,1010123456024,73,,1,0,18,1,2,,10.1769,859,183947,1.3751,246,0,6,,0,0,0,0,0,0,0,0,0,,2250,2136,,0,0,0,0
1613698432104,6,1010123456024,73,,1,0,18,1,2,,10.1832,857,183182,1.43913,247,0,6.42857,,0.1,78,0,0.1,22,50,0,2.79352,31,,2250,2160,,0,0,0,6.24359
1613698432355,6,1010123456024,73,,1,0,18,1,2,,10.7949,863,183244,1.54093,245,0,6.5,,0,0,0,0,0,0,0,0,0,,2250,2190,,0,0,0,0
1613698432605,6,1010123456024,73,,1,0,18,1,2,,9.65371,849,184464,1.36749,242,0,5.83333,,0,0,0,0,0,0,0,0,0,,2250,2130,,0,0,0,0
1613698432854,6,1010123456024,73,,1,0,18,1,2,,9.00832,841,183398,1.22477,239,0,6,,0,0,0,0,0,0,0,0,0,,2241,2076,,0,0,0,0
1613698433104,6,1010123456024,73,,1,0,18,1,2,,12.0683,849,181442,1.68554,244,0,7.85714,,0.1,48,0,0.1,13,46.1538,0,1.73651,31,,2259,2169,,0,0,0,5.625
1613698433354,6,1010123456024,73,,1,0,18,1,2,,14.0235,851,183507,2.51997,242,0,6.83333,,0,0,0,0,0,0,0,0,0,,2241,2121,,0,0,0,0
1613698433604,6,1010123456024,73,,1,0,18,1,2,,13.168,869,183403,2.11773,249,0,7.5,,0,0,0,0,0,0,0,0,0,,2259,2142,,0,0,0,0
1613698433854,6,1010123456024,73,,1,0,18,1,2,,12.3202,840,184260,1.62808,240,0,7.33333,,0,0,0,0,0,0,0,0,0,,2250,2031,,0,0,0,0
1613698434104,6,1010123456024,73,,1,0,18,1,2,,7.35057,793,182974,0.937639,227,0,5.28571,,12,16,0,0,4,100,0,1.16729,0,,2250,1896,,0,0,0,10
1613698434355,6,1010123456024,73,,1,0,18,1,2,,10.8435,856,183671,1.48406,245,0,6.6,,5.21739,23,0,0.1,7,57.1429,0,8.1359,31,,2250,2118,,0,0,0,5.69565
1613698434604,6,1010123456024,73,,1,0,18,1,2,,10.4236,857,184128,1.48874,246,0,6.16667,,0,0,0,0,0,0,0,0,0,,2250,2115,,0,0,0,0
1613698434855,6,1010123456024,73,,1,0,18,1,2,,9.19747,871,183831,1.41542,248,0,6.16667,,0,0,0,0,0,0,0,0,0,,2250,2226,,0,0,0,0
1613698435104,6,1010123456024,73,,1,0,18,1,2,,9.64596,853,184160,1.33057,245,0,6,,3.2,30,0,0.1,9,22.2222,0,8.61413,31,,2250,2196,,0,0,0,3.96667
1613698435354,6,1010123456024,73,,1,0,18,1,2,,5.22306,798,183693,0.728867,230,0,3.83333,,0,0,0,0,0,0,0,0,0,,2250,1893,,0,0,0,0
1613698435604,6,1010123456024,73,,1,0,18,1,2,,7.00495,808,183393,0.962956,230,0,5.33333,,0,0,0,0,0,0,0,0,0,,2241,1995,,0,0,0,0
1613698435855,6,1010123456024,73,,1,0,18,1,2,,10.7993,847,183494,1.44972,243,0,6.33333,,0,0,0,0,0,0,0,0,0,,2259,2148,,0,0,0,0
1613698436104,6,1010123456024,73,,1,0,18,1,2,,10.5402,846,183838,1.45818,248,0,6.28571,,7.52632,57,0,0.1,16,75,0,4.85702,31,,2250,2160,,0,0,0,7.94737
1613698436354,6,1010123456024,73,,1,0,18,1,2,,11.5434,852,183531,1.64867,245,0,6.83333,,0,0,0,0,0,0,0,0,0,,2250,2214,,0,0,0,0
1613698436605,6,1010123456024,73,,1,0,18,1,2,,10.2805,852,183337,1.4183,244,0,6.33333,,0,0,0,0,0,0,0,0,0,,2250,2133,,0,0,0,0
1613698436854,6,1010123456024,73,,1,0,18,1,2,,11.3972,871,182851,1.66583,249,0,6.66667,,0,0,0,0,0,0,0,0,0,,2250,2232,,0,0,0,0
1613698437104,6,1010123456024,73,,1,0,18,1,2,,11.3768,852,183746,1.66789,245,0,6.71429,,3.62264,53,0,0.1,15,60,0,2.64824,31,,2241,2241,,0,0,0,6.58491
1613698437354,6,1010123456024,73,,1,0,18,1,2,,10.7059,874,183475,1.56246,250,0,6.5,,0,0,0,0,0,0,0,0,0,,2250,2208,,0,0,0,0
1613698437604,6,1010123456024,73,,1,0,18,1,2,,10.8489,854,183595,1.54198,245,0,6.5,,0,0,0,0,0,0,0,0,0,,2259,2163,,0,0,0,0
1613698437854,6,1010123456024,73,,1,0,18,1,2,,9.62529,862,184241,1.40961,246,0,5.4,,0,0,0,0,0,0,0,0,0,,2241,2181,,0,0,0,0
1613698438105,6,1010123456024,73,,1,0,18,1,2,,11.5995,859,183305,1.65425,246,0,6.85714,,5,36,0,0.1,10,20,0,10.3372,31,,2259,2223,,0,0,0,3.75
1613698438355,6,1010123456024,73,,1,0,18,1,2,,11.6582,863,183786,1.69002,249,0,6.83333,,0,0,0,0,0,0,0,0,0,,2250,2199,,0,0,0,0
1613698438604,6,1010123456024,73,,1,0,18,1,2,,11.9007,856,184601,1.70586,243,0,7,,0,0,0,0,0,0,0,0,0,,2241,2202,,0,0,0,0
1613698438854,6,1010123456024,73,,1,0,18,1,2,,10.3206,861,183016,1.45622,247,0,6.33333,,0,0,0,0,0,0,0,0,0,,2259,2181,,0,0,0,0
1613698439104,6,1010123456024,73,,1,0,18,1,2,,10.6614,827,183637,1.53825,243,0,6.57143,,15.3614,83,0,0.185189,27,77.7778,0,6.14103,31,,2250,2199,,0,0,0,7.9759
1613698439354,6,1010123456024,73,,1,0,18,1,2,,11.6352,869,183396,1.65549,249,0,6.83333,,0,0,0,0,0,0,0,0,0,,2250,2160,,0,0,0,0
1613698439604,6,1010123456024,73,,1,0,18,1,2,,11.7316,868,183797,1.69475,247,0,6.83333,,0,0,0,0,0,0,0,0,0,,2250,2187,,0,0,0,0
1613698439854,6,1010123456024,73,,1,0,18,1,2,,11.2454,860,183554,1.55795,246,0,6.66667,,0,0,0,0,0,0,0,0,0,,2241,2130,,0,0,0,0
1613698440104,6,1010123456024,73,,1,0,18,1,2,,11.5709,853,182708,1.66336,248,0,6.85714,,0.1,27,0,0.1,8,0,0,1.89087,31,,2250,2199,,0,0,0,1
1613698440354,6,1010123456024,73,,1,0,18,1,2,,9.32734,834,183345,1.30746,241,0,5.6,,0,0,0,0,0,0,0,0,0,,2259,2109,,0,0,0,0
1613698440604,6,1010123456024,73,,1,0,18,1,2,,8.31617,835,183399,1.14326,239,0,5.5,,0,0,0,0,0,0,0,0,0,,2250,2082,,0,0,0,0
1613698440854,6,1010123456024,73,,1,0,18,1,2,,10.8345,864,183324,1.54888,246,0,6.5,,0,0,0,0,0,0,0,0,0,,2250,2133,,0,0,0,0
1613698441105,6,1010123456024,73,,1,0,18,1,2,,9.17034,816,183933,1.2272,234,0,5.85714,,4.23529,34,0,0.1,10,40,0,6.83179,31,,2250,2019,,0,0,0,4.17647
1613698441354,6,1010123456024,73,,1,0,18,1,2,,9.27842,862,183172,1.27569,247,0,6.16667,,0,0,0,0,0,0,0,0,0,,2250,2160,,0,0,0,0
1613698441604,6,1010123456024,73,,1,0,18,1,2,,9.99181,855,183565,1.44906,244,0,6.33333,,0,0,0,0,0,0,0,0,0,,2241,2205,,0,0,0,0
1613698441854,6,1010123456024,73,,1,0,18,1,2,,11.2575,870,183748,1.59798,249,0,6.6,,0,0,0,0,0,0,0,0,0,,2241,2163,,0,0,0,0
1613698442104,6,1010123456024,73,,1,0,18,1,2,,14.1683,838,184331,2.3249,247,0,8,,15.2889,90,0,0.155872,29,82.7586,0,4.25225,31,,2250,2208,,0,0,0,8.5
1613698442355,6,1010123456024,73,,1,0,18,1,2,,10.1212,866,183873,1.45578,249,0,6.33333,,0,0,0,0,0,0,0,0,0,,2259,2229,,0,0,0,0
1613698442605,6,1010123456024,73,,1,0,18,1,2,,11.6352,869,183986,1.64048,249,0,6.83333,,0,0,0,0,0,0,0,0,0,,2250,2154,,0,0,0,0
1613698442854,6,1010123456024,73,,1,0,18,1,2,,11.7594,852,178370,1.76469,245,0,6.83333,,0,0,0,0,0,0,0,0,0,,2250,2190,,0,0,0,0
1613698443104,6,1010123456024,73,,1,0,18,1,2,,10.3219,848,183778,1.56141,243,0,6.14286,,0.1,59,0,0.1,17,17.6471,0,3.14443,31,,2250,2130,,0,0,0,2.59322
1613698443355,6,1010123456024,73,,1,0,18,1,2,,10.2177,868,184075,1.43789,248,0,6.33333,,0,0,0,0,0,0,0,0,0,,2250,2202,,0,0,0,0
1613698443604,6,1010123456024,73,,1,0,18,1,2,,9.19324,828,183534,1.25391,238,0,5.8,,0,0,0,0,0,0,0,0,0,,2250,2082,,0,0,0,0
1613698443854,6,1010123456024,73,,1,0,18,1,2,,4.84913,802,183552,0.665767,229,0,4.16667,,0,0,0,0,0,0,0,0,0,,2241,1761,,0,0,0,0
1613698444104,6,1010123456024,73,,1,0,18,1,2,,6.77494,782,183799,0.949568,229,0,5.28571,,15,16,0,0,4,100,0,0.432776,0,,2250,1839,,0,0,0,10
1613698444354,6,1010123456024,73,,1,0,18,1,2,,10.4731,854,183227,1.47478,244,0,6.33333,,0,3,0,0.1,1,0,0,0,31,,2250,2169,,0,0,0,0
1613698444604,6,1010123456024,73,,1,0,18,1,2,,9.76285,856,183001,1.38656,245,0,6,,0.1,4,0,0.1,1,0,0,1.73582,0,,2259,2199,,0,0,0,2
1613698444854,6,1010123456024,73,,1,0,18,1,2,,7.52029,838,184435,1.01854,239,0,5.5,,0,0,0,0,0,0,0,0,0,,2250,2073,,0,0,0,0
1613698445104,6,1010123456024,73,,1,0,18,1,2,,9.63126,838,183652,1.35875,244,0,6.14286,,8.32558,43,0,0.1,13,30.7692,0,12.4032,31,,2250,2103,,0,0,0,4.53488
1613698445354,6,1010123456024,73,,1,0,18,1,2,,10.9803,861,182988,1.57735,247,0,6.33333,,0,0,0,0,0,0,0,0,0,,2250,2232,,0,0,0,0
1613698445604,6,1010123456024,73,,1,0,18,1,2,,11.5284,863,183078,1.64283,247,0,6.83333,,0,0,0,0,0,0,0,0,0,,2250,2202,,0,0,0,0
1613698445854,6,1010123456024,73,,1,0,18,1,2,,14.3307,871,183965,2.35939,248,0,8.16667,,0,0,0,0,0,0,0,0,0,,2241,2145,,0,0,0,0
1613698446104,6,1010123456024,73,,1,0,18,1,2,,10.5077,849,183995,1.46845,243,0,6.28571,,2.82353,51,0,0.1,15,73.3333,0,4.10648,31,,2250,2148,,0,0,0,7.52941
1613698446354,6,1010123456024,73,,1,0,18,1,2,,10.8304,855,182986,1.51574,245,0,6.83333,,0,0,0,0,0,0,0,0,0,,2250,2196,,0,0,0,0
1613698446604,6,1010123456024,73,,1,0,18,1,2,,11.8751,865,184588,1.72954,248,0,7,,0,0,0,0,0,0,0,0,0,,2259,2229,,0,0,0,0
1613698446854,6,1010123456024,73,,1,0,18,1,2,,11.2755,853,183206,1.61157,246,0,6.66667,,0,0,0,0,0,0,0,0,0,,2250,2172,,0,0,0,0
1613698447105,6,1010123456024,73,,1,0,18,1,2,,11.4601,852,183855,1.62301,245,0,6.71429,,0.1,40,0,0.1,11,36.3636,0,1.04084,31,,2250,2196,,0,0,0,4.75
1613698447355,6,1010123456024,73,,1,0,18,1,2,,12.1814,871,177712,1.76374,249,0,8,,0,0,0,0,0,0,0,0,0,,2250,2208,,0,0,0,0
1613698447604,6,1010123456024,73,,1,0,18,1,2,,12.3976,850,183052,2.159,244,0,6.5,,0,0,0,0,0,0,0,0,0,,2250,2151,,0,0,0,0
1613698447854,6,1010123456024,73,,1,0,18,1,2,,11.8207,859,183685,1.70265,245,0,7,,0,0,0,0,0,0,0,0,0,,2250,2217,,0,0,0,0
1613698448104,6,1010123456024,73,,1,0,18,1,2,,9.67922,823,184393,1.28688,237,0,5.83333,,0.1,85,0,0.1,24,45.8333,0,3.32437,31,,2241,2046,,0,0,0,5.34118
1613698448354,6,1010123456024,73,,1,0,18,1,2,,13.4896,866,184173,2.30518,247,0,8.16667,,0,0,0,0,0,0,0,0,0,,2250,2196,,0,0,0,0
1613698448604,6,1010123456024,73,,1,0,18,1,2,,10.7138,863,183591,1.57002,247,0,6.4,,0,0,0,0,0,0,0,0,0,,2250,2238,,0,0,0,0
1613698448854,6,1010123456024,73,,1,0,18,1,2,,9.10059,845,184283,1.255,242,0,5.83333,,0,0,0,0,0,0,0,0,0,,2250,2040,,0,0,0,0
1613698449104,6,1010123456024,73,,1,0,18,1,2,,9.46246,839,183329,1.36253,242,0,6.14286,,5.45455,33,0,0.1,10,40,0,7.83359,31,,2259,2112,,0,0,0,4.36364
1613698449354,6,1010123456024,73,,1,0,18,1,2,,13.2654,863,183961,1.99891,246,0,7.33333,,0,0,0,0,0,0,0,0,0,,2241,2217,,0,0,0,0
1613698449604,6,1010123456024,73,,1,0,18,1,2,,8.61025,839,184102,1.21446,242,0,5.83333,,0,0,0,0,0,0,0,0,0,,2259,2193,,0,0,0,0
1613698449854,6,1010123456024,73,,1,0,18,1,2,,11.5228,855,182814,1.63782,245,0,6.66667,,0,0,0,0,0,0,0,0,0,,2250,2220,,0,0,0,0
1613698450104,6,1010123456024,73,,1,0,18,1,2,,10.5606,867,183583,1.53179,247,0,6.57143,,8,46,0,0.1,13,61.5385,0,5.48156,31,,2241,2193,,0,0,0,6.47826
1613698450354,6,1010123456024,73,,1,0,18,1,2,,11.8794,862,183451,1.69293,246,0,7,,0,0,0,0,0,0,0,0,0,,2250,2175,,0,0,0,0
1613698450604,6,1010123456024,73,,1,0,18,1,2,,11.6578,862,183728,1.68,246,0,6.83333,,0,0,0,0,0,0,0,0,0,,2250,2220,,0,0,0,0
1613698450854,6,1010123456024,73,,1,0,18,1,2,,13.5206,874,175711,2.10266,250,0,7.83333,,0,0,0,0,0,0,0,0,0,,2250,2178,,0,0,0,0
1613698451105,6,1010123456024,73,,1,0,18,1,2,,12.0225,845,183927,1.8814,247,0,6.71429,,5.81818,33,0,0.1,9,44.4444,0,7.43816,31,,2250,2196,,0,0,0,5.36364
1613698451354,6,1010123456024,73,,1,0,18,1,2,,10.6964,863,184151,1.48986,247,0,6.66667,,0,0,0,0,0,0,0,0,0,,2250,2136,,0,0,0,0
1613698451604,6,1010123456024,73,,1,0,18,1,2,,11.0768,872,183609,1.57433,249,0,6.5,,0,0,0,0,0,0,0,0,0,,2250,2196,,0,0,0,0
1613698451855,6,1010123456024,73,,1,0,18,1,2,,12.2677,863,183687,1.77648,247,0,7,,0,0,0,0,0,0,0,0,0,,2250,2166,,0,0,0,0
1613698452104,6,1010123456024,73,,1,0,18,1,2,,11.5101,845,184590,1.73658,244,0,6.42857,,11.6333,30,0,0.1,10,50,0,11.3058,31,,2241,2148,,0,0,0,4.8
1613698452355,6,1010123456024,73,,1,0,18,1,2,,9.30832,853,183549,1.32724,245,0,6.33333,,0,0,0,0,0,0,0,0,0,,2259,2151,,0,0,0,0
1613698452604,6,1010123456024,73,,1,0,18,1,2,,8.54235,850,183407,1.13147,241,0,5.5,,0,0,0,0,0,0,0,0,0,,2241,2022,,0,0,0,0
1613698452854,6,1010123456024,73,,1,0,18,1,2,,9.72639,826,183234,1.35194,236,0,6,,0,0,0,0,0,0,0,0,0,,2250,2097,,0,0,0,0
1613698453104,6,1010123456024,73,,1,0,18,1,2,,9.44538,833,184297,1.3095,242,0,6,,2.59259,81,0,0.1,25,52,0,4.32029,31,,2250,2181,,0,0,0,6.03704
1613698453354,6,1010123456024,73,,1,0,18,1,2,,11.3306,859,183800,1.62445,247,0,6.66667,,0,0,0,0,0,0,0,0,0,,2259,2217,,0,0,0,0
1613698453604,6,1010123456024,73,,1,0,18,1,2,,13.2044,871,183697,2.01051,249,0,7.66667,,0,0,0,0,0,0,0,0,0,,2250,2190,,0,0,0,0
1613698453855,6,1010123456024,73,,1,0,18,1,2,,11.6128,860,184133,1.68035,246,0,6.83333,,0,0,0,0,0,0,0,0,0,,2250,2133,,0,0,0,0
1613698454105,6,1010123456024,73,,1,0,18,1,2,,5.20432,788,184053,0.682016,228,0,4.57143,,2.48276,58,0,0.1,18,72.2222,0,3.34963,31,,2250,1908,,0,0,0,7.37931
1613698454354,6,1010123456024,73,,1,0,18,1,2,,9.39835,846,183682,1.28829,241,0,6,,0,0,0,0,0,0,0,0,0,,2241,2124,,0,0,0,0
1613698454604,6,1010123456024,73,,1,0,18,1,2,,6.48512,773,183927,0.811309,223,0,4.83333,,0,0,0,0,0,0,0,0,0,,2250,1902,,0,0,0,0
1613698454854,6,1010123456024,73,,1,0,18,1,2,,12.0279,859,178733,1.79187,245,0,7,,0,0,0,0,0,0,0,0,0,,2259,2184,,0,0,0,0
1613698455104,6,1010123456024,73,,1,0,18,1,2,,9.65438,868,183784,1.53214,249,0,6.14286,,6.22222,36,0,0.1,10,50,0,3.13539,31,,2241,2217,,0,0,0,6.38889
1613698455354,6,1010123456024,73,,1,0,18,1,2,,10.6976,863,184235,1.5385,246,0,6.5,,0,0,0,0,0,0,0,0,0,,2250,2208,,0,0,0,0
1613698455604,6,1010123456024,73,,1,0,18,1,2,,11.5823,869,182863,1.63536,249,0,6.83333,,0,0,0,0,0,0,0,0,0,,2259,2163,,0,0,0,0
1613698455855,6,1010123456024,73,,1,0,18,1,2,,7.34532,834,183442,1.05053,238,0,5.16667,,0,0,0,0,0,0,0,0,0,,2250,2121,,0,0,0,0
1613698456104,6,1010123456024,73,,1,0,18,1,2,,11.6234,855,183130,1.72235,244,0,6.85714,,4,48,0,0.1,13,61.5385,0,4.64083,31,,2250,2226,,0,0,0,7
1613698456354,6,1010123456024,73,,1,0,18,1,2,,11.182,868,184345,1.64376,248,0,6.33333,,0,0,0,0,0,0,0,0,0,,2250,2202,,0,0,0,0
1613698456604,6,1010123456024,73,,1,0,18,1,2,,9.38112,858,184019,1.3146,245,0,6.16667,,0,0,0,0,0,0,0,0,0,,2250,2124,,0,0,0,0
1613698456854,6,1010123456024,73,,1,0,18,1,2,,8.6979,811,183167,1.12196,232,0,5.4,,0,0,0,0,0,0,0,0,0,,2241,1989,,0,0,0,0
1613698457104,6,1010123456024,73,,1,0,18,1,2,,9.71428,812,182886,1.32304,237,0,6.28571,,0.1,38,0,0.1,11,36.3636,0,6.28521,31,,2250,2109,,0,0,0,3.60526
1613698457354,6,1010123456024,73,,1,0,18,1,2,,11.5534,871,183549,1.62026,249,0,6.6,,0,0,0,0,0,0,0,0,0,,2250,2154,,0,0,0,0
1613698457604,6,1010123456024,73,,1,0,18,1,2,,10.8408,867,184531,1.55661,248,0,6.66667,,0,0,0,0,0,0,0,0,0,,2250,2196,,0,0,0,0
1613698457854,6,1010123456024,73,,1,0,18,1,2,,11.9559,862,183424,1.7705,248,0,7,,0,0,0,0,0,0,0,0,0,,2259,2253,,0,0,0,0
1613698458104,6,1010123456024,73,,1,0,18,1,2,,10.8621,863,183619,1.56537,248,0,6.42857,,0.1,36,0,0.1,10,20,0,2.68999,31,,2250,2181,,0,0,0,2.97222
1613698458355,6,1010123456024,73,,1,0,18,1,2,,10.9627,857,183985,1.55293,246,0,6.33333,,0,0,0,0,0,0,0,0,0,,2250,2196,,0,0,0,0
1613698458605,6,1010123456024,73,,1,0,18,1,2,,6.8519,844,183765,0.976192,243,0,4.66667,,0,0,0,0,0,0,0,0,0,,2250,2028,,0,0,0,0
1613698458854,6,1010123456024,73,,1,0,18,1,2,,6.44212,812,183465,0.830458,229,0,5,,0,0,0,0,0,0,0,0,0,,2241,1947,,0,0,0,0
1613698459104,6,1010123456024,73,,1,0,18,1,2,,10.306,853,184517,1.42006,246,0,6.33333,,2.90909,33,0,0.1,10,20,0,11.4499,31,,2250,2130,,0,0,0,2.81818
1613698459354,6,1010123456024,73,,1,0,18,1,2,,10.0484,868,183468,1.49805,248,0,6,,0,0,0,0,0,0,0,0,0,,2250,2202,,0,0,0,0
1613698459604,6,1010123456024,73,,1,0,18,1,2,,13.115,861,177837,2.00845,248,0,8,,0,0,0,0,0,0,0,0,0,,2250,2163,,0,0,0,0
1613698459854,6,1010123456024,73,,1,0,18,1,2,,12.8291,831,183601,2.28803,239,0,6.83333,,0,0,0,0,0,0,0,0,0,,2259,2118,,0,0,0,0
1613698460105,6,1010123456024,73,,1,0,18,1,2,,5.95461,771,183430,0.805952,224,0,3.85714,,15.5312,32,0,0.1,10,60,0,16.5338,31,,2250,1842,,0,0,0,6.0625
1613698460354,6,1010123456024,73,,1,0,18,1,2,,4.06427,778,183257,0.533108,220,0,4.16667,,0,0,0,0,0,0,0,0,0,,2250,1908,,0,0,0,0
1613698460605,6,1010123456024,73,,1,0,18,1,2,,10.7008,859,184013,1.54518,247,0,6.4,,0,0,0,0,0,0,0,0,0,,2250,2196,,0,0,0,0
1613698460854,6,1010123456024,73,,1,0,18,1,2,,11.6576,850,183966,1.63023,243,0,6.83333,,0,0,0,0,0,0,0,0,0,,2250,2181,,0,0,0,0
1613698461104,6,1010123456024,73,,1,0,18,1,2,,9.78512,847,184319,1.40537,242,0,6.28571,,4.13158,76,0,0.1,22,45.4545,0,6.4424,31,,2241,2181,,0,0,0,5.55263
1613698461354,6,1010123456024,73,,1,0,18,1,2,,10.7943,846,184179,1.50829,243,0,6.5,,0,0,0,0,0,0,0,0,0,,2250,2169,,0,0,0,0
1613698461604,6,1010123456024,73,,1,0,18,1,2,,6.46183,786,183400,0.83856,229,0,4.5,,0,0,0,0,0,0,0,0,0,,2250,1794,,0,0,0,0
1613698461854,6,1010123456024,73,,1,0,18,1,2,,9.04465,851,184014,1.25184,240,0,6,,0,0,0,0,0,0,0,0,0,,2250,2202,,0,0,0,0
1613698462105,6,1010123456024,73,,1,0,18,1,2,,3.84794,730,183574,0.549769,216,0,3.57143,,0.1,60,0,0,16,100,0,0.231697,0,,2259,1665,,0,0,0,10
1613698462354,6,1010123456024,73,,1,0,18,1,2,,4.16076,790,184238,0.555309,224,0,4,,0.1,63,0,0.1,20,80,0,0.349805,31,,2250,1770,,0,0,0,8.5873
1613698462604,6,1010123456024,73,,1,0,18,1,2,,11.0755,874,183315,1.58773,250,0,6.5,,0,0,0,0,0,0,0,0,0,,2250,2196,,0,0,0,0
1613698462854,6,1010123456024,73,,1,0,18,1,2,,11.8476,866,183466,1.69173,247,0,7,,0,0,0,0,0,0,0,0,0,,2241,2163,,0,0,0,0
1613698463104,6,1010123456024,73,,1,0,18,1,2,,8.00234,857,183748,1.18451,246,0,5.42857,,0.1,56,0,0.1,16,62.5,0,1.07662,31,,2250,2172,,0,0,0,6.96429
1613698463354,6,1010123456024,73,,1,0,18,1,2,,10.3657,856,183939,1.4856,244,0,6.33333,,0,0,0,0,0,0,0,0,0,,2250,2205,,0,0,0,0
1613698463604,6,1010123456024,73,,1,0,18,1,2,,11.3724,854,183283,1.63984,245,0,6.66667,,0,0,0,0,0,0,0,0,0,,2250,2205,,0,0,0,0
1613698463854,6,1010123456024,73,,1,0,18,1,2,,10.6782,864,184373,1.54746,246,0,6.5,,0,0,0,0,0,0,0,0,0,,2250,2235,,0,0,0,0
1613698464104,6,1010123456024,73,,1,0,18,1,2,,11.8046,865,184247,1.6937,248,0,6.85714,,11.3684,19,0,0.1,6,66.6667,0,12.1842,31,,2250,2190,,0,0,0,6.68421
1613698464354,6,1010123456024,73,,1,0,18,1,2,,9.3907,860,182784,1.3145,247,0,5.83333,,0,0,0,0,0,0,0,0,0,,2259,2229,,0,0,0,0
1613698464604,6,1010123456024,73,,1,0,18,1,2,,12.5965,855,183400,2.00848,246,0,7.33333,,0,0,0,0,0,0,0,0,0,,2250,2151,,0,0,0,0
1613698464855,6,1010123456024,73,,1,0,18,1,2,,11.0223,852,184020,1.56362,243,0,6.66667,,0,0,0,0,0,0,0,0,0,,2250,2184,,0,0,0,0
1613698465104,6,1010123456024,73,,1,0,18,1,2,,6.82323,775,183680,0.850281,221,0,5,,4,36,0,0.1,10,50,0,5.41163,31,,2241,1833,,0,0,0,5.22222
1613698465354,6,1010123456024,73,,1,0,18,1,2,,10.6659,868,184360,1.50544,248,0,6.66667,,0,0,0,0,0,0,0,0,0,,2259,2214,,0,0,0,0
1613698465604,6,1010123456024,73,,1,0,18,1,2,,8.45261,844,183917,1.22365,242,0,5.5,,0,0,0,0,0,0,0,0,0,,2241,2163,,0,0,0,0
1613698465854,6,1010123456024,73,,1,0,18,1,2,,10.734,861,183395,1.51101,246,0,6.5,,0,0,0,0,0,0,0,0,0,,2250,2208,,0,0,0,0
1613698466104,6,1010123456024,73,,1,0,18,1,2,,8.05101,843,184537,1.09661,241,0,5.71429,,0,12,0,0,4,100,0,0,0,,2250,2049,,0,0,0,0
1613698466354,6,1010123456024,73,,1,0,18,1,2,,11.014,858,183874,1.53632,245,0,6.5,,0.1,18,0,0,5,100,0,0.1,0,,2250,2148,,0,0,0,10
1613698466604,6,1010123456024,73,,1,0,18,1,2,,10.4464,840,182634,1.39492,243,0,6.4,,0.1,11,0,0,3,100,0,0.1,0,,2259,2094,,0,0,0,10
1613698466854,6,1010123456024,73,,1,0,18,1,2,,10.6394,857,183337,1.49558,245,0,6.5,,0,0,0,0,0,0,0,0,0,,2250,2160,,0,0,0,0
1613698467105,6,1010123456024,73,,1,0,18,1,2,,11.6247,858,183978,1.65197,246,0,6.85714,,8.57143,28,0,0,8,100,0,7.01007,0,,2250,2220,,0,0,0,10
1613698467355,6,1010123456024,73,,1,0,18,1,2,,9.95428,853,183273,1.41773,245,0,6,,0.1,19,0,0.1,5,80,0,0.227312,31,,2250,2145,,0,0,0,8.57895
1613698467604,6,1010123456024,73,,1,0,18,1,2,,10.5676,865,183352,1.47823,246,0,6.5,,0.1,4,0,0.1,1,0,0,1.52754,0,,2241,2205,,0,0,0,1
1613698467854,6,1010123456024,73,,1,0,18,1,2,,11.7474,875,183772,1.72397,250,0,6.83333,,0,0,0,0,0,0,0,0,0,,2250,2226,,0,0,0,0
1613698468104,6,1010123456024,73,,1,0,18,1,2,,8.36588,850,184191,1.22355,243,0,5.42857,,4.96552,29,0,0.1,9,44.4444,0,3.50611,31,,2250,2160,,0,0,0,4.72414
1613698468354,6,1010123456024,73,,1,0,18,1,2,,11.1557,867,183908,1.59539,248,0,6.66667,,0,0,0,0,0,0,0,0,0,,2250,2223,,0,0,0,0
1613698468604,6,1010123456024,73,,1,0,18,1,2,,10.8949,866,183679,1.66499,249,0,6.16667,,0,0,0,0,0,0,0,0,0,,2259,2193,,0,0,0,0
1613698468854,6,1010123456024,73,,1,0,18,1,2,,13.0118,849,183810,2.12125,243,0,7.66667,,0,0,0,0,0,0,0,0,0,,2241,2091,,0,0,0,0
1613698469104,6,1010123456024,73,,1,0,18,1,2,,12.9869,841,183632,2.12787,244,0,7.57143,,2.82353,51,0,0.1,15,80,0,4.1874,31,,2259,2172,,0,0,0,8.05882
1613698469354,6,1010123456024,73,,1,0,18,1,2,,11.8841,854,183520,1.69108,243,0,7,,0,0,0,0,0,0,0,0,0,,2241,2184,,0,0,0,0
1613698469604,6,1010123456024,73,,1,0,18,1,2,,10.9896,865,184219,1.62493,249,0,6.66667,,0,0,0,0,0,0,0,0,0,,2259,2229,,0,0,0,0
1613698469854,6,1010123456024,73,,1,0,18,1,2,,11.6548,872,182874,1.68697,247,0,6.83333,,0,0,0,0,0,0,0,0,0,,2241,2205,,0,0,0,0
1613698470104,6,1010123456024,73,,1,0,18,1,2,,13.3058,847,184205,1.95389,243,0,7.5,,0.1,33,0,0.1,9,22.2222,0,3.49488,31,,2259,2190,,0,0,0,3.18182
1613698470354,6,1010123456024,73,,1,0,18,1,2,,12.7118,857,184573,1.97812,245,0,6.66667,,0,0,0,0,0,0,0,0,0,,2241,2154,,0,0,0,0
1613698470604,6,1010123456024,73,,1,0,18,1,2,,11.0897,858,183748,1.59728,245,0,6.5,,0,0,0,0,0,0,0,0,0,,2250,2190,,0,0,0,0
1613698470855,6,1010123456024,73,,1,0,18,1,2,,15.7323,848,173591,2.70786,245,0,9,,0,0,0,0,0,0,0,0,0,,2259,2154,,0,0,0,0
1613698471105,6,1010123456024,73,,1,0,18,1,2,,5.92348,758,183664,0.859744,222,0,4,,5.47368,38,0,0.1,11,54.5455,0,4.18382,31,,2250,1746,,0,0,0,6.23684
1613698471354,6,1010123456024,73,,1,0,18,1,2,,8.06503,815,183613,1.07669,232,0,5.66667,,0,0,0,0,0,0,0,0,0,,2241,2025,,0,0,0,0
1613698471604,6,1010123456024,73,,1,0,18,1,2,,9.75323,851,183847,1.36179,242,0,6,,0,0,0,0,0,0,0,0,0,,2250,2184,,0,0,0,0
1613698471854,6,1010123456024,73,,1,0,18,1,2,,9.01863,859,183713,1.27501,246,0,5.83333,,0,0,0,0,0,0,0,0,0,,2259,2199,,0,0,0,0
1613698472104,6,1010123456024,73,,1,0,18,1,2,,9.81862,827,183723,1.34143,238,0,6.14286,,0.1,105,0,0.1,32,75,0,0.607366,31,,2241,2133,,0,0,0,8.17143
1613698472354,6,1010123456024,73,,1,0,18,1,2,,6.867,797,183507,0.909152,230,0,4.5,,0,0,0,0,0,0,0,0,0,,2250,1791,,0,0,0,0
1613698472604,6,1010123456024,73,,1,0,18,1,2,,7.34926,816,184381,0.963232,234,0,5.5,,0,0,0,0,0,0,0,0,0,,2250,1983,,0,0,0,0
1613698472854,6,1010123456024,73,,1,0,18,1,2,,10.1581,860,183227,1.48493,248,0,6.2,,0,0,0,0,0,0,0,0,0,,2250,2190,,0,0,0,0
1613698473104,6,1010123456024,73,,1,0,18,1,2,,11.7105,860,183401,1.66515,246,0,6.85714,,1.24138,29,0,0.1,8,25,0,5.97936,31,,2259,2205,,0,0,0,3.51724
1613698473355,6,1010123456024,73,,1,0,18,1,2,,11.254,866,184350,1.61235,248,0,6.66667,,0,0,0,0,0,0,0,0,0,,2250,2208,,0,0,0,0
1613698473604,6,1010123456024,73,,1,0,18,1,2,,5.36066,793,184406,0.686008,226,0,4.5,,0,0,0,0,0,0,0,0,0,,2241,1830,,0,0,0,0
1613698473854,6,1010123456024,73,,1,0,18,1,2,,10.9309,868,183886,1.53757,248,0,6.5,,0,0,0,0,0,0,0,0,0,,2250,2226,,0,0,0,0
1613698474104,6,1010123456024,73,,1,0,18,1,2,,11.0832,841,183365,1.60198,246,0,6.14286,,4.10256,39,0,0.1,11,45.4545,0,3.45623,31,,2250,2187,,0,0,0,5.71795
1613698474354,6,1010123456024,73,,1,0,18,1,2,,8.29657,816,183416,1.09059,235,0,5.66667,,0,0,0,0,0,0,0,0,0,,2250,1974,,0,0,0,0
1613698474604,6,1010123456024,73,,1,0,18,1,2,,11.0415,844,184217,1.6743,240,0,7,,0,0,0,0,0,0,0,0,0,,2250,2178,,0,0,0,0
1613698474854,6,1010123456024,73,,1,0,18,1,2,,13.6183,862,183627,2.17382,246,0,7.5,,0,0,0,0,0,0,0,0,0,,2250,2211,,0,0,0,0
1613698475104,6,1010123456024,73,,1,0,18,1,2,,10.4321,847,184198,1.43284,244,0,6.42857,,0.435484,62,0,0.1,19,57.8947,0,3.06597,31,,2241,2127,,0,0,0,6.77419
1613698475355,6,1010123456024,73,,1,0,18,1,2,,11.3712,862,183050,1.63213,248,0,6.8,,0,0,0,0,0,0,0,0,0,,2259,2229,,0,0,0,0
1613698475605,6,1010123456024,73,,1,0,18,1,2,,11.7118,871,183211,1.68413,249,0,6.83333,,0,0,0,0,0,0,0,0,0,,2250,2202,,0,0,0,0
1613698475854,6,1010123456024,73,,1,0,18,1,2,,9.87707,846,184277,1.38474,241,0,6.16667,,0,0,0,0,0,0,0,0,0,,2241,2139,,0,0,0,0
1613698476104,6,1010123456024,73,,1,0,18,1,2,,12.3615,852,183475,2.15622,248,0,7.42857,,15.1429,84,0,0.281056,27,74.0741,0,7.28165,31,,2259,2223,,0,0,0,7.45238
1613698476354,6,1010123456024,73,,1,0,18,1,2,,12.4309,875,184343,1.8584,249,0,6.83333,,0,0,0,0,0,0,0,0,0,,2241,2211,,0,0,0,0
1613698476604,6,1010123456024,73,,1,0,18,1,2,,11.7394,871,183073,1.69219,249,0,6.8,,0,0,0,0,0,0,0,0,0,,2250,2181,,0,0,0,0
1613698476854,6,1010123456024,73,,1,0,18,1,2,,11.1525,859,183940,1.56326,246,0,6.6,,0,0,0,0,0,0,0,0,0,,2250,2190,,0,0,0,0
1613698477104,6,1010123456024,73,,1,0,18,1,2,,10.3286,846,183292,1.43756,243,0,6.42857,,4.55172,29,0,0.1,9,44.4444,0,6.73559,31,,2250,2133,,0,0,0,4.41379
1613698477354,6,1010123456024,73,,1,0,18,1,2,,12.8413,863,183896,1.88243,248,0,7.5,,0,0,0,0,0,0,0,0,0,,2259,2175,,0,0,0,0
1613698477604,6,1010123456024,73,,1,0,18,1,2,,13.1275,855,183062,2.25186,245,0,7.5,,0,0,0,0,0,0,0,0,0,,2250,2202,,0,0,0,0
1613698477855,6,1010123456024,73,,1,0,18,1,2,,10.5012,862,184373,1.50013,247,0,6.33333,,0,0,0,0,0,0,0,0,0,,2250,2232,,0,0,0,0
1613698478104,6,1010123456024,73,,1,0,18,1,2,,10.793,855,184653,1.50766,246,0,6.28571,,3.7619,63,0,0.1,18,27.7778,0,7.41058,31,,2241,2190,,0,0,0,4.06349
1613698478354,6,1010123456024,73,,1,0,18,1,2,,10.7065,862,184269,1.54166,247,0,6.33333,,0,0,0,0,0,0,0,0,0,,2241,2193,,0,0,0,0
1613698478604,6,1010123456024,73,,1,0,18,1,2,,2.45817,753,184341,0.365237,219,0,3.16667,,0,0,0,0,0,0,0,0,0,,2250,1710,,0,0,0,0
1613698478854,6,1010123456024,73,,1,0,18,1,2,,7.49045,785,183359,1.02266,223,0,5.5,,0,0,0,0,0,0,0,0,0,,2250,1806,,0,0,0,0
1613698479104,6,1010123456024,73,,1,0,18,1,2,,5.50404,742,184477,0.736064,216,0,4,,3.9,10,0,0.1,3,0,0,15.9756,31,,2250,1662,,0,0,0,2.6
1613698479354,6,1010123456024,73,,1,0,18,1,2,,7.93384,786,184563,1.12637,227,0,5.66667,,0,0,0,0,0,0,0,0,0,,2250,1818,,0,0,0,0
1613698479604,6,1010123456024,73,,1,0,18,1,2,,3.86757,808,184038,0.511264,230,0,3.83333,,0,0,0,0,0,0,0,0,0,,2259,1911,,0,0,0,0
1613698479854,6,1010123456024,73,,1,0,18,1,2,,7.29831,828,183346,1.00781,237,0,5.16667,,0,0,0,0,0,0,0,0,0,,2250,2019,,0,0,0,0
1613698480104,6,1010123456024,73,,1,0,18,1,2,,9.83724,854,183004,1.39071,246,0,6.14286,,15,16,0,0,4,100,0,3.53649,0,,2250,2190,,0,0,0,10
1613698480354,6,1010123456024,73,,1,0,18,1,2,,11.2699,856,184233,1.56874,245,0,6.66667,,0,3,0,0,1,100,0,0,0,,2241,2157,,0,0,0,0
1613698480604,6,1010123456024,73,,1,0,18,1,2,,12.9394,858,183951,2.06074,246,0,7.5,,0.1,16,0,0.1,5,40,0,5.92352,31,,2250,2142,,0,0,0,4.375
1613698480854,6,1010123456024,73,,1,0,18,1,2,,14.609,844,183808,2.57885,240,0,8.33333,,0,0,0,0,0,0,0,0,0,,2250,2091,,0,0,0,0
1613698481104,6,1010123456024,73,,1,0,18,1,2,,10.0899,812,183972,1.38766,242,0,6.28571,,15.8684,76,0,0.1,24,87.5,0,4.16944,31,,2250,2193,,0,0,0,8.8421
1613698481354,6,1010123456024,73,,1,0,18,1,2,,10.9688,865,184221,1.59997,247,0,6.66667,,0,0,0,0,0,0,0,0,0,,2250,2202,,0,0,0,0
1613698481604,6,1010123456024,73,,1,0,18,1,2,,9.87929,845,183145,1.37046,243,0,6,,0,0,0,0,0,0,0,0,0,,2250,2148,,0,0,0,0
1613698481854,6,1010123456024,73,,1,0,18,1,2,,9.7063,841,183382,1.33208,242,0,6.16667,,0,0,0,0,0,0,0,0,0,,2259,2178,,0,0,0,0
1613698482105,6,1010123456024,73,,1,0,18,1,2,,5.85488,758,183964,0.80048,223,0,4.5,,0.1,52,0,0.1,17,47.0588,0,0.938289,31,,2250,1818,,0,0,0,6.13462
1613698482354,6,1010123456024,73,,1,0,18,1,2,,9.67363,861,183584,1.337,242,0,6.5,,0,0,0,0,0,0,0,0,0,,2250,2157,,0,0,0,0
1613698482604,6,1010123456024,73,,1,0,18,1,2,,10.4906,854,183518,1.45989,244,0,6.5,,0,0,0,0,0,0,0,0,0,,2241,2139,,0,0,0,0
1613698482854,6,1010123456024,73,,1,0,18,1,2,,8.55222,833,183857,1.13827,239,0,5.4,,0,0,0,0,0,0,0,0,0,,2259,2034,,0,0,0,0
1613698483104,6,1010123456024,73,,1,0,18,1,2,,7.34951,824,183462,1.03126,242,0,5.14286,,0.1,51,0,0.1,17,47.0588,0,3.6261,31,,2241,2070,,0,0,0,5.09804
1613698483354,6,1010123456024,73,,1,0,18,1,2,,11.752,855,184049,1.73069,245,0,7.33333,,0,0,0,0,0,0,0,0,0,,2250,2202,,0,0,0,0
1613698483604,6,1010123456024,73,,1,0,18,1,2,,10.7319,858,184291,1.53837,247,0,6.4,,0,0,0,0,0,0,0,0,0,,2250,2202,,0,0,0,0
1613698483854,6,1010123456024,73,,1,0,18,1,2,,10.3423,853,184286,1.46899,244,0,6.33333,,0,0,0,0,0,0,0,0,0,,2250,2133,,0,0,0,0
1613698484104,6,1010123456024,73,,1,0,18,1,2,,10.331,843,182648,1.45878,245,0,6.42857,,0.1,114,0,0.1,32,59.375,0,1.56626,31,,2259,2199,,0,0,0,6.69298
1613698484354,6,1010123456024,73,,1,0,18,1,2,,11.6836,866,183348,1.66724,247,0,6.83333,,0,0,0,0,0,0,0,0,0,,2241,2196,,0,0,0,0
1613698484605,6,1010123456024,73,,1,0,18,1,2,,10.6158,859,183307,1.50553,247,0,6.5,,0,0,0,0,0,0,0,0,0,,2250,2154,,0,0,0,0
1613698484854,6,1010123456024,73,,1,0,18,1,2,,10.5176,852,184071,1.43316,243,0,6.33333,,0,0,0,0,0,0,0,0,0,,2241,2127,,0,0,0,0
1613698485104,6,1010123456024,73,,1,0,18,1,2,,12.7485,847,183400,2.02944,243,0,7.28571,,0.1,27,0,0.1,8,25,0,2.38543,31,,2259,2160,,0,0,0,4.51852
1613698485354,6,1010123456024,73,,1,0,18,1,2,,11.7552,862,183105,1.69853,247,0,6.83333,,0,0,0,0,0,0,0,0,0,,2241,2208,,0,0,0,0
1613698485604,6,1010123456024,73,,1,0,18,1,2,,12.7872,874,182854,1.97338,250,0,7.33333,,0,0,0,0,0,0,0,0,0,,2250,2190,,0,0,0,0
1613698485854,6,1010123456024,73,,1,0,18,1,2,,9.74592,858,183556,1.38784,246,0,6.16667,,0,0,0,0,0,0,0,0,0,,2250,2172,,0,0,0,0
1613698486104,6,1010123456024,73,,1,0,18,1,2,,11.507,858,183132,1.63145,247,0,6.71429,,0.1,72,0,0.1,21,33.3333,0,2.34061,31,,2250,2166,,0,0,0,4.58333
1613698486355,6,1010123456024,73,,1,0,18,1,2,,10.3995,851,182932,1.41395,246,0,6.2,,0,0,0,0,0,0,0,0,0,,2259,2166,,0,0,0,0
1613698486605,6,1010123456024,73,,1,0,18,1,2,,10.2971,855,184133,1.47885,245,0,6.4,,0,0,0,0,0,0,0,0,0,,2250,2166,,0,0,0,0
1613698486854,6,1010123456024,73,,1,0,18,1,2,,8.33134,836,184039,1.13218,238,0,5.5,,0,0,0,0,0,0,0,0,0,,2241,2091,,0,0,0,0
1613698487104,6,1010123456024,73,,1,0,18,1,2,,11.1899,848,183582,1.60547,245,0,6.57143,,0.1,37,0,0.1,11,18.1818,0,7.03398,31,,2250,2154,,0,0,0,2.86486
1613698487354,6,1010123456024,73,,1,0,18,1,2,,11.6412,864,184337,1.65859,247,0,7,,0,0,0,0,0,0,0,0,0,,2250,2187,,0,0,0,0
1613698487604,6,1010123456024,73,,1,0,18,1,2,,9.43641,857,184008,1.33005,245,0,6,,0,0,0,0,0,0,0,0,0,,2250,2178,,0,0,0,0
1613698487854,6,1010123456024,73,,1,0,18,1,2,,10.1379,841,183234,1.40208,240,0,6.16667,,0,0,0,0,0,0,0,0,0,,2250,2151,,0,0,0,0
1613698488104,6,1010123456024,73,,1,0,18,1,2,,13.3604,838,173072,2.22989,245,0,7.71429,,15.3739,115,0,0.1,35,91.4286,0,3.03132,31,,2259,2145,,0,0,0,9.22609
1613698488354,6,1010123456024,73,,1,0,18,1,2,,13.7937,858,183070,2.30519,246,0,7.66667,,0,0,0,0,0,0,0,0,0,,2250,2196,,0,0,0,0
1613698488604,6,1010123456024,73,,1,0,18,1,2,,13.1838,865,182951,2.19727,247,0,7.5,,0,0,0,0,0,0,0,0,0,,2250,2178,,0,0,0,0
1613698488854,6,1010123456024,73,,1,0,18,1,2,,14.5927,847,184001,2.34615,242,0,8,,0,0,0,0,0,0,0,0,0,,2250,2232,,0,0,0,0
1613698489104,6,1010123456024,73,,1,0,18,1,2,,10.7612,850,183825,1.51034,243,0,6.5,,7.83673,49,0,0.1,13,53.8462,0,6.95776,31,,2241,2175,,0,0,0,6.14286
1613698489354,6,1010123456024,73,,1,0,18,1,2,,11.4594,862,179953,1.63101,246,0,7.5,,0,0,0,0,0,0,0,0,0,,2250,2202,,0,0,0,0
1613698489604,6,1010123456024,73,,1,0,18,1,2,,10.1534,867,183234,1.80675,248,0,5.66667,,0,0,0,0,0,0,0,0,0,,2250,2172,,0,0,0,0
1613698489854,6,1010123456024,73,,1,0,18,1,2,,10.2269,864,184550,1.55875,248,0,5.83333,,0,0,0,0,0,0,0,0,0,,2250,2190,,0,0,0,0
1613698490104,6,1010123456024,73,,1,0,18,1,2,,13.0854,843,183417,1.95872,246,0,7.42857,,6.56818,44,0,0.1,13,61.5385,0,8.93291,31,,2250,2196,,0,0,0,6.31818
1613698490354,6,1010123456024,73,,1,0,18,1,2,,11.5917,867,184036,1.67251,248,0,6.83333,,0,0,0,0,0,0,0,0,0,,2250,2208,,0,0,0,0
1613698490605,6,1010123456024,73,,1,0,18,1,2,,8.53099,855,184402,1.19952,245,0,5.66667,,0,0,0,0,0,0,0,0,0,,2259,2193,,0,0,0,0
1613698490854,6,1010123456024,73,,1,0,18,1,2,,11.2477,868,184132,1.62288,248,0,6.66667,,0,0,0,0,0,0,0,0,0,,2250,2172,,0,0,0,0
1613698491104,6,1010123456024,73,,1,0,18,1,2,,10.3361,842,183939,1.457,241,0,6.57143,,15,13,0,0,4,100,0,1.7029,0,,2241,2115,,0,0,0,10
1613698491355,6,1010123456024,73,,1,0,18,1,2,,11.1336,861,183633,1.55484,247,0,6.5,,5.33333,36,0,0.1,11,72.7273,0,6.41488,31,,2259,2190,,0,0,0,7
1613698491604,6,1010123456024,73,,1,0,18,1,2,,11.6756,860,183453,1.67666,246,0,6.83333,,0,3,0,0.1,1,0,0,0,0,,2241,2172,,0,0,0,0
1613698491854,6,1010123456024,73,,1,0,18,1,2,,11.1993,853,183171,1.49229,242,0,6.6,,0,0,0,0,0,0,0,0,0,,2259,2133,,0,0,0,0
1613698492104,6,1010123456024,73,,1,0,18,1,2,,10.2938,851,183971,1.45439,245,0,6.28571,,8.06667,45,0,0.1,13,61.5385,0,6.24776,31,,2241,2139,,0,0,0,6.4
1613698492354,6,1010123456024,73,,1,0,18,1,2,,9.85263,855,184228,1.38886,244,0,6.33333,,0,0,0,0,0,0,0,0,0,,2250,2163,,0,0,0,0
1613698492604,6,1010123456024,73,,1,0,18,1,2,,11.0488,860,184247,1.56144,245,0,6.5,,0,0,0,0,0,0,0,0,0,,2250,2196,,0,0,0,0
1613698492855,6,1010123456024,73,,1,0,18,1,2,,8.92143,840,184465,1.25402,241,0,5.5,,0,0,0,0,0,0,0,0,0,,2259,2085,,0,0,0,0
1613698493104,6,1010123456024,73,,1,0,18,1,2,,11.1751,868,183346,1.54763,248,0,6.71429,,0.1,27,0,0.1,8,0,0,1.91308,31,,2241,2175,,0,0,0,1.14815
1613698493354,6,1010123456024,73,,1,0,18,1,2,,11.8279,866,183938,1.71834,248,0,6.83333,,0,0,0,0,0,0,0,0,0,,2250,2214,,0,0,0,0
1613698493604,6,1010123456024,73,,1,0,18,1,2,,11.2905,871,182591,1.6376,249,0,6.66667,,0,0,0,0,0,0,0,0,0,,2250,2238,,0,0,0,0
1613698493854,6,1010123456024,73,,1,0,18,1,2,,10.7703,849,184310,1.62214,244,0,6.5,,0,0,0,0,0,0,0,0,0,,2250,2181,,0,0,0,0
1613698494104,6,1010123456024,73,,1,0,18,1,2,,12.1579,836,183576,1.74522,241,0,6.71429,,14.4918,61,0,0.1,19,84.2105,0,4.55548,31,,2250,2133,,0,0,0,8.22951
1613698494354,6,1010123456024,73,,1,0,18,1,2,,2.37342,790,183983,0.352288,227,0,3,,0,0,0,0,0,0,0,0,0,,2250,1758,,0,0,0,0
1613698494604,6,1010123456024,73,,1,0,18,1,2,,11.9018,855,183545,1.92163,246,0,7.16667,,0,0,0,0,0,0,0,0,0,,2250,2139,,0,0,0,0
1613698494854,6,1010123456024,73,,1,0,18,1,2,,9.82057,836,184181,1.35642,240,0,6,,0,0,0,0,0,0,0,0,0,,2250,2145,,0,0,0,0
1613698495104,6,1010123456024,73,,1,0,18,1,2,,5.31877,778,183158,0.629952,221,0,4.71429,,0.1,58,0,0.1,17,58.8235,0,0.97083,31,,2250,1815,,0,0,0,6.37931
1613698495354,6,1010123456024,73,,1,0,18,1,2,,4.2581,802,183243,0.596704,231,0,3.66667,,0,0,0,0,0,0,0,0,0,,2250,1770,,0,0,0,0
1613698495604,6,1010123456024,73,,1,0,18,1,2,,6.84752,787,183769,0.839808,225,0,4.6,,0,0,0,0,0,0,0,0,0,,2250,1767,,0,0,0,0
1613698495854,6,1010123456024,73,,1,0,18,1,2,,11.2561,863,183600,1.6176,246,0,6.83333,,0,0,0,0,0,0,0,0,0,,2250,2226,,0,0,0,0
1613698496104,6,1010123456024,73,,1,0,18,1,2,,7.09271,809,184446,0.942432,234,0,5,,0.1,30,0,0.1,8,0,0,1.37996,31,,2250,1974,,0,0,0,1.86667
1613698496354,6,1010123456024,73,,1,0,18,1,2,,13.0222,857,183997,2.05555,244,0,7.66667,,0,0,0,0,0,0,0,0,0,,2250,2139,,0,0,0,0
1613698496604,6,1010123456024,73,,1,0,18,1,2,,10.2787,854,183392,1.42515,246,0,6.4,,0,0,0,0,0,0,0,0,0,,2250,2148,,0,0,0,0
1613698496854,6,1010123456024,73,,1,0,18,1,2,,14.6544,871,176417,2.3311,249,0,8.16667,,0,0,0,0,0,0,0,0,0,,2250,2214,,0,0,0,0
1613698497104,6,1010123456024,73,,1,0,18,1,2,,12.1191,865,183260,1.92006,248,0,7,,11.5,20,0,0.1,6,66.6667,0,11.5983,31,,2250,2214,,0,0,0,6.85
1613698497354,6,1010123456024,73,,1,0,18,1,2,,9.94761,859,183140,1.36534,245,0,6.16667,,0,0,0,0,0,0,0,0,0,,2250,2124,,0,0,0,0
1613698497604,6,1010123456024,73,,1,0,18,1,2,,9.5908,848,183244,1.39635,243,0,5.83333,,0,0,0,0,0,0,0,0,0,,2250,2142,,0,0,0,0
1613698497854,6,1010123456024,73,,1,0,18,1,2,,10.1107,840,183098,1.34294,239,0,6.33333,,0,0,0,0,0,0,0,0,0,,2250,2109,,0,0,0,0
1613698498104,6,1010123456024,73,,1,0,18,1,2,,10.5921,858,184389,1.45686,245,0,6.5,,0.1,34,0,0.1,11,36.3636,0,3.31058,31,,2250,2160,,0,0,0,4.38235
1613698498354,6,1010123456024,73,,1,0,18,1,2,,10.1776,850,183575,1.40083,243,0,6.2,,0,0,0,0,0,0,0,0,0,,2250,2079,,0,0,0,0
1613698498604,6,1010123456024,73,,1,0,18,1,2,,11.2424,854,184213,1.57603,244,0,6.66667,,0,0,0,0,0,0,0,0,0,,2250,2178,,0,0,0,0
1613698498854,6,1010123456024,73,,1,0,18,1,2,,9.78795,863,184129,1.34906,246,0,6,,0,0,0,0,0,0,0,0,0,,2250,2124,,0,0,0,0
1613698499104,6,1010123456024,73,,1,0,18,1,2,,11.7023,823,183827,1.73063,236,0,5.4,,0,12,0,0,4,100,0,0,0,,2250,1845,,0,0,0,0
1613698499354,6,1010123456024,73,,1,0,18,1,2,,10.8709,860,183394,1.5633,247,0,6.5,,0.1,27,0,0.1,8,12.5,0,1.31717,31,,2250,2202,,0,0,0,2.81481
1613698499604,6,1010123456024,73,,1,0,18,1,2,,10.8543,865,183891,1.48285,247,0,6.6,,0,0,0,0,0,0,0,0,0,,2250,2157,,0,0,0,0
1613698499854,6,1010123456024,73,,1,0,18,1,2,,11.7135,869,183383,1.70061,248,0,6.83333,,0,0,0,0,0,0,0,0,0,,2241,2232,,0,0,0,0
1613698500104,6,1010123456024,73,,1,0,18,1,2,,8.53148,826,184144,1.12499,238,0,5.57143,,0.1,31,0,0,8,100,0,0.13948,0,,2241,2034,,0,0,0,10
1613698500354,6,1010123456024,73,,1,0,18,1,2,,11.6916,869,183922,1.68874,248,0,7,,0.1,57,0,0.1,17,41.1765,0,2.69814,31,,2259,2214,,0,0,0,5.21053
1613698500604,6,1010123456024,73,,1,0,18,1,2,,11.2627,868,183413,1.63065,248,0,6.5,,0,0,0,0,0,0,0,0,0,,2241,2211,,0,0,0,0
1613698500854,6,1010123456024,73,,1,0,18,1,2,,10.4469,857,184268,1.48122,245,0,6.33333,,0,0,0,0,0,0,0,0,0,,2250,2184,,0,0,0,0
1613698501104,6,1010123456024,73,,1,0,18,1,2,,11.3345,861,184017,1.54739,246,0,6.71429,,0.1,31,0,0.1,9,22.2222,0,4.41534,31,,2250,2130,,0,0,0,3.25806
1613698501354,6,1010123456024,73,,1,0,18,1,2,,10.4,860,183440,1.4759,246,0,6.33333,,0,0,0,0,0,0,0,0,0,,2250,2190,,0,0,0,0
1613698501604,6,1010123456024,73,,1,0,18,1,2,,10.5243,864,183807,1.50474,248,0,6.5,,0,0,0,0,0,0,0,0,0,,2250,2172,,0,0,0,0
1613698501854,6,1010123456024,73,,1,0,18,1,2,,9.73568,855,184015,1.36275,243,0,6.16667,,0,0,0,0,0,0,0,0,0,,2250,2133,,0,0,0,0
1613698502104,6,1010123456024,73,,1,0,18,1,2,,10.1287,839,182806,1.43741,244,0,6.42857,,5.2,30,0,0.1,9,44.4444,0,5.96162,31,,2259,2190,,0,0,0,5.13333
1613698502354,6,1010123456024,73,,1,0,18,1,2,,9.84823,850,184122,1.43322,244,0,6.16667,,0,0,0,0,0,0,0,0,0,,2241,2169,,0,0,0,0
1613698502604,6,1010123456024,73,,1,0,18,1,2,,11.4856,867,183062,1.61965,248,0,6.8,,0,0,0,0,0,0,0,0,0,,2250,2184,,0,0,0,0
1613698502854,6,1010123456024,73,,1,0,18,1,2,,11.2735,863,183816,1.5728,246,0,6.66667,,0,0,0,0,0,0,0,0,0,,2250,2178,,0,0,0,0
1613698503104,6,1010123456024,73,,1,0,18,1,2,,11.9318,851,184479,1.71597,244,0,7,,5.2973,74,0,0.1,22,72.7273,0,3.61284,31,,2250,2151,,0,0,0,7.43243
1613698503354,6,1010123456024,73,,1,0,18,1,2,,11.657,866,183633,1.71907,248,0,6.83333,,0,0,0,0,0,0,0,0,0,,2241,2241,,0,0,0,0
1613698503604,6,1010123456024,73,,1,0,18,1,2,,11.5841,856,183023,1.62869,245,0,6.83333,,0,0,0,0,0,0,0,0,0,,2250,2142,,0,0,0,0
1613698503854,6,1010123456024,73,,1,0,18,1,2,,11.3988,860,182911,1.6399,247,0,6.66667,,0,0,0,0,0,0,0,0,0,,2259,2235,,0,0,0,0
1613698504104,6,1010123456024,73,,1,0,18,1,2,,11.8088,842,182906,1.65121,242,0,7.33333,,5.08696,46,0,0.1,14,35.7143,0,6.93415,31,,2241,2199,,0,0,0,4.6087
1613698504354,6,1010123456024,73,,1,0,18,1,2,,12.5982,871,183511,1.95811,249,0,6.66667,,0,0,0,0,0,0,0,0,0,,2250,2205,,0,0,0,0
1613698504604,6,1010123456024,73,,1,0,18,1,2,,10.8792,869,184238,1.57152,248,0,6.6,,0,0,0,0,0,0,0,0,0,,2259,2187,,0,0,0,0
1613698504854,6,1010123456024,73,,1,0,18,1,2,,9.96079,867,183677,1.4168,248,0,6.16667,,0,0,0,0,0,0,0,0,0,,2241,2193,,0,0,0,0
1613698505104,6,1010123456024,73,,1,0,18,1,2,,11.6535,863,183815,1.69696,248,0,6.71429,,1.33333,36,0,0.1,10,10,0,5.29112,31,,2250,2226,,0,0,0,3.08333
1613698505354,6,1010123456024,73,,1,0,18,1,2,,9.83276,861,183916,1.36186,246,0,6.16667,,0,0,0,0,0,0,0,0,0,,2250,2133,,0,0,0,0
1613698505604,6,1010123456024,73,,1,0,18,1,2,,9.95611,843,183963,1.39869,242,0,6.33333,,0,0,0,0,0,0,0,0,0,,2250,2178,,0,0,0,0
1613698505854,6,1010123456024,73,,1,0,18,1,2,,10.4971,861,183445,1.53184,246,0,6.33333,,0,0,0,0,0,0,0,0,0,,2250,2220,,0,0,0,0
1613698506104,6,1010123456024,73,,1,0,18,1,2,,9.78667,825,184001,1.34064,237,0,6,,15,15,0,0,4,100,0,3.04992,0,,2250,2130,,0,0,0,10
1613698506354,6,1010123456024,73,,1,0,18,1,2,,9.29881,840,184521,1.3375,240,0,5.66667,,0.1,7,0,0.1,2,0,0,1.60403,31,,2250,2118,,0,0,0,1
1613698506604,6,1010123456024,73,,1,0,18,1,2,,9.964,861,184046,1.36371,246,0,6.33333,,0,0,0,0,0,0,0,0,0,,2259,2151,,0,0,0,0
1613698506854,6,1010123456024,73,,1,0,18,1,2,,13.0826,847,183775,1.91383,242,0,7.6,,0,0,0,0,0,0,0,0,0,,2241,2133,,0,0,0,0
1613698507104,6,1010123456024,73,,1,0,18,1,2,,9.94788,825,184549,1.35558,236,0,6.14286,,0.1,54,0,0.1,15,46.6667,0,0.913997,31,,2250,2109,,0,0,0,6.68518
1613698507354,6,1010123456024,73,,1,0,18,1,2,,10.7993,852,183733,1.46925,244,0,6.5,,0,0,0,0,0,0,0,0,0,,2250,2178,,0,0,0,0
1613698507604,6,1010123456024,73,,1,0,18,1,2,,11.657,860,182988,1.66698,247,0,6.83333,,0,0,0,0,0,0,0,0,0,,2250,2187,,0,0,0,0
1613698507854,6,1010123456024,73,,1,0,18,1,2,,8.00948,844,184535,1.09565,241,0,5.5,,0,0,0,0,0,0,0,0,0,,2250,2058,,0,0,0,0
1613698508104,6,1010123456024,73,,1,0,18,1,2,,13.8677,824,183429,2.36218,242,0,7.85714,,7.77778,54,0,0.1,16,37.5,0,9.3722,31,,2250,2151,,0,0,0,4.40741
1613698508355,6,1010123456024,73,,1,0,18,1,2,,10.7703,862,183131,1.49677,247,0,6.66667,,0,0,0,0,0,0,0,0,0,,2259,2157,,0,0,0,0
1613698508604,6,1010123456024,73,,1,0,18,1,2,,9.81616,854,183683,1.41754,243,0,6,,0,0,0,0,0,0,0,0,0,,2241,2169,,0,0,0,0
1613698508854,6,1010123456024,73,,1,0,18,1,2,,9.55059,850,183748,1.30125,243,0,6.16667,,0,0,0,0,0,0,0,0,0,,2250,2118,,0,0,0,0
1613698509104,6,1010123456024,73,,1,0,18,1,2,,9.88738,808,184079,1.32144,232,0,6,,5.05263,38,0,0.1,10,40,0,5.39905,31,,2250,2085,,0,0,0,4.78947
1613698509354,6,1010123456024,73,,1,0,18,1,2,,10.1349,860,184286,1.34797,246,0,6.66667,,0,0,0,0,0,0,0,0,0,,2250,2112,,0,0,0,0
1613698509604,6,1010123456024,73,,1,0,18,1,2,,14.3783,867,184026,2.38266,248,0,7.66667,,0,0,0,0,0,0,0,0,0,,2250,2154,,0,0,0,0
1613698509854,6,1010123456024,73,,1,0,18,1,2,,9.52331,858,183729,1.34631,245,0,6,,0,0,0,0,0,0,0,0,0,,2250,2130,,0,0,0,0
1613698510104,6,1010123456024,73,,1,0,18,1,2,,10.8712,846,183820,1.50269,247,0,6.42857,,0,12,0,0,4,100,0,0,0,,2250,2196,,0,0,0,0
1613698510354,6,1010123456024,73,,1,0,18,1,2,,10.8183,864,184256,1.53667,247,0,6.5,,0.1,4,0,0.1,1,0,0,14.7591,31,,2259,2175,,0,0,0,1
1613698510604,6,1010123456024,73,,1,0,18,1,2,,13.6178,866,183990,2.19794,247,0,7.66667,,5.48571,35,0,0.1,11,72.7273,0,4.94091,0,,2241,2199,,0,0,0,7.17143
1613698510854,6,1010123456024,73,,1,0,18,1,2,,9.42774,858,184157,1.38816,247,0,6,,0,0,0,0,0,0,0,0,0,,2250,2193,,0,0,0,0
1613698511104,6,1010123456024,73,,1,0,18,1,2,,9.36104,842,183952,1.33376,244,0,6.28571,,5.10638,47,0,0.1,13,38.4615,0,4.84762,31,,2250,2220,,0,0,0,4.82979
1613698511354,6,1010123456024,73,,1,0,18,1,2,,8.89545,813,184376,1.22179,231,0,5.66667,,0,0,0,0,0,0,0,0,0,,2250,2049,,0,0,0,0
1613698511604,6,1010123456024,73,,1,0,18,1,2,,11.6333,859,184011,1.66282,247,0,6.83333,,0,0,0,0,0,0,0,0,0,,2250,2190,,0,0,0,0
1613698511854,6,1010123456024,73,,1,0,18,1,2,,12.75,860,184376,1.99155,244,0,7.33333,,0,0,0,0,0,0,0,0,0,,2250,2169,,0,0,0,0
1613698512104,6,1010123456024,73,,1,0,18,1,2,,8.53966,832,184013,1.18707,241,0,5.42857,,3.13433,67,0,0.1,20,30,0,4.72965,31,,2250,2058,,0,0,0,3.86567
1613698512354,6,1010123456024,73,,1,0,18,1,2,,9.5669,852,184093,1.31936,244,0,6.66667,,0,0,0,0,0,0,0,0,0,,2250,2178,,0,0,0,0
1613698512604,6,1010123456024,73,,1,0,18,1,2,,10.4002,837,184581,1.44778,240,0,6.33333,,0,0,0,0,0,0,0,0,0,,2259,2169,,0,0,0,0
1613698512854,6,1010123456024,73,,1,0,18,1,2,,11.007,862,184229,1.61385,247,0,6.66667,,0,0,0,0,0,0,0,0,0,,2241,2169,,0,0,0,0
1613698513104,6,1010123456024,73,,1,0,18,1,2,,9.49449,817,183228,1.26467,235,0,6,,0.1,35,0,0.1,10,30,0,3.42441,31,,2250,2055,,0,0,0,4.4
1613698513354,6,1010123456024,73,,1,0,18,1,2,,10.2558,856,184575,1.44704,246,0,6,,0,0,0,0,0,0,0,0,0,,2250,2172,,0,0,0,0
1613698513604,6,1010123456024,73,,1,0,18,1,2,,10.6313,857,184088,1.4439,246,0,6.66667,,0,0,0,0,0,0,0,0,0,,2250,2160,,0,0,0,0
1613698513854,6,1010123456024,73,,1,0,18,1,2,,11.36,861,183818,1.60685,246,0,6.66667,,0,0,0,0,0,0,0,0,0,,2250,2190,,0,0,0,0
1613698514104,6,1010123456024,73,,1,0,18,1,2,,9.43976,830,183734,1.29986,239,0,5.85714,,5.25,32,0,0.1,9,44.4444,0,5.74763,31,,2250,2160,,0,0,0,4.9375
1613698514354,6,1010123456024,73,,1,0,18,1,2,,11.8967,842,183886,1.78909,242,0,7.33333,,0,0,0,0,0,0,0,0,0,,2250,2040,,0,0,0,0
1613698514604,6,1010123456024,73,,1,0,18,1,2,,10.1046,870,183661,1.37715,248,0,6.4,,0,0,0,0,0,0,0,0,0,,2250,2190,,0,0,0,0
1613698514854,6,1010123456024,73,,1,0,18,1,2,,11.3536,871,183847,1.65424,249,0,6.66667,,0,0,0,0,0,0,0,0,0,,2250,2202,,0,0,0,0
1613698515104,6,1010123456024,73,,1,0,18,1,2,,14.0485,846,184585,2.27377,247,0,7.57143,,15.013,77,0,0.116691,24,83.3333,0,5.25576,31,,2250,2166,,0,0,0,8.35931
1613698515354,6,1010123456024,73,,1,0,18,1,2,,9.31345,855,183231,1.2967,245,0,6.16667,,0,0,0,0,0,0,0,0,0,,2250,2181,,0,0,0,0
1613698515604,6,1010123456024,73,,1,0,18,1,2,,11.9278,872,183077,1.74486,249,0,7,,0,0,0,0,0,0,0,0,0,,2250,2208,,0,0,0,0
1613698515854,6,1010123456024,73,,1,0,18,1,2,,9.5878,820,183755,1.34753,236,0,5.8,,0,0,0,0,0,0,0,0,0,,2241,2100,,0,0,0,0
1613698516104,6,1010123456024,73,,1,0,18,1,2,,9.26918,847,183883,1.26557,243,0,5.14286,,0.1,33,0,0.1,10,20,0,3.93248,31,,2250,2142,,0,0,0,3.21212
1613698516354,6,1010123456024,73,,1,0,18,1,2,,9.55934,851,183089,1.35171,244,0,6.83333,,0,0,0,0,0,0,0,0,0,,2250,2184,,0,0,0,0
1613698516604,6,1010123456024,73,,1,0,18,1,2,,11.1585,858,183744,1.62143,245,0,6.66667,,0,0,0,0,0,0,0,0,0,,2250,2199,,0,0,0,0
1613698516854,6,1010123456024,73,,1,0,18,1,2,,11.389,869,183440,1.61971,248,0,6.66667,,0,0,0,0,0,0,0,0,0,,2250,2172,,0,0,0,0
1613698517104,6,1010123456024,73,,1,0,18,1,2,,7.63517,836,181103,1.0035,239,0,6.28571,,0,42,0,0.1,14,42.8571,0,0,31,,2259,2106,,0,0,0,0
1613698517354,6,1010123456024,73,,1,0,18,1,2,,12.5786,871,183941,2.25226,249,0,6.33333,,0,0,0,0,0,0,0,0,0,,2241,2181,,0,0,0,0
1613698517604,6,1010123456024,73,,1,0,18,1,2,,11.8836,868,183619,1.69926,248,0,7,,0,0,0,0,0,0,0,0,0,,2259,2181,,0,0,0,0
1613698517854,6,1010123456024,73,,1,0,18,1,2,,11.2212,859,184169,1.59078,246,0,6.5,,0,0,0,0,0,0,0,0,0,,2241,2184,,0,0,0,0
1613698518104,6,1010123456024,73,,1,0,18,1,2,,11.5497,835,184545,1.62746,244,0,6.85714,,0.1,62,0,0.1,17,58.8235,0,0.964078,31,,2250,2208,,0,0,0,6.6129
1613698518354,6,1010123456024,73,,1,0,18,1,2,,11.4249,866,184215,1.60774,246,0,6.5,,0,0,0,0,0,0,0,0,0,,2250,2196,,0,0,0,0
1613698518604,6,1010123456024,73,,1,0,18,1,2,,12.5585,838,183373,1.8925,242,0,7.16667,,0,0,0,0,0,0,0,0,0,,2250,2178,,0,0,0,0
1613698518854,6,1010123456024,73,,1,0,18,1,2,,9.71361,852,183352,1.28405,240,0,6.2,,0,0,0,0,0,0,0,0,0,,2250,2082,,0,0,0,0
1613698519104,6,1010123456024,73,,1,0,18,1,2,,9.75088,847,183731,1.39885,242,0,6.28571,,5.625,32,0,0.1,9,44.4444,0,5.7143,31,,2250,2208,,0,0,0,6.65625
1613698519354,6,1010123456024,73,,1,0,18,1,2,,10.3651,849,183036,1.48038,243,0,6.33333,,0,0,0,0,0,0,0,0,0,,2241,2178,,0,0,0,0
1613698519604,6,1010123456024,73,,1,0,18,1,2,,9.96752,862,183536,1.40963,247,0,6.16667,,0,0,0,0,0,0,0,0,0,,2259,2148,,0,0,0,0
1613698519854,6,1010123456024,73,,1,0,18,1,2,,10.5275,855,184428,1.50835,243,0,6.33333,,0,0,0,0,0,0,0,0,0,,2241,2211,,0,0,0,0
1613698520104,6,1010123456024,73,,1,0,18,1,2,,9.31611,813,184067,1.25082,239,0,5.85714,,4.53488,43,0,0.1,13,46.1538,0,5.30021,31,,2250,2100,,0,0,0,5.37209
1613698520354,6,1010123456024,73,,1,0,18,1,2,,10.831,864,183606,1.50906,246,0,6.5,,0,0,0,0,0,0,0,0,0,,2250,2196,,0,0,0,0
1613698520604,6,1010123456024,73,,1,0,18,1,2,,6.9268,847,183648,0.993632,242,0,5,,0,0,0,0,0,0,0,0,0,,2250,2136,,0,0,0,0
1613698520854,6,1010123456024,73,,1,0,18,1,2,,10.5824,862,183798,1.46938,246,0,6.33333,,0,0,0,0,0,0,0,0,0,,2250,2142,,0,0,0,0
1613698521104,6,1010123456024,73,,1,0,18,1,2,,11.2401,837,183581,1.55222,241,0,6.57143,,0.1,13,0,0,4,100,0,0.451272,0,,2250,2154,,0,0,0,10
1613698521354,6,1010123456024,73,,1,0,18,1,2,,7.37764,805,184102,0.92336,231,0,5.16667,,2.34783,46,0,0.1,13,38.4615,0,2.36006,31,,2259,1929,,0,0,0,5.23913
1613698521604,6,1010123456024,73,,1,0,18,1,2,,14.2371,869,184416,2.43014,248,0,8.2,,0,12,0,0.1,4,75,0,0,0,,2241,2181,,0,0,0,0
1613698521854,6,1010123456024,73,,1,0,18,1,2,,11.3337,857,183158,1.56861,245,0,6.83333,,0,0,0,0,0,0,0,0,0,,2250,2124,,0,0,0,0
1613698522104,6,1010123456024,73,,1,0,18,1,2,,6.19311,813,183656,0.8672,234,0,5,,0.1,53,0,0.1,15,46.6667,0,2.60245,31,,2250,2028,,0,0,0,5.81132
1613698522354,6,1010123456024,73,,1,0,18,1,2,,12.1172,862,184477,1.81286,248,0,7,,0,0,0,0,0,0,0,0,0,,2250,2232,,0,0,0,0
1613698522604,6,1010123456024,73,,1,0,18,1,2,,10.837,865,183021,1.48224,246,0,6.5,,0,0,0,0,0,0,0,0,0,,2250,2142,,0,0,0,0
1613698522854,6,1010123456024,73,,1,0,18,1,2,,9.95423,852,183638,1.39232,243,0,6.16667,,0,0,0,0,0,0,0,0,0,,2250,2184,,0,0,0,0
1613698523104,6,1010123456024,73,,1,0,18,1,2,,10.6731,832,184318,1.56579,244,0,6,,0.1,38,0,0.1,11,36.3636,0,0.892635,31,,2250,2199,,0,0,0,4.5
1613698523354,6,1010123456024,73,,1,0,18,1,2,,9.11507,869,183065,1.32867,249,0,6.5,,0,0,0,0,0,0,0,0,0,,2259,2229,,0,0,0,0
1613698523604,6,1010123456024,73,,1,0,18,1,2,,9.69805,871,183892,1.39178,249,0,6.16667,,0,0,0,0,0,0,0,0,0,,2241,2175,,0,0,0,0
1613698523854,6,1010123456024,73,,1,0,18,1,2,,10.3461,861,183985,1.45674,246,0,6.33333,,0,0,0,0,0,0,0,0,0,,2250,2136,,0,0,0,0
1613698524104,6,1010123456024,73,,1,0,18,1,2,,10.6884,857,183268,1.53222,248,0,6.42857,,12.4583,24,0,0.1,7,57.1429,0,8.89814,31,,2250,2184,,0,0,0,5.875
1613698524354,6,1010123456024,73,,1,0,18,1,2,,10.095,863,183370,1.40454,247,0,6.16667,,0,0,0,0,0,0,0,0,0,,2250,2178,,0,0,0,0
1613698524604,6,1010123456024,73,,1,0,18,1,2,,13.881,857,183688,2.2735,247,0,7.83333,,0,0,0,0,0,0,0,0,0,,2250,2238,,0,0,0,0
1613698524854,6,1010123456024,73,,1,0,18,1,2,,11.3472,864,183935,1.67264,246,0,6.66667,,0,0,0,0,0,0,0,0,0,,2250,2172,,0,0,0,0
1613698525104,6,1010123456024,73,,1,0,18,1,2,,9.18237,817,183744,1.28253,237,0,6,,0.1,53,0,0.1,14,28.5714,0,2.33521,31,,2250,2127,,0,0,0,4.66038
1613698525354,6,1010123456024,73,,1,0,18,1,2,,11.5099,857,183333,1.612,245,0,6.83333,,0,0,0,0,0,0,0,0,0,,2250,2166,,0,0,0,0
1613698525604,6,1010123456024,73,,1,0,18,1,2,,10.1454,832,183401,1.3696,239,0,6.16667,,0,0,0,0,0,0,0,0,0,,2259,2094,,0,0,0,0
1613698525854,6,1010123456024,73,,1,0,18,1,2,,8.891,844,183396,1.19011,242,0,5.66667,,0,0,0,0,0,0,0,0,0,,2241,2061,,0,0,0,0
1613698526104,6,1010123456024,73,,1,0,18,1,2,,11.0981,846,184589,1.56502,245,0,6.28571,,11.9238,105,0,0.1,33,84.8485,0,2.54798,31,,2250,2178,,0,0,0,8.65714
1613698526354,6,1010123456024,73,,1,0,18,1,2,,8.11702,846,183918,1.12938,242,0,5.83333,,0,0,0,0,0,0,0,0,0,,2250,2214,,0,0,0,0
1613698526604,6,1010123456024,73,,1,0,18,1,2,,12.1788,867,183120,1.73312,248,0,7.16667,,0,0,0,0,0,0,0,0,0,,2250,2184,,0,0,0,0
1613698526854,6,1010123456024,73,,1,0,18,1,2,,10.0447,850,183613,1.44132,244,0,6,,0,0,0,0,0,0,0,0,0,,2250,2166,,0,0,0,0
1613698527104,6,1010123456024,73,,1,0,18,1,2,,10.5824,831,183618,1.45146,240,0,6.57143,,0.1,42,0,0.1,11,36.3636,0,2.67135,31,,2259,2175,,0,0,0,5.07143
1613698527354,6,1010123456024,73,,1,0,18,1,2,,13.5891,859,184214,2.11203,245,0,7.5,,0,0,0,0,0,0,0,0,0,,2241,2121,,0,0,0,0
1613698527604,6,1010123456024,73,,1,0,18,1,2,,7.86698,842,183521,1.13504,242,0,5.16667,,0,0,0,0,0,0,0,0,0,,2250,2205,,0,0,0,0
1613698527854,6,1010123456024,73,,1,0,18,1,2,,14.0333,840,183731,2.27446,239,0,8,,0,0,0,0,0,0,0,0,0,,2250,2184,,0,0,0,0
1613698528104,6,1010123456024,73,,1,0,18,1,2,,7.40692,838,183873,1.04698,241,0,5.42857,,15,16,0,0,4,100,0,1.67683,0,,2250,2097,,0,0,0,10
1613698528354,6,1010123456024,73,,1,0,18,1,2,,5.6164,829,184163,0.787168,238,0,4.16667,,0.571429,7,0,0.1,2,0,0,4.04654,31,,2250,2091,,0,0,0,1
1613698528604,6,1010123456024,73,,1,0,18,1,2,,11.4292,862,184316,1.64963,247,0,6.66667,,0,0,0,0,0,0,0,0,0,,2250,2208,,0,0,0,0
1613698528854,6,1010123456024,73,,1,0,18,1,2,,12.8548,861,182498,1.80656,247,0,7.5,,0,0,0,0,0,0,0,0,0,,2250,2148,,0,0,0,0
1613698529104,6,1010123456024,73,,1,0,18,1,2,,14.1192,856,173067,2.41379,247,0,8,,0.1,29,0,0.1,8,0,0,4.0654,31,,2250,2190,,0,0,0,2.37931
1613698529354,6,1010123456024,73,,1,0,18,1,2,,12.418,866,183478,1.86973,247,0,6.83333,,0,0,0,0,0,0,0,0,0,,2250,2196,,0,0,0,0
1613698529604,6,1010123456024,73,,1,0,18,1,2,,8.73561,851,184134,1.25146,244,0,5.75,,0,0,0,0,0,0,0,0,0,,2250,2196,,0,0,0,0
1613698529854,6,1010123456024,73,,1,0,18,1,2,,11.8432,861,184192,1.69094,246,0,7,,0,0,0,0,0,0,0,0,0,,2250,2184,,0,0,0,0
1613698530104,6,1010123456024,73,,1,0,18,1,2,,11.19,842,184329,1.55018,243,0,6.71429,,4.96552,29,0,0.1,9,44.4444,0,3.09809,31,,2250,2157,,0,0,0,5.06897
1613698530354,6,1010123456024,73,,1,0,18,1,2,,10.6045,847,183826,1.48445,242,0,6.33333,,0,0,0,0,0,0,0,0,0,,2250,2181,,0,0,0,0
1613698530604,6,1010123456024,73,,1,0,18,1,2,,7.77592,839,183296,1.07608,241,0,5.6,,0,0,0,0,0,0,0,0,0,,2241,2061,,0,0,0,0
1613698530854,6,1010123456024,73,,1,0,18,1,2,,10.4486,798,184636,1.43254,229,0,6.5,,0,0,0,0,0,0,0,0,0,,2250,1821,,0,0,0,0
1613698531104,6,1010123456024,73,,1,0,18,1,2,,8.96513,803,183736,1.23242,231,0,6,,0.1,67,0,0.1,20,25,0,2.37024,31,,2259,2022,,0,0,0,3.83582
1613698531354,6,1010123456024,73,,1,0,18,1,2,,12.6362,863,183446,1.94991,247,0,7.16667,,0,0,0,0,0,0,0,0,0,,2241,2229,,0,0,0,0
1613698531604,6,1010123456024,73,,1,0,18,1,2,,9.72434,838,183686,1.40186,242,0,5.83333,,0,0,0,0,0,0,0,0,0,,2250,2160,,0,0,0,0
1613698531854,6,1010123456024,73,,1,0,18,1,2,,3.88151,768,184022,0.473376,221,0,4,,0,0,0,0,0,0,0,0,0,,2250,1719,,0,0,0,0
1613698532104,6,1010123456024,73,,1,0,18,1,2,,8.41858,829,183473,1.12368,237,0,5.57143,,0.975904,83,0,0.1,24,58.3333,0,2.40578,31,,2250,2094,,0,0,0,6.68675
1613698532354,6,1010123456024,73,,1,0,18,1,2,,10.0232,862,183687,1.40966,247,0,6.16667,,0,0,0,0,0,0,0,0,0,,2250,2178,,0,0,0,0
1613698532604,6,1010123456024,73,,1,0,18,1,2,,12.8185,865,183650,2.01174,247,0,7.16667,,0,0,0,0,0,0,0,0,0,,2250,2136,,0,0,0,0
1613698532854,6,1010123456024,73,,1,0,18,1,2,,6.55211,806,184171,0.856064,230,0,4.83333,,0,0,0,0,0,0,0,0,0,,2250,2007,,0,0,0,0
1613698533104,6,1010123456024,73,,1,0,18,1,2,,10.7435,850,184243,1.47853,247,0,6.57143,,15.5957,94,0,0.107904,29,86.2069,0,5.23915,31,,2250,2109,,0,0,0,8.60638
1613698533354,6,1010123456024,73,,1,0,18,1,2,,9.62674,860,184024,1.31923,246,0,6,,0,0,0,0,0,0,0,0,0,,2250,2148,,0,0,0,0
1613698533604,6,1010123456024,73,,1,0,18,1,2,,9.2387,863,183689,1.2983,247,0,5.83333,,0,0,0,0,0,0,0,0,0,,2250,2130,,0,0,0,0
1613698533854,6,1010123456024,73,,1,0,18,1,2,,11.2451,865,183823,1.58758,248,0,6.66667,,0,0,0,0,0,0,0,0,0,,2250,2190,,0,0,0,0
1613698534104,6,1010123456024,73,,1,0,18,1,2,,9.43003,786,183276,1.25423,229,0,6.14286,,15.0761,92,0,0.1,31,90.3226,0,2.43176,31,,2250,1947,,0,0,0,9.11957
1613698534354,6,1010123456024,73,,1,0,18,1,2,,11.1001,869,183898,1.56282,248,0,6.66667,,0,0,0,0,0,0,0,0,0,,2250,2202,,0,0,0,0
1613698534604,6,1010123456024,73,,1,0,18,1,2,,10.5293,869,183329,1.53382,249,0,6.33333,,0,0,0,0,0,0,0,0,0,,2250,2208,,0,0,0,0
1613698534854,6,1010123456024,73,,1,0,18,1,2,,11.1172,870,184067,1.71459,249,0,6.5,,0,0,0,0,0,0,0,0,0,,2250,2148,,0,0,0,0
1613698535104,6,1010123456024,73,,1,0,18,1,2,,10.9095,862,184217,1.58214,247,0,6.57143,,0.1,27,0,0.1,8,0,0,1.85125,31,,2250,2226,,0,0,0,1.14815
1613698535354,6,1010123456024,73,,1,0,18,1,2,,7.55786,821,183940,1.0801,235,0,4.83333,,0,0,0,0,0,0,0,0,0,,2250,2100,,0,0,0,0
1613698535604,6,1010123456024,73,,1,0,18,1,2,,8.41197,852,183937,1.19818,243,0,5.83333,,0,0,0,0,0,0,0,0,0,,2250,2070,,0,0,0,0
1613698535854,6,1010123456024,73,,1,0,18,1,2,,10.9197,847,183385,1.5608,243,0,6.66667,,0,0,0,0,0,0,0,0,0,,2250,2217,,0,0,0,0
1613698536104,6,1010123456024,73,,1,0,18,1,2,,10.1457,844,183855,1.41205,245,0,6.28571,,14.2292,48,0,0.136643,16,75,0,6.2334,31,,2250,2142,,0,0,0,7.43056
1613698536354,6,1010123456024,73,,1,0,18,1,2,,11.7381,863,183180,1.67213,246,0,6.8,,0,0,0,0,0,0,0,0,0,,2250,2172,,0,0,0,0
1613698536604,6,1010123456024,73,,1,0,18,1,2,,12.7585,849,184093,1.99827,244,0,7.33333,,0,0,0,0,0,0,0,0,0,,2250,2097,,0,0,0,0
1613698536854,6,1010123456024,73,,1,0,18,1,2,,13.1634,863,183111,2.24902,246,0,7.83333,,0,0,0,0,0,0,0,0,0,,2250,2184,,0,0,0,0
1613698537104,6,1010123456024,73,,1,0,18,1,2,,14.0272,847,184276,2.24794,244,0,7.85714,,0.1,90,0,0.1,27,59.2593,0,2.46283,31,,2250,2130,,0,0,0,6
1613698537354,6,1010123456024,73,,1,0,18,1,2,,11.8915,866,184096,1.6824,247,0,7,,0,0,0,0,0,0,0,0,0,,2250,2178,,0,0,0,0
1613698537604,6,1010123456024,73,,1,0,18,1,2,,8.48023,860,184218,1.22192,246,0,5.66667,,0,0,0,0,0,0,0,0,0,,2250,2214,,0,0,0,0
1613698537854,6,1010123456024,73,,1,0,18,1,2,,11.9024,871,184159,1.73802,249,0,7,,0,0,0,0,0,0,0,0,0,,2250,2208,,0,0,0,0
1613698538104,6,1010123456024,73,,1,0,18,1,2,,8.17805,820,183329,1.13365,236,0,5.66667,,0.1,61,0,0.1,19,68.4211,0,2.58302,31,,2250,2028,,0,0,0,7.11475
1613698538354,6,1010123456024,73,,1,0,18,1,2,,11.8326,860,183240,1.72256,246,0,7,,0,0,0,0,0,0,0,0,0,,2250,2166,,0,0,0,0
1613698538604,6,1010123456024,73,,1,0,18,1,2,,10.53,866,184096,1.53949,248,0,6.33333,,0,0,0,0,0,0,0,0,0,,2250,2226,,0,0,0,0
1613698538854,6,1010123456024,73,,1,0,18,1,2,,11.9757,866,182810,1.74467,247,0,7.16667,,0,0,0,0,0,0,0,0,0,,2250,2208,,0,0,0,0
1613698539104,6,1010123456024,73,,1,0,18,1,2,,11.7456,857,183158,1.73584,245,0,6.85714,,11.3684,19,0,0.1,6,66.6667,0,12.7435,31,,2259,2211,,0,0,0,6.68421
1613698539354,6,1010123456024,73,,1,0,18,1,2,,10.3302,845,183998,1.61851,243,0,6.8,,0,0,0,0,0,0,0,0,0,,2241,2052,,0,0,0,0
1613698539604,6,1010123456024,73,,1,0,18,1,2,,10.7334,859,183586,1.57796,247,0,6.5,,0,0,0,0,0,0,0,0,0,,2250,2226,,0,0,0,0
1613698539854,6,1010123456024,73,,1,0,18,1,2,,8.77855,858,183143,1.21363,245,0,5.66667,,0,0,0,0,0,0,0,0,0,,2250,2082,,0,0,0,0
1613698540104,6,1010123456024,73,,1,0,18,1,2,,9.35161,839,183752,1.33245,246,0,5.66667,,0.1,34,0,0.1,10,50,0,2.00885,31,,2250,2175,,0,0,0,6.61765
1613698540354,6,1010123456024,73,,1,0,18,1,2,,11.6807,855,183410,1.6613,244,0,6.83333,,0,0,0,0,0,0,0,0,0,,2250,2181,,0,0,0,0
1613698540604,6,1010123456024,73,,1,0,18,1,2,,9.59342,851,183204,1.31395,243,0,6.16667,,0,0,0,0,0,0,0,0,0,,2250,2136,,0,0,0,0
1613698540854,6,1010123456024,73,,1,0,18,1,2,,8.74594,862,183629,1.27654,246,0,5.66667,,0,0,0,0,0,0,0,0,0,,2250,2145,,0,0,0,0
1613698541104,6,1010123456024,73,,1,0,18,1,2,,7.91707,832,184534,1.12435,240,0,5.14286,,0.1,99,0,0.1,27,66.6667,0,0.824625,31,,2250,2106,,0,0,0,7.39394
1613698541354,6,1010123456024,73,,1,0,18,1,2,,8.71902,815,183053,1.14675,232,0,6.16667,,0,0,0,0,0,0,0,0,0,,2259,2061,,0,0,0,0
1613698541604,6,1010123456024,73,,1,0,18,1,2,,11.4671,867,183769,1.69478,248,0,6.66667,,0,0,0,0,0,0,0,0,0,,2241,2175,,0,0,0,0
1613698541854,6,1010123456024,73,,1,0,18,1,2,,10.1625,843,183680,1.39139,242,0,6.33333,,0,0,0,0,0,0,0,0,0,,2250,2175,,0,0,0,0
1613698542104,6,1010123456024,73,,1,0,18,1,2,,10.5983,839,183398,1.48546,242,0,6.42857,,0.1,48,0,0.1,15,13.3333,0,1.40056,31,,2250,2142,,0,0,0,3.4375
1613698542354,6,1010123456024,73,,1,0,18,1,2,,8.86845,859,183656,1.26224,245,0,5.66667,,0,0,0,0,0,0,0,0,0,,2250,2244,,0,0,0,0
1613698542604,6,1010123456024,73,,1,0,18,1,2,,11.1101,863,184279,1.53309,247,0,6.6,,0,0,0,0,0,0,0,0,0,,2250,2142,,0,0,0,0
1613698542854,6,1010123456024,73,,1,0,18,1,2,,11.6014,863,184063,1.6399,247,0,6.83333,,0,0,0,0,0,0,0,0,0,,2250,2190,,0,0,0,0
1613698543104,6,1010123456024,73,,1,0,18,1,2,,11.9916,834,183260,1.71619,243,0,7,,3.23077,39,0,0.1,12,66.6667,0,4.61425,31,,2259,2205,,0,0,0,7.10256
1613698543354,6,1010123456024,73,,1,0,18,1,2,,9.5348,862,183688,1.36655,246,0,5.83333,,0,0,0,0,0,0,0,0,0,,2250,2139,,0,0,0,0
1613698543604,6,1010123456024,73,,1,0,18,1,2,,6.85369,827,184216,0.894361,237,0,4.83333,,0,0,0,0,0,0,0,0,0,,2241,1956,,0,0,0,0
1613698543854,6,1010123456024,73,,1,0,18,1,2,,11.2842,869,183904,1.60768,247,0,6.66667,,0,0,0,0,0,0,0,0,0,,2241,2193,,0,0,0,0
1613698544104,6,1010123456024,73,,1,0,18,1,2,,10.9468,846,183269,1.56198,243,0,6.71429,,2.71698,53,0,0.1,16,75,0,2.92897,31,,2250,2193,,0,0,0,7.90566
1613698544354,6,1010123456024,73,,1,0,18,1,2,,10.2343,858,183360,1.45741,245,0,6.33333,,0,0,0,0,0,0,0,0,0,,2250,2190,,0,0,0,0
1613698544604,6,1010123456024,73,,1,0,18,1,2,,11.6283,861,182884,1.65629,247,0,6.83333,,0,0,0,0,0,0,0,0,0,,2250,2196,,0,0,0,0
1613698544854,6,1010123456024,73,,1,0,18,1,2,,7.85628,828,183933,1.0663,236,0,5.33333,,0,0,0,0,0,0,0,0,0,,2250,1986,,0,0,0,0
1613698545104,6,1010123456024,73,,1,0,18,1,2,,12.2387,838,184352,1.94195,241,0,7.14286,,6.34483,58,0,0.1,16,75,0,3.15325,31,,2250,2163,,0,0,0,8.18966
1613698545354,6,1010123456024,73,,1,0,18,1,2,,9.92453,848,183260,1.34864,242,0,6.16667,,0,0,0,0,0,0,0,0,0,,2250,2094,,0,0,0,0
1613698545604,6,1010123456024,73,,1,0,18,1,2,,11.1979,864,183977,1.58762,247,0,6.6,,0,0,0,0,0,0,0,0,0,,2250,2154,,0,0,0,0
1613698545854,6,1010123456024,73,,1,0,18,1,2,,10.507,860,183263,1.46954,246,0,6.5,,0,0,0,0,0,0,0,0,0,,2250,2142,,0,0,0,0
1613698546104,6,1010123456024,73,,1,0,18,1,2,,13.5774,859,183485,2.18352,247,0,7.57143,,0.1,68,0,0.1,20,35,0,3.81611,31,,2250,2154,,0,0,0,4.33824
1613698546354,6,1010123456024,73,,1,0,18,1,2,,11.2465,856,183493,1.63309,246,0,6.5,,0,0,0,0,0,0,0,0,0,,2250,2196,,0,0,0,0
1613698546604,6,1010123456024,73,,1,0,18,1,2,,9.75485,824,183919,1.23878,235,0,6.33333,,0,0,0,0,0,0,0,0,0,,2250,2031,,0,0,0,0
1613698546854,6,1010123456024,73,,1,0,18,1,2,,11.5209,862,183061,1.60784,247,0,6.83333,,0,0,0,0,0,0,0,0,0,,2250,2163,,0,0,0,0
1613698547104,6,1010123456024,73,,1,0,18,1,2,,11.1477,853,184053,1.5713,245,0,6.71429,,0.1,62,0,0.1,18,16.6667,0,4.02813,31,,2250,2178,,0,0,0,2.64516
1613698547354,6,1010123456024,73,,1,0,18,1,2,,11.4917,848,181909,1.53822,243,0,7.5,,0,0,0,0,0,0,0,0,0,,2250,2097,,0,0,0,0
1613698547604,6,1010123456024,73,,1,0,18,1,2,,14.3475,849,183761,2.44224,244,0,6.4,,0,0,0,0,0,0,0,0,0,,2250,2088,,0,0,0,0
1613698547854,6,1010123456024,73,,1,0,18,1,2,,10.4099,866,183440,1.4912,248,0,6.33333,,0,0,0,0,0,0,0,0,0,,2250,2166,,0,0,0,0
1613698548104,6,1010123456024,73,,1,0,18,1,2,,9.47694,824,184400,1.45376,237,0,6.28571,,5.5814,43,0,0.1,12,66.6667,0,3.83407,31,,2250,2049,,0,0,0,7.27907
1613698548354,6,1010123456024,73,,1,0,18,1,2,,10.5733,860,183142,1.56394,247,0,6,,0,0,0,0,0,0,0,0,0,,2250,2214,,0,0,0,0
1613698548604,6,1010123456024,73,,1,0,18,1,2,,10.4936,861,183920,1.48835,248,0,6.5,,0,0,0,0,0,0,0,0,0,,2250,2136,,0,0,0,0
1613698548854,6,1010123456024,73,,1,0,18,1,2,,10.0094,852,183284,1.39552,243,0,6.33333,,0,0,0,0,0,0,0,0,0,,2250,2190,,0,0,0,0
1613698549104,6,1010123456024,73,,1,0,18,1,2,,10.9076,844,183316,1.51929,242,0,6.57143,,0.1,43,0,0.1,12,33.3333,0,3.14208,31,,2250,2169,,0,0,0,3.97674
1613698549354,6,1010123456024,73,,1,0,18,1,2,,7.99055,847,182892,1.10122,243,0,5.33333,,0,0,0,0,0,0,0,0,0,,2250,2097,,0,0,0,0
1613698549604,6,1010123456024,73,,1,0,18,1,2,,10.8496,858,184468,1.58307,246,0,6.66667,,0,0,0,0,0,0,0,0,0,,2250,2214,,0,0,0,0
1613698549854,6,1010123456024,73,,1,0,18,1,2,,10.9642,867,184405,1.55469,248,0,6.33333,,0,0,0,0,0,0,0,0,0,,2250,2220,,0,0,0,0
1613698550104,6,1010123456024,73,,1,0,18,1,2,,12.2479,851,183384,1.82281,249,0,7.14286,,14.8989,89,0,0.177992,29,82.7586,0,4.16625,31,,2250,2175,,0,0,0,8.49813
1613698550354,6,1010123456024,73,,1,0,18,1,2,,11.6184,870,184016,1.68292,249,0,6.66667,,0,0,0,0,0,0,0,0,0,,2250,2202,,0,0,0,0
1613698550604,6,1010123456024,73,,1,0,18,1,2,,11.2274,853,184254,1.59373,245,0,6.66667,,0,0,0,0,0,0,0,0,0,,2241,2199,,0,0,0,0
1613698550854,6,1010123456024,73,,1,0,18,1,2,,11.7605,856,183158,1.67637,245,0,7,,0,0,0,0,0,0,0,0,0,,2250,2190,,0,0,0,0
1613698551104,6,1010123456024,73,,1,0,18,1,2,,10.2663,845,183328,1.46688,246,0,6.28571,,0.1,31,0,0.1,9,11.1111,0,1.42421,31,,2250,2208,,0,0,0,3.45161
1613698551354,6,1010123456024,73,,1,0,18,1,2,,9.49645,846,183416,1.30246,242,0,6,,0,0,0,0,0,0,0,0,0,,2250,2142,,0,0,0,0
1613698551604,6,1010123456024,73,,1,0,18,1,2,,11.7075,865,183056,1.65664,248,0,6.83333,,0,0,0,0,0,0,0,0,0,,2250,2166,,0,0,0,0
1613698551854,6,1010123456024,73,,1,0,18,1,2,,10.7866,853,183160,1.54461,244,0,6.5,,0,0,0,0,0,0,0,0,0,,2250,2202,,0,0,0,0
1613698552104,6,1010123456024,73,,1,0,18,1,2,,10.595,842,184222,1.49773,245,0,6.42857,,7.86957,46,0,0.1,13,61.5385,0,5.4026,31,,2250,2148,,0,0,0,6.47826
1613698552354,6,1010123456024,73,,1,0,18,1,2,,9.13653,857,182960,1.28634,244,0,6,,0,0,0,0,0,0,0,0,0,,2250,2202,,0,0,0,0
1613698552604,6,1010123456024,73,,1,0,18,1,2,,10.8898,862,183571,1.53899,247,0,6.5,,0,0,0,0,0,0,0,0,0,,2250,2190,,0,0,0,0
1613698552854,6,1010123456024,73,,1,0,18,1,2,,12.525,859,184445,1.98051,246,0,7.33333,,0,0,0,0,0,0,0,0,0,,2250,2190,,0,0,0,0
1613698553104,6,1010123456024,73,,1,0,18,1,2,,6.07257,813,183387,0.91955,238,0,4.57143,,4.42553,47,0,0.1,15,40,0,6.90283,31,,2250,2112,,0,0,0,5.31915
1613698553354,6,1010123456024,73,,1,0,18,1,2,,10.226,863,183909,1.46275,247,0,6.33333,,0,0,0,0,0,0,0,0,0,,2250,2244,,0,0,0,0
1613698553604,6,1010123456024,73,,1,0,18,1,2,,7.69067,847,183338,1.15769,243,0,4.2,,0,0,0,0,0,0,0,0,0,,2250,2139,,0,0,0,0
1613698553854,6,1010123456024,73,,1,0,18,1,2,,11.6705,862,183810,1.67882,247,0,7.16667,,0,0,0,0,0,0,0,0,0,,2250,2196,,0,0,0,0
1613698554104,6,1010123456024,73,,1,0,18,1,2,,6.97974,839,183536,0.99824,242,0,5,,6.31579,38,0,0.1,12,50,0,4.66819,31,,2250,2010,,0,0,0,5.73684
1613698554354,6,1010123456024,73,,1,0,18,1,2,,8.25909,853,184103,1.12285,243,0,6,,0,0,0,0,0,0,0,0,0,,2250,2109,,0,0,0,0
1613698554604,6,1010123456024,73,,1,0,18,1,2,,10.7629,856,183362,1.49376,245,0,6.5,,0,0,0,0,0,0,0,0,0,,2250,2106,,0,0,0,0
1613698554854,6,1010123456024,73,,1,0,18,1,2,,7.23329,853,183029,1.00771,243,0,5,,0,0,0,0,0,0,0,0,0,,2250,2148,,0,0,0,0
1613698555104,6,1010123456024,73,,1,0,18,1,2,,10.3298,861,183339,1.48755,248,0,6.42857,,0.1,31,0,0.1,9,33.3333,0,1.15969,31,,2250,2208,,0,0,0,4.16129
1613698555354,6,1010123456024,73,,1,0,18,1,2,,11.9411,866,184224,1.74733,248,0,7,,0,0,0,0,0,0,0,0,0,,2250,2226,,0,0,0,0
1613698555604,6,1010123456024,73,,1,0,18,1,2,,10.294,857,183316,1.44989,245,0,6.16667,,0,0,0,0,0,0,0,0,0,,2250,2166,,0,0,0,0
1613698555854,6,1010123456024,73,,1,0,18,1,2,,11.6732,869,183363,1.68051,248,0,6.83333,,0,0,0,0,0,0,0,0,0,,2250,2220,,0,0,0,0
1613698556104,6,1010123456024,73,,1,0,18,1,2,,11.6555,868,183310,1.74845,249,0,6.85714,,0.1,31,0,0.1,9,22.2222,0,4.5299,31,,2250,2214,,0,0,0,3.16129
1613698556354,6,1010123456024,73,,1,0,18,1,2,,11.2056,856,183462,1.54487,244,0,6.8,,0,0,0,0,0,0,0,0,0,,2250,2127,,0,0,0,0
1613698556604,6,1010123456024,73,,1,0,18,1,2,,10.84,875,184307,1.53619,250,0,6.33333,,0,0,0,0,0,0,0,0,0,,2250,2172,,0,0,0,0
1613698556854,6,1010123456024,73,,1,0,18,1,2,,9.17718,824,183561,1.18707,236,0,5.83333,,0,0,0,0,0,0,0,0,0,,2250,2019,,0,0,0,0
1613698557104,6,1010123456024,73,,1,0,18,1,2,,11.3691,867,183947,1.63312,249,0,6.71429,,11.3684,19,0,0.1,6,66.6667,0,12.4822,31,,2250,2202,,0,0,0,6.68421
1613698557354,6,1010123456024,73,,1,0,18,1,2,,8.80884,837,183637,1.23708,240,0,5.5,,0,0,0,0,0,0,0,0,0,,2250,2076,,0,0,0,0
1613698557604,6,1010123456024,73,,1,0,18,1,2,,7.14865,814,183933,0.902304,232,0,5.33333,,0,0,0,0,0,0,0,0,0,,2250,1935,,0,0,0,0
1613698557854,6,1010123456024,73,,1,0,18,1,2,,8.28047,845,183937,1.15661,242,0,5.5,,0,0,0,0,0,0,0,0,0,,2250,2100,,0,0,0,0
1613698558104,6,1010123456024,73,,1,0,18,1,2,,11.6047,850,181820,1.54525,245,0,7.85714,,0.1,43,0,0.1,13,38.4615,0,2.70838,31,,2250,2169,,0,0,0,5.72093
1613698558354,6,1010123456024,73,,1,0,18,1,2,,11.32,847,184553,1.96589,242,0,5.83333,,0,0,0,0,0,0,0,0,0,,2250,2154,,0,0,0,0
1613698558604,6,1010123456024,73,,1,0,18,1,2,,10.6475,871,184058,1.52682,249,0,6.5,,0,0,0,0,0,0,0,0,0,,2250,2166,,0,0,0,0
1613698558854,6,1010123456024,73,,1,0,18,1,2,,10.2633,862,184297,1.48112,247,0,6.16667,,0,0,0,0,0,0,0,0,0,,2250,2184,,0,0,0,0
1613698559104,6,1010123456024,73,,1,0,18,1,2,,9.68705,834,184312,1.30022,241,0,6.28571,,6.78788,33,0,0.1,9,44.4444,0,3.28762,31,,2250,2088,,0,0,0,5.36364
1613698559354,6,1010123456024,73,,1,0,18,1,2,,9.02265,839,184299,1.22182,239,0,5.66667,,0,0,0,0,0,0,0,0,0,,2250,2139,,0,0,0,0
1613698559604,6,1010123456024,73,,1,0,18,1,2,,8.13018,845,183355,1.11885,241,0,5.5,,0,0,0,0,0,0,0,0,0,,2250,2082,,0,0,0,0
1613698559854,6,1010123456024,73,,1,0,18,1,2,,11.191,864,184491,1.5993,248,0,6.66667,,0,0,0,0,0,0,0,0,0,,2250,2208,,0,0,0,0
1613698560104,6,1010123456024,73,,1,0,18,1,2,,11.6921,851,183392,1.67034,246,0,7.14286,,10.5172,58,0,0.1,17,64.7059,0,8.80381,31,,2250,2199,,0,0,0,7.05172
1613698560354,6,1010123456024,73,,1,0,18,1,2,,12.3586,856,183073,1.79843,245,0,6.83333,,0,0,0,0,0,0,0,0,0,,2250,2217,,0,0,0,0
1613698560604,6,1010123456024,73,,1,0,18,1,2,,11.5029,867,184483,1.64954,248,0,6.66667,,0,0,0,0,0,0,0,0,0,,2259,2217,,0,0,0,0
1613698560854,6,1010123456024,73,,1,0,18,1,2,,11.6617,869,183690,1.67643,249,0,6.8,,0,0,0,0,0,0,0,0,0,,2241,2169,,0,0,0,0
1613698561104,6,1010123456024,73,,1,0,18,1,2,,10.4255,846,182948,1.44784,246,0,6.42857,,15,13,0,0,4,100,0,1.72331,0,,2250,2136,,0,0,0,10
1613698561354,6,1010123456024,73,,1,0,18,1,2,,10.4306,864,184519,1.49414,247,0,6.33333,,0.1,7,0,0.1,2,0,0,1.01735,31,,2250,2202,,0,0,0,1.42857
1613698561604,6,1010123456024,73,,1,0,18,1,2,,14.2687,867,184180,2.34637,248,0,8,,0,0,0,0,0,0,0,0,0,,2250,2208,,0,0,0,0
1613698561854,6,1010123456024,73,,1,0,18,1,2,,11.8957,863,183717,1.74371,247,0,7,,0,0,0,0,0,0,0,0,0,,2250,2226,,0,0,0,0
1613698562104,6,1010123456024,73,,1,0,18,1,2,,9.16469,844,183814,1.3089,244,0,5.57143,,3.91304,46,0,0.1,13,38.4615,0,3.38554,31,,2250,2124,,0,0,0,4.52174
1613698562354,6,1010123456024,73,,1,0,18,1,2,,6.68154,829,184161,0.939808,237,0,5.33333,,0,0,0,0,0,0,0,0,0,,2250,2109,,0,0,0,0
1613698562604,6,1010123456024,73,,1,0,18,1,2,,10.5731,862,183994,1.43555,244,0,6.66667,,0,0,0,0,0,0,0,0,0,,2250,2130,,0,0,0,0
1613698562854,6,1010123456024,73,,1,0,18,1,2,,10.5082,850,183293,1.43978,244,0,6.5,,0,0,0,0,0,0,0,0,0,,2250,2070,,0,0,0,0
1613698563104,6,1010123456024,73,,1,0,18,1,2,,12.8291,860,183212,1.95427,246,0,7.42857,,4.36364,33,0,0.1,10,40,0,6.75713,31,,2250,2166,,0,0,0,4.27273
1613698563354,6,1010123456024,73,,1,0,18,1,2,,11.5427,866,183374,1.70794,249,0,6.66667,,0,0,0,0,0,0,0,0,0,,2250,2208,,0,0,0,0
1613698563604,6,1010123456024,73,,1,0,18,1,2,,11.3957,844,184405,1.78989,241,0,7,,0,0,0,0,0,0,0,0,0,,2250,2085,,0,0,0,0
1613698563854,6,1010123456024,73,,1,0,18,1,2,,9.18282,815,183837,1.18464,232,0,6,,0,0,0,0,0,0,0,0,0,,2250,2019,,0,0,0,0
1613698564104,6,1010123456024,73,,1,0,18,1,2,,8.9872,859,183597,1.27695,248,0,6,,0.1,29,0,0.1,8,12.5,0,1.54709,31,,2250,2181,,0,0,0,2.51724
1613698564354,6,1010123456024,73,,1,0,18,1,2,,11.5158,855,182880,1.75505,244,0,6.83333,,0,0,0,0,0,0,0,0,0,,2250,2202,,0,0,0,0
1613698564604,6,1010123456024,73,,1,0,18,1,2,,10.597,861,184639,1.50798,246,0,6.33333,,0,0,0,0,0,0,0,0,0,,2250,2160,,0,0,0,0
1613698564854,6,1010123456024,73,,1,0,18,1,2,,10.9365,851,184117,1.56456,243,0,6.66667,,0,0,0,0,0,0,0,0,0,,2250,2190,,0,0,0,0
1613698565104,6,1010123456024,73,,1,0,18,1,2,,12.5491,845,183382,1.8667,247,0,7.14286,,14.1538,39,0,0.1,12,66.6667,0,8.59752,31,,2250,2211,,0,0,0,6.76923
1613698565354,6,1010123456024,73,,1,0,18,1,2,,11.5264,870,184510,1.65194,249,0,6.66667,,0,0,0,0,0,0,0,0,0,,2250,2190,,0,0,0,0
1613698565604,6,1010123456024,73,,1,0,18,1,2,,10.7108,861,184090,1.5096,246,0,6.5,,0,0,0,0,0,0,0,0,0,,2250,2178,,0,0,0,0
1613698565854,6,1010123456024,73,,1,0,18,1,2,,11.0117,858,183863,1.69952,246,0,6.16667,,0,0,0,0,0,0,0,0,0,,2250,2196,,0,0,0,0
1613698566104,6,1010123456024,73,,1,0,18,1,2,,10.8471,857,184237,1.7664,246,0,6.85714,,0.1,20,0,0.1,6,0,0,6.20732,31,,2250,2148,,0,0,0,1.15
1613698566354,6,1010123456024,73,,1,0,18,1,2,,10.1862,854,183253,1.39149,245,0,6.2,,0,0,0,0,0,0,0,0,0,,2250,2133,,0,0,0,0
1613698566604,6,1010123456024,73,,1,0,18,1,2,,8.95784,854,183702,1.30249,244,0,5.5,,0,0,0,0,0,0,0,0,0,,2250,2148,,0,0,0,0
1613698566854,6,1010123456024,73,,1,0,18,1,2,,7.13002,846,183431,1.02631,242,0,5.16667,,0,0,0,0,0,0,0,0,0,,2250,2118,,0,0,0,0
1613698567104,6,1010123456024,73,,1,0,18,1,2,,8.62185,833,184288,1.16976,239,0,5.57143,,0.1,49,0,0.1,13,76.9231,0,0.636516,31,,2250,2043,,0,0,0,8.40816
1613698567354,6,1010123456024,73,,1,0,18,1,2,,11.324,858,183224,1.66794,246,0,7,,0,0,0,0,0,0,0,0,0,,2250,2220,,0,0,0,0
1613698567604,6,1010123456024,73,,1,0,18,1,2,,10.2806,859,182858,1.46819,247,0,6.33333,,0,0,0,0,0,0,0,0,0,,2250,2208,,0,0,0,0
1613698567854,6,1010123456024,73,,1,0,18,1,2,,11.8202,862,183216,1.66275,245,0,7,,0,0,0,0,0,0,0,0,0,,2250,2166,,0,0,0,0
1613698568104,6,1010123456024,73,,1,0,18,1,2,,9.82656,836,183828,1.3775,243,0,6.14286,,0.1,39,0,0.1,11,27.2727,0,3.03617,31,,2250,2142,,0,0,0,3.79487
1613698568354,6,1010123456024,73,,1,0,18,1,2,,10.2585,855,183619,1.43414,245,0,6.33333,,0,0,0,0,0,0,0,0,0,,2250,2223,,0,0,0,0
1613698568604,6,1010123456024,73,,1,0,18,1,2,,8.00949,843,183933,1.18202,242,0,5,,0,0,0,0,0,0,0,0,0,,2250,2169,,0,0,0,0
1613698568854,6,1010123456024,73,,1,0,18,1,2,,9.5608,847,183467,1.33162,242,0,6.16667,,0,0,0,0,0,0,0,0,0,,2250,2124,,0,0,0,0
1613698569104,6,1010123456024,73,,1,0,18,1,2,,8.85882,850,184021,1.25645,244,0,5.85714,,3.49091,55,0,0.1,15,80,0,2.0039,31,,2250,2184,,0,0,0,8.2
1613698569354,6,1010123456024,73,,1,0,18,1,2,,11.2859,871,184058,1.58794,249,0,6.66667,,0,0,0,0,0,0,0,0,0,,2250,2172,,0,0,0,0
1613698569604,6,1010123456024,73,,1,0,18,1,2,,11.1209,860,183561,1.53456,245,0,6.5,,0,0,0,0,0,0,0,0,0,,2250,2136,,0,0,0,0
1613698569854,6,1010123456024,73,,1,0,18,1,2,,11.4776,871,183378,1.63453,249,0,6.83333,,0,0,0,0,0,0,0,0,0,,2250,2205,,0,0,0,0
1613698570104,6,1010123456024,73,,1,0,18,1,2,,8.9416,839,183254,1.24749,240,0,6,,4.8,30,0,0.1,9,44.4444,0,6.17734,31,,2241,2112,,0,0,0,4.7
1613698570354,6,1010123456024,73,,1,0,18,1,2,,11.1898,864,183193,1.61507,248,0,6.5,,0,0,0,0,0,0,0,0,0,,2250,2172,,0,0,0,0
1613698570604,6,1010123456024,73,,1,0,18,1,2,,10.162,864,183396,1.45178,247,0,6.33333,,0,0,0,0,0,0,0,0,0,,2250,2208,,0,0,0,0
1613698570854,6,1010123456024,73,,1,0,18,1,2,,9.56858,853,184307,1.3607,244,0,6,,0,0,0,0,0,0,0,0,0,,2250,2136,,0,0,0,0
1613698571104,6,1010123456024,73,,1,0,18,1,2,,9.38405,815,183976,1.24707,235,0,6.4,,5.21739,46,0,0.1,13,61.5385,0,6.92592,31,,2250,2112,,0,0,0,6.93478
1613698571354,6,1010123456024,73,,1,0,18,1,2,,12.5112,847,184064,1.99491,244,0,7.16667,,0,0,0,0,0,0,0,0,0,,2250,2094,,0,0,0,0
1613698571604,6,1010123456024,73,,1,0,18,1,2,,8.10489,858,184628,1.12302,244,0,5.83333,,0,0,0,0,0,0,0,0,0,,2250,2172,,0,0,0,0
1613698571854,6,1010123456024,73,,1,0,18,1,2,,11.6062,866,183613,1.68605,247,0,6.83333,,0,0,0,0,0,0,0,0,0,,2259,2229,,0,0,0,0
1613698572104,6,1010123456024,73,,1,0,18,1,2,,9.64706,833,183492,1.31239,239,0,6.28571,,15,16,0,0,4,100,0,2.33123,0,,2241,2061,,0,0,0,10
1613698572354,6,1010123456024,73,,1,0,18,1,2,,11.1225,849,183506,1.58522,244,0,6.33333,,0.1,7,0,0.1,2,0,0,0.900932,31,,2250,2172,,0,0,0,1
1613698572604,6,1010123456024,73,,1,0,18,1,2,,9.89231,845,184593,1.33517,242,0,6.2,,0,0,0,0,0,0,0,0,0,,2250,2124,,0,0,0,0
1613698572854,6,1010123456024,73,,1,0,18,1,2,,8.68978,851,183368,1.15565,243,0,5.6,,0,0,0,0,0,0,0,0,0,,2250,2103,,0,0,0,0
1613698573104,6,1010123456024,73,,1,0,18,1,2,,11.0024,822,184029,1.47446,238,0,6.71429,,3.42857,42,0,0.1,12,66.6667,0,4.85731,31,,2250,2091,,0,0,0,6.78571
1613698573354,6,1010123456024,73,,1,0,18,1,2,,9.39394,858,183413,1.33328,245,0,6,,0,0,0,0,0,0,0,0,0,,2250,2166,,0,0,0,0
1613698573604,6,1010123456024,73,,1,0,18,1,2,,11.0035,859,183486,1.55643,245,0,6.66667,,0,0,0,0,0,0,0,0,0,,2250,2148,,0,0,0,0
1613698573854,6,1010123456024,73,,1,0,18,1,2,,7.13504,822,184192,1.01989,237,0,5,,0,0,0,0,0,0,0,0,0,,2250,2013,,0,0,0,0
1613698574104,6,1010123456024,73,,1,0,18,1,2,,6.97172,778,184225,0.853888,222,0,5.14286,,0,0,0,0,0,0,0,0,0,,2250,1806,,0,0,0,0
1613698574354,6,1010123456024,73,,1,0,18,1,2,,11.9053,866,184281,1.68704,248,0,7,,6.32258,31,0,0.1,9,44.4444,0,6.22087,31,,2250,2154,,0,0,0,5.06452
1613698574604,6,1010123456024,73,,1,0,18,1,2,,9.82695,861,183389,1.452,246,0,5.66667,,0,0,0,0,0,0,0,0,0,,2250,2193,,0,0,0,0
1613698574854,6,1010123456024,73,,1,0,18,1,2,,11.8817,862,183640,1.72298,247,0,7,,0,0,0,0,0,0,0,0,0,,2250,2214,,0,0,0,0
1613698575104,6,1010123456024,73,,1,0,18,1,2,,12.4241,863,183277,1.78717,247,0,7.14286,,0.1,37,0,0.1,11,27.2727,0,1.2312,31,,2250,2166,,0,0,0,4.10811
1613698575354,6,1010123456024,73,,1,0,18,1,2,,10.617,859,183861,1.48317,245,0,6.4,,0,0,0,0,0,0,0,0,0,,2250,2157,,0,0,0,0
1613698575604,6,1010123456024,73,,1,0,18,1,2,,10.89,864,184409,1.623,247,0,6.33333,,0,0,0,0,0,0,0,0,0,,2250,2214,,0,0,0,0
1613698575854,6,1010123456024,73,,1,0,18,1,2,,11.3533,852,184243,1.58109,244,0,6.83333,,0,0,0,0,0,0,0,0,0,,2250,2133,,0,0,0,0
1613698576104,6,1010123456024,73,,1,0,18,1,2,,11.5575,843,183910,1.63891,246,0,6.85714,,15.0417,72,0,0.1,23,86.9565,0,3.47044,31,,2250,2199,,0,0,0,8.875
1613698576354,6,1010123456024,73,,1,0,18,1,2,,10.9965,866,184444,1.53622,247,0,6.5,,0,0,0,0,0,0,0,0,0,,2250,2178,,0,0,0,0
1613698576604,6,1010123456024,73,,1,0,18,1,2,,10.786,855,183672,1.49619,244,0,6.33333,,0,0,0,0,0,0,0,0,0,,2250,2166,,0,0,0,0
1613698576854,6,1010123456024,73,,1,0,18,1,2,,10.8899,863,183207,1.54867,246,0,6.66667,,0,0,0,0,0,0,0,0,0,,2250,2196,,0,0,0,0
1613698577104,6,1010123456024,73,,1,0,18,1,2,,11.6005,856,184315,1.66227,248,0,6.71429,,4.97778,45,0,0.1,12,66.6667,0,3.41833,31,,2250,2202,,0,0,0,7.4
1613698577354,6,1010123456024,73,,1,0,18,1,2,,9.98843,864,184145,1.4104,247,0,6.33333,,0,0,0,0,0,0,0,0,0,,2250,2169,,0,0,0,0
1613698577604,6,1010123456024,73,,1,0,18,1,2,,11.6518,873,182922,1.65523,250,0,6.83333,,0,0,0,0,0,0,0,0,0,,2250,2130,,0,0,0,0
1613698577854,6,1010123456024,73,,1,0,18,1,2,,9,835,184201,1.22147,239,0,5.83333,,0,0,0,0,0,0,0,0,0,,2250,2133,,0,0,0,0
1613698578104,6,1010123456024,73,,1,0,18,1,2,,13.4422,830,183128,2.22422,241,0,7.57143,,0.1,52,0,0.1,14,57.1429,0,3.03533,31,,2250,2148,,0,0,0,6.5
1613698578354,6,1010123456024,73,,1,0,18,1,2,,11.6824,869,184077,1.70461,249,0,6.83333,,0,0,0,0,0,0,0,0,0,,2250,2232,,0,0,0,0
1613698578604,6,1010123456024,73,,1,0,18,1,2,,9.31807,852,177844,1.34202,243,0,6.5,,0,0,0,0,0,0,0,0,0,,2250,2088,,0,0,0,0
1613698578854,6,1010123456024,73,,1,0,18,1,2,,8.23178,837,184456,1.32989,238,0,5,,0,0,0,0,0,0,0,0,0,,2250,2085,,0,0,0,0
1613698579104,6,1010123456024,73,,1,0,18,1,2,,3.69359,718,183826,0.46928,208,0,3.85714,,0.1,48,0,0.1,12,66.6667,0,0.593353,31,,2250,1674,,0,0,0,7.16667
1613698579354,6,1010123456024,73,,1,0,18,1,2,,9.85664,858,183653,1.35571,245,0,6.16667,,0,0,0,0,0,0,0,0,0,,2250,2190,,0,0,0,0
1613698579604,6,1010123456024,73,,1,0,18,1,2,,11.2327,868,183866,1.58842,248,0,6.66667,,0,0,0,0,0,0,0,0,0,,2250,2184,,0,0,0,0
1613698579854,6,1010123456024,73,,1,0,18,1,2,,5.44556,799,183450,0.769216,230,0,4,,0,0,0,0,0,0,0,0,0,,2250,1791,,0,0,0,0
1613698580104,6,1010123456024,73,,1,0,18,1,2,,8.12753,839,184061,1.09293,240,0,5.71429,,0.1,31,0,0.1,10,30,0,2.62957,31,,2250,2100,,0,0,0,4.06452
1613698580354,6,1010123456024,73,,1,0,18,1,2,,9.09651,860,183833,1.28346,246,0,5.66667,,0,0,0,0,0,0,0,0,0,,2250,2130,,0,0,0,0
1613698580604,6,1010123456024,73,,1,0,18,1,2,,12.0254,867,183034,1.72781,248,0,7.16667,,0,0,0,0,0,0,0,0,0,,2250,2190,,0,0,0,0
1613698580854,6,1010123456024,73,,1,0,18,1,2,,9.85177,850,183087,1.47072,244,0,6.16667,,0,0,0,0,0,0,0,0,0,,2250,2238,,0,0,0,0
1613698581104,6,1010123456024,73,,1,0,18,1,2,,10.9883,852,183394,1.59345,246,0,6.71429,,5.83333,72,0,0.1,21,71.4286,0,2.91405,31,,2250,2208,,0,0,0,7.375
1613698581354,6,1010123456024,73,,1,0,18,1,2,,11.8512,860,183724,1.68482,246,0,7,,0,0,0,0,0,0,0,0,0,,2250,2169,,0,0,0,0
1613698581604,6,1010123456024,73,,1,0,18,1,2,,11.2569,872,183453,1.63565,250,0,6.66667,,0,0,0,0,0,0,0,0,0,,2250,2166,,0,0,0,0
1613698581854,6,1010123456024,73,,1,0,18,1,2,,10.9446,867,183346,1.53398,247,0,6.66667,,0,0,0,0,0,0,0,0,0,,2250,2178,,0,0,0,0
1613698582104,6,1010123456024,73,,1,0,18,1,2,,5.50313,799,184429,0.774688,231,0,4.42857,,4.65455,55,0,0.1,16,37.5,0,7.38172,31,,2250,1998,,0,0,0,4.96364
1613698582354,6,1010123456024,73,,1,0,18,1,2,,11.3005,872,184093,1.60816,249,0,6.5,,0,0,0,0,0,0,0,0,0,,2250,2196,,0,0,0,0
1613698582604,6,1010123456024,73,,1,0,18,1,2,,11.296,865,184580,1.57299,248,0,6.66667,,0,0,0,0,0,0,0,0,0,,2250,2166,,0,0,0,0
1613698582854,6,1010123456024,73,,1,0,18,1,2,,11.8976,859,183083,1.7369,246,0,7,,0,0,0,0,0,0,0,0,0,,2250,2238,,0,0,0,0
1613698583104,6,1010123456024,73,,1,0,18,1,2,,10.9025,841,183743,1.54106,244,0,6.42857,,0.1,42,0,0.1,13,15.3846,0,4.52573,31,,2250,2202,,0,0,0,3.2381
1613698583354,6,1010123456024,73,,1,0,18,1,2,,11.3121,862,184195,1.5712,246,0,6.83333,,0,0,0,0,0,0,0,0,0,,2250,2157,,0,0,0,0
1613698583604,6,1010123456024,73,,1,0,18,1,2,,10.8308,869,184041,1.51654,248,0,6.33333,,0,0,0,0,0,0,0,0,0,,2250,2190,,0,0,0,0
1613698583854,6,1010123456024,73,,1,0,18,1,2,,10.3907,860,184151,1.45482,247,0,6.33333,,0,0,0,0,0,0,0,0,0,,2250,2154,,0,0,0,0
1613698584104,6,1010123456024,73,,1,0,18,1,2,,9.89392,839,183043,1.35091,243,0,6.33333,,15,15,0,0,4,100,0,1.25329,0,,2250,2133,,0,0,0,10
1613698584354,6,1010123456024,73,,1,0,18,1,2,,10.1737,852,183556,1.44064,243,0,6.16667,,5.05263,19,0,0.1,5,60,0,4.45617,31,,2250,2196,,0,0,0,7.10526
1613698584604,6,1010123456024,73,,1,0,18,1,2,,9.39834,841,183413,1.27875,241,0,6,,0,0,0,0,0,0,0,0,0,,2250,2088,,0,0,0,0
1613698584854,6,1010123456024,73,,1,0,18,1,2,,8.11888,858,184097,1.16502,246,0,5,,0,0,0,0,0,0,0,0,0,,2250,2163,,0,0,0,0
1613698585104,6,1010123456024,73,,1,0,18,1,2,,10.8125,848,183960,1.54051,247,0,6,,0.1,27,0,0.1,8,0,0,4.37939,31,,2250,2172,,0,0,0,2.33333
1613698585354,6,1010123456024,73,,1,0,18,1,2,,10.2396,864,184393,1.41622,247,0,6.66667,,0,0,0,0,0,0,0,0,0,,2250,2166,,0,0,0,0
1613698585604,6,1010123456024,73,,1,0,18,1,2,,11.8919,860,183916,1.75206,246,0,7,,0,0,0,0,0,0,0,0,0,,2250,2226,,0,0,0,0
1613698585854,6,1010123456024,73,,1,0,18,1,2,,12.0407,861,183673,1.71962,246,0,7,,0,0,0,0,0,0,0,0,0,,2250,2190,,0,0,0,0
1613698586104,6,1010123456024,73,,1,0,18,1,2,,13.0347,835,183462,2.21949,241,0,7.28571,,5.67568,37,0,0.1,11,45.4545,0,5.468,31,,2250,2145,,0,0,0,5.13514
1613698586354,6,1010123456024,73,,1,0,18,1,2,,11.5341,850,183616,1.59062,243,0,6.8,,0,0,0,0,0,0,0,0,0,,2250,2148,,0,0,0,0
1613698586604,6,1010123456024,73,,1,0,18,1,2,,11.5817,863,184155,1.71107,249,0,6.5,,0,0,0,0,0,0,0,0,0,,2250,2142,,0,0,0,0
1613698586854,6,1010123456024,73,,1,0,18,1,2,,10.1777,872,183660,1.39405,248,0,6.33333,,0,0,0,0,0,0,0,0,0,,2250,2166,,0,0,0,0
1613698587104,6,1010123456024,73,,1,0,18,1,2,,10.0535,860,183800,1.48605,246,0,6.42857,,0.1,38,0,0.1,10,10,0,5.30789,31,,2250,2199,,0,0,0,2.05263
1613698587354,6,1010123456024,73,,1,0,18,1,2,,12.1577,869,184172,1.82458,248,0,7,,0,0,0,0,0,0,0,0,0,,2250,2238,,0,0,0,0
1613698587604,6,1010123456024,73,,1,0,18,1,2,,12.2362,834,184577,1.73734,240,0,7.25,,0,0,0,0,0,0,0,0,0,,2250,2163,,0,0,0,0
1613698587854,6,1010123456024,73,,1,0,18,1,2,,10.118,856,183565,1.37485,241,0,6.16667,,0,0,0,0,0,0,0,0,0,,2250,2133,,0,0,0,0
1613698588104,6,1010123456024,73,,1,0,18,1,2,,11.4742,814,184403,1.71514,243,0,6.85714,,15.3333,96,0,0.1,31,90.3226,0,2.79604,31,,2250,2169,,0,0,0,9.15625
1613698588354,6,1010123456024,73,,1,0,18,1,2,,9.14591,843,183468,1.19914,241,0,5.83333,,0,0,0,0,0,0,0,0,0,,2250,2052,,0,0,0,0
1613698588604,6,1010123456024,73,,1,0,18,1,2,,9.86082,855,183792,1.37174,245,0,6,,0,0,0,0,0,0,0,0,0,,2250,2154,,0,0,0,0
1613698588854,6,1010123456024,73,,1,0,18,1,2,,10.5558,869,183867,1.44733,248,0,6.33333,,0,0,0,0,0,0,0,0,0,,2250,2154,,0,0,0,0
1613698589104,6,1010123456024,73,,1,0,18,1,2,,10.359,844,184322,1.4679,245,0,6.14286,,3.67925,53,0,0.1,15,40,0,5.61813,31,,2250,2154,,0,0,0,4.96226
1613698589354,6,1010123456024,73,,1,0,18,1,2,,10.6419,863,184026,1.4967,245,0,6.66667,,0,0,0,0,0,0,0,0,0,,2250,2208,,0,0,0,0
1613698589604,6,1010123456024,73,,1,0,18,1,2,,11.0988,860,182942,1.61379,245,0,6.5,,0,0,0,0,0,0,0,0,0,,2250,2190,,0,0,0,0
1613698589854,6,1010123456024,73,,1,0,18,1,2,,10.927,849,183527,1.53245,244,0,6.83333,,0,0,0,0,0,0,0,0,0,,2250,2166,,0,0,0,0
1613698590104,6,1010123456024,73,,1,0,18,1,2,,10.7096,847,183275,1.49206,243,0,6.42857,,6.21429,42,0,0.1,13,30.7692,0,9.33275,31,,2250,2133,,0,0,0,4.2381
1613698590354,6,1010123456024,73,,1,0,18,1,2,,10.7229,866,183516,1.56048,248,0,6.33333,,0,0,0,0,0,0,0,0,0,,2250,2220,,0,0,0,0
1613698590604,6,1010123456024,73,,1,0,18,1,2,,11.6198,847,176795,1.70464,243,0,7.5,,0,0,0,0,0,0,0,0,0,,2250,2142,,0,0,0,0
1613698590854,6,1010123456024,73,,1,0,18,1,2,,12.4807,853,183762,2.00771,245,0,6.8,,0,0,0,0,0,0,0,0,0,,2250,2034,,0,0,0,0
1613698591104,6,1010123456024,73,,1,0,18,1,2,,9.3023,827,183683,1.2906,242,0,6,,10.8235,85,0,0.127518,27,70.3704,0,5.26718,31,,2250,2115,,0,0,0,7.08235
1613698591354,6,1010123456024,73,,1,0,18,1,2,,11.3986,858,184162,1.57213,245,0,6.83333,,0,0,0,0,0,0,0,0,0,,2250,2157,,0,0,0,0
1613698591604,6,1010123456024,73,,1,0,18,1,2,,11.7193,848,183516,1.62143,243,0,7,,0,0,0,0,0,0,0,0,0,,2250,2121,,0,0,0,0
1613698591854,6,1010123456024,73,,1,0,18,1,2,,13.9229,856,184003,2.31526,245,0,7.83333,,0,0,0,0,0,0,0,0,0,,2250,2118,,0,0,0,0
1613698592104,6,1010123456024,73,,1,0,18,1,2,,12.7325,841,184376,1.92218,244,0,7.14286,,7.24444,90,0,0.12845,25,52,0,7.70506,31,,2250,2202,,0,0,0,6.14444
1613698592354,6,1010123456024,73,,1,0,18,1,2,,9.03972,856,184095,1.24771,245,0,5.83333,,0,0,0,0,0,0,0,0,0,,2250,2094,,0,0,0,0
1613698592604,6,1010123456024,73,,1,0,18,1,2,,9.76771,861,183883,1.35958,246,0,6.16667,,0,0,0,0,0,0,0,0,0,,2250,2160,,0,0,0,0
1613698592854,6,1010123456024,73,,1,0,18,1,2,,10.3855,869,183314,1.47709,249,0,6.33333,,0,0,0,0,0,0,0,0,0,,2250,2172,,0,0,0,0
1613698593104,6,1010123456024,73,,1,0,18,1,2,,10.5836,843,183971,1.5055,245,0,6.33333,,0.762712,59,0,0.1,17,11.7647,0,4.78299,31,,2250,2178,,0,0,0,2.33898
1613698593354,6,1010123456024,73,,1,0,18,1,2,,11.2298,866,183291,1.55558,248,0,6.66667,,0,0,0,0,0,0,0,0,0,,2250,2178,,0,0,0,0
1613698593604,6,1010123456024,73,,1,0,18,1,2,,9.6619,840,183240,1.4055,243,0,5.83333,,0,0,0,0,0,0,0,0,0,,2250,2154,,0,0,0,0
1613698593854,6,1010123456024,73,,1,0,18,1,2,,10.007,855,184365,1.39974,243,0,6.33333,,0,0,0,0,0,0,0,0,0,,2250,2184,,0,0,0,0
1613698594104,6,1010123456024,73,,1,0,18,1,2,,11.2627,845,183412,1.61462,247,0,6.57143,,0.1,26,0,0.1,8,12.5,0,4.31455,31,,2250,2208,,0,0,0,3.26923
1613698594354,6,1010123456024,73,,1,0,18,1,2,,10.1141,859,184474,1.42083,245,0,6.33333,,0,0,0,0,0,0,0,0,0,,2250,2187,,0,0,0,0
1613698594604,6,1010123456024,73,,1,0,18,1,2,,11.4496,863,183340,1.66255,247,0,6.66667,,0,0,0,0,0,0,0,0,0,,2250,2214,,0,0,0,0
1613698594854,6,1010123456024,73,,1,0,18,1,2,,8.90253,831,183332,1.20186,237,0,5.66667,,0,0,0,0,0,0,0,0,0,,2250,2085,,0,0,0,0
1613698595104,6,1010123456024,73,,1,0,18,1,2,,11.1793,831,182917,1.53548,243,0,6.71429,,0.1,63,0,0.1,19,36.8421,0,2.93918,31,,2250,2178,,0,0,0,4.4127
1613698595354,6,1010123456024,73,,1,0,18,1,2,,11.6164,842,183176,1.58678,241,0,6.8,,0,0,0,0,0,0,0,0,0,,2250,2112,,0,0,0,0
1613698595604,6,1010123456024,73,,1,0,18,1,2,,11.4983,871,183393,1.69642,249,0,6.66667,,0,0,0,0,0,0,0,0,0,,2250,2238,,0,0,0,0
1613698595854,6,1010123456024,73,,1,0,18,1,2,,10.3653,854,184178,1.45533,245,0,6.33333,,0,0,0,0,0,0,0,0,0,,2250,2166,,0,0,0,0
1613698596104,6,1010123456024,73,,1,0,18,1,2,,10.6579,833,183704,1.49354,243,0,6.5,,0.1,28,0,0.1,8,0,0,3.95623,31,,2250,2202,,0,0,0,1.96429
1613698596354,6,1010123456024,73,,1,0,18,1,2,,9.90139,862,184137,1.36355,247,0,5.8,,0,0,0,0,0,0,0,0,0,,2250,2121,,0,0,0,0
1613698596604,6,1010123456024,73,,1,0,18,1,2,,7.39529,850,182869,1.0223,243,0,5.16667,,0,0,0,0,0,0,0,0,0,,2250,2154,,0,0,0,0
1613698596854,6,1010123456024,73,,1,0,18,1,2,,10.6798,865,183324,1.53571,247,0,6.5,,0,0,0,0,0,0,0,0,0,,2250,2202,,0,0,0,0
1613698597104,6,1010123456024,73,,1,0,18,1,2,,13.594,840,184021,2.15955,242,0,7.28571,,0.1,43,0,0.1,12,33.3333,0,3.07893,31,,2250,2127,,0,0,0,3.93023
1613698597354,6,1010123456024,73,,1,0,18,1,2,,8.76932,841,183077,1.20307,239,0,5.83333,,0,0,0,0,0,0,0,0,0,,2250,2154,,0,0,0,0
1613698597604,6,1010123456024,73,,1,0,18,1,2,,11.129,853,183279,1.5631,244,0,6.83333,,0,0,0,0,0,0,0,0,0,,2250,2202,,0,0,0,0
1613698597854,6,1010123456024,73,,1,0,18,1,2,,8.61348,846,183226,1.22794,243,0,5.66667,,0,0,0,0,0,0,0,0,0,,2250,2046,,0,0,0,0
1613698598104,6,1010123456024,73,,1,0,18,1,2,,3.20639,751,183855,0.361664,216,0,3.85714,,11.1579,19,0,0.1,6,66.6667,0,12.8491,31,,2250,1605,,0,0,0,6.68421
1613698598354,6,1010123456024,73,,1,0,18,1,2,,9.75412,850,184528,1.36349,245,0,6.5,,0,0,0,0,0,0,0,0,0,,2250,2190,,0,0,0,0
1613698598604,6,1010123456024,73,,1,0,18,1,2,,11.5263,857,183781,1.84678,244,0,6.83333,,0,0,0,0,0,0,0,0,0,,2250,2148,,0,0,0,0
1613698598854,6,1010123456024,73,,1,0,18,1,2,,10.0742,849,183187,1.4439,243,0,6.16667,,0,0,0,0,0,0,0,0,0,,2250,2088,,0,0,0,0
1613698599104,6,1010123456024,73,,1,0,18,1,2,,9.97532,851,183324,1.40762,244,0,6.28571,,11.2727,22,0,0.1,6,66.6667,0,9.86931,31,,2250,2160,,0,0,0,7.54545
1613698599354,6,1010123456024,73,,1,0,18,1,2,,11.148,858,184570,1.5799,246,0,6.5,,0,0,0,0,0,0,0,0,0,,2250,2145,,0,0,0,0
1613698599604,6,1010123456024,73,,1,0,18,1,2,,8.16451,851,183548,1.15757,243,0,5.66667,,0,0,0,0,0,0,0,0,0,,2250,2172,,0,0,0,0
1613698599854,6,1010123456024,73,,1,0,18,1,2,,3.43634,809,184517,0.48272,232,0,3.33333,,0,0,0,0,0,0,0,0,0,,2250,1584,,0,0,0,0
1613698600104,6,1010123456024,73,,1,0,18,1,2,,2.1263,768,183721,0.328032,221,0,2.57143,,0.1,14,0,0,4,100,0,0.268169,0,,2250,1611,,0,0,0,10
1613698600354,6,1010123456024,73,,1,0,18,1,2,,8.09976,812,182462,1.02109,233,0,6.33333,,0.1,26,0,0.1,7,0,0,1.71572,31,,2250,2004,,0,0,0,1.42308
1613698600604,6,1010123456024,73,,1,0,18,1,2,,13.4901,859,175277,2.05363,246,0,7.66667,,0,0,0,0,0,0,0,0,0,,2250,2160,,0,0,0,0
1613698600854,6,1010123456024,73,,1,0,18,1,2,,14.8867,856,184377,2.6465,245,0,7.83333,,0,0,0,0,0,0,0,0,0,,2250,2190,,0,0,0,0
1613698601104,6,1010123456024,73,,1,0,18,1,2,,9.66097,820,183943,1.30394,237,0,6.14286,,4.46512,43,0,0.1,12,66.6667,0,3.85973,31,,2250,2046,,0,0,0,7.16279
1613698601354,6,1010123456024,73,,1,0,18,1,2,,7.26496,819,183028,0.928928,235,0,5,,0,0,0,0,0,0,0,0,0,,2250,1950,,0,0,0,0
1613698601604,6,1010123456024,73,,1,0,18,1,2,,11.9168,865,183558,1.70346,247,0,7.16667,,0,0,0,0,0,0,0,0,0,,2250,2175,,0,0,0,0
1613698601854,6,1010123456024,73,,1,0,18,1,2,,10.3876,854,183774,1.45414,244,0,6.16667,,0,0,0,0,0,0,0,0,0,,2250,2133,,0,0,0,0
1613698602104,6,1010123456024,73,,1,0,18,1,2,,9.45701,849,183977,1.35837,245,0,5.71429,,3.29032,31,0,0.1,9,0,0,15.0168,31,,2250,2106,,0,0,0,1.90323
1613698602354,6,1010123456024,73,,1,0,18,1,2,,10.1538,871,183361,1.38736,248,0,6.5,,0,0,0,0,0,0,0,0,0,,2250,2184,,0,0,0,0
1613698602604,6,1010123456024,73,,1,0,18,1,2,,10.597,861,183844,1.51712,247,0,6.16667,,0,0,0,0,0,0,0,0,0,,2250,2196,,0,0,0,0
1613698602854,6,1010123456024,73,,1,0,18,1,2,,8.49527,846,183506,1.14611,242,0,5.66667,,0,0,0,0,0,0,0,0,0,,2250,2094,,0,0,0,0
1613698603104,6,1010123456024,73,,1,0,18,1,2,,9.01907,839,184208,1.21658,241,0,5.33333,,5.97778,45,0,0.1,12,66.6667,0,3.85124,31,,2250,2085,,0,0,0,7.73333
1613698603354,6,1010123456024,73,,1,0,18,1,2,,12.6325,849,182966,1.92998,242,0,8.2,,0,0,0,0,0,0,0,0,0,,2250,2046,,0,0,0,0
1613698603604,6,1010123456024,73,,1,0,18,1,2,,11.6562,858,183274,1.62093,246,0,7,,0,0,0,0,0,0,0,0,0,,2250,2151,,0,0,0,0
1613698603854,6,1010123456024,73,,1,0,18,1,2,,10.041,853,182902,1.3867,243,0,6.16667,,0,0,0,0,0,0,0,0,0,,2250,2154,,0,0,0,0
1613698604104,6,1010123456024,73,,1,0,18,1,2,,6.93457,810,183384,0.998715,238,0,5.28571,,0.1,17,0,0.1,5,0,0,8.25459,31,,2250,2121,,0,0,0,1
1613698604354,6,1010123456024,73,,1,0,18,1,2,,10.6353,861,183859,1.52579,246,0,6.33333,,0,0,0,0,0,0,0,0,0,,2250,2211,,0,0,0,0
1613698604604,6,1010123456024,73,,1,0,18,1,2,,7.97232,831,183881,1.0745,240,0,5.33333,,0,0,0,0,0,0,0,0,0,,2250,2022,,0,0,0,0
1613698604854,6,1010123456024,73,,1,0,18,1,2,,10.4613,865,183669,1.42448,246,0,6.33333,,0,0,0,0,0,0,0,0,0,,2250,2190,,0,0,0,0
1613698605104,6,1010123456024,73,,1,0,18,1,2,,9.32692,832,183357,1.30358,240,0,6,,3.64912,57,0,0.1,16,50,0,1.96764,31,,2250,2133,,0,0,0,5.80702
1613698605354,6,1010123456024,73,,1,0,18,1,2,,11.42,862,183424,1.62122,245,0,6.83333,,0,0,0,0,0,0,0,0,0,,2250,2232,,0,0,0,0
1613698605604,6,1010123456024,73,,1,0,18,1,2,,8.38434,843,184056,1.19946,242,0,5.33333,,0,0,0,0,0,0,0,0,0,,2250,2112,,0,0,0,0
1613698605854,6,1010123456024,73,,1,0,18,1,2,,11.6686,860,183896,1.63811,245,0,7.16667,,0,0,0,0,0,0,0,0,0,,2250,2184,,0,0,0,0
1613698606104,6,1010123456024,73,,1,0,18,1,2,,10.1599,832,182887,1.41587,243,0,6.28571,,15.3412,85,0,0.125792,28,85.7143,0,4.96674,31,,2250,2139,,0,0,0,8.41177
1613698606354,6,1010123456024,73,,1,0,18,1,2,,10.9481,867,184523,1.55014,248,0,6.5,,0,0,0,0,0,0,0,0,0,,2250,2175,,0,0,0,0
1613698606604,6,1010123456024,73,,1,0,18,1,2,,9.86293,839,183496,1.53786,240,0,5.66667,,0,0,0,0,0,0,0,0,0,,2250,2097,,0,0,0,0
1613698606854,6,1010123456024,73,,1,0,18,1,2,,11.2056,861,183196,1.64627,246,0,7,,0,0,0,0,0,0,0,0,0,,2250,2175,,0,0,0,0
1613698607104,6,1010123456024,73,,1,0,18,1,2,,10.0505,852,184472,1.43594,245,0,6.14286,,0.1,30,0,0.1,9,11.1111,0,1.50479,31,,2250,2172,,0,0,0,3.43333
1613698607354,6,1010123456024,73,,1,0,18,1,2,,5.74774,773,184316,0.700128,222,0,4.33333,,0,0,0,0,0,0,0,0,0,,2250,1725,,0,0,0,0
1613698607604,6,1010123456024,73,,1,0,18,1,2,,8.32391,849,183997,1.16986,241,0,5.83333,,0,0,0,0,0,0,0,0,0,,2250,2124,,0,0,0,0
1613698607854,6,1010123456024,73,,1,0,18,1,2,,12.7424,858,183908,2.0512,246,0,7.6,,0,0,0,0,0,0,0,0,0,,2250,2172,,0,0,0,0
1613698608104,6,1010123456024,73,,1,0,18,1,2,,9.93832,843,182813,1.37728,246,0,7.14286,,0.1,46,0,0.1,14,50,0,2.70069,31,,2250,2214,,0,0,0,5.93478
1613698608354,6,1010123456024,73,,1,0,18,1,2,,13.4623,861,184201,2.25459,246,0,6.66667,,0,0,0,0,0,0,0,0,0,,2250,2178,,0,0,0,0
1613698608604,6,1010123456024,73,,1,0,18,1,2,,13.289,858,184296,2.28029,245,0,7.5,,0,0,0,0,0,0,0,0,0,,2250,2178,,0,0,0,0
1613698608854,6,1010123456024,73,,1,0,18,1,2,,11.281,840,174419,1.71091,240,0,7.8,,0,0,0,0,0,0,0,0,0,,2250,2142,,0,0,0,0
1613698609104,6,1010123456024,73,,1,0,18,1,2,,7.02014,844,183731,1.13885,241,0,5,,15,16,0,0,4,100,0,1.08183,0,,2250,1980,,0,0,0,10
1613698609354,6,1010123456024,73,,1,0,18,1,2,,8.66548,843,183314,1.24064,241,0,5.83333,,0,6,0,0.1,2,0,0,0,31,,2250,2202,,0,0,0,0
1613698609604,6,1010123456024,73,,1,0,18,1,2,,10.3424,847,184331,1.41712,242,0,6.33333,,0,0,0,0,0,0,0,0,0,,2250,2151,,0,0,0,0
1613698609854,6,1010123456024,73,,1,0,18,1,2,,10.5944,863,183269,1.5103,247,0,6.5,,0,0,0,0,0,0,0,0,0,,2250,2160,,0,0,0,0
1613698610104,6,1010123456024,73,,1,0,18,1,2,,8.40573,838,182883,1.18253,244,0,5.71429,,7.44348,115,0,0.174688,36,77.7778,0,3.19621,31,,2250,2148,,0,0,0,8.03768
1613698610354,6,1010123456024,73,,1,0,18,1,2,,5.1205,805,183827,0.703904,229,0,3.83333,,0,0,0,0,0,0,0,0,0,,2250,1896,,0,0,0,0
1613698610604,6,1010123456024,73,,1,0,18,1,2,,8.46246,839,183534,1.11642,240,0,5.83333,,0,0,0,0,0,0,0,0,0,,2250,2019,,0,0,0,0
1613698610854,6,1010123456024,73,,1,0,18,1,2,,10.6413,853,183804,1.51501,245,0,6.5,,0,0,0,0,0,0,0,0,0,,2250,2166,,0,0,0,0
1613698611104,6,1010123456024,73,,1,0,18,1,2,,11.4007,856,184198,1.61066,247,0,6.85714,,4.09302,43,0,0.1,13,30.7692,0,3.69834,31,,2250,2163,,0,0,0,3.65116
1613698611354,6,1010123456024,73,,1,0,18,1,2,,11.2071,869,183942,1.61264,249,0,6.66667,,0,0,0,0,0,0,0,0,0,,2250,2190,,0,0,0,0
1613698611604,6,1010123456024,73,,1,0,18,1,2,,10.9307,866,182817,1.50162,248,0,6.5,,0,0,0,0,0,0,0,0,0,,2250,2136,,0,0,0,0
1613698611854,6,1010123456024,73,,1,0,18,1,2,,11.2966,863,183410,1.57693,245,0,6.66667,,0,0,0,0,0,0,0,0,0,,2250,2166,,0,0,0,0
1613698612104,6,1010123456024,73,,1,0,18,1,2,,13.5307,848,178678,2.15302,246,0,7.71429,,0.1,41,0,0.1,12,33.3333,0,2.83207,31,,2250,2142,,0,0,0,4.56098
1613698612354,6,1010123456024,73,,1,0,18,1,2,,10.0386,855,183841,1.42966,244,0,6.33333,,0,0,0,0,0,0,0,0,0,,2250,2163,,0,0,0,0
1613698612604,6,1010123456024,73,,1,0,18,1,2,,11.286,867,184313,1.64633,248,0,6.5,,0,0,0,0,0,0,0,0,0,,2250,2238,,0,0,0,0
1613698612854,6,1010123456024,73,,1,0,18,1,2,,14.3066,861,183851,2.34988,246,0,8.4,,0,0,0,0,0,0,0,0,0,,2250,2157,,0,0,0,0
1613698613104,6,1010123456024,73,,1,0,18,1,2,,11.6159,854,183592,1.66394,246,0,6.85714,,5.64706,34,0,0.1,9,44.4444,0,4.9082,31,,2250,2196,,0,0,0,5.23529
1613698613354,6,1010123456024,73,,1,0,18,1,2,,11.5189,848,184526,1.87402,243,0,6.83333,,0,0,0,0,0,0,0,0,0,,2250,2124,,0,0,0,0
1613698613604,6,1010123456024,73,,1,0,18,1,2,,14.2384,860,183530,2.45738,245,0,8,,0,0,0,0,0,0,0,0,0,,2250,2238,,0,0,0,0
1613698613854,6,1010123456024,73,,1,0,18,1,2,,10.5259,869,183316,1.49946,248,0,6.5,,0,0,0,0,0,0,0,0,0,,2250,2190,,0,0,0,0
1613698614104,6,1010123456024,73,,1,0,18,1,2,,8.81995,822,183371,1.2664,242,0,5.14286,,9.70149,67,0,0.110208,20,55,0,5.5279,31,,2250,2118,,0,0,0,6.67164
1613698614354,6,1010123456024,73,,1,0,18,1,2,,7.44103,814,183035,0.976544,233,0,5.83333,,0,0,0,0,0,0,0,0,0,,2250,2055,,0,0,0,0
1613698614604,6,1010123456024,73,,1,0,18,1,2,,8.03855,830,184151,1.04995,238,0,5.33333,,0,0,0,0,0,0,0,0,0,,2250,1971,,0,0,0,0
1613698614854,6,1010123456024,73,,1,0,18,1,2,,10.565,862,184533,1.52477,247,0,6.33333,,0,0,0,0,0,0,0,0,0,,2250,2184,,0,0,0,0
1613698615104,6,1010123456024,73,,1,0,18,1,2,,9.79089,856,183312,1.32861,244,0,6.28571,,0.1,28,0,0.1,8,0,0,1.53275,31,,2250,2154,,0,0,0,2.10714
1613698615354,6,1010123456024,73,,1,0,18,1,2,,10.4771,853,183204,1.54365,244,0,6,,0,0,0,0,0,0,0,0,0,,2250,2181,,0,0,0,0
1613698615604,6,1010123456024,73,,1,0,18,1,2,,10.5216,855,182812,1.53002,245,0,6.33333,,0,0,0,0,0,0,0,0,0,,2250,2214,,0,0,0,0
1613698615854,6,1010123456024,73,,1,0,18,1,2,,9.57425,862,183095,1.35792,247,0,5.83333,,0,0,0,0,0,0,0,0,0,,2250,2214,,0,0,0,0
1613698616104,6,1010123456024,73,,1,0,18,1,2,,10.0377,849,183717,1.39754,246,0,6.14286,,11.619,21,0,0.1,6,66.6667,0,12.0422,31,,2250,2178,,0,0,0,7
1613698616354,6,1010123456024,73,,1,0,18,1,2,,9.71678,858,183551,1.3136,244,0,6.16667,,0,0,0,0,0,0,0,0,0,,2250,2109,,0,0,0,0
1613698616604,6,1010123456024,73,,1,0,18,1,2,,9.69519,853,183244,1.40867,244,0,6,,0,0,0,0,0,0,0,0,0,,2250,2154,,0,0,0,0
1613698616854,6,1010123456024,73,,1,0,18,1,2,,12.4403,838,184049,1.90893,240,0,7.6,,0,0,0,0,0,0,0,0,0,,2250,2043,,0,0,0,0
1613698617104,6,1010123456024,73,,1,0,18,1,2,,8.60121,830,183578,1.19408,239,0,5.85714,,4.8,40,0,0.1,11,54.5455,0,3.32987,31,,2250,2094,,0,0,0,6.45
1613698617354,6,1010123456024,73,,1,0,18,1,2,,5.9025,800,184459,0.813237,229,0,4.16667,,0,0,0,0,0,0,0,0,0,,2250,1815,,0,0,0,0
1613698617604,6,1010123456024,73,,1,0,18,1,2,,10.055,854,183718,1.43606,245,0,6.16667,,0,0,0,0,0,0,0,0,0,,2250,2238,,0,0,0,0
1613698617854,6,1010123456024,73,,1,0,18,1,2,,10.6998,856,183798,1.48614,246,0,6.5,,0,0,0,0,0,0,0,0,0,,2250,2190,,0,0,0,0
1613698618104,6,1010123456024,73,,1,0,18,1,2,,13.9573,819,183851,2.24016,239,0,7.83333,,4.92308,78,0,0.1,22,50,0,4.33812,31,,2250,2106,,0,0,0,6.02564
1613698618354,6,1010123456024,73,,1,0,18,1,2,,10.2735,852,183104,1.42096,243,0,6.5,,0,0,0,0,0,0,0,0,0,,2250,2154,,0,0,0,0
1613698618604,6,1010123456024,73,,1,0,18,1,2,,10.4671,867,184053,1.49709,248,0,6.33333,,0,0,0,0,0,0,0,0,0,,2250,2142,,0,0,0,0
1613698618854,6,1010123456024,73,,1,0,18,1,2,,11.0163,859,184296,1.51942,246,0,6.5,,0,0,0,0,0,0,0,0,0,,2250,2196,,0,0,0,0
1613698619104,6,1010123456024,73,,1,0,18,1,2,,12.695,859,183456,1.93651,246,0,7.28571,,11.3684,19,0,0.1,6,66.6667,0,12.5158,31,,2250,2232,,0,0,0,6.68421
1613698619354,6,1010123456024,73,,1,0,18,1,2,,10.3919,865,182933,1.53795,247,0,6,,0,0,0,0,0,0,0,0,0,,2250,2232,,0,0,0,0
1613698619604,6,1010123456024,73,,1,0,18,1,2,,10.3062,836,183263,1.45333,239,0,6.33333,,0,0,0,0,0,0,0,0,0,,2250,2037,,0,0,0,0
1613698619854,6,1010123456024,73,,1,0,18,1,2,,9.99183,857,183270,1.45091,244,0,5.6,,0,0,0,0,0,0,0,0,0,,2250,2208,,0,0,0,0
1613698620104,6,1010123456024,73,,1,0,18,1,2,,8.9082,817,183595,1.22698,235,0,6,,0.1,82,0,0.1,26,53.8462,0,1.00152,31,,2250,2121,,0,0,0,6.5122
1613698620354,6,1010123456024,73,,1,0,18,1,2,,10.956,864,183522,1.54345,246,0,6.66667,,0,0,0,0,0,0,0,0,0,,2250,2154,,0,0,0,0
1613698620604,6,1010123456024,73,,1,0,18,1,2,,10.2575,862,184430,1.44765,247,0,6.16667,,0,0,0,0,0,0,0,0,0,,2250,2163,,0,0,0,0
1613698620854,6,1010123456024,73,,1,0,18,1,2,,9.78687,868,183441,1.45891,249,0,6.16667,,0,0,0,0,0,0,0,0,0,,2250,2235,,0,0,0,0
1613698621104,6,1010123456024,73,,1,0,18,1,2,,10.0314,829,183876,1.3896,242,0,6.14286,,14.6667,90,0,0.175744,29,82.7586,0,5.04464,31,,2250,2133,,0,0,0,8.2963
1613698621354,6,1010123456024,73,,1,0,18,1,2,,9.52093,860,183597,1.36013,246,0,6.16667,,0,0,0,0,0,0,0,0,0,,2250,2178,,0,0,0,0
1613698621604,6,1010123456024,73,,1,0,18,1,2,,11.1608,858,179666,1.67491,247,0,7,,0,0,0,0,0,0,0,0,0,,2250,2160,,0,0,0,0
1613698621854,6,1010123456024,73,,1,0,18,1,2,,11.306,843,183340,1.74842,241,0,6.33333,,0,0,0,0,0,0,0,0,0,,2250,2094,,0,0,0,0
1613698622104,6,1010123456024,73,,1,0,18,1,2,,12.1694,850,183144,1.7919,244,0,7,,0.1,70,0,0.1,21,38.0952,0,2.33392,31,,2250,2154,,0,0,0,4.37143
1613698622354,6,1010123456024,73,,1,0,18,1,2,,10.2393,861,183371,1.44458,246,0,6.4,,0,0,0,0,0,0,0,0,0,,2250,2202,,0,0,0,0
1613698622604,6,1010123456024,73,,1,0,18,1,2,,11.3586,845,183250,1.5553,241,0,6.6,,0,0,0,0,0,0,0,0,0,,2250,2151,,0,0,0,0
1613698622854,6,1010123456024,73,,1,0,18,1,2,,14.7683,863,183894,2.53802,247,0,8.16667,,0,0,0,0,0,0,0,0,0,,2250,2214,,0,0,0,0
1613698623104,6,1010123456024,73,,1,0,18,1,2,,11.2735,852,183189,1.58179,245,0,6.57143,,0.1,63,0,0.1,18,22.2222,0,4.43158,31,,2250,2190,,0,0,0,3.09524
1613698623354,6,1010123456024,73,,1,0,18,1,2,,13.4523,860,183736,2.12157,247,0,7.66667,,0,0,0,0,0,0,0,0,0,,2250,2211,,0,0,0,0
1613698623604,6,1010123456024,73,,1,0,18,1,2,,11.1292,867,183697,1.59885,248,0,6.5,,0,0,0,0,0,0,0,0,0,,2250,2232,,0,0,0,0
1613698623854,6,1010123456024,73,,1,0,18,1,2,,11.1123,864,183536,1.55645,247,0,6.5,,0,0,0,0,0,0,0,0,0,,2250,2178,,0,0,0,0
1613698624104,6,1010123456024,73,,1,0,18,1,2,,8.79469,828,184238,1.17949,237,0,5.71429,,2.3871,31,0,0.1,9,11.1111,0,7.14365,31,,2250,2067,,0,0,0,1.96774
1613698624354,6,1010123456024,73,,1,0,18,1,2,,9.49453,823,183599,1.32173,235,0,6.16667,,0,0,0,0,0,0,0,0,0,,2250,2025,,0,0,0,0
1613698624604,6,1010123456024,73,,1,0,18,1,2,,11.4151,860,184176,1.70742,246,0,6.66667,,0,0,0,0,0,0,0,0,0,,2250,2214,,0,0,0,0
1613698624854,6,1010123456024,73,,1,0,18,1,2,,10.3474,855,184195,1.48819,245,0,6.33333,,0,0,0,0,0,0,0,0,0,,2250,2172,,0,0,0,0
1613698625104,6,1010123456024,73,,1,0,18,1,2,,13.0152,854,176696,2.16275,245,0,7.42857,,0,12,0,0,4,100,0,0,0,,2250,2190,,0,0,0,0
1613698625354,6,1010123456024,73,,1,0,18,1,2,,11.6613,862,183673,1.67232,246,0,7,,2.85714,7,0,0.1,2,0,0,5.93407,31,,2250,2184,,0,0,0,2.71429
1613698625604,6,1010123456024,73,,1,0,18,1,2,,10.9779,861,183956,1.58592,246,0,6.66667,,0,0,0,0,0,0,0,0,0,,2250,2196,,0,0,0,0
1613698625854,6,1010123456024,73,,1,0,18,1,2,,7.17055,815,183039,0.979488,233,0,5.16667,,0,0,0,0,0,0,0,0,0,,2250,1986,,0,0,0,0
1613698626104,6,1010123456024,73,,1,0,18,1,2,,9.61191,840,184308,1.28125,241,0,6.14286,,0,12,0,0,4,100,0,0,0,,2250,2082,,0,0,0,0
1613698626354,6,1010123456024,73,,1,0,18,1,2,,10.5736,856,184446,1.51085,246,0,6.2,,0.1,16,0,0,4,100,0,0.979864,0,,2250,2196,,0,0,0,10
1613698626604,6,1010123456024,73,,1,0,18,1,2,,9.83939,853,183089,1.39443,243,0,6.33333,,0,0,0,0,0,0,0,0,0,,2250,2172,,0,0,0,0
1613698626854,6,1010123456024,73,,1,0,18,1,2,,9.44024,845,184192,1.28989,242,0,6,,0.1,55,0,0.1,15,73.3333,0,0.85643,31,,2250,2088,,0,0,0,7.83636
1613698627104,6,1010123456024,73,,1,0,18,1,2,,6.20192,832,183728,0.952288,243,0,4.71429,,3.2,45,0,0.1,13,69.2308,0,2.15453,31,,2250,2148,,0,0,0,7.46667
1613698627354,6,1010123456024,73,,1,0,18,1,2,,8.94626,856,183703,1.22143,245,0,6,,0,0,0,0,0,0,0,0,0,,2250,2070,,0,0,0,0
1613698627604,6,1010123456024,73,,1,0,18,1,2,,10.0878,866,184094,1.41776,248,0,6.4,,0,0,0,0,0,0,0,0,0,,2250,2184,,0,0,0,0
1613698627854,6,1010123456024,73,,1,0,18,1,2,,11.4807,855,183250,1.62384,245,0,6.83333,,0,0,0,0,0,0,0,0,0,,2250,2178,,0,0,0,0
1613698628104,6,1010123456024,73,,1,0,18,1,2,,7.05993,801,183140,0.938368,233,0,5,,0.1,12,0,0,4,100,0,0.1,0,,2250,1959,,0,0,0,10
1613698628354,6,1010123456024,73,,1,0,18,1,2,,10.0236,849,183105,1.34752,243,0,6.5,,0.1,33,0,0.1,9,22.2222,0,4.54551,31,,2250,2136,,0,0,0,3.27273
1613698628604,6,1010123456024,73,,1,0,18,1,2,,12.2816,863,175365,1.85798,247,0,7.83333,,0,0,0,0,0,0,0,0,0,,2250,2166,,0,0,0,0
1613698628854,6,1010123456024,73,,1,0,18,1,2,,12.1837,871,183977,2.03801,249,0,6.66667,,0,0,0,0,0,0,0,0,0,,2241,2157,,0,0,0,0
1613698629104,6,1010123456024,73,,1,0,18,1,2,,10.441,839,183506,1.42659,240,0,6.42857,,2.18605,43,0,0.1,13,15.3846,0,7.03663,31,,2250,2130,,0,0,0,3.65116
1613698629354,6,1010123456024,73,,1,0,18,1,2,,11.4279,867,183999,1.64275,248,0,6.66667,,0,0,0,0,0,0,0,0,0,,2250,2184,,0,0,0,0
1613698629604,6,1010123456024,73,,1,0,18,1,2,,12.4097,847,182962,1.94266,242,0,7.16667,,0,0,0,0,0,0,0,0,0,,2250,2178,,0,0,0,0
1613698629854,6,1010123456024,73,,1,0,18,1,2,,10.562,847,184250,1.45264,243,0,6.25,,0,0,0,0,0,0,0,0,0,,2250,2121,,0,0,0,0
1613698630104,6,1010123456024,73,,1,0,18,1,2,,11.3837,860,183543,1.62943,246,0,6.71429,,4.8,30,0,0.1,9,44.4444,0,6.55574,31,,2250,2220,,0,0,0,4.6
1613698630354,6,1010123456024,73,,1,0,18,1,2,,11.0116,859,183934,1.56269,246,0,6.33333,,0,0,0,0,0,0,0,0,0,,2250,2166,,0,0,0,0
1613698630604,6,1010123456024,73,,1,0,18,1,2,,10.7578,867,184178,1.52854,248,0,6.66667,,0,0,0,0,0,0,0,0,0,,2250,2196,,0,0,0,0
1613698630854,6,1010123456024,73,,1,0,18,1,2,,8.74148,851,184175,1.24736,244,0,5.66667,,0,0,0,0,0,0,0,0,0,,2250,2145,,0,0,0,0
1613698631104,6,1010123456024,73,,1,0,18,1,2,,11.6027,808,183139,1.69802,233,0,6.85714,,3.09524,63,0,0.1,18,88.8889,0,1.77762,31,,2250,2046,,0,0,0,9.19048
1613698631354,6,1010123456024,73,,1,0,18,1,2,,9.02238,849,183943,1.25153,242,0,5.83333,,0,0,0,0,0,0,0,0,0,,2250,2127,,0,0,0,0
1613698631604,6,1010123456024,73,,1,0,18,1,2,,13.1876,858,179915,1.95235,247,0,7.83333,,0,0,0,0,0,0,0,0,0,,2250,2184,,0,0,0,0
1613698631854,6,1010123456024,73,,1,0,18,1,2,,9.28932,871,183556,1.57254,248,0,5.33333,,0,0,0,0,0,0,0,0,0,,2250,2196,,0,0,0,0
1613698632104,6,1010123456024,73,,1,0,18,1,2,,7.16433,785,183059,0.882988,225,0,5.57143,,0,36,0,0.1,12,41.6667,0,0,31,,2250,1959,,0,0,0,0
1613698632354,6,1010123456024,73,,1,0,18,1,2,,11.9249,866,183870,1.75581,247,0,7,,0,0,0,0,0,0,0,0,0,,2250,2244,,0,0,0,0
1613698632604,6,1010123456024,73,,1,0,18,1,2,,14.0199,855,183436,2.25238,245,0,7.83333,,0,0,0,0,0,0,0,0,0,,2250,2178,,0,0,0,0
1613698632854,6,1010123456024,73,,1,0,18,1,2,,10.9665,837,182716,1.5263,239,0,6.75,,0,0,0,0,0,0,0,0,0,,2250,2136,,0,0,0,0
1613698633104,6,1010123456024,73,,1,0,18,1,2,,4.91828,722,184042,0.586784,211,0,4,,10.4182,55,0,0.1,19,84.2105,0,4.41099,31,,2250,1524,,0,0,0,8.52727
1613698633354,6,1010123456024,73,,1,0,18,1,2,,10.3236,859,183427,1.42774,245,0,6.83333,,0,0,0,0,0,0,0,0,0,,2250,2178,,0,0,0,0
1613698633604,6,1010123456024,73,,1,0,18,1,2,,10.6964,840,184226,1.49302,240,0,6.33333,,0,0,0,0,0,0,0,0,0,,2250,2154,,0,0,0,0
1613698633854,6,1010123456024,73,,1,0,18,1,2,,7.40816,833,183475,1.00454,239,0,5.33333,,0,0,0,0,0,0,0,0,0,,2250,2082,,0,0,0,0
1613698634104,6,1010123456024,73,,1,0,18,1,2,,10.4976,834,183545,1.46227,240,0,6.42857,,6.85714,42,0,0.1,13,61.5385,0,6.99394,31,,2250,2205,,0,0,0,6.14286
1613698634354,6,1010123456024,73,,1,0,18,1,2,,11.5266,866,184374,1.61674,249,0,6.83333,,0,0,0,0,0,0,0,0,0,,2250,2148,,0,0,0,0
1613698634604,6,1010123456024,73,,1,0,18,1,2,,12.0547,859,184521,1.9183,245,0,6.33333,,0,0,0,0,0,0,0,0,0,,2250,2202,,0,0,0,0
1613698634854,6,1010123456024,73,,1,0,18,1,2,,11.4802,860,184459,1.65382,244,0,6.83333,,0,0,0,0,0,0,0,0,0,,2250,2238,,0,0,0,0
1613698635104,6,1010123456024,73,,1,0,18,1,2,,9.9669,846,184194,1.39245,244,0,6.28571,,0.1,33,0,0.1,9,11.1111,0,1.46207,31,,2250,2112,,0,0,0,2.54545
1613698635354,6,1010123456024,73,,1,0,18,1,2,,12.9859,853,184201,1.96707,242,0,7.16667,,0,0,0,0,0,0,0,0,0,,2250,2172,,0,0,0,0
1613698635604,6,1010123456024,73,,1,0,18,1,2,,9.00232,862,183904,1.29224,248,0,5.83333,,0,0,0,0,0,0,0,0,0,,2250,2196,,0,0,0,0
1613698635854,6,1010123456024,73,,1,0,18,1,2,,9.65135,849,183551,1.30474,242,0,6.2,,0,0,0,0,0,0,0,0,0,,2250,2103,,0,0,0,0
1613698636104,6,1010123456024,73,,1,0,18,1,2,,9.25472,848,183987,1.29664,243,0,6,,0.1,30,0,0.1,9,22.2222,0,3.04944,31,,2250,2160,,0,0,0,2.9
1613698636354,6,1010123456024,73,,1,0,18,1,2,,13.184,875,183048,2.04032,250,0,7.5,,0,0,0,0,0,0,0,0,0,,2250,2220,,0,0,0,0
1613698636604,6,1010123456024,73,,1,0,18,1,2,,11.6952,863,183504,1.68736,248,0,6.83333,,0,0,0,0,0,0,0,0,0,,2250,2202,,0,0,0,0
1613698636854,6,1010123456024,73,,1,0,18,1,2,,10.8461,864,183541,1.56368,246,0,6.5,,0,0,0,0,0,0,0,0,0,,2250,2190,,0,0,0,0
1613698637104,6,1010123456024,73,,1,0,18,1,2,,9.46691,816,183091,1.26355,237,0,6.14286,,0.1,35,0,0.1,11,27.2727,0,3.51972,31,,2250,2121,,0,0,0,4.8
1613698637354,6,1010123456024,73,,1,0,18,1,2,,8.27412,850,183716,1.24032,243,0,5,,0,0,0,0,0,0,0,0,0,,2250,2187,,0,0,0,0
1613698637604,6,1010123456024,73,,1,0,18,1,2,,10.7344,866,183896,1.52525,248,0,6.66667,,0,0,0,0,0,0,0,0,0,,2250,2226,,0,0,0,0
1613698637854,6,1010123456024,73,,1,0,18,1,2,,10.5573,847,183657,1.41606,241,0,6.5,,0,0,0,0,0,0,0,0,0,,2250,2079,,0,0,0,0
1613698638104,6,1010123456024,73,,1,0,18,1,2,,10.3717,826,183826,1.45433,243,0,6.42857,,8.19608,51,0,0.1,15,53.3333,0,5.15687,31,,2250,2196,,0,0,0,6.33333
1613698638354,6,1010123456024,73,,1,0,18,1,2,,10.3901,846,184271,1.4512,243,0,6.33333,,0,0,0,0,0,0,0,0,0,,2250,2166,,0,0,0,0
1613698638604,6,1010123456024,73,,1,0,18,1,2,,11.2753,850,184520,1.58448,243,0,6.66667,,0,0,0,0,0,0,0,0,0,,2250,2199,,0,0,0,0
1613698638854,6,1010123456024,73,,1,0,18,1,2,,11.007,862,183066,1.53968,247,0,6.5,,0,0,0,0,0,0,0,0,0,,2250,2202,,0,0,0,0
1613698639104,6,1010123456024,73,,1,0,18,1,2,,11.563,849,183632,1.62467,247,0,6.85714,,1.15714,70,0,0.1,20,60,0,3.58281,31,,2250,2160,,0,0,0,6.44286
1613698639354,6,1010123456024,73,,1,0,18,1,2,,11.5812,862,183381,1.65886,248,0,6.83333,,0,0,0,0,0,0,0,0,0,,2250,2184,,0,0,0,0
1613698639604,6,1010123456024,73,,1,0,18,1,2,,12.8683,858,183658,2.07146,245,0,7.33333,,0,0,0,0,0,0,0,0,0,,2250,2166,,0,0,0,0
1613698639854,6,1010123456024,73,,1,0,18,1,2,,11.0242,869,183050,1.54406,248,0,6.5,,0,0,0,0,0,0,0,0,0,,2250,2226,,0,0,0,0
1613698640104,6,1010123456024,73,,1,0,18,1,2,,10.2557,829,184012,1.38736,238,0,6.42857,,0.724138,58,0,0.1,16,50,0,3.68436,31,,2250,2112,,0,0,0,6.10345
1613698640354,6,1010123456024,73,,1,0,18,1,2,,11.664,860,183703,1.64691,246,0,6.83333,,0,0,0,0,0,0,0,0,0,,2250,2190,,0,0,0,0
1613698640604,6,1010123456024,73,,1,0,18,1,2,,11.2313,869,183470,1.5577,248,0,6.66667,,0,0,0,0,0,0,0,0,0,,2250,2148,,0,0,0,0
1613698640854,6,1010123456024,73,,1,0,18,1,2,,8.67357,870,183784,1.20867,249,0,5.5,,0,0,0,0,0,0,0,0,0,,2250,2094,,0,0,0,0
1613698641104,6,1010123456024,73,,1,0,18,1,2,,11.1917,845,184381,1.54048,246,0,6.66667,,4.71429,28,0,0.1,9,44.4444,0,6.93704,31,,2250,2196,,0,0,0,4.53571
1613698641354,6,1010123456024,73,,1,0,18,1,2,,10.8328,861,183964,1.59469,246,0,6.16667,,0,0,0,0,0,0,0,0,0,,2250,2226,,0,0,0,0
1613698641604,6,1010123456024,73,,1,0,18,1,2,,7.96905,840,184600,1.04915,241,0,5.5,,0,0,0,0,0,0,0,0,0,,2250,2034,,0,0,0,0
1613698641854,6,1010123456024,73,,1,0,18,1,2,,10.7916,859,183434,1.53155,245,0,6.66667,,0,0,0,0,0,0,0,0,0,,2250,2166,,0,0,0,0
1613698642104,6,1010123456024,73,,1,0,18,1,2,,11.3012,850,183356,1.59859,246,0,6.71429,,7,64,0,0.1,20,60,0,5.82879,31,,2250,2193,,0,0,0,6.34375
1613698642354,6,1010123456024,73,,1,0,18,1,2,,16.0046,872,182648,2.99478,249,0,8.2,,0,0,0,0,0,0,0,0,0,,2250,2157,,0,0,0,0
1613698642604,6,1010123456024,73,,1,0,18,1,2,,10.531,855,183572,1.48045,246,0,6.5,,0,0,0,0,0,0,0,0,0,,2250,2148,,0,0,0,0
1613698642854,6,1010123456024,73,,1,0,18,1,2,,10.4537,864,183451,1.47155,246,0,6.33333,,0,0,0,0,0,0,0,0,0,,2250,2148,,0,0,0,0
1613698643104,6,1010123456024,73,,1,0,18,1,2,,9.62697,823,184118,1.28032,239,0,5.66667,,11.0476,21,0,0.1,6,66.6667,0,10.6024,31,,2250,2022,,0,0,0,7
1613698643354,6,1010123456024,73,,1,0,18,1,2,,10.2445,859,184450,1.45875,242,0,6.66667,,0,0,0,0,0,0,0,0,0,,2250,2208,,0,0,0,0
1613698643604,6,1010123456024,73,,1,0,18,1,2,,12.9837,859,182819,1.95875,245,0,7.5,,0,0,0,0,0,0,0,0,0,,2250,2202,,0,0,0,0
1613698643854,6,1010123456024,73,,1,0,18,1,2,,11.6023,870,184115,1.66051,249,0,6.8,,0,0,0,0,0,0,0,0,0,,2250,2172,,0,0,0,0
1613698644104,6,1010123456024,73,,1,0,18,1,2,,11.2159,857,184077,1.58742,245,0,6.71429,,0.1,108,0,0.1,32,65.625,0,0.898224,31,,2250,2220,,0,0,0,6.89815
1613698644354,6,1010123456024,73,,1,0,18,1,2,,11.5145,865,184350,1.6784,248,0,6.83333,,0,0,0,0,0,0,0,0,0,,2250,2220,,0,0,0,0
1613698644604,6,1010123456024,73,,1,0,18,1,2,,11.4399,857,182992,1.60653,246,0,6.6,,0,0,0,0,0,0,0,0,0,,2250,2172,,0,0,0,0
1613698644854,6,1010123456024,73,,1,0,18,1,2,,9.46163,847,184236,1.34654,242,0,6,,0,0,0,0,0,0,0,0,0,,2250,2196,,0,0,0,0
1613698645104,6,1010123456024,73,,1,0,18,1,2,,11.1948,852,183688,1.55261,245,0,6.71429,,0.1,65,0,0.1,18,22.2222,0,2.95613,31,,2250,2178,,0,0,0,3.52308
1613698645354,6,1010123456024,73,,1,0,18,1,2,,7.79883,855,183451,1.08374,245,0,5.5,,0,0,0,0,0,0,0,0,0,,2250,2124,,0,0,0,0
1613698645604,6,1010123456024,73,,1,0,18,1,2,,8.85089,845,183745,1.26486,242,0,5.66667,,0,0,0,0,0,0,0,0,0,,2250,2118,,0,0,0,0
1613698645854,6,1010123456024,73,,1,0,18,1,2,,11.6049,863,183837,1.64522,247,0,6.8,,0,0,0,0,0,0,0,0,0,,2250,2178,,0,0,0,0
1613698646104,6,1010123456024,73,,1,0,18,1,2,,9.42566,834,184098,1.3218,243,0,6.14286,,0.1,48,0,0.1,14,57.1429,0,3.96516,31,,2250,2136,,0,0,0,6.25
1613698646354,6,1010123456024,73,,1,0,18,1,2,,8.32053,833,184336,1.12298,239,0,5.5,,0,0,0,0,0,0,0,0,0,,2250,1998,,0,0,0,0
1613698646604,6,1010123456024,73,,1,0,18,1,2,,9.97675,860,184274,1.41229,246,0,6.16667,,0,0,0,0,0,0,0,0,0,,2250,2175,,0,0,0,0
1613698646854,6,1010123456024,73,,1,0,18,1,2,,10.5928,867,183524,1.52954,248,0,6.5,,0,0,0,0,0,0,0,0,0,,2250,2196,,0,0,0,0
1613698647104,6,1010123456024,73,,1,0,18,1,2,,8.82339,872,183252,1.32745,249,0,5.85714,,4.46512,43,0,0.1,13,61.5385,0,8.63595,31,,2250,2208,,0,0,0,6.02326
1613698647354,6,1010123456024,73,,1,0,18,1,2,,11.4983,871,184273,1.66883,249,0,6.8,,0,0,0,0,0,0,0,0,0,,2250,2196,,0,0,0,0
1613698647604,6,1010123456024,73,,1,0,18,1,2,,8.5622,820,184279,1.14086,238,0,5.66667,,0,0,0,0,0,0,0,0,0,,2250,2094,,0,0,0,0
1613698647854,6,1010123456024,73,,1,0,18,1,2,,7.65937,822,183120,1.024,235,0,5.16667,,0,0,0,0,0,0,0,0,0,,2250,2052,,0,0,0,0
1613698648104,6,1010123456024,73,,1,0,18,1,2,,10.6153,863,184030,1.48483,247,0,6.57143,,0,12,0,0,4,100,0,0,0,,2250,2142,,0,0,0,0
1613698648354,6,1010123456024,73,,1,0,18,1,2,,12.2781,863,178526,1.68909,246,0,8,,0.1,7,0,0.1,2,0,0,1.16998,31,,2250,2190,,0,0,0,1
1613698648604,6,1010123456024,73,,1,0,18,1,2,,14.3733,860,183044,2.4911,245,0,7.33333,,0,0,0,0,0,0,0,0,0,,2250,2160,,0,0,0,0
1613698648854,6,1010123456024,73,,1,0,18,1,2,,9.81818,858,182998,1.57094,245,0,5.66667,,0,0,0,0,0,0,0,0,0,,2250,2142,,0,0,0,0
1613698649104,6,1010123456024,73,,1,0,18,1,2,,10.2795,848,184346,1.4936,244,0,6.14286,,0.1,76,0,0.1,22,45.4545,0,2.36905,31,,2250,2127,,0,0,0,5.86842
1613698649354,6,1010123456024,73,,1,0,18,1,2,,9.19907,864,183378,1.28445,247,0,6.16667,,0,0,0,0,0,0,0,0,0,,2250,2184,,0,0,0,0
1613698649604,6,1010123456024,73,,1,0,18,1,2,,11.4258,869,184324,1.62768,249,0,6.66667,,0,0,0,0,0,0,0,0,0,,2250,2166,,0,0,0,0
1613698649854,6,1010123456024,73,,1,0,18,1,2,,8.64471,850,183458,1.20173,244,0,5.66667,,0,0,0,0,0,0,0,0,0,,2250,2103,,0,0,0,0
1613698650104,6,1010123456024,73,,1,0,18,1,2,,13.9233,861,183900,2.17171,246,0,7.71429,,0.1,44,0,0.1,13,53.8462,0,2.63234,31,,2250,2175,,0,0,0,5.81818
1613698650354,6,1010123456024,73,,1,0,18,1,2,,11.5586,870,184149,1.6463,249,0,6.83333,,0,0,0,0,0,0,0,0,0,,2250,2160,,0,0,0,0
1613698650604,6,1010123456024,73,,1,0,18,1,2,,10.6789,844,184070,1.49514,242,0,6.5,,0,0,0,0,0,0,0,0,0,,2250,2208,,0,0,0,0
1613698650854,6,1010123456024,73,,1,0,18,1,2,,10.0115,870,183872,1.41926,249,0,6.16667,,0,0,0,0,0,0,0,0,0,,2250,2178,,0,0,0,0
1613698651104,6,1010123456024,73,,1,0,18,1,2,,11.694,840,183509,1.65427,244,0,6.85714,,3.5122,41,0,0.1,12,66.6667,0,2.17409,31,,2250,2202,,0,0,0,7.21951
1613698651354,6,1010123456024,73,,1,0,18,1,2,,9.68544,852,183654,1.36746,244,0,5.83333,,0,0,0,0,0,0,0,0,0,,2250,2154,,0,0,0,0
1613698651604,6,1010123456024,73,,1,0,18,1,2,,10.7485,843,183365,1.5256,243,0,6.5,,0,0,0,0,0,0,0,0,0,,2250,2187,,0,0,0,0
1613698651854,6,1010123456024,73,,1,0,18,1,2,,11.0139,863,182991,1.50464,246,0,6.5,,0,0,0,0,0,0,0,0,0,,2250,2142,,0,0,0,0
1613698652104,6,1010123456024,73,,1,0,18,1,2,,10.0653,858,184172,1.4273,245,0,6.14286,,6.92308,52,0,0.1,15,66.6667,0,2.75358,31,,2250,2184,,0,0,0,7.11538
1613698652354,6,1010123456024,73,,1,0,18,1,2,,11.9229,843,183612,1.94992,240,0,7,,0,0,0,0,0,0,0,0,0,,2250,2178,,0,0,0,0
1613698652604,6,1010123456024,73,,1,0,18,1,2,,10.1259,858,182820,1.3607,245,0,6.5,,0,0,0,0,0,0,0,0,0,,2250,2085,,0,0,0,0
1613698652854,6,1010123456024,73,,1,0,18,1,2,,9.6924,855,183307,1.36688,245,0,6,,0,0,0,0,0,0,0,0,0,,2250,2094,,0,0,0,0
1613698653104,6,1010123456024,73,,1,0,18,1,2,,10.8512,820,184129,1.46701,240,0,6.57143,,11.0238,126,0,0.1,39,82.0513,0,3.31752,31,,2250,2169,,0,0,0,8.14286
1613698653354,6,1010123456024,73,,1,0,18,1,2,,13.0395,861,183765,1.94406,246,0,7.33333,,0,0,0,0,0,0,0,0,0,,2250,2118,,0,0,0,0
1613698653604,6,1010123456024,73,,1,0,18,1,2,,10.5728,852,183643,1.48397,244,0,6,,0,0,0,0,0,0,0,0,0,,2250,2178,,0,0,0,0
1613698653854,6,1010123456024,73,,1,0,18,1,2,,10.1613,862,183301,1.41398,245,0,6.33333,,0,0,0,0,0,0,0,0,0,,2250,2166,,0,0,0,0
1613698654104,6,1010123456024,73,,1,0,18,1,2,,11.5721,846,183499,1.60602,247,0,6.85714,,15.3263,95,0,0.1,31,90.3226,0,3.35206,31,,2250,2178,,0,0,0,8.9579
1613698654354,6,1010123456024,73,,1,0,18,1,2,,11.9362,862,184339,1.75277,246,0,7,,0,0,0,0,0,0,0,0,0,,2250,2250,,0,0,0,0
1613698654604,6,1010123456024,73,,1,0,18,1,2,,10.6635,850,183937,1.55619,244,0,6.16667,,0,0,0,0,0,0,0,0,0,,2250,2208,,0,0,0,0
1613698654854,6,1010123456024,73,,1,0,18,1,2,,9.16547,834,184103,1.31901,238,0,5.8,,0,0,0,0,0,0,0,0,0,,2250,2178,,0,0,0,0
1613698655104,6,1010123456024,73,,1,0,18,1,2,,9.351,849,184442,1.27712,246,0,6.14286,,6.13333,60,0,0.1,18,77.7778,0,2.92978,31,,2250,2136,,0,0,0,8.15
1613698655354,6,1010123456024,73,,1,0,18,1,2,,10.9425,852,183139,1.53149,243,0,6.66667,,0,0,0,0,0,0,0,0,0,,2250,2172,,0,0,0,0
1613698655604,6,1010123456024,73,,1,0,18,1,2,,10.0669,852,183837,1.40726,244,0,6.16667,,0,0,0,0,0,0,0,0,0,,2250,2139,,0,0,0,0
1613698655854,6,1010123456024,73,,1,0,18,1,2,,10.2661,853,183735,1.41574,244,0,6.33333,,0,0,0,0,0,0,0,0,0,,2250,2124,,0,0,0,0
1613698656104,6,1010123456024,73,,1,0,18,1,2,,11.282,851,184076,1.57363,244,0,6.71429,,6.78788,33,0,0.1,9,44.4444,0,3.2243,31,,2250,2202,,0,0,0,6.12121
1613698656354,6,1010123456024,73,,1,0,18,1,2,,10.5533,853,183676,1.44339,244,0,6.16667,,0,0,0,0,0,0,0,0,0,,2250,2133,,0,0,0,0
1613698656604,6,1010123456024,73,,1,0,18,1,2,,10.0271,850,184012,1.38416,243,0,6.16667,,0,0,0,0,0,0,0,0,0,,2250,2187,,0,0,0,0
1613698656854,6,1010123456024,73,,1,0,18,1,2,,10.7292,853,183613,1.52922,244,0,6.5,,0,0,0,0,0,0,0,0,0,,2250,2160,,0,0,0,0
1613698657104,6,1010123456024,73,,1,0,18,1,2,,11.1126,826,183220,1.53296,245,0,6.42857,,15.3086,81,0,0.1,27,88.8889,0,2.6064,31,,2250,2124,,0,0,0,9.22222
1613698657354,6,1010123456024,73,,1,0,18,1,2,,10.766,859,183385,1.47174,245,0,6.83333,,0,0,0,0,0,0,0,0,0,,2250,2154,,0,0,0,0
1613698657604,6,1010123456024,73,,1,0,18,1,2,,11.6394,868,183301,1.6457,248,0,6.83333,,0,0,0,0,0,0,0,0,0,,2250,2166,,0,0,0,0
1613698657854,6,1010123456024,73,,1,0,18,1,2,,10.6099,851,184020,1.51792,246,0,6.33333,,0,0,0,0,0,0,0,0,0,,2250,2178,,0,0,0,0
1613698658104,6,1010123456024,73,,1,0,18,1,2,,13.16,856,180662,2.0104,244,0,7.66667,,4.04444,45,0,0.1,13,69.2308,0,4.43797,31,,2250,2184,,0,0,0,7.4
1613698658354,6,1010123456024,73,,1,0,18,1,2,,10.9212,812,183352,1.62909,234,0,5.66667,,0,0,0,0,0,0,0,0,0,,2250,2052,,0,0,0,0
1613698658604,6,1010123456024,73,,1,0,18,1,2,,7.29346,811,183045,0.934304,230,0,5.33333,,0,0,0,0,0,0,0,0,0,,2250,2001,,0,0,0,0
1613698658854,6,1010123456024,73,,1,0,18,1,2,,11.2791,860,183528,1.56656,246,0,6.83333,,0,0,0,0,0,0,0,0,0,,2250,2151,,0,0,0,0
1613698659104,6,1010123456024,73,,1,0,18,1,2,,10.8445,836,183916,1.53802,245,0,6.71429,,15.4348,92,0,0.11264,30,86.6667,0,4.28813,31,,2250,2160,,0,0,0,8.82609
1613698659354,6,1010123456024,73,,1,0,18,1,2,,11.5733,860,184052,1.6977,245,0,6.66667,,0,0,0,0,0,0,0,0,0,,2250,2232,,0,0,0,0
1613698659604,6,1010123456024,73,,1,0,18,1,2,,8.54221,841,183589,1.13638,241,0,5.83333,,0,0,0,0,0,0,0,0,0,,2250,2058,,0,0,0,0
1613698659854,6,1010123456024,73,,1,0,18,1,2,,10.1921,859,183569,1.43011,245,0,6.16667,,0,0,0,0,0,0,0,0,0,,2250,2166,,0,0,0,0
1613698660104,6,1010123456024,73,,1,0,18,1,2,,10.46,837,183951,1.46064,244,0,6.42857,,15.2558,86,0,0.116224,28,85.7143,0,4.35444,31,,2250,2196,,0,0,0,8.53488
1613698660354,6,1010123456024,73,,1,0,18,1,2,,11.1784,869,183218,1.6343,248,0,6.5,,0,0,0,0,0,0,0,0,0,,2250,2223,,0,0,0,0
1613698660604,6,1010123456024,73,,1,0,18,1,2,,10.6396,863,183774,1.51917,246,0,6.5,,0,0,0,0,0,0,0,0,0,,2250,2220,,0,0,0,0
1613698660854,6,1010123456024,73,,1,0,18,1,2,,11.9625,854,183705,1.74467,245,0,7,,0,0,0,0,0,0,0,0,0,,2250,2214,,0,0,0,0
1613698661104,6,1010123456024,73,,1,0,18,1,2,,10.679,841,182902,1.49331,246,0,6.42857,,0.461538,39,0,0.1,12,0,0,3.21561,31,,2250,2148,,0,0,0,1.35897
1613698661354,6,1010123456024,73,,1,0,18,1,2,,10.3988,860,184611,1.48778,247,0,6.5,,0,0,0,0,0,0,0,0,0,,2250,2184,,0,0,0,0
1613698661604,6,1010123456024,73,,1,0,18,1,2,,10.8806,863,183081,1.54416,246,0,6.66667,,0,0,0,0,0,0,0,0,0,,2250,2178,,0,0,0,0
1613698661854,6,1010123456024,73,,1,0,18,1,2,,10.2274,862,183592,1.45968,247,0,6.16667,,0,0,0,0,0,0,0,0,0,,2250,2133,,0,0,0,0
1613698662104,6,1010123456024,73,,1,0,18,1,2,,13.3026,836,183366,2.14253,239,0,7.57143,,6.54545,55,0,0.1,15,66.6667,0,3.66664,31,,2250,2145,,0,0,0,7.43636
1613698662354,6,1010123456024,73,,1,0,18,1,2,,8.02017,843,183577,1.14147,241,0,5.16667,,0,0,0,0,0,0,0,0,0,,2250,2049,,0,0,0,0
1613698662604,6,1010123456024,73,,1,0,18,1,2,,11.0529,870,184209,1.5647,249,0,6.66667,,0,0,0,0,0,0,0,0,0,,2250,2181,,0,0,0,0
1613698662854,6,1010123456024,73,,1,0,18,1,2,,11.5585,863,183828,1.65414,246,0,6.8,,0,0,0,0,0,0,0,0,0,,2250,2202,,0,0,0,0
1613698663104,6,1010123456024,73,,1,0,18,1,2,,10.4389,818,183665,1.48308,242,0,6.28571,,0.1,31,0,0.1,9,11.1111,0,9.35703,31,,2250,2196,,0,0,0,2.09677
1613698663354,6,1010123456024,73,,1,0,18,1,2,,9.96247,826,183317,1.31683,240,0,6.33333,,0,0,0,0,0,0,0,0,0,,2250,2100,,0,0,0,0
1613698663604,6,1010123456024,73,,1,0,18,1,2,,10.9353,850,183659,1.54166,243,0,6.66667,,0,0,0,0,0,0,0,0,0,,2250,2151,,0,0,0,0
1613698663854,6,1010123456024,73,,1,0,18,1,2,,11.8812,850,183452,1.64691,244,0,7,,0,0,0,0,0,0,0,0,0,,2250,2133,,0,0,0,0
1613698664104,6,1010123456024,73,,1,0,18,1,2,,10.5895,855,183888,1.50314,246,0,6.57143,,15,16,0,0,4,100,0,2.725,0,,2250,2157,,0,0,0,10
1613698664354,6,1010123456024,73,,1,0,18,1,2,,11.4016,864,183798,1.58586,246,0,6.66667,,0.1,7,0,0.1,2,0,0,1.33468,31,,2250,2172,,0,0,0,1.85714
1613698664604,6,1010123456024,73,,1,0,18,1,2,,9.82847,857,183993,1.40614,244,0,6,,0,0,0,0,0,0,0,0,0,,2250,2214,,0,0,0,0
1613698664854,6,1010123456024,73,,1,0,18,1,2,,11.6555,868,183980,1.70438,248,0,6.83333,,0,0,0,0,0,0,0,0,0,,2250,2208,,0,0,0,0
1613698665104,6,1010123456024,73,,1,0,18,1,2,,10.8337,866,183032,1.58901,247,0,6.57143,,4.39024,41,0,0.1,12,33.3333,0,3.73077,31,,2250,2214,,0,0,0,3.63415
1613698665354,6,1010123456024,73,,1,0,18,1,2,,11.6755,872,183951,1.64995,249,0,7,,0,0,0,0,0,0,0,0,0,,2250,2166,,0,0,0,0
1613698665604,6,1010123456024,73,,1,0,18,1,2,,11.095,863,183234,1.57923,247,0,6.33333,,0,0,0,0,0,0,0,0,0,,2250,2220,,0,0,0,0
1613698665854,6,1010123456024,73,,1,0,18,1,2,,10.8794,871,182980,1.59581,249,0,6.66667,,0,0,0,0,0,0,0,0,0,,2250,2226,,0,0,0,0
1613698666104,6,1010123456024,73,,1,0,18,1,2,,8.36342,842,183684,1.18214,241,0,5.42857,,4,52,0,0.1,14,50,0,2.18212,31,,2250,2202,,0,0,0,6.26923
1613698666354,6,1010123456024,73,,1,0,18,1,2,,10.7673,855,184368,1.50048,245,0,6.83333,,0,0,0,0,0,0,0,0,0,,2250,2106,,0,0,0,0
1613698666604,6,1010123456024,73,,1,0,18,1,2,,9.32407,864,184221,1.4745,247,0,5.66667,,0,0,0,0,0,0,0,0,0,,2250,2151,,0,0,0,0
1613698666854,6,1010123456024,73,,1,0,18,1,2,,8.49466,843,183735,1.29312,242,0,5,,0,0,0,0,0,0,0,0,0,,2250,2115,,0,0,0,0
1613698667104,6,1010123456024,73,,1,0,18,1,2,,10.1394,832,184190,1.47386,245,0,6.42857,,15.5146,103,0,0.1,35,91.4286,0,3.05084,31,,2250,2226,,0,0,0,9.30097
1613698667354,6,1010123456024,73,,1,0,18,1,2,,8.22813,846,184112,1.15238,242,0,5.5,,0,0,0,0,0,0,0,0,0,,2250,2100,,0,0,0,0
1613698667604,6,1010123456024,73,,1,0,18,1,2,,8.57059,850,184647,1.10829,244,0,5.66667,,0,0,0,0,0,0,0,0,0,,2250,1992,,0,0,0,0
1613698667854,6,1010123456024,73,,1,0,18,1,2,,8.92226,849,183366,1.26038,242,0,5.83333,,0,0,0,0,0,0,0,0,0,,2250,2160,,0,0,0,0
1613698668104,6,1010123456024,73,,1,0,18,1,2,,13.6593,854,183232,2.2239,245,0,7.57143,,0.1,28,0,0.1,8,12.5,0,4.13782,31,,2250,2208,,0,0,0,2.39286
1613698668354,6,1010123456024,73,,1,0,18,1,2,,11.8822,866,183898,1.67592,247,0,7,,0,0,0,0,0,0,0,0,0,,2250,2130,,0,0,0,0
1613698668604,6,1010123456024,73,,1,0,18,1,2,,7.94055,841,184246,1.11901,241,0,5.5,,0,0,0,0,0,0,0,0,0,,2250,2160,,0,0,0,0
1613698668854,6,1010123456024,73,,1,0,18,1,2,,11.4309,868,183070,1.62794,247,0,6.66667,,0,0,0,0,0,0,0,0,0,,2250,2208,,0,0,0,0
1613698669104,6,1010123456024,73,,1,0,18,1,2,,7.6416,851,182901,1.09827,248,0,5.42857,,1.72308,130,0,0.1,39,82.0513,0,1.52042,31,,2250,2130,,0,0,0,8.26154
1613698669354,6,1010123456024,73,,1,0,18,1,2,,10.0457,832,184436,1.40595,238,0,6.33333,,0,0,0,0,0,0,0,0,0,,2250,2175,,0,0,0,0
1613698669604,6,1010123456024,73,,1,0,18,1,2,,10.5445,865,183757,1.53546,247,0,6.33333,,0,0,0,0,0,0,0,0,0,,2250,2202,,0,0,0,0
1613698669854,6,1010123456024,73,,1,0,18,1,2,,8.38667,825,183933,1.17245,238,0,5.33333,,0,0,0,0,0,0,0,0,0,,2250,1914,,0,0,0,0
1613698670104,6,1010123456024,73,,1,0,18,1,2,,5.05362,746,183434,0.54464,215,0,4.14286,,0.1,46,0,0.1,14,85.7143,0,3.03073,31,,2250,1608,,0,0,0,8.69565
1613698670354,6,1010123456024,73,,1,0,18,1,2,,5.06926,823,183571,0.71328,234,0,4.66667,,0,0,0,0,0,0,0,0,0,,2250,2010,,0,0,0,0
1613698670604,6,1010123456024,73,,1,0,18,1,2,,8.01501,866,183125,1.17028,248,0,5.33333,,0,0,0,0,0,0,0,0,0,,2250,2190,,0,0,0,0
1613698670854,6,1010123456024,73,,1,0,18,1,2,,14.884,862,184652,2.19315,246,0,8.33333,,0,0,0,0,0,0,0,0,0,,2250,2121,,0,0,0,0
1613698671104,6,1010123456024,73,,1,0,18,1,2,,9.57688,839,183356,1.38941,245,0,5.85714,,3.52174,23,0,0.1,7,57.1429,0,11.2852,31,,2250,2154,,0,0,0,6.47826
1613698671354,6,1010123456024,73,,1,0,18,1,2,,9.60144,833,183278,1.33142,238,0,6,,0,0,0,0,0,0,0,0,0,,2250,2136,,0,0,0,0
1613698671604,6,1010123456024,73,,1,0,18,1,2,,11.6721,866,184281,1.64438,247,0,7,,0,0,0,0,0,0,0,0,0,,2250,2172,,0,0,0,0
1613698671854,6,1010123456024,73,,1,0,18,1,2,,10.6,850,184437,1.45973,242,0,6.4,,0,0,0,0,0,0,0,0,0,,2250,2163,,0,0,0,0
1613698672104,6,1010123456024,73,,1,0,18,1,2,,11.2,840,183395,1.60218,246,0,6.66667,,15.086,93,0,0.1,29,86.2069,0,4.27394,31,,2250,2190,,0,0,0,8.5914
1613698672354,6,1010123456024,73,,1,0,18,1,2,,11.5727,866,184239,1.7265,246,0,6.66667,,0,0,0,0,0,0,0,0,0,,2250,2238,,0,0,0,0
1613698672604,6,1010123456024,73,,1,0,18,1,2,,10.055,855,183019,1.42606,244,0,6.4,,0,0,0,0,0,0,0,0,0,,2250,2202,,0,0,0,0
1613698672854,6,1010123456024,73,,1,0,18,1,2,,11.8889,864,184022,1.70256,247,0,7,,0,0,0,0,0,0,0,0,0,,2250,2190,,0,0,0,0
1613698673104,6,1010123456024,73,,1,0,18,1,2,,6.72105,803,183272,0.979744,235,0,4.42857,,0.1,45,0,0.1,13,38.4615,0,1.35524,31,,2250,1953,,0,0,0,5.62222
1613698673354,6,1010123456024,73,,1,0,18,1,2,,3.781,758,184542,0.494816,217,0,3.16667,,0,0,0,0,0,0,0,0,0,,2250,1461,,0,0,0,0
1613698673604,6,1010123456024,73,,1,0,18,1,2,,2.72849,744,184104,0.348851,212,0,3.66667,,0,0,0,0,0,0,0,0,0,,2250,1671,,0,0,0,0
1613698673854,6,1010123456024,73,,1,0,18,1,2,,7.59206,831,183332,0.986153,236,0,5.33333,,0,0,0,0,0,0,0,0,0,,2250,1998,,0,0,0,0
1613698674104,6,1010123456024,73,,1,0,18,1,2,,9.82339,838,183866,1.35754,244,0,6,,15.0448,67,0,0.123424,21,76.1905,0,6.26308,31,,2250,2166,,0,0,0,7.71642
1613698674354,6,1010123456024,73,,1,0,18,1,2,,8.46019,854,183287,1.19114,244,0,5.66667,,0,0,0,0,0,0,0,0,0,,2250,2082,,0,0,0,0
1613698674604,6,1010123456024,73,,1,0,18,1,2,,11.5961,864,184044,1.67837,247,0,6.83333,,0,0,0,0,0,0,0,0,0,,2250,2196,,0,0,0,0
1613698674854,6,1010123456024,73,,1,0,18,1,2,,10.1014,858,183627,1.43014,245,0,6.16667,,0,0,0,0,0,0,0,0,0,,2250,2187,,0,0,0,0
1613698675104,6,1010123456024,73,,1,0,18,1,2,,11.2593,864,183121,1.61475,249,0,6.66667,,7.5,48,0,0.1,13,61.5385,0,5.59656,31,,2250,2208,,0,0,0,6.6875
1613698675354,6,1010123456024,73,,1,0,18,1,2,,10.9363,863,183271,1.5424,248,0,6.5,,0,0,0,0,0,0,0,0,0,,2250,2196,,0,0,0,0
1613698675604,6,1010123456024,73,,1,0,18,1,2,,11.5502,867,183908,1.6665,248,0,6.8,,0,0,0,0,0,0,0,0,0,,2250,2220,,0,0,0,0
1613698675854,6,1010123456024,73,,1,0,18,1,2,,10.5081,868,183690,1.51645,248,0,6.33333,,0,0,0,0,0,0,0,0,0,,2250,2208,,0,0,0,0
1613698676104,6,1010123456024,73,,1,0,18,1,2,,10.9654,839,183425,1.51168,244,0,6.57143,,0.1,34,0,0.1,10,0,0,3.92254,31,,2250,2184,,0,0,0,2.5
1613698676354,6,1010123456024,73,,1,0,18,1,2,,10.3702,867,184275,1.48013,248,0,6.16667,,0,0,0,0,0,0,0,0,0,,2250,2178,,0,0,0,0
1613698676604,6,1010123456024,73,,1,0,18,1,2,,11.0623,867,184009,1.5591,248,0,6.5,,0,0,0,0,0,0,0,0,0,,2250,2190,,0,0,0,0
1613698676854,6,1010123456024,73,,1,0,18,1,2,,11.1013,859,183112,1.54519,246,0,6.6,,0,0,0,0,0,0,0,0,0,,2250,2163,,0,0,0,0
1613698677104,6,1010123456024,73,,1,0,18,1,2,,10.7296,832,183387,1.48445,239,0,6.5,,0.1,39,0,0.1,12,50,0,1.02874,31,,2250,2214,,0,0,0,5.23077
1613698677354,6,1010123456024,73,,1,0,18,1,2,,10.5366,848,183425,1.45264,243,0,6.5,,0,0,0,0,0,0,0,0,0,,2250,2145,,0,0,0,0
1613698677604,6,1010123456024,73,,1,0,18,1,2,,10.5276,851,183188,1.46358,243,0,6.33333,,0,0,0,0,0,0,0,0,0,,2250,2166,,0,0,0,0
1613698677854,6,1010123456024,73,,1,0,18,1,2,,10.1019,864,183274,1.41914,248,0,6.16667,,0,0,0,0,0,0,0,0,0,,2250,2151,,0,0,0,0
1613698678104,6,1010123456024,73,,1,0,18,1,2,,10.1749,829,184412,1.36893,238,0,6.28571,,4.125,64,0,0.1,19,52.6316,0,5.25151,31,,2250,2094,,0,0,0,5.5
1613698678354,6,1010123456024,73,,1,0,18,1,2,,13.1776,856,182978,1.97256,244,0,7,,0,0,0,0,0,0,0,0,0,,2250,2226,,0,0,0,0
1613698678604,6,1010123456024,73,,1,0,18,1,2,,11.2299,857,183975,1.7345,245,0,6.5,,0,0,0,0,0,0,0,0,0,,2250,2202,,0,0,0,0
1613698678854,6,1010123456024,73,,1,0,18,1,2,,14.7392,855,183104,2.36598,245,0,8.5,,0,0,0,0,0,0,0,0,0,,2250,2148,,0,0,0,0
1613698679104,6,1010123456024,73,,1,0,18,1,2,,10.0216,834,182984,1.3816,239,0,6.28571,,1.32353,34,0,0.1,10,20,0,8.77553,31,,2250,2160,,0,0,0,3.17647
1613698679354,6,1010123456024,73,,1,0,18,1,2,,11.5867,859,183642,1.60954,246,0,6.83333,,0,0,0,0,0,0,0,0,0,,2250,2160,,0,0,0,0
1613698679604,6,1010123456024,73,,1,0,18,1,2,,11.7569,872,184318,1.72758,249,0,6.83333,,0,0,0,0,0,0,0,0,0,,2250,2187,,0,0,0,0
1613698679854,6,1010123456024,73,,1,0,18,1,2,,12.6517,867,183385,1.8297,248,0,7.33333,,0,0,0,0,0,0,0,0,0,,2250,2202,,0,0,0,0
1613698680104,6,1010123456024,73,,1,0,18,1,2,,10.2485,845,182748,1.50365,242,0,6.16667,,0.1,33,0,0.1,9,22.2222,0,3.37024,31,,2250,2184,,0,0,0,4.24242
1613698680354,6,1010123456024,73,,1,0,18,1,2,,11.0922,813,183944,1.55894,233,0,6.5,,0,0,0,0,0,0,0,0,0,,2250,2019,,0,0,0,0
1613698680604,6,1010123456024,73,,1,0,18,1,2,,8.49165,838,183370,1.14822,240,0,5.66667,,0,0,0,0,0,0,0,0,0,,2250,2121,,0,0,0,0
1613698680854,6,1010123456024,73,,1,0,18,1,2,,12.1799,867,183115,1.82752,248,0,7.16667,,0,0,0,0,0,0,0,0,0,,2250,2178,,0,0,0,0
1613698681104,6,1010123456024,73,,1,0,18,1,2,,11.7151,832,183999,1.71254,242,0,6.85714,,0.1,58,0,0.1,17,29.4118,0,4.16927,31,,2250,2226,,0,0,0,4.75862
1613698681354,6,1010123456024,73,,1,0,18,1,2,,11.6343,864,183540,1.69702,248,0,6.83333,,0,0,0,0,0,0,0,0,0,,2250,2244,,0,0,0,0
1613698681604,6,1010123456024,73,,1,0,18,1,2,,9.86706,850,183742,1.36944,243,0,6,,0,0,0,0,0,0,0,0,0,,2250,2163,,0,0,0,0
1613698681854,6,1010123456024,73,,1,0,18,1,2,,11.1885,854,184343,1.57987,245,0,6.66667,,0,0,0,0,0,0,0,0,0,,2250,2193,,0,0,0,0
1613698682104,6,1010123456024,73,,1,0,18,1,2,,8.775,840,184084,1.25702,246,0,5.57143,,15.0123,81,0,0.191776,26,80.7692,0,5.53089,31,,2250,2142,,0,0,0,8.14815
1613698682354,6,1010123456024,73,,1,0,18,1,2,,8.36805,845,183253,1.12867,240,0,5.83333,,0,0,0,0,0,0,0,0,0,,2250,2046,,0,0,0,0
1613698682604,6,1010123456024,73,,1,0,18,1,2,,10.8258,861,184294,1.57421,246,0,6.5,,0,0,0,0,0,0,0,0,0,,2250,2190,,0,0,0,0
1613698682854,6,1010123456024,73,,1,0,18,1,2,,9.83647,850,183033,1.35053,243,0,6.16667,,0,0,0,0,0,0,0,0,0,,2250,2169,,0,0,0,0
1613698683104,6,1010123456024,73,,1,0,18,1,2,,9.19879,825,183248,1.28054,241,0,5.85714,,4.6875,48,0,0.1,14,71.4286,0,3.24251,31,,2250,2166,,0,0,0,7.1875
1613698683354,6,1010123456024,73,,1,0,18,1,2,,16.1212,866,184337,2.82928,247,0,9,,0,0,0,0,0,0,0,0,0,,2250,2208,,0,0,0,0
1613698683604,6,1010123456024,73,,1,0,18,1,2,,8.9006,835,183362,1.26008,241,0,5.66667,,0,0,0,0,0,0,0,0,0,,2250,2082,,0,0,0,0
1613698683854,6,1010123456024,73,,1,0,18,1,2,,11.0947,781,183427,1.52912,222,0,7,,0,0,0,0,0,0,0,0,0,,2250,1761,,0,0,0,0
1613698684104,6,1010123456024,73,,1,0,18,1,2,,10.5782,863,182918,1.46166,247,0,6.28571,,0.1,78,0,0.1,21,66.6667,0,0.91048,31,,2250,2178,,0,0,0,7.23077
1613698684354,6,1010123456024,73,,1,0,18,1,2,,10.0749,868,183250,1.39088,248,0,6.33333,,0,0,0,0,0,0,0,0,0,,2250,2160,,0,0,0,0
1613698684604,6,1010123456024,73,,1,0,18,1,2,,11.0465,860,184213,1.60512,245,0,6.66667,,0,0,0,0,0,0,0,0,0,,2250,2214,,0,0,0,0
1613698684854,6,1010123456024,73,,1,0,18,1,2,,11.3669,864,183408,1.58288,247,0,6.66667,,0,0,0,0,0,0,0,0,0,,2250,2154,,0,0,0,0
1613698685104,6,1010123456024,73,,1,0,18,1,2,,10.2864,831,183365,1.43814,239,0,6.14286,,4.57143,49,0,0.1,14,71.4286,0,2.20333,31,,2250,2109,,0,0,0,7.93878
1613698685354,6,1010123456024,73,,1,0,18,1,2,,9.83314,857,183179,1.4136,245,0,6.33333,,0,0,0,0,0,0,0,0,0,,2250,2181,,0,0,0,0
1613698685604,6,1010123456024,73,,1,0,18,1,2,,10.7569,864,183549,1.47238,248,0,6.66667,,0,0,0,0,0,0,0,0,0,,2250,2154,,0,0,0,0
1613698685854,6,1010123456024,73,,1,0,18,1,2,,7.27125,800,184380,1.05978,229,0,5,,0,0,0,0,0,0,0,0,0,,2250,2013,,0,0,0,0
1613698686104,6,1010123456024,73,,1,0,18,1,2,,5.90331,755,183534,0.690464,217,0,5,,3.09375,32,0,0.1,10,50,0,2.56974,31,,2250,1863,,0,0,0,6.5625
1613698686354,6,1010123456024,73,,1,0,18,1,2,,11.0657,868,182983,1.56938,249,0,6.6,,0,0,0,0,0,0,0,0,0,,2250,2190,,0,0,0,0
1613698686604,6,1010123456024,73,,1,0,18,1,2,,9.45799,845,183819,1.34627,242,0,6,,0,0,0,0,0,0,0,0,0,,2250,2196,,0,0,0,0
1613698686854,6,1010123456024,73,,1,0,18,1,2,,9.9133,842,184148,1.43994,242,0,6.16667,,0,0,0,0,0,0,0,0,0,,2250,2118,,0,0,0,0
1613698687104,6,1010123456024,73,,1,0,18,1,2,,8.78313,830,183457,1.1641,235,0,6,,5.30233,43,0,0.1,13,30.7692,0,10.2363,31,,2250,2118,,0,0,0,3.86047
1613698687354,6,1010123456024,73,,1,0,18,1,2,,11.7801,855,183689,1.68675,245,0,6.8,,0,0,0,0,0,0,0,0,0,,2250,2190,,0,0,0,0
1613698687604,6,1010123456024,73,,1,0,18,1,2,,11.6551,867,183735,1.64003,249,0,7,,0,0,0,0,0,0,0,0,0,,2250,2154,,0,0,0,0
1613698687854,6,1010123456024,73,,1,0,18,1,2,,11.0083,842,183452,1.46022,240,0,6.6,,0,0,0,0,0,0,0,0,0,,2250,2082,,0,0,0,0
1613698688104,6,1010123456024,73,,1,0,18,1,2,,11.6077,831,183605,1.59875,241,0,6.85714,,0.1,55,0,0.1,17,52.9412,0,1.19384,31,,2250,2160,,0,0,0,5.90909
1613698688354,6,1010123456024,73,,1,0,18,1,2,,9.03601,861,184350,1.29258,246,0,6,,0,0,0,0,0,0,0,0,0,,2250,2172,,0,0,0,0
1613698688604,6,1010123456024,73,,1,0,18,1,2,,10.4778,856,183424,1.48806,245,0,6.33333,,0,0,0,0,0,0,0,0,0,,2250,2184,,0,0,0,0
1613698688854,6,1010123456024,73,,1,0,18,1,2,,10.4752,848,184212,1.47872,243,0,6.33333,,0,0,0,0,0,0,0,0,0,,2250,2157,,0,0,0,0
1613698689104,6,1010123456024,73,,1,0,18,1,2,,6.59014,832,183885,0.96816,238,0,4.42857,,0.1,30,0,0.1,9,0,0,3.03142,31,,2250,2130,,0,0,0,1.1
1613698689354,6,1010123456024,73,,1,0,18,1,2,,13.908,859,183896,2.1865,246,0,7.83333,,0,0,0,0,0,0,0,0,0,,2250,2190,,0,0,0,0
1613698689604,6,1010123456024,73,,1,0,18,1,2,,11.2596,859,183597,1.63619,247,0,6.66667,,0,0,0,0,0,0,0,0,0,,2250,2184,,0,0,0,0
1613698689854,6,1010123456024,73,,1,0,18,1,2,,15.8343,863,183708,2.62953,246,0,8,,0,0,0,0,0,0,0,0,0,,2250,2133,,0,0,0,0
1613698690104,6,1010123456024,73,,1,0,18,1,2,,10.0296,844,182966,1.39491,243,0,6.28571,,0,12,0,0,4,100,0,0,0,,2250,2166,,0,0,0,0
1613698690354,6,1010123456024,73,,1,0,18,1,2,,11.4931,868,184019,1.6745,248,0,6.66667,,0.1,7,0,0.1,2,0,0,2.51533,31,,2250,2184,,0,0,0,1.42857
1613698690604,6,1010123456024,73,,1,0,18,1,2,,9.86876,861,184248,1.38925,246,0,6.33333,,0,0,0,0,0,0,0,0,0,,2250,2181,,0,0,0,0
1613698690854,6,1010123456024,73,,1,0,18,1,2,,12.28,857,183118,2.03088,246,0,7.33333,,0,0,0,0,0,0,0,0,0,,2250,2184,,0,0,0,0
1613698691104,6,1010123456024,73,,1,0,18,1,2,,13.484,845,183552,2.27312,245,0,7.71429,,12.381,21,0,0.1,7,57.1429,0,13.3291,31,,2250,2148,,0,0,0,6.14286
1613698691354,6,1010123456024,73,,1,0,18,1,2,,9.58728,865,183167,1.37619,247,0,5.83333,,0,0,0,0,0,0,0,0,0,,2250,2133,,0,0,0,0
1613698691604,6,1010123456024,73,,1,0,18,1,2,,11.9267,860,184400,1.74821,247,0,7,,0,0,0,0,0,0,0,0,0,,2250,2226,,0,0,0,0
1613698691854,6,1010123456024,73,,1,0,18,1,2,,11.0162,863,184215,1.60106,247,0,6.6,,0,0,0,0,0,0,0,0,0,,2250,2196,,0,0,0,0
1613698692104,6,1010123456024,73,,1,0,18,1,2,,10.9481,828,184431,1.54518,238,0,6.66667,,0.1,30,0,0.1,9,11.1111,0,1.59174,31,,2250,2160,,0,0,0,2.1
1613698692354,6,1010123456024,73,,1,0,18,1,2,,10.092,848,183985,1.38522,241,0,6,,0,0,0,0,0,0,0,0,0,,2250,2142,,0,0,0,0
1613698692604,6,1010123456024,73,,1,0,18,1,2,,10.7661,872,184224,1.53462,249,0,6.66667,,0,0,0,0,0,0,0,0,0,,2250,2154,,0,0,0,0
1613698692854,6,1010123456024,73,,1,0,18,1,2,,4.84225,748,183805,0.734048,217,0,3.66667,,0,0,0,0,0,0,0,0,0,,2250,1701,,0,0,0,0
1613698693104,6,1010123456024,73,,1,0,18,1,2,,11.6235,842,183258,1.56998,240,0,7,,0.1,36,0,0.1,10,20,0,1.51534,31,,2250,2133,,0,0,0,3.33333
1613698693354,6,1010123456024,73,,1,0,18,1,2,,10.3006,865,183672,1.51216,247,0,6.16667,,0,0,0,0,0,0,0,0,0,,2250,2220,,0,0,0,0
1613698693604,6,1010123456024,73,,1,0,18,1,2,,7.86449,856,184568,1.08602,245,0,5.5,,0,0,0,0,0,0,0,0,0,,2250,2127,,0,0,0,0
1613698693854,6,1010123456024,73,,1,0,18,1,2,,10.8075,857,183813,1.4937,244,0,6.33333,,0,0,0,0,0,0,0,0,0,,2250,2154,,0,0,0,0
1613698694104,6,1010123456024,73,,1,0,18,1,2,,12.284,859,183366,1.84246,247,0,7,,4.26667,45,0,0.1,12,66.6667,0,3.62322,31,,2250,2199,,0,0,0,7.46667
1613698694354,6,1010123456024,73,,1,0,18,1,2,,10.4351,871,183306,1.48317,248,0,6.16667,,0,0,0,0,0,0,0,0,0,,2250,2154,,0,0,0,0
1613698694604,6,1010123456024,73,,1,0,18,1,2,,8.88738,808,183742,1.13293,232,0,6,,0,0,0,0,0,0,0,0,0,,2250,2049,,0,0,0,0
1613698694854,6,1010123456024,73,,1,0,18,1,2,,8.85529,850,184183,1.26221,244,0,5.66667,,0,0,0,0,0,0,0,0,0,,2250,2238,,0,0,0,0
1613698695104,6,1010123456024,73,,1,0,18,1,2,,14.2149,861,184362,2.31296,247,0,7.28571,,4.96552,29,0,0.1,9,44.4444,0,5.46517,31,,2250,2244,,0,0,0,4.72414
1613698695354,6,1010123456024,73,,1,0,18,1,2,,13.0069,869,178067,2.22922,247,0,8,,0,0,0,0,0,0,0,0,0,,2250,2199,,0,0,0,0
1613698695604,6,1010123456024,73,,1,0,18,1,2,,9.43684,847,183269,1.30547,244,0,5.83333,,0,0,0,0,0,0,0,0,0,,2250,2172,,0,0,0,0
1613698695854,6,1010123456024,73,,1,0,18,1,2,,10.9556,855,183358,1.53936,244,0,6.66667,,0,0,0,0,0,0,0,0,0,,2250,2166,,0,0,0,0
1613698696104,6,1010123456024,73,,1,0,18,1,2,,10.1871,850,183785,1.42928,245,0,6.42857,,1.36364,44,0,0.1,12,25,0,10.9961,31,,2250,2163,,0,0,0,3.45455
1613698696354,6,1010123456024,73,,1,0,18,1,2,,8.90334,838,183200,1.24493,239,0,5.83333,,0,0,0,0,0,0,0,0,0,,2250,2073,,0,0,0,0
1613698696604,6,1010123456024,73,,1,0,18,1,2,,12.1738,863,184021,1.75398,246,0,7.16667,,0,0,0,0,0,0,0,0,0,,2250,2178,,0,0,0,0
1613698696854,6,1010123456024,73,,1,0,18,1,2,,11.5147,853,183278,1.6335,245,0,6.83333,,0,0,0,0,0,0,0,0,0,,2250,2160,,0,0,0,0
1613698697104,6,1010123456024,73,,1,0,18,1,2,,12.3333,858,183871,1.85921,248,0,7,,5.09091,33,0,0.1,10,40,0,6.49971,31,,2250,2226,,0,0,0,4.27273
1613698697354,6,1010123456024,73,,1,0,18,1,2,,10.7767,860,183766,1.55574,245,0,6.5,,0,0,0,0,0,0,0,0,0,,2250,2214,,0,0,0,0
1613698697604,6,1010123456024,73,,1,0,18,1,2,,16.3656,867,176434,2.87978,249,0,9,,0,0,0,0,0,0,0,0,0,,2250,2172,,0,0,0,0
1613698697854,6,1010123456024,73,,1,0,18,1,2,,6.1438,758,184258,0.877952,218,0,4.16667,,0,0,0,0,0,0,0,0,0,,2250,1647,,0,0,0,0
1613698698104,6,1010123456024,73,,1,0,18,1,2,,6.88974,780,184113,0.823328,222,0,5,,0.1,31,0,0.1,8,37.5,0,3.76295,31,,2250,1626,,0,0,0,4.6129
1613698698354,6,1010123456024,73,,1,0,18,1,2,,11.417,861,184133,1.66742,247,0,6.5,,0.947368,38,0,0.1,10,80,0,4.38405,31,,2250,2157,,0,0,0,8.57895
1613698698604,6,1010123456024,73,,1,0,18,1,2,,6.95018,823,183416,0.932768,235,0,5,,0,0,0,0,0,0,0,0,0,,2250,1932,,0,0,0,0
1613698698854,6,1010123456024,73,,1,0,18,1,2,,11.1649,861,183681,1.58797,245,0,6.83333,,0,0,0,0,0,0,0,0,0,,2250,2202,,0,0,0,0
1613698699104,6,1010123456024,73,,1,0,18,1,2,,10.1824,850,184217,1.39408,245,0,6.16667,,0,12,0,0,4,100,0,0,0,,2250,2160,,0,0,0,0
1613698699354,6,1010123456024,73,,1,0,18,1,2,,11.6441,857,184415,1.63632,245,0,6.8,,0.1,7,0,0.1,2,0,0,0.935803,31,,2250,2169,,0,0,0,1
1613698699604,6,1010123456024,73,,1,0,18,1,2,,12.6528,864,184138,1.89242,248,0,7.16667,,0,0,0,0,0,0,0,0,0,,2250,2178,,0,0,0,0
1613698699854,6,1010123456024,73,,1,0,18,1,2,,11.2671,865,182827,1.58211,247,0,6.66667,,0,0,0,0,0,0,0,0,0,,2250,2181,,0,0,0,0
1613698700104,6,1010123456024,73,,1,0,18,1,2,,10.3788,858,184096,1.46659,245,0,6.42857,,6.25581,43,0,0.1,12,33.3333,0,7.97582,31,,2250,2190,,0,0,0,4.83721
1613698700354,6,1010123456024,73,,1,0,18,1,2,,9.37819,862,183057,1.31773,246,0,5.83333,,0,0,0,0,0,0,0,0,0,,2250,2106,,0,0,0,0
1613698700604,6,1010123456024,73,,1,0,18,1,2,,9.04094,855,184022,1.24381,245,0,5.83333,,0,0,0,0,0,0,0,0,0,,2250,2136,,0,0,0,0
1613698700854,6,1010123456024,73,,1,0,18,1,2,,10.9493,868,183223,1.52627,248,0,6.6,,0,0,0,0,0,0,0,0,0,,2250,2178,,0,0,0,0
1613698701104,6,1010123456024,73,,1,0,18,1,2,,11.0957,857,183505,1.57994,249,0,6.57143,,7.23288,73,0,0.1,21,71.4286,0,3.24945,31,,2250,2214,,0,0,0,8.0137
1613698701354,6,1010123456024,73,,1,0,18,1,2,,8.82214,759,184184,1.56909,219,0,5.16667,,0,0,0,0,0,0,0,0,0,,2250,1707,,0,0,0,0
1613698701604,6,1010123456024,73,,1,0,18,1,2,,7.22044,812,184034,0.952032,232,0,5.16667,,0,0,0,0,0,0,0,0,0,,2250,2004,,0,0,0,0
1613698701854,6,1010123456024,73,,1,0,18,1,2,,11.6345,859,182959,1.64006,246,0,6.8,,0,0,0,0,0,0,0,0,0,,2250,2157,,0,0,0,0
1613698702104,6,1010123456024,73,,1,0,18,1,2,,10.3916,858,183197,1.4879,245,0,6.42857,,0.1,28,0,0.1,8,12.5,0,4.09153,31,,2250,2217,,0,0,0,2.42857
1613698702354,6,1010123456024,73,,1,0,18,1,2,,11.5899,851,183389,1.63632,243,0,6.83333,,0,0,0,0,0,0,0,0,0,,2250,2196,,0,0,0,0
1613698702604,6,1010123456024,73,,1,0,18,1,2,,11.6632,858,183537,1.65645,246,0,6.83333,,0,0,0,0,0,0,0,0,0,,2250,2172,,0,0,0,0
1613698702854,6,1010123456024,73,,1,0,18,1,2,,10.1551,864,183064,1.38214,248,0,6.16667,,0,0,0,0,0,0,0,0,0,,2250,2112,,0,0,0,0
1613698703104,6,1010123456024,73,,1,0,18,1,2,,10.6725,864,183526,1.5368,247,0,6.42857,,0.1,35,0,0.1,10,50,0,1.03588,31,,2250,2175,,0,0,0,6.22857
1613698703354,6,1010123456024,73,,1,0,18,1,2,,8.9718,851,183852,1.24502,244,0,5.83333,,0,0,0,0,0,0,0,0,0,,2250,2142,,0,0,0,0
1613698703604,6,1010123456024,73,,1,0,18,1,2,,10.8105,855,183295,1.59081,246,0,6.5,,0,0,0,0,0,0,0,0,0,,2250,2226,,0,0,0,0
1613698703854,6,1010123456024,73,,1,0,18,1,2,,5.91342,820,183739,0.831776,236,0,4.16667,,0,0,0,0,0,0,0,0,0,,2250,1971,,0,0,0,0
1613698704104,6,1010123456024,73,,1,0,18,1,2,,11.1678,864,184049,1.57293,246,0,6.28571,,4.26667,45,0,0.1,12,66.6667,0,3.35682,31,,2250,2160,,0,0,0,7.6
1613698704354,6,1010123456024,73,,1,0,18,1,2,,8.35589,798,183080,1.0359,228,0,6,,0,0,0,0,0,0,0,0,0,,2250,1998,,0,0,0,0
1613698704604,6,1010123456024,73,,1,0,18,1,2,,10.3906,868,183572,1.45638,248,0,6.16667,,0,0,0,0,0,0,0,0,0,,2250,2154,,0,0,0,0
1613698704854,6,1010123456024,73,,1,0,18,1,2,,7.9323,842,183521,1.16134,241,0,5.16667,,0,0,0,0,0,0,0,0,0,,2250,2118,,0,0,0,0
1613698705104,6,1010123456024,73,,1,0,18,1,2,,8.85263,855,183487,1.24435,245,0,5.83333,,1.90909,88,0,0.1,25,64,0,3.04688,31,,2250,2196,,0,0,0,6.85227
1613698705354,6,1010123456024,73,,1,0,18,1,2,,13.3013,853,182737,2.02579,242,0,7.33333,,0,0,0,0,0,0,0,0,0,,2250,2166,,0,0,0,0
1613698705604,6,1010123456024,73,,1,0,18,1,2,,10.6355,867,183788,1.52144,248,0,6.5,,0,0,0,0,0,0,0,0,0,,2250,2157,,0,0,0,0
1613698705854,6,1010123456024,73,,1,0,18,1,2,,8.67485,815,183369,1.15082,234,0,5.66667,,0,0,0,0,0,0,0,0,0,,2250,2019,,0,0,0,0
1613698706104,6,1010123456024,73,,1,0,18,1,2,,13.9824,851,178770,2.22838,243,0,7.57143,,0.1,58,0,0.1,17,23.5294,0,1.0524,31,,2250,2220,,0,0,0,4.08621
1613698706354,6,1010123456024,73,,1,0,18,1,2,,9.8245,849,183920,1.31066,243,0,6.33333,,0,0,0,0,0,0,0,0,0,,2250,2070,,0,0,0,0
1613698706604,6,1010123456024,73,,1,0,18,1,2,,10.5828,851,183525,1.47053,244,0,6.4,,0,0,0,0,0,0,0,0,0,,2250,2142,,0,0,0,0
1613698706854,6,1010123456024,73,,1,0,18,1,2,,9.81786,851,183783,1.3856,243,0,6,,0,0,0,0,0,0,0,0,0,,2250,2094,,0,0,0,0
1613698707104,6,1010123456024,73,,1,0,18,1,2,,10.3912,841,184120,1.46464,245,0,6.42857,,0.1,33,0,0.1,9,22.2222,0,1.7354,31,,2250,2238,,0,0,0,3.18182
1613698707354,6,1010123456024,73,,1,0,18,1,2,,8.51185,844,183527,1.19754,241,0,5.66667,,0,0,0,0,0,0,0,0,0,,2250,2148,,0,0,0,0
1613698707604,6,1010123456024,73,,1,0,18,1,2,,10.3774,848,184159,1.44531,243,0,6.2,,0,0,0,0,0,0,0,0,0,,2250,2124,,0,0,0,0
1613698707854,6,1010123456024,73,,1,0,18,1,2,,10.0686,860,183259,1.38253,246,0,6.16667,,0,0,0,0,0,0,0,0,0,,2250,2154,,0,0,0,0
1613698708104,6,1010123456024,73,,1,0,18,1,2,,9.84072,835,183592,1.368,244,0,6.16667,,15.2,95,0,0.1,31,90.3226,0,3.22785,31,,2250,2127,,0,0,0,9.04912
1613698708354,6,1010123456024,73,,1,0,18,1,2,,9.93357,843,184322,1.4135,243,0,6,,0,0,0,0,0,0,0,0,0,,2250,2157,,0,0,0,0
1613698708604,6,1010123456024,73,,1,0,18,1,2,,6.49123,798,184105,0.876384,228,0,4.5,,0,0,0,0,0,0,0,0,0,,2250,1908,,0,0,0,0
1613698708854,6,1010123456024,73,,1,0,18,1,2,,6.61842,760,183262,1.11235,217,0,4.66667,,0,0,0,0,0,0,0,0,0,,2250,1629,,0,0,0,0
1613698709104,6,1010123456024,73,,1,0,18,1,2,,8.89068,805,183534,1.21309,236,0,5.85714,,3.30769,26,0,0.1,8,12.5,0,10.4359,31,,2250,2121,,0,0,0,2.38462
1613698709354,6,1010123456024,73,,1,0,18,1,2,,13.9296,866,183249,2.3064,247,0,7.66667,,0,0,0,0,0,0,0,0,0,,2250,2226,,0,0,0,0
1613698709604,6,1010123456024,73,,1,0,18,1,2,,8.5842,861,184391,1.19824,246,0,5.4,,0,0,0,0,0,0,0,0,0,,2250,2166,,0,0,0,0
1613698709854,6,1010123456024,73,,1,0,18,1,2,,10.6051,861,182981,1.48326,246,0,6.5,,0,0,0,0,0,0,0,0,0,,2250,2190,,0,0,0,0
1613698710104,6,1010123456024,73,,1,0,18,1,2,,11.3306,856,183775,1.57238,245,0,6.71429,,0.1,53,0,0.1,14,35.7143,0,1.34345,31,,2250,2157,,0,0,0,4.45283
1613698710354,6,1010123456024,73,,1,0,18,1,2,,10.4073,847,183606,1.46237,243,0,6.33333,,0,0,0,0,0,0,0,0,0,,2250,2157,,0,0,0,0
1613698710604,6,1010123456024,73,,1,0,18,1,2,,11.94,866,183846,1.73923,249,0,7,,0,0,0,0,0,0,0,0,0,,2250,2196,,0,0,0,0
1613698710854,6,1010123456024,73,,1,0,18,1,2,,8.80952,819,183753,1.17741,232,0,5.83333,,0,0,0,0,0,0,0,0,0,,2250,2073,,0,0,0,0
1613698711104,6,1010123456024,73,,1,0,18,1,2,,10.709,859,183716,1.55149,247,0,6.33333,,8.58108,74,0,0.1,21,71.4286,0,4.9893,31,,2250,2220,,0,0,0,8
1613698711354,6,1010123456024,73,,1,0,18,1,2,,10.7514,869,182957,1.52422,248,0,6.33333,,0,0,0,0,0,0,0,0,0,,2250,2250,,0,0,0,0
1613698711604,6,1010123456024,73,,1,0,18,1,2,,10.8808,856,183542,1.55178,245,0,6.5,,0,0,0,0,0,0,0,0,0,,2250,2166,,0,0,0,0
1613698711854,6,1010123456024,73,,1,0,18,1,2,,9.13498,852,183788,1.37642,244,0,5.83333,,0,0,0,0,0,0,0,0,0,,2250,2175,,0,0,0,0
1613698712104,6,1010123456024,73,,1,0,18,1,2,,9.69629,810,183655,1.33478,232,0,6.14286,,0.1,134,0,0.1,41,73.1707,0,1.39461,31,,2250,2007,,0,0,0,7.74627
1613698712354,6,1010123456024,73,,1,0,18,1,2,,11.1951,856,183829,1.55472,245,0,6.5,,0,0,0,0,0,0,0,0,0,,2250,2154,,0,0,0,0
1613698712604,6,1010123456024,73,,1,0,18,1,2,,5.54258,822,184471,0.796544,235,0,4.33333,,0,0,0,0,0,0,0,0,0,,2250,2010,,0,0,0,0
1613698712854,6,1010123456024,73,,1,0,18,1,2,,5.53554,816,184033,0.757568,234,0,4.5,,0,0,0,0,0,0,0,0,0,,2250,1932,,0,0,0,0
1613698713104,6,1010123456024,73,,1,0,18,1,2,,11.2194,866,183602,1.52326,247,0,6.71429,,1.71429,28,0,0.1,8,25,0,5.89815,31,,2250,2154,,0,0,0,3.75
1613698713354,6,1010123456024,73,,1,0,18,1,2,,10.3681,853,183601,1.48534,244,0,6.16667,,0,0,0,0,0,0,0,0,0,,2250,2178,,0,0,0,0
1613698713604,6,1010123456024,73,,1,0,18,1,2,,8.91515,825,184341,1.44518,238,0,6,,0,0,0,0,0,0,0,0,0,,2250,2070,,0,0,0,0
1613698713854,6,1010123456024,73,,1,0,18,1,2,,11.0023,856,183729,1.53952,243,0,6.83333,,0,0,0,0,0,0,0,0,0,,2250,2148,,0,0,0,0
1613698714104,6,1010123456024,73,,1,0,18,1,2,,11.2978,836,184428,1.61085,241,0,6.85714,,13,15,0,0,4,100,0,2.53883,0,,2250,2181,,0,0,0,10
1613698714354,6,1010123456024,73,,1,0,18,1,2,,10.4524,851,183500,1.43466,242,0,6.4,,6.75,32,0,0.1,10,70,0,8.62326,31,,2250,2124,,0,0,0,7.09375
1613698714604,6,1010123456024,73,,1,0,18,1,2,,8.37703,862,184274,1.21312,247,0,5,,0,0,0,0,0,0,0,0,0,,2250,2166,,0,0,0,0
1613698714854,6,1010123456024,73,,1,0,18,1,2,,10.1324,831,184421,1.72285,239,0,6.16667,,0,0,0,0,0,0,0,0,0,,2250,2052,,0,0,0,0
1613698715104,6,1010123456024,73,,1,0,18,1,2,,7.14559,783,183411,0.853141,225,0,5.28571,,6.725,40,0,0.1,12,41.6667,0,5.56626,31,,2250,1944,,0,0,0,5.6
1613698715354,6,1010123456024,73,,1,0,18,1,2,,9.53004,849,183777,1.34723,242,0,6,,0,0,0,0,0,0,0,0,0,,2250,2205,,0,0,0,0
1613698715604,6,1010123456024,73,,1,0,18,1,2,,11.5476,862,183838,1.64653,248,0,6.83333,,0,0,0,0,0,0,0,0,0,,2250,2178,,0,0,0,0
1613698715854,6,1010123456024,73,,1,0,18,1,2,,10.3734,857,184318,1.44979,246,0,6.2,,0,0,0,0,0,0,0,0,0,,2250,2202,,0,0,0,0
1613698716104,6,1010123456024,73,,1,0,18,1,2,,7.94458,812,184037,1.03366,233,0,5.57143,,11.6061,66,0,0.1,21,66.6667,0,5.05339,31,,2259,2034,,0,0,0,6.90909
1613698716354,6,1010123456024,73,,1,0,18,1,2,,10.3176,869,183911,1.42156,248,0,6.16667,,0,0,0,0,0,0,0,0,0,,2241,2145,,0,0,0,0
1613698716604,6,1010123456024,73,,1,0,18,1,2,,9.75,860,183309,1.34877,246,0,6,,0,0,0,0,0,0,0,0,0,,2250,2100,,0,0,0,0
1613698716854,6,1010123456024,73,,1,0,18,1,2,,9.32706,850,183804,1.28608,243,0,6,,0,0,0,0,0,0,0,0,0,,2250,2082,,0,0,0,0
1613698717104,6,1010123456024,73,,1,0,18,1,2,,9.03695,839,183066,1.22371,241,0,6,,12.4255,47,0,0.1,13,84.6154,0,4.69825,31,,2250,2130,,0,0,0,8.65957
1613698717354,6,1010123456024,73,,1,0,18,1,2,,11.4053,861,184376,1.59165,245,0,6.66667,,0,0,0,0,0,0,0,0,0,,2250,2175,,0,0,0,0
1613698717604,6,1010123456024,73,,1,0,18,1,2,,11.3499,863,183470,1.63651,247,0,6.66667,,0,0,0,0,0,0,0,0,0,,2250,2217,,0,0,0,0
1613698717854,6,1010123456024,73,,1,0,18,1,2,,11.6148,862,183786,1.62627,245,0,6.83333,,0,0,0,0,0,0,0,0,0,,2250,2172,,0,0,0,0
1613698718104,6,1010123456024,73,,1,0,18,1,2,,11.4472,852,183864,1.60604,248,0,6.71429,,14.6481,54,0,0.1,14,85.7143,0,5.78808,31,,2250,2136,,0,0,0,8.83333
1613698718354,6,1010123456024,73,,1,0,18,1,2,,10.4468,855,183986,1.44435,245,0,6.5,,0,0,0,0,0,0,0,0,0,,2250,2154,,0,0,0,0
1613698718604,6,1010123456024,73,,1,0,18,1,2,,11.8367,845,184201,1.63514,242,0,7,,0,0,0,0,0,0,0,0,0,,2250,2139,,0,0,0,0
1613698718854,6,1010123456024,73,,1,0,18,1,2,,11.9358,872,183779,1.74864,249,0,7,,0,0,0,0,0,0,0,0,0,,2250,2214,,0,0,0,0
1613698719104,6,1010123456024,73,,1,0,18,1,2,,11.0548,857,183608,1.55792,247,0,6.57143,,5.64286,42,0,0.1,12,66.6667,0,4.30787,31,,2250,2190,,0,0,0,7.09524
1613698719354,6,1010123456024,73,,1,0,18,1,2,,10.6571,872,184273,1.49168,249,0,6.16667,,0,0,0,0,0,0,0,0,0,,2250,2172,,0,0,0,0
1613698719604,6,1010123456024,73,,1,0,18,1,2,,9.34386,855,184052,1.30605,244,0,5.83333,,0,0,0,0,0,0,0,0,0,,2250,2130,,0,0,0,0
1613698719854,6,1010123456024,73,,1,0,18,1,2,,8.1969,838,183264,1.13208,240,0,5.33333,,0,0,0,0,0,0,0,0,0,,2250,2061,,0,0,0,0
1613698720104,6,1010123456024,73,,1,0,18,1,2,,9.06421,841,183510,1.32045,242,0,6,,0.1,45,0,0.1,12,50,0,0.577795,31,,2250,2172,,0,0,0,5.95556
1613698720354,6,1010123456024,73,,1,0,18,1,2,,8.64706,850,183574,1.21616,242,0,5.66667,,0,0,0,0,0,0,0,0,0,,2250,2115,,0,0,0,0
1613698720604,6,1010123456024,73,,1,0,18,1,2,,9.96056,862,184564,1.40301,246,0,6,,0,0,0,0,0,0,0,0,0,,2250,2154,,0,0,0,0
1613698720854,6,1010123456024,73,,1,0,18,1,2,,6.157,828,183406,0.867872,237,0,4.66667,,0,0,0,0,0,0,0,0,0,,2250,2019,,0,0,0,0
1613698721104,6,1010123456024,73,,1,0,18,1,2,,9.29657,816,183323,1.2096,234,0,5.71429,,0.1,45,0,0.1,13,53.8462,0,0.760583,31,,2250,2055,,0,0,0,6.35556
1613698721354,6,1010123456024,73,,1,0,18,1,2,,13.391,867,183172,2.18035,248,0,8,,0,0,0,0,0,0,0,0,0,,2250,2190,,0,0,0,0
1613698721604,6,1010123456024,73,,1,0,18,1,2,,9.83294,856,183116,1.37242,245,0,6,,0,0,0,0,0,0,0,0,0,,2250,2166,,0,0,0,0
1613698721854,6,1010123456024,73,,1,0,18,1,2,,12.7034,853,182642,1.84013,246,0,7.33333,,0,0,0,0,0,0,0,0,0,,2250,2163,,0,0,0,0
1613698722104,6,1010123456024,73,,1,0,18,1,2,,10.5427,844,183929,1.42432,242,0,6.28571,,3,48,0,0.1,14,57.1429,0,5.67602,31,,2250,2133,,0,0,0,6.0625
1613698722354,6,1010123456024,73,,1,0,18,1,2,,8.54106,828,184270,1.14,237,0,5.5,,0,0,0,0,0,0,0,0,0,,2250,2034,,0,0,0,0
1613698722604,6,1010123456024,73,,1,0,18,1,2,,8.86487,851,182753,1.216,243,0,5.83333,,0,0,0,0,0,0,0,0,0,,2250,2121,,0,0,0,0
1613698722854,6,1010123456024,73,,1,0,18,1,2,,10.9977,859,183222,1.53296,247,0,6.5,,0,0,0,0,0,0,0,0,0,,2250,2190,,0,0,0,0
1613698723104,6,1010123456024,73,,1,0,18,1,2,,7.77217,812,183344,1.06246,233,0,5.28571,,0,12,0,0,4,100,0,0,0,,2250,2046,,0,0,0,0
1613698723354,6,1010123456024,73,,1,0,18,1,2,,10.2668,862,183516,1.41818,245,0,6.5,,0.1,26,0,0.1,8,12.5,0,1.22979,31,,2250,2196,,0,0,0,2.19231
1613698723604,6,1010123456024,73,,1,0,18,1,2,,11.3634,875,183800,1.63226,250,0,6.66667,,0,0,0,0,0,0,0,0,0,,2250,2190,,0,0,0,0
1613698723854,6,1010123456024,73,,1,0,18,1,2,,11.2179,872,183059,1.57526,249,0,6.66667,,0,0,0,0,0,0,0,0,0,,2250,2154,,0,0,0,0
1613698724104,6,1010123456024,73,,1,0,18,1,2,,13.5064,865,183793,2.08384,248,0,7.57143,,4,39,0,0.1,11,36.3636,0,6.59023,31,,2250,2190,,0,0,0,4.46154
1613698724354,6,1010123456024,73,,1,0,18,1,2,,11.3956,862,184169,1.62525,247,0,6.66667,,0,0,0,0,0,0,0,0,0,,2250,2214,,0,0,0,0
1613698724604,6,1010123456024,73,,1,0,18,1,2,,10.2128,846,183820,1.39082,242,0,6.2,,0,0,0,0,0,0,0,0,0,,2250,2070,,0,0,0,0
1613698724854,6,1010123456024,73,,1,0,18,1,2,,9.14217,830,182983,1.26579,238,0,6,,0,0,0,0,0,0,0,0,0,,2250,2001,,0,0,0,0
1613698725104,6,1010123456024,73,,1,0,18,1,2,,12.7166,861,184112,1.85894,247,0,7.14286,,12.3684,19,0,0.1,6,66.6667,0,14.3667,31,,2250,2202,,0,0,0,6.68421
1613698725354,6,1010123456024,73,,1,0,18,1,2,,14.8716,857,177055,2.57187,245,0,9,,0,0,0,0,0,0,0,0,0,,2250,2136,,0,0,0,0
1613698725604,6,1010123456024,73,,1,0,18,1,2,,12.8471,870,183864,1.99914,249,0,7,,0,0,0,0,0,0,0,0,0,,2250,2190,,0,0,0,0
1613698725854,6,1010123456024,73,,1,0,18,1,2,,8.94286,840,184188,1.30435,242,0,5.83333,,0,0,0,0,0,0,0,0,0,,2250,2142,,0,0,0,0
1613698726104,6,1010123456024,73,,1,0,18,1,2,,10.2269,833,183956,1.38106,243,0,6.42857,,15,13,0,0,4,100,0,6.64215,0,,2250,2154,,0,0,0,10
1613698726354,6,1010123456024,73,,1,0,18,1,2,,11.2321,853,184002,1.544,244,0,6.66667,,15,16,0,0,4,100,0,1.56766,0,,2250,2130,,0,0,0,10
1613698726604,6,1010123456024,73,,1,0,18,1,2,,7.95986,847,184596,1.16607,242,0,5.5,,0,0,0,0,0,0,0,0,0,,2250,2208,,0,0,0,0
1613698726854,6,1010123456024,73,,1,0,18,1,2,,10.8192,863,183965,1.57773,247,0,6.5,,0,0,0,0,0,0,0,0,0,,2250,2220,,0,0,0,0
1613698727104,6,1010123456024,73,,1,0,18,1,2,,10.8355,845,184294,1.56365,243,0,6.28571,,0.1,33,0,0.1,9,11.1111,0,1.01284,31,,2250,2184,,0,0,0,4
1613698727354,6,1010123456024,73,,1,0,18,1,2,,9.19603,857,183249,1.2417,243,0,6.16667,,0,0,0,0,0,0,0,0,0,,2250,2112,,0,0,0,0
1613698727604,6,1010123456024,73,,1,0,18,1,2,,10.3059,863,184347,1.47462,248,0,6.16667,,0,0,0,0,0,0,0,0,0,,2250,2172,,0,0,0,0
1613698727854,6,1010123456024,73,,1,0,18,1,2,,10.7765,841,183438,1.50435,243,0,6.5,,0,0,0,0,0,0,0,0,0,,2250,2106,,0,0,0,0
1613698728104,6,1010123456024,73,,1,0,18,1,2,,9.1584,827,182949,1.21322,240,0,5.85714,,15.2472,89,0,0.11264,28,85.7143,0,4.62378,31,,2250,2082,,0,0,0,8.58427
1613698728354,6,1010123456024,73,,1,0,18,1,2,,10.9079,858,183891,1.46864,245,0,6.5,,0,0,0,0,0,0,0,0,0,,2250,2127,,0,0,0,0
1613698728604,6,1010123456024,73,,1,0,18,1,2,,11.6728,865,183645,1.65283,247,0,6.83333,,0,0,0,0,0,0,0,0,0,,2250,2184,,0,0,0,0
1613698728854,6,1010123456024,73,,1,0,18,1,2,,12.8951,858,176708,1.90349,246,0,7.66667,,0,0,0,0,0,0,0,0,0,,2250,2148,,0,0,0,0
1613698729104,6,1010123456024,73,,1,0,18,1,2,,11.1238,816,183157,1.95712,240,0,6.71429,,7,36,0,0.1,11,36.3636,0,8.88591,31,,2250,2019,,0,0,0,4.08333
1613698729354,6,1010123456024,73,,1,0,18,1,2,,9.69072,873,183227,1.41162,249,0,6,,0,0,0,0,0,0,0,0,0,,2250,2205,,0,0,0,0
1613698729604,6,1010123456024,73,,1,0,18,1,2,,8.71031,863,183503,1.16928,247,0,5.66667,,0,0,0,0,0,0,0,0,0,,2250,2067,,0,0,0,0
1613698729854,6,1010123456024,73,,1,0,18,1,2,,10.9153,862,183402,1.51542,247,0,6.5,,0,0,0,0,0,0,0,0,0,,2250,2154,,0,0,0,0
1613698730104,6,1010123456024,73,,1,0,18,1,2,,13.0116,860,183860,2.2488,247,0,7.42857,,4.74419,43,0,0.1,13,61.5385,0,10.3782,31,,2250,2232,,0,0,0,6.23256
1613698730354,6,1010123456024,73,,1,0,18,1,2,,11.2468,855,183272,1.5809,245,0,6.5,,0,0,0,0,0,0,0,0,0,,2250,2190,,0,0,0,0
1613698730604,6,1010123456024,73,,1,0,18,1,2,,9.87326,860,184324,1.36787,246,0,6.16667,,0,0,0,0,0,0,0,0,0,,2250,2172,,0,0,0,0
1613698730854,6,1010123456024,73,,1,0,18,1,2,,10.7474,871,183282,1.58301,249,0,6.5,,0,0,0,0,0,0,0,0,0,,2250,2238,,0,0,0,0
1613698731104,6,1010123456024,73,,1,0,18,1,2,,9.52948,831,183738,1.39023,247,0,5.42857,,15.2099,81,0,0.230297,26,76.9231,0,5.64956,31,,2250,2190,,0,0,0,7.81482
1613698731354,6,1010123456024,73,,1,0,18,1,2,,10.155,858,183763,1.38915,243,0,6.33333,,0,0,0,0,0,0,0,0,0,,2250,2178,,0,0,0,0
1613698731604,6,1010123456024,73,,1,0,18,1,2,,8.03667,818,183947,1.10361,235,0,5.33333,,0,0,0,0,0,0,0,0,0,,2250,2076,,0,0,0,0
1613698731854,6,1010123456024,73,,1,0,18,1,2,,13.6324,865,183671,2.28244,247,0,8,,0,0,0,0,0,0,0,0,0,,2250,2172,,0,0,0,0
1613698732104,6,1010123456024,73,,1,0,18,1,2,,10.6232,852,183639,1.4601,245,0,6.57143,,0.1,40,0,0.1,12,66.6667,0,1.17271,31,,2250,2106,,0,0,0,6.95
1613698732354,6,1010123456024,73,,1,0,18,1,2,,11.2204,862,183583,1.60466,247,0,6.5,,0,0,0,0,0,0,0,0,0,,2250,2196,,0,0,0,0
1613698732604,6,1010123456024,73,,1,0,18,1,2,,11.1008,863,183949,1.57744,247,0,6.66667,,0,0,0,0,0,0,0,0,0,,2250,2208,,0,0,0,0
1613698732854,6,1010123456024,73,,1,0,18,1,2,,11.1123,846,183650,1.58931,242,0,6.66667,,0,0,0,0,0,0,0,0,0,,2250,2133,,0,0,0,0
1613698733104,6,1010123456024,73,,1,0,18,1,2,,10.02,852,184399,1.38538,245,0,6.14286,,0.493151,73,0,0.1,19,57.8947,0,1.12358,31,,2250,2142,,0,0,0,6.67123
1613698733354,6,1010123456024,73,,1,0,18,1,2,,9.42267,847,183133,1.24192,241,0,6.16667,,0,0,0,0,0,0,0,0,0,,2250,2064,,0,0,0,0
1613698733604,6,1010123456024,73,,1,0,18,1,2,,9.40376,852,183101,1.35123,245,0,5.83333,,0,0,0,0,0,0,0,0,0,,2250,2142,,0,0,0,0
1613698733854,6,1010123456024,73,,1,0,18,1,2,,10.3702,859,183400,1.43024,245,0,6.33333,,0,0,0,0,0,0,0,0,0,,2250,2184,,0,0,0,0
1613698734104,6,1010123456024,73,,1,0,18,1,2,,6.34234,777,183484,0.804128,226,0,4.85714,,0.1,119,0,0.1,33,87.8788,0,0.472661,31,,2250,1821,,0,0,0,9.16807
1613698734354,6,1010123456024,73,,1,0,18,1,2,,10.1965,855,183765,1.45888,246,0,6.33333,,0,0,0,0,0,0,0,0,0,,2250,2187,,0,0,0,0
1613698734604,6,1010123456024,73,,1,0,18,1,2,,11.0106,852,180269,1.58747,243,0,7,,0,0,0,0,0,0,0,0,0,,2250,2148,,0,0,0,0
1613698734854,6,1010123456024,73,,1,0,18,1,2,,10.4479,864,183652,1.74509,247,0,6,,0,0,0,0,0,0,0,0,0,,2250,2208,,0,0,0,0
1613698735104,6,1010123456024,73,,1,0,18,1,2,,10.1649,861,183658,1.41888,248,0,6.16667,,0.1,66,0,0.1,19,31.5789,0,2.4842,31,,2250,2172,,0,0,0,3.9697
1613698735354,6,1010123456024,73,,1,0,18,1,2,,9.91132,857,183767,1.35389,245,0,6.16667,,0,0,0,0,0,0,0,0,0,,2250,2160,,0,0,0,0
1613698735604,6,1010123456024,73,,1,0,18,1,2,,10.0604,844,184405,1.35011,243,0,6.16667,,0,0,0,0,0,0,0,0,0,,2250,2070,,0,0,0,0
1613698735854,6,1010123456024,73,,1,0,18,1,2,,8.83372,854,183365,1.23002,244,0,5.8,,0,0,0,0,0,0,0,0,0,,2250,2160,,0,0,0,0
1613698736104,6,1010123456024,73,,1,0,18,1,2,,11.3753,866,184135,1.60733,249,0,6.83333,,0.1,102,0,0.1,30,53.3333,0,2.05839,31,,2250,2178,,0,0,0,6.67647
1613698736354,6,1010123456024,73,,1,0,18,1,2,,10.6363,855,183770,1.46005,244,0,6.5,,0,0,0,0,0,0,0,0,0,,2250,2145,,0,0,0,0
1613698736604,6,1010123456024,73,,1,0,18,1,2,,10.8002,866,183665,1.53251,247,0,6.33333,,0,0,0,0,0,0,0,0,0,,2250,2172,,0,0,0,0
1613698736854,6,1010123456024,73,,1,0,18,1,2,,9.66275,851,183735,1.38978,243,0,6.16667,,0,0,0,0,0,0,0,0,0,,2250,2226,,0,0,0,0
1613698737104,6,1010123456024,73,,1,0,18,1,2,,8.19952,832,184070,1.18832,242,0,5.14286,,15.0986,71,0,0.1,23,86.9565,0,2.95722,31,,2250,2160,,0,0,0,8.85915
1613698737354,6,1010123456024,73,,1,0,18,1,2,,10.636,860,183855,1.51965,246,0,6.5,,0,0,0,0,0,0,0,0,0,,2250,2190,,0,0,0,0
1613698737604,6,1010123456024,73,,1,0,18,1,2,,10.2054,852,184492,1.41178,244,0,6.33333,,0,0,0,0,0,0,0,0,0,,2250,2184,,0,0,0,0
1613698737854,6,1010123456024,73,,1,0,18,1,2,,10.874,857,184050,1.51949,246,0,6.5,,0,0,0,0,0,0,0,0,0,,2250,2172,,0,0,0,0
1613698738104,6,1010123456024,73,,1,0,18,1,2,,9.36951,820,184265,1.3535,241,0,5.42857,,2.80851,47,0,0.1,14,35.7143,0,9.41119,31,,2250,2148,,0,0,0,4.21277
1613698738354,6,1010123456024,73,,1,0,18,1,2,,9.17193,855,182904,1.20694,244,0,6,,0,0,0,0,0,0,0,0,0,,2250,2106,,0,0,0,0
1613698738604,6,1010123456024,73,,1,0,18,1,2,,11.7806,866,184302,1.67818,247,0,7,,0,0,0,0,0,0,0,0,0,,2250,2202,,0,0,0,0
1613698738854,6,1010123456024,73,,1,0,18,1,2,,9.33768,844,183786,1.2432,240,0,5.83333,,0,0,0,0,0,0,0,0,0,,2250,2094,,0,0,0,0
1613698739104,6,1010123456024,73,,1,0,18,1,2,,11.4832,865,183923,1.73283,248,0,6.71429,,3.8913,46,0,0.1,14,21.4286,0,9.59114,31,,2250,2172,,0,0,0,2.76087
1613698739354,6,1010123456024,73,,1,0,18,1,2,,6.60351,855,183328,0.970635,244,0,4.33333,,0,0,0,0,0,0,0,0,0,,2250,2124,,0,0,0,0
1613698739604,6,1010123456024,73,,1,0,18,1,2,,14.0047,858,184042,2.39098,246,0,8,,0,0,0,0,0,0,0,0,0,,2250,2214,,0,0,0,0
1613698739854,6,1010123456024,73,,1,0,18,1,2,,11.4197,865,183363,1.61914,248,0,6.66667,,0,0,0,0,0,0,0,0,0,,2250,2196,,0,0,0,0
1613698740104,6,1010123456024,73,,1,0,18,1,2,,11.0155,841,183755,1.53946,244,0,6.57143,,8.26415,53,0,0.1,17,58.8235,0,6.24808,31,,2250,2193,,0,0,0,6.92453
1613698740354,6,1010123456024,73,,1,0,18,1,2,,8.05804,827,184220,1.16733,238,0,4.83333,,0,0,0,0,0,0,0,0,0,,2250,2085,,0,0,0,0
1613698740604,6,1010123456024,73,,1,0,18,1,2,,6.54177,838,182974,0.862683,238,0,5.16667,,0,0,0,0,0,0,0,0,0,,2250,2016,,0,0,0,0
1613698740854,6,1010123456024,73,,1,0,18,1,2,,10.2816,863,183708,1.57434,245,0,6.33333,,0,0,0,0,0,0,0,0,0,,2250,2220,,0,0,0,0
1613698741104,6,1010123456024,73,,1,0,18,1,2,,8.85784,816,183075,1.19454,236,0,5.85714,,0.1,13,0,0,4,100,0,0.243028,0,,2250,2082,,0,0,0,10
1613698741354,6,1010123456024,73,,1,0,18,1,2,,11.9433,864,183781,1.75715,247,0,7,,5.77778,27,0,0.1,8,50,0,9.03164,31,,2250,2244,,0,0,0,5.33333
1613698741604,6,1010123456024,73,,1,0,18,1,2,,10.8123,863,184097,1.54019,247,0,6.5,,0,12,0,0,4,100,0,0,0,,2250,2190,,0,0,0,0
1613698741854,6,1010123456024,73,,1,0,18,1,2,,11.8987,869,183198,1.76406,249,0,7,,0,0,0,0,0,0,0,0,0,,2250,2244,,0,0,0,0
1613698742104,6,1010123456024,73,,1,0,18,1,2,,9.12121,858,183669,1.32694,246,0,6,,0.1,39,0,0.1,11,27.2727,0,3.27696,31,,2250,2202,,0,0,0,4.76923
1613698742354,6,1010123456024,73,,1,0,18,1,2,,9.82763,847,184389,1.30102,243,0,6,,0,0,0,0,0,0,0,0,0,,2250,2058,,0,0,0,0
1613698742604,6,1010123456024,73,,1,0,18,1,2,,10.1876,853,183877,1.42464,246,0,6.16667,,0,0,0,0,0,0,0,0,0,,2250,2163,,0,0,0,0
1613698742854,6,1010123456024,73,,1,0,18,1,2,,12.1134,864,184127,1.85904,247,0,7.16667,,0,0,0,0,0,0,0,0,0,,2250,2133,,0,0,0,0
1613698743104,6,1010123456024,73,,1,0,18,1,2,,9.41432,852,183512,1.34816,246,0,5.85714,,0.1,82,0,0.1,24,50,0,1.86127,31,,2250,2184,,0,0,0,6.56098
1613698743354,6,1010123456024,73,,1,0,18,1,2,,10.5105,856,184306,1.46525,244,0,6.66667,,0,0,0,0,0,0,0,0,0,,2250,2181,,0,0,0,0
1613698743604,6,1010123456024,73,,1,0,18,1,2,,11.448,875,184182,1.64134,250,0,6.66667,,0,0,0,0,0,0,0,0,0,,2250,2202,,0,0,0,0
1613698743854,6,1010123456024,73,,1,0,18,1,2,,11.2363,859,183537,1.59133,245,0,6.66667,,0,0,0,0,0,0,0,0,0,,2250,2178,,0,0,0,0
1613698744104,6,1010123456024,73,,1,0,18,1,2,,8.56083,822,183258,1.20083,241,0,5.57143,,0.1,87,0,0.1,25,68,0,3.29839,31,,2250,2175,,0,0,0,7.25287
1613698744354,6,1010123456024,73,,1,0,18,1,2,,10.4111,866,183654,1.48221,247,0,6.5,,0,0,0,0,0,0,0,0,0,,2250,2205,,0,0,0,0
1613698744604,6,1010123456024,73,,1,0,18,1,2,,11.0287,870,183819,1.57805,250,0,6.66667,,0,0,0,0,0,0,0,0,0,,2250,2208,,0,0,0,0
1613698744854,6,1010123456024,73,,1,0,18,1,2,,11.1866,863,183178,1.5752,247,0,6.5,,0,0,0,0,0,0,0,0,0,,2250,2178,,0,0,0,0
1613698745104,6,1010123456024,73,,1,0,18,1,2,,11.8395,860,183740,1.70733,246,0,7,,4.36364,44,0,0.1,12,66.6667,0,3.38142,31,,2250,2214,,0,0,0,7.34091
1613698745354,6,1010123456024,73,,1,0,18,1,2,,11.5789,874,183469,1.70592,250,0,6.66667,,0,0,0,0,0,0,0,0,0,,2250,2232,,0,0,0,0
1613698745604,6,1010123456024,73,,1,0,18,1,2,,8.75,844,184474,1.19949,242,0,5.66667,,0,0,0,0,0,0,0,0,0,,2250,2133,,0,0,0,0
1613698745854,6,1010123456024,73,,1,0,18,1,2,,9.23412,850,183908,1.27872,243,0,6,,0,0,0,0,0,0,0,0,0,,2250,2100,,0,0,0,0
1613698746104,6,1010123456024,73,,1,0,18,1,2,,9.71547,847,183944,1.38323,244,0,6.14286,,3.46667,45,0,0.1,14,64.2857,0,2.31559,31,,2250,2136,,0,0,0,6.8
1613698746354,6,1010123456024,73,,1,0,18,1,2,,10.9383,859,184189,1.49536,245,0,6.5,,0,0,0,0,0,0,0,0,0,,2250,2142,,0,0,0,0
1613698746604,6,1010123456024,73,,1,0,18,1,2,,11.1561,865,183785,1.56243,248,0,6.5,,0,0,0,0,0,0,0,0,0,,2250,2190,,0,0,0,0
1613698746854,6,1010123456024,73,,1,0,18,1,2,,9.73341,859,183542,1.36534,246,0,6,,0,0,0,0,0,0,0,0,0,,2250,2184,,0,0,0,0
1613698747104,6,1010123456024,73,,1,0,18,1,2,,10.7036,840,184496,1.57542,239,0,6.42857,,4.26087,46,0,0.1,14,64.2857,0,7.13889,31,,2250,2112,,0,0,0,6.28261
1613698747354,6,1010123456024,73,,1,0,18,1,2,,9.62005,858,183664,1.31997,246,0,6.16667,,0,0,0,0,0,0,0,0,0,,2250,2160,,0,0,0,0
1613698747604,6,1010123456024,73,,1,0,18,1,2,,15.9977,869,184261,2.8392,249,0,8.66667,,0,0,0,0,0,0,0,0,0,,2250,2190,,0,0,0,0
1613698747854,6,1010123456024,73,,1,0,18,1,2,,15.3945,867,183378,2.76208,248,0,8.5,,0,0,0,0,0,0,0,0,0,,2250,2226,,0,0,0,0
1613698748104,6,1010123456024,73,,1,0,18,1,2,,13.0893,851,183924,1.95011,247,0,7.42857,,8.52174,69,0,0.1,21,61.9048,0,5.02413,31,,2250,2199,,0,0,0,6.47826
1613698748354,6,1010123456024,73,,1,0,18,1,2,,6.53416,805,183404,0.916288,230,0,4.5,,0,0,0,0,0,0,0,0,0,,2250,2001,,0,0,0,0
1613698748604,6,1010123456024,73,,1,0,18,1,2,,9.04904,836,183023,1.25626,239,0,6.16667,,0,0,0,0,0,0,0,0,0,,2250,2133,,0,0,0,0
1613698748854,6,1010123456024,73,,1,0,18,1,2,,9.95853,868,183140,1.40218,248,0,6.16667,,0,0,0,0,0,0,0,0,0,,2250,2187,,0,0,0,0
1613698749104,6,1010123456024,73,,1,0,18,1,2,,10.9227,841,183095,1.5032,243,0,6.5,,10.8421,19,0,0.1,6,66.6667,0,11.0125,31,,2250,2175,,0,0,0,7.15789
1613698749354,6,1010123456024,73,,1,0,18,1,2,,11.6705,862,183048,1.68787,246,0,6.83333,,0,0,0,0,0,0,0,0,0,,2250,2232,,0,0,0,0
1613698749604,6,1010123456024,73,,1,0,18,1,2,,9.57159,866,184348,1.428,248,0,5.5,,0,0,0,0,0,0,0,0,0,,2250,2178,,0,0,0,0
1613698749854,6,1010123456024,73,,1,0,18,1,2,,11.4117,872,184320,1.64995,249,0,6.66667,,0,0,0,0,0,0,0,0,0,,2250,2190,,0,0,0,0
1613698750104,6,1010123456024,73,,1,0,18,1,2,,11.3159,842,183593,1.60496,245,0,6.71429,,1.84,50,0,0.1,15,40,0,4.48732,31,,2250,2244,,0,0,0,4.86
1613698750354,6,1010123456024,73,,1,0,18,1,2,,11.6387,869,184233,1.6745,248,0,6.83333,,0,0,0,0,0,0,0,0,0,,2250,2202,,0,0,0,0
1613698750604,6,1010123456024,73,,1,0,18,1,2,,9.93209,854,183506,1.38847,244,0,6.16667,,0,0,0,0,0,0,0,0,0,,2250,2118,,0,0,0,0
1613698750854,6,1010123456024,73,,1,0,18,1,2,,11.5336,864,183217,1.65146,248,0,6.8,,0,0,0,0,0,0,0,0,0,,2250,2184,,0,0,0,0
1613698751104,6,1010123456024,73,,1,0,18,1,2,,10.8244,860,184009,1.53574,246,0,6.57143,,6.85714,42,0,0.1,13,61.5385,0,6.52476,31,,2250,2187,,0,0,0,6.42857
1613698751354,6,1010123456024,73,,1,0,18,1,2,,10.5409,856,184222,1.50635,245,0,6.33333,,0,0,0,0,0,0,0,0,0,,2250,2190,,0,0,0,0
1613698751604,6,1010123456024,73,,1,0,18,1,2,,13.321,838,183799,2.18192,239,0,6.6,,0,0,0,0,0,0,0,0,0,,2250,2070,,0,0,0,0
1613698751854,6,1010123456024,73,,1,0,18,1,2,,11.7776,868,184197,1.68435,248,0,7.16667,,0,0,0,0,0,0,0,0,0,,2250,2175,,0,0,0,0
1613698752104,6,1010123456024,73,,1,0,18,1,2,,11.434,848,184424,1.54806,245,0,6.85714,,0.1,100,0,0.1,30,56.6667,0,0.779664,31,,2250,2079,,0,0,0,6.5
1613698752354,6,1010123456024,73,,1,0,18,1,2,,10.6429,857,182985,1.49939,244,0,6.5,,0,0,0,0,0,0,0,0,0,,2250,2154,,0,0,0,0
1613698752604,6,1010123456024,73,,1,0,18,1,2,,11.6796,852,183352,1.67696,245,0,6.83333,,0,0,0,0,0,0,0,0,0,,2250,2226,,0,0,0,0
1613698752854,6,1010123456024,73,,1,0,18,1,2,,11.3476,863,184361,1.56458,247,0,6.66667,,0,0,0,0,0,0,0,0,0,,2250,2136,,0,0,0,0
1613698753104,6,1010123456024,73,,1,0,18,1,2,,11.8877,864,183860,1.70512,249,0,7,,6.65217,46,0,0.1,13,46.1538,0,8.38944,31,,2250,2172,,0,0,0,5.65217
1613698753354,6,1010123456024,73,,1,0,18,1,2,,11.2658,869,183649,1.6107,249,0,6.66667,,0,0,0,0,0,0,0,0,0,,2250,2184,,0,0,0,0
1613698753604,6,1010123456024,73,,1,0,18,1,2,,8.30797,841,179005,1.65523,240,0,5.66667,,0,0,0,0,0,0,0,0,0,,2250,2046,,0,0,0,0
1613698753854,6,1010123456024,73,,1,0,18,1,2,,10.596,854,183026,1.54086,246,0,6.5,,0,0,0,0,0,0,0,0,0,,2250,2178,,0,0,0,0
1613698754104,6,1010123456024,73,,1,0,18,1,2,,11.2108,854,183274,1.52301,244,0,6.71429,,6.97674,43,0,0.1,12,66.6667,0,2.66762,31,,2250,2154,,0,0,0,7.51163
1613698754354,6,1010123456024,73,,1,0,18,1,2,,10.3243,851,183319,1.42093,243,0,6.16667,,0,0,0,0,0,0,0,0,0,,2250,2148,,0,0,0,0
1613698754604,6,1010123456024,73,,1,0,18,1,2,,9.97575,866,183168,1.4015,247,0,6.16667,,0,0,0,0,0,0,0,0,0,,2250,2190,,0,0,0,0
1613698754854,6,1010123456024,73,,1,0,18,1,2,,11.9017,875,182816,1.70042,250,0,7,,0,0,0,0,0,0,0,0,0,,2250,2154,,0,0,0,0
1613698755104,6,1010123456024,73,,1,0,18,1,2,,8.6285,821,183068,1.1849,236,0,6,,0.1,39,0,0.1,11,27.2727,0,1.47869,31,,2250,2103,,0,0,0,4.76923
1613698755354,6,1010123456024,73,,1,0,18,1,2,,10.8784,872,183345,1.53822,249,0,6.5,,0,0,0,0,0,0,0,0,0,,2250,2202,,0,0,0,0
1613698755604,6,1010123456024,73,,1,0,18,1,2,,9.81601,837,183932,1.38589,240,0,6,,0,0,0,0,0,0,0,0,0,,2250,2097,,0,0,0,0
1613698755854,6,1010123456024,73,,1,0,18,1,2,,9.18531,858,183911,1.25254,245,0,5.83333,,0,0,0,0,0,0,0,0,0,,2250,2172,,0,0,0,0
1613698756104,6,1010123456024,73,,1,0,18,1,2,,11.8872,869,183997,1.71533,248,0,7,,0.1,26,0,0.1,8,0,0,4.91869,31,,2250,2214,,0,0,0,1
1613698756354,6,1010123456024,73,,1,0,18,1,2,,12.0867,865,183616,1.77968,247,0,7.16667,,0,0,0,0,0,0,0,0,0,,2250,2244,,0,0,0,0
1613698756604,6,1010123456024,73,,1,0,18,1,2,,9.13287,858,184358,1.32992,245,0,5.66667,,0,0,0,0,0,0,0,0,0,,2250,2139,,0,0,0,0
1613698756854,6,1010123456024,73,,1,0,18,1,2,,14.211,872,183644,2.42435,249,0,8,,0,0,0,0,0,0,0,0,0,,2250,2190,,0,0,0,0
1613698757104,6,1010123456024,73,,1,0,18,1,2,,11.451,816,183759,1.60029,241,0,6.71429,,12.6889,90,0,0.1,29,82.7586,0,4.31459,31,,2250,2184,,0,0,0,8.46667
1613698757354,6,1010123456024,73,,1,0,18,1,2,,11.0487,863,183908,1.62118,248,0,6.5,,0,0,0,0,0,0,0,0,0,,2250,2190,,0,0,0,0
1613698757604,6,1010123456024,73,,1,0,18,1,2,,10.7243,856,183487,1.4667,245,0,6.66667,,0,0,0,0,0,0,0,0,0,,2250,2121,,0,0,0,0
1613698757854,6,1010123456024,73,,1,0,18,1,2,,10.1692,863,183640,1.45094,246,0,6.16667,,0,0,0,0,0,0,0,0,0,,2250,2220,,0,0,0,0
1613698758104,6,1010123456024,73,,1,0,18,1,2,,11.0386,854,184259,1.51008,244,0,6.57143,,0.1,73,0,0.1,20,40,0,2.67097,31,,2250,2163,,0,0,0,6.28767
1613698758354,6,1010123456024,73,,1,0,18,1,2,,8.56624,853,183891,1.19366,244,0,5.66667,,0,0,0,0,0,0,0,0,0,,2250,2130,,0,0,0,0
1613698758604,6,1010123456024,73,,1,0,18,1,2,,10.4902,867,183005,1.48986,248,0,6.33333,,0,0,0,0,0,0,0,0,0,,2250,2178,,0,0,0,0
1613698758854,6,1010123456024,73,,1,0,18,1,2,,10.4433,855,183943,1.5055,245,0,6.33333,,0,0,0,0,0,0,0,0,0,,2250,2184,,0,0,0,0
1613698759104,6,1010123456024,73,,1,0,18,1,2,,12.8286,846,184251,2.12045,246,0,7.8,,4.23529,34,0,0.1,11,45.4545,0,2.98192,31,,2250,2139,,0,0,0,5.20588
1613698759354,6,1010123456024,73,,1,0,18,1,2,,9.24324,851,183990,1.22941,243,0,5.83333,,0,0,0,0,0,0,0,0,0,,2250,2043,,0,0,0,0
1613698759604,6,1010123456024,73,,1,0,18,1,2,,8.49406,842,182873,1.17024,242,0,5.5,,0,0,0,0,0,0,0,0,0,,2250,2079,,0,0,0,0
1613698759854,6,1010123456024,73,,1,0,18,1,2,,10.9347,858,183805,1.52003,245,0,6.5,,0,0,0,0,0,0,0,0,0,,2250,2175,,0,0,0,0
1613698760104,6,1010123456024,73,,1,0,18,1,2,,9.07168,851,183337,1.29899,245,0,6,,0.1,37,0,0.1,11,36.3636,0,3.30179,31,,2250,2196,,0,0,0,4.89189
1613698760354,6,1010123456024,73,,1,0,18,1,2,,9.23844,843,183459,1.32854,241,0,5.83333,,0,0,0,0,0,0,0,0,0,,2250,2175,,0,0,0,0
1613698760604,6,1010123456024,73,,1,0,18,1,2,,8.63592,813,184264,1.09779,232,0,6.16667,,0,0,0,0,0,0,0,0,0,,2250,1959,,0,0,0,0
1613698760854,6,1010123456024,73,,1,0,18,1,2,,9.05079,827,183818,1.34253,237,0,5.66667,,0,0,0,0,0,0,0,0,0,,2250,2040,,0,0,0,0
1613698761104,6,1010123456024,73,,1,0,18,1,2,,10.0757,859,183234,1.39814,246,0,6.28571,,0.1,28,0,0.1,8,12.5,0,5.13809,31,,2250,2190,,0,0,0,2.5
1613698761354,6,1010123456024,73,,1,0,18,1,2,,9.40754,849,183454,1.32454,243,0,6,,0,0,0,0,0,0,0,0,0,,2250,2115,,0,0,0,0
1613698761604,6,1010123456024,73,,1,0,18,1,2,,9.50703,854,183463,1.35488,244,0,6,,0,0,0,0,0,0,0,0,0,,2250,2202,,0,0,0,0
1613698761854,6,1010123456024,73,,1,0,18,1,2,,9.75459,872,184010,1.45053,249,0,6.16667,,0,0,0,0,0,0,0,0,0,,2250,2226,,0,0,0,0
1613698762104,6,1010123456024,73,,1,0,18,1,2,,10.4147,856,183830,1.48173,246,0,6.28571,,0.9375,48,0,0.1,13,30.7692,0,3.75171,31,,2250,2148,,0,0,0,4.08333
1613698762354,6,1010123456024,73,,1,0,18,1,2,,10.7942,860,184369,1.50989,246,0,6.83333,,0,0,0,0,0,0,0,0,0,,2250,2172,,0,0,0,0
1613698762604,6,1010123456024,73,,1,0,18,1,2,,11.5746,851,183678,1.62811,243,0,6.83333,,0,0,0,0,0,0,0,0,0,,2250,2157,,0,0,0,0
1613698762854,6,1010123456024,73,,1,0,18,1,2,,9.68978,851,183813,1.35059,243,0,6.16667,,0,0,0,0,0,0,0,0,0,,2250,2133,,0,0,0,0
1613698763104,6,1010123456024,73,,1,0,18,1,2,,8.07971,828,184302,1.08298,239,0,5.71429,,15,40,0,0,12,100,0,0.535886,0,,2250,2031,,0,0,0,10
1613698763354,6,1010123456024,73,,1,0,18,1,2,,9.67548,832,183882,1.33373,238,0,6,,0,3,0,0.1,1,0,0,0,31,,2250,2130,,0,0,0,0
1613698763604,6,1010123456024,73,,1,0,18,1,2,,10.0208,865,184607,1.39531,247,0,6.16667,,0.1,4,0,0.1,1,0,0,1.41465,0,,2250,2142,,0,0,0,1
1613698763854,6,1010123456024,73,,1,0,18,1,2,,11.8754,867,184174,1.73658,248,0,7,,0,0,0,0,0,0,0,0,0,,2268,2262,,0,0,0,0
1613698764104,6,1010123456024,73,,1,0,18,1,2,,7.65375,826,183947,1.07506,240,0,5.42857,,2.33333,72,0,0.1,21,61.9048,0,4.41844,31,,2232,2082,,0,0,0,6.75
1613698764354,6,1010123456024,73,,1,0,18,1,2,,11.5863,863,183278,1.66496,246,0,6.66667,,0,0,0,0,0,0,0,0,0,,2250,2220,,0,0,0,0
1613698764604,6,1010123456024,73,,1,0,18,1,2,,10.4797,861,184065,1.42502,246,0,6.33333,,0,0,0,0,0,0,0,0,0,,2250,2145,,0,0,0,0
1613698764854,6,1010123456024,73,,1,0,18,1,2,,12.0179,840,184475,1.90867,242,0,6.83333,,0,0,0,0,0,0,0,0,0,,2250,2079,,0,0,0,0
1613698765104,6,1010123456024,73,,1,0,18,1,2,,9.92048,830,183489,1.33814,235,0,6.28571,,3.42857,42,0,0.1,12,66.6667,0,4.23834,31,,2250,2115,,0,0,0,7.07143
1613698765354,6,1010123456024,73,,1,0,18,1,2,,11.6347,865,184161,1.67206,248,0,6.83333,,0,0,0,0,0,0,0,0,0,,2250,2190,,0,0,0,0
1613698765604,6,1010123456024,73,,1,0,18,1,2,,7.7485,835,184084,1.04993,238,0,5.33333,,0,0,0,0,0,0,0,0,0,,2250,2055,,0,0,0,0
1613698765854,6,1010123456024,73,,1,0,18,1,2,,11.0693,851,184419,1.5552,244,0,6.5,,0,0,0,0,0,0,0,0,0,,2250,2190,,0,0,0,0
1613698766104,6,1010123456024,73,,1,0,18,1,2,,9.4841,849,184112,1.33811,245,0,6,,0.527778,36,0,0.1,10,10,0,11.4543,31,,2250,2124,,0,0,0,2.05556
1613698766354,6,1010123456024,73,,1,0,18,1,2,,13.4818,853,184044,2.03334,244,0,7.66667,,0,0,0,0,0,0,0,0,0,,2250,2184,,0,0,0,0
1613698766604,6,1010123456024,73,,1,0,18,1,2,,11.4554,863,182605,1.64867,247,0,6.66667,,0,0,0,0,0,0,0,0,0,,2250,2226,,0,0,0,0
1613698766854,6,1010123456024,73,,1,0,18,1,2,,10.8806,863,184002,1.51651,247,0,6.5,,0,0,0,0,0,0,0,0,0,,2250,2154,,0,0,0,0
1613698767104,6,1010123456024,73,,1,0,18,1,2,,11.4279,846,183350,1.61936,247,0,6.57143,,0,10,0,0,4,100,0,0,0,,2250,2208,,0,0,0,0
1613698767354,6,1010123456024,73,,1,0,18,1,2,,8.81149,870,183119,1.22026,248,0,5.66667,,0.1,26,0,0.1,7,14.2857,0,1.37032,31,,2250,2136,,0,0,0,2.69231
1613698767604,6,1010123456024,73,,1,0,18,1,2,,13.3341,820,184039,2.00867,235,0,7.6,,0,0,0,0,0,0,0,0,0,,2250,2079,,0,0,0,0
1613698767854,6,1010123456024,73,,1,0,18,1,2,,11.5046,872,183139,1.64762,248,0,7,,0,0,0,0,0,0,0,0,0,,2250,2208,,0,0,0,0
1613698768104,6,1010123456024,73,,1,0,18,1,2,,10.7285,836,183563,1.48454,240,0,6.5,,1.77778,27,0,0.1,8,25,0,5.52431,31,,2250,2187,,0,0,0,3.40741
1613698768354,6,1010123456024,73,,1,0,18,1,2,,11.6114,875,183481,1.69197,250,0,6.83333,,0,0,0,0,0,0,0,0,0,,2250,2214,,0,0,0,0
1613698768604,6,1010123456024,73,,1,0,18,1,2,,10.9781,867,183403,1.59667,248,0,6.66667,,0,0,0,0,0,0,0,0,0,,2250,2208,,0,0,0,0
1613698768854,6,1010123456024,73,,1,0,18,1,2,,14.5594,858,183034,2.43379,246,0,8,,0,0,0,0,0,0,0,0,0,,2250,2202,,0,0,0,0
1613698769104,6,1010123456024,73,,1,0,18,1,2,,11.539,859,183301,1.64342,247,0,6.85714,,8.23529,68,0,0.1,19,57.8947,0,5.63582,31,,2250,2190,,0,0,0,6.44118
1613698769354,6,1010123456024,73,,1,0,18,1,2,,11.9178,852,183649,1.67808,244,0,7,,0,0,0,0,0,0,0,0,0,,2250,2145,,0,0,0,0
1613698769604,6,1010123456024,73,,1,0,18,1,2,,9.22648,861,184174,1.29258,245,0,5.83333,,0,0,0,0,0,0,0,0,0,,2250,2166,,0,0,0,0
1613698769854,6,1010123456024,73,,1,0,18,1,2,,10.7653,852,183440,1.52762,244,0,6.5,,0,0,0,0,0,0,0,0,0,,2250,2163,,0,0,0,0
1613698770104,6,1010123456024,73,,1,0,18,1,2,,10.1835,850,184363,1.39517,245,0,6.16667,,0.1,35,0,0.1,10,20,0,3.96315,31,,2250,2154,,0,0,0,3.2
1613698770354,6,1010123456024,73,,1,0,18,1,2,,10.1524,820,183659,1.53955,234,0,6.16667,,0,0,0,0,0,0,0,0,0,,2250,2016,,0,0,0,0
1613698770604,6,1010123456024,73,,1,0,18,1,2,,9.90826,872,183815,1.39309,249,0,6.33333,,0,0,0,0,0,0,0,0,0,,2250,2166,,0,0,0,0
1613698770854,6,1010123456024,73,,1,0,18,1,2,,9.18332,851,183270,1.30768,244,0,5.83333,,0,0,0,0,0,0,0,0,0,,2250,2130,,0,0,0,0
1613698771104,6,1010123456024,73,,1,0,18,1,2,,10.9965,852,184537,1.56589,246,0,5.85714,,1.88235,34,0,0.1,9,0,0,10.5978,31,,2250,2202,,0,0,0,1.35294
1613698771354,6,1010123456024,73,,1,0,18,1,2,,12.2067,866,181057,1.98966,247,0,7.83333,,0,0,0,0,0,0,0,0,0,,2250,2214,,0,0,0,0
1613698771604,6,1010123456024,73,,1,0,18,1,2,,9.0355,845,184125,1.31053,242,0,5.5,,0,0,0,0,0,0,0,0,0,,2250,2169,,0,0,0,0
1613698771855,6,1010123456024,73,,1,0,18,1,2,,11.0442,860,184529,1.60446,248,0,6.66667,,0,0,0,0,0,0,0,0,0,,2250,2190,,0,0,0,0
1613698772104,6,1010123456024,73,,1,0,18,1,2,,11.2616,841,183143,1.57613,245,0,6.71429,,11.6333,30,0,0.1,10,50,0,11.2534,31,,2250,2208,,0,0,0,4.7
1613698772354,6,1010123456024,73,,1,0,18,1,2,,8.57895,798,183329,1.09626,228,0,5.66667,,0,0,0,0,0,0,0,0,0,,2250,1914,,0,0,0,0
1613698772604,6,1010123456024,73,,1,0,18,1,2,,8.92453,848,183694,1.19328,243,0,5.66667,,0,0,0,0,0,0,0,0,0,,2250,2046,,0,0,0,0
1613698772854,6,1010123456024,73,,1,0,18,1,2,,7.96934,848,183580,1.10022,242,0,5.5,,0,0,0,0,0,0,0,0,0,,2250,2115,,0,0,0,0
1613698773104,6,1010123456024,73,,1,0,18,1,2,,8.51481,810,183409,1.1464,237,0,5.71429,,5.45455,33,0,0.1,10,50,0,5.56136,31,,2250,2094,,0,0,0,5.57576
1613698773354,6,1010123456024,73,,1,0,18,1,2,,11.2694,865,183545,1.59642,246,0,6.6,,0,0,0,0,0,0,0,0,0,,2250,2190,,0,0,0,0
1613698773604,6,1010123456024,73,,1,0,18,1,2,,11.1706,856,183062,1.55565,244,0,6.6,,0,0,0,0,0,0,0,0,0,,2250,2199,,0,0,0,0
1613698773854,6,1010123456024,73,,1,0,18,1,2,,11.659,865,183573,1.67254,247,0,6.83333,,0,0,0,0,0,0,0,0,0,,2250,2202,,0,0,0,0
1613698774104,6,1010123456024,73,,1,0,18,1,2,,9.1861,849,183834,1.31677,242,0,6.14286,,6.26667,60,0,0.1,17,70.5882,0,2.12593,31,,2250,2142,,0,0,0,7.75
1613698774354,6,1010123456024,73,,1,0,18,1,2,,6.72996,811,183298,0.96192,234,0,4.5,,0,0,0,0,0,0,0,0,0,,2250,1962,,0,0,0,0
1613698774604,6,1010123456024,73,,1,0,18,1,2,,9.76977,860,183815,1.34762,244,0,6.33333,,0,0,0,0,0,0,0,0,0,,2250,2184,,0,0,0,0
1613698774854,6,1010123456024,73,,1,0,18,1,2,,11.3984,871,183873,1.65334,249,0,6.6,,0,0,0,0,0,0,0,0,0,,2250,2214,,0,0,0,0
1613698775104,6,1010123456024,73,,1,0,18,1,2,,11.299,863,183089,1.56938,247,0,6.71429,,0.1,47,0,0.1,13,53.8462,0,0.989906,31,,2250,2142,,0,0,0,6.12766
1613698775354,6,1010123456024,73,,1,0,18,1,2,,9.64512,851,183684,1.39037,245,0,6.16667,,0,0,0,0,0,0,0,0,0,,2250,2190,,0,0,0,0
1613698775604,6,1010123456024,73,,1,0,18,1,2,,11.5308,859,183210,1.63968,246,0,6.83333,,0,0,0,0,0,0,0,0,0,,2250,2196,,0,0,0,0
1613698775854,6,1010123456024,73,,1,0,18,1,2,,11.7305,857,182814,1.67069,245,0,6.83333,,0,0,0,0,0,0,0,0,0,,2250,2169,,0,0,0,0
1613698776104,6,1010123456024,73,,1,0,18,1,2,,9.97877,848,183102,1.4209,249,0,6.14286,,15.1915,94,0,0.1,31,90.3226,0,2.67737,31,,2250,2178,,0,0,0,9.1383
1613698776354,6,1010123456024,73,,1,0,18,1,2,,9.32266,843,184132,1.26845,240,0,6.16667,,0,0,0,0,0,0,0,0,0,,2250,2121,,0,0,0,0
1613698776604,6,1010123456024,73,,1,0,18,1,2,,9.17262,840,183837,1.31453,242,0,5.66667,,0,0,0,0,0,0,0,0,0,,2250,2202,,0,0,0,0
1613698776854,6,1010123456024,73,,1,0,18,1,2,,9.56228,859,184066,1.29779,245,0,6.2,,0,0,0,0,0,0,0,0,0,,2250,2115,,0,0,0,0
1613698777104,6,1010123456024,73,,1,0,18,1,2,,10.0261,844,183439,1.37427,245,0,6.28571,,15.1579,76,0,0.116224,24,83.3333,0,4.5266,31,,2250,2160,,0,0,0,8.46053
1613698777354,6,1010123456024,73,,1,0,18,1,2,,11.8014,866,183233,1.7055,247,0,6.83333,,0,0,0,0,0,0,0,0,0,,2250,2202,,0,0,0,0
1613698777604,6,1010123456024,73,,1,0,18,1,2,,10.8598,863,183536,1.536,248,0,6.5,,0,0,0,0,0,0,0,0,0,,2250,2208,,0,0,0,0
1613698777854,6,1010123456024,73,,1,0,18,1,2,,7.59356,807,184068,0.980402,230,0,5.16667,,0,0,0,0,0,0,0,0,0,,2250,1980,,0,0,0,0
1613698778104,6,1010123456024,73,,1,0,18,1,2,,8.89033,848,183226,1.25667,243,0,5.83333,,2.82353,51,0,0.1,15,80,0,3.67916,31,,2250,2226,,0,0,0,8.05882
1613698778354,6,1010123456024,73,,1,0,18,1,2,,11.7605,856,184067,1.67805,245,0,6.83333,,0,0,0,0,0,0,0,0,0,,2250,2184,,0,0,0,0
1613698778604,6,1010123456024,73,,1,0,18,1,2,,9.64713,853,182916,1.37139,244,0,6,,0,0,0,0,0,0,0,0,0,,2250,2166,,0,0,0,0
1613698778854,6,1010123456024,73,,1,0,18,1,2,,11.1321,863,184427,1.56154,245,0,6.66667,,0,0,0,0,0,0,0,0,0,,2250,2226,,0,0,0,0
1613698779104,6,1010123456024,73,,1,0,18,1,2,,10.6399,847,183089,1.50822,246,0,6.57143,,4.74419,43,0,0.1,13,61.5385,0,8.72658,31,,2250,2190,,0,0,0,6.23256
1613698779354,6,1010123456024,73,,1,0,18,1,2,,10.986,859,184043,1.51293,244,0,6.66667,,0,0,0,0,0,0,0,0,0,,2250,2112,,0,0,0,0
1613698779604,6,1010123456024,73,,1,0,18,1,2,,10.9977,859,184103,1.52511,245,0,6.6,,0,0,0,0,0,0,0,0,0,,2250,2133,,0,0,0,0
1613698779854,6,1010123456024,73,,1,0,18,1,2,,11.5465,871,183166,1.6575,249,0,6.83333,,0,0,0,0,0,0,0,0,0,,2250,2214,,0,0,0,0
1613698780104,6,1010123456024,73,,1,0,18,1,2,,10.1102,853,183946,1.40282,244,0,6.28571,,1.78873,71,0,0.1,21,52.381,0,4.83898,31,,2250,2136,,0,0,0,5.74648
1613698780354,6,1010123456024,73,,1,0,18,1,2,,5.96766,773,183258,0.822016,224,0,3.83333,,0,0,0,0,0,0,0,0,0,,2250,1812,,0,0,0,0
1613698780604,6,1010123456024,73,,1,0,18,1,2,,3.24939,814,183627,0.499296,232,0,3.66667,,0,0,0,0,0,0,0,0,0,,2250,1890,,0,0,0,0
1613698780854,6,1010123456024,73,,1,0,18,1,2,,8.31962,826,184260,1.17261,236,0,5.66667,,0,0,0,0,0,0,0,0,0,,2250,2103,,0,0,0,0
1613698781104,6,1010123456024,73,,1,0,18,1,2,,9.70274,841,184192,1.28681,245,0,6.14286,,3.31034,58,0,0.1,16,62.5,0,2.43393,31,,2250,2109,,0,0,0,6.65517
1613698781354,6,1010123456024,73,,1,0,18,1,2,,11.3516,856,183305,1.6337,245,0,6.66667,,0,0,0,0,0,0,0,0,0,,2250,2226,,0,0,0,0
1613698781604,6,1010123456024,73,,1,0,18,1,2,,8.54883,809,183060,1.11811,237,0,5.5,,0,0,0,0,0,0,0,0,0,,2250,1998,,0,0,0,0
1613698781854,6,1010123456024,73,,1,0,18,1,2,,8.70639,814,183796,1.0809,229,0,5.5,,0,0,0,0,0,0,0,0,0,,2250,1977,,0,0,0,0
1613698782104,6,1010123456024,73,,1,0,18,1,2,,8.77725,835,183397,1.21744,239,0,5.85714,,9.25,48,0,0.1,14,50,0,8.08177,31,,2250,2097,,0,0,0,5.6875
1613698782354,6,1010123456024,73,,1,0,18,1,2,,8.86788,825,183196,1.24934,237,0,5.33333,,0,0,0,0,0,0,0,0,0,,2250,2058,,0,0,0,0
1613698782604,6,1010123456024,73,,1,0,18,1,2,,3.27723,808,184363,0.468576,231,0,3.66667,,0,0,0,0,0,0,0,0,0,,2250,1872,,0,0,0,0
1613698782854,6,1010123456024,73,,1,0,18,1,2,,11.1067,862,184117,1.5561,246,0,6.5,,0,0,0,0,0,0,0,0,0,,2250,2193,,0,0,0,0
1613698783104,6,1010123456024,73,,1,0,18,1,2,,11.907,839,184225,1.72291,245,0,7,,7.10345,29,0,0.1,8,37.5,0,4.7499,31,,2250,2232,,0,0,0,5
1613698783354,6,1010123456024,73,,1,0,18,1,2,,11.7457,865,184299,1.68656,247,0,6.83333,,0,0,0,0,0,0,0,0,0,,2250,2202,,0,0,0,0
1613698783604,6,1010123456024,73,,1,0,18,1,2,,10.0695,863,183338,1.42339,247,0,6.16667,,0,0,0,0,0,0,0,0,0,,2250,2160,,0,0,0,0
1613698783854,6,1010123456024,73,,1,0,18,1,2,,9.53505,856,183958,1.29658,244,0,6,,0,0,0,0,0,0,0,0,0,,2250,2103,,0,0,0,0
1613698784104,6,1010123456024,73,,1,0,18,1,2,,10.7339,838,184496,1.47508,242,0,6.57143,,2.85333,75,0,0.1,22,40.9091,0,6.98485,31,,2250,2184,,0,0,0,4.64
1613698784354,6,1010123456024,73,,1,0,18,1,2,,11.6605,869,184138,1.69776,249,0,6.8,,0,0,0,0,0,0,0,0,0,,2250,2226,,0,0,0,0
1613698784604,6,1010123456024,73,,1,0,18,1,2,,9.73206,836,183442,1.33501,241,0,5.8,,0,0,0,0,0,0,0,0,0,,2250,2052,,0,0,0,0
1613698784854,6,1010123456024,73,,1,0,18,1,2,,9.5221,837,184057,1.22595,237,0,6,,0,0,0,0,0,0,0,0,0,,2250,2055,,0,0,0,0
1613698785104,6,1010123456024,73,,1,0,18,1,2,,10.4852,847,184233,1.50618,244,0,6.28571,,5.04878,41,0,0.1,12,33.3333,0,10.0567,31,,2250,2166,,0,0,0,3.92683
1613698785354,6,1010123456024,73,,1,0,18,1,2,,9.86452,871,183911,1.54512,249,0,6.5,,0,0,0,0,0,0,0,0,0,,2250,2244,,0,0,0,0
1613698785604,6,1010123456024,73,,1,0,18,1,2,,11.3001,863,183977,1.59837,247,0,6.6,,0,0,0,0,0,0,0,0,0,,2250,2169,,0,0,0,0
1613698785854,6,1010123456024,73,,1,0,18,1,2,,10.9608,868,183607,1.64442,248,0,6.5,,0,0,0,0,0,0,0,0,0,,2250,2190,,0,0,0,0
1613698786104,6,1010123456024,73,,1,0,18,1,2,,11.1774,857,184028,1.50051,245,0,6.66667,,0.1,62,0,0.1,18,33.3333,0,1.12466,31,,2250,2121,,0,0,0,5.04839
1613698786354,6,1010123456024,73,,1,0,18,1,2,,10.8793,862,183965,1.51142,246,0,6.33333,,0,0,0,0,0,0,0,0,0,,2250,2172,,0,0,0,0
1613698786604,6,1010123456024,73,,1,0,18,1,2,,10.985,869,183213,1.56515,249,0,6.5,,0,0,0,0,0,0,0,0,0,,2250,2226,,0,0,0,0
1613698786854,6,1010123456024,73,,1,0,18,1,2,,10.8262,869,183910,1.5376,248,0,6.33333,,0,0,0,0,0,0,0,0,0,,2250,2202,,0,0,0,0
1613698787104,6,1010123456024,73,,1,0,18,1,2,,11.3647,861,183601,1.60291,247,0,6.57143,,3.62791,43,0,0.1,13,61.5385,0,4.77439,31,,2250,2190,,0,0,0,6.23256
1613698787354,6,1010123456024,73,,1,0,18,1,2,,11.6368,870,184365,1.66474,249,0,7,,0,0,0,0,0,0,0,0,0,,2250,2178,,0,0,0,0
1613698787604,6,1010123456024,73,,1,0,18,1,2,,11.5642,872,183032,1.64045,249,0,6.83333,,0,0,0,0,0,0,0,0,0,,2250,2166,,0,0,0,0
1613698787854,6,1010123456024,73,,1,0,18,1,2,,11.3141,866,182827,1.60483,247,0,6.66667,,0,0,0,0,0,0,0,0,0,,2250,2196,,0,0,0,0
1613698788104,6,1010123456024,73,,1,0,18,1,2,,11.0105,859,184606,1.55347,248,0,6.57143,,0.1,36,0,0.1,11,18.1818,0,7.88774,31,,2250,2184,,0,0,0,2.58333
1613698788354,6,1010123456024,73,,1,0,18,1,2,,11.7923,852,183637,1.68624,243,0,6.83333,,0,0,0,0,0,0,0,0,0,,2250,2127,,0,0,0,0
1613698788604,6,1010123456024,73,,1,0,18,1,2,,9.54631,853,183579,1.30024,244,0,6.16667,,0,0,0,0,0,0,0,0,0,,2250,2142,,0,0,0,0
1613698788854,6,1010123456024,73,,1,0,18,1,2,,10.5397,856,183568,1.47053,244,0,6.16667,,0,0,0,0,0,0,0,0,0,,2250,2214,,0,0,0,0
1613698789104,6,1010123456024,73,,1,0,18,1,2,,12.6776,856,183084,2.01178,244,0,7.28571,,0.1,90,0,0.1,25,48,0,1.66927,31,,2250,2184,,0,0,0,5.65556
1613698789354,6,1010123456024,73,,1,0,18,1,2,,9.1929,845,183376,1.31798,246,0,5.33333,,0,0,0,0,0,0,0,0,0,,2250,2094,,0,0,0,0
1613698789604,6,1010123456024,73,,1,0,18,1,2,,7.61814,838,184366,0.972576,236,0,5.66667,,0,0,0,0,0,0,0,0,0,,2250,1977,,0,0,0,0
1613698789854,6,1010123456024,73,,1,0,18,1,2,,11.1162,852,183277,1.48611,245,0,6.4,,0,0,0,0,0,0,0,0,0,,2250,2100,,0,0,0,0
1613698790104,6,1010123456024,73,,1,0,18,1,2,,10.5458,863,183925,1.48816,247,0,6.57143,,0.1,41,0,0.1,11,36.3636,0,0.998035,31,,2250,2142,,0,0,0,5.65854
1613698790356,6,1010123456024,73,,1,0,18,1,2,,11.3402,876,183726,1.59165,251,0,6.6,,0,0,0,0,0,0,0,0,0,,2268,2178,,0,0,0,0
1613698790604,6,1010123456024,73,,1,0,18,1,2,,5.23655,799,184021,0.739194,230,0,4.16667,,0,0,0,0,0,0,0,0,0,,2232,1773,,0,0,0,0
1613698790854,6,1010123456024,73,,1,0,18,1,2,,10.7136,866,183245,1.51235,247,0,6.5,,0,0,0,0,0,0,0,0,0,,2250,2202,,0,0,0,0
1613698791104,6,1010123456024,73,,1,0,18,1,2,,9.90273,843,183075,1.36723,246,0,6.14286,,0.1,21,0,0.1,7,0,0,2.45854,31,,2250,2151,,0,0,0,1.52381
1613698791354,6,1010123456024,73,,1,0,18,1,2,,9.52426,845,183622,1.25683,242,0,6,,0,0,0,0,0,0,0,0,0,,2250,2088,,0,0,0,0
1613698791604,6,1010123456024,73,,1,0,18,1,2,,11.5834,857,183954,1.64173,246,0,6.8,,0,0,0,0,0,0,0,0,0,,2250,2196,,0,0,0,0
1613698791854,6,1010123456024,73,,1,0,18,1,2,,9.63489,860,183606,1.33152,245,0,5.83333,,0,0,0,0,0,0,0,0,0,,2250,2160,,0,0,0,0
1613698792104,6,1010123456024,73,,1,0,18,1,2,,11.5525,838,184157,1.62252,241,0,6.83333,,6.25,44,0,0.1,12,33.3333,0,7.67838,31,,2250,2187,,0,0,0,4.36364
1613698792354,6,1010123456024,73,,1,0,18,1,2,,10.6443,863,183311,1.57632,248,0,6.33333,,0,0,0,0,0,0,0,0,0,,2250,2250,,0,0,0,0
1613698792604,6,1010123456024,73,,1,0,18,1,2,,11.1062,866,183365,1.54966,249,0,6.8,,0,0,0,0,0,0,0,0,0,,2250,2154,,0,0,0,0
1613698792854,6,1010123456024,73,,1,0,18,1,2,,11.2535,864,183511,1.59245,246,0,6.66667,,0,0,0,0,0,0,0,0,0,,2250,2172,,0,0,0,0
1613698793104,6,1010123456024,73,,1,0,18,1,2,,11.9614,856,183309,1.97687,245,0,7.16667,,0.631579,57,0,0.1,17,58.8235,0,1.34905,31,,2250,2166,,0,0,0,6.68421
1613698793354,6,1010123456024,73,,1,0,18,1,2,,10.9215,866,183969,1.56637,248,0,6.66667,,0,0,0,0,0,0,0,0,0,,2250,2190,,0,0,0,0
1613698793604,6,1010123456024,73,,1,0,18,1,2,,11.4056,863,184261,1.648,246,0,6.66667,,0,0,0,0,0,0,0,0,0,,2250,2226,,0,0,0,0
1613698793854,6,1010123456024,73,,1,0,18,1,2,,10.1869,872,183328,1.44592,249,0,6.33333,,0,0,0,0,0,0,0,0,0,,2250,2178,,0,0,0,0
1613698794104,6,1010123456024,73,,1,0,18,1,2,,9.1919,839,183274,1.32131,245,0,5.71429,,14.9867,75,0,0.19024,25,80,0,5.09369,31,,2250,2166,,0,0,0,8.08889
1613698794354,6,1010123456024,73,,1,0,18,1,2,,11.6732,866,184096,1.65725,246,0,6.83333,,0,0,0,0,0,0,0,0,0,,2250,2190,,0,0,0,0
1613698794604,6,1010123456024,73,,1,0,18,1,2,,7.58941,850,184357,1.08918,242,0,4.8,,0,0,0,0,0,0,0,0,0,,2250,2154,,0,0,0,0
1613698794854,6,1010123456024,73,,1,0,18,1,2,,10.9457,865,182879,1.54429,247,0,6.5,,0,0,0,0,0,0,0,0,0,,2250,2208,,0,0,0,0
1613698795104,6,1010123456024,73,,1,0,18,1,2,,11.5802,867,183456,1.70141,249,0,6.57143,,0.1,36,0,0.1,11,18.1818,0,1.23573,31,,2250,2166,,0,0,0,3.27778
1613698795354,6,1010123456024,73,,1,0,18,1,2,,10.0409,856,183897,1.37276,245,0,6.5,,0,0,0,0,0,0,0,0,0,,2250,2154,,0,0,0,0
1613698795604,6,1010123456024,73,,1,0,18,1,2,,11.8876,863,184041,1.73232,247,0,7,,0,0,0,0,0,0,0,0,0,,2250,2226,,0,0,0,0
1613698795854,6,1010123456024,73,,1,0,18,1,2,,9.83275,849,183423,1.38291,243,0,6.16667,,0,0,0,0,0,0,0,0,0,,2250,2163,,0,0,0,0
1613698796104,6,1010123456024,73,,1,0,18,1,2,,10.7685,838,183574,1.56765,243,0,6.42857,,5.58182,55,0,0.1,16,50,0,3.75413,31,,2250,2139,,0,0,0,5.70909
1613698796354,6,1010123456024,73,,1,0,18,1,2,,10.4876,845,183434,1.44482,242,0,6.66667,,0,0,0,0,0,0,0,0,0,,2250,2175,,0,0,0,0
1613698796604,6,1010123456024,73,,1,0,18,1,2,,10.2615,849,183004,1.388,242,0,6.16667,,0,0,0,0,0,0,0,0,0,,2250,2085,,0,0,0,0
1613698796854,6,1010123456024,73,,1,0,18,1,2,,9.39532,855,183913,1.36477,245,0,5.83333,,0,0,0,0,0,0,0,0,0,,2250,2196,,0,0,0,0
1613698797104,6,1010123456024,73,,1,0,18,1,2,,11.3476,843,182938,1.56228,244,0,6.71429,,5.2,30,0,0.1,9,44.4444,0,6.34805,31,,2250,2136,,0,0,0,5.73333
1613698797354,6,1010123456024,73,,1,0,18,1,2,,8.23844,843,182776,1.10079,242,0,5.5,,0,0,0,0,0,0,0,0,0,,2250,2064,,0,0,0,0
1613698797604,6,1010123456024,73,,1,0,18,1,2,,10.8637,844,183080,1.5413,243,0,6.66667,,0,0,0,0,0,0,0,0,0,,2250,2202,,0,0,0,0
1613698797854,6,1010123456024,73,,1,0,18,1,2,,11.3575,856,183511,1.57462,243,0,6.6,,0,0,0,0,0,0,0,0,0,,2250,2178,,0,0,0,0
1613698798104,6,1010123456024,73,,1,0,18,1,2,,9.66585,811,183496,1.2471,233,0,6.28571,,5.27027,37,0,0.1,11,72.7273,0,4.27037,31,,2250,2025,,0,0,0,7.56757
1613698798354,6,1010123456024,73,,1,0,18,1,2,,12.3396,854,183210,1.82214,246,0,6.8,,0,0,0,0,0,0,0,0,0,,2250,2202,,0,0,0,0
1613698798604,6,1010123456024,73,,1,0,18,1,2,,10.3256,863,183209,1.42467,247,0,6.16667,,0,0,0,0,0,0,0,0,0,,2250,2151,,0,0,0,0
1613698798854,6,1010123456024,73,,1,0,18,1,2,,6.36706,850,184470,0.947663,242,0,4.5,,0,0,0,0,0,0,0,0,0,,2250,2070,,0,0,0,0
1613698799104,6,1010123456024,73,,1,0,18,1,2,,13.9274,868,183340,2.32486,248,0,7.85714,,3.69231,39,0,0.1,12,66.6667,0,4.34457,31,,2250,2190,,0,0,0,7.02564
1613698799354,6,1010123456024,73,,1,0,18,1,2,,11.5844,859,184386,1.64502,247,0,6.83333,,0,0,0,0,0,0,0,0,0,,2250,2190,,0,0,0,0
1613698799604,6,1010123456024,73,,1,0,18,1,2,,11.2535,856,183289,1.58944,246,0,6.6,,0,0,0,0,0,0,0,0,0,,2250,2184,,0,0,0,0
1613698799854,6,1010123456024,73,,1,0,18,1,2,,8.16805,845,183842,1.14685,240,0,5.2,,0,0,0,0,0,0,0,0,0,,2250,2010,,0,0,0,0
1613698800104,6,1010123456024,73,,1,0,18,1,2,,12.4948,857,183978,1.94027,246,0,7.28571,,4.68293,41,0,0.1,12,66.6667,0,6.16698,31,,2250,2097,,0,0,0,7.14634
1613698800354,6,1010123456024,73,,1,0,18,1,2,,8.99647,851,184098,1.26667,244,0,5.83333,,0,0,0,0,0,0,0,0,0,,2250,2157,,0,0,0,0
1613698800604,6,1010123456024,73,,1,0,18,1,2,,7.57609,828,183019,1.06758,237,0,5.16667,,0,0,0,0,0,0,0,0,0,,2250,2067,,0,0,0,0
1613698800854,6,1010123456024,73,,1,0,18,1,2,,10.4353,850,183764,1.55277,244,0,6.5,,0,0,0,0,0,0,0,0,0,,2250,2094,,0,0,0,0
1613698801104,6,1010123456024,73,,1,0,18,1,2,,10.778,838,182889,1.43478,241,0,6.66667,,0.1,27,0,0.1,8,0,0,1.62451,31,,2250,2094,,0,0,0,1.37037
1613698801354,6,1010123456024,73,,1,0,18,1,2,,11.4518,861,182818,1.61038,245,0,6.66667,,0,0,0,0,0,0,0,0,0,,2250,2166,,0,0,0,0
1613698801604,6,1010123456024,73,,1,0,18,1,2,,9.20454,836,183997,1.26298,239,0,5.66667,,0,0,0,0,0,0,0,0,0,,2250,2100,,0,0,0,0
1613698801854,6,1010123456024,73,,1,0,18,1,2,,10.8512,860,182943,1.49952,246,0,6.66667,,0,0,0,0,0,0,0,0,0,,2250,2169,,0,0,0,0
1613698802104,6,1010123456024,73,,1,0,18,1,2,,11.4272,852,183476,1.63747,243,0,6.57143,,4.57143,42,0,0.1,12,66.6667,0,4.02231,31,,2250,2244,,0,0,0,7.66667
1613698802354,6,1010123456024,73,,1,0,18,1,2,,10.9472,872,184290,1.52298,249,0,6.5,,0,0,0,0,0,0,0,0,0,,2250,2184,,0,0,0,0
1613698802604,6,1010123456024,73,,1,0,18,1,2,,8.29656,843,183105,1.16308,244,0,5.33333,,0,0,0,0,0,0,0,0,0,,2250,2061,,0,0,0,0
1613698802854,6,1010123456024,73,,1,0,18,1,2,,10.7789,855,183974,1.4943,242,0,6.5,,0,0,0,0,0,0,0,0,0,,2250,2214,,0,0,0,0
1613698803104,6,1010123456024,73,,1,0,18,1,2,,10.8522,859,183669,1.5104,248,0,6.66667,,0.857143,42,0,0.1,12,16.6667,0,4.55395,31,,2250,2172,,0,0,0,3.33333
1613698803354,6,1010123456024,73,,1,0,18,1,2,,8.20624,834,182991,1.05802,237,0,5.5,,0,0,0,0,0,0,0,0,0,,2250,1938,,0,0,0,0
1613698803604,6,1010123456024,73,,1,0,18,1,2,,11.3094,863,183777,1.61693,247,0,6.66667,,0,0,0,0,0,0,0,0,0,,2250,2199,,0,0,0,0
1613698803854,6,1010123456024,73,,1,0,18,1,2,,10.1084,858,184302,1.40794,245,0,6.16667,,0,0,0,0,0,0,0,0,0,,2250,2133,,0,0,0,0
1613698804104,6,1010123456024,73,,1,0,18,1,2,,15.8384,848,176705,2.97411,243,0,8.71429,,0.695652,46,0,0.108192,14,28.5714,0,4.24571,31,,2250,2199,,0,0,0,3.44928
1613698804354,6,1010123456024,73,,1,0,18,1,2,,11.5167,867,182971,1.64267,248,0,6.8,,0,0,0,0,0,0,0,0,0,,2250,2166,,0,0,0,0
1613698804604,6,1010123456024,73,,1,0,18,1,2,,11.1195,837,184261,1.49734,240,0,6.66667,,0,0,0,0,0,0,0,0,0,,2250,2097,,0,0,0,0
1613698804854,6,1010123456024,73,,1,0,18,1,2,,9.44364,825,183172,1.26035,236,0,6,,0,0,0,0,0,0,0,0,0,,2250,2100,,0,0,0,0
1613698805104,6,1010123456024,73,,1,0,18,1,2,,11.0364,852,183520,2.04602,244,0,5.85714,,3.16129,62,0,0.1,18,44.4444,0,3.89037,31,,2250,2193,,0,0,0,5.69355
1613698805354,6,1010123456024,73,,1,0,18,1,2,,9.3986,858,184371,1.29941,247,0,6.5,,0,0,0,0,0,0,0,0,0,,2250,2175,,0,0,0,0
1613698805604,6,1010123456024,73,,1,0,18,1,2,,12.8268,866,183322,1.86493,247,0,7.33333,,0,0,0,0,0,0,0,0,0,,2250,2160,,0,0,0,0
1613698805854,6,1010123456024,73,,1,0,18,1,2,,9.3683,858,183534,1.32054,245,0,5.83333,,0,0,0,0,0,0,0,0,0,,2250,2160,,0,0,0,0
1613698806104,6,1010123456024,73,,1,0,18,1,2,,10.6508,862,184197,1.51133,246,0,6.57143,,13,16,0,0,4,100,0,1.40468,0,,2250,2205,,0,0,0,10
1613698806354,6,1010123456024,73,,1,0,18,1,2,,13.6198,868,184436,2.27805,249,0,7.33333,,5.81818,22,0,0.1,6,66.6667,0,7.18383,31,,2250,2208,,0,0,0,7.54545
1613698806604,6,1010123456024,73,,1,0,18,1,2,,10.26,854,183205,1.43194,244,0,6.66667,,6.95652,23,0,0.1,6,66.6667,0,1.09365,0,,2250,2160,,0,0,0,7.3913
1613698806854,6,1010123456024,73,,1,0,18,1,2,,9.42506,854,183471,1.29558,243,0,6,,0,0,0,0,0,0,0,0,0,,2250,2196,,0,0,0,0
1613698807104,6,1010123456024,73,,1,0,18,1,2,,9.99408,844,184015,1.4433,242,0,6.28571,,0.1,45,0,0.1,14,50,0,5.16185,31,,2250,2154,,0,0,0,5.6
1613698807354,6,1010123456024,73,,1,0,18,1,2,,10.1269,851,183939,1.40928,246,0,6.16667,,0,0,0,0,0,0,0,0,0,,2250,2166,,0,0,0,0
1613698807604,6,1010123456024,73,,1,0,18,1,2,,11.3015,859,183716,1.59654,246,0,6.66667,,0,0,0,0,0,0,0,0,0,,2250,2214,,0,0,0,0
1613698807854,6,1010123456024,73,,1,0,18,1,2,,10.1307,811,183593,1.40998,235,0,6.16667,,0,0,0,0,0,0,0,0,0,,2250,2085,,0,0,0,0
1613698808104,6,1010123456024,73,,1,0,18,1,2,,7.5931,811,183284,0.986624,233,0,5.28571,,1.3012,83,0,0.1,22,63.6364,0,2.4618,31,,2250,2007,,0,0,0,7.45783
1613698808354,6,1010123456024,73,,1,0,18,1,2,,8.32288,861,183063,1.16538,245,0,6.2,,0,0,0,0,0,0,0,0,0,,2250,2148,,0,0,0,0
1613698808604,6,1010123456024,73,,1,0,18,1,2,,11.348,842,183845,1.6072,242,0,6.66667,,0,0,0,0,0,0,0,0,0,,2250,2166,,0,0,0,0
1613698808854,6,1010123456024,73,,1,0,18,1,2,,9.76733,851,182885,1.32106,241,0,6.16667,,0,0,0,0,0,0,0,0,0,,2250,2151,,0,0,0,0
1613698809104,6,1010123456024,73,,1,0,18,1,2,,10.9846,845,182877,1.50275,243,0,6.83333,,5.38095,63,0,0.1,19,84.2105,0,3.14172,31,,2250,2124,,0,0,0,8.57143
1613698809354,6,1010123456024,73,,1,0,18,1,2,,9.6331,864,184329,1.41104,247,0,6.16667,,0,0,0,0,0,0,0,0,0,,2250,2184,,0,0,0,0
1613698809604,6,1010123456024,73,,1,0,18,1,2,,10.192,875,183777,1.48762,250,0,6.16667,,0,0,0,0,0,0,0,0,0,,2250,2214,,0,0,0,0
1613698809854,6,1010123456024,73,,1,0,18,1,2,,10.5756,860,182938,1.50227,246,0,6.33333,,0,0,0,0,0,0,0,0,0,,2250,2190,,0,0,0,0
1613698810104,6,1010123456024,73,,1,0,18,1,2,,11.7324,837,183513,1.66506,245,0,6.85714,,3.33333,36,0,0.1,10,10,0,9.86672,31,,2250,2193,,0,0,0,2
1613698810354,6,1010123456024,73,,1,0,18,1,2,,12.6996,849,183428,2.03984,242,0,7.5,,0,0,0,0,0,0,0,0,0,,2250,2196,,0,0,0,0
1613698810604,6,1010123456024,73,,1,0,18,1,2,,11.6421,869,184137,1.67219,248,0,6.83333,,0,0,0,0,0,0,0,0,0,,2250,2190,,0,0,0,0
1613698810854,6,1010123456024,73,,1,0,18,1,2,,13.2448,858,184193,1.99651,245,0,7.6,,0,0,0,0,0,0,0,0,0,,2250,2187,,0,0,0,0
1613698811104,6,1010123456024,73,,1,0,18,1,2,,10.9558,859,184239,1.50368,246,0,6.57143,,0,12,0,0,4,100,0,0,0,,2250,2142,,0,0,0,0
1613698811354,6,1010123456024,73,,1,0,18,1,2,,11.2737,855,183123,1.58566,244,0,6.66667,,5.85366,41,0,0.1,11,72.7273,0,5.08144,31,,2250,2193,,0,0,0,8.02439
1613698811604,6,1010123456024,73,,1,0,18,1,2,,10.6628,854,183310,1.49901,246,0,6.5,,0.1,4,0,0.1,1,0,0,2.65199,0,,2250,2166,,0,0,0,1
1613698811854,6,1010123456024,73,,1,0,18,1,2,,14.0692,867,184124,2.30365,247,0,8,,0,0,0,0,0,0,0,0,0,,2250,2232,,0,0,0,0
1613698812104,6,1010123456024,73,,1,0,18,1,2,,9.37427,855,182812,1.3639,245,0,5.85714,,2.07692,52,0,0.1,15,40,0,4.31233,31,,2250,2214,,0,0,0,5.15385
1613698812354,6,1010123456024,73,,1,0,18,1,2,,7.75146,857,182877,1.1031,246,0,5.33333,,0,0,0,0,0,0,0,0,0,,2250,2061,,0,0,0,0
1613698812604,6,1010123456024,73,,1,0,18,1,2,,13.9665,837,183183,2.21549,240,0,7.83333,,0,0,0,0,0,0,0,0,0,,2250,2109,,0,0,0,0
1613698812854,6,1010123456024,73,,1,0,18,1,2,,12.2892,868,183591,1.8169,248,0,7,,0,0,0,0,0,0,0,0,0,,2250,2196,,0,0,0,0
1613698813104,6,1010123456024,73,,1,0,18,1,2,,9.68402,845,183198,1.37459,242,0,6.14286,,15,16,0,0,4,100,0,2.37244,0,,2250,2202,,0,0,0,10
1613698813354,6,1010123456024,73,,1,0,18,1,2,,10.21,857,183972,1.43651,245,0,6.16667,,5.09091,22,0,0.1,6,66.6667,0,7.51055,31,,2250,2205,,0,0,0,7.54545
1613698813604,6,1010123456024,73,,1,0,18,1,2,,14.377,862,183242,2.58659,246,0,8.16667,,9,16,0,0.1,4,75,0,6.82603,31,,2250,2178,,0,0,0,8.25
1613698813854,6,1010123456024,73,,1,0,18,1,2,,11.3977,865,183923,1.66022,248,0,6.83333,,0,0,0,0,0,0,0,0,0,,2250,2181,,0,0,0,0
1613698814104,6,1010123456024,73,,1,0,18,1,2,,7.52423,784,183164,0.982651,235,0,5.28571,,7.85714,42,0,0.1,12,75,0,2.53832,31,,2250,2010,,0,0,0,8.38095
1613698814354,6,1010123456024,73,,1,0,18,1,2,,11.9232,859,184422,1.69014,247,0,6.83333,,0,0,0,0,0,0,0,0,0,,2250,2154,,0,0,0,0
1613698814604,6,1010123456024,73,,1,0,18,1,2,,11.4662,858,184118,1.60576,248,0,6.83333,,0,0,0,0,0,0,0,0,0,,2250,2166,,0,0,0,0
1613698814854,6,1010123456024,73,,1,0,18,1,2,,11.4191,871,183527,1.60922,248,0,6.66667,,0,0,0,0,0,0,0,0,0,,2250,2172,,0,0,0,0
1613698815104,6,1010123456024,73,,1,0,18,1,2,,11.2358,865,183383,1.60813,248,0,6.57143,,0.390244,41,0,0.1,12,50,0,1.51522,31,,2250,2184,,0,0,0,5.58537
1613698815354,6,1010123456024,73,,1,0,18,1,2,,12.4262,840,158730,2.03549,242,0,7.2,,0,0,0,0,0,0,0,0,0,,2250,2169,,0,0,0,0
1613698815604,6,1010123456024,73,,1,0,18,1,2,,13.4764,867,90072,2.39469,248,0,7,,0,0,0,0,0,0,0,0,0,,2250,2250,,0,0,0,0
1613698815854,6,1010123456024,73,,1,0,18,1,2,,12,851,36409,1.7568,244,0,7,,0,0,0,0,0,0,0,0,0,,2250,2250,,0,0,0,0
1613698816104,6,1010123456024,73,,1,0,18,1,2,,11.9642,587,2930,1.14909,173,0,6.83333,,5.81818,33,0,0.1,9,44.4444,0,5.31625,31,,1430,1395,,0,0,0,5.36364
1613698816354,6,1010123456024,73,,1,0,18,1,2,,10.4857,70,0,0.102976,23,0,7,,0,0,0,0,0,0,0,0,0,,153,147,,0,0,0,0
1613698816604,6,1010123456024,73,,1,0,18,1,2,,0,0,0,0,0,0,8.4,,0,0,0,0,0,0,0,0,0,,0,0,,0,0,0,0
1613698816854,6,1010123456024,73,,1,0,18,1,2,,0,0,0,0,0,0,7,,0,0,0,0,0,0,0,0,0,,0,0,,0,0,0,0
1613698817104,6,1010123456024,73,,1,0,18,1,2,,0,0,0,0,0,0,7,,0,0,0,0,0,0,0,0,0,,0,0,,0,0,0,0
1613698817354,6,1010123456024,73,,1,0,18,1,2,,0,0,0,0,0,0,7,,0,0,0,0,0,0,0,0,0,,0,0,,0,0,0,0
1613698817604,6,1010123456024,73,,1,0,18,1,2,,0,0,0,0,0,0,7,,0,0,0,0,0,0,0,0,0,,0,0,,0,0,0,0
1613698817854,6,1010123456024,73,,1,0,18,1,2,,0,0,0,0,0,0,7.4,,0,0,0,0,0,0,0,0,0,,0,0,,0,0,0,0
1613698818104,6,1010123456024,73,,1,0,18,1,2,,0,0,0,0,0,0,7,,0,0,0,0,0,0,0,0,0,,0,0,,0,0,0,0
1613698818354,6,1010123456024,73,,1,0,18,1,2,,0,0,0,0,0,0,6.8,,0,0,0,0,0,0,0,0,0,,0,0,,0,0,0,0
1613698818604,6,1010123456024,73,,1,0,18,1,2,,0,0,0,0,0,0,7,,0,0,0,0,0,0,0,0,0,,0,0,,0,0,0,0
1613698818854,6,1010123456024,73,,1,0,18,1,2,,0,0,0,0,0,0,9.33333,,0,0,0,0,0,0,0,0,0,,0,0,,0,0,0,0
1613698819104,6,1010123456024,73,,1,0,18,1,2,,0,0,0,0,0,0,7,,0,0,0,0,0,0,0,0,0,,0,0,,0,0,0,0
1613698819354,6,1010123456024,73,,1,0,18,1,2,,0,0,0,0,0,0,7,,0,0,0,0,0,0,0,0,0,,0,0,,0,0,0,0
1613698819604,6,1010123456024,73,,1,0,18,1,2,,0,0,0,0,0,0,7,,0,0,0,0,0,0,0,0,0,,0,0,,0,0,0,0
1613698819854,6,1010123456024,73,,1,0,18,1,2,,0,0,0,0,0,0,7.75,,0,0,0,0,0,0,0,0,0,,0,0,,0,0,0,0
1613698820104,6,1010123456024,73,,1,0,18,1,2,,0,0,0,0,0,0,7,,0,0,0,0,0,0,0,0,0,,0,0,,0,0,0,0
1613698820354,6,1010123456024,73,,1,0,18,1,2,,0,0,0,0,0,0,7,,0,0,0,0,0,0,0,0,0,,0,0,,0,0,0,0
1613698820604,6,1010123456024,73,,1,0,18,1,2,,0,0,0,0,0,0,7.16667,,0,0,0,0,0,0,0,0,0,,0,0,,0,0,0,0
1613698820854,6,1010123456024,73,,1,0,18,1,2,,0,0,0,0,0,0,7,,0,0,0,0,0,0,0,0,0,,0,0,,0,0,0,0
1613698821104,6,1010123456024,73,,1,0,18,1,2,,0,0,0,0,0,0,7,,0,0,0,0,0,0,0,0,0,,0,0,,0,0,0,0
1613698821354,6,1010123456024,73,,1,0,18,1,2,,0,0,0,0,0,0,0.1,,0,0,0,0,0,0,0,0,0,,0,0,,0,0,0,0
1613698821604,6,1010123456024,73,,1,0,18,1,2,,0,0,0,0,0,0,0.1,,0,0,0,0,0,0,0,0,0,,0,0,,0,0,0,0
1613698821854,6,1010123456024,73,,1,0,18,1,2,,0,0,0,0,0,0,0.1,,0,0,0,0,0,0,0,0,0,,0,0,,0,0,0,0
1613698822104,6,1010123456024,73,,1,0,18,1,2,,0,0,0,0,0,0,0.1,,0,0,0,0,0,0,0,0,0,,0,0,,0,0,0,0
1613698822354,6,1010123456024,73,,1,0,18,1,2,,0,0,0,0,0,0,0.1,,0,0,0,0,0,0,0,0,0,,0,0,,0,0,0,0
1613698822604,6,1010123456024,73,,1,0,18,1,2,,0,0,0,0,0,0,0.1,,0,0,0,0,0,0,0,0,0,,0,0,,0,0,0,0
1613698822854,6,1010123456024,73,,1,0,18,1,2,,0,0,0,0,0,0,0.1,,0,0,0,0,0,0,0,0,0,,0,0,,0,0,0,0
1613698823104,6,1010123456024,73,,1,0,18,1,2,,0,0,0,0,0,0,0.1,,0,0,0,0,0,0,0,0,0,,0,0,,0,0,0,0
1613698823354,6,1010123456024,73,,1,0,18,1,2,,0,0,0,0,0,0,0.1,,0,0,0,0,0,0,0,0,0,,0,0,,0,0,0,0
1613698823604,6,1010123456024,73,,1,0,18,1,2,,0,0,0,0,0,0,0.1,,0,0,0,0,0,0,0,0,0,,0,0,,0,0,0,0
1613698823854,6,1010123456024,73,,1,0,18,1,2,,0,0,0,0,0,0,0.1,,0,0,0,0,0,0,0,0,0,,0,0,,0,0,0,0
1613698824104,6,1010123456024,73,,1,0,18,1,2,,0,0,0,0,0,0,0.1,,0,0,0,0,0,0,0,0,0,,0,0,,0,0,0,0
1613698824354,6,1010123456024,73,,1,0,18,1,2,,0,0,0,0,0,0,0.1,,0,0,0,0,0,0,0,0,0,,0,0,,0,0,0,0
1613698824604,6,1010123456024,73,,1,0,18,1,2,,0,0,0,0,0,0,0.1,,0,0,0,0,0,0,0,0,0,,0,0,,0,0,0,0
1613698824854,6,1010123456024,73,,1,0,18,1,2,,0,0,0,0,0,0,0.1,,0,0,0,0,0,0,0,0,0,,0,0,,0,0,0,0
