time,cc,pci,earfcn,rsrp,pl,cfo,dl_mcs,dl_snr,dl_turbo,dl_brate,dl_bler,ul_ta,ul_mcs,ul_buff,ul_brate,ul_bler,rf_o,rf_u,rf_l,is_attached
0,0,0,4294967295,0.0,0.0,0.0,0.0,0.0,0.0,0.0,0.0,0.0,0.0,0.0,0.0,0.0,0.0,0.0,0.0,0.0
249,0,0,3400,0.0,0.0,0.0,0.0,0.0,0.0,0.0,0.0,0.0,0.0,0.0,0.0,0.0,0.0,0.0,0.0,0.0
498,0,0,3400,0.0,0.0,0.0,0.0,0.0,0.0,0.0,0.0,0.0,0.0,0.0,0.0,0.0,0.0,0.0,0.0,0.0
747,0,1,3400,-62,62,719,0.51,11,0.13,585,0,0.0,0.0,0.0,0.0,0.0,0.0,0.0,0.0,0.0
996,0,1,3400,-62,62,713,1.8,11,0.24,2336.000000,0,0.0,0.0,33,224,0,0.0,0.0,0.0,1.0
1245,0,1,3400,-62,62,712,3.0,11,0.25,0.0,0.0,1.0,0.0,33,0.0,0.0,0.0,0.0,0.0,1.0
1494,0,1,3400,-62,62,713,2.5,11,0.46,9376.000000,0,1.0,9.4,36,113376.000000,0,0.0,0.0,0.0,1.0
1743,0,1,3400,-62,62,717,3.3,11,0.50,2368.000000,0,2.1,12,0.0,37856.000000,0,0.0,0.0,0.0,1.0
1992,0,1,3400,-62,62,724,3.0,11,0.50,0.0,0.0,2.1,12,0.0,0.0,0.0,0.0,0.0,0.0,1.0
2241,0,1,3400,-62,62,719,3.0,11,0.50,0.0,0.0,2.1,12,0.0,0.0,0.0,0.0,0.0,0.0,1.0
2490,0,1,3400,-62,62,725,3.0,11,0.50,0.0,0.0,2.1,12,0.0,0.0,0.0,0.0,0.0,0.0,1.0
2739,0,1,3400,-62,62,718,3.0,11,0.50,0.0,0.0,2.1,12,0.0,0.0,0.0,0.0,0.0,0.0,1.0
2988,0,1,3400,-62,62,716,3.0,11,0.50,0.0,0.0,2.1,12,0.0,0.0,0.0,0.0,0.0,0.0,1.0
3237,0,1,3400,-62,62,715,3.0,11,0.50,0.0,0.0,2.1,12,0.0,0.0,0.0,0.0,0.0,0.0,1.0
3486,0,1,3400,-62,62,724,3.0,11,0.50,0.0,0.0,2.1,12,0.0,0.0,0.0,0.0,0.0,0.0,1.0
3735,0,1,3400,-62,62,732,3.0,11,0.50,0.0,0.0,2.1,12,0.0,0.0,0.0,0.0,0.0,0.0,1.0
3984,0,1,3400,-62,62,723,3.0,11,0.50,0.0,0.0,2.1,12,0.0,0.0,0.0,0.0,0.0,0.0,1.0
4233,0,1,3400,-62,62,719,3.0,11,0.50,0.0,0.0,2.1,12,0.0,0.0,0.0,0.0,0.0,0.0,1.0
4482,0,1,3400,-62,62,722,3.0,11,0.50,0.0,0.0,2.1,12,0.0,0.0,0.0,0.0,0.0,0.0,1.0
4731,0,1,3400,-62,62,729,3.0,11,0.50,0.0,0.0,2.1,12,0.0,0.0,0.0,0.0,0.0,0.0,1.0
4980,0,1,3400,-62,62,724,3.0,11,0.50,0.0,0.0,2.1,12,0.0,0.0,0.0,0.0,0.0,0.0,1.0
5229,0,1,3400,-62,62,715,3.0,11,0.50,0.0,0.0,2.1,12,0.0,0.0,0.0,0.0,0.0,0.0,1.0
5478,0,1,3400,-62,62,718,3.0,11,0.50,0.0,0.0,2.1,12,0.0,0.0,0.0,0.0,0.0,0.0,1.0
5727,0,1,3400,-62,62,722,3.0,11,0.50,0.0,0.0,2.1,12,0.0,0.0,0.0,0.0,0.0,0.0,1.0
5976,0,1,3400,-62,62,722,3.0,11,0.50,0.0,0.0,2.1,12,0.0,0.0,0.0,0.0,0.0,0.0,1.0
6225,0,1,3400,-62,62,727,3.0,11,0.50,0.0,0.0,2.1,12,0.0,0.0,0.0,0.0,0.0,0.0,1.0
6474,0,1,3400,-62,62,723,3.0,11,0.50,0.0,0.0,2.1,12,0.0,0.0,0.0,0.0,0.0,0.0,1.0
6723,0,1,3400,-62,62,725,3.0,11,0.50,0.0,0.0,2.1,12,0.0,0.0,0.0,0.0,0.0,0.0,1.0
6972,0,1,3400,-62,62,717,3.0,11,0.50,0.0,0.0,2.1,12,0.0,0.0,0.0,0.0,0.0,0.0,1.0
7221,0,1,3400,-62,62,716,3.0,11,0.50,0.0,0.0,2.1,12,0.0,0.0,0.0,0.0,0.0,0.0,1.0
7470,0,1,3400,-62,62,714,3.0,11,0.50,0.0,0.0,2.1,12,0.0,0.0,0.0,0.0,0.0,0.0,1.0
7719,0,1,3400,-62,62,720,3.0,11,0.50,0.0,0.0,2.1,12,0.0,0.0,0.0,0.0,0.0,0.0,1.0
7968,0,1,3400,-62,62,719,3.0,11,0.50,0.0,0.0,2.1,12,0.0,0.0,0.0,0.0,0.0,0.0,1.0
8217,0,1,3400,-62,62,718,3.0,11,0.50,0.0,0.0,2.1,12,0.0,0.0,0.0,0.0,0.0,0.0,1.0
8466,0,1,3400,-62,62,717,3.0,11,0.50,0.0,0.0,2.1,12,0.0,0.0,0.0,0.0,0.0,0.0,1.0
8715,0,1,3400,-62,62,714,3.0,11,0.50,0.0,0.0,2.1,12,0.0,0.0,0.0,0.0,0.0,0.0,1.0
8964,0,1,3400,-62,62,718,3.0,11,0.50,0.0,0.0,2.1,12,0.0,0.0,0.0,0.0,0.0,0.0,1.0
9213,0,1,3400,-62,62,723,3.0,11,0.50,0.0,0.0,2.1,12,0.0,0.0,0.0,0.0,0.0,0.0,1.0
9462,0,1,3400,-62,62,720,3.0,11,0.50,0.0,0.0,2.1,12,0.0,0.0,0.0,0.0,0.0,0.0,1.0
9711,0,1,3400,-62,62,710,3.0,11,0.50,0.0,0.0,2.1,12,0.0,0.0,0.0,0.0,0.0,0.0,1.0
9960,0,1,3400,-62,62,708,3.0,11,0.50,0.0,0.0,2.1,11,0.0,0.0,0.0,0.0,1.0,5.0,1.0
10209,0,1,3400,-62,62,712,3.0,11,0.50,0.0,0.0,2.1,12,0.0,0.0,0.0,0.0,0.0,0.0,1.0
10458,0,1,3400,-62,62,717,3.0,11,0.50,0.0,0.0,2.1,12,0.0,0.0,0.0,0.0,0.0,0.0,1.0
10707,0,1,3400,-62,62,720,3.0,11,0.50,0.0,0.0,2.1,11,0.0,0.0,0.0,0.0,0.0,0.0,1.0
10956,0,1,3400,-62,62,716,3.0,11,0.50,0.0,0.0,2.1,12,0.0,0.0,0.0,0.0,0.0,0.0,1.0
11205,0,1,3400,-62,62,714,3.0,11,0.50,0.0,0.0,2.1,12,0.0,0.0,0.0,0.0,0.0,0.0,1.0
11454,0,1,3400,-62,62,710,3.0,11,0.50,0.0,0.0,2.1,12,0.0,0.0,0.0,0.0,0.0,0.0,1.0
11703,0,1,3400,-62,62,710,3.0,11,0.50,0.0,0.0,2.1,12,0.0,0.0,0.0,0.0,0.0,0.0,1.0
11952,0,1,3400,-62,62,712,3.0,11,0.50,0.0,0.0,2.1,12,0.0,0.0,0.0,0.0,0.0,0.0,1.0
12201,0,1,3400,-62,62,717,3.0,11,0.50,0.0,0.0,2.1,11,0.0,0.0,0.0,0.0,0.0,0.0,1.0
12450,0,1,3400,-62,62,723,3.0,11,0.50,0.0,0.0,2.1,12,0.0,0.0,0.0,0.0,0.0,0.0,1.0
12699,0,1,3400,-62,62,717,3.0,11,0.50,0.0,0.0,2.1,11,0.0,0.0,0.0,0.0,0.0,0.0,1.0
12948,0,1,3400,-62,62,714,3.0,11,0.50,0.0,0.0,2.1,12,0.0,0.0,0.0,0.0,0.0,0.0,1.0
13197,0,1,3400,-62,62,713,3.0,11,0.50,0.0,0.0,2.1,12,0.0,0.0,0.0,0.0,0.0,0.0,1.0
13446,0,1,3400,-62,62,716,3.0,11,0.50,0.0,0.0,2.1,12,0.0,0.0,0.0,0.0,0.0,0.0,1.0
13695,0,1,3400,-62,62,715,3.0,11,0.50,0.0,0.0,2.1,12,0.0,0.0,0.0,0.0,0.0,0.0,1.0
13944,0,1,3400,-62,62,713,3.0,11,0.50,0.0,0.0,2.1,12,0.0,0.0,0.0,0.0,0.0,0.0,1.0
14193,0,1,3400,-62,62,711,3.0,11,0.50,0.0,0.0,2.1,12,0.0,0.0,0.0,0.0,0.0,0.0,1.0
14442,0,1,3400,-62,62,710,3.0,11,0.50,0.0,0.0,2.1,12,0.0,0.0,0.0,0.0,0.0,0.0,1.0
14691,0,1,3400,-62,62,709,3.0,11,0.50,0.0,0.0,2.1,12,0.0,0.0,0.0,0.0,0.0,0.0,1.0
14940,0,1,3400,-62,62,717,3.0,11,0.50,0.0,0.0,2.1,12,0.0,0.0,0.0,0.0,0.0,0.0,1.0
15189,0,1,3400,-62,62,721,3.0,11,0.50,0.0,0.0,2.1,12,0.0,0.0,0.0,0.0,0.0,0.0,1.0
15438,0,1,3400,-62,62,711,3.0,11,0.50,0.0,0.0,2.1,12,0.0,0.0,0.0,0.0,0.0,0.0,1.0
15687,0,1,3400,-62,62,708,3.0,11,0.50,0.0,0.0,2.1,12,0.0,0.0,0.0,0.0,0.0,0.0,1.0
15936,0,1,3400,-62,62,718,3.0,11,0.50,0.0,0.0,2.1,11,0.0,0.0,0.0,0.0,0.0,0.0,1.0
16185,0,1,3400,-62,62,716,3.0,11,0.50,0.0,0.0,2.1,12,0.0,0.0,0.0,0.0,0.0,0.0,1.0
16434,0,1,3400,-62,62,710,3.0,11,0.50,0.0,0.0,2.1,12,0.0,0.0,0.0,0.0,0.0,0.0,1.0
16683,0,1,3400,-62,62,706,3.0,11,0.50,0.0,0.0,2.1,12,0.0,0.0,0.0,0.0,0.0,0.0,1.0
16932,0,1,3400,-62,62,710,3.0,11,0.50,0.0,0.0,2.1,12,0.0,0.0,0.0,0.0,0.0,0.0,1.0
17181,0,1,3400,-62,62,714,3.0,11,0.50,0.0,0.0,2.1,12,0.0,0.0,0.0,0.0,0.0,0.0,1.0
17430,0,1,3400,-62,62,719,3.0,11,0.50,0.0,0.0,2.1,12,0.0,0.0,0.0,0.0,0.0,0.0,1.0
17679,0,1,3400,-62,62,718,3.0,11,0.50,0.0,0.0,2.1,12,0.0,0.0,0.0,0.0,0.0,0.0,1.0
17928,0,1,3400,-62,62,718,3.0,11,0.50,0.0,0.0,2.1,12,0.0,0.0,0.0,0.0,0.0,0.0,1.0
18177,0,1,3400,-62,62,721,3.0,11,0.50,0.0,0.0,2.1,12,0.0,0.0,0.0,0.0,0.0,0.0,1.0
18426,0,1,3400,-62,62,722,3.0,11,0.50,0.0,0.0,2.1,12,0.0,0.0,0.0,0.0,0.0,0.0,1.0
18675,0,1,3400,-62,62,717,3.0,11,0.50,0.0,0.0,2.1,12,0.0,0.0,0.0,0.0,0.0,0.0,1.0
18924,0,1,3400,-62,62,711,3.0,11,0.50,0.0,0.0,2.1,12,0.0,0.0,0.0,0.0,0.0,0.0,1.0
19173,0,1,3400,-62,62,711,3.0,11,0.50,0.0,0.0,2.1,12,0.0,0.0,0.0,0.0,0.0,0.0,1.0
19422,0,1,3400,-62,62,714,3.0,11,0.50,0.0,0.0,2.1,12,0.0,0.0,0.0,0.0,0.0,0.0,1.0
19671,0,1,3400,-62,62,710,3.0,11,0.50,0.0,0.0,2.1,12,0.0,0.0,0.0,0.0,0.0,0.0,1.0
19920,0,1,3400,-62,62,707,3.0,11,0.50,0.0,0.0,2.1,12,0.0,0.0,0.0,0.0,0.0,0.0,1.0
20169,0,1,3400,-62,62,706,3.0,11,0.50,0.0,0.0,2.1,12,0.0,0.0,0.0,0.0,0.0,0.0,1.0
20418,0,1,3400,-62,62,712,3.0,11,0.50,0.0,0.0,2.1,12,0.0,0.0,0.0,0.0,0.0,0.0,1.0
20667,0,1,3400,-62,62,713,3.0,11,0.50,0.0,0.0,2.1,12,0.0,0.0,0.0,0.0,0.0,0.0,1.0
20916,0,1,3400,-62,62,713,3.0,11,0.50,0.0,0.0,2.1,12,0.0,0.0,0.0,0.0,0.0,0.0,1.0
21165,0,1,3400,-62,62,718,3.0,11,0.50,0.0,0.0,2.1,12,0.0,0.0,0.0,0.0,0.0,0.0,1.0
21414,0,1,3400,-62,62,718,3.0,11,0.50,0.0,0.0,2.1,12,0.0,0.0,0.0,0.0,0.0,0.0,1.0
21663,0,1,3400,-62,62,717,3.0,11,0.50,0.0,0.0,2.1,12,0.0,0.0,0.0,0.0,0.0,0.0,1.0
21912,0,1,3400,-62,62,716,3.0,11,0.50,0.0,0.0,2.1,12,0.0,0.0,0.0,0.0,0.0,0.0,1.0
22161,0,1,3400,-62,62,712,3.0,11,0.50,0.0,0.0,2.1,12,0.0,0.0,0.0,0.0,0.0,0.0,1.0
22410,0,1,3400,-62,62,715,3.0,11,0.50,0.0,0.0,2.1,11,0.0,0.0,0.0,0.0,0.0,0.0,1.0
22659,0,1,3400,-62,62,721,3.0,11,0.50,0.0,0.0,2.1,12,0.0,0.0,0.0,0.0,0.0,0.0,1.0
22908,0,1,3400,-62,62,708,3.0,11,0.50,0.0,0.0,2.1,12,0.0,17056.000000,0,0.0,0.0,0.0,1.0
23157,0,1,3400,-62,62,706,3.0,11,0.50,0.0,0.0,2.1,12,0.0,0.0,0.0,0.0,0.0,0.0,1.0
23406,0,1,3400,-62,62,716,3.0,11,0.50,0.0,0.0,2.1,11,0.0,0.0,0.0,0.0,0.0,0.0,1.0
23655,0,1,3400,-62,62,714,3.0,11,0.50,0.0,0.0,2.1,12,0.0,0.0,0.0,0.0,0.0,0.0,1.0
23904,0,1,3400,-62,62,713,3.0,11,0.50,0.0,0.0,2.1,12,0.0,0.0,0.0,0.0,0.0,0.0,1.0
24153,0,1,3400,-62,62,709,3.0,11,0.50,0.0,0.0,2.1,12,0.0,0.0,0.0,0.0,0.0,0.0,1.0
24402,0,1,3400,-62,62,711,3.0,11,0.50,0.0,0.0,2.1,12,0.0,0.0,0.0,0.0,0.0,0.0,1.0
24651,0,1,3400,-62,62,711,3.0,11,0.50,0.0,0.0,2.1,12,0.0,0.0,0.0,0.0,0.0,0.0,1.0
24900,0,1,3400,-62,62,715,3.0,11,0.50,0.0,0.0,2.1,12,0.0,0.0,0.0,0.0,0.0,0.0,1.0
25149,0,1,3400,-62,62,712,3.0,11,0.50,0.0,0.0,2.1,12,0.0,0.0,0.0,0.0,0.0,0.0,1.0
25398,0,1,3400,-62,62,709,3.0,11,0.50,0.0,0.0,2.1,12,0.0,0.0,0.0,0.0,0.0,0.0,1.0
25647,0,1,3400,-62,62,708,3.0,11,0.50,0.0,0.0,2.1,12,0.0,0.0,0.0,0.0,0.0,0.0,1.0
25896,0,1,3400,-62,62,707,3.0,11,0.50,0.0,0.0,2.1,12,0.0,0.0,0.0,0.0,0.0,0.0,1.0
26145,0,1,3400,-62,62,705,3.0,11,0.50,0.0,0.0,2.1,12,0.0,0.0,0.0,0.0,0.0,0.0,1.0
26394,0,1,3400,-62,62,711,3.0,11,0.50,0.0,0.0,2.1,12,0.0,0.0,0.0,0.0,0.0,0.0,1.0
26643,0,1,3400,-62,62,714,3.0,11,0.50,0.0,0.0,2.1,12,0.0,0.0,0.0,0.0,0.0,0.0,1.0
26892,0,1,3400,-62,62,711,3.0,11,0.50,0.0,0.0,2.1,12,0.0,0.0,0.0,0.0,0.0,0.0,1.0
27141,0,1,3400,-62,62,706,3.0,11,0.50,0.0,0.0,2.1,12,0.0,0.0,0.0,0.0,0.0,0.0,1.0
27390,0,1,3400,-62,62,709,3.0,11,0.50,0.0,0.0,2.1,12,0.0,0.0,0.0,0.0,0.0,0.0,1.0
27639,0,1,3400,-62,62,715,3.0,11,0.50,0.0,0.0,2.1,12,0.0,0.0,0.0,0.0,0.0,0.0,1.0
27888,0,1,3400,-62,62,723,3.0,11,0.50,0.0,0.0,2.1,12,0.0,0.0,0.0,0.0,0.0,0.0,1.0
28137,0,1,3400,-62,62,722,3.0,11,0.50,0.0,0.0,2.1,12,0.0,0.0,0.0,0.0,0.0,0.0,1.0
28386,0,1,3400,-62,62,710,3.0,11,0.50,0.0,0.0,2.1,12,0.0,0.0,0.0,0.0,0.0,0.0,1.0
28635,0,1,3400,-62,62,708,3.0,11,0.50,0.0,0.0,2.1,11,0.0,0.0,0.0,0.0,0.0,0.0,1.0
28884,0,1,3400,-62,62,717,3.0,11,0.50,0.0,0.0,2.1,12,0.0,0.0,0.0,0.0,0.0,0.0,1.0
29133,0,1,3400,-62,62,716,3.0,11,0.50,0.0,0.0,2.1,12,0.0,0.0,0.0,0.0,0.0,0.0,1.0
29382,0,1,3400,-62,62,705,3.0,11,0.50,0.0,0.0,2.1,12,0.0,0.0,0.0,0.0,0.0,0.0,1.0
29631,0,1,3400,-62,62,705,3.0,11,0.50,0.0,0.0,2.1,12,0.0,0.0,0.0,0.0,0.0,0.0,1.0
29880,0,1,3400,-62,62,704,3.0,11,0.50,0.0,0.0,2.1,12,0.0,0.0,0.0,0.0,0.0,0.0,1.0
30129,0,1,3400,-62,62,704,3.0,11,0.50,0.0,0.0,2.1,12,0.0,0.0,0.0,0.0,0.0,0.0,1.0
30378,0,1,3400,-62,62,708,3.0,11,0.50,0.0,0.0,2.1,12,0.0,0.0,0.0,0.0,0.0,0.0,1.0
30627,0,1,3400,-62,62,708,3.0,11,0.50,0.0,0.0,2.1,12,0.0,0.0,0.0,0.0,0.0,0.0,1.0
30876,0,1,3400,-62,62,717,3.0,11,0.50,0.0,0.0,2.1,12,0.0,0.0,0.0,0.0,0.0,0.0,1.0
31125,0,1,3400,-62,62,705,3.0,11,0.50,0.0,0.0,2.1,12,0.0,0.0,0.0,0.0,0.0,0.0,1.0
31374,0,1,3400,-62,62,704,3.0,11,0.50,0.0,0.0,2.1,12,0.0,0.0,0.0,0.0,0.0,0.0,1.0
31623,0,1,3400,-62,62,711,3.0,11,0.50,0.0,0.0,2.1,11,0.0,0.0,0.0,0.0,0.0,0.0,1.0
31872,0,1,3400,-62,62,709,3.0,11,0.50,0.0,0.0,2.1,12,0.0,0.0,0.0,0.0,0.0,0.0,1.0
32121,0,1,3400,-62,62,699,3.0,11,0.50,0.0,0.0,2.1,12,0.0,0.0,0.0,0.0,0.0,0.0,1.0
32370,0,1,3400,-62,62,707,3.0,11,0.50,0.0,0.0,2.1,11,0.0,0.0,0.0,0.0,0.0,0.0,1.0
32619,0,1,3400,-62,62,708,3.0,11,0.50,0.0,0.0,2.1,12,0.0,0.0,0.0,0.0,0.0,0.0,1.0
32868,0,1,3400,-62,62,699,3.0,11,0.50,0.0,0.0,2.1,12,0.0,0.0,0.0,0.0,0.0,0.0,1.0
33117,0,1,3400,-62,62,700,3.0,11,0.50,0.0,0.0,2.1,12,0.0,0.0,0.0,0.0,0.0,0.0,1.0
33366,0,1,3400,-62,62,705,3.0,11,0.50,0.0,0.0,2.1,12,0.0,0.0,0.0,0.0,0.0,0.0,1.0
33615,0,1,3400,-62,62,711,3.0,11,0.50,0.0,0.0,2.1,12,0.0,0.0,0.0,0.0,0.0,0.0,1.0
33864,0,1,3400,-62,62,706,3.0,11,0.50,0.0,0.0,2.1,12,0.0,0.0,0.0,0.0,0.0,0.0,1.0
34113,0,1,3400,-62,62,713,3.0,11,0.50,0.0,0.0,2.1,12,0.0,0.0,0.0,0.0,0.0,0.0,1.0
34362,0,1,3400,-62,62,708,3.0,11,0.50,0.0,0.0,2.1,12,0.0,0.0,0.0,0.0,0.0,0.0,1.0
34611,0,1,3400,-62,62,713,3.0,11,0.50,0.0,0.0,2.1,12,0.0,0.0,0.0,0.0,0.0,0.0,1.0
34860,0,1,3400,-62,62,717,3.0,11,0.50,0.0,0.0,2.1,12,0.0,0.0,0.0,0.0,0.0,0.0,1.0
35109,0,1,3400,-62,62,710,3.0,11,0.50,0.0,0.0,2.1,12,0.0,0.0,0.0,0.0,0.0,0.0,1.0
35358,0,1,3400,-62,62,707,3.0,11,0.50,0.0,0.0,2.1,11,0.0,0.0,0.0,0.0,0.0,0.0,1.0
35607,0,1,3400,-62,62,702,3.0,11,0.50,0.0,0.0,2.1,12,0.0,0.0,0.0,0.0,0.0,0.0,1.0
35856,0,1,3400,-62,62,708,3.0,11,0.50,0.0,0.0,2.1,12,0.0,0.0,0.0,0.0,0.0,0.0,1.0
36105,0,1,3400,-62,62,705,3.0,11,0.50,0.0,0.0,2.1,12,0.0,0.0,0.0,0.0,0.0,0.0,1.0
36354,0,1,3400,-62,62,709,3.0,11,0.50,0.0,0.0,2.1,12,0.0,0.0,0.0,0.0,0.0,0.0,1.0
36603,0,1,3400,-62,62,705,3.0,11,0.50,0.0,0.0,2.1,12,0.0,0.0,0.0,0.0,0.0,0.0,1.0
36852,0,1,3400,-62,62,699,3.0,11,0.50,0.0,0.0,2.1,12,0.0,0.0,0,0.0,0.0,0.0,1.0
37101,0,1,3400,-62,62,703,3.0,11,0.50,0.0,0.0,2.1,15,0.0,17056.000000,0,0.0,0.0,0.0,1.0
37350,0,1,3400,-62,62,707,3.0,11,0.50,0.0,0.0,2.1,15,0.0,0.0,0.0,0.0,0.0,0.0,1.0
37599,0,1,3400,-62,62,702,3.0,11,0.50,0.0,0.0,2.1,15,0.0,0.0,0.0,0.0,0.0,0.0,1.0
37848,0,1,3400,-62,62,705,3.0,11,0.50,0.0,0.0,2.1,15,0.0,0.0,0.0,0.0,0.0,0.0,1.0
38097,0,1,3400,-62,62,703,3.0,11,0.50,0.0,0.0,2.1,15,0.0,0.0,0.0,0.0,0.0,0.0,1.0
38346,0,1,3400,-62,62,700,3.0,11,0.50,0.0,0.0,2.1,15,0.0,0.0,0.0,0.0,0.0,0.0,1.0
38595,0,1,3400,-62,62,712,3.0,11,0.50,0.0,0.0,2.1,15,0.0,0.0,0.0,0.0,0.0,0.0,1.0
38844,0,1,3400,-62,62,705,3.0,11,0.50,0.0,0.0,2.1,15,0.0,0.0,0.0,0.0,0.0,0.0,1.0
39093,0,1,3400,-62,62,703,3.0,11,0.50,0.0,0.0,2.1,15,0.0,0.0,0.0,0.0,0.0,0.0,1.0
39342,0,1,3400,-62,62,699,3.0,11,0.50,0.0,0.0,2.1,15,0.0,0.0,0.0,0.0,0.0,0.0,1.0
39591,0,1,3400,-62,62,699,3.0,11,0.50,0.0,0.0,2.1,15,0.0,0.0,0.0,0.0,0.0,0.0,1.0
39840,0,1,3400,-62,62,703,3.0,12,0.50,0.0,0.0,2.1,15,0.0,0.0,0.0,0.0,0.0,0.0,1.0
40089,0,1,3400,-62,62,705,3.0,11,0.50,0.0,0.0,2.1,15,0.0,0.0,0.0,0.0,0.0,0.0,1.0
40338,0,1,3400,-62,62,698,3.0,11,0.50,0.0,0.0,2.1,15,0.0,0.0,0.0,0.0,0.0,0.0,1.0
40587,0,1,3400,-62,62,699,3.0,11,0.50,0.0,0.0,2.1,15,0.0,0.0,0.0,0.0,0.0,0.0,1.0
40836,0,1,3400,-62,62,704,3.0,11,0.50,0.0,0.0,2.1,15,0.0,0.0,0.0,0.0,0.0,0.0,1.0
41085,0,1,3400,-62,62,709,3.0,11,0.50,0.0,0.0,2.1,15,0.0,0.0,0.0,0.0,0.0,0.0,1.0
41334,0,1,3400,-62,62,700,3.0,11,0.50,0.0,0.0,2.1,15,0.0,0.0,0.0,0.0,0.0,0.0,1.0
41583,0,1,3400,-62,62,699,3.0,11,0.50,0.0,0.0,2.1,15,0.0,0.0,0.0,0.0,0.0,0.0,1.0
41832,0,1,3400,-62,62,702,3.0,11,0.50,0.0,0.0,2.1,15,0.0,0.0,0.0,0.0,0.0,0.0,1.0
42081,0,1,3400,-62,62,700,3.0,11,0.50,0.0,0.0,2.1,15,0.0,0.0,0.0,0.0,0.0,0.0,1.0
42330,0,1,3400,-62,62,704,3.0,11,0.50,0.0,0.0,2.1,15,0.0,0.0,0.0,0.0,0.0,0.0,1.0
42579,0,1,3400,-62,62,712,3.0,11,0.50,0.0,0.0,2.1,15,0.0,0.0,0.0,0.0,0.0,0.0,1.0
42828,0,1,3400,-62,62,704,3.0,11,0.50,0.0,0.0,2.1,15,0.0,0.0,0.0,0.0,0.0,0.0,1.0
43077,0,1,3400,-62,62,700,3.0,11,0.50,0.0,0.0,2.1,15,0.0,0.0,0.0,0.0,0.0,0.0,1.0
43326,0,1,3400,-62,62,702,3.0,11,0.50,0.0,0.0,2.1,15,0.0,0.0,0.0,0.0,0.0,0.0,1.0
43575,0,1,3400,-62,62,707,3.0,11,0.50,0.0,0.0,2.1,15,0.0,0.0,0.0,0.0,0.0,0.0,1.0
43824,0,1,3400,-62,62,704,3.0,11,0.50,0.0,0.0,2.1,15,0.0,0.0,0.0,0.0,0.0,0.0,1.0
44073,0,1,3400,-62,62,696,3.0,11,0.50,0.0,0.0,2.1,15,0.0,0.0,0.0,0.0,0.0,0.0,1.0
44322,0,1,3400,-62,62,704,3.0,11,0.50,0.0,0.0,2.1,15,0.0,0.0,0.0,0.0,0.0,0.0,1.0
44571,0,1,3400,-62,62,712,3.0,11,0.50,0.0,0.0,2.1,15,0.0,0.0,0.0,0.0,0.0,0.0,1.0
44820,0,1,3400,-62,62,707,3.0,11,0.50,0.0,0.0,2.1,15,0.0,0.0,0.0,0.0,0.0,0.0,1.0
45069,0,1,3400,-62,62,703,3.0,11,0.50,0.0,0.0,2.1,15,0.0,0.0,0.0,0.0,0.0,0.0,1.0
45318,0,1,3400,-62,62,705,3.0,11,0.50,0.0,0.0,2.1,15,0.0,0.0,0.0,0.0,0.0,0.0,1.0
45567,0,1,3400,-62,62,705,3.0,11,0.50,0.0,0.0,2.1,15,0.0,0.0,0.0,0.0,0.0,0.0,1.0
45816,0,1,3400,-62,62,709,3.0,11,0.50,0.0,0.0,2.1,15,0.0,0.0,0.0,0.0,0.0,0.0,1.0
46065,0,1,3400,-62,62,704,3.0,11,0.50,0.0,0.0,2.1,15,0.0,0.0,0.0,0.0,0.0,0.0,1.0
46314,0,1,3400,-62,62,711,3.0,11,0.50,0.0,0.0,2.1,15,0.0,0.0,0.0,0.0,0.0,0.0,1.0
46563,0,1,3400,-62,62,703,3.0,11,0.50,0.0,0.0,2.1,15,0.0,0.0,0.0,0.0,0.0,0.0,1.0
46812,0,1,3400,-62,62,704,3.0,11,0.50,0.0,0.0,2.1,15,0.0,0.0,0.0,0.0,0.0,0.0,1.0
47061,0,1,3400,-62,62,700,3.0,11,0.50,0.0,0.0,2.1,15,0.0,0.0,0.0,0.0,0.0,0.0,1.0
47310,0,1,3400,-62,62,694,3.0,11,0.50,0.0,0.0,2.1,15,0.0,0.0,0.0,0.0,0.0,0.0,1.0
47559,0,1,3400,-62,62,705,3.0,11,0.50,0.0,0.0,2.1,15,0.0,0.0,0.0,0.0,0.0,0.0,1.0
47808,0,1,3400,-62,62,701,3.0,11,0.50,0.0,0.0,2.1,15,0.0,0.0,0.0,0.0,0.0,0.0,1.0
48057,0,1,3400,-62,62,695,3.0,11,0.50,0.0,0.0,2.1,15,0.0,0.0,0.0,0.0,0.0,0.0,1.0
48306,0,1,3400,-62,62,702,3.0,11,0.50,0.0,0.0,2.1,15,0.0,0.0,0.0,0.0,0.0,0.0,1.0
48555,0,1,3400,-62,62,704,3.0,11,0.50,0.0,0.0,2.1,15,0.0,0.0,0.0,0.0,0.0,0.0,1.0
48804,0,1,3400,-62,62,699,3.0,11,0.50,0.0,0.0,2.1,15,0.0,0.0,0.0,0.0,0.0,0.0,1.0
49053,0,1,3400,-62,62,702,3.0,11,0.50,0.0,0.0,2.1,15,0.0,0.0,0.0,0.0,0.0,0.0,1.0
49302,0,1,3400,-62,62,699,3.0,11,0.50,0.0,0.0,2.1,15,0.0,0.0,0.0,0.0,0.0,0.0,1.0
49551,0,1,3400,-62,62,701,3.0,11,0.50,0.0,0.0,2.1,15,0.0,0.0,0.0,0.0,0.0,0.0,1.0
49800,0,1,3400,-62,62,703,3.0,11,0.50,0.0,0.0,2.1,15,0.0,0.0,0.0,0.0,0.0,0.0,1.0
50049,0,1,3400,-62,62,705,3.0,11,0.50,0.0,0.0,2.1,15,0.0,0.0,0.0,0.0,0.0,0.0,1.0
50298,0,1,3400,-62,62,703,3.0,11,0.50,0.0,0.0,2.1,15,0.0,0.0,0.0,0.0,0.0,0.0,1.0
50547,0,1,3400,-62,62,698,3.0,11,0.50,0.0,0.0,2.1,15,0.0,0.0,0.0,0.0,0.0,0.0,1.0
50796,0,1,3400,-62,62,693,4.3,11,0.50,140224.000000,0,2.1,15,0.0,41152.000000,46,0.0,0.0,0.0,1.0
51045,0,1,3400,-62,62,696,11,11,0.68,113536.000000,0,2.1,23,0.0,0.0,0.0,0.0,0.0,0.0,1.0
51294,0,1,3400,-62,62,707,5.3,11,0.50,159776.000000,0,2.1,22,0.0,0.0,0.0,0.0,0.0,0.0,1.0
51543,0,1,3400,-62,62,703,9.5,11,0.62,113600.000000,0,2.1,22,0.0,0.0,0.0,0.0,0.0,0.0,1.0
51792,0,1,3400,-62,62,704,11,11,0.71,119904.000000,0,2.1,18,0.0,17056.000000,50,0.0,0.0,0.0,1.0
52041,0,1,3400,-62,62,706,6.4,11,0.50,137984.000000,0,2.1,16,0.0,0.0,0.0,0.0,0.0,0.0,1.0
52290,0,1,3400,-62,62,695,10,11,0.61,86368.000000,0,2.1,16,0.0,0.0,0.0,0.0,0.0,0.0,1.0
52539,0,1,3400,-62,62,694,9.3,11,0.57,99040.000000,0,2.1,16,0.0,0.0,0.0,0.0,0.0,0.0,1.0
52788,0,1,3400,-62,62,696,7.4,11,0.55,108960.000000,0,2.1,12,0.0,19680.000000,66,0.0,0.0,0.0,1.0
53037,0,1,3400,-62,62,701,7.0,11,0.53,155936.000000,0,2.1,22,0.0,0.0,100.000000,0.0,0.0,0.0,1.0
53286,0,1,3400,-62,62,699,13,11,0.50,90688.000000,0,2.1,22,0.0,0.0,0.0,0.0,0.0,0.0,1.0
53535,0,1,3400,-62,62,699,10,11,0.50,108704.000000,0,2.1,22,0.0,0.0,0.0,0.0,0.0,0.0,1.0
53784,0,1,3400,-62,62,701,5.6,11,0.50,157184.000000,0,2.1,14,20,0.0,80,0.0,0.0,0.0,1.0
54033,0,1,3400,-62,62,699,4.9,11,0.50,170656.000000,0,2.1,2.0,0.0,0.0,80,0.0,0.0,0.0,1.0
54282,0,1,3400,-62,62,704,2.3,11,0.50,156032.000000,0,2.1,0.0,0.0,0.0,0.0,0.0,0.0,0.0,1.0
54531,0,1,3400,-62,62,710,6.7,11,0.50,124192.000000,0,2.1,0.0,0.0,0.0,0.0,0.0,0.0,0.0,1.0
54780,0,1,3400,-62,62,707,4.9,11,0.50,104256.000000,0,2.1,0.0,20,0.0,80,0.0,0.0,0.0,1.0
55029,0,1,3400,-62,62,697,5.6,11,0.50,118400.000000,0,2.1,0.0,0.0,0.0,80,0.0,0.0,0.0,1.0
55278,0,1,3400,-62,62,697,6.5,11,0.50,78912.000000,0,2.1,0.0,0.0,0.0,0.0,0.0,0.0,0.0,1.0
55527,0,1,3400,-62,62,701,8.5,11,0.50,99936.000000,0,2.1,0.0,0.0,0.0,80,0.0,0.0,0.0,1.0
55776,0,1,3400,-62,62,700,5.0,11,0.50,111136.000000,0,2.1,0.0,0.0,0.0,80,0.0,0.0,0.0,1.0
56025,0,1,3400,-62,62,696,8.2,11,0.52,115680.000000,0,2.1,0.0,0.0,0.0,0.0,0.0,0.0,0.0,1.0
56274,0,1,3400,-62,62,701,12,11,0.54,107200.000000,0,2.1,0.0,0.0,0.0,0.0,0.0,0.0,0.0,1.0
56523,0,1,3400,-62,62,701,15,11,0.83,83616.000000,0,2.1,0.0,0.0,0.0,0.0,0.0,0.0,0.0,1.0
56772,0,1,3400,-62,62,697,8.8,11,0.63,131552.000000,0,2.1,0.0,20,0.0,80,0.0,0.0,0.0,1.0
57021,0,1,3400,-62,62,692,6.8,11,0.50,152896.000000,0,2.1,0.0,0.0,0.0,50,0.0,0.0,0.0,1.0
57270,0,1,3400,-62,62,702,5.1,11,0.50,172864.000000,0,2.1,0.0,0.0,0.0,100.000000,0.0,0.0,0.0,1.0
57519,0,1,3400,-62,62,698,9.6,11,0.50,80736.000000,0,2.1,0.012,0.0,0.0,0,0.0,0.0,0.0,1.0
57768,0,1,3400,-62,62,690,13,11,0.75,133504.000000,0,2.1,0.26,18,4384.000000,67,0.0,0.0,0.0,1.0
58017,0,1,3400,-62,62,703,9.0,11,0.61,149120.000000,0,2.1,0.0,0.0,0.0,80,0.0,0.0,0.0,1.0
58266,0,1,3400,-62,62,698,16,11,0.82,122944.000000,0,2.1,0.0,0.0,0.0,0.0,0.0,0.0,0.0,1.0
58515,0,1,3400,-62,62,694,17,11,0.90,131232.000000,0,2.1,0.0,0.0,0.0,0.0,0.0,0.0,0.0,1.0
58764,0,1,3400,-62,62,701,14,11,0.85,97056.000000,0,2.1,0.0,20,0.0,80,0.0,0.0,0.0,1.0
59013,0,1,3400,-62,62,702,13,11,0.69,172480.000000,0,2.1,0.0,0.0,0.0,50,0.0,0.0,0.0,1.0
59262,0,1,3400,-62,62,705,6.2,11,0.50,95648.000000,0,2.1,0.0,0.0,0.0,100.000000,0.0,0.0,0.0,1.0
59511,0,1,3400,-62,62,699,13,11,0.50,117440.000000,0,2.1,0.0,0.0,0.0,0.0,0.0,0.0,0.0,1.0
59760,0,1,3400,-62,62,706,13,11,0.50,67232.000000,0,2.1,0.0,182,0.0,80,0.0,0.0,0.0,1.0
60009,0,1,3400,-62,62,700,12,11,0.53,117664.000000,0,2.1,0.0,16,0.0,80,0.0,0.0,0.0,1.0
60258,0,1,3400,-62,62,696,13,11,0.68,121472.000000,0,2.1,0.0,16,0.0,0.0,0.0,0.0,0.0,1.0
60507,0,1,3400,-62,62,690,11,11,0.57,142272.000000,0,2.1,0.0,0.0,0.0,80,0.0,0.0,0.0,1.0
60756,0,1,3400,-62,62,693,7.8,11,0.59,133248.000000,0,2.1,0.0,20,0.0,80,0.0,0.0,0.0,1.0
61005,0,1,3400,-62,62,698,9.0,11,0.54,99520.000000,0,2.1,0.0,0.0,0.0,80,0.0,0.0,0.0,1.0
61254,0,1,3400,-62,62,691,6.5,11,0.50,158592.000000,0,2.1,0.0,0.0,0.0,0.0,0.0,0.0,0.0,1.0
61503,0,1,3400,-62,62,691,6.4,11,0.50,105344.000000,0,2.1,0.0,0.0,0.0,0.0,0.0,0.0,0.0,1.0
61752,0,1,3400,-62,62,697,9.1,11,0.50,156032.000000,0,2.1,0.0,20,0.0,80,0.0,0.0,0.0,1.0
62001,0,1,3400,-62,62,698,5.4,11,0.50,114368.000000,0,2.1,0.0,0.0,0.0,50,0.0,0.0,0.0,1.0
62250,0,1,3400,-62,62,696,5.2,11,0.50,88224.000000,0,2.1,0.0,0.0,0.0,100.000000,0.0,0.0,0.0,1.0
62499,0,1,3400,-62,62,702,5.5,11,0.50,84736.000000,0,2.1,0.0,0.0,0.0,80,0.0,0.0,0.0,1.0
62748,0,1,3400,-62,62,702,6.6,11,0.50,127264.000000,0,2.1,0.0,18,0.0,80,0.0,0.0,0.0,1.0
62997,0,1,3400,-62,62,697,7.9,11,0.50,171200.000000,0,2.1,0.0,0.0,0.0,80,0.0,0.0,0.0,1.0
63246,0,1,3400,-62,62,692,6.9,11,0.52,137344.000000,0,2.1,0.0,0.0,0.0,0.0,0.0,0.0,0.0,1.0
63495,0,1,3400,-62,62,694,6.2,11,0.50,134208.000000,0,2.1,0.0,0.0,0.0,0.0,0.0,0.0,0.0,1.0
63744,0,1,3400,-62,62,695,12,11,0.55,124288.000000,0,2.1,0.0,20,0.0,80,0.0,0.0,0.0,1.0
63993,0,1,3400,-62,62,695,17,11,0.88,120832.000000,0,2.1,0.0,0.0,0.0,50,0.0,0.0,0.0,1.0
64242,0,1,3400,-62,62,691,5.2,11,0.50,92621.515625,0,2.1,0.0,0.0,0.0,100.000000,0.0,0.0,0.0,1.0
64491,0,1,3400,-62,62,699,5.8,11,0.50,136544.000000,0,2.1,0.0,0.0,0.0,0.0,0.0,0.0,0.0,1.0
64740,0,1,3400,-62,62,690,8.9,11,0.54,103136.000000,0,2.1,2.5,0.0,352,71,0.0,0.0,0.0,1.0
64989,0,1,3400,-62,62,682,6.5,11,0.53,101344.000000,0,2.1,0.0,0.0,6848.000000,67,0.0,0.0,0.0,1.0
65238,0,1,3400,-62,62,694,7.5,11,0.55,183904.000000,0,2.1,0.0,0.0,0.0,0.0,0.0,0.0,0.0,1.0
65487,0,1,3400,-62,62,693,5.0,11,0.50,121760.000000,0,2.1,1.5,0.0,4128.000000,0,0.0,0.0,0.0,1.0
65736,0,1,3400,-62,62,691,8.1,11,0.54,125728.000000,0,2.1,5.0,20,0.0,80,0.0,0.0,0.0,1.0
65985,0,1,3400,-62,62,690,7.7,11,0.55,117728.000000,0,2.1,5.0,0.0,0.0,50,0.0,0.0,0.0,1.0
66234,0,1,3400,-62,62,695,5.8,11,0.50,123904.000000,0,2.1,5.0,0.0,0.0,100.000000,0.0,0.0,0.0,1.0
66483,0,1,3400,-62,62,698,11,11,0.73,112288.000000,0,2.1,6.1,0.0,4384.000000,50,0.0,0.0,0.0,1.0
66732,0,1,3400,-62,62,695,7.9,11,0.50,136192.000000,0,2.1,3.2,20,0.0,80,0.0,0.0,0.0,1.0
66981,0,1,3400,-62,62,692,6.6,11,0.50,136864.000000,0,2.1,1.5,0.0,0.0,80,0.0,0.0,0.0,1.0
67230,0,1,3400,-62,62,693,17,11,0.88,87520.000000,0,2.1,1.5,0.0,0.0,0.0,0.0,0.0,0.0,1.0
67479,0,1,3400,-62,62,691,7.7,11,0.65,101664.000000,0,2.1,1.3,0.0,0.0,80,0.0,0.0,0.0,1.0
67728,0,1,3400,-62,62,685,10,11,0.55,96384.000000,0,2.1,9.5,0.0,54624.000000,23,0.0,0.0,0.0,1.0
67977,0,1,3400,-62,62,694,13,11,0.74,88608.000000,0,2.1,16,0.0,0.0,0.0,0.0,0.0,0.0,1.0
68226,0,1,3400,-62,62,693,11,11,0.68,125280.000000,0,2.1,16,0.0,0.0,0.0,0.0,0.0,0.0,1.0
68475,0,1,3400,-62,62,695,5.0,11,0.50,94816.000000,0,2.1,16,0.0,0.0,0.0,0.0,0.0,0.0,1.0
68724,0,1,3400,-62,62,698,7.3,11,0.84,112320.000000,0.8,2.1,16,0.0,0.0,80,0.0,0.0,0.0,1.0
68973,0,1,3400,-62,62,701,5.5,11,0.56,186112.000000,0,2.1,16,0.0,0.0,0.0,0.0,0.0,0.0,1.0
69222,0,1,3400,-62,62,702,13,11,0.78,78848.000000,0,2.1,16,0.0,0.0,0.0,0.0,0.0,0.0,1.0
69471,0,1,3400,-62,62,695,13,11,0.72,72960.000000,0,2.1,16,0.0,0.0,0.0,0.0,0.0,0.0,1.0
69720,0,1,3400,-62,62,692,13,11,0.72,146464.000000,0,2.1,8.9,20,0.0,80,0.0,0.0,0.0,1.0
69969,0,1,3400,-62,62,690,5.2,11,0.50,62944.000000,0,2.1,7.5,0.0,0.0,80,0.0,0.0,0.0,1.0
70218,0,1,3400,-62,62,693,12,11,0.58,172928.000000,0,2.1,0.72,0.0,0.0,80,0.0,0.0,0.0,1.0
70467,0,1,3400,-62,62,690,11,11,0.74,69312.000000,0,2.1,0.0,0.0,0.0,0.0,0.0,0.0,0.0,1.0
70716,0,1,3400,-62,62,693,11,11,0.65,123712.000000,0,2.1,0.0,182,0.0,80,0.0,0.0,0.0,1.0
70965,0,1,3400,-62,62,693,6.5,11,0.50,117888.000000,0,2.1,0.0,16,0.0,50,0.0,0.0,0.0,1.0
71214,0,1,3400,-62,62,692,5.8,11,0.50,127744.000000,0,2.1,0.0,16,0.0,100.000000,0.0,0.0,0.0,1.0
71463,0,1,3400,-62,62,695,7.3,11,0.50,184160.000000,0,2.1,0.0,0.0,0.0,80,0.0,0.0,0.0,1.0
71712,0,1,3400,-62,62,698,8.4,11,0.50,147392.000000,0,2.1,0.0,20,0.0,80,0.0,0.0,0.0,1.0
71961,0,1,3400,-62,62,694,11,11,0.66,161824.000000,0,2.1,0.0,0.0,0.0,50,0.0,0.0,0.0,1.0
72210,0,1,3400,-62,62,694,6.4,11,0.50,121216.000000,0,2.1,8.7,0.0,7136.000000,72,0.0,0.0,0.0,1.0
72459,0,1,3400,-62,62,690,13,11,0.77,137792.000000,0,2.1,4.4,0.0,896,76,0.0,0.0,0.0,1.0
72708,0,1,3400,-62,62,696,9.6,11,0.66,133440.000000,0,2.1,7.8,0.0,19584.000000,57,0.0,0.0,0.0,1.0
72957,0,1,3400,-62,62,693,16,11,0.81,145792.000000,0,2.1,0.0,0.0,0.0,100.000000,0.0,0.0,0.0,1.0
73206,0,1,3400,-62,62,692,17,11,0.92,123232.000000,0,2.1,0.0,0.0,0.0,0.0,0.0,0.0,0.0,1.0
73455,0,1,3400,-62,62,694,9.2,11,0.50,110944.000000,0,2.1,0.0,0.0,0.0,0.0,0.0,0.0,0.0,1.0
73704,0,1,3400,-62,62,697,6.2,11,0.50,131072.000000,0,2.1,0.0,20,0.0,80,0.0,0.0,0.0,1.0
73953,0,1,3400,-62,62,700,7.8,11,0.57,138039.843750,0,2.1,0.0,0.0,5513.944336,50,0.0,0.0,0.0,1.0
74202,0,1,3400,-62,62,703,7.1,11,0.50,155008.000000,0,2.1,0.0,0.0,0.0,0.0,0.0,0.0,0.0,1.0
74451,0,1,3400,-62,62,700,9.9,11,0.73,143104.000000,0,2.1,0.0,0.0,0.0,0.0,0.0,0.0,0.0,1.0
74700,0,1,3400,-62,62,698,5.8,11,0.50,147168.000000,0,2.1,1.2,0.0,3488.000000,71,0.0,0.0,0.0,1.0
74949,0,1,3400,-62,62,692,12,11,0.72,95296.000000,0,2.1,8.1,0.0,3584.000000,68,0.0,0.0,0.0,1.0
75198,0,1,3400,-62,62,692,7.5,11,0.50,88512.000000,0,2.1,6.5,0.0,3584.000000,64,0.0,0.0,0.0,1.0
75447,0,1,3400,-62,62,702,9.8,11,0.53,113504.000000,0,2.1,11,0.0,4480.000000,62,0.0,0.0,0.0,1.0
75696,0,1,3400,-62,62,702,7.4,11,0.58,108416.000000,0,2.1,14,0.0,117664.000000,62,0.0,0.0,0.0,1.0
75945,0,1,3400,-62,62,689,5.8,11,0.50,110688.000000,0,2.1,15,0.0,0.0,50,0.0,0.0,0.0,1.0
76194,0,1,3400,-62,62,689,11,11,0.61,114848.000000,0,2.1,8.0,0.0,5536.000000,50,0.0,0.0,0.0,1.0
76443,0,1,3400,-62,62,691,7.7,11,0.50,94368.000000,0,2.1,8.0,0.0,0.0,0.0,0.0,0.0,0.0,1.0
76692,0,1,3400,-62,62,691,10,11,0.58,77856.000000,0,2.1,2.7,20,0.0,80,0.0,0.0,0.0,1.0
76941,0,1,3400,-62,62,693,8.1,11,0.59,125312.000000,0,2.1,0.0,0.0,0.0,80,0.0,0.0,0.0,1.0
77190,0,1,3400,-62,62,692,18,11,1.1,115328.000000,0,2.1,0.0,0.0,0.0,0.0,0.0,0.0,0.0,1.0
77439,0,1,3400,-62,62,691,9.0,11,0.50,104064.000000,0,2.1,0.0,0.0,0.0,0.0,0.0,0.0,0.0,1.0
77688,0,1,3400,-62,62,693,3.9,11,0.50,122848.000000,0,2.1,0.0,20,0.0,80,0.0,0.0,0.0,1.0
77937,0,1,3400,-62,62,697,5.4,11,0.50,162944.000000,0,2.1,0.0,0.0,0.0,80,0.0,0.0,0.0,1.0
78186,0,1,3400,-62,62,696,5.9,11,0.50,107360.000000,0,2.1,0.0,0.0,0.0,0.0,0.0,0.0,0.0,1.0
78435,0,1,3400,-62,62,688,8.9,11,0.53,162400.000000,0,2.1,0.0,0.0,0.0,80,0.0,0.0,0.0,1.0
78684,0,1,3400,-62,62,684,8.0,11,0.56,112096.000000,0,2.1,4.0,0.0,6720.000000,50,0.0,0.0,0.0,1.0
78933,0,1,3400,-62,62,687,12,11,0.56,161952.000000,0,2.1,7.3,0.0,17056.000000,25,0.0,0.0,0.0,1.0
79182,0,1,3400,-62,62,689,3.5,11,0.50,134912.000000,0,2.1,15,0.0,0.0,100.000000,0.0,0.0,0.0,1.0
79431,0,1,3400,-62,62,690,4.6,11,0.50,148256.000000,0,2.1,15,0.0,0.0,0.0,0.0,0.0,0.0,1.0
79680,0,1,3400,-62,62,691,7.6,11,0.50,131008.000000,0,2.1,11,0.0,29024.000000,64,0.0,0.0,0.0,1.0
79929,0,1,3400,-62,62,691,7.5,11,0.54,191904.000000,0,2.1,5.9,0.0,12128.000000,73,0.0,0.0,0.0,1.0
80178,0,1,3400,-62,62,691,6.5,11,0.56,156864.000000,0,2.1,15,0.0,0.0,75,0.0,0.0,0.0,1.0
80427,0,1,3400,-62,62,694,13,11,0.56,107552.000000,0,2.1,7.5,0.0,0.0,100.000000,0.0,0.0,0.0,1.0
80676,0,1,3400,-62,62,701,7.6,11,0.52,109408.000000,0,2.1,3.7,20,0.0,80,0.0,0.0,0.0,1.0
80925,0,1,3400,-62,62,695,6.0,11,0.53,109024.000000,0,2.1,0.0,0.0,0.0,80,0.0,0.0,0.0,1.0
81174,0,1,3400,-62,62,688,6.2,11,0.50,124768.000000,0,2.1,0.0,0.0,0.0,0.0,0.0,0.0,0.0,1.0
81423,0,1,3400,-62,62,695,6.2,11,0.55,126368.000000,0,2.1,0.0,0.0,0.0,0.0,0.0,0.0,0.0,1.0
81672,0,1,3400,-62,62,701,11,11,0.55,111072.000000,0,2.1,0.0,20,0.0,80,0.0,0.0,0.0,1.0
81921,0,1,3400,-62,62,690,8.3,11,0.50,112672.000000,0,2.1,0.0,0.0,0.0,50,0.0,0.0,0.0,1.0
82170,0,1,3400,-62,62,685,8.6,11,0.65,97088.000000,0,2.1,0.0,0.0,0.0,86,0.0,0.0,0.0,1.0
82419,0,1,3400,-62,62,694,6.3,11,0.53,178784.000000,0,2.1,0.0,0.0,0.0,100.000000,0.0,0.0,0.0,1.0
82668,0,1,3400,-62,62,692,11,11,0.68,151648.000000,0,2.1,0.0,20,0.0,80,0.0,0.0,0.0,1.0
82917,0,1,3400,-62,62,694,7.3,11,0.50,165120.000000,0,2.1,0.0,0.0,0.0,80,0.0,0.0,0.0,1.0
83166,0,1,3400,-62,62,688,9.9,11,0.55,140352.000000,0,2.1,0.0,0.0,0.0,80,0.0,0.0,0.0,1.0
83415,0,1,3400,-62,62,691,13,11,0.65,148416.000000,0,2.1,0.0,0.0,0.0,0.0,0.0,0.0,0.0,1.0
83664,0,1,3400,-62,62,692,5.0,11,0.50,136160.000000,0,2.1,0.0,20,0.0,80,0.0,0.0,0.0,1.0
83913,0,1,3400,-62,62,689,7.3,11,0.59,186144.000000,0,2.1,0.0,0.0,0.0,80,0.0,0.0,0.0,1.0
84162,0,1,3400,-62,62,688,9.9,11,0.68,99168.000000,0,2.1,0.0,0.0,0.0,0.0,0.0,0.0,0.0,1.0
84411,0,1,3400,-62,62,690,5.9,11,0.50,135584.000000,0,2.1,0.0,0.0,0.0,80,0.0,0.0,0.0,1.0
84660,0,1,3400,-62,62,683,5.9,11,0.50,91168.000000,0,2.1,0.0,20,0.0,80,0.0,0.0,0.0,1.0
84909,0,1,3400,-62,62,686,6.9,11,0.51,125504.000000,0,2.1,0.0,0.0,0.0,50,0.0,0.0,0.0,1.0
85158,0,1,3400,-62,62,687,7.4,11,0.54,141344.000000,0,2.1,0.0,0.0,0.0,100.000000,0.0,0.0,0.0,1.0
85407,0,1,3400,-62,62,689,15,11,0.81,100000.000000,0,2.1,0.0,0.0,0.0,0.0,0.0,0.0,0.0,1.0
85656,0,1,3400,-62,62,689,12,11,0.58,166848.000000,0,2.1,0.0,56,4384.000000,33,0.0,0.0,0.0,1.0
85905,0,1,3400,-62,62,684,14,11,0.81,74176.000000,0,2.1,0.0,0.0,0.0,50,0.0,0.0,0.0,1.0
86154,0,1,3400,-62,62,689,8.6,11,0.67,129920.000000,0,2.1,0.0,0.0,0.0,100.000000,0.0,0.0,0.0,1.0
86403,0,1,3400,-62,62,691,9.5,11,0.58,104384.000000,0,2.1,0.0,0.0,0.0,0.0,0.0,0.0,0.0,1.0
86652,0,1,3400,-62,62,691,10,11,0.63,130112.000000,0,2.1,12,0.0,45856.000000,67,0.0,0.0,0.0,1.0
86901,0,1,3400,-62,62,688,13,11,0.68,126112.000000,0,2.1,16,0.0,0.0,0.0,0.0,0.0,0.0,1.0
87150,0,1,3400,-62,62,685,5.5,11,0.50,164128.000000,0,2.1,16,0.0,0.0,75,0.0,0.0,0.0,1.0
87399,0,1,3400,-62,62,687,12,11,0.56,121632.000000,0,2.1,16,0.0,0.0,100.000000,0.0,0.0,0.0,1.0
87648,0,1,3400,-62,62,703,6.1,11,0.54,126880.000000,0,2.1,12,20,0.0,80,0.0,0.0,0.0,1.0
87897,0,1,3400,-62,62,699,7.3,11,0.50,115296.000000,0,2.1,7.0,0.0,0.0,50,0.0,0.0,0.0,1.0
88146,0,1,3400,-62,62,695,8.1,11,0.50,67200.000000,0,2.1,0.0,0.0,0.0,100.000000,0.0,0.0,0.0,1.0
88395,0,1,3400,-62,62,693,7.0,11,0.50,77920.000000,0,2.1,0.0,0.0,0.0,0.0,0.0,0.0,0.0,1.0
88644,0,1,3400,-62,62,695,7.2,11,0.50,127488.000000,0,2.1,0.0,20,0.0,80,0.0,0.0,0.0,1.0
88893,0,1,3400,-62,62,690,5.6,11,0.50,90752.000000,0,2.1,0.0,0.0,0.0,50,0.0,0.0,0.0,1.0
89142,0,1,3400,-62,62,686,8.5,11,0.50,122784.000000,0,2.1,0.0,0.0,5536.000000,75,0.0,0.0,0.0,1.0
89391,0,1,3400,-62,62,696,9.0,11,0.59,100512.000000,0,2.1,0.0,0.0,0.0,0.0,0.0,0.0,0.0,1.0
89640,0,1,3400,-62,62,691,6.9,11,0.50,162304.000000,0,2.1,4.3,0.0,0.0,80,0.0,0.0,0.0,1.0
89889,0,1,3400,-62,62,691,8.7,11,0.53,108832.000000,0,2.1,6.6,0.0,0.0,0.0,0.0,0.0,0.0,1.0
90138,0,1,3400,-62,62,690,3.7,11,0.50,185184.000000,0,2.1,6.5,0.0,0.0,0.0,0.0,0.0,0.0,1.0
90387,0,1,3400,-62,62,688,9.2,11,0.56,122208.000000,0,2.1,1.4,0.0,0.0,80,0.0,0.0,0.0,1.0
90636,0,1,3400,-62,62,694,7.2,11,0.52,166784.000000,0,2.1,0.0,20,0.0,80,0.0,0.0,0.0,1.0
90885,0,1,3400,-62,62,689,7.2,11,0.52,108896.000000,0,2.1,0.0,0.0,0.0,50,0.0,0.0,0.0,1.0
91134,0,1,3400,-62,62,691,8.9,11,0.65,101696.000000,0,2.1,0.0,0.0,0.0,100.000000,0.0,0.0,0.0,1.0
91383,0,1,3400,-62,62,689,6.7,11,0.50,130624.000000,0,2.1,0.0,0.0,0.0,0.0,0.0,0.0,0.0,1.0
91632,0,1,3400,-62,62,695,7.3,11,0.57,89536.000000,0,2.1,0.0,20,0.0,80,0.0,0.0,0.0,1.0
91881,0,1,3400,-62,62,691,8.6,11,0.65,170400.000000,0,2.1,0.0,0.0,0.0,80,0.0,0.0,0.0,1.0
92130,0,1,3400,-62,62,687,11,11,0.50,103104.000000,0,2.1,0.0,0.0,0.0,0.0,0.0,0.0,0.0,1.0
92379,0,1,3400,-62,62,685,7.0,11,0.50,106048.000000,0,2.1,0.0,0.0,0.0,0.0,0.0,0.0,0.0,1.0
92628,0,1,3400,-62,62,688,8.3,11,0.54,98848.000000,0,2.1,0.0,20,0.0,80,0.0,0.0,0.0,1.0
92877,0,1,3400,-62,62,691,9.6,11,0.62,122528.000000,0,2.1,0.0,0.0,0.0,80,0.0,0.0,0.0,1.0
93126,0,1,3400,-62,62,691,4.7,11,0.50,82688.000000,0,2.1,0.0,0.0,0.0,0.0,0.0,0.0,0.0,1.0
93375,0,1,3400,-62,62,698,10,11,0.63,97088.000000,0,2.1,0.064,0.0,0.0,80,0.0,0.0,0.0,1.0
93624,0,1,3400,-62,62,688,7.8,11,0.50,114752.000000,0,2.1,0.0,20,0.0,80,0.0,0.0,0.0,1.0
93873,0,1,3400,-62,62,688,9.3,11,0.50,138304.000000,0,2.1,0.0,20,0.0,0.0,0.0,0.0,0.0,1.0
94122,0,1,3400,-62,62,687,12,11,0.74,104288.000000,0,2.1,0.0,0.0,0.0,80,0.0,0.0,0.0,1.0
94371,0,1,3400,-62,62,688,16,11,0.72,127872.000000,0,2.1,0.0,0.0,0.0,0.0,0.0,0.0,0.0,1.0
94620,0,1,3400,-62,62,690,10,11,0.52,100608.000000,0,2.1,0.0,20,0.0,80,0.0,0.0,0.0,1.0
94869,0,1,3400,-62,62,683,13,11,0.72,109344.000000,0,2.1,0.0,0.0,0.0,80,0.0,0.0,0.0,1.0
95118,0,1,3400,-62,62,686,20,11,0.86,51680.000000,0,2.1,0.0,0.0,0.0,0.0,0.0,0.0,0.0,1.0
95367,0,1,3400,-62,62,697,16,11,0.81,110848.000000,0,2.1,0.0,0.0,0.0,0.0,0.0,0.0,0.0,1.0
95616,0,1,3400,-62,62,697,6.5,11,0.54,153760.000000,0,2.1,0.0,161,0.0,80,0.0,0.0,0.0,1.0
95865,0,1,3400,-62,62,694,11,11,0.70,89280.000000,0,2.1,0.0,0.0,0.0,50,0.0,0.0,0.0,1.0
96114,0,1,3400,-62,62,694,9.1,11,0.74,151552.000000,0,2.1,0.19,0.0,0.0,100.000000,0.0,0.0,0.0,1.0
96363,0,1,3400,-62,62,695,5.7,11,0.50,150368.000000,0,2.1,0.0,0.0,0.0,0.0,0.0,0.0,0.0,1.0
96612,0,1,3400,-62,62,698,6.0,11,0.50,113632.000000,0,2.1,9.7,0.0,5696.000000,65,0.0,0.0,0.0,1.0
96861,0,1,3400,-62,62,693,8.0,11,0.57,94592.000000,0,2.1,16,0.0,0.0,0.0,0.0,0.0,0.0,1.0
97110,0,1,3400,-62,62,688,7.5,11,0.56,127680.000000,0,2.1,16,0.0,0.0,67,0.0,0.0,0.0,1.0
97359,0,1,3400,-62,62,686,7.5,11,0.52,117792.000000,0,2.1,23,0.0,0.0,100.000000,0.0,0.0,0.0,1.0
97608,0,1,3400,-62,62,684,6.0,11,0.50,82976.000000,0,2.1,23,0.0,0.0,80,0.0,0.0,0.0,1.0
97857,0,1,3400,-62,62,689,8.4,11,0.63,82848.000000,0,2.1,19,0.0,4384.000000,0,0.0,0.0,0.0,1.0
98106,0,1,3400,-62,62,693,12,11,0.59,124160.000000,0,2.1,17,0.0,0.0,0.0,0.0,0.0,0.0,1.0
98355,0,1,3400,-62,62,689,6.6,11,0.51,173120.000000,0,2.1,17,0.0,0.0,0.0,0.0,0.0,0.0,1.0
98604,0,1,3400,-62,62,694,8.2,11,0.57,87520.000000,0,2.1,4.2,20,0.0,80,0.0,0.0,0.0,1.0
98853,0,1,3400,-62,62,693,5.3,11,0.50,133088.000000,0,2.1,1.5,0.0,0.0,80,0.0,0.0,0.0,1.0
99102,0,1,3400,-62,62,691,6.5,11,0.51,113152.000000,0,2.1,1.5,0.0,0.0,0.0,0.0,0.0,0.0,1.0
99351,0,1,3400,-62,62,685,6.1,11,0.50,147552.000000,0,2.1,1.6,0.0,0.0,0.0,0.0,0.0,0.0,1.0
99600,0,1,3400,-62,62,695,5.2,11,0.50,107232.000000,0,2.1,1.2,0.0,0.0,80,0.0,0.0,0.0,1.0
99849,0,1,3400,-62,62,692,8.7,11,0.50,162176.000000,0,2.1,0.0,0.0,0.0,0.0,0.0,0.0,0.0,1.0
100098,0,1,3400,-62,62,688,10,11,0.50,122368.000000,0,2.1,0.0,0.0,0.0,0.0,0.0,0.0,0.0,1.0
100347,0,1,3400,-62,62,687,10,11,0.59,129856.000000,0,2.1,0.0,0.0,0.0,0.0,0.0,0.0,0.0,1.0
100596,0,1,3400,-62,62,684,7.3,11,0.54,150784.000000,0,2.1,0.0,0.0,0.0,80,0.0,0.0,0.0,1.0
100845,0,1,3400,-62,62,689,9.7,11,0.50,118560.000000,0,2.1,0.0,0.0,0.0,0.0,0.0,0.0,0.0,1.0
101094,0,1,3400,-62,62,698,6.9,11,0.50,140608.000000,0,2.1,0.0,0.0,0.0,0.0,0.0,0.0,0.0,1.0
101343,0,1,3400,-62,62,693,6.4,11,0.50,136128.000000,0,2.1,0.0,0.0,0.0,80,0.0,0.0,0.0,1.0
101592,0,1,3400,-62,62,684,5.1,11,0.50,124192.000000,0,2.1,0.0,20,0.0,80,0.0,0.0,0.0,1.0
101841,0,1,3400,-62,62,683,5.0,11,0.50,141824.000000,0,2.1,0.0,0.0,0.0,80,0.0,0.0,0.0,1.0
102090,0,1,3400,-62,62,684,8.6,11,0.50,110912.000000,0,2.1,0.0,0.0,0.0,0.0,0.0,0.0,0.0,1.0
102339,0,1,3400,-62,62,693,9.8,11,0.63,151712.000000,1,2.1,0.0,0.0,5536.000000,67,0.0,0.0,0.0,1.0
102588,0,1,3400,-62,62,697,11,11,0.71,143648.000000,0,2.1,0.0,20,0.0,80,0.0,0.0,0.0,1.0
102837,0,1,3400,-62,62,688,9.6,11,0.60,170976.000000,0,2.1,0.0,0.0,5536.000000,50,0.0,0.0,0.0,1.0
103086,0,1,3400,-62,62,689,13,11,0.79,139136.000000,0,2.1,0.0,0.0,0.0,0.0,0.0,0.0,0.0,1.0
103335,0,1,3400,-62,62,687,12,11,0.63,128576.000000,0,2.1,0.0,0.0,0.0,0.0,0.0,0.0,0.0,1.0
103584,0,1,3400,-62,62,687,5.6,11,0.50,127424.000000,0,2.1,0.0,20,0.0,80,0.0,0.0,0.0,1.0
103833,0,1,3400,-62,62,691,4.4,11,0.50,132800.000000,0,2.1,0.0,0.0,0.0,71,0.0,0.0,0.0,1.0
104082,0,1,3400,-62,62,696,6.0,11,0.50,69600.000000,0,2.1,0.0,0.0,0.0,100.000000,0.0,0.0,0.0,1.0
104331,0,1,3400,-62,62,686,15,11,0.86,125088.000000,0,2.1,0.0,0.0,0.0,0.0,0.0,0.0,0.0,1.0
104580,0,1,3400,-62,62,687,7.8,11,0.50,97824.000000,0,2.1,0.60,0.0,14080.000000,65,0.0,0.0,0.0,1.0
104829,0,1,3400,-62,62,688,11,11,0.53,129280.000000,0,2.1,0.0,0.0,0.0,80,0.0,0.0,0.0,1.0
105078,0,1,3400,-62,62,696,12,11,0.81,127040.000000,0,2.1,0.0,0.0,0.0,80,0.0,0.0,0.0,1.0
105327,0,1,3400,-62,62,697,7.9,11,0.58,104480.000000,0,2.1,0.0,0.0,0.0,0.0,0.0,0.0,0.0,1.0
105576,0,1,3400,-62,62,686,9.0,11,0.55,78880.000000,0,2.1,0.0,126,0.0,80,0.0,0.0,0.0,1.0
105825,0,1,3400,-62,62,677,11,11,0.58,135456.000000,0,2.1,0.0,0.0,0.0,80,0.0,0.0,0.0,1.0
106074,0,1,3400,-62,62,683,9.1,11,0.50,160672.000000,0,2.1,0.0,0.0,0.0,0.0,0.0,0.0,0.0,1.0
106323,0,1,3400,-62,62,687,7.0,11,0.50,152256.000000,0,2.1,0.0,0.0,0.0,0.0,0.0,0.0,0.0,1.0
106572,0,1,3400,-62,62,688,15,11,0.89,115712.000000,0,2.1,0.0,20,0.0,80,0.0,0.0,0.0,1.0
106821,0,1,3400,-62,62,685,8.2,11,0.50,143456.000000,0,2.1,0.47,0.0,0.0,75,0.0,0.0,0.0,1.0
107070,0,1,3400,-62,62,694,7.5,11,0.50,127648.000000,0,2.1,6.5,0.0,19872.000000,0,0.0,0.0,0.0,1.0
107319,0,1,3400,-62,62,691,17,11,0.83,147200.000000,0,2.1,6.5,0.0,0.0,0.0,0.0,0.0,0.0,1.0
107568,0,1,3400,-62,62,687,13,11,0.63,119392.000000,0,2.1,3.2,20,0.0,80,0.0,0.0,0.0,1.0
107817,0,1,3400,-62,62,684,13,11,0.52,42976.000000,0,2.1,0.0,0.0,0.0,50,0.0,0.0,0.0,1.0
108066,0,1,3400,-62,62,689,7.7,11,0.55,124736.000000,0,2.1,0.0,0.0,0.0,100.000000,0.0,0.0,0.0,1.0
108315,0,1,3400,-62,62,692,5.6,11,0.51,144640.000000,0,2.1,0.0,0.0,0.0,80,0.0,0.0,0.0,1.0
108564,0,1,3400,-62,62,691,7.9,11,0.50,99616.000000,0,2.1,0.0,20,0.0,80,0.0,0.0,0.0,1.0
108813,0,1,3400,-62,62,688,4.8,11,0.50,102912.000000,0,2.1,0.0,0.0,0.0,80,0.0,0.0,0.0,1.0
109062,0,1,3400,-62,62,691,5.3,11,0.50,131968.000000,0,2.1,0.0,0.0,0.0,80,0.0,0.0,0.0,1.0
109311,0,1,3400,-62,62,689,13,11,0.50,127776.000000,0,2.1,0.0,0.0,0.0,0.0,0.0,0.0,0.0,1.0
109560,0,1,3400,-62,62,700,8.8,11,0.54,148416.000000,0,2.1,0.0,20,0.0,80,0.0,0.0,0.0,1.0
109809,0,1,3400,-62,62,697,15,11,0.83,112160.000000,0,2.1,0.0,0.0,0.0,80,0.0,0.0,0.0,1.0
110058,0,1,3400,-62,62,694,10,11,0.84,95776.000000,1,2.1,0.0,0.0,0.0,0.0,0.0,0.0,0.0,1.0
110307,0,1,3400,-62,62,698,7.6,11,0.50,122656.000000,0,2.1,0.0,0.0,0.0,0.0,0.0,0.0,0.0,1.0
110556,0,1,3400,-62,62,699,6.9,11,0.50,100672.000000,0,2.1,0.0,0.0,0.0,67,0.0,0.0,0.0,1.0
110805,0,1,3400,-62,62,694,5.6,11,0.50,150912.000000,0,2.1,0.0,0.0,0.0,100.000000,0.0,0.0,0.0,1.0
111054,0,1,3400,-62,62,694,5.8,11,0.50,137312.000000,0,2.1,0.0,0.0,0.0,0.0,0.0,0.0,0.0,1.0
111303,0,1,3400,-62,62,695,9.9,11,0.51,115072.000000,0,2.1,0.0,0.0,0.0,0.0,0.0,0.0,0.0,1.0
111552,0,1,3400,-62,62,692,8.0,11,0.57,99424.000000,0,2.1,0.0,20,0.0,80,0.0,0.0,0.0,1.0
111801,0,1,3400,-62,62,690,11,11,0.55,125280.000000,0,2.1,0.0,0.0,0.0,50,0.0,0.0,0.0,1.0
112050,0,1,3400,-62,62,692,15,11,0.63,90240.000000,0,2.1,0.0,0.0,0.0,100.000000,0.0,0.0,0.0,1.0
112299,0,1,3400,-62,62,686,6.5,11,0.50,149888.000000,0,2.1,0.0,0.0,0.0,0.0,0.0,0.0,0.0,1.0
112548,0,1,3400,-62,62,685,5.1,11,0.50,149024.000000,0,2.1,6.0,0.0,10816.000000,71,0.0,0.0,0.0,1.0
112797,0,1,3400,-62,62,687,6.5,11,0.50,177120.000000,0,2.1,0.0,0.0,5536.000000,75,0.0,0.0,0.0,1.0
113046,0,1,3400,-62,62,685,10,11,0.53,125088.000000,0,2.1,0.0,0.0,0.0,0.0,0.0,0.0,0.0,1.0
113295,0,1,3400,-62,62,695,6.8,11,0.52,142784.000000,0,2.1,0.0,0.0,0.0,0.0,0.0,0.0,0.0,1.0
113544,0,1,3400,-62,62,693,11,11,0.58,103520.000000,0,2.1,10,0.0,9696.000000,65,0.0,0.0,0.0,1.0
113793,0,1,3400,-62,62,683,7.2,11,0.50,121248.000000,0,2.1,21,0.0,0.0,0.0,0.0,0.0,0.0,1.0
114042,0,1,3400,-62,62,687,5.1,11,0.50,115040.000000,0,2.1,22,0.0,0.0,0.0,0.0,0.0,0.0,1.0
114291,0,1,3400,-62,62,684,4.2,11,0.50,133696.000000,0,2.1,22,0.0,0.0,0.0,0.0,0.0,0.0,1.0
114540,0,1,3400,-62,62,687,10,11,0.50,128576.000000,0,2.1,15,0.0,0.0,80,0.0,0.0,0.0,1.0
114789,0,1,3400,-62,62,689,8.0,11,0.51,117056.000000,0,2.1,14,0.0,0.0,0.0,0.0,0.0,0.0,1.0
115038,0,1,3400,-62,62,684,9.4,11,0.54,114976.000000,0,2.1,14,0.0,0.0,0.0,0.0,0.0,0.0,1.0
115287,0,1,3400,-62,62,688,11,11,0.50,161440.000000,0,2.1,14,0.0,0.0,0.0,0.0,0.0,0.0,1.0
115536,0,1,3400,-62,62,684,7.5,11,0.56,122496.000000,0,2.1,10,0.0,49696.000000,36,0.0,0.0,0.0,1.0
115785,0,1,3400,-62,62,677,7.7,11,0.50,172736.000000,0,2.1,7.5,0.0,0.0,0.0,0.0,0.0,0.0,1.0
116034,0,1,3400,-62,62,690,6.7,11,0.54,108512.000000,0,2.1,7.5,0.0,0.0,0.0,0.0,0.0,0.0,1.0
116283,0,1,3400,-62,62,689,18,11,0.95,115008.000000,0,2.1,7.5,0.0,0.0,0.0,0.0,0.0,0.0,1.0
116532,0,1,3400,-62,62,696,6.6,11,0.50,118752.000000,0,2.1,2.5,20,0.0,80,0.0,0.0,0.0,1.0
116781,0,1,3400,-62,62,692,7.2,11,0.50,133376.000000,0,2.1,0.0,0.0,0.0,80,0.0,0.0,0.0,1.0
117030,0,1,3400,-62,62,692,5.0,11,0.50,119200.000000,0,2.1,0.0,0.0,0.0,0.0,0.0,0.0,0.0,1.0
117279,0,1,3400,-62,62,691,7.1,11,0.54,161568.000000,0,2.1,0.0,0.0,0.0,0.0,0.0,0.0,0.0,1.0
117528,0,1,3400,-62,62,685,6.4,11,0.52,137024.000000,0,2.1,3.7,0.0,9920.000000,68,0.0,0.0,0.0,1.0
117777,0,1,3400,-62,62,689,8.6,11,0.50,101600.000000,0,2.1,17,0.0,12544.000000,67,0.0,0.0,0.0,1.0
118026,0,1,3400,-62,62,688,10,11,0.50,110496.000000,0,2.1,15,0.0,15904.000000,62,0.0,0.0,0.0,1.0
118275,0,1,3400,-62,62,684,5.4,11,0.50,145728.000000,0,2.1,6.8,0.0,16160.000000,62,0.0,0.0,0.0,1.0
118524,0,1,3400,-62,62,687,11,11,0.50,80416.000000,0,2.1,14,0.0,9952.000000,59,0.0,0.0,0.0,1.0
118773,0,1,3400,-62,62,689,13,11,0.60,138880.000000,0,2.1,14,0.0,0.0,0.0,0.0,0.0,0.0,1.0
119022,0,1,3400,-62,62,693,8.5,11,0.65,101600.000000,0,2.1,14,0.0,0.0,0.0,0.0,0.0,0.0,1.0
119271,0,1,3400,-62,62,691,12,11,0.58,132128.000000,0,2.1,14,0.0,0.0,0.0,0.0,0.0,0.0,1.0
119520,0,1,3400,-62,62,683,5.9,11,0.50,124384.000000,0,2.1,15,0.0,0.0,80,0.0,0.0,0.0,1.0
119769,0,1,3400,-62,62,684,5.2,11,0.50,68640.000000,0,2.1,15,0.0,0.0,0.0,0.0,0.0,0.0,1.0
120018,0,1,3400,-62,62,691,8.4,11,0.50,131744.000000,0,2.1,16,0.0,0.0,0.0,0.0,0.0,0.0,1.0
120267,0,1,3400,-62,62,690,6.3,11,0.50,104256.000000,0,2.1,16,0.0,0.0,0.0,0.0,0.0,0.0,1.0
120516,0,1,3400,-62,62,685,11,11,0.71,142176.000000,0,2.1,7.2,0.0,14464.000000,62,0.0,0.0,0.0,1.0
120765,0,1,3400,-62,62,686,5.0,11,0.50,127168.000000,0,2.1,0.0,0.0,0.0,80,0.0,0.0,0.0,1.0
121014,0,1,3400,-62,62,685,10,11,0.66,143008.000000,0,2.1,0.0,0.0,0.0,80,0.0,0.0,0.0,1.0
121263,0,1,3400,-62,62,686,7.9,11,0.50,80256.000000,0,2.1,0.0,0.0,0.0,0.0,0.0,0.0,0.0,1.0
121512,0,1,3400,-62,62,686,6.3,10,0.50,86247.015625,0,2.1,0.0,20,0.0,80,0.0,0.0,0.0,1.0
121761,0,1,3400,-62,62,678,7.6,11,0.52,110944.000000,0,2.1,0.0,0.0,0.0,80,0.0,0.0,0.0,1.0
122010,0,1,3400,-62,62,684,10,11,0.68,109888.000000,0,2.1,0.0,0.0,0.0,80,0.0,0.0,0.0,1.0
122259,0,1,3400,-62,62,693,11,11,0.60,127104.000000,0,2.1,0.0,0.0,0.0,0.0,0.0,0.0,0.0,1.0
122508,0,1,3400,-62,62,697,8.1,11,0.50,122272.000000,0,2.1,0.0,20,0.0,80,0.0,0.0,0.0,1.0
122757,0,1,3400,-62,62,696,19,11,1.0,139200.000000,0,2.1,0.0,0.0,0.0,71,0.0,0.0,0.0,1.0
123006,0,1,3400,-62,62,690,14,11,0.75,160960.000000,0,2.1,0.0,0.0,0.0,100.000000,0.0,0.0,0.0,1.0
123255,0,1,3400,-62,62,683,12,11,0.74,69056.000000,0,2.1,1.4,0.0,4384.000000,33,0.0,0.0,0.0,1.0
123504,0,1,3400,-62,62,680,18,11,0.89,93952.000000,0,2.1,1.5,20,0.0,80,0.0,0.0,0.0,1.0
123753,0,1,3400,-62,62,687,7.7,11,0.51,69482.070312,2,2.1,1.2,0.0,0.0,80,0.0,0.0,0.0,1.0
124002,0,1,3400,-62,62,687,6.7,11,0.50,129824.000000,0,2.1,0.0,0.0,0.0,0.0,0.0,0.0,0.0,1.0
124251,0,1,3400,-62,62,687,8.2,11,0.50,177856.000000,0,2.1,0.0,0.0,0.0,0.0,0.0,0.0,0.0,1.0
124500,0,1,3400,-62,62,695,6.1,11,0.50,178272.000000,0,2.1,0.0,20,0.0,80,0.0,0.0,0.0,1.0
124749,0,1,3400,-62,62,695,8.1,11,0.50,93920.000000,0,2.1,0.0,20,0.0,0.0,0.0,0.0,0.0,1.0
124998,0,1,3400,-62,62,691,7.7,11,0.58,87872.000000,0,2.1,0.0,0.0,0.0,80,0.0,0.0,0.0,1.0
125247,0,1,3400,-62,62,693,15,11,0.83,105952.000000,0,2.1,0.0,0.0,0.0,0.0,0.0,0.0,0.0,1.0
125496,0,1,3400,-62,62,696,6.1,11,0.50,172544.000000,0,2.1,0.0,20,0.0,80,0.0,0.0,0.0,1.0
125745,0,1,3400,-62,62,688,7.9,11,0.54,140768.000000,0,2.1,0.0,0.0,0.0,50,0.0,0.0,0.0,1.0
125994,0,1,3400,-62,62,678,6.3,11,0.50,120096.000000,0,2.1,0.0,0.0,0.0,100.000000,0.0,0.0,0.0,1.0
126243,0,1,3400,-62,62,682,5.0,11,0.50,130592.000000,0,2.1,0.0,0.0,0.0,0.0,0.0,0.0,0.0,1.0
126492,0,1,3400,-62,62,688,12,11,0.59,133280.000000,0,2.1,10,0.0,3456.000000,62,0.0,0.0,0.0,1.0
126741,0,1,3400,-62,62,692,10,11,0.64,81696.000000,0,2.1,15,0.0,0.0,0.0,0.0,0.0,0.0,1.0
126990,0,1,3400,-62,62,696,6.4,11,0.50,95584.000000,0,2.1,15,0.0,0.0,0.0,0.0,0.0,0.0,1.0
127239,0,1,3400,-62,62,686,15,11,0.90,106816.000000,0,2.1,15,0.0,0.0,0.0,0.0,0.0,0.0,1.0
127488,0,1,3400,-62,62,684,12,11,0.54,103488.000000,0,2.1,20,40,0.0,80,0.0,0.0,0.0,1.0
127737,0,1,3400,-62,62,687,13,11,0.56,133600.000000,0,2.1,21,0.0,0.0,80,0.0,0.0,0.0,1.0
127986,0,1,3400,-62,62,689,13,11,0.57,108224.000000,0,2.1,8.7,0.0,0.0,80,0.0,0.0,0.0,1.0
128235,0,1,3400,-62,62,690,12,11,0.62,123872.000000,0,2.1,8.0,0.0,0.0,0.0,0.0,0.0,0.0,1.0
128484,0,1,3400,-62,62,685,5.7,11,0.50,145760.000000,0,2.1,8.0,20,0.0,80,0.0,0.0,0.0,1.0
128733,0,1,3400,-62,62,683,11,11,0.56,148192.000000,0,2.1,8.0,0.0,0.0,50,0.0,0.0,0.0,1.0
128982,0,1,3400,-62,62,688,13,11,0.75,123968.000000,0,2.1,7.2,0.0,0.0,83,0.0,0.0,0.0,1.0
129231,0,1,3400,-62,62,686,16,11,1.0,125248.000000,0,2.1,0.0,0.0,0.0,100.000000,0.0,0.0,0.0,1.0
129480,0,1,3400,-62,62,686,7.1,11,0.64,139392.000000,0,2.1,0.0,20,0.0,80,0.0,0.0,0.0,1.0
129729,0,1,3400,-62,62,683,8.0,11,0.55,153184.000000,0,2.1,0.0,0.0,0.0,80,0.0,0.0,0.0,1.0
129978,0,1,3400,-62,62,687,7.9,11,0.50,150336.000000,0,2.1,0.0,0.0,0.0,0.0,0.0,0.0,0.0,1.0
130227,0,1,3400,-62,62,692,9.5,11,0.50,218176.000000,0,2.1,0.0,0.0,0.0,0.0,0.0,0.0,0.0,1.0
130476,0,1,3400,-62,62,688,12,11,0.72,103520.000000,0,2.1,6.4,0.0,12928.000000,65,0.0,0.0,0.0,1.0
130725,0,1,3400,-62,62,692,15,11,0.98,118112.000000,0,2.1,6.7,0.0,6976.000000,62,0.0,0.0,0.0,1.0
130974,0,1,3400,-62,62,682,4.9,11,0.50,97440.000000,0,2.1,6.0,0.0,0.0,0.0,0.0,0.0,0.0,1.0
131223,0,1,3400,-62,62,681,7.0,11,0.50,143904.000000,0,2.1,6.0,0.0,0.0,0.0,0.0,0.0,0.0,1.0
131472,0,1,3400,-62,62,689,5.8,11,0.50,112576.000000,0,2.1,1.1,20,0.0,80,0.0,0.0,0.0,1.0
131721,0,1,3400,-62,62,689,15,11,0.80,116832.000000,0,2.1,0.94,0.0,4384.000000,33,0.0,0.0,0.0,1.0
131970,0,1,3400,-62,62,679,10,11,0.59,128352.000000,0,2.1,1.5,0.0,0.0,0.0,0.0,0.0,0.0,1.0
132219,0,1,3400,-62,62,683,11,11,0.56,133408.000000,0,2.1,1.5,0.0,0.0,0.0,0.0,0.0,0.0,1.0
132468,0,1,3400,-62,62,684,6.3,11,0.50,68224.000000,0,2.1,1.5,20,0.0,80,0.0,0.0,0.0,1.0
132717,0,1,3400,-62,62,689,8.8,11,0.62,135104.000000,0,2.1,1.5,0.0,0.0,50,0.0,0.0,0.0,1.0
132966,0,1,3400,-62,62,694,7.0,11,0.54,84320.000000,0,2.1,1.5,0.0,0.0,100.000000,0.0,0.0,0.0,1.0
133215,0,1,3400,-62,62,689,4.7,11,0.50,128256.000000,0,2.1,1.5,0.0,0.0,0.0,0.0,0.0,0.0,1.0
133464,0,1,3400,-62,62,688,5.7,11,0.50,150336.000000,0,2.1,1.5,144,0.0,80,0.0,0.0,0.0,1.0
133713,0,1,3400,-62,62,681,8.7,11,0.50,114944.000000,0,2.1,1.5,0.0,0.0,80,0.0,0.0,0.0,1.0
133962,0,1,3400,-62,62,681,11,11,0.62,62912.000000,0,2.1,1.5,0.0,0.0,0.0,0.0,0.0,0.0,1.0
134211,0,1,3400,-62,62,686,5.6,11,0.50,98112.000000,0,2.1,0.82,0.0,0.0,80,0.0,0.0,0.0,1.0
134460,0,1,3400,-62,62,685,12,11,0.52,123904.000000,0,2.1,0.0,20,0.0,80,0.0,0.0,0.0,1.0
134709,0,1,3400,-62,62,688,8.3,11,0.57,79552.000000,0,2.1,0.0,0.0,0.0,80,0.0,0.0,0.0,1.0
134958,0,1,3400,-62,62,693,12,11,0.54,98080.000000,0,2.1,0.0,0.0,0.0,0.0,0.0,0.0,0.0,1.0
135207,0,1,3400,-62,62,687,12,11,0.62,129440.000000,0,2.1,0.0,0.0,0.0,0.0,0.0,0.0,0.0,1.0
135456,0,1,3400,-62,62,680,11,11,0.69,86624.000000,0,2.1,0.0,20,0.0,80,0.0,0.0,0.0,1.0
135705,0,1,3400,-62,62,685,13,11,0.72,102624.000000,0,2.1,0.0,0.0,0.0,80,0.0,0.0,0.0,1.0
135954,0,1,3400,-62,62,685,13,11,0.63,153440.000000,0,2.1,0.0,0.0,0.0,0.0,0.0,0.0,0.0,1.0
136203,0,1,3400,-62,62,695,11,11,0.60,168192.000000,0,2.1,0.0,0.0,0.0,0.0,0.0,0.0,0.0,1.0
136452,0,1,3400,-62,62,698,10,11,0.50,104192.000000,0,2.1,0.0,20,0.0,80,0.0,0.0,0.0,1.0
136701,0,1,3400,-62,62,689,6.4,11,0.52,92448.000000,0,2.1,0.0,0.0,0.0,50,0.0,0.0,0.0,1.0
136950,0,1,3400,-62,62,689,13,11,0.57,94144.000000,0,2.1,0.0,0.0,0.0,100.000000,0.0,0.0,0.0,1.0
137199,0,1,3400,-62,62,680,7.2,11,0.50,126496.000000,0,2.1,0.0,0.0,0.0,0.0,0.0,0.0,0.0,1.0
137448,0,1,3400,-62,62,678,6.2,11,0.50,117760.000000,0,2.1,0.0,20,0.0,80,0.0,0.0,0.0,1.0
137697,0,1,3400,-62,62,685,13,11,0.61,132128.000000,0,2.1,0.0,0.0,0.0,80,0.0,0.0,0.0,1.0
137946,0,1,3400,-62,62,689,11,11,0.61,122944.000000,0,2.1,0.0,0.0,0.0,0.0,0.0,0.0,0.0,1.0
138195,0,1,3400,-62,62,683,8.2,11,0.50,165056.000000,0,2.1,0.0,0.0,0.0,0.0,0.0,0.0,0.0,1.0
138444,0,1,3400,-62,62,684,7.4,11,0.50,132704.000000,0,2.1,0.0,20,0.0,80,0.0,0.0,0.0,1.0
138693,0,1,3400,-62,62,684,3.2,11,0.50,144128.000000,0,2.1,0.0,0.0,0.0,50,0.0,0.0,0.0,1.0
138942,0,1,3400,-62,62,685,12,11,0.59,144864.000000,0,2.1,0.0,0.0,0.0,100.000000,0.0,0.0,0.0,1.0
139191,0,1,3400,-62,62,687,10,11,0.51,136416.000000,0,2.1,0.0,0.0,0.0,0.0,0.0,0.0,0.0,1.0
139440,0,1,3400,-62,62,695,13,11,0.57,132192.000000,0,2.1,0.0,20,0.0,80,0.0,0.0,0.0,1.0
139689,0,1,3400,-62,62,707,9.9,11,0.64,122016.000000,0,2.1,0.0,0.0,0.0,50,0.0,0.0,0.0,1.0
139938,0,1,3400,-62,62,702,6.9,11,0.56,176480.000000,0,2.1,0.0,0.0,0.0,88,0.0,0.0,0.0,1.0
140187,0,1,3400,-62,62,688,7.3,11,0.66,134400.000000,0,2.1,0.0,0.0,0.0,0.0,0.0,0.0,0.0,1.0
140436,0,1,3400,-62,62,680,5.6,11,0.50,155505.968750,0,2.1,0.0,20,0.0,80,0.0,0.0,0.0,1.0
140685,0,1,3400,-62,62,682,11,11,0.65,131936.000000,0,2.1,0.0,0.0,0.0,50,0.0,0.0,0.0,1.0
140934,0,1,3400,-62,62,687,17,11,0.85,106048.000000,0,2.1,0.0,0.0,0.0,100.000000,0.0,0.0,0.0,1.0
141183,0,1,3400,-62,62,694,12,11,0.89,118368.000000,0,2.1,0.0,0.0,0.0,0.0,0.0,0.0,0.0,1.0
141432,0,1,3400,-62,62,698,12,11,0.56,168448.000000,0,2.1,16,0.0,6720.000000,44,0.0,0.0,0.0,1.0
141681,0,1,3400,-62,62,685,6.0,11,0.50,156768.000000,0,2.1,14,0.0,0.0,100.000000,0.0,0.0,0.0,1.0
141930,0,1,3400,-62,62,688,4.2,11,0.54,107712.000000,0,2.1,14,0.0,0.0,0.0,0.0,0.0,0.0,1.0
142179,0,1,3400,-62,62,688,7.5,11,0.51,129376.000000,0,2.1,14,0.0,0.0,0.0,0.0,0.0,0.0,1.0
142428,0,1,3400,-62,62,687,6.5,11,0.50,121856.000000,0,2.1,7.2,20,0.0,80,0.0,0.0,0.0,1.0
142677,0,1,3400,-62,62,685,9.5,11,0.58,76480.000000,0,2.1,0.0,0.0,0.0,50,0.0,0.0,0.0,1.0
142926,0,1,3400,-62,62,678,7.2,11,0.56,98016.000000,0,2.1,0.0,0.0,0.0,100.000000,0.0,0.0,0.0,1.0
143175,0,1,3400,-62,62,685,13,11,0.68,85312.000000,0,2.1,0.0,0.0,0.0,0.0,0.0,0.0,0.0,1.0
143424,0,1,3400,-62,62,684,11,11,0.68,98912.000000,0,2.1,0.0,20,0.0,80,0.0,0.0,0.0,1.0
143673,0,1,3400,-62,62,686,7.5,11,0.53,113024.000000,0,2.1,0.0,0.0,0.0,50,0.0,0.0,0.0,1.0
143922,0,1,3400,-62,62,691,5.3,11,0.50,91360.000000,0,2.1,0.0,0.0,0.0,100.000000,0.0,0.0,0.0,1.0
144171,0,1,3400,-62,62,686,5.5,11,0.50,107392.000000,0,2.1,0.0,0.0,0.0,80,0.0,0.0,0.0,1.0
144420,0,1,3400,-62,62,686,5.7,11,0.50,106208.000000,0,2.1,0.0,20,0.0,80,0.0,0.0,0.0,1.0
144669,0,1,3400,-62,62,684,4.4,11,0.50,93472.000000,0,2.1,0.0,0.0,0.0,80,0.0,0.0,0.0,1.0
144918,0,1,3400,-62,62,685,5.9,11,0.50,169056.000000,0,2.1,0.0,0.0,0.0,0.0,0.0,0.0,0.0,1.0
145167,0,1,3400,-62,62,682,11,11,0.66,140800.000000,0,2.1,0.0,0.0,0.0,0.0,0.0,0.0,0.0,1.0
145416,0,1,3400,-62,62,675,5.7,11,0.50,124640.000000,0,2.1,0.0,20,0.0,80,0.0,0.0,0.0,1.0
145665,0,1,3400,-62,62,685,6.8,11,0.57,135648.000000,0,2.1,0.0,0.0,0.0,80,0.0,0.0,0.0,1.0
145914,0,1,3400,-62,62,696,7.4,11,0.50,129752.984375,0,2.1,0.0,0.0,0.0,0.0,0.0,0.0,0.0,1.0
146163,0,1,3400,-62,62,695,13,11,0.53,120000.000000,0,2.1,0.0,0.0,0.0,0.0,0.0,0.0,0.0,1.0
146412,0,1,3400,-62,62,693,7.7,11,0.64,127040.000000,0,2.1,0.0,20,0.0,80,0.0,0.0,0.0,1.0
146661,0,1,3400,-62,62,688,9.8,11,0.62,125760.000000,0,2.1,0.0,0.0,0.0,80,0.0,0.0,0.0,1.0
146910,0,1,3400,-62,62,690,7.9,11,0.55,111424.000000,0,2.1,0.0,0.0,0.0,0.0,0.0,0.0,0.0,1.0
147159,0,1,3400,-62,62,696,11,11,0.67,86240.000000,0,2.1,0.0,0.0,0.0,0.0,0.0,0.0,0.0,1.0
147408,0,1,3400,-62,62,699,5.8,11,0.54,107744.000000,0,2.1,0.0,20,0.0,80,0.0,0.0,0.0,1.0
147657,0,1,3400,-62,62,703,7.5,11,0.55,141632.000000,0,2.1,0.0,0.0,0.0,50,0.0,0.0,0.0,1.0
147906,0,1,3400,-62,62,697,6.9,11,0.53,106112.000000,0,2.1,0.0,0.0,0.0,100.000000,0.0,0.0,0.0,1.0
148155,0,1,3400,-62,62,694,13,11,0.68,134176.000000,0,2.1,0.0,0.0,0.0,0.0,0.0,0.0,0.0,1.0
148404,0,1,3400,-62,62,690,12,11,0.50,118112.000000,0,2.1,0.0,20,0.0,80,0.0,0.0,0.0,1.0
148653,0,1,3400,-62,62,689,11,11,0.50,99424.000000,0,2.1,0.0,0.0,0.0,80,0.0,0.0,0.0,1.0
148902,0,1,3400,-62,62,695,9.7,11,0.50,125728.000000,0,2.1,0.0,0.0,0.0,0.0,0.0,0.0,0.0,1.0
149151,0,1,3400,-62,62,699,10,11,0.50,91552.000000,0,2.1,0.0,0.0,0.0,0.0,0.0,0.0,0.0,1.0
149400,0,1,3400,-62,62,701,11,11,0.50,107808.000000,0,2.1,0.0,20,0.0,80,0.0,0.0,0.0,1.0
149649,0,1,3400,-62,62,703,8.5,11,0.50,115776.000000,0,2.1,0.0,0.0,0.0,80,0.0,0.0,0.0,1.0
149898,0,1,3400,-62,62,703,1.5,11,0.50,97856.000000,0,2.1,0.0,0.0,0.0,0.0,0.0,0.0,0.0,1.0
150147,0,1,3400,-62,62,706,10.0,11,0.59,126560.000000,0,2.1,0.0,0.0,0.0,0.0,0.0,0.0,0.0,1.0
150396,0,1,3400,-62,62,695,7.0,11,0.54,169120.000000,0,2.1,7.3,0.0,109216.000000,55,0.0,0.0,0.0,1.0
150645,0,1,3400,-62,62,694,5.7,11,0.50,96192.000000,0,2.1,14,0.0,0.0,80,0.0,0.0,0.0,1.0
150894,0,1,3400,-62,62,693,8.5,11,0.60,136448.000000,0,2.1,8.0,0.0,0.0,80,0.0,0.0,0.0,1.0
151143,0,1,3400,-62,62,701,10,11,0.58,98912.000000,0,2.1,8.0,0.0,0.0,80,0.0,0.0,0.0,1.0
151392,0,1,3400,-62,62,704,9.5,11,0.56,88992.000000,0,2.1,8.0,182,0.0,80,0.0,0.0,0.0,1.0
151641,0,1,3400,-62,62,700,5.6,11,0.50,127424.000000,0,2.1,6.3,16,0.0,80,0.0,0.0,0.0,1.0
151890,0,1,3400,-62,62,692,12,11,0.63,108544.000000,0,2.1,0.0,16,0.0,0.0,0.0,0.0,0.0,1.0
152139,0,1,3400,-62,62,684,8.9,11,0.53,154048.000000,0,2.1,0.0,0.0,0.0,80,0.0,0.0,0.0,1.0
152388,0,1,3400,-62,62,686,7.2,11,0.50,75648.000000,0,2.1,0.0,20,0.0,80,0.0,0.0,0.0,1.0
152637,0,1,3400,-62,62,686,5.7,11,0.50,87712.000000,0,2.1,0.0,0.0,0.0,50,0.0,0.0,0.0,1.0
152886,0,1,3400,-62,62,691,5.0,11,0.50,62016.000000,0,2.1,0.0,0.0,0.0,100.000000,0.0,0.0,0.0,1.0
153135,0,1,3400,-62,62,682,11,11,0.70,114944.000000,0,2.1,0.0,0.0,0.0,0.0,0.0,0.0,0.0,1.0
153384,0,1,3400,-62,62,679,3.9,11,0.50,98848.000000,0,2.1,0.0,20,0.0,80,0.0,0.0,0.0,1.0
153633,0,1,3400,-62,62,684,4.1,11,0.50,126688.000000,0,2.1,0.0,0.0,0.0,50,0.0,0.0,0.0,1.0
153882,0,1,3400,-62,62,693,11,11,0.50,108800.000000,0,2.1,0.0,0.0,0.0,100.000000,0.0,0.0,0.0,1.0
154131,0,1,3400,-62,62,695,15,11,0.76,63648.000000,0,2.1,0.0,0.0,0.0,0.0,0.0,0.0,0.0,1.0
154380,0,1,3400,-62,62,692,8.2,11,0.61,116064.000000,1,2.1,5.0,0.0,15584.000000,0,0.0,0.0,0.0,1.0
154629,0,1,3400,-62,62,688,7.6,11,0.56,67136.000000,0,2.1,6.5,0.0,0.0,0.0,0.0,0.0,0.0,1.0
154878,0,1,3400,-62,62,689,8.1,11,0.50,87552.000000,0,2.1,6.5,0.0,0.0,0.0,0.0,0.0,0.0,1.0
155127,0,1,3400,-62,62,694,7.0,11,0.50,144832.000000,0,2.1,6.5,0.0,0.0,0.0,0.0,0.0,0.0,1.0
155376,0,1,3400,-62,62,692,5.9,11,0.50,113056.000000,0,2.1,7.0,0.0,0.0,80,0.0,0.0,0.0,1.0
155625,0,1,3400,-62,62,692,8.9,11,0.50,127648.000000,0,2.1,7.5,0.0,0.0,0.0,0.0,0.0,0.0,1.0
155874,0,1,3400,-62,62,687,8.0,11,0.64,120704.000000,0,2.1,7.5,0.0,0.0,0.0,0.0,0.0,0.0,1.0
156123,0,1,3400,-62,62,689,14,11,0.77,110272.000000,0,2.1,2.8,0.0,5536.000000,50,0.0,0.0,0.0,1.0
156372,0,1,3400,-62,62,694,14,11,0.75,142080.000000,0,2.1,1.2,0.0,12768.000000,38,0.0,0.0,0.0,1.0
156621,0,1,3400,-62,62,687,12,11,0.54,97440.000000,0,2.1,0.0,0.0,0.0,0.0,0.0,0.0,0.0,1.0
156870,0,1,3400,-62,62,687,13,11,0.54,101728.000000,0,2.1,0.0,0.0,0.0,0.0,0.0,0.0,0.0,1.0
157119,0,1,3400,-62,62,689,6.1,11,0.51,121952.000000,1,2.1,0.0,0.0,0.0,0.0,0.0,0.0,0.0,1.0
157368,0,1,3400,-62,62,686,4.8,11,0.50,131296.000000,0,2.1,6.1,0.0,17056.000000,75,0.0,0.0,0.0,1.0
157617,0,1,3400,-62,62,686,14,11,0.73,106944.000000,0,2.1,15,0.0,1312.000000,67,0.0,0.0,0.0,1.0
157866,0,1,3400,-62,62,691,5.8,11,0.50,160864.000000,0,2.1,15,0.0,0.0,0.0,0.0,0.0,0.0,1.0
158115,0,1,3400,-62,62,687,5.7,11,0.50,115232.000000,0,2.1,15,0.0,0.0,0.0,0.0,0.0,0.0,1.0
158364,0,1,3400,-62,62,685,6.7,11,0.50,162880.000000,0,2.1,8.8,0.0,0.0,80,0.0,0.0,0.0,1.0
158613,0,1,3400,-62,62,683,4.5,11,0.50,194816.000000,0,2.1,7.5,0.0,0.0,0.0,0.0,0.0,0.0,1.0
158862,0,1,3400,-62,62,685,10,11,0.50,151616.000000,0,2.1,7.5,0.0,0.0,0.0,0.0,0.0,0.0,1.0
159111,0,1,3400,-62,62,696,7.9,11,0.54,124896.000000,0,2.1,7.5,0.0,0.0,0.0,0.0,0.0,0.0,1.0
159360,0,1,3400,-62,62,697,9.0,11,0.57,94304.000000,0,2.1,14,0.0,120256.000000,62,0.0,0.0,0.0,1.0
159609,0,1,3400,-62,62,688,8.9,11,0.63,145760.000000,0,2.1,16,0.0,0.0,0.0,0.0,0.0,0.0,1.0
159858,0,1,3400,-62,62,689,5.9,11,0.50,117120.000000,0,2.1,16,0.0,0.0,0.0,0.0,0.0,0.0,1.0
160107,0,1,3400,-62,62,683,8.8,11,0.50,153088.000000,0,2.1,16,0.0,0.0,0.0,0.0,0.0,0.0,1.0
160356,0,1,3400,-62,62,686,9.3,11,0.50,133248.000000,0,2.1,12,20,0.0,80,0.0,0.0,0.0,1.0
160605,0,1,3400,-62,62,693,5.8,11,0.50,126464.000000,0,2.1,7.5,0.0,0.0,50,0.0,0.0,0.0,1.0
160854,0,1,3400,-62,62,697,8.9,11,0.50,142080.000000,0,2.1,0.0,0.0,0.0,100.000000,0.0,0.0,0.0,1.0
161103,0,1,3400,-62,62,692,14,11,0.64,176736.000000,0,2.1,0.0,0.0,0.0,0.0,0.0,0.0,0.0,1.0
161352,0,1,3400,-62,62,691,6.2,11,0.51,126016.000000,0,2.1,0.0,20,0.0,80,0.0,0.0,0.0,1.0
161601,0,1,3400,-62,62,690,10,11,0.61,91904.000000,0,2.1,0.0,0.0,0.0,50,0.0,0.0,0.0,1.0
161850,0,1,3400,-62,62,681,6.6,11,0.51,101024.000000,0,2.1,0.0,0.0,0.0,100.000000,0.0,0.0,0.0,1.0
162099,0,1,3400,-62,62,679,13,11,0.76,78080.000000,0,2.1,0.0,0.0,0.0,80,0.0,0.0,0.0,1.0
162348,0,1,3400,-62,62,681,8.4,11,0.50,129696.000000,0,2.1,1.1,0.0,15872.000000,40,0.0,0.0,0.0,1.0
162597,0,1,3400,-62,62,683,6.3,11,0.52,122336.000000,0,2.1,0.0,0.0,0.0,0.0,0.0,0.0,0.0,1.0
162846,0,1,3400,-62,62,687,12,11,0.52,102112.000000,0,2.1,0.0,0.0,0.0,0.0,0.0,0.0,0.0,1.0
163095,0,1,3400,-62,62,692,20,11,0.98,119040.000000,0,2.1,0.0,0.0,0.0,0.0,0.0,0.0,0.0,1.0
163344,0,1,3400,-62,62,685,17,11,0.94,104992.000000,0,2.1,0.0,20,0.0,80,0.0,0.0,0.0,1.0
163593,0,1,3400,-62,62,687,5.1,11,0.50,144032.000000,0,2.1,0.0,0.0,0.0,50,0.0,0.0,0.0,1.0
163842,0,1,3400,-62,62,683,7.1,11,0.56,107488.000000,0,2.1,0.0,0.0,0.0,100.000000,0.0,0.0,0.0,1.0
164091,0,1,3400,-62,62,678,11,11,0.62,126304.000000,0,2.1,0.0,0.0,0.0,0.0,0.0,0.0,0.0,1.0
164340,0,1,3400,-62,62,690,7.1,11,0.50,156000.000000,0,2.1,0.0,20,0.0,80,0.0,0.0,0.0,1.0
164589,0,1,3400,-62,62,693,12,11,0.62,138080.000000,0,2.1,0.0,0.0,0.0,80,0.0,0.0,0.0,1.0
164838,0,1,3400,-62,62,690,5.2,11,0.50,105120.000000,0,2.1,0.0,0.0,0.0,0.0,0.0,0.0,0.0,1.0
165087,0,1,3400,-62,62,689,5.9,11,0.50,124960.000000,0,2.1,0.0,0.0,0.0,0.0,0.0,0.0,0.0,1.0
165336,0,1,3400,-62,62,689,13,11,0.82,113920.000000,0,2.1,12,0.0,192704.000000,62,0.0,0.0,0.0,1.0
165585,0,1,3400,-62,62,680,10.0,11,0.59,130784.000000,0,2.1,16,0.0,0.0,0.0,0.0,0.0,0.0,1.0
165834,0,1,3400,-62,62,683,13,11,0.69,105952.000000,0,2.1,16,0.0,0.0,0.0,0.0,0.0,0.0,1.0
166083,0,1,3400,-62,62,692,6.2,11,0.50,128576.000000,0,2.1,16,0.0,0.0,0.0,0.0,0.0,0.0,1.0
166332,0,1,3400,-62,62,691,16,11,0.93,144224.000000,0,2.1,12,20,0.0,80,0.0,0.0,0.0,1.0
166581,0,1,3400,-62,62,685,6.4,11,0.53,129120.000000,0,2.1,8.0,0.0,0.0,50,0.0,0.0,0.0,1.0
166830,0,1,3400,-62,62,689,19,11,0.96,125536.000000,0,2.1,8.0,0.0,0.0,100.000000,0.0,0.0,0.0,1.0
167079,0,1,3400,-62,62,686,14,11,0.67,74272.000000,0,2.1,8.0,0.0,0.0,0.0,0.0,0.0,0.0,1.0
167328,0,1,3400,-62,62,685,7.7,11,0.50,121728.000000,0,2.1,8.0,20,0.0,80,0.0,0.0,0.0,1.0
167577,0,1,3400,-62,62,679,5.9,11,0.50,103808.000000,0,2.1,8.2,0.0,0.0,67,0.0,0.0,0.0,1.0
167826,0,1,3400,-62,62,678,4.6,11,0.50,130496.000000,0,2.1,18,0.0,38112.000000,50,0.0,0.0,0.0,1.0
168075,0,1,3400,-62,62,684,8.1,11,0.55,88608.000000,0,2.1,18,0.0,0.0,0.0,0.0,0.0,0.0,1.0
168324,0,1,3400,-62,62,681,10,11,0.50,108576.000000,0,2.1,13,174,0.0,80,0.0,0.0,0.0,1.0
168573,0,1,3400,-62,62,681,7.9,11,0.57,94592.000000,0,2.1,8.0,8.0,0.0,50,0.0,0.0,0.0,1.0
168822,0,1,3400,-62,62,692,13,11,0.65,112382.468750,0,2.1,8.0,8.0,0.0,100.000000,0.0,0.0,0.0,1.0
169071,0,1,3400,-62,62,684,7.1,11,0.50,123392.000000,0,2.1,3.1,0.0,0.0,80,0.0,0.0,0.0,1.0
169320,0,1,3400,-62,62,690,5.9,11,0.50,133056.000000,0,2.1,0.0,20,0.0,80,0.0,0.0,0.0,1.0
169569,0,1,3400,-62,62,688,11,11,0.50,124256.000000,0,2.1,0.0,20,0.0,0.0,0.0,0.0,0.0,1.0
169818,0,1,3400,-62,62,686,6.3,11,0.50,112128.000000,0,2.1,0.0,0.0,0.0,80,0.0,0.0,0.0,1.0
170067,0,1,3400,-62,62,684,7.9,11,0.50,156832.000000,0,2.1,0.0,0.0,0.0,0.0,0.0,0.0,0.0,1.0
170316,0,1,3400,-62,62,679,3.4,11,0.50,112512.000000,0,2.1,0.0,20,0.0,80,0.0,0.0,0.0,1.0
170565,0,1,3400,-62,62,687,5.3,11,0.50,120928.000000,0,2.1,1.1,0.0,4384.000000,33,0.0,0.0,0.0,1.0
170814,0,1,3400,-62,62,688,7.6,11,0.56,185184.000000,0,2.1,0.86,0.0,0.0,80,0.0,0.0,0.0,1.0
171063,0,1,3400,-62,62,681,13,11,0.82,152320.000000,0,2.1,0.0,0.0,0.0,0.0,0.0,0.0,0.0,1.0
171312,0,1,3400,-62,62,686,6.3,11,0.51,171968.000000,0,2.1,0.0,20,0.0,80,0.0,0.0,0.0,1.0
171561,0,1,3400,-62,62,687,10,11,0.60,114912.000000,0,2.1,0.0,0.0,0.0,50,0.0,0.0,0.0,1.0
171810,0,1,3400,-62,62,686,8.7,11,0.52,114080.000000,0,2.1,0.0,0.0,5536.000000,71,0.0,0.0,0.0,1.0
172059,0,1,3400,-62,62,682,12,11,0.62,81856.000000,0,2.1,0.0,0.0,0.0,100.000000,0.0,0.0,0.0,1.0
172308,0,1,3400,-62,62,687,9.1,11,0.54,56864.000000,0,2.1,0.0,20,0.0,80,0.0,0.0,0.0,1.0
172557,0,1,3400,-62,62,689,9.3,11,0.64,111360.000000,0,2.1,0.0,0.0,0.0,80,0.0,0.0,0.0,1.0
172806,0,1,3400,-62,62,681,14,11,0.70,118176.000000,0,2.1,0.0,0.0,0.0,0.0,0.0,0.0,0.0,1.0
173055,0,1,3400,-62,62,684,12,11,0.50,140576.000000,0,2.1,0.0,0.0,0.0,80,0.0,0.0,0.0,1.0
173304,0,1,3400,-62,62,692,5.8,11,0.50,162912.000000,0,2.1,0.0,20,0.0,80,0.0,0.0,0.0,1.0
173553,0,1,3400,-62,62,686,9.0,11,0.58,119168.000000,0,2.1,0.0,0.0,0.0,80,0.0,0.0,0.0,1.0
173802,0,1,3400,-62,62,684,18,11,0.94,79328.000000,0,2.1,0.0,0.0,0.0,0.0,0.0,0.0,0.0,1.0
174051,0,1,3400,-62,62,684,6.2,11,0.53,113152.000000,0,2.1,0.0,0.0,0.0,0.0,0.0,0.0,0.0,1.0
174300,0,1,3400,-62,62,677,15,11,0.70,120956.171875,0,2.1,0.0,20,0.0,80,0.0,0.0,0.0,1.0
174549,0,1,3400,-62,62,683,9.2,11,0.50,109344.000000,0,2.1,0.0,0.0,0.0,80,0.0,0.0,0.0,1.0
174798,0,1,3400,-62,62,689,5.8,11,0.50,104768.000000,0,2.1,0.0,0.0,0.0,0.0,0.0,0.0,0.0,1.0
175047,0,1,3400,-62,62,694,7.3,11,0.50,78432.000000,0,2.1,0.0,0.0,0.0,0.0,0.0,0.0,0.0,1.0
175296,0,1,3400,-62,62,688,14,11,0.58,120736.000000,0,2.1,0.0,0.0,0.0,80,0.0,0.0,0.0,1.0
175545,0,1,3400,-62,62,689,5.8,11,0.50,151840.000000,0,2.1,0.0,0.0,0.0,0.0,0.0,0.0,0.0,1.0
175794,0,1,3400,-62,62,686,5.8,11,0.50,110912.000000,0,2.1,0.0,0.0,0.0,0.0,0.0,0.0,0.0,1.0
176043,0,1,3400,-62,62,692,3.5,11,0.50,104960.000000,0,2.1,0.0,0.0,0.0,0.0,0.0,0.0,0.0,1.0
176292,0,1,3400,-62,62,699,8.9,11,0.61,133440.000000,0,2.1,3.8,0.0,75360.000000,65,0.0,0.0,0.0,1.0
176541,0,1,3400,-62,62,695,8.9,11,0.59,84256.000000,0,2.1,8.0,0.0,0.0,0.0,0.0,0.0,0.0,1.0
176790,0,1,3400,-62,62,688,14,11,0.65,160480.000000,0,2.1,8.0,0.0,0.0,0.0,0.0,0.0,0.0,1.0
177039,0,1,3400,-62,62,684,7.5,11,0.56,83744.000000,0,2.1,8.0,0.0,0.0,0.0,0.0,0.0,0.0,1.0
177288,0,1,3400,-62,62,683,13,11,0.68,144576.000000,0,2.1,8.0,20,0.0,80,0.0,0.0,0.0,1.0
177537,0,1,3400,-62,62,688,10,11,0.60,126560.000000,0,2.1,8.0,20,0.0,0.0,0.0,0.0,0.0,1.0
177786,0,1,3400,-62,62,681,12,11,0.50,112224.000000,0,2.1,8.0,0.0,0.0,80,0.0,0.0,0.0,1.0
178035,0,1,3400,-62,62,685,11,11,0.61,120320.000000,0,2.1,8.0,0.0,0.0,0.0,0.0,0.0,0.0,1.0
178284,0,1,3400,-62,62,690,12,11,0.56,127296.000000,0,2.1,8.0,20,0.0,80,0.0,0.0,0.0,1.0
178533,0,1,3400,-62,62,682,7.5,11,0.54,161824.000000,0,2.1,5.0,0.0,0.0,80,0.0,0.0,0.0,1.0
178782,0,1,3400,-62,62,679,13,11,0.53,80576.000000,0,2.1,0.0,0.0,0.0,0.0,0.0,0.0,0.0,1.0
179031,0,1,3400,-62,62,689,14,11,0.80,80320.000000,0,2.1,0.0,0.0,0.0,0.0,0.0,0.0,0.0,1.0
179280,0,1,3400,-62,62,684,7.5,11,0.50,99136.000000,0,2.1,0.0,20,0.0,80,0.0,0.0,0.0,1.0
179529,0,1,3400,-62,62,683,6.1,11,0.52,131776.000000,0,2.1,0.0,0.0,0.0,80,0.0,0.0,0.0,1.0
179778,0,1,3400,-62,62,688,12,11,0.60,95168.000000,0,2.1,0.0,0.0,0.0,0.0,0.0,0.0,0.0,1.0
180027,0,1,3400,-62,62,685,6.2,11,0.60,128768.000000,0,2.1,0.0,0.0,0.0,0.0,0.0,0.0,0.0,1.0
180276,0,1,3400,-62,62,679,11,11,0.75,92832.000000,0,2.1,0.0,20,0.0,80,0.0,0.0,0.0,1.0
180525,0,1,3400,-62,62,681,12,11,0.54,123552.000000,0,2.1,0.0,20,0.0,0.0,0.0,0.0,0.0,1.0
180774,0,1,3400,-62,62,681,7.4,11,0.50,97376.000000,0,2.1,0.0,0.0,0.0,80,0.0,0.0,0.0,1.0
181023,0,1,3400,-62,62,685,12,11,0.72,105504.000000,0,2.1,0.0,0.0,0.0,0.0,0.0,0.0,0.0,1.0
181272,0,1,3400,-62,62,684,8.8,11,0.51,123680.000000,0,2.1,0.82,0.0,9920.000000,63,0.0,0.0,0.0,1.0
181521,0,1,3400,-62,62,683,15,11,0.93,100992.000000,0,2.1,0.0,0.0,6848.000000,60,0.0,0.0,0.0,1.0
181770,0,1,3400,-62,62,683,10,11,0.50,87936.000000,0,2.1,0.0,0.0,0.0,0.0,0.0,0.0,0.0,1.0
182019,0,1,3400,-62,62,682,8.1,11,0.62,120096.000000,0,2.1,0.0,0.0,0.0,0.0,0.0,0.0,0.0,1.0
182268,0,1,3400,-62,62,687,7.7,11,0.56,73568.000000,0,2.1,0.0,20,0.0,80,0.0,0.0,0.0,1.0
182517,0,1,3400,-62,62,689,15,11,0.90,102368.000000,0,2.1,0.0,0.0,0.0,50,0.0,0.0,0.0,1.0
182766,0,1,3400,-62,62,693,8.7,11,0.50,115936.000000,0,2.1,0.0,0.0,0.0,100.000000,0.0,0.0,0.0,1.0
183015,0,1,3400,-62,62,689,9.3,11,0.50,120000.000000,0,2.1,0.0,0.0,0.0,0.0,0.0,0.0,0.0,1.0
183264,0,1,3400,-62,62,688,10,11,0.50,125280.000000,0,2.1,0.0,20,0.0,80,0.0,0.0,0.0,1.0
183513,0,1,3400,-62,62,679,8.5,11,0.51,137632.000000,0,2.1,0.0,0.0,0.0,50,0.0,0.0,0.0,1.0
183762,0,1,3400,-62,62,677,13,11,0.64,118368.000000,0,2.1,0.0,0.0,0.0,100.000000,0.0,0.0,0.0,1.0
184011,0,1,3400,-62,62,685,15,11,0.68,173760.000000,0,2.1,1.2,0.0,4384.000000,0,0.0,0.0,0.0,1.0
184260,0,1,3400,-62,62,691,11,11,0.56,147665.343750,0,2.1,0.74,0.0,0.0,80,0.0,0.0,0.0,1.0
184509,0,1,3400,-62,62,686,7.3,11,0.50,106912.000000,0,2.1,0.0,0.0,0.0,0.0,0.0,0.0,0.0,1.0
184758,0,1,3400,-62,62,677,7.1,11,0.50,122624.000000,0,2.1,0.0,0.0,0.0,0.0,0.0,0.0,0.0,1.0
185007,0,1,3400,-62,62,684,7.4,11,0.61,169856.000000,0,2.1,0.0,0.0,0.0,0.0,0.0,0.0,0.0,1.0
185256,0,1,3400,-62,62,680,11,11,0.69,113568.000000,0,2.1,0.0,20,0.0,80,0.0,0.0,0.0,1.0
185505,0,1,3400,-62,62,680,12,11,0.60,71936.000000,0,2.1,0.0,0.0,0.0,80,0.0,0.0,0.0,1.0
185754,0,1,3400,-62,62,679,15,11,0.94,94080.000000,0,2.1,0.0,0.0,0.0,0.0,0.0,0.0,0.0,1.0
186003,0,1,3400,-62,62,680,17,11,1.00,130080.000000,0,2.1,0.0,0.0,0.0,0.0,0.0,0.0,0.0,1.0
186252,0,1,3400,-62,62,688,10,11,0.65,118880.000000,0,2.1,0.0,20,0.0,80,0.0,0.0,0.0,1.0
186501,0,1,3400,-62,62,692,10,11,0.61,110656.000000,0,2.1,0.0,20,0.0,0.0,0.0,0.0,0.0,1.0
186750,0,1,3400,-62,62,689,7.7,11,0.50,117280.000000,0,2.1,0.0,0.0,0.0,80,0.0,0.0,0.0,1.0
186999,0,1,3400,-62,62,688,13,11,0.57,133824.000000,0,2.1,0.0,0.0,0.0,80,0.0,0.0,0.0,1.0
187248,0,1,3400,-62,62,681,16,11,0.99,154688.000000,0,2.1,0.0,20,0.0,80,0.0,0.0,0.0,1.0
187497,0,1,3400,-62,62,683,12,11,0.76,79552.000000,0,2.1,0.0,0.0,0.0,80,0.0,0.0,0.0,1.0
187746,0,1,3400,-62,62,685,10,11,0.55,112640.000000,0,2.1,0.0,0.0,0.0,0.0,0.0,0.0,0.0,1.0
187995,0,1,3400,-62,62,686,9.9,11,0.60,132224.000000,0,2.1,0.0,0.0,0.0,0.0,0.0,0.0,0.0,1.0
188244,0,1,3400,-62,62,683,6.3,11,0.52,126720.000000,0,2.1,0.0,20,0.0,80,0.0,0.0,0.0,1.0
188493,0,1,3400,-62,62,684,5.9,11,0.50,147328.000000,0,2.1,0.0,0.0,0.0,80,0.0,0.0,0.0,1.0
188742,0,1,3400,-62,62,683,6.8,11,0.50,115584.000000,0,2.1,0.0,0.0,0.0,0.0,0.0,0.0,0.0,1.0
188991,0,1,3400,-62,62,686,8.2,11,0.56,105056.000000,0,2.1,0.0,0.0,0.0,0.0,0.0,0.0,0.0,1.0
189240,0,1,3400,-62,62,685,5.6,11,0.50,152480.000000,0,2.1,0.0,20,0.0,80,0.0,0.0,0.0,1.0
189489,0,1,3400,-62,62,686,8.5,11,0.50,60320.000000,0,2.1,0.74,0.0,2144.000000,57,0.0,0.0,0.0,1.0
189738,0,1,3400,-62,62,685,11,11,0.59,132928.000000,0,2.1,4.0,0.0,0.0,0.0,0.0,0.0,0.0,1.0
189987,0,1,3400,-62,62,679,9.6,11,0.71,124736.000000,0,2.1,1.5,0.0,0.0,80,0.0,0.0,0.0,1.0
190236,0,1,3400,-62,62,690,14,11,0.75,96544.000000,0,2.1,5.8,0.0,5664.000000,25,0.0,0.0,0.0,1.0
190485,0,1,3400,-62,62,688,11,11,0.50,96288.000000,0,2.1,9.0,0.0,0.0,100.000000,0.0,0.0,0.0,1.0
190734,0,1,3400,-62,62,682,5.3,11,0.50,148384.000000,0,2.1,4.5,0.0,4384.000000,0,0.0,0.0,0.0,1.0
190983,0,1,3400,-62,62,680,12,11,0.75,114240.000000,0,2.1,1.5,0.0,0.0,0.0,0.0,0.0,0.0,1.0
191232,0,1,3400,-62,62,684,15,11,0.63,101408.000000,0,2.1,2.1,0.0,2720.000000,67,0.0,0.0,0.0,1.0
191481,0,1,3400,-62,62,690,9.2,11,0.50,126528.000000,0,2.1,0.0,0.0,0.0,0.0,0.0,0.0,0.0,1.0
191730,0,1,3400,-62,62,692,8.4,11,0.53,122496.000000,0,2.1,6.8,0.0,0.0,80,0.0,0.0,0.0,1.0
191979,0,1,3400,-62,62,686,3.9,11,0.50,142368.000000,0,2.1,7.5,0.0,0.0,0.0,0.0,0.0,0.0,1.0
192228,0,1,3400,-62,62,686,12,11,0.50,107040.000000,0,2.1,11,0.0,6400.000000,50,0.0,0.0,0.0,1.0
192477,0,1,3400,-62,62,684,13,11,0.54,149376.000000,0,2.1,20,0.0,0.0,80,0.0,0.0,0.0,1.0
192726,0,1,3400,-62,62,682,13,11,0.71,156128.000000,0,2.1,22,0.0,0.0,0.0,0.0,0.0,0.0,1.0
192975,0,1,3400,-62,62,684,6.5,11,0.55,68416.000000,0,2.1,22,0.0,0.0,0.0,0.0,0.0,0.0,1.0
193224,0,1,3400,-62,62,682,7.3,11,0.50,110304.000000,0,2.1,12,20,0.0,80,0.0,0.0,0.0,1.0
193473,0,1,3400,-62,62,678,13,11,0.50,59456.000000,0,2.1,5.8,0.0,0.0,80,0.0,0.0,0.0,1.0
193722,0,1,3400,-62,62,682,11,11,0.59,141088.000000,0,2.1,0.0,0.0,0.0,0.0,0.0,0.0,0.0,1.0
193971,0,1,3400,-62,62,682,6.6,11,0.54,173216.000000,0,2.1,0.0,0.0,0.0,0.0,0.0,0.0,0.0,1.0
194220,0,1,3400,-62,62,682,12,11,0.53,102016.000000,0,2.1,0.0,20,0.0,80,0.0,0.0,0.0,1.0
194469,0,1,3400,-62,62,679,6.5,11,0.58,131776.000000,0,2.1,0.0,0.0,0.0,80,0.0,0.0,0.0,1.0
194718,0,1,3400,-62,62,679,5.1,11,0.50,122656.000000,0,2.1,0.0,0.0,0.0,0.0,0.0,0.0,0.0,1.0
194967,0,1,3400,-62,62,688,11,11,0.64,113312.000000,0,2.1,0.0,0.0,0.0,80,0.0,0.0,0.0,1.0
195216,0,1,3400,-62,62,695,6.3,11,0.50,101184.000000,0,2.1,0.0,20,0.0,80,0.0,0.0,0.0,1.0
195465,0,1,3400,-62,62,691,4.7,11,0.50,95744.000000,0,2.1,0.0,0.0,0.0,80,0.0,0.0,0.0,1.0
195714,0,1,3400,-62,62,694,8.4,11,0.50,88992.000000,0,2.1,0.0,0.0,0.0,0.0,0.0,0.0,0.0,1.0
195963,0,1,3400,-62,62,692,7.3,11,0.51,94880.000000,0,2.1,0.0,0.0,0.0,0.0,0.0,0.0,0.0,1.0
196212,0,1,3400,-62,62,687,8.1,11,0.52,143872.000000,0,2.1,0.0,20,0.0,80,0.0,0.0,0.0,1.0
196461,0,1,3400,-62,62,687,7.1,11,0.55,103008.000000,0,2.1,0.0,0.0,0.0,50,0.0,0.0,0.0,1.0
196710,0,1,3400,-62,62,696,13,11,0.66,139392.000000,0,2.1,0.0,0.0,0.0,100.000000,0.0,0.0,0.0,1.0
196959,0,1,3400,-62,62,694,16,11,1.1,146784.000000,0,2.1,0.0,0.0,0.0,0.0,0.0,0.0,0.0,1.0
197208,0,1,3400,-62,62,688,3.8,11,0.50,187424.000000,0,2.1,0.0,174,0.0,80,0.0,0.0,0.0,1.0
197457,0,1,3400,-62,62,685,6.3,11,0.50,108896.000000,0,2.1,0.0,8.0,0.0,80,0.0,0.0,0.0,1.0
197706,0,1,3400,-62,62,686,7.0,11,0.50,106336.000000,0,2.1,0.27,0.0,0.0,80,0.0,0.0,0.0,1.0
197955,0,1,3400,-62,62,690,5.7,11,0.50,85856.000000,0,2.1,0.50,0.0,0.0,0.0,0.0,0.0,0.0,1.0
198204,0,1,3400,-62,62,687,10,11,0.65,125728.000000,0,2.1,10,0.0,14144.000000,66,0.0,0.0,0.0,1.0
198453,0,1,3400,-62,62,681,12,11,0.58,119072.000000,0,2.1,20,0.0,0.0,0.0,0.0,0.0,0.0,1.0
198702,0,1,3400,-62,62,680,13,11,0.65,111840.000000,0,2.1,20,0.0,5664.000000,0,0.0,0.0,0.0,1.0
198951,0,1,3400,-62,62,685,8.2,11,0.52,134848.000000,0,2.1,16,0.0,0.0,0.0,0.0,0.0,0.0,1.0
199200,0,1,3400,-62,62,685,11,11,0.67,136640.000000,0,2.1,8.7,0.0,13440.000000,66,0.0,0.0,0.0,1.0
199449,0,1,3400,-62,62,681,9.3,11,0.64,125600.000000,0,2.1,6.0,0.0,0.0,0.0,0.0,0.0,0.0,1.0
199698,0,1,3400,-62,62,686,10,11,0.68,131040.000000,0,2.1,6.0,0.0,0.0,0.0,0.0,0.0,0.0,1.0
199947,0,1,3400,-62,62,682,16,11,0.89,114848.000000,0,2.1,6.0,0.0,0.0,0.0,0.0,0.0,0.0,1.0
200196,0,1,3400,-62,62,680,8.2,11,0.55,88128.000000,0,2.1,9.8,0.0,0.0,80,0.0,0.0,0.0,1.0
200445,0,1,3400,-62,62,685,10,11,0.50,122976.000000,0,2.1,14,0.0,0.0,0.0,0.0,0.0,0.0,1.0
200694,0,1,3400,-62,62,690,5.8,11,0.50,121536.000000,0,2.1,14,0.0,0.0,0.0,0.0,0.0,0.0,1.0
200943,0,1,3400,-62,62,701,5.9,11,0.50,118336.000000,0,2.1,14,0.0,0.0,0.0,0.0,0.0,0.0,1.0
201192,0,1,3400,-62,62,694,5.4,11,0.50,79456.000000,0,2.1,9.7,20,0.0,80,0.0,0.0,0.0,1.0
201441,0,1,3400,-62,62,686,9.1,11,0.51,76384.000000,0,2.1,6.0,0.0,0.0,50,0.0,0.0,0.0,1.0
201690,0,1,3400,-62,62,688,5.8,11,0.54,105984.000000,0,2.1,6.0,0.0,0.0,100.000000,0.0,0.0,0.0,1.0
201939,0,1,3400,-62,62,690,5.0,11,0.50,180544.000000,0,2.1,6.0,0.0,0.0,0.0,0.0,0.0,0.0,1.0
202188,0,1,3400,-62,62,694,9.2,11,0.51,143072.000000,0,2.1,5.2,0.0,260416.000000,68,0.0,0.0,0.0,1.0
202437,0,1,3400,-62,62,685,5.6,11,0.50,70912.000000,0,2.1,0.0,0.0,0.0,0.0,0.0,0.0,0.0,1.0
202686,0,1,3400,-62,62,684,5.2,11,0.52,168192.000000,0,2.1,0.0,0.0,0.0,0.0,0.0,0.0,0.0,1.0
202935,0,1,3400,-62,62,691,15,11,0.70,70272.000000,0,2.1,0.0,0.0,0.0,0.0,0.0,0.0,0.0,1.0
203184,0,1,3400,-62,62,689,5.6,11,0.50,150368.000000,0,2.1,4.3,0.0,59968.000000,27,0.0,0.0,0.0,1.0
203433,0,1,3400,-62,62,687,14,11,0.77,106592.000000,0,2.1,8.0,0.0,0.0,0.0,0.0,0.0,0.0,1.0
203682,0,1,3400,-62,62,693,10,11,0.50,127872.000000,0,2.1,8.0,0.0,0.0,0.0,0.0,0.0,0.0,1.0
203931,0,1,3400,-62,62,688,9.2,11,0.57,116896.000000,0,2.1,8.0,0.0,0.0,0.0,0.0,0.0,0.0,1.0
204180,0,1,3400,-62,62,682,10,11,0.58,97568.000000,0,2.1,7.9,0.0,25440.000000,53,0.0,0.0,0.0,1.0
204429,0,1,3400,-62,62,685,13,11,0.69,108544.000000,0,2.1,6.0,0.0,0.0,0.0,0.0,0.0,0.0,1.0
204678,0,1,3400,-62,62,688,6.3,11,0.60,144128.000000,0,2.1,6.0,0.0,0.0,0.0,0.0,0.0,0.0,1.0
204927,0,1,3400,-62,62,679,9.5,11,0.51,102368.000000,0,2.1,6.0,0.0,0.0,0.0,0.0,0.0,0.0,1.0
205176,0,1,3400,-62,62,691,12,11,0.67,132672.000000,0,2.1,8.5,0.0,0.0,80,0.0,0.0,0.0,1.0
205425,0,1,3400,-62,62,695,6.4,11,0.50,149984.000000,0,2.1,14,0.0,0.0,0.0,0.0,0.0,0.0,1.0
205674,0,1,3400,-62,62,690,10,11,0.58,127840.000000,0,2.1,14,0.0,0.0,0.0,0.0,0.0,0.0,1.0
205923,0,1,3400,-62,62,685,15,11,0.89,135584.000000,0,2.1,14,0.0,0.0,0.0,0.0,0.0,0.0,1.0
206172,0,1,3400,-62,62,691,7.0,11,0.50,103776.000000,0,2.1,15,40,0.0,80,0.0,0.0,0.0,1.0
206421,0,1,3400,-62,62,688,5.3,11,0.50,81696.000000,0,2.1,16,0.0,0.0,80,0.0,0.0,0.0,1.0
206670,0,1,3400,-62,62,676,12,11,0.50,101216.000000,0,2.1,13,0.0,704,50,0.0,0.0,0.0,1.0
206919,0,1,3400,-62,62,689,4.1,11,0.50,110944.000000,0,2.1,6.5,0.0,0.0,83,0.0,0.0,0.0,1.0
207168,0,1,3400,-62,62,681,7.3,11,0.50,199552.000000,0,2.1,1.5,0.0,7648.000000,64,0.0,0.0,0.0,1.0
207417,0,1,3400,-62,62,682,8.7,11,0.52,120800.000000,0,2.1,0.0,0.0,0.0,100.000000,0.0,0.0,0.0,1.0
207666,0,1,3400,-62,62,688,9.4,11,0.66,95360.000000,0,2.1,0.0,0.0,0.0,0.0,0.0,0.0,0.0,1.0
207915,0,1,3400,-62,62,692,6.3,11,0.54,128256.000000,0,2.1,0.0,0.0,0.0,0.0,0.0,0.0,0.0,1.0
208164,0,1,3400,-62,62,687,9.9,11,0.53,106368.000000,0,2.1,0.0,0.0,0.0,67,0.0,0.0,0.0,1.0
208413,0,1,3400,-62,62,682,7.1,11,0.50,73344.000000,0,2.1,0.0,0.0,0.0,100.000000,0.0,0.0,0.0,1.0
208662,0,1,3400,-62,62,683,11,11,0.76,64832.000000,0,2.1,0.0,0.0,0.0,0.0,0.0,0.0,0.0,1.0
208911,0,1,3400,-62,62,685,7.6,11,0.50,107424.000000,0,2.1,0.0,0.0,0.0,0.0,0.0,0.0,0.0,1.0
209160,0,1,3400,-62,62,689,5.2,11,0.50,174912.000000,0,2.1,0.0,20,0.0,80,0.0,0.0,0.0,1.0
209409,0,1,3400,-62,62,686,6.8,11,0.50,106464.000000,0,2.1,0.0,0.0,0.0,80,0.0,0.0,0.0,1.0
209658,0,1,3400,-62,62,696,9.6,11,0.61,119712.000000,0,2.1,0.0,0.0,0.0,0.0,0.0,0.0,0.0,1.0
209907,0,1,3400,-62,62,688,9.7,11,0.50,71776.000000,0,2.1,0.0,0.0,0.0,80,0.0,0.0,0.0,1.0
210156,0,1,3400,-62,62,689,8.0,11,0.50,138592.000000,0,2.1,0.0,0.0,0.0,80,0.0,0.0,0.0,1.0
210405,0,1,3400,-62,62,691,8.8,11,0.66,105184.000000,0,2.1,0.0,0.0,0.0,0.0,0.0,0.0,0.0,1.0
210654,0,1,3400,-62,62,695,7.3,11,0.50,156128.000000,0,2.1,0.0,0.0,0.0,0.0,0.0,0.0,0.0,1.0
210903,0,1,3400,-62,62,694,7.4,11,0.50,109600.000000,0,2.1,0.0,0.0,0.0,0.0,0.0,0.0,0.0,1.0
211152,0,1,3400,-62,62,696,9.4,11,0.50,165248.000000,0,2.1,2.6,0.0,13056.000000,72,0.0,0.0,0.0,1.0
211401,0,1,3400,-62,62,689,15,11,0.90,100192.000000,0,2.1,12,0.0,0.0,0.0,0.0,0.0,0.0,1.0
211650,0,1,3400,-62,62,688,5.3,11,0.50,118784.000000,0,2.1,12,0.0,0.0,0.0,0.0,0.0,0.0,1.0
211899,0,1,3400,-62,62,689,5.6,11,0.50,147040.000000,0,2.1,7.5,0.0,0.0,80,0.0,0.0,0.0,1.0
212148,0,1,3400,-62,62,685,5.7,11,0.50,125056.000000,0,2.1,6.0,20,0.0,80,0.0,0.0,0.0,1.0
212397,0,1,3400,-62,62,687,9.9,11,0.50,103936.000000,0,2.1,4.7,0.0,0.0,80,0.0,0.0,0.0,1.0
212646,0,1,3400,-62,62,691,12,11,0.67,135872.000000,0,2.1,0.0,0.0,0.0,0.0,0.0,0.0,0.0,1.0
212895,0,1,3400,-62,62,688,12,11,0.56,123168.000000,0,2.1,0.0,0.0,0.0,0.0,0.0,0.0,0.0,1.0
213144,0,1,3400,-62,62,689,6.2,11,0.52,95040.000000,0,2.1,0.0,182,0.0,80,0.0,0.0,0.0,1.0
213393,0,1,3400,-62,62,690,11,11,0.50,102752.000000,0,2.1,6.0,0.0,0.0,71,0.0,0.0,0.0,1.0
213642,0,1,3400,-62,62,691,11,11,0.58,184576.000000,0,2.1,0.0,0.0,0.0,100.000000,0.0,0.0,0.0,1.0
213891,0,1,3400,-62,62,688,5.6,11,0.50,134016.000000,0,2.1,0.0,0.0,0.0,0.0,0.0,0.0,0.0,1.0
214140,0,1,3400,-62,62,688,7.1,11,0.54,125888.000000,0,2.1,0.0,56,0.0,80,0.0,0.0,0.0,1.0
214389,0,1,3400,-62,62,688,10,11,0.60,159072.000000,0,2.1,0.42,0.0,0.0,50,0.0,0.0,0.0,1.0
214638,0,1,3400,-62,62,693,8.4,11,0.56,93696.000000,0,2.1,7.5,0.0,0.0,100.000000,0.0,0.0,0.0,1.0
214887,0,1,3400,-62,62,686,14,11,0.74,121856.000000,0,2.1,7.5,0.0,0.0,0.0,0.0,0.0,0.0,1.0
215136,0,1,3400,-62,62,676,8.9,11,0.59,181952.000000,0,2.1,7.5,20,0.0,80,0.0,0.0,0.0,1.0
215385,0,1,3400,-62,62,679,5.7,11,0.50,103296.000000,0,2.1,5.9,0.0,0.0,80,0.0,0.0,0.0,1.0
215634,0,1,3400,-62,62,687,13,11,0.76,134560.000000,0,2.1,0.0,0.0,0.0,0.0,0.0,0.0,0.0,1.0
215883,0,1,3400,-62,62,695,13,11,0.72,121952.000000,0,2.1,0.0,0.0,0.0,0.0,0.0,0.0,0.0,1.0
216132,0,1,3400,-62,62,696,12,11,0.60,122496.000000,0,2.1,0.0,20,0.0,80,0.0,0.0,0.0,1.0
216381,0,1,3400,-62,62,688,17,11,0.98,128480.000000,0,2.1,0.0,0.0,0.0,50,0.0,0.0,0.0,1.0
216630,0,1,3400,-62,62,685,13,11,0.63,113856.000000,0,2.1,0.0,0.0,0.0,100.000000,0.0,0.0,0.0,1.0
216879,0,1,3400,-62,62,681,15,11,0.64,110880.000000,0,2.1,0.0,0.0,0.0,0.0,0.0,0.0,0.0,1.0
217128,0,1,3400,-62,62,676,10,11,0.73,137856.000000,0,2.1,0.0,20,0.0,80,0.0,0.0,0.0,1.0
217377,0,1,3400,-62,62,686,10,11,0.56,129888.000000,0,2.1,0.0,0.0,0.0,50,0.0,0.0,0.0,1.0
217626,0,1,3400,-62,62,680,7.0,11,0.56,122272.000000,0,2.1,0.0,0.0,0.0,100.000000,0.0,0.0,0.0,1.0
217875,0,1,3400,-62,62,678,6.3,11,0.50,91808.000000,0,2.1,0.0,0.0,0.0,0.0,0.0,0.0,0.0,1.0
218124,0,1,3400,-62,62,676,15,11,0.75,73536.000000,0,2.1,5.0,0.0,0.0,80,0.0,0.0,0.0,1.0
218373,0,1,3400,-62,62,678,15,11,0.87,126784.000000,0,2.1,7.5,0.0,0.0,0.0,0.0,0.0,0.0,1.0
218622,0,1,3400,-62,62,686,5.9,11,0.50,127456.000000,0,2.1,7.5,0.0,0.0,0.0,0.0,0.0,0.0,1.0
218871,0,1,3400,-62,62,686,15,11,0.64,85792.000000,0,2.1,7.5,0.0,0.0,0.0,0.0,0.0,0.0,1.0
219120,0,1,3400,-62,62,686,14,11,0.80,127424.000000,0,2.1,7.5,20,0.0,80,0.0,0.0,0.0,1.0
219369,0,1,3400,-62,62,690,13,11,0.62,132992.000000,0,2.1,7.0,0.0,0.0,50,0.0,0.0,0.0,1.0
219618,0,1,3400,-62,62,696,11,11,0.53,92288.000000,0,2.1,0.79,0.0,6432.000000,72,0.0,0.0,0.0,1.0
219867,0,1,3400,-62,62,697,13,11,0.71,106816.000000,0,2.1,7.3,0.0,2688.000000,72,0.0,0.0,0.0,1.0
220116,0,1,3400,-62,62,695,7.1,11,0.53,145856.000000,0,2.1,8.8,0.0,17056.000000,65,0.0,0.0,0.0,1.0
220365,0,1,3400,-62,62,697,5.5,11,0.50,97760.000000,0,2.1,4.0,0.0,0.0,0.0,0.0,0.0,0.0,1.0
220614,0,1,3400,-62,62,696,5.6,11,0.50,118912.000000,0,2.1,4.0,0.0,0.0,0.0,0.0,0.0,0.0,1.0
220863,0,1,3400,-62,62,696,4.9,11,0.50,141312.000000,0,2.1,4.0,0.0,0.0,0.0,0.0,0.0,0.0,1.0
221112,0,1,3400,-62,62,690,4.9,11,0.50,152832.000000,0,2.1,3.6,0.0,21440.000000,69,0.0,0.0,0.0,1.0
221361,0,1,3400,-62,62,690,7.3,11,0.50,140608.000000,0,2.1,16,0.0,1312.000000,80,0.0,0.0,0.0,1.0
221610,0,1,3400,-62,62,695,12,11,0.73,136512.000000,0,2.1,16,0.0,0.0,0.0,0.0,0.0,0.0,1.0
221859,0,1,3400,-62,62,686,12,11,0.73,112800.000000,0,2.1,16,0.0,0.0,0.0,0.0,0.0,0.0,1.0
222108,0,1,3400,-62,62,686,8.4,11,0.50,100096.000000,0,2.1,14,0.0,23488.000000,0,0.0,0.0,0.0,1.0
222357,0,1,3400,-62,62,688,11,11,0.60,120416.000000,0,2.1,14,0.0,0.0,0.0,0.0,0.0,0.0,1.0
222606,0,1,3400,-62,62,693,15,11,0.75,105632.000000,0,2.1,14,0.0,0.0,0.0,0.0,0.0,0.0,1.0
222855,0,1,3400,-62,62,695,6.1,11,0.54,161824.000000,0,2.1,14,0.0,0.0,0.0,0.0,0.0,0.0,1.0
223104,0,1,3400,-62,62,693,9.3,11,0.50,125056.000000,0,2.1,13,0.0,0.0,67,0.0,0.0,0.0,1.0
223353,0,1,3400,-62,62,694,14,11,0.83,70176.000000,0,2.1,7.5,0.0,0.0,100.000000,0.0,0.0,0.0,1.0
223602,0,1,3400,-62,62,685,10,11,0.69,150944.000000,0,2.1,7.5,0.0,0.0,0.0,0.0,0.0,0.0,1.0
223851,0,1,3400,-62,62,680,4.4,11,0.50,118752.000000,0,2.1,7.5,0.0,0.0,0.0,0.0,0.0,0.0,1.0
224100,0,1,3400,-62,62,683,13,11,0.74,74208.000000,0,2.1,3.7,20,0.0,80,0.0,0.0,0.0,1.0
224349,0,1,3400,-62,62,681,8.8,11,0.64,93568.000000,0,2.1,0.0,0.0,0.0,50,0.0,0.0,0.0,1.0
224598,0,1,3400,-62,62,684,6.9,11,0.50,141120.000000,0,2.1,0.0,0.0,0.0,100.000000,0.0,0.0,0.0,1.0
224847,0,1,3400,-62,62,685,11,11,0.80,106912.000000,0,2.1,0.0,0.0,0.0,0.0,0.0,0.0,0.0,1.0
225096,0,1,3400,-62,62,688,13,11,0.52,153536.000000,0,2.1,0.0,20,0.0,80,0.0,0.0,0.0,1.0
225345,0,1,3400,-62,62,691,9.0,11,0.58,132672.000000,0,2.1,0.0,0.0,0.0,80,0.0,0.0,0.0,1.0
225594,0,1,3400,-62,62,692,9.0,11,0.60,120384.000000,0,2.1,0.0,0.0,0.0,0.0,0.0,0.0,0.0,1.0
225843,0,1,3400,-62,62,690,8.6,11,0.54,95264.000000,0,2.1,0.0,0.0,0.0,0.0,0.0,0.0,0.0,1.0
226092,0,1,3400,-62,62,686,8.5,11,0.51,173472.000000,0,2.1,2.0,0.0,13280.000000,59,0.0,0.0,0.0,1.0
226341,0,1,3400,-62,62,686,16,11,0.76,105472.000000,0,2.1,0.0,0.0,0.0,0.0,0.0,0.0,0.0,1.0
226590,0,1,3400,-62,62,682,6.2,11,0.50,78912.000000,0,2.1,0.0,0.0,0.0,0.0,0.0,0.0,0.0,1.0
226839,0,1,3400,-62,62,687,10,11,0.50,144672.000000,0,2.1,0.0,0.0,0.0,0.0,0.0,0.0,0.0,1.0
227088,0,1,3400,-62,62,683,7.9,11,0.50,113376.000000,0,2.1,0.0,20,0.0,80,0.0,0.0,0.0,1.0
227337,0,1,3400,-62,62,682,8.8,11,0.50,141248.000000,0,2.1,0.0,0.0,0.0,80,0.0,0.0,0.0,1.0
227586,0,1,3400,-62,62,678,11,11,0.50,107232.000000,0,2.1,0.0,0.0,0.0,0.0,0.0,0.0,0.0,1.0
227835,0,1,3400,-62,62,685,7.8,11,0.50,120352.000000,0,2.1,0.0,0.0,0.0,0.0,0.0,0.0,0.0,1.0
228084,0,1,3400,-62,62,693,15,11,0.93,127936.000000,0,2.1,0.0,20,0.0,80,0.0,0.0,0.0,1.0
228333,0,1,3400,-62,62,688,11,11,0.59,85952.000000,0,2.1,0.0,0.0,0.0,80,0.0,0.0,0.0,1.0
228582,0,1,3400,-62,62,688,13,11,0.53,93952.000000,0,2.1,0.0,0.0,0.0,0.0,0.0,0.0,0.0,1.0
228831,0,1,3400,-62,62,688,9.8,11,0.54,90464.000000,0,2.1,0.0,0.0,0.0,0.0,0.0,0.0,0.0,1.0
229080,0,1,3400,-62,62,681,8.0,11,0.51,98784.000000,0,2.1,0.0,20,0.0,80,0.0,0.0,0.0,1.0
229329,0,1,3400,-62,62,676,8.5,11,0.50,110720.000000,0,2.1,0.0,0.0,0.0,50,0.0,0.0,0.0,1.0
229578,0,1,3400,-62,62,677,7.9,11,0.50,170208.000000,0,2.1,0.0,0.0,0.0,100.000000,0.0,0.0,0.0,1.0
229827,0,1,3400,-62,62,681,11,11,0.69,116640.000000,0,2.1,0.0,0.0,0.0,0.0,0.0,0.0,0.0,1.0
230076,0,1,3400,-62,62,689,8.2,11,0.50,125536.000000,0,2.1,0.0,20,0.0,80,0.0,0.0,0.0,1.0
230325,0,1,3400,-62,62,685,11,11,0.63,79488.000000,0,2.1,0.0,0.0,0.0,80,0.0,0.0,0.0,1.0
230574,0,1,3400,-62,62,685,12,11,0.85,104320.000000,0,2.1,0.0,0.0,0.0,0.0,0.0,0.0,0.0,1.0
230823,0,1,3400,-62,62,689,20,11,1.2,129760.000000,0,2.1,0.0,0.0,0.0,0.0,0.0,0.0,0.0,1.0
231072,0,1,3400,-62,62,693,14,11,0.75,138528.000000,0,2.1,0.0,20,0.0,80,0.0,0.0,0.0,1.0
231321,0,1,3400,-62,62,695,9.7,11,0.55,170976.000000,0,2.1,0.0,0.0,0.0,80,0.0,0.0,0.0,1.0
231570,0,1,3400,-62,62,692,10,11,0.50,138560.000000,0,2.1,0.0,0.0,0.0,0.0,0.0,0.0,0.0,1.0
231819,0,1,3400,-62,62,689,5.4,11,0.50,125600.000000,0,2.1,0.0,0.0,0.0,0.0,0.0,0.0,0.0,1.0
232068,0,1,3400,-62,62,692,11,11,0.54,123328.000000,0,2.1,0.0,20,0.0,80,0.0,0.0,0.0,1.0
232317,0,1,3400,-62,62,693,6.6,11,0.50,157408.000000,0,2.1,0.0,0.0,0.0,50,0.0,0.0,0.0,1.0
232566,0,1,3400,-62,62,698,7.4,11,0.50,115808.000000,0,2.1,0.0,0.0,0.0,100.000000,0.0,0.0,0.0,1.0
232815,0,1,3400,-62,62,691,6.0,11,0.50,112480.000000,0,2.1,0.0,0.0,0.0,80,0.0,0.0,0.0,1.0
233064,0,1,3400,-62,62,693,13,11,0.70,117120.000000,0,2.1,4.4,0.0,22720.000000,0,0.0,0.0,0.0,1.0
233313,0,1,3400,-62,62,696,6.9,11,0.50,125600.000000,0,2.1,7.4,0.0,0.0,80,0.0,0.0,0.0,1.0
233562,0,1,3400,-62,62,692,3.3,11,0.50,186400.000000,0,2.1,7.5,0.0,0.0,0.0,0.0,0.0,0.0,1.0
233811,0,1,3400,-62,62,684,6.7,11,0.55,94496.000000,0,2.1,2.8,0.0,0.0,80,0.0,0.0,0.0,1.0
234060,0,1,3400,-62,62,676,7.7,11,0.53,137664.000000,0,2.1,0.0,186,0.0,80,0.0,0.0,0.0,1.0
234309,0,1,3400,-62,62,685,5.5,11,0.50,84352.000000,0,2.1,0.0,20,0.0,50,0.0,0.0,0.0,1.0
234558,0,1,3400,-62,62,687,8.5,11,0.50,88384.000000,0,2.1,0.0,20,0.0,100.000000,0.0,0.0,0.0,1.0
234807,0,1,3400,-62,62,692,7.1,11,0.50,118656.000000,0,2.1,0.0,0.0,0.0,80,0.0,0.0,0.0,1.0
235056,0,1,3400,-62,62,682,6.1,11,0.50,178528.000000,0,2.1,0.0,20,0.0,80,0.0,0.0,0.0,1.0
235305,0,1,3400,-62,62,681,11,11,0.50,96768.000000,0,2.1,0.0,0.0,0.0,80,0.0,0.0,0.0,1.0
235554,0,1,3400,-62,62,687,6.1,11,0.51,139040.000000,0,2.1,0.0,0.0,0.0,0.0,0.0,0.0,0.0,1.0
235803,0,1,3400,-62,62,698,17,11,0.83,124768.000000,0,2.1,0.0,0.0,0.0,0.0,0.0,0.0,0.0,1.0
236052,0,1,3400,-62,62,690,5.9,11,0.50,168992.000000,0,2.1,0.0,0.0,0.0,80,0.0,0.0,0.0,1.0
236301,0,1,3400,-62,62,697,6.5,11,0.50,91712.000000,0,2.1,0.0,0.0,0.0,0.0,0.0,0.0,0.0,1.0
236550,0,1,3400,-62,62,694,7.7,11,0.56,117536.000000,0,2.1,0.0,0.0,0.0,67,0.0,0.0,0.0,1.0
236799,0,1,3400,-62,62,693,9.3,11,0.56,172832.000000,0,2.1,0.0,0.0,0.0,100.000000,0.0,0.0,0.0,1.0
237048,0,1,3400,-62,62,691,8.7,11,0.50,129344.000000,0,2.1,0.0,20,0.0,80,0.0,0.0,0.0,1.0
237297,0,1,3400,-62,62,688,9.9,11,0.50,141216.000000,0,2.1,0.0,0.0,0.0,80,0.0,0.0,0.0,1.0
237546,0,1,3400,-62,62,679,12,11,0.65,90752.000000,0,2.1,0.0,0.0,0.0,0.0,0.0,0.0,0.0,1.0
237795,0,1,3400,-62,62,680,11,11,0.52,120224.000000,0,2.1,0.0,0.0,0.0,80,0.0,0.0,0.0,1.0
238044,0,1,3400,-62,62,681,12,11,0.71,101440.000000,0,2.1,0.0,20,0.0,80,0.0,0.0,0.0,1.0
238293,0,1,3400,-62,62,691,9.5,11,0.60,141344.000000,0,2.1,0.0,0.0,0.0,50,0.0,0.0,0.0,1.0
238542,0,1,3400,-62,62,686,10.0,11,0.53,117856.000000,0,2.1,0.0,0.0,704,0,0.0,0.0,0.0,1.0
238791,0,1,3400,-62,62,678,8.5,11,0.52,124256.000000,0,2.1,0.0,0.0,0.0,0.0,0.0,0.0,0.0,1.0
239040,0,1,3400,-62,62,675,5.7,11,0.50,128768.000000,0,2.1,0.0,20,0.0,80,0.0,0.0,0.0,1.0
239289,0,1,3400,-62,62,683,14,11,0.81,83456.000000,0,2.1,0.0,0.0,0.0,50,0.0,0.0,0.0,1.0
239538,0,1,3400,-62,62,694,6.5,11,0.50,135104.000000,0,2.1,0.0,0.0,0.0,100.000000,0.0,0.0,0.0,1.0
239787,0,1,3400,-62,62,685,5.4,11,0.50,120864.000000,0,2.1,0.0,0.0,0.0,0.0,0.0,0.0,0.0,1.0
240036,0,1,3400,-62,62,687,11,11,0.50,103488.000000,0,2.1,0.0,20,0.0,80,0.0,0.0,0.0,1.0
240285,0,1,3400,-62,62,691,5.4,11,0.50,138528.000000,0,2.1,0.0,20,0.0,0.0,0.0,0.0,0.0,1.0
240534,0,1,3400,-62,62,698,6.1,11,0.55,153888.000000,0,2.1,0.0,0.0,0.0,80,0.0,0.0,0.0,1.0
240783,0,1,3400,-62,62,695,7.1,11,0.50,166240.000000,0,2.1,0.0,0.0,0.0,0.0,0.0,0.0,0.0,1.0
241032,0,1,3400,-62,62,689,13,11,0.66,112224.000000,0,2.1,0.0,20,0.0,80,0.0,0.0,0.0,1.0
241281,0,1,3400,-62,62,681,4.7,11,0.54,142112.000000,0,2.1,0.0,0.0,0.0,80,0.0,0.0,0.0,1.0
241530,0,1,3400,-62,62,682,8.0,11,0.57,108448.000000,0,2.1,0.0,0.0,0.0,0.0,0.0,0.0,0.0,1.0
241779,0,1,3400,-62,62,688,10,11,0.71,97120.000000,0,2.1,0.0,0.0,0.0,0.0,0.0,0.0,0.0,1.0
242028,0,1,3400,-62,62,684,8.0,11,0.54,104416.000000,0,2.1,0.0,20,0.0,80,0.0,0.0,0.0,1.0
242277,0,1,3400,-62,62,678,9.5,11,0.50,174016.000000,0,2.1,0.0,0.0,0.0,80,0.0,0.0,0.0,1.0
242526,0,1,3400,-62,62,683,13,11,0.87,115040.000000,0,2.1,0.0,0.0,0.0,0.0,0.0,0.0,0.0,1.0
242775,0,1,3400,-62,62,681,11,11,0.63,103200.000000,0,2.1,0.0,0.0,0.0,0.0,0.0,0.0,0.0,1.0
243024,0,1,3400,-62,62,677,5.3,11,0.50,77472.000000,0,2.1,0.0,20,0.0,80,0.0,0.0,0.0,1.0
243273,0,1,3400,-62,62,687,8.2,11,0.51,98432.000000,0,2.1,0.0,0.0,0.0,50,0.0,0.0,0.0,1.0
243522,0,1,3400,-62,62,689,3.5,11,0.50,131168.000000,0,2.1,0.0,0.0,0.0,100.000000,0.0,0.0,0.0,1.0
243771,0,1,3400,-62,62,687,14,11,0.77,104128.000000,0,2.1,0.0,0.0,0.0,0.0,0.0,0.0,0.0,1.0
244020,0,1,3400,-62,62,686,9.2,11,0.64,135424.000000,0,2.1,0.0,20,0.0,80,0.0,0.0,0.0,1.0
244269,0,1,3400,-62,62,687,16,11,0.86,105376.000000,0,2.1,0.0,20,0.0,0.0,0.0,0.0,0.0,1.0
244518,0,1,3400,-62,62,685,13,11,0.66,135872.000000,0,2.1,0.0,0.0,0.0,80,0.0,0.0,0.0,1.0
244767,0,1,3400,-62,62,680,15,11,0.83,78560.000000,0,2.1,0.0,0.0,0.0,0.0,0.0,0.0,0.0,1.0
245016,0,1,3400,-62,62,680,6.5,11,0.52,160992.000000,0,2.1,0.0,20,0.0,80,0.0,0.0,0.0,1.0
245265,0,1,3400,-62,62,676,6.0,11,0.50,142816.000000,0,2.1,0.0,0.0,0.0,80,0.0,0.0,0.0,1.0
245514,0,1,3400,-62,62,673,6.7,11,0.50,78496.000000,0,2.1,0.0,0.0,0.0,0.0,0.0,0.0,0.0,1.0
245763,0,1,3400,-62,62,682,9.4,11,0.65,104736.000000,0,2.1,0.0,0.0,0.0,0.0,0.0,0.0,0.0,1.0
246012,0,1,3400,-62,62,682,11,11,0.50,120352.000000,0,2.1,0.0,20,0.0,80,0.0,0.0,0.0,1.0
246261,0,1,3400,-62,62,691,19,11,1.0,155680.000000,0,2.1,0.0,0.0,0.0,80,0.0,0.0,0.0,1.0
246510,0,1,3400,-62,62,695,7.9,11,0.50,142880.000000,0,2.1,0.0,0.0,0.0,0.0,0.0,0.0,0.0,1.0
246759,0,1,3400,-62,62,689,15,11,0.83,146816.000000,0,2.1,0.0,0.0,0.0,0.0,0.0,0.0,0.0,1.0
247008,0,1,3400,-62,62,688,9.5,11,0.60,145248.000000,0,2.1,0.0,20,0.0,80,0.0,0.0,0.0,1.0
247257,0,1,3400,-62,62,685,11,11,0.55,105088.000000,0,2.1,0.0,0.0,0.0,50,0.0,0.0,0.0,1.0
247506,0,1,3400,-62,62,687,11,11,0.63,166848.000000,0,2.1,0.0,0.0,0.0,86,0.0,0.0,0.0,1.0
247755,0,1,3400,-62,62,686,11,11,0.52,103552.000000,0,2.1,0.0,0.0,0.0,100.000000,0.0,0.0,0.0,1.0
248004,0,1,3400,-62,62,688,12,11,0.58,115552.000000,0,2.1,0.0,20,0.0,80,0.0,0.0,0.0,1.0
248253,0,1,3400,-62,62,687,9.8,11,0.54,89696.000000,0,2.1,0.0,0.0,0.0,80,0.0,0.0,0.0,1.0
248502,0,1,3400,-62,62,681,10,11,0.54,130656.000000,0,2.1,0.0,0.0,0.0,0.0,0.0,0.0,0.0,1.0
248751,0,1,3400,-62,62,680,19,11,0.86,104544.000000,0,2.1,0.0,0.0,0.0,0.0,0.0,0.0,0.0,1.0
249000,0,1,3400,-62,62,692,9.4,11,0.50,184640.000000,0,2.1,0.0,0.0,0.0,80,0.0,0.0,0.0,1.0
249249,0,1,3400,-62,62,687,6.5,11,0.50,104960.000000,0,2.1,0.0,0.0,0.0,0.0,0.0,0.0,0.0,1.0
249498,0,1,3400,-62,62,681,12,11,0.50,127584.000000,0,2.1,0.0,0.0,0.0,0.0,0.0,0.0,0.0,1.0
249747,0,1,3400,-62,62,687,16,11,0.75,127456.000000,0,2.1,0.0,0.0,0.0,0.0,0.0,0.0,0.0,1.0
249996,0,1,3400,-62,62,687,6.8,11,0.54,148576.000000,0,2.1,0.0,20,0.0,80,0.0,0.0,0.0,1.0
250245,0,1,3400,-62,62,693,12,11,0.52,85984.000000,0,2.1,0.0,0.0,0.0,80,0.0,0.0,0.0,1.0
250494,0,1,3400,-62,62,686,11,11,0.65,156992.000000,0,2.1,0.0,0.0,5536.000000,50,0.0,0.0,0.0,1.0
250743,0,1,3400,-62,62,683,6.0,11,0.50,136160.000000,0,2.1,0.0,0.0,0.0,0.0,0.0,0.0,0.0,1.0
250992,0,1,3400,-62,62,683,7.2,11,0.50,134048.000000,0,2.1,0.0,20,0.0,80,0.0,0.0,0.0,1.0
251241,0,1,3400,-62,62,684,15,11,0.69,141792.000000,0,2.1,0.0,0.0,0.0,50,0.0,0.0,0.0,1.0
251490,0,1,3400,-62,62,683,19,11,0.98,88384.000000,0,2.1,0.0,0.0,0.0,100.000000,0.0,0.0,0.0,1.0
251739,0,1,3400,-62,62,686,12,11,0.61,102400.000000,0,2.1,0.0,0.0,0.0,0.0,0.0,0.0,0.0,1.0
251988,0,1,3400,-62,62,682,14,11,0.66,103168.000000,0,2.1,0.0,20,0.0,80,0.0,0.0,0.0,1.0
252237,0,1,3400,-62,62,690,10,11,0.50,115968.000000,0,2.1,0.0,0.0,0.0,50,0.0,0.0,0.0,1.0
252486,0,1,3400,-62,62,689,13,11,0.62,128672.000000,0,2.1,11,0.0,8224.000000,67,0.0,0.0,0.0,1.0
252735,0,1,3400,-62,62,688,13,11,0.68,104544.000000,0,2.1,9.1,0.0,2496.000000,69,0.0,0.0,0.0,1.0
252984,0,1,3400,-62,62,685,12,11,0.50,156608.000000,0,2.1,1.3,0.0,20256.000000,62,0.0,0.0,0.0,1.0
253233,0,1,3400,-62,62,681,7.8,11,0.53,136032.000000,0,2.1,0.0,0.0,0.0,0.0,0.0,0.0,0.0,1.0
253482,0,1,3400,-62,62,689,5.1,11,0.50,138560.000000,0,2.1,0.0,0.0,0.0,80,0.0,0.0,0.0,1.0
253731,0,1,3400,-62,62,687,6.8,11,0.50,98912.000000,0,2.1,0.0,0.0,0.0,0.0,0.0,0.0,0.0,1.0
253980,0,1,3400,-62,62,684,10,11,0.50,79808.000000,0,2.1,1.8,0.0,12608.000000,33,0.0,0.0,0.0,1.0
254229,0,1,3400,-62,62,689,16,11,0.89,155744.000000,0,2.1,3.0,0.0,0.0,0.0,0.0,0.0,0.0,1.0
254478,0,1,3400,-62,62,692,11,11,0.83,129760.000000,0,2.1,3.0,0.0,0.0,0.0,0.0,0.0,0.0,1.0
254727,0,1,3400,-62,62,692,4.2,11,0.50,102880.000000,0,2.1,3.0,0.0,0.0,0.0,0.0,0.0,0.0,1.0
254976,0,1,3400,-62,62,682,13,11,0.57,132416.000000,0,2.1,3.0,20,0.0,80,0.0,0.0,0.0,1.0
255225,0,1,3400,-62,62,677,12,11,0.66,136192.000000,0,2.1,3.0,0.0,0.0,50,0.0,0.0,0.0,1.0
255474,0,1,3400,-62,62,685,9.6,11,0.62,106304.000000,0,2.1,3.0,0.0,0.0,88,0.0,0.0,0.0,1.0
255723,0,1,3400,-62,62,694,5.9,11,0.50,149184.000000,0,2.1,3.0,0.0,0.0,0.0,0.0,0.0,0.0,1.0
255972,0,1,3400,-62,62,690,15,11,0.79,55520.000000,0,2.1,3.1,0.0,7040.000000,73,0.0,0.0,0.0,1.0
256221,0,1,3400,-62,62,689,7.5,11,0.50,184064.000000,0,2.1,3.7,0.0,22688.000000,70,0.0,0.0,0.0,1.0
256470,0,1,3400,-62,62,685,7.1,11,0.50,122496.000000,0,2.1,14,0.0,0.0,0.0,0.0,0.0,0.0,1.0
256719,0,1,3400,-62,62,686,10,11,0.66,108672.000000,0,2.1,14,0.0,0.0,0.0,0.0,0.0,0.0,1.0
256968,0,1,3400,-62,62,685,7.7,11,0.54,119712.000000,0,2.1,5.3,0.0,26880.000000,60,0.0,0.0,0.0,1.0
257217,0,1,3400,-62,62,692,7.6,11,0.56,167872.000000,0,2.1,0.0,0.0,0.0,80,0.0,0.0,0.0,1.0
257466,0,1,3400,-62,62,689,14,11,0.78,99808.000000,0,2.1,0.0,0.0,0.0,0.0,0.0,0.0,0.0,1.0
257715,0,1,3400,-62,62,687,13,11,0.70,126592.000000,0,2.1,0.0,0.0,0.0,0.0,0.0,0.0,0.0,1.0
257964,0,1,3400,-62,62,690,4.6,11,0.50,127840.000000,0,2.1,0.0,20,0.0,80,0.0,0.0,0.0,1.0
258213,0,1,3400,-62,62,690,5.3,11,0.50,115136.000000,0,2.1,0.0,0.0,0.0,80,0.0,0.0,0.0,1.0
258462,0,1,3400,-62,62,684,7.5,11,0.50,112736.000000,0,2.1,0.0,0.0,0.0,80,0.0,0.0,0.0,1.0
258711,0,1,3400,-62,62,695,6.5,11,0.50,168896.000000,0,2.1,0.0,0.0,0.0,0.0,0.0,0.0,0.0,1.0
258960,0,1,3400,-62,62,689,7.7,11,0.54,114368.000000,0,2.1,1.7,0.0,5728.000000,63,0.0,0.0,0.0,1.0
259209,0,1,3400,-62,62,682,7.1,11,0.50,165280.000000,0,2.1,0.0,0.0,0.0,0.0,0.0,0.0,0.0,1.0
259458,0,1,3400,-62,62,679,13,11,0.76,76672.000000,0,2.1,0.0,0.0,0.0,0.0,0.0,0.0,0.0,1.0
259707,0,1,3400,-62,62,676,18,11,1.1,115776.000000,0,2.1,0.0,0.0,0.0,0.0,0.0,0.0,0.0,1.0
259956,0,1,3400,-62,62,683,6.6,11,0.50,85408.000000,0,2.1,6.2,0.0,0.0,80,0.0,0.0,0.0,1.0
260205,0,1,3400,-62,62,687,6.6,11,0.53,98592.000000,0,2.1,7.5,0.0,0.0,0.0,0.0,0.0,0.0,1.0
260454,0,1,3400,-62,62,693,3.0,11,0.50,139104.000000,0,2.1,4.3,0.0,0.0,80,0.0,0.0,0.0,1.0
260703,0,1,3400,-62,62,695,6.0,11,0.50,151840.000000,0,2.1,0.0,0.0,0.0,0.0,0.0,0.0,0.0,1.0
260952,0,1,3400,-62,62,690,5.8,11,0.50,112416.000000,0,2.1,0.0,20,0.0,80,0.0,0.0,0.0,1.0
261201,0,1,3400,-62,62,693,8.1,11,0.61,137216.000000,0,2.1,0.0,0.0,0.0,80,0.0,0.0,0.0,1.0
261450,0,1,3400,-62,62,693,14,11,0.81,143808.000000,0,2.1,0.0,0.0,0.0,0.0,0.0,0.0,0.0,1.0
261699,0,1,3400,-62,62,689,8.6,11,0.50,99392.000000,0,2.1,0.0,0.0,0.0,0.0,0.0,0.0,0.0,1.0
261948,0,1,3400,-62,62,688,9.2,11,0.59,123552.000000,0,2.1,0.0,20,0.0,80,0.0,0.0,0.0,1.0
262197,0,1,3400,-62,62,688,18,11,1.0,145792.000000,0,2.1,0.0,0.0,0.0,50,0.0,0.0,0.0,1.0
262446,0,1,3400,-62,62,693,8.7,11,0.61,115456.000000,0,2.1,0.0,0.0,0.0,100.000000,0.0,0.0,0.0,1.0
262695,0,1,3400,-62,62,688,4.7,11,0.50,167584.000000,0,2.1,0.0,0.0,0.0,0.0,0.0,0.0,0.0,1.0
262944,0,1,3400,-62,62,679,7.1,11,0.50,144224.000000,0,2.1,0.0,20,0.0,80,0.0,0.0,0.0,1.0
263193,0,1,3400,-62,62,691,5.6,11,0.50,165664.000000,0,2.1,0.0,0.0,0.0,80,0.0,0.0,0.0,1.0
263442,0,1,3400,-62,62,694,10,11,0.57,168640.000000,0,2.1,0.0,0.0,0.0,0.0,0.0,0.0,0.0,1.0
263691,0,1,3400,-62,62,688,9.5,11,0.50,134176.000000,0,2.1,0.0,0.0,0.0,0.0,0.0,0.0,0.0,1.0
263940,0,1,3400,-62,62,690,8.8,11,0.54,83136.000000,0,2.1,0.0,20,0.0,80,0.0,0.0,0.0,1.0
264189,0,1,3400,-62,62,695,9.5,11,0.52,115808.000000,0,2.1,0.0,0.0,0.0,80,0.0,0.0,0.0,1.0
264438,0,1,3400,-62,62,687,8.8,11,0.50,101696.000000,0,2.1,0.0,0.0,0.0,0.0,0.0,0.0,0.0,1.0
264687,0,1,3400,-62,62,683,7.7,11,0.51,77408.000000,0,2.1,0.0,0.0,0.0,0.0,0.0,0.0,0.0,1.0
264936,0,1,3400,-62,62,689,12,11,0.50,122880.000000,0,2.1,0.0,20,0.0,80,0.0,0.0,0.0,1.0
265185,0,1,3400,-62,62,683,5.3,11,0.50,108000.000000,0,2.1,0.0,0.0,0.0,50,0.0,0.0,0.0,1.0
265434,0,1,3400,-62,62,682,3.7,11,0.50,113824.000000,0,2.1,0.0,0.0,0.0,100.000000,0.0,0.0,0.0,1.0
265683,0,1,3400,-62,62,689,11,11,0.72,124896.000000,0,2.1,0.0,0.0,0.0,0.0,0.0,0.0,0.0,1.0
265932,0,1,3400,-62,62,676,8.2,11,0.60,112736.000000,0,2.1,5.3,0.0,252992.000000,74,0.0,0.0,0.0,1.0
266181,0,1,3400,-62,62,678,8.7,11,0.50,108320.000000,0,2.1,8.0,0.0,0.0,0.0,0.0,0.0,0.0,1.0
266430,0,1,3400,-62,62,684,12,11,0.60,121568.000000,0,2.1,8.0,0.0,0.0,0.0,0.0,0.0,0.0,1.0
266679,0,1,3400,-62,62,683,6.4,11,0.51,126272.000000,0,2.1,8.0,0.0,0.0,0.0,0.0,0.0,0.0,1.0
266928,0,1,3400,-62,62,683,10,11,0.51,125344.000000,0,2.1,5.3,0.0,0.0,80,0.0,0.0,0.0,1.0
267177,0,1,3400,-62,62,686,10,11,0.50,121280.000000,0,2.1,0.0,0.0,0.0,0.0,0.0,0.0,0.0,1.0
267426,0,1,3400,-62,62,691,13,11,0.58,135712.000000,0,2.1,0.0,0.0,0.0,0.0,0.0,0.0,0.0,1.0
267675,0,1,3400,-62,62,694,11,11,0.72,118852.585938,0,2.1,0.0,0.0,0.0,0.0,0.0,0.0,0.0,1.0
267924,0,1,3400,-62,62,681,5.3,10,0.50,146272.000000,0,2.1,0.0,20,0.0,80,0.0,0.0,0.0,1.0
268173,0,1,3400,-62,62,677,8.5,11,0.50,123744.000000,0,2.1,0.0,0.0,0.0,50,0.0,0.0,0.0,1.0
268422,0,1,3400,-62,62,687,6.6,11,0.53,161056.000000,0,2.1,0.0,0.0,0.0,100.000000,0.0,0.0,0.0,1.0
268671,0,1,3400,-62,62,685,11,11,0.61,93984.000000,0,2.1,0.0,0.0,0.0,0.0,0.0,0.0,0.0,1.0
268920,0,1,3400,-62,62,686,7.7,11,0.56,99008.000000,0,2.1,0.52,0.0,103104.000000,55,0.0,0.0,0.0,1.0
269169,0,1,3400,-62,62,693,13,11,0.64,79328.000000,0,2.1,0.0,0.0,0.0,0.0,0.0,0.0,0.0,1.0
269418,0,1,3400,-62,62,689,4.8,11,0.50,142080.000000,0,2.1,0.0,0.0,0.0,0.0,0.0,0.0,0.0,1.0
269667,0,1,3400,-62,62,688,8.8,11,0.50,81504.000000,0,2.1,0.0,0.0,0.0,0.0,0.0,0.0,0.0,1.0
269916,0,1,3400,-62,62,690,15,11,0.70,152576.000000,0,2.1,0.0,20,0.0,80,0.0,0.0,0.0,1.0
270165,0,1,3400,-62,62,694,13,11,0.52,95936.000000,0,2.1,0.0,0.0,0.0,80,0.0,0.0,0.0,1.0
270414,0,1,3400,-62,62,691,6.8,11,0.50,160032.000000,0,2.1,0.0,0.0,0.0,0.0,0.0,0.0,0.0,1.0
270663,0,1,3400,-62,62,687,11,11,0.64,136704.000000,0,2.1,0.0,0.0,0.0,80,0.0,0.0,0.0,1.0
270912,0,1,3400,-62,62,688,7.1,11,0.50,111328.000000,0,2.1,0.0,20,0.0,80,0.0,0.0,0.0,1.0
271161,0,1,3400,-62,62,675,18,11,0.81,119136.000000,0,2.1,0.0,0.0,0.0,50,0.0,0.0,0.0,1.0
271410,0,1,3400,-62,62,687,12,11,0.55,114816.000000,0,2.1,0.0,0.0,0.0,100.000000,0.0,0.0,0.0,1.0
271659,0,1,3400,-62,62,690,10,11,0.50,85440.000000,0,2.1,0.0,0.0,0.0,0.0,0.0,0.0,0.0,1.0
271908,0,1,3400,-62,62,688,12,11,0.63,144800.000000,0,2.1,9.3,0.0,151584.000000,57,0.0,0.0,0.0,1.0
272157,0,1,3400,-62,62,686,6.3,11,0.50,170848.000000,0,2.1,15,0.0,4384.000000,57,0.0,0.0,0.0,1.0
272406,0,1,3400,-62,62,681,7.7,11,0.51,90912.000000,0,2.1,9.5,0.0,0.0,0.0,0.0,0.0,0.0,1.0
272655,0,1,3400,-62,62,685,10,11,0.60,180544.000000,0,2.1,8.4,0.0,0.0,80,0.0,0.0,0.0,1.0
272904,0,1,3400,-62,62,686,12,11,0.69,91232.000000,0,2.1,0.74,0.0,0.0,80,0.0,0.0,0.0,1.0
273153,0,1,3400,-62,62,681,12,11,0.67,80352.000000,0,2.1,0.0,0.0,0.0,0.0,0.0,0.0,0.0,1.0
273402,0,1,3400,-62,62,683,10,11,0.50,114880.000000,0,2.1,0.0,0.0,0.0,0.0,0.0,0.0,0.0,1.0
273651,0,1,3400,-62,62,680,16,11,0.83,119552.000000,0,2.1,0.0,0.0,0.0,0.0,0.0,0.0,0.0,1.0
273900,0,1,3400,-62,62,689,10,11,0.58,104064.000000,0,2.1,0.0,20,0.0,80,0.0,0.0,0.0,1.0
274149,0,1,3400,-62,62,687,7.5,11,0.71,126752.000000,0,2.1,0.0,0.0,0.0,80,0.0,0.0,0.0,1.0
274398,0,1,3400,-62,62,678,10,11,0.69,99680.000000,0,2.1,0.0,0.0,0.0,0.0,0.0,0.0,0.0,1.0
274647,0,1,3400,-62,62,684,11,11,0.60,123104.000000,0,2.1,0.0,0.0,0.0,0.0,0.0,0.0,0.0,1.0
274896,0,1,3400,-62,62,683,16,11,0.88,84192.000000,0,2.1,0.0,20,0.0,80,0.0,0.0,0.0,1.0
275145,0,1,3400,-62,62,686,6.9,11,0.50,138272.000000,0,2.1,0.0,0.0,0.0,50,0.0,0.0,0.0,1.0
275394,0,1,3400,-62,62,694,5.5,11,0.50,126496.000000,0,2.1,0.0,0.0,0.0,100.000000,0.0,0.0,0.0,1.0
275643,0,1,3400,-62,62,692,12,11,0.50,96896.000000,0,2.1,0.0,0.0,0.0,0.0,0.0,0.0,0.0,1.0
275892,0,1,3400,-62,62,690,10,11,0.56,125760.000000,0,2.1,0.0,20,0.0,80,0.0,0.0,0.0,1.0
276141,0,1,3400,-62,62,687,8.5,11,0.57,110880.000000,0,2.1,0.0,20,0.0,0.0,0.0,0.0,0.0,1.0
276390,0,1,3400,-62,62,691,6.2,11,0.52,112256.000000,0,2.1,0.0,0.0,0.0,79,0.0,0.0,0.0,1.0
276639,0,1,3400,-62,62,690,7.7,11,0.57,145344.000000,0,2.1,0.0,0.0,0.0,100.000000,0.0,0.0,0.0,1.0
276888,0,1,3400,-62,62,690,5.9,11,0.50,129376.000000,0,2.1,0.0,20,0.0,80,0.0,0.0,0.0,1.0
277137,0,1,3400,-62,62,694,10,11,0.70,176288.000000,0,2.1,0.0,0.0,0.0,50,0.0,0.0,0.0,1.0
277386,0,1,3400,-62,62,687,8.5,11,0.57,115168.000000,0,2.1,0.0,0.0,0.0,100.000000,0.0,0.0,0.0,1.0
277635,0,1,3400,-62,62,687,15,11,0.75,147072.000000,0,2.1,0.0,0.0,0.0,0.0,0.0,0.0,0.0,1.0
277884,0,1,3400,-62,62,694,7.4,11,0.50,167392.000000,0,2.1,0.0,186,0.0,80,0.0,0.0,0.0,1.0
278133,0,1,3400,-62,62,686,10,11,0.64,108800.000000,0,2.1,0.0,20,0.0,80,0.0,0.0,0.0,1.0
278382,0,1,3400,-62,62,676,5.8,11,0.50,76352.000000,0,2.1,0.0,20,0.0,0.0,0.0,0.0,0.0,1.0
278631,0,1,3400,-62,62,677,8.7,11,0.50,123520.000000,0,2.1,0.0,0.0,0.0,80,0.0,0.0,0.0,1.0
278880,0,1,3400,-62,62,685,14,11,0.65,100416.000000,0,2.1,0.0,20,0.0,80,0.0,0.0,0.0,1.0
279129,0,1,3400,-62,62,692,5.6,11,0.52,147552.000000,0,2.1,0.0,0.0,0.0,80,0.0,0.0,0.0,1.0
279378,0,1,3400,-62,62,687,14,11,0.78,81024.000000,0,2.1,0.0,0.0,0.0,0.0,0.0,0.0,0.0,1.0
279627,0,1,3400,-62,62,690,7.6,11,0.60,78368.000000,0,2.1,0.0,0.0,0.0,0.0,0.0,0.0,0.0,1.0
279876,0,1,3400,-62,62,694,13,11,0.55,111616.000000,0,2.1,0.0,20,0.0,80,0.0,0.0,0.0,1.0
280125,0,1,3400,-62,62,688,8.8,11,0.50,120640.000000,0,2.1,0.0,0.0,0.0,50,0.0,0.0,0.0,1.0
280374,0,1,3400,-62,62,689,7.1,11,0.61,119616.000000,0,2.1,0.0,0.0,0.0,100.000000,0.0,0.0,0.0,1.0
280623,0,1,3400,-62,62,686,12,11,0.67,134304.000000,0,2.1,0.0,0.0,0.0,0.0,0.0,0.0,0.0,1.0
280872,0,1,3400,-62,62,685,11,11,0.73,108064.000000,0,2.1,0.0,20,0.0,80,0.0,0.0,0.0,1.0
281121,0,1,3400,-62,62,685,5.1,11,0.50,112576.000000,0,2.1,0.0,0.0,0.0,50,0.0,0.0,0.0,1.0
281370,0,1,3400,-62,62,684,10,11,0.57,119040.000000,0,2.1,0.0,0.0,0.0,100.000000,0.0,0.0,0.0,1.0
281619,0,1,3400,-62,62,681,10,11,0.50,131072.000000,0,2.1,0.0,0.0,0.0,0.0,0.0,0.0,0.0,1.0
281868,0,1,3400,-62,62,682,13,11,0.50,117728.000000,0,2.1,0.0,20,0.0,80,0.0,0.0,0.0,1.0
282117,0,1,3400,-62,62,679,12,11,0.73,114304.000000,0,2.1,0.0,0.0,0.0,50,0.0,0.0,0.0,1.0
282366,0,1,3400,-62,62,685,5.4,11,0.61,113280.000000,0,2.1,0.0,0.0,0.0,100.000000,0.0,0.0,0.0,1.0
282615,0,1,3400,-62,62,688,18,11,0.98,124960.000000,0,2.1,0.0,0.0,0.0,0.0,0.0,0.0,0.0,1.0
282864,0,1,3400,-62,62,682,13,11,0.69,148448.000000,0,2.1,0.0,20,0.0,80,0.0,0.0,0.0,1.0
283113,0,1,3400,-62,62,681,7.5,11,0.51,111392.000000,0,2.1,0.0,20,0.0,0.0,0.0,0.0,0.0,1.0
283362,0,1,3400,-62,62,682,12,11,0.58,145952.000000,0,2.1,0.0,0.0,0.0,80,0.0,0.0,0.0,1.0
283611,0,1,3400,-62,62,678,8.3,11,0.50,109088.000000,0,2.1,0.0,0.0,0.0,0.0,0.0,0.0,0.0,1.0
283860,0,1,3400,-62,62,682,9.0,11,0.75,102176.000000,1.0,2.1,0.0,20,0.0,80,0.0,0.0,0.0,1.0
284109,0,1,3400,-62,62,685,5.6,11,0.50,140992.000000,0,2.1,0.0,0.0,0.0,80,0.0,0.0,0.0,1.0
284358,0,1,3400,-62,62,677,7.5,11,0.50,127712.000000,0,2.1,0.0,0.0,0.0,0.0,0.0,0.0,0.0,1.0
284607,0,1,3400,-62,62,678,13,11,0.63,124288.000000,0,2.1,0.0,0.0,0.0,0.0,0.0,0.0,0.0,1.0
284856,0,1,3400,-62,62,685,8.7,11,0.56,95616.000000,0,2.1,12,0.0,130176.000000,62,0.0,0.0,0.0,1.0
285105,0,1,3400,-62,62,692,9.1,11,0.56,135840.000000,0,2.1,16,0.0,0.0,0.0,0.0,0.0,0.0,1.0
285354,0,1,3400,-62,62,694,16,11,0.76,89152.000000,0,2.1,16,0.0,0.0,0.0,0.0,0.0,0.0,1.0
285603,0,1,3400,-62,62,689,15,11,1.0,127296.000000,0,2.1,16,0.0,0.0,0.0,0.0,0.0,0.0,1.0
285852,0,1,3400,-62,62,690,5.3,11,0.50,123680.000000,0,2.1,4.8,0.0,5728.000000,65,0.0,0.0,0.0,1.0
286102,0,1,3400,-62,62,696,13,11,0.61,118400.000000,0,2.1,0.0,0.0,0.0,0.0,0.0,0.0,0.0,1.0
286351,0,1,3400,-62,62,691,6.2,11,0.50,146240.000000,0,2.1,3.2,0.0,0.0,80,0.0,0.0,0.0,1.0
286600,0,1,3400,-62,62,700,8.1,11,0.50,88448.000000,0,2.1,4.0,0.0,0.0,80,0.0,0.0,0.0,1.0
286849,0,1,3400,-62,62,703,15,11,0.64,85632.000000,0,2.1,0.0,20,0.0,80,0.0,0.0,0.0,1.0
287098,0,1,3400,-62,62,694,5.9,11,0.50,159616.000000,0,2.1,0.0,0.0,0.0,80,0.0,0.0,0.0,1.0
287347,0,1,3400,-62,62,700,5.5,11,0.50,99424.000000,0,2.1,0.0,0.0,0.0,0.0,0.0,0.0,0.0,1.0
287596,0,1,3400,-62,62,697,7.1,11,0.57,86592.000000,0,2.1,0.0,0.0,0.0,0.0,0.0,0.0,0.0,1.0
287845,0,1,3400,-62,62,693,7.6,11,0.52,129888.000000,0,2.1,16,0.0,6720.000000,50,0.0,0.0,0.0,1.0
288094,0,1,3400,-62,62,695,9.5,11,0.52,96416.000000,0,2.1,21,0.0,0.0,0.0,0.0,0.0,0.0,1.0
288343,0,1,3400,-62,62,695,18,11,0.96,95776.000000,0,2.1,21,0.0,0.0,0.0,0.0,0.0,0.0,1.0
288592,0,1,3400,-62,62,694,6.8,11,0.50,163520.000000,0,2.1,21,0.0,0.0,0.0,0.0,0.0,0.0,1.0
288841,0,1,3400,-62,62,690,13,11,0.53,129184.000000,0,2.1,11,20,0.0,80,0.0,0.0,0.0,1.0
289090,0,1,3400,-62,62,693,8.9,11,0.54,129408.000000,0,2.1,6.5,0.0,0.0,80,0.0,0.0,0.0,1.0
289339,0,1,3400,-62,62,695,15,11,0.81,103136.000000,0,2.1,6.5,0.0,0.0,0.0,0.0,0.0,0.0,1.0
289588,0,1,3400,-62,62,687,4.7,11,0.55,111616.000000,0,2.1,6.5,0.0,0.0,0.0,0.0,0.0,0.0,1.0
289837,0,1,3400,-62,62,695,9.9,11,0.53,182944.000000,0,2.1,1.2,20,0.0,80,0.0,0.0,0.0,1.0
290086,0,1,3400,-62,62,697,11,11,0.74,119968.000000,0,2.1,0.0,0.0,0.0,80,0.0,0.0,0.0,1.0
290335,0,1,3400,-62,62,701,6.8,11,0.50,147328.000000,0,2.1,0.0,0.0,0.0,0.0,0.0,0.0,0.0,1.0
290584,0,1,3400,-62,62,697,9.4,11,0.57,173600.000000,0,2.1,0.0,0.0,0.0,0.0,0.0,0.0,0.0,1.0
290833,0,1,3400,-62,62,694,6.2,11,0.50,146112.000000,0,2.1,0.0,20,0.0,80,0.0,0.0,0.0,1.0
291082,0,1,3400,-62,62,694,7.0,11,0.58,120576.000000,0,2.1,0.0,0.0,0.0,80,0.0,0.0,0.0,1.0
291331,0,1,3400,-62,62,696,11,11,0.50,151968.000000,0,2.1,0.0,0.0,0.0,0.0,0.0,0.0,0.0,1.0
291580,0,1,3400,-62,62,689,8.0,11,0.79,140544.000000,0,2.1,0.0,0.0,0.0,0.0,0.0,0.0,0.0,1.0
291829,0,1,3400,-62,62,688,15,11,0.79,113440.000000,0,2.1,0.0,0.0,0.0,67,0.0,0.0,0.0,1.0
292078,0,1,3400,-62,62,687,5.4,11,0.50,125024.000000,0,2.1,0.0,0.0,0.0,100.000000,0.0,0.0,0.0,1.0
292327,0,1,3400,-62,62,695,7.4,11,0.55,160480.000000,0,2.1,0.0,0.0,0.0,80,0.0,0.0,0.0,1.0
292576,0,1,3400,-62,62,683,10,11,0.60,147616.000000,0,2.1,0.064,0.0,0.0,80,0.0,0.0,0.0,1.0
292825,0,1,3400,-62,62,688,9.6,11,0.61,114624.000000,0,2.1,0.0,0.0,0.0,80,0.0,0.0,0.0,1.0
293074,0,1,3400,-62,62,687,7.5,11,0.54,172320.000000,0,2.1,0.0,0.0,0.0,80,0.0,0.0,0.0,1.0
293323,0,1,3400,-62,62,691,6.8,11,0.50,117472.000000,0,2.1,0.0,0.0,0.0,0.0,0.0,0.0,0.0,1.0
293572,0,1,3400,-62,62,689,14,11,0.82,127040.000000,0,2.1,0.0,0.0,0.0,0.0,0.0,0.0,0.0,1.0
293821,0,1,3400,-62,62,687,11,11,0.53,126752.000000,0,2.1,4.7,0.0,12576.000000,62,0.0,0.0,0.0,1.0
294070,0,1,3400,-62,62,689,7.0,11,0.50,106368.000000,0,2.1,15,0.0,0.0,0.0,0.0,0.0,0.0,1.0
294319,0,1,3400,-62,62,696,9.5,11,0.50,153376.000000,0,2.1,13,0.0,0.0,80,0.0,0.0,0.0,1.0
294568,0,1,3400,-62,62,689,5.7,11,0.50,105536.000000,0,2.1,7.5,0.0,0.0,80,0.0,0.0,0.0,1.0
294817,0,1,3400,-62,62,679,5.6,11,0.50,168992.000000,0,2.1,3.7,20,0.0,80,0.0,0.0,0.0,1.0
295066,0,1,3400,-62,62,681,6.1,11,0.50,143744.000000,0,2.1,0.0,0.0,0.0,50,0.0,0.0,0.0,1.0
295315,0,1,3400,-62,62,680,11,11,0.55,122656.000000,0,2.1,0.0,0.0,0.0,100.000000,0.0,0.0,0.0,1.0
295564,0,1,3400,-62,62,677,19,11,0.99,145344.000000,0,2.1,0.064,0.0,0.0,0.0,0.0,0.0,0.0,1.0
295813,0,1,3400,-62,62,682,8.0,11,0.55,123968.000000,0,2.1,6.4,0.0,7616.000000,71,0.0,0.0,0.0,1.0
296062,0,1,3400,-62,62,685,6.1,11,0.55,109920.000000,0,2.1,16,0.0,0.0,0.0,0.0,0.0,0.0,1.0
296311,0,1,3400,-62,62,686,11,11,0.76,160000.000000,1.0,2.1,16,0.0,0.0,0.0,0.0,0.0,0.0,1.0
296560,0,1,3400,-62,62,698,5.2,11,0.50,143520.000000,0,2.1,16,0.0,0.0,0.0,0.0,0.0,0.0,1.0
296809,0,1,3400,-62,62,694,15,11,0.61,158016.000000,0,2.1,11,0.0,0.0,80,0.0,0.0,0.0,1.0
297058,0,1,3400,-62,62,683,9.5,11,0.58,89632.000000,0,2.1,7.5,0.0,0.0,0.0,0.0,0.0,0.0,1.0
297307,0,1,3400,-62,62,683,11,11,0.51,86688.000000,0,2.1,7.5,0.0,0.0,0.0,0.0,0.0,0.0,1.0
297556,0,1,3400,-62,62,684,12,11,0.72,126304.000000,0,2.1,7.5,0.0,0.0,0.0,0.0,0.0,0.0,1.0
297805,0,1,3400,-62,62,685,14,11,0.58,165408.000000,0,2.1,1.3,20,0.0,80,0.0,0.0,0.0,1.0
298054,0,1,3400,-62,62,674,11,11,0.68,70176.000000,0,2.1,0.064,0.0,0.0,80,0.0,0.0,0.0,1.0
298303,0,1,3400,-62,62,683,13,11,0.66,110272.000000,0,2.1,0.0,0.0,0.0,0.0,0.0,0.0,0.0,1.0
298552,0,1,3400,-62,62,691,6.7,11,0.53,109408.000000,0,2.1,0.0,0.0,0.0,0.0,0.0,0.0,0.0,1.0
298801,0,1,3400,-62,62,682,8.0,11,0.50,110688.000000,0,2.1,0.0,20,0.0,80,0.0,0.0,0.0,1.0
299050,0,1,3400,-62,62,686,16,11,0.90,136544.000000,0,2.1,0.0,20,0.0,0.0,0.0,0.0,0.0,1.0
299299,0,1,3400,-62,62,690,8.9,11,0.70,90432.000000,0,2.1,0.0,0.0,0.0,80,0.0,0.0,0.0,1.0
299548,0,1,3400,-62,62,674,7.9,11,0.50,87424.000000,0,2.1,0.0,0.0,0.0,0.0,0.0,0.0,0.0,1.0
299797,0,1,3400,-62,62,667,7.1,11,0.53,148768.000000,0,2.1,0.0,20,0.0,80,0.0,0.0,0.0,1.0
300046,0,1,3400,-62,62,678,8.9,11,0.57,105856.000000,0,2.1,0.0,0.0,0.0,80,0.0,0.0,0.0,1.0
300295,0,1,3400,-62,62,682,6.7,11,0.51,159040.000000,0,2.1,0.0,0.0,0.0,0.0,0.0,0.0,0.0,1.0
300544,0,1,3400,-62,62,687,16,11,0.97,109472.000000,0,2.1,0.0,0.0,0.0,0.0,0.0,0.0,0.0,1.0
300793,0,1,3400,-62,62,692,16,11,0.89,151104.000000,0,2.1,0.0,182,0.0,80,0.0,0.0,0.0,1.0
301042,0,1,3400,-62,62,695,16,11,0.77,141312.000000,0,2.1,0.0,16,0.0,50,0.0,0.0,0.0,1.0
301291,0,1,3400,-62,62,694,18,11,0.98,114304.000000,0,2.1,0.0,0.0,0.0,88,0.0,0.0,0.0,1.0
301540,0,1,3400,-62,62,694,11,11,0.50,131712.000000,0,2.1,0.0,0.0,0.0,0.0,0.0,0.0,0.0,1.0
301789,0,1,3400,-62,62,704,6.7,11,0.54,152288.000000,0,2.1,0.0,20,0.0,80,0.0,0.0,0.0,1.0
302038,0,1,3400,-62,62,697,16,11,0.74,120704.000000,0,2.1,0.0,0.0,0.0,80,0.0,0.0,0.0,1.0
302287,0,1,3400,-62,62,690,8.4,11,0.50,94688.000000,0,2.1,0.0,0.0,0.0,0.0,0.0,0.0,0.0,1.0
302536,0,1,3400,-62,62,684,3.6,11,0.50,121728.000000,0,2.1,0.0,0.0,0.0,0.0,0.0,0.0,0.0,1.0
302785,0,1,3400,-62,62,689,9.4,11,0.52,127328.000000,0,2.1,0.0,20,0.0,80,0.0,0.0,0.0,1.0
303034,0,1,3400,-62,62,690,13,11,0.53,101568.000000,0,2.1,0.0,0.0,0.0,80,0.0,0.0,0.0,1.0
303283,0,1,3400,-62,62,693,12,11,0.50,137408.000000,0,2.1,0.0,0.0,0.0,0.0,0.0,0.0,0.0,1.0
303532,0,1,3400,-62,62,687,3.0,11,0.50,131808.000000,0,2.1,0.0,0.0,0.0,0.0,0.0,0.0,0.0,1.0
303781,0,1,3400,-62,62,694,12,11,0.80,127104.000000,0,2.1,9.9,0.0,128160.000000,69,0.0,0.0,0.0,1.0
304030,0,1,3400,-62,62,694,6.3,11,0.50,132576.000000,0,2.1,16,0.0,0.0,0.0,0.0,0.0,0.0,1.0
304279,0,1,3400,-62,62,694,6.1,11,0.50,133056.000000,0,2.1,16,0.0,0.0,0.0,0.0,0.0,0.0,1.0
304528,0,1,3400,-62,62,691,5.6,11,0.50,126048.000000,0,2.1,16,0.0,0.0,0.0,0.0,0.0,0.0,1.0
304777,0,1,3400,-62,62,685,6.2,11,0.50,100928.000000,0,2.1,16,0.0,0.0,80,0.0,0.0,0.0,1.0
305026,0,1,3400,-62,62,680,6.6,11,0.50,149609.562500,0,2.1,16,0.0,0.0,0.0,0.0,0.0,0.0,1.0
305275,0,1,3400,-62,62,682,8.4,11,0.64,131008.000000,0,2.1,16,0.0,0.0,0.0,0.0,0.0,0.0,1.0
305524,0,1,3400,-62,62,685,6.4,11,0.50,118400.000000,0,2.1,16,0.0,0.0,0.0,0.0,0.0,0.0,1.0
305773,0,1,3400,-62,62,679,9.5,11,0.50,71872.000000,0,2.1,10,20,0.0,80,0.0,0.0,0.0,1.0
306022,0,1,3400,-62,62,690,10,11,0.50,98272.000000,0,2.1,5.8,0.0,0.0,80,0.0,0.0,0.0,1.0
306271,0,1,3400,-62,62,688,14,11,0.64,111648.000000,0,2.1,0.0,0.0,0.0,0.0,0.0,0.0,0.0,1.0
306520,0,1,3400,-62,62,677,13,11,0.50,111840.000000,0,2.1,0.0,0.0,0.0,0.0,0.0,0.0,0.0,1.0
306769,0,1,3400,-62,62,687,12,11,0.53,182976.000000,0,2.1,0.0,20,0.0,80,0.0,0.0,0.0,1.0
307018,0,1,3400,-62,62,692,11,11,0.58,174048.000000,0,2.1,0.0,20,0.0,0.0,0.0,0.0,0.0,1.0
307267,0,1,3400,-62,62,689,7.6,11,0.50,95360.000000,0,2.1,0.0,0.0,0.0,80,0.0,0.0,0.0,1.0
307516,0,1,3400,-62,62,680,8.0,11,0.50,129664.000000,0,2.1,0.0,0.0,0.0,0.0,0.0,0.0,0.0,1.0
307765,0,1,3400,-62,62,676,7.3,11,0.54,140320.000000,0,2.1,12,0.0,120256.000000,57,0.0,0.0,0.0,1.0
308014,0,1,3400,-62,62,685,9.3,11,0.68,103808.000000,0,2.1,16,0.0,0.0,0.0,0.0,0.0,0.0,1.0
308263,0,1,3400,-62,62,687,5.7,11,0.56,170752.000000,0,2.1,16,0.0,0.0,0.0,0.0,0.0,0.0,1.0
308512,0,1,3400,-62,62,686,8.3,11,0.68,146592.000000,0,2.1,16,0.0,0.0,0.0,0.0,0.0,0.0,1.0
308761,0,1,3400,-62,62,691,9.5,11,0.50,124640.000000,0,2.1,14,0.0,1536.000000,62,0.0,0.0,0.0,1.0
309010,0,1,3400,-62,62,686,9.5,11,0.53,117024.000000,0,2.1,15,0.0,0.0,0.0,0.0,0.0,0.0,1.0
309259,0,1,3400,-62,62,691,8.8,11,0.73,71520.000000,0,2.1,15,0.0,0.0,0.0,0.0,0.0,0.0,1.0
309508,0,1,3400,-62,62,693,4.2,11,0.50,158432.000000,0,2.1,15,0.0,0.0,0.0,0.0,0.0,0.0,1.0
309757,0,1,3400,-62,62,689,7.8,11,0.62,141920.000000,0,2.1,14,0.0,23488.000000,0,0.0,0.0,0.0,1.0
310006,0,1,3400,-62,62,694,8.3,11,0.50,111136.000000,0,2.1,14,0.0,0.0,0.0,0.0,0.0,0.0,1.0
310255,0,1,3400,-62,62,693,9.5,11,0.52,132288.000000,0,2.1,14,0.0,0.0,0.0,0.0,0.0,0.0,1.0
310504,0,1,3400,-62,62,693,14,11,0.73,105472.000000,0,2.1,14,0.0,0.0,0.0,0.0,0.0,0.0,1.0
310753,0,1,3400,-62,62,687,9.8,11,0.51,114048.000000,0,2.1,14,0.0,0.0,80,0.0,0.0,0.0,1.0
311002,0,1,3400,-62,62,685,6.0,11,0.50,146624.000000,0,2.1,14,0.0,0.0,0.0,0.0,0.0,0.0,1.0
311251,0,1,3400,-62,62,683,9.6,11,0.53,138592.000000,0,2.1,14,0.0,0.0,0.0,0.0,0.0,0.0,1.0
311500,0,1,3400,-62,62,691,7.0,11,0.52,156768.000000,0,2.1,11,0.0,0.0,80,0.0,0.0,0.0,1.0
311749,0,1,3400,-62,62,690,15,11,0.89,106048.000000,0,2.1,6.0,20,0.0,80,0.0,0.0,0.0,1.0
311998,0,1,3400,-62,62,685,8.6,11,0.63,165984.000000,0,2.1,6.0,0.0,0.0,50,0.0,0.0,0.0,1.0
312247,0,1,3400,-62,62,691,9.1,11,0.60,98912.000000,0,2.1,6.0,0.0,0.0,100.000000,0.0,0.0,0.0,1.0
312496,0,1,3400,-62,62,681,5.4,11,0.50,91008.000000,0,2.1,6.0,0.0,0.0,0.0,0.0,0.0,0.0,1.0
312745,0,1,3400,-62,62,677,11,11,0.51,125088.000000,0,2.1,6.0,20,0.0,80,0.0,0.0,0.0,1.0
312994,0,1,3400,-62,62,686,13,11,0.74,130528.000000,0,2.1,6.0,0.0,0.0,80,0.0,0.0,0.0,1.0
313243,0,1,3400,-62,62,691,7.0,11,0.50,153664.000000,0,2.1,6.0,0.0,0.0,80,0.0,0.0,0.0,1.0
313492,0,1,3400,-62,62,689,11,11,0.80,75968.000000,0,2.1,6.0,0.0,0.0,0.0,0.0,0.0,0.0,1.0
313741,0,1,3400,-62,62,698,7.8,11,0.57,122208.000000,0,2.1,6.0,20,0.0,80,0.0,0.0,0.0,1.0
313990,0,1,3400,-62,62,697,9.6,11,0.54,133536.000000,0,2.1,6.0,0.0,0.0,50,0.0,0.0,0.0,1.0
314239,0,1,3400,-62,62,691,17,11,1.0,142688.000000,0,2.1,6.0,0.0,0.0,100.000000,0.0,0.0,0.0,1.0
314488,0,1,3400,-62,62,694,7.3,11,0.53,121664.000000,0,2.1,6.0,0.0,0.0,0.0,0.0,0.0,0.0,1.0
314737,0,1,3400,-62,62,706,8.1,11,0.51,132160.000000,0,2.1,4.0,20,0.0,80,0.0,0.0,0.0,1.0
314986,0,1,3400,-62,62,703,9.0,11,0.57,77952.000000,0,2.1,0.0,20,0.0,0.0,0.0,0.0,0.0,1.0
315235,0,1,3400,-62,62,699,10,11,0.65,107744.000000,0,2.1,0.0,0.0,0.0,80,0.0,0.0,0.0,1.0
315484,0,1,3400,-62,62,695,11,11,0.60,147328.000000,0,2.1,0.0,0.0,0.0,0.0,0.0,0.0,0.0,1.0
315733,0,1,3400,-62,62,697,14,11,0.83,148480.000000,0,2.1,0.46,0.0,4384.000000,57,0.0,0.0,0.0,1.0
315982,0,1,3400,-62,62,698,5.5,11,0.50,130880.000000,0,2.1,1.5,0.0,0.0,0.0,0.0,0.0,0.0,1.0
316231,0,1,3400,-62,62,706,5.8,11,0.50,159008.000000,0,2.1,0.16,0.0,0.0,80,0.0,0.0,0.0,1.0
316480,0,1,3400,-62,62,700,7.7,11,0.54,126912.000000,0,2.1,0.0,0.0,0.0,0.0,0.0,0.0,0.0,1.0
316729,0,1,3400,-62,62,702,13,11,0.50,122688.000000,0,2.1,0.0,20,0.0,80,0.0,0.0,0.0,1.0
316978,0,1,3400,-62,62,707,9.9,11,0.53,114912.000000,0,2.1,0.0,0.0,0.0,80,0.0,0.0,0.0,1.0
317227,0,1,3400,-62,62,699,7.5,11,0.50,90144.000000,0,2.1,0.0,0.0,0.0,0.0,0.0,0.0,0.0,1.0
317476,0,1,3400,-62,62,698,16,11,0.72,100160.000000,0,2.1,0.0,0.0,0.0,0.0,0.0,0.0,0.0,1.0
317725,0,1,3400,-62,62,703,15,11,0.66,83712.000000,0,2.1,0.82,0.0,8992.000000,50,0.0,0.0,0.0,1.0
317974,0,1,3400,-62,62,695,8.0,11,0.61,163456.000000,0,2.1,0.0,0.0,0.0,0.0,0.0,0.0,0.0,1.0
318223,0,1,3400,-62,62,695,6.0,11,0.50,99840.000000,0,2.1,0.0,0.0,0.0,0.0,0.0,0.0,0.0,1.0
318472,0,1,3400,-62,62,698,10.0,11,0.51,105632.000000,0,2.1,0.0,0.0,0.0,0.0,0.0,0.0,0.0,1.0
318721,0,1,3400,-62,62,696,13,11,0.73,136064.000000,0,2.1,6.1,0.0,0.0,80,0.0,0.0,0.0,1.0
318970,0,1,3400,-62,62,694,9.5,11,0.64,108544.000000,0,2.1,7.5,0.0,0.0,0.0,0.0,0.0,0.0,1.0
319219,0,1,3400,-62,62,694,6.0,11,0.50,117664.000000,0,2.1,7.5,0.0,0.0,80,0.0,0.0,0.0,1.0
319468,0,1,3400,-62,62,691,5.2,11,0.50,86656.000000,0,2.1,7.5,0.0,0.0,0.0,0.0,0.0,0.0,1.0
319717,0,1,3400,-62,62,692,15,11,0.87,94976.000000,0,2.1,3.7,20,0.0,80,0.0,0.0,0.0,1.0
319966,0,1,3400,-62,62,698,6.1,11,0.50,107648.000000,0,2.1,0.0,0.0,0.0,80,0.0,0.0,0.0,1.0
320215,0,1,3400,-62,62,694,9.0,11,0.50,145344.000000,0,2.1,0.0,0.0,0.0,0.0,0.0,0.0,0.0,1.0
320464,0,1,3400,-62,62,688,7.0,11,0.50,147968.000000,0,2.1,0.064,0.0,0.0,0.0,0.0,0.0,0.0,1.0
320713,0,1,3400,-62,62,695,5.2,11,0.50,114368.000000,0,2.1,0.0,20,0.0,80,0.0,0.0,0.0,1.0
320962,0,1,3400,-62,62,701,3.3,11,0.54,170016.000000,0,2.1,0.0,0.0,0.0,80,0.0,0.0,0.0,1.0
321211,0,1,3400,-62,62,698,12,11,0.60,154592.000000,0,2.1,0.0,0.0,0.0,0.0,0.0,0.0,0.0,1.0
321460,0,1,3400,-62,62,700,9.7,11,0.54,104352.000000,0,2.1,0.0,0.0,0.0,0.0,0.0,0.0,0.0,1.0
321709,0,1,3400,-62,62,691,6.4,11,0.50,109024.000000,0,2.1,0.0,20,0.0,80,0.0,0.0,0.0,1.0
321958,0,1,3400,-62,62,693,12,11,0.50,167968.000000,0,2.1,0.0,0.0,0.0,50,0.0,0.0,0.0,1.0
322207,0,1,3400,-62,62,700,19,11,1.2,114112.000000,0,2.1,0.0,0.0,0.0,100.000000,0.0,0.0,0.0,1.0
322456,0,1,3400,-62,62,696,8.7,11,0.60,94400.000000,0,2.1,0.0,0.0,0.0,0.0,0.0,0.0,0.0,1.0
322705,0,1,3400,-62,62,689,8.5,11,0.53,138432.000000,0,2.1,0.0,20,0.0,80,0.0,0.0,0.0,1.0
322954,0,1,3400,-62,62,690,15,11,0.70,73952.000000,0,2.1,0.0,0.0,0.0,80,0.0,0.0,0.0,1.0
323203,0,1,3400,-62,62,690,5.3,11,0.51,99680.000000,0,2.1,0.0,0.0,0.0,0.0,0.0,0.0,0.0,1.0
323452,0,1,3400,-62,62,688,8.0,11,0.50,131840.000000,0,2.1,0.0,0.0,0.0,0.0,0.0,0.0,0.0,1.0
323701,0,1,3400,-62,62,690,15,11,0.76,116736.000000,0,2.1,0.0,20,0.0,80,0.0,0.0,0.0,1.0
323950,0,1,3400,-62,62,694,8.9,11,0.54,170240.000000,0,2.1,0.0,0.0,0.0,80,0.0,0.0,0.0,1.0
324199,0,1,3400,-62,62,691,7.3,11,0.50,113536.000000,0,2.1,0.0,0.0,0.0,0.0,0.0,0.0,0.0,1.0
324448,0,1,3400,-62,62,694,4.3,11,0.50,136288.000000,0,2.1,0.0,0.0,0.0,80,0.0,0.0,0.0,1.0
324697,0,1,3400,-62,62,692,10,11,0.61,98208.000000,0,2.1,0.064,0.0,0.0,67,0.0,0.0,0.0,1.0
324946,0,1,3400,-62,62,686,5.0,11,0.50,104896.000000,0,2.1,0.0,0.0,0.0,100.000000,0.0,0.0,0.0,1.0
325195,0,1,3400,-62,62,679,4.6,11,0.50,92320.000000,0,2.1,0.0,0.0,0.0,0.0,0.0,0.0,0.0,1.0
325444,0,1,3400,-62,62,687,5.3,11,0.50,101120.000000,0,2.1,0.0,0.0,0.0,80,0.0,0.0,0.0,1.0
325693,0,1,3400,-62,62,684,11,11,0.62,120608.000000,0,2.1,0.0,174,0.0,80,0.0,0.0,0.0,1.0
325942,0,1,3400,-62,62,689,8.8,11,0.50,130944.000000,0,2.1,0.0,8.0,0.0,80,0.0,0.0,0.0,1.0
326191,0,1,3400,-62,62,692,14,11,0.87,92160.000000,0,2.1,0.0,0.0,0.0,80,0.0,0.0,0.0,1.0
326440,0,1,3400,-62,62,690,13,11,0.63,97344.000000,0,2.1,0.0,0.0,0.0,80,0.0,0.0,0.0,1.0
326689,0,1,3400,-62,62,691,7.5,11,0.56,150336.000000,0,2.1,1.4,0.0,16928.000000,65,0.0,0.0,0.0,1.0
326938,0,1,3400,-62,62,704,16,11,0.74,161632.000000,0,2.1,15,0.0,832,89,0.0,0.0,0.0,1.0
327187,0,1,3400,-62,62,698,8.1,11,0.50,104704.000000,0,2.1,15,0.0,0.0,0.0,0.0,0.0,0.0,1.0
327436,0,1,3400,-62,62,692,9.4,11,0.50,108832.000000,0,2.1,15,0.0,0.0,0.0,0.0,0.0,0.0,1.0
327685,0,1,3400,-62,62,682,18,11,0.88,112960.000000,0,2.1,8.8,0.0,0.0,80,0.0,0.0,0.0,1.0
327934,0,1,3400,-62,62,680,15,11,0.89,134656.000000,0,2.1,7.5,0.0,0.0,0.0,0.0,0.0,0.0,1.0
328183,0,1,3400,-62,62,683,7.1,11,0.50,106816.000000,0,2.1,7.5,0.0,0.0,0.0,0.0,0.0,0.0,1.0
328432,0,1,3400,-62,62,682,6.2,11,0.50,84128.000000,0,2.1,7.5,0.0,0.0,0.0,0.0,0.0,0.0,1.0
328681,0,1,3400,-62,62,681,11,11,0.53,139328.000000,0,2.1,7.5,0.0,0.0,80,0.0,0.0,0.0,1.0
328930,0,1,3400,-62,62,681,19,11,1.1,82848.000000,0,2.1,7.5,0.0,0.0,0.0,0.0,0.0,0.0,1.0
329179,0,1,3400,-62,62,677,11,11,0.63,95232.000000,0,2.1,6.7,0.0,0.0,75,0.0,0.0,0.0,1.0
329428,0,1,3400,-62,62,684,8.3,11,0.53,149408.000000,0,2.1,0.0,0.0,0.0,83,0.0,0.0,0.0,1.0
329677,0,1,3400,-62,62,683,8.3,11,0.54,125728.000000,0,2.1,0.0,20,0.0,80,0.0,0.0,0.0,1.0
329926,0,1,3400,-62,62,682,11,11,0.67,122592.000000,0,2.1,0.064,0.0,0.0,80,0.0,0.0,0.0,1.0
330175,0,1,3400,-62,62,686,11,11,0.55,132128.000000,0,2.1,0.0,0.0,0.0,0.0,0.0,0.0,0.0,1.0
330424,0,1,3400,-62,62,692,12,11,0.68,81056.000000,0,2.1,0.0,0.0,0.0,0.0,0.0,0.0,0.0,1.0
330673,0,1,3400,-62,62,690,6.0,11,0.50,102304.000000,0,2.1,0.0,20,0.0,80,0.0,0.0,0.0,1.0
330922,0,1,3400,-62,62,687,7.9,11,0.50,113856.000000,0,2.1,0.0,0.0,0.0,80,0.0,0.0,0.0,1.0
331171,0,1,3400,-62,62,677,9.6,11,0.50,147424.000000,0,2.1,0.0,0.0,0.0,0.0,0.0,0.0,0.0,1.0
331420,0,1,3400,-62,62,687,6.2,11,0.50,140992.000000,0,2.1,0.0,0.0,0.0,0.0,0.0,0.0,0.0,1.0
331669,0,1,3400,-62,62,689,14,11,0.76,111648.000000,0,2.1,0.0,20,0.0,80,0.0,0.0,0.0,1.0
331918,0,1,3400,-62,62,692,16,11,0.84,131104.000000,0,2.1,0.0,0.0,0.0,80,0.0,0.0,0.0,1.0
332167,0,1,3400,-62,62,691,11,11,0.58,110464.000000,0,2.1,0.0,0.0,0.0,0.0,0.0,0.0,0.0,1.0
332416,0,1,3400,-62,62,688,16,11,0.89,121536.000000,0,2.1,0.0,0.0,0.0,0.0,0.0,0.0,0.0,1.0
332665,0,1,3400,-62,62,681,7.9,11,0.68,165280.000000,0,2.1,0.0,20,0.0,80,0.0,0.0,0.0,1.0
332914,0,1,3400,-62,62,684,14,11,0.83,117504.000000,0,2.1,0.0,0.0,0.0,50,0.0,0.0,0.0,1.0
333163,0,1,3400,-62,62,693,9.6,11,0.63,132992.000000,0,2.1,0.0,0.0,0.0,86,0.0,0.0,0.0,1.0
333412,0,1,3400,-62,62,697,9.3,11,0.65,115104.000000,0,2.1,0.0,0.0,0.0,100.000000,0.0,0.0,0.0,1.0
333661,0,1,3400,-62,62,693,9.4,11,0.67,86080.000000,0,2.1,0.0,174,0.0,80,0.0,0.0,0.0,1.0
333910,0,1,3400,-62,62,691,16,11,0.75,104928.000000,0,2.1,0.0,0.0,704,40,0.0,0.0,0.0,1.0
334159,0,1,3400,-62,62,697,9.0,11,0.52,92288.000000,0,2.1,0.0,0.0,0.0,100.000000,0.0,0.0,0.0,1.0
334408,0,1,3400,-62,62,697,12,11,0.63,126976.000000,0,2.1,0.0,0.0,0.0,0.0,0.0,0.0,0.0,1.0
334657,0,1,3400,-62,62,694,10.0,11,0.56,153568.000000,0,2.1,0.0,20,0.0,80,0.0,0.0,0.0,1.0
334906,0,1,3400,-62,62,690,3.0,11,0.50,166368.000000,0,2.1,0.0,0.0,0.0,80,0.0,0.0,0.0,1.0
335155,0,1,3400,-62,62,692,6.3,11,0.50,122912.000000,0,2.1,0.0,0.0,0.0,0.0,0.0,0.0,0.0,1.0
335404,0,1,3400,-62,62,696,9.6,11,0.62,140672.000000,0,2.1,0.0,0.0,0.0,0.0,0.0,0.0,0.0,1.0
335653,0,1,3400,-62,62,699,7.5,11,0.54,141504.000000,0,2.1,0.0,20,0.0,80,0.0,0.0,0.0,1.0
335902,0,1,3400,-62,62,693,8.0,11,0.53,116704.000000,0,2.1,0.0,0.0,0.0,80,0.0,0.0,0.0,1.0
336151,0,1,3400,-62,62,702,14,11,0.76,116928.000000,0,2.1,0.0,0.0,0.0,0.0,0.0,0.0,0.0,1.0
336400,0,1,3400,-62,62,697,4.1,11,0.50,114304.000000,0,2.1,0.0,0.0,0.0,80,0.0,0.0,0.0,1.0
336649,0,1,3400,-62,62,689,5.7,11,0.50,154048.000000,0,2.1,0.0,20,0.0,80,0.0,0.0,0.0,1.0
336898,0,1,3400,-62,62,694,6.1,11,0.50,145248.000000,0,2.1,0.0,0.0,0.0,80,0.0,0.0,0.0,1.0
337147,0,1,3400,-62,62,694,7.2,11,0.50,117152.000000,0,2.1,0.0,0.0,0.0,80,0.0,0.0,0.0,1.0
337396,0,1,3400,-62,62,695,5.8,11,0.50,85792.000000,0,2.1,0.0,0.0,0.0,0.0,0.0,0.0,0.0,1.0
337645,0,1,3400,-62,62,689,5.3,11,0.50,114112.000000,0,2.1,0.0,20,0.0,80,0.0,0.0,0.0,1.0
337894,0,1,3400,-62,62,693,7.7,11,0.50,143264.000000,0,2.1,0.0,0.0,0.0,80,0.0,0.0,0.0,1.0
338143,0,1,3400,-62,62,690,5.2,11,0.50,98048.000000,0,2.1,0.0,0.0,0.0,0.0,0.0,0.0,0.0,1.0
338392,0,1,3400,-62,62,699,5.8,11,0.55,159264.000000,0,2.1,0.0,0.0,0.0,80,0.0,0.0,0.0,1.0
338641,0,1,3400,-62,62,693,10,11,0.50,93024.000000,0,2.1,0.0,20,0.0,80,0.0,0.0,0.0,1.0
338890,0,1,3400,-62,62,696,11,11,0.59,158496.000000,0,2.1,0.0,0.0,0.0,80,0.0,0.0,0.0,1.0
339139,0,1,3400,-62,62,702,9.0,11,0.55,102560.000000,0,2.1,0.0,0.0,0.0,0.0,0.0,0.0,0.0,1.0
339388,0,1,3400,-62,62,693,20,11,0.95,145728.000000,0,2.1,0.0,0.0,0.0,0.0,0.0,0.0,0.0,1.0
339637,0,1,3400,-62,62,693,8.7,11,0.50,110464.000000,0,2.1,8.4,0.0,6720.000000,50,0.0,0.0,0.0,1.0
339886,0,1,3400,-62,62,683,8.5,11,0.50,55968.000000,0,2.1,14,0.0,0.0,0.0,0.0,0.0,0.0,1.0
340135,0,1,3400,-62,62,693,10,11,0.58,74912.000000,0,2.1,14,0.0,0.0,0.0,0.0,0.0,0.0,1.0
340384,0,1,3400,-62,62,689,17,11,0.98,109824.000000,0,2.1,14,0.0,0.0,0.0,0.0,0.0,0.0,1.0
340633,0,1,3400,-62,62,684,12,11,0.66,119104.000000,0,2.1,15,0.0,109216.000000,65,0.0,0.0,0.0,1.0
340882,0,1,3400,-62,62,689,6.5,11,0.51,132576.000000,0,2.1,16,0.0,0.0,0.0,0.0,0.0,0.0,1.0
341131,0,1,3400,-62,62,690,10,11,0.63,71488.000000,0,2.1,16,0.0,0.0,0.0,0.0,0.0,0.0,1.0
341380,0,1,3400,-62,62,684,8.5,11,0.61,134976.000000,0,2.1,15,0.0,0.0,80,0.0,0.0,0.0,1.0
341629,0,1,3400,-62,62,683,7.0,11,0.51,125472.000000,0,2.1,8.0,20,0.0,80,0.0,0.0,0.0,1.0
341878,0,1,3400,-62,62,688,8.7,11,0.58,82560.000000,0,2.1,8.0,0.0,0.0,50,0.0,0.0,0.0,1.0
342127,0,1,3400,-62,62,686,9.9,11,0.61,126048.000000,0,2.1,8.0,0.0,0.0,100.000000,0.0,0.0,0.0,1.0
342376,0,1,3400,-62,62,683,9.3,11,0.64,120992.000000,0,2.1,8.0,0.0,0.0,0.0,0.0,0.0,0.0,1.0
342625,0,1,3400,-62,62,676,11,11,0.50,97888.000000,0,2.1,8.0,182,0.0,80,0.0,0.0,0.0,1.0
342874,0,1,3400,-62,62,685,6.6,11,0.50,156608.000000,0,2.1,8.0,16,0.0,50,0.0,0.0,0.0,1.0
343123,0,1,3400,-62,62,691,15,11,0.73,173184.000000,0,2.1,8.0,16,0.0,100.000000,0.0,0.0,0.0,1.0
343372,0,1,3400,-62,62,685,12,11,0.69,141984.000000,0,2.1,8.0,0.0,0.0,80,0.0,0.0,0.0,1.0
343621,0,1,3400,-62,62,681,15,11,0.72,117664.000000,0,2.1,8.0,20,0.0,80,0.0,0.0,0.0,1.0
343870,0,1,3400,-62,62,686,8.7,11,0.50,121152.000000,0,2.1,8.0,0.0,0.0,80,0.0,0.0,0.0,1.0
344119,0,1,3400,-62,62,687,7.3,11,0.50,111936.000000,0,2.1,8.0,0.0,0.0,80,0.0,0.0,0.0,1.0
344368,0,1,3400,-62,62,690,9.5,11,0.55,131936.000000,0,2.1,8.0,0.0,0.0,0.0,0.0,0.0,0.0,1.0
344617,0,1,3400,-62,62,682,9.2,11,0.51,103744.000000,0,2.1,1.5,20,0.0,80,0.0,0.0,0.0,1.0
344866,0,1,3400,-62,62,684,5.9,11,0.50,167648.000000,0,2.1,0.0,0.0,0.0,80,0.0,0.0,0.0,1.0
345115,0,1,3400,-62,62,693,7.1,11,0.53,114016.000000,0,2.1,0.0,0.0,0.0,0.0,0.0,0.0,0.0,1.0
345364,0,1,3400,-62,62,691,11,11,0.61,135168.000000,0,2.1,0.0,0.0,0.0,0.0,0.0,0.0,0.0,1.0
345613,0,1,3400,-62,62,690,11,11,0.70,86368.000000,0,2.1,1.6,0.0,95200.000000,62,0.0,0.0,0.0,1.0
345862,0,1,3400,-62,62,678,6.7,11,0.55,93600.000000,0,2.1,0.0,0.0,0.0,0.0,0.0,0.0,0.0,1.0
346111,0,1,3400,-62,62,677,5.9,11,0.50,113760.000000,0,2.1,0.0,0.0,0.0,0.0,0.0,0.0,0.0,1.0
346360,0,1,3400,-62,62,674,9.1,11,0.57,80032.125000,0,2.1,0.0,0.0,0.0,0.0,0.0,0.0,0.0,1.0
346609,0,1,3400,-62,62,676,4.3,11,0.50,144988.046875,0,2.1,3.7,0.0,0.0,80,0.0,0.0,0.0,1.0
346858,0,1,3400,-62,62,683,14,11,0.84,140736.000000,0,2.1,7.5,0.0,0.0,0.0,0.0,0.0,0.0,1.0
347107,0,1,3400,-62,62,676,15,11,0.67,110464.000000,0,2.1,7.5,0.0,0.0,0.0,0.0,0.0,0.0,1.0
347356,0,1,3400,-62,62,683,5.6,11,0.52,128448.000000,0,2.1,7.5,0.0,0.0,0.0,0.0,0.0,0.0,1.0
347605,0,1,3400,-62,62,681,11,11,0.71,168224.000000,0,2.1,4.1,0.0,18368.000000,62,0.0,0.0,0.0,1.0
347854,0,1,3400,-62,62,679,6.7,11,0.51,100032.000000,0,2.1,0.0,0.0,0.0,0.0,0.0,0.0,0.0,1.0
348103,0,1,3400,-62,62,674,12,11,0.59,89856.000000,0,2.1,0.0,0.0,0.0,0.0,0.0,0.0,0.0,1.0
348352,0,1,3400,-62,62,681,8.4,11,0.50,110912.000000,0,2.1,0.0,0.0,0.0,0.0,0.0,0.0,0.0,1.0
348601,0,1,3400,-62,62,688,8.7,11,0.53,123008.000000,0,2.1,0.0,20,0.0,80,0.0,0.0,0.0,1.0
348850,0,1,3400,-62,62,692,12,11,0.50,48384.000000,0,2.1,0.0,0.0,0.0,50,0.0,0.0,0.0,1.0
349099,0,1,3400,-62,62,686,10,11,0.58,114048.000000,0,2.1,0.0,0.0,0.0,100.000000,0.0,0.0,0.0,1.0
349348,0,1,3400,-62,62,692,11,11,0.56,112960.000000,0,2.1,0.0,0.0,0.0,0.0,0.0,0.0,0.0,1.0
349597,0,1,3400,-62,62,691,7.8,11,0.50,156448.000000,0,2.1,0.0,20,0.0,80,0.0,0.0,0.0,1.0
349846,0,1,3400,-62,62,690,13,11,0.56,111552.000000,0,2.1,0.0,0.0,0.0,80,0.0,0.0,0.0,1.0
350095,0,1,3400,-62,62,680,15,11,0.65,94592.000000,0,2.1,0.0,0.0,0.0,0.0,0.0,0.0,0.0,1.0
350344,0,1,3400,-62,62,685,10,11,0.53,107328.000000,0,2.1,0.0,0.0,0.0,0.0,0.0,0.0,0.0,1.0
350593,0,1,3400,-62,62,683,6.5,11,0.50,93184.000000,0,2.1,0.0,20,0.0,80,0.0,0.0,0.0,1.0
350842,0,1,3400,-62,62,693,5.8,11,0.50,140768.000000,0,2.1,0.0,0.0,0.0,80,0.0,0.0,0.0,1.0
351091,0,1,3400,-62,62,699,14,11,0.69,120352.000000,0,2.1,0.0,0.0,0.0,0.0,0.0,0.0,0.0,1.0
351340,0,1,3400,-62,62,699,6.8,11,0.52,120032.000000,0,2.1,0.0,0.0,0.0,0.0,0.0,0.0,0.0,1.0
351589,0,1,3400,-62,62,692,14,11,0.80,85376.000000,0,2.1,0.0,20,0.0,80,0.0,0.0,0.0,1.0
351838,0,1,3400,-62,62,691,7.2,11,0.50,125184.000000,0,2.1,0.0,0.0,0.0,50,0.0,0.0,0.0,1.0
352087,0,1,3400,-62,62,690,6.6,11,0.50,127680.000000,0,2.1,0.0,0.0,0.0,100.000000,0.0,0.0,0.0,1.0
352336,0,1,3400,-62,62,688,5.4,11,0.50,126816.000000,0,2.1,0.0,0.0,0.0,0.0,0.0,0.0,0.0,1.0
352585,0,1,3400,-62,62,691,6.2,11,0.50,156224.000000,0,2.1,0.0,20,0.0,80,0.0,0.0,0.0,1.0
352834,0,1,3400,-62,62,691,8.8,11,0.67,116608.000000,0,2.1,0.063,0.0,0.0,80,0.0,1.0,0.0,1.0
353083,0,1,3400,-62,62,686,6.0,11,0.50,163392.000000,0,2.1,0.0,0.0,0.0,80,0.0,0.0,0.0,1.0
353332,0,1,3400,-62,62,689,7.6,11,0.55,188672.000000,0,2.1,0.0,0.0,0.0,0.0,0.0,0.0,0.0,1.0
353581,0,1,3400,-62,62,693,12,11,0.67,112032.000000,0,2.1,0.0,20,0.0,80,0.0,0.0,0.0,1.0
353830,0,1,3400,-62,62,693,17,11,0.94,107008.000000,0,2.1,0.0,20,0.0,0.0,0.0,0.0,0.0,1.0
354079,0,1,3400,-62,62,687,14,11,0.58,106080.000000,0,2.1,0.0,0.0,0.0,80,0.0,0.0,0.0,1.0
354328,0,1,3400,-62,62,683,11,11,0.65,98912.000000,0,2.1,0.0,0.0,0.0,0.0,0.0,0.0,0.0,1.0
354577,0,1,3400,-62,62,682,6.1,11,0.50,163296.000000,0,2.1,0.0,0.0,0.0,80,0.0,0.0,0.0,1.0
354826,0,1,3400,-62,62,684,7.6,11,0.50,97344.000000,0,2.1,0.0,0.0,0.0,0.0,0.0,0.0,0.0,1.0
355075,0,1,3400,-62,62,683,8.0,11,0.50,146496.000000,0,2.1,0.0,0.0,0.0,80,0.0,0.0,0.0,1.0
355324,0,1,3400,-62,62,686,18,11,0.99,157248.000000,0,2.1,0.0,0.0,0.0,0.0,0.0,0.0,0.0,1.0
355573,0,1,3400,-62,62,695,5.1,11,0.50,100896.000000,0,2.1,0.0,20,0.0,80,0.0,0.0,0.0,1.0
355822,0,1,3400,-62,62,697,8.2,11,0.50,137664.000000,0,2.1,0.0,20,0.0,0.0,0.0,0.0,0.0,1.0
356071,0,1,3400,-62,62,683,12,11,0.62,145216.000000,0,2.1,0.0,0.0,0.0,80,0.0,0.0,0.0,1.0
356320,0,1,3400,-62,62,677,13,11,0.76,125536.000000,0,2.1,0.0,0.0,0.0,0.0,0.0,0.0,0.0,1.0
356569,0,1,3400,-62,62,679,11,11,0.50,152960.000000,0,2.1,0.0,20,0.0,80,0.0,0.0,0.0,1.0
356818,0,1,3400,-62,62,685,13,11,0.50,122944.000000,0,2.1,0.0,0.0,0.0,80,0.0,0.0,0.0,1.0
357067,0,1,3400,-62,62,684,9.4,11,0.50,142688.000000,0,2.1,0.0,0.0,0.0,0.0,0.0,0.0,0.0,1.0
357316,0,1,3400,-62,62,683,8.4,11,0.53,120992.000000,0,2.1,0.0,0.0,0.0,0.0,0.0,0.0,0.0,1.0
357565,0,1,3400,-62,62,689,8.3,11,0.58,112832.000000,0,2.1,0.0,20,0.0,80,0.0,0.0,0.0,1.0
357814,0,1,3400,-62,62,690,5.6,11,0.50,121280.000000,0,2.1,0.0,0.0,0.0,80,0.0,0.0,0.0,1.0
358063,0,1,3400,-62,62,686,5.8,11,0.50,130048.000000,0,2.1,0.0,0.0,0.0,0.0,0.0,0.0,0.0,1.0
358312,0,1,3400,-62,62,682,10,11,0.58,125280.000000,0,2.1,0.0,0.0,0.0,0.0,0.0,0.0,0.0,1.0
358561,0,1,3400,-62,62,686,8.2,11,0.53,124864.000000,0,2.1,7.7,0.0,4800.000000,62,0.0,0.0,0.0,1.0
358810,0,1,3400,-62,62,698,6.7,11,0.60,138688.000000,0,2.1,19,0.0,0.0,80,0.0,0.0,0.0,1.0
359059,0,1,3400,-62,62,690,8.9,11,0.50,131712.000000,0,2.1,22,0.0,0.0,0.0,0.0,0.0,0.0,1.0
359308,0,1,3400,-62,62,682,17,11,0.81,88672.000000,0,2.1,22,0.0,0.0,0.0,0.0,0.0,0.0,1.0
359557,0,1,3400,-62,62,682,11,11,0.58,102432.000000,0,2.1,15,20,0.0,80,0.0,0.0,0.0,1.0
359806,0,1,3400,-62,62,677,12,11,0.50,144064.000000,0,2.1,7.5,0.0,0.0,50,0.0,0.0,0.0,1.0
360055,0,1,3400,-62,62,684,11,11,0.54,150304.000000,0,2.1,7.5,0.0,0.0,100.000000,0.0,0.0,0.0,1.0
360304,0,1,3400,-62,62,683,9.7,11,0.58,81824.000000,0,2.1,7.5,0.0,0.0,0.0,0.0,0.0,0.0,1.0
360553,0,1,3400,-62,62,685,14,11,0.82,103104.000000,0,2.1,7.6,20,0.0,80,0.0,0.0,0.0,1.0
360802,0,1,3400,-62,62,691,13,11,0.63,106464.000000,0,2.1,4.7,0.0,0.0,80,0.0,0.0,0.0,1.0
361051,0,1,3400,-62,62,684,13,11,0.59,84736.000000,0,2.1,0.0,0.0,0.0,0.0,0.0,0.0,0.0,1.0
361300,0,1,3400,-62,62,686,13,11,0.50,70361.445312,0,2.1,0.0,0.0,0.0,0.0,0.0,0.0,0.0,1.0
361549,0,1,3400,-62,62,681,6.3,11,0.50,121115.539062,0,2.1,0.0,20,0.0,80,0.0,0.0,0.0,1.0
361798,0,1,3400,-62,62,684,6.0,11,0.50,133312.000000,0,2.1,0.0,0.0,0.0,80,0.0,0.0,0.0,1.0
362047,0,1,3400,-62,62,683,6.4,11,0.50,116480.000000,0,2.1,0.0,0.0,0.0,0.0,0.0,0.0,0.0,1.0
362296,0,1,3400,-62,62,682,3.2,11,0.50,140160.000000,0,2.1,0.0,0.0,0.0,0.0,0.0,0.0,0.0,1.0
362545,0,1,3400,-62,62,687,7.1,11,0.51,141354.578125,0,2.1,0.064,20,0.0,80,0.0,0.0,0.0,1.0
362794,0,1,3400,-62,62,685,6.3,11,0.51,88672.000000,0,2.1,0.0,0.0,0.0,80,0.0,0.0,0.0,1.0
363043,0,1,3400,-62,62,683,13,11,1.1,109888.000000,1,2.1,0.0,0.0,0.0,0.0,0.0,0.0,0.0,1.0
363292,0,1,3400,-62,62,684,15,11,0.78,133408.000000,0,2.1,0.064,0.0,0.0,0.0,0.0,0.0,0.0,1.0
363541,0,1,3400,-62,62,678,8.5,11,0.50,128064.000000,0,2.1,0.0,186,224,0,0.0,0.0,0.0,1.0
363790,0,1,3400,-62,62,680,10,11,0.50,156896.000000,0,2.1,0.0,20,0.0,80,0.0,0.0,0.0,1.0
364039,0,1,3400,-62,62,689,11,11,0.52,119584.000000,0,2.1,0.0,20,0.0,0.0,0.0,0.0,0.0,1.0
364288,0,1,3400,-62,62,686,7.6,11,0.61,92640.000000,0,2.1,0.0,0.0,0.0,80,0.0,0.0,0.0,1.0
364537,0,1,3400,-62,62,691,13,11,0.60,71040.000000,0,2.1,2.5,0.0,7904.000000,67,0.0,0.0,0.0,1.0
364786,0,1,3400,-62,62,688,6.2,11,0.50,148128.000000,0,2.1,7.0,0.0,0.0,80,0.0,0.0,0.0,1.0
365035,0,1,3400,-62,62,686,9.4,11,0.50,105632.000000,0,2.1,7.0,0.0,0.0,0.0,0.0,0.0,0.0,1.0
365284,0,1,3400,-62,62,689,9.1,11,0.50,106688.000000,0,2.1,7.0,0.0,0.0,0.0,0.0,0.0,0.0,1.0
365533,0,1,3400,-62,62,702,7.9,11,0.50,134368.000000,0,2.1,7.0,108,0.0,80,0.0,0.0,0.0,1.0
365782,0,1,3400,-62,62,694,13,11,0.67,87104.000000,0,2.1,7.0,108,0.0,0.0,0.0,0.0,0.0,1.0
366031,0,1,3400,-62,62,692,8.3,11,0.94,111488.000000,0.9,2.1,7.0,0.0,0.0,80,0.0,0.0,0.0,1.0
366280,0,1,3400,-62,62,687,13,11,0.70,133312.000000,0,2.1,7.0,0.0,0.0,0.0,0.0,0.0,0.0,1.0
366529,0,1,3400,-62,62,684,9.5,11,0.50,78688.000000,0,2.1,7.0,0.0,0.0,80,0.0,0.0,0.0,1.0
366778,0,1,3400,-62,62,691,4.2,11,0.50,114624.000000,0,2.1,7.0,0.0,0.0,0.0,0.0,0.0,0.0,1.0
367027,0,1,3400,-62,62,698,8.9,11,0.67,165984.000000,0,2.1,7.0,0.0,0.0,0.0,0.0,0.0,0.0,1.0
367276,0,1,3400,-62,62,685,5.5,11,0.51,121504.000000,0,2.1,7.0,0.0,0.0,0.0,0.0,0.0,0.0,1.0
367525,0,1,3400,-62,62,685,8.7,11,0.50,105632.000000,0,2.1,7.0,186,224,0,0.0,0.0,0.0,1.0
367774,0,1,3400,-62,62,686,6.1,11,0.50,129088.000000,0,2.1,7.0,20,0.0,80,0.0,0.0,0.0,1.0
368023,0,1,3400,-62,62,688,11,11,0.65,130368.000000,0,2.1,7.0,20,0.0,0.0,0.0,0.0,0.0,1.0
368272,0,1,3400,-62,62,693,12,11,0.63,88224.000000,0,2.1,7.0,0.0,0.0,80,0.0,0.0,0.0,1.0
368521,0,1,3400,-62,62,691,13,11,0.54,111776.000000,0,2.1,7.0,20,0.0,80,0.0,0.0,0.0,1.0
368770,0,1,3400,-62,62,692,13,11,0.58,95008.000000,0,2.1,7.0,0.0,0.0,80,0.0,0.0,0.0,1.0
369019,0,1,3400,-62,62,688,6.1,11,0.50,120924.304688,0,2.1,7.0,0.0,0.0,0.0,0.0,0.0,0.0,1.0
369268,0,1,3400,-62,62,681,13,11,0.50,123104.000000,0,2.1,7.0,0.0,0.0,0.0,0.0,0.0,0.0,1.0
369517,0,1,3400,-62,62,679,11,11,0.52,110784.000000,0,2.1,7.0,20,0.0,80,0.0,0.0,0.0,1.0
369766,0,1,3400,-62,62,686,9.7,11,0.61,108096.000000,0,2.1,4.3,0.0,0.0,80,0.0,0.0,0.0,1.0
370015,0,1,3400,-62,62,687,10.0,11,0.66,109440.000000,0,2.1,0.0,0.0,0.0,0.0,0.0,0.0,0.0,1.0
370264,0,1,3400,-62,62,681,5.8,11,0.50,157568.000000,0,2.1,0.0,0.0,0.0,0.0,0.0,0.0,0.0,1.0
370513,0,1,3400,-62,62,691,6.8,11,0.51,106112.000000,0,2.1,0.0,20,0.0,80,0.0,0.0,0.0,1.0
370762,0,1,3400,-62,62,695,6.1,11,0.50,120832.000000,0,2.1,0.064,0.0,0.0,50,0.0,0.0,0.0,1.0
371011,0,1,3400,-62,62,700,6.7,11,0.50,135104.000000,0,2.1,0.0,0.0,0.0,100.000000,0.0,0.0,0.0,1.0
371260,0,1,3400,-62,62,699,6.1,11,0.50,170432.000000,0,2.1,0.0,0.0,0.0,80,0.0,0.0,0.0,1.0
371509,0,1,3400,-62,62,687,6.9,11,0.51,128736.000000,0,2.1,0.0,20,0.0,80,0.0,0.0,0.0,1.0
371758,0,1,3400,-62,62,677,6.4,11,0.52,131072.000000,0,2.1,0.0,0.0,0.0,80,0.0,0.0,0.0,1.0
372007,0,1,3400,-62,62,670,6.8,11,0.50,156416.000000,0,2.1,0.0,0.0,0.0,0.0,0.0,0.0,0.0,1.0
372256,0,1,3400,-62,62,675,13,11,0.73,98400.000000,0,2.1,0.0,0.0,0.0,0.0,0.0,0.0,0.0,1.0
372505,0,1,3400,-62,62,674,15,11,0.84,131232.000000,0,2.1,0.0,20,0.0,80,0.0,0.0,0.0,1.0
372754,0,1,3400,-62,62,677,10,11,0.63,152160.000000,0,2.1,0.0,0.0,0.0,50,0.0,0.0,0.0,1.0
373003,0,1,3400,-62,62,681,3.1,11,0.50,110144.000000,0,2.1,0.0,0.0,0.0,88,0.0,0.0,0.0,1.0
373252,0,1,3400,-62,62,682,5.7,11,0.50,99072.000000,0,2.1,0.0,0.0,0.0,0.0,0.0,0.0,0.0,1.0
373501,0,1,3400,-62,62,687,6.2,11,0.50,159712.000000,0,2.1,0.0,20,0.0,80,0.0,0.0,0.0,1.0
373750,0,1,3400,-62,62,696,17,11,0.91,170848.000000,0,2.1,0.24,0.0,5664.000000,67,0.0,0.0,0.0,1.0
373999,0,1,3400,-62,62,696,14,11,0.83,135936.000000,0,2.1,0.50,0.0,0.0,0.0,0.0,0.0,0.0,1.0
374248,0,1,3400,-62,62,689,7.0,11,0.54,115392.000000,0,2.1,0.50,0.0,0.0,0.0,0.0,0.0,0.0,1.0
374497,0,1,3400,-62,62,688,6.6,11,0.50,144128.000000,0,2.1,0.50,0.0,0.0,80,0.0,0.0,0.0,1.0
374746,0,1,3400,-62,62,691,9.2,11,0.50,138400.000000,0,2.1,0.50,0.0,0.0,0.0,0.0,0.0,0.0,1.0
374995,0,1,3400,-62,62,689,10,11,0.50,127392.000000,0,2.1,0.50,0.0,0.0,80,0.0,0.0,0.0,1.0
375244,0,1,3400,-62,62,694,17,11,1.1,115360.000000,0,2.1,0.50,0.0,0.0,0.0,0.0,0.0,0.0,1.0
375493,0,1,3400,-62,62,697,9.1,11,0.55,128064.000000,0,2.1,0.50,20,0.0,80,0.0,0.0,0.0,1.0
375742,0,1,3400,-62,62,692,12,11,0.60,117248.000000,0,2.1,0.50,0.0,0.0,80,0.0,0.0,0.0,1.0
375991,0,1,3400,-62,62,690,9.0,11,0.54,90464.000000,0,2.1,0.50,0.0,0.0,80,0.0,0.0,0.0,1.0
376240,0,1,3400,-62,62,694,5.7,11,0.50,128608.000000,0,2.1,0.50,0.0,0.0,0.0,0.0,0.0,0.0,1.0
376489,0,1,3400,-62,62,699,8.6,11,0.50,129248.000000,0,2.1,0.50,20,0.0,80,0.0,0.0,0.0,1.0
376738,0,1,3400,-62,62,696,13,11,0.82,154432.000000,0,2.1,0.39,0.0,0.0,80,0.0,0.0,0.0,1.0
376987,0,1,3400,-62,62,690,7.3,11,0.50,115552.000000,0,2.1,0.0,0.0,0.0,0.0,0.0,0.0,0.0,1.0
377236,0,1,3400,-62,62,694,10,11,0.50,135808.000000,0,2.1,0.0,0.0,0.0,80,0.0,0.0,0.0,1.0
377485,0,1,3400,-62,62,694,13,11,0.53,106752.000000,0,2.1,0.0,20,0.0,80,0.0,0.0,0.0,1.0
377734,0,1,3400,-62,62,695,7.1,11,0.52,130176.000000,1,2.1,0.0,0.0,0.0,50,0.0,0.0,0.0,1.0
377983,0,1,3400,-62,62,697,5.6,11,0.50,91584.000000,0,2.1,6.3,0.0,19872.000000,71,0.0,0.0,0.0,1.0
378232,0,1,3400,-62,62,695,6.5,11,0.57,131008.000000,0,2.1,11,0.0,23968.000000,33,0.0,0.0,0.0,1.0
378481,0,1,3400,-62,62,689,5.1,11,0.50,130176.000000,0,2.1,11,20,0.0,80,0.0,0.0,0.0,1.0
378730,0,1,3400,-62,62,699,7.2,11,0.50,149824.000000,0,2.1,6.5,0.0,0.0,80,0.0,0.0,0.0,1.0
378979,0,1,3400,-62,62,698,5.9,11,0.50,112544.000000,0,2.1,2.7,0.0,0.0,80,0.0,0.0,0.0,1.0
379228,0,1,3400,-62,62,688,7.7,11,0.50,87488.000000,0,2.1,0.0,0.0,0.0,0.0,0.0,0.0,0.0,1.0
379477,0,1,3400,-62,62,693,7.8,11,0.50,85952.000000,0,2.1,0.0,20,0.0,80,0.0,0.0,0.0,1.0
379726,0,1,3400,-62,62,690,9.1,11,0.56,105216.000000,0,2.1,0.0,0.0,0.0,80,0.0,0.0,0.0,1.0
379975,0,1,3400,-62,62,688,7.2,11,0.59,97312.000000,0,2.1,0.0,0.0,0.0,0.0,0.0,0.0,0.0,1.0
380224,0,1,3400,-62,62,688,16,11,0.87,122016.000000,0,2.1,0.0,0.0,0.0,0.0,0.0,0.0,0.0,1.0
380473,0,1,3400,-62,62,687,12,11,0.62,134400.000000,0,2.1,0.0,20,0.0,80,0.0,0.0,0.0,1.0
380722,0,1,3400,-62,62,693,8.2,11,0.57,116960.000000,0,2.1,0.0,0.0,0.0,80,0.0,0.0,0.0,1.0
380971,0,1,3400,-62,62,692,5.0,11,0.50,125984.000000,0,2.1,0.0,0.0,0.0,75,0.0,0.0,0.0,1.0
381220,0,1,3400,-62,62,688,7.1,11,0.54,94624.000000,0,2.1,0.0,0.0,0.0,100.000000,0.0,0.0,0.0,1.0
381469,0,1,3400,-62,62,679,18,11,0.89,115040.000000,0,2.1,0.0,20,0.0,80,0.0,0.0,0.0,1.0
381718,0,1,3400,-62,62,692,15,11,0.70,102688.000000,0,2.1,0.0,0.0,0.0,50,0.0,0.0,0.0,1.0
381967,0,1,3400,-62,62,696,14,11,0.82,127136.000000,0,2.1,0.0,0.0,0.0,100.000000,0.0,0.0,0.0,1.0
382216,0,1,3400,-62,62,685,5.9,11,0.54,143552.000000,0,2.1,0.0,0.0,0.0,80,0.0,0.0,0.0,1.0
382465,0,1,3400,-62,62,696,11,11,0.54,142784.000000,0,2.1,9.6,0.0,131264.000000,62,0.0,0.0,0.0,1.0
382714,0,1,3400,-62,62,703,10,11,0.50,130784.000000,0,2.1,8.0,0.0,0.0,100.000000,0.0,0.0,0.0,1.0
382963,0,1,3400,-62,62,689,9.2,11,0.62,87552.000000,0,2.1,8.0,0.0,0.0,0.0,0.0,0.0,0.0,1.0
383212,0,1,3400,-62,62,689,13,11,0.67,121728.000000,0,2.1,8.0,0.0,0.0,0.0,0.0,0.0,0.0,1.0
383461,0,1,3400,-62,62,686,9.1,11,0.62,98368.000000,0,2.1,8.0,20,0.0,80,0.0,0.0,0.0,1.0
383710,0,1,3400,-62,62,678,10,11,0.55,103296.000000,0,2.1,7.6,0.0,0.0,50,0.0,0.0,0.0,1.0
383959,0,1,3400,-62,62,679,8.6,11,0.62,138496.000000,0,2.1,0.0,0.0,0.0,100.000000,0.0,0.0,0.0,1.0
384208,0,1,3400,-62,62,680,6.4,11,0.60,130528.000000,0,2.1,0.0,0.0,0.0,0.0,0.0,0.0,0.0,1.0
384457,0,1,3400,-62,62,683,8.1,11,0.53,156288.000000,0.8,2.1,3.6,0.0,11872.000000,50,0.0,0.0,0.0,1.0
384706,0,1,3400,-62,62,677,13,11,0.92,85664.000000,0,2.1,7.5,0.0,0.0,0.0,0.0,0.0,0.0,1.0
384955,0,1,3400,-62,62,684,11,11,0.50,134368.000000,0,2.1,7.5,0.0,0.0,0.0,0.0,0.0,0.0,1.0
385204,0,1,3400,-62,62,683,5.7,11,0.50,141184.000000,0,2.1,0.42,0.0,0.0,80,0.0,0.0,0.0,1.0
385453,0,1,3400,-62,62,679,8.2,11,0.54,113952.000000,0,2.1,2.6,0.0,11872.000000,50,0.0,0.0,0.0,1.0
385702,0,1,3400,-62,62,686,11,11,0.50,124992.000000,0,2.1,6.0,0.0,0.0,0.0,0.0,0.0,0.0,1.0
385951,0,1,3400,-62,62,689,11,11,0.50,92256.000000,0,2.1,6.0,0.0,0.0,0.0,0.0,0.0,0.0,1.0
386200,0,1,3400,-62,62,681,8.9,11,0.50,126112.000000,0,2.1,6.0,0.0,0.0,0.0,0.0,0.0,0.0,1.0
386449,0,1,3400,-62,62,683,9.0,11,0.51,143488.000000,0,2.1,6.0,20,0.0,80,0.0,0.0,0.0,1.0
386698,0,1,3400,-62,62,683,10,11,0.50,87808.000000,0,2.1,3.7,0.0,0.0,80,0.0,0.0,0.0,1.0
386947,0,1,3400,-62,62,694,9.0,11,0.50,142880.000000,0,2.1,0.0,0.0,0.0,0.0,0.0,0.0,0.0,1.0
387196,0,1,3400,-62,62,698,9.7,11,0.61,110656.000000,0,2.1,0.0,0.0,0.0,0.0,0.0,0.0,0.0,1.0
387445,0,1,3400,-62,62,688,16,11,0.90,108608.000000,0,2.1,0.0,20,0.0,80,0.0,0.0,0.0,1.0
387694,0,1,3400,-62,62,686,8.9,11,0.50,143808.000000,0,2.1,0.0,0.0,0.0,50,0.0,0.0,0.0,1.0
387943,0,1,3400,-62,62,687,6.5,11,0.50,104352.000000,0,2.1,0.0,0.0,0.0,86,0.0,0.0,0.0,1.0
388192,0,1,3400,-62,62,687,7.9,11,0.59,140000.000000,0,2.1,0.0,0.0,0.0,100.000000,0.0,0.0,0.0,1.0
388441,0,1,3400,-62,62,692,5.2,11,0.50,145184.000000,0,2.1,0.0,20,0.0,80,0.0,0.0,0.0,1.0
388690,0,1,3400,-62,62,695,10,11,0.66,152832.000000,0,2.1,0.0,0.0,0.0,50,0.0,0.0,0.0,1.0
388939,0,1,3400,-62,62,697,14,11,0.54,101504.000000,0,2.1,0.064,0.0,0.0,100.000000,0.0,0.0,0.0,1.0
389188,0,1,3400,-62,62,690,9.4,11,0.50,141056.000000,0,2.1,0.0,0.0,0.0,0.0,0.0,0.0,0.0,1.0
389437,0,1,3400,-62,62,695,8.3,11,0.55,153920.000000,0,2.1,0.0,20,0.0,80,0.0,0.0,0.0,1.0
389686,0,1,3400,-62,62,683,11,11,0.58,75648.000000,0,2.1,0.0,0.0,0.0,50,0.0,0.0,0.0,1.0
389935,0,1,3400,-62,62,674,6.3,11,0.50,118560.000000,0,2.1,0.0,0.0,0.0,100.000000,0.0,0.0,0.0,1.0
390184,0,1,3400,-62,62,683,10,11,0.61,119392.000000,0,2.1,0.0,0.0,0.0,80,0.0,0.0,0.0,1.0
390433,0,1,3400,-62,62,684,8.2,11,0.52,105792.000000,0,2.1,0.0,20,0.0,80,0.0,0.0,0.0,1.0
390682,0,1,3400,-62,62,686,11,11,0.57,139040.000000,0,2.1,0.0,0.0,0.0,50,0.0,0.0,0.0,1.0
390931,0,1,3400,-62,62,689,10,11,0.64,123904.000000,0,2.1,0.0,0.0,0.0,100.000000,0.0,0.0,0.0,1.0
391180,0,1,3400,-62,62,691,14,11,0.81,143296.000000,0,2.1,0.064,0.0,0.0,0.0,0.0,1.0,0.0,1.0
391429,0,1,3400,-62,62,688,7.5,11,0.51,104064.000000,0,2.1,0.91,0.0,19840.000000,64,0.0,0.0,0.0,1.0
391678,0,1,3400,-62,62,690,8.4,11,0.50,162656.000000,0,2.1,0.0,0.0,0.0,80,0.0,0.0,0.0,1.0
391927,0,1,3400,-62,62,690,7.7,11,0.50,134752.000000,0,2.1,0.0,0.0,0.0,0.0,0.0,0.0,0.0,1.0
392176,0,1,3400,-62,62,693,8.9,11,0.57,93312.000000,0,2.1,0.0,0.0,0.0,0.0,0.0,0.0,0.0,1.0
392425,0,1,3400,-62,62,691,12,11,0.74,149184.000000,0,2.1,0.0,20,0.0,80,0.0,0.0,0.0,1.0
392674,0,1,3400,-62,62,692,13,11,0.54,128768.000000,0,2.1,0.0,20,0.0,0.0,0.0,0.0,0.0,1.0
392923,0,1,3400,-62,62,683,8.4,11,0.50,138560.000000,0,2.1,0.0,0.0,0.0,78,0.0,0.0,0.0,1.0
393172,0,1,3400,-62,62,685,5.3,11,0.50,97216.000000,0,2.1,0.0,0.0,0.0,100.000000,0.0,0.0,0.0,1.0
393421,0,1,3400,-62,62,691,12,11,0.54,95680.000000,0,2.1,9.6,0.0,164288.000000,62,0.0,0.0,0.0,1.0
393670,0,1,3400,-62,62,683,14,11,0.86,148787.156250,0,2.1,16,0.0,0.0,0.0,0.0,0.0,0.0,1.0
393919,0,1,3400,-62,62,678,11,11,0.73,111552.000000,0,2.1,11,0.0,0.0,80,0.0,0.0,0.0,1.0
394168,0,1,3400,-62,62,678,18,11,1.0,93322.710938,0,2.1,8.0,0.0,0.0,0.0,0.0,0.0,0.0,1.0
394417,0,1,3400,-62,62,674,8.4,11,0.54,117472.000000,0,2.1,4.0,0.0,0.0,67,0.0,0.0,0.0,1.0
394666,0,1,3400,-62,62,680,5.2,11,0.50,102848.000000,0,2.1,0.0,0.0,0.0,100.000000,0.0,0.0,0.0,1.0
394915,0,1,3400,-62,62,689,8.3,11,0.64,84928.000000,0,2.1,0.0,0.0,0.0,0.0,0.0,0.0,0.0,1.0
395164,0,1,3400,-62,62,686,10,11,0.60,95648.000000,0,2.1,0.0,0.0,0.0,0.0,0.0,0.0,0.0,1.0
395413,0,1,3400,-62,62,679,14,11,0.63,69152.000000,0,2.1,0.0,20,0.0,80,0.0,0.0,0.0,1.0
395662,0,1,3400,-62,62,692,6.0,11,0.50,144224.000000,0,2.1,0.0,0.0,0.0,80,0.0,0.0,0.0,1.0
395911,0,1,3400,-62,62,693,16,11,0.82,65216.000000,0,2.1,0.0,0.0,0.0,80,0.0,0.0,0.0,1.0
396160,0,1,3400,-62,62,682,11,11,0.59,146208.000000,0,2.1,0.0,0.0,0.0,80,0.0,0.0,0.0,1.0
396409,0,1,3400,-62,62,686,11,11,0.72,126592.000000,0,2.1,12,0.0,112928.000000,63,0.0,0.0,0.0,1.0
396658,0,1,3400,-62,62,680,7.2,11,0.53,106624.000000,0,2.1,16,0.0,0.0,0.0,0.0,0.0,0.0,1.0
396907,0,1,3400,-62,62,686,3.9,11,0.51,114496.000000,0,2.1,16,0.0,0.0,0.0,0.0,0.0,0.0,1.0
397156,0,1,3400,-62,62,685,9.2,11,0.65,88384.000000,0,2.1,16,0.0,0.0,80,0.0,0.0,0.0,1.0
397405,0,1,3400,-62,62,688,5.0,11,0.50,124416.000000,0,2.1,18,0.0,0.0,80,0.0,0.0,0.0,1.0
397654,0,1,3400,-62,62,691,5.3,11,0.50,159296.000000,0,2.1,14,0.0,0.0,89,0.0,0.0,0.0,1.0
397903,0,1,3400,-62,62,688,17,11,0.92,156224.000000,0,2.1,8.0,0.0,0.0,0.0,0.0,0.0,0.0,1.0
398152,0,1,3400,-62,62,692,18,11,0.98,168960.000000,0,2.1,8.0,0.0,0.0,0.0,0.0,0.0,0.0,1.0
398401,0,1,3400,-62,62,693,3.8,11,0.50,93120.000000,0,2.1,16,160,608,75,0.0,0.0,0.0,1.0
398650,0,1,3400,-62,62,694,13,11,0.59,79328.000000,0,2.1,22,160,0.0,0.0,0.0,0.0,0.0,1.0
398899,0,1,3400,-62,62,693,15,11,0.73,116032.000000,0,2.1,16,0.0,0.0,80,0.0,0.0,0.0,1.0
399148,0,1,3400,-62,62,691,9.8,11,0.56,109376.000000,0,2.1,16,0.0,0.0,0.0,0.0,0.0,0.0,1.0
399397,0,1,3400,-62,62,688,10,11,0.53,112096.000000,0,2.1,10,20,0.0,80,0.0,0.0,0.0,1.0
399646,0,1,3400,-62,62,684,5.4,11,0.50,134176.000000,0,2.1,7.5,0.0,0.0,80,0.0,0.0,0.0,1.0
399895,0,1,3400,-62,62,694,5.8,11,0.50,119680.000000,0,2.1,7.5,0.0,0.0,0.0,0.0,0.0,0.0,1.0
400144,0,1,3400,-62,62,694,5.3,11,0.50,83360.000000,0,2.1,7.5,0.0,0.0,0.0,0.0,0.0,0.0,1.0
400393,0,1,3400,-62,62,692,6.8,11,0.54,117472.000000,0,2.1,7.5,20,0.0,80,0.0,0.0,0.0,1.0
400642,0,1,3400,-62,62,692,8.7,11,0.52,102784.000000,0,2.1,5.8,0.0,0.0,80,0.0,0.0,0.0,1.0
400891,0,1,3400,-62,62,686,16,11,0.82,121984.000000,0,2.1,0.0,0.0,0.0,0.0,0.0,0.0,0.0,1.0
401140,0,1,3400,-62,62,689,16,11,0.83,159168.000000,0,2.1,0.0,0.0,0.0,80,0.0,0.0,0.0,1.0
401389,0,1,3400,-62,62,687,5.7,11,0.50,134560.000000,0,2.1,0.0,0.0,6624.000000,40,0.0,0.0,0.0,1.0
401638,0,1,3400,-62,62,684,6.7,11,0.50,76288.000000,0,2.1,0.0,0.0,0.0,0.0,0.0,0.0,0.0,1.0
401887,0,1,3400,-62,62,688,6.1,11,0.50,155136.000000,0,2.1,0.0,0.0,0.0,0.0,0.0,0.0,0.0,1.0
402136,0,1,3400,-62,62,679,8.7,11,0.65,113312.000000,0,2.1,0.0,0.0,0.0,0.0,0.0,0.0,0.0,1.0
402385,0,1,3400,-62,62,680,4.1,11,0.50,87648.000000,0,2.1,0.0,20,0.0,80,0.0,0.0,0.0,1.0
402634,0,1,3400,-62,62,678,14,11,0.92,126112.000000,0,2.1,0.0,0.0,0.0,50,0.0,0.0,0.0,1.0
402883,0,1,3400,-62,62,678,4.6,11,0.50,102784.000000,0,2.1,0.0,0.0,5536.000000,67,0.0,0.0,0.0,1.0
403132,0,1,3400,-62,62,679,16,11,0.92,159776.000000,0,2.1,0.064,0.0,0.0,0.0,0.0,0.0,0.0,1.0
403381,0,1,3400,-62,62,691,11,11,0.65,82080.000000,0,2.1,10,0.0,112896.000000,70,0.0,0.0,0.0,1.0
403630,0,1,3400,-62,62,693,14,11,0.76,67392.000000,0,2.1,16,0.0,0.0,0.0,0.0,0.0,0.0,1.0
403879,0,1,3400,-62,62,691,11,11,0.58,100384.000000,0,2.1,16,0.0,0.0,0.0,0.0,0.0,0.0,1.0
404128,0,1,3400,-62,62,687,7.0,11,0.50,140864.000000,0,2.1,16,0.0,0.0,0.0,0.0,0.0,0.0,1.0
404377,0,1,3400,-62,62,682,7.8,11,0.59,149280.000000,0,2.1,13,0.0,6528.000000,50,0.0,0.0,0.0,1.0
404626,0,1,3400,-62,62,678,9.4,11,0.72,90144.000000,0,2.1,13,0.0,0.0,0.0,0.0,0.0,0.0,1.0
404875,0,1,3400,-62,62,678,5.0,11,0.51,95008.000000,0,2.1,13,0.0,0.0,0.0,0.0,0.0,0.0,1.0
405124,0,1,3400,-62,62,690,11,11,0.81,97984.000000,0,2.1,13,0.0,0.0,0.0,0.0,0.0,0.0,1.0
405373,0,1,3400,-62,62,692,9.1,11,0.58,100384.000000,0,2.1,13,0.0,0.0,80,0.0,0.0,0.0,1.0
405622,0,1,3400,-62,62,703,11,11,0.54,128988.046875,0,2.1,12,0.0,0.0,0.0,0.0,0.0,0.0,1.0
405871,0,1,3400,-62,62,705,8.6,11,0.61,99520.000000,0,2.1,12,0.0,0.0,0.0,0.0,0.0,0.0,1.0
406120,0,1,3400,-62,62,693,12,11,0.51,144992.000000,0,2.1,12,0.0,0.0,0.0,0.0,0.0,0.0,1.0
406369,0,1,3400,-62,62,692,11,11,0.52,163648.000000,0,2.1,10.0,20,0.0,80,0.0,0.0,0.0,1.0
406618,0,1,3400,-62,62,698,6.8,11,0.52,154048.000000,0,2.1,7.1,0.0,0.0,50,0.0,0.0,0.0,1.0
406867,0,1,3400,-62,62,695,5.8,11,0.50,102720.000000,0,2.1,0.064,0.0,0.0,100.000000,0.0,0.0,0.0,1.0
407116,0,1,3400,-62,62,694,5.5,11,0.50,89312.000000,0,2.1,0.0,0.0,0.0,0.0,0.0,0.0,0.0,1.0
407365,0,1,3400,-62,62,697,6.2,11,0.50,143104.000000,0,2.1,2.0,0.0,10144.000000,62,0.0,0.0,0.0,1.0
407614,0,1,3400,-62,62,695,14,11,0.64,146464.000000,0,2.1,0.064,0.0,0.0,0.0,0.0,0.0,0.0,1.0
407863,0,1,3400,-62,62,697,9.5,11,0.50,103872.000000,0,2.1,0.0,0.0,0.0,0.0,0.0,0.0,0.0,1.0
408112,0,1,3400,-62,62,702,11,11,0.60,102784.000000,0,2.1,0.0,0.0,0.0,0.0,0.0,0.0,0.0,1.0
408361,0,1,3400,-62,62,709,11,11,0.64,108960.000000,0,2.1,11,0.0,23488.000000,0,0.0,0.0,0.0,1.0
408610,0,1,3400,-62,62,696,8.2,11,0.60,99776.000000,0,2.1,14,0.0,0.0,0.0,0.0,0.0,0.0,1.0
408859,0,1,3400,-62,62,686,7.5,11,0.51,81792.000000,0,2.1,14,0.0,0.0,0.0,0.0,0.0,0.0,1.0
409108,0,1,3400,-62,62,685,19,11,0.97,136192.765625,0,2.1,14,0.0,0.0,0.0,0.0,0.0,0.0,1.0
409357,0,1,3400,-62,62,686,20,11,0.98,124079.679688,0,2.1,14,0.0,0.0,80,0.0,0.0,0.0,1.0
409606,0,1,3400,-62,62,685,12,11,0.73,162656.000000,0,2.1,14,0.0,0.0,80,0.0,0.0,0.0,1.0
409855,0,1,3400,-62,62,688,3.7,11,0.50,166624.000000,0,2.1,14,0.0,0.0,0.0,0.0,0.0,0.0,1.0
410104,0,1,3400,-62,62,685,18,11,0.95,109568.000000,0,2.1,14,0.0,0.0,0.0,0.0,0.0,0.0,1.0
410353,0,1,3400,-62,62,682,6.9,11,0.52,115456.000000,0,2.1,6.4,0.0,7040.000000,67,0.0,0.0,0.0,1.0
410602,0,1,3400,-62,62,688,8.9,11,0.61,120160.000000,0,2.1,0.0,0.0,0.0,0.0,0.0,0.0,0.0,1.0
410851,0,1,3400,-62,62,685,15,11,0.71,106400.000000,0,2.1,0.0,0.0,0.0,0.0,0.0,0.0,0.0,1.0
411100,0,1,3400,-62,62,682,13,11,0.64,110746.984375,0,2.1,0.0,0.0,0.0,0.0,0.0,0.0,0.0,1.0
411349,0,1,3400,-62,62,684,20,11,0.95,82549.804688,0,2.1,0.0,20,0.0,80,0.0,0.0,0.0,1.0
411598,0,1,3400,-62,62,687,8.0,11,0.55,132256.000000,0,2.1,0.0,0.0,0.0,80,0.0,0.0,0.0,1.0
411847,0,1,3400,-62,62,698,5.8,11,0.50,143616.000000,0,2.1,0.0,0.0,0.0,0.0,0.0,0.0,0.0,1.0
412096,0,1,3400,-62,62,695,7.0,11,0.56,121824.000000,0,2.1,0.0,0.0,0.0,0.0,0.0,0.0,0.0,1.0
412345,0,1,3400,-62,62,687,11,11,0.63,137280.000000,0,2.1,0.0,20,0.0,80,0.0,0.0,0.0,1.0
412594,0,1,3400,-62,62,690,7.5,11,0.50,103488.000000,0,2.1,0.0,0.0,0.0,80,0.0,0.0,0.0,1.0
412843,0,1,3400,-62,62,692,7.5,11,0.60,127072.000000,0,2.1,0.0,0.0,0.0,0.0,0.0,0.0,0.0,1.0
413092,0,1,3400,-62,62,690,14,11,0.96,136256.000000,0,2.1,0.0,0.0,0.0,0.0,0.0,0.0,0.0,1.0
413341,0,1,3400,-62,62,678,8.4,11,0.50,130400.000000,0,2.1,0.0,20,0.0,80,0.0,0.0,0.0,1.0
413590,0,1,3400,-62,62,690,8.6,11,0.55,108256.000000,0,2.1,0.0,0.0,0.0,50,0.0,0.0,0.0,1.0
413839,0,1,3400,-62,62,683,5.5,11,0.55,128960.000000,0,2.1,0.0,0.0,0.0,100.000000,0.0,0.0,0.0,1.0
414088,0,1,3400,-62,62,682,8.6,11,0.60,80928.000000,0,2.1,0.0,0.0,0.0,80,0.0,0.0,0.0,1.0
414337,0,1,3400,-62,62,683,13,11,0.67,142912.000000,0,2.1,0.0,20,0.0,80,0.0,0.0,0.0,1.0
414586,0,1,3400,-62,62,691,6.6,11,0.55,100416.000000,0,2.1,0.0,0.0,0.0,50,0.0,0.0,0.0,1.0
414835,0,1,3400,-62,62,697,7.1,11,0.54,104768.000000,0,2.1,0.0,0.0,0.0,100.000000,0.0,0.0,0.0,1.0
415084,0,1,3400,-62,62,698,8.4,11,0.61,131776.000000,0,2.1,0.0,0.0,0.0,80,0.0,0.0,0.0,1.0
415333,0,1,3400,-62,62,695,6.4,11,0.51,165632.000000,0,2.1,1.9,0.0,15104.000000,79,0.0,0.0,0.0,1.0
415582,0,1,3400,-62,62,694,7.9,11,0.50,124080.320312,0,2.1,0.0,0.0,0.0,0.0,0.0,0.0,0.0,1.0
415831,0,1,3400,-62,62,694,6.9,11,0.51,136860.562500,0,2.1,0.0,0.0,0.0,0.0,0.0,0.0,0.0,1.0
416080,0,1,3400,-62,62,687,8.9,11,0.58,176544.000000,0,2.1,0.064,0.0,0.0,0.0,0.0,0.0,0.0,1.0
416329,0,1,3400,-62,62,693,11,11,0.50,102624.000000,0,2.1,11,0.0,6720.000000,50,0.0,0.0,0.0,1.0
416578,0,1,3400,-62,62,686,9.5,11,0.51,103072.000000,0,2.1,14,0.0,0.0,0.0,0.0,0.0,0.0,1.0
416827,0,1,3400,-62,62,676,12,11,0.50,165184.000000,0,2.1,14,0.0,0.0,0.0,0.0,0.0,0.0,1.0
417076,0,1,3400,-62,62,684,6.5,11,0.50,147168.000000,0,2.1,14,0.0,0.0,0.0,0.0,0.0,0.0,1.0
417325,0,1,3400,-62,62,693,6.2,11,0.50,101120.000000,0,2.1,18,0.0,0.0,80,0.0,0.0,0.0,1.0
417574,0,1,3400,-62,62,691,9.7,11,0.50,104867.468750,0,2.1,19,0.0,0.0,80,0.0,0.0,0.0,1.0
417823,0,1,3400,-62,62,683,10,11,0.50,147027.890625,0,2.1,7.5,0.0,0.0,0.0,0.0,0.0,0.0,1.0
418072,0,1,3400,-62,62,683,14,11,0.57,103648.000000,0,2.1,7.5,0.0,0.0,0.0,0.0,0.0,0.0,1.0
418321,0,1,3400,-62,62,700,9.5,11,0.60,148032.000000,0,2.1,7.5,20,0.0,80,0.0,0.0,0.0,1.0
418570,0,1,3400,-62,62,691,13,11,0.53,80512.000000,0,2.1,7.5,0.0,0.0,80,0.0,0.0,0.0,1.0
418819,0,1,3400,-62,62,691,18,11,0.88,77984.000000,0,2.1,7.5,0.0,0.0,0.0,0.0,0.0,0.0,1.0
419068,0,1,3400,-62,62,692,15,11,0.75,101120.000000,0,2.1,7.5,0.0,0.0,0.0,0.0,0.0,0.0,1.0
419317,0,1,3400,-62,62,693,5.8,11,0.50,166016.000000,0,2.1,7.5,20,0.0,80,0.0,0.0,0.0,1.0
419566,0,1,3400,-62,62,694,6.6,11,0.50,138752.000000,0,2.1,7.5,0.0,0.0,50,0.0,0.0,0.0,1.0
419815,0,1,3400,-62,62,685,7.7,11,0.50,165888.000000,0,2.1,7.5,0.0,0.0,88,0.0,0.0,0.0,1.0
420064,0,1,3400,-62,62,690,9.1,11,0.65,117088.000000,0,2.1,7.5,0.0,0.0,0.0,0.0,0.0,0.0,1.0
420313,0,1,3400,-62,62,685,11,11,0.59,108160.000000,0,2.1,7.5,182,0.0,80,0.0,0.0,0.0,1.0
420562,0,1,3400,-62,62,689,8.6,11,0.68,97408.000000,0,2.1,7.5,16,0.0,80,0.0,0.0,0.0,1.0
420811,0,1,3400,-62,62,689,18,11,1.0,143264.000000,0,2.1,7.5,16,0.0,0.0,0.0,0.0,0.0,1.0
421060,0,1,3400,-62,62,695,12,11,0.66,150304.000000,0,2.1,7.5,0.0,0.0,80,0.0,0.0,0.0,1.0
421309,0,1,3400,-62,62,688,9.4,11,0.51,131584.000000,0,2.1,7.5,0.0,0.0,80,0.0,0.0,0.0,1.0
421558,0,1,3400,-62,62,689,4.7,11,0.50,147200.000000,0,2.1,7.5,0.0,0.0,0.0,0.0,0.0,0.0,1.0
421807,0,1,3400,-62,62,699,4.5,11,0.50,119936.000000,0,2.1,7.5,0.0,0.0,0.0,0.0,0.0,0.0,1.0
422056,0,1,3400,-62,62,697,15,11,0.91,146955.828125,0,2.1,7.5,0.0,0.0,0.0,0.0,0.0,0.0,1.0
422305,0,1,3400,-62,62,712,11,11,0.55,86533.867188,0,2.1,7.5,20,0.0,80,0.0,0.0,0.0,1.0
422554,0,1,3400,-62,62,708,8.9,11,0.61,120640.000000,0,2.1,7.5,0.0,0.0,50,0.0,0.0,0.0,1.0
422803,0,1,3400,-62,62,695,6.1,11,0.59,107456.000000,0,2.1,7.5,0.0,0.0,100.000000,0.0,0.0,0.0,1.0
423052,0,1,3400,-62,62,691,9.9,11,0.52,146080.000000,0,2.1,7.5,0.0,0.0,0.0,0.0,0.0,0.0,1.0
423301,0,1,3400,-62,62,690,17,11,0.82,115680.000000,0,2.1,7.5,20,0.0,80,0.0,0.0,0.0,1.0
423550,0,1,3400,-62,62,691,15,11,0.74,131840.000000,0,2.1,7.5,0.0,0.0,80,0.0,0.0,0.0,1.0
423799,0,1,3400,-62,62,689,10,11,0.64,104449.796875,0,2.1,7.5,0.0,0.0,0.0,0.0,0.0,0.0,1.0
424048,0,1,3400,-62,62,696,15,11,0.83,152669.328125,0,2.1,6.5,0.0,0.0,80,0.0,0.0,0.0,1.0
424297,0,1,3400,-62,62,701,11,11,0.59,154944.000000,0,2.1,0.0,36,0.0,80,0.0,0.0,0.0,1.0
424546,0,1,3400,-62,62,699,5.3,11,0.50,146432.000000,0,2.1,0.064,0.0,0.0,80,0.0,0.0,0.0,1.0
424795,0,1,3400,-62,62,699,8.3,11,0.58,156960.000000,0,2.1,0.0,0.0,0.0,0.0,0.0,0.0,0.0,1.0
425044,0,1,3400,-62,62,701,15,11,0.71,127840.000000,0,2.1,0.0,0.0,0.0,0.0,0.0,0.0,0.0,1.0
425293,0,1,3400,-62,62,701,4.9,11,0.50,149792.000000,0,2.1,0.0,20,0.0,80,0.0,0.0,0.0,1.0
425542,0,1,3400,-62,62,694,11,11,0.57,137664.000000,0,2.1,0.0,0.0,0.0,80,0.0,0.0,0.0,1.0
425791,0,1,3400,-62,62,695,12,11,0.71,143357.437500,0,2.1,0.0,0.0,0.0,0.0,0.0,0.0,0.0,1.0
426040,0,1,3400,-62,62,693,9.4,11,0.50,85664.000000,0,2.1,0.0,0.0,0.0,0.0,0.0,0.0,0.0,1.0
426289,0,1,3400,-62,62,694,12,11,0.71,109705.179688,0,2.1,0.13,0.0,0.0,80,0.0,0.0,0.0,1.0
426538,0,1,3400,-62,62,699,6.9,11,0.50,166944.000000,0,2.1,0.0,0.0,0.0,0.0,0.0,0.0,0.0,1.0
426787,0,1,3400,-62,62,689,6.0,11,0.50,124448.000000,0,2.1,0.0,0.0,0.0,0.0,0.0,0.0,0.0,1.0
427036,0,1,3400,-62,62,692,7.9,11,0.54,126432.000000,0,2.1,0.0,0.0,0.0,0.0,0.0,0.0,0.0,1.0
427285,0,1,3400,-62,62,699,15,11,0.89,93088.000000,0,2.1,0.064,20,0.0,80,0.0,0.0,0.0,1.0
427534,0,1,3400,-62,62,693,16,11,0.84,81664.000000,0,2.1,0.0,0.0,0.0,50,0.0,0.0,0.0,1.0
427783,0,1,3400,-62,62,689,5.9,11,0.50,118432.000000,0,2.1,0.0,0.0,0.0,88,0.0,0.0,0.0,1.0
428032,0,1,3400,-62,62,696,7.8,11,0.50,147680.000000,0,2.1,0.0,0.0,0.0,0.0,0.0,0.0,0.0,1.0
428281,0,1,3400,-62,62,697,6.2,11,0.50,97991.968750,0,2.1,0.0,20,0.0,80,0.0,0.0,0.0,1.0
428530,0,1,3400,-62,62,699,15,11,0.88,107520.000000,0,2.1,0.0,0.0,0.0,80,0.0,0.0,0.0,1.0
428779,0,1,3400,-62,62,697,15,11,0.76,126820.718750,0,2.1,0.0,0.0,0.0,0.0,0.0,0.0,0.0,1.0
429028,0,1,3400,-62,62,686,6.0,11,0.50,113152.000000,0,2.1,0.0,0.0,0.0,80,0.0,0.0,0.0,1.0
429277,0,1,3400,-62,62,690,7.0,11,0.54,132832.000000,0,2.1,0.0,20,0.0,80,0.0,0.0,0.0,1.0
429526,0,1,3400,-62,62,693,10,11,0.59,114592.000000,0,2.1,0.0,0.0,0.0,80,0.0,0.0,0.0,1.0
429775,0,1,3400,-62,62,693,6.7,11,0.50,111744.000000,0,2.1,0.0,0.0,0.0,80,0.0,0.0,0.0,1.0
430024,0,1,3400,-62,62,683,5.8,11,0.50,82048.000000,0,2.1,0.13,0.0,0.0,80,0.0,0.0,0.0,1.0
430273,0,1,3400,-62,62,689,10,11,0.50,121124.500000,0,2.1,2.4,0.0,15421.686523,44,0.0,0.0,0.0,1.0
430522,0,1,3400,-62,62,684,5.8,11,0.50,94080.000000,0,2.1,6.0,0.0,0.0,0.0,0.0,0.0,0.0,1.0
430771,0,1,3400,-62,62,685,16,11,0.85,141609.562500,0,2.1,6.0,0.0,0.0,0.0,0.0,0.0,0.0,1.0
431020,0,1,3400,-62,62,688,18,11,1.1,137536.000000,0,2.1,6.0,0.0,0.0,0.0,0.0,0.0,0.0,1.0
431269,0,1,3400,-62,62,685,1.8,11,0.50,172288.000000,0,2.1,6.0,20,0.0,80,0.0,0.0,0.0,1.0
431518,0,1,3400,-62,62,686,8.4,11,0.50,133216.000000,0,2.1,3.7,0.0,0.0,80,0.0,0.0,0.0,1.0
431767,0,1,3400,-62,62,689,12,11,0.60,75360.000000,0,2.1,0.0,0.0,0.0,0.0,0.0,0.0,0.0,1.0
432016,0,1,3400,-62,62,688,14,11,0.76,143104.000000,0,2.1,0.0,0.0,0.0,0.0,0.0,0.0,0.0,1.0
432265,0,1,3400,-62,62,685,15,11,0.59,127871.484375,0,2.1,0.0,20,0.0,80,0.0,0.0,0.0,1.0
432514,0,1,3400,-62,62,683,7.0,11,0.50,144832.000000,0,2.1,0.0,0.0,0.0,80,0.0,0.0,0.0,1.0
432763,0,1,3400,-62,62,692,8.4,11,0.57,151904.000000,0,2.1,0.0,0.0,0.0,80,0.0,0.0,0.0,1.0
433012,0,1,3400,-62,62,695,8.6,11,0.50,105944.226562,0,2.1,0.0,0.0,0.0,80,0.0,0.0,0.0,1.0
433261,0,1,3400,-62,62,693,7.0,11,0.50,145600.000000,0,2.1,0.0,20,0.0,80,0.0,0.0,0.0,1.0
433510,0,1,3400,-62,62,689,12,11,0.50,100128.000000,0,2.1,0.0,0.0,0.0,80,0.0,0.0,0.0,1.0
433759,0,1,3400,-62,62,693,7.0,11,0.50,148672.000000,0,2.1,0.0,0.0,0.0,75,0.0,0.0,0.0,1.0
434008,0,1,3400,-62,62,694,11,11,0.66,112800.000000,0,2.1,0.0,0.0,0.0,100.000000,0.0,0.0,0.0,1.0
434257,0,1,3400,-62,62,698,8.2,11,0.51,111360.000000,0,2.1,9.6,0.0,9056.000000,68,0.0,0.0,0.0,1.0
434506,0,1,3400,-62,62,692,10,11,0.53,139277.109375,0,2.1,16,0.0,0.0,80,0.0,0.0,0.0,1.0
434755,0,1,3400,-62,62,702,3.3,11,0.50,111552.000000,0,2.1,14,0.0,0.0,0.0,0.0,0.0,0.0,1.0
435004,0,1,3400,-62,62,698,4.7,11,0.50,168832.000000,0,2.1,7.9,0.0,0.0,80,0.0,0.0,0.0,1.0
435253,0,1,3400,-62,62,689,10,11,0.60,120478.085938,0,2.1,3.7,20,0.0,80,0.0,0.0,0.0,1.0
435502,0,1,3400,-62,62,686,6.4,11,0.50,129472.000000,0,2.1,0.0,0.0,0.0,50,0.0,0.0,0.0,1.0
435751,0,1,3400,-62,62,681,9.7,11,0.58,131776.000000,0,2.1,0.0,0.0,0.0,100.000000,0.0,0.0,0.0,1.0
436000,0,1,3400,-62,62,692,8.3,11,0.61,82144.000000,0,2.1,0.0,0.0,0.0,0.0,0.0,0.0,0.0,1.0
436249,0,1,3400,-62,62,699,6.0,11,0.50,112608.000000,0,2.1,0.0,20,0.0,80,0.0,0.0,0.0,1.0
436498,0,1,3400,-62,62,690,12,11,0.50,149984.000000,0,2.1,0.0,0.0,0.0,80,0.0,0.0,0.0,1.0
436747,0,1,3400,-62,62,694,11,11,0.77,144481.921875,0,2.1,0.0,0.0,0.0,0.0,0.0,0.0,0.0,1.0
436996,0,1,3400,-62,62,686,5.9,11,0.50,117920.000000,0,2.1,0.0,0.0,0.0,0.0,0.0,0.0,0.0,1.0
437245,0,1,3400,-62,62,680,6.9,11,0.59,163314.734375,0,2.1,0.0,20,5513.944336,0,0.0,0.0,0.0,1.0
437494,0,1,3400,-62,62,682,6.0,11,0.50,104096.000000,0,2.1,0.0,0.0,0.0,80,0.0,0.0,0.0,1.0
437743,0,1,3400,-62,62,678,15,11,0.85,95008.000000,0,2.1,0.0,0.0,0.0,80,0.0,0.0,0.0,1.0
437992,0,1,3400,-62,62,688,11,11,0.57,159776.000000,0,2.1,0.0,0.0,0.0,0.0,0.0,0.0,0.0,1.0
438241,0,1,3400,-62,62,688,5.2,11,0.50,148640.000000,0,2.1,0.0,0.0,43264.000000,74,0.0,0.0,0.0,1.0
438490,0,1,3400,-62,62,694,5.3,11,0.50,170336.000000,0,2.1,0.0,0.0,55360.000000,85,0.0,0.0,0.0,1.0
438739,0,1,3400,-62,62,689,3.8,11,0.50,134746.984375,0,2.1,0.0,0.0,15518.072266,88,0.0,0.0,0.0,1.0
438988,0,1,3400,-62,62,678,6.6,11,0.52,135488.000000,0,2.1,0.0,0.0,0.0,0.0,0.0,0.0,0.0,1.0
439237,0,1,3400,-62,62,687,5.6,11,0.50,148928.000000,0,2.1,0.0,20,0.0,80,0.0,0.0,0.0,1.0
439486,0,1,3400,-62,62,696,7.2,11,0.50,159713.140625,0,2.1,0.0,0.0,0.0,50,0.0,0.0,0.0,1.0
439735,0,1,3400,-62,62,692,13,11,0.57,69824.000000,0,2.1,0.0,0.0,0.0,100.000000,0.0,0.0,0.0,1.0
439984,0,1,3400,-62,62,685,7.9,11,0.50,132544.000000,0,2.1,0.0,0.0,0.0,0.0,0.0,0.0,0.0,1.0
440233,0,1,3400,-62,62,679,4.2,11,0.50,63808.000000,0,2.1,0.0,20,0.0,80,0.0,0.0,0.0,1.0
440482,0,1,3400,-62,62,688,6.2,11,0.50,130272.000000,0,2.1,0.0,0.0,0.0,71,0.0,0.0,0.0,1.0
440731,0,1,3400,-62,62,693,6.3,11,0.50,111357.429688,0,2.1,0.0,0.0,5558.232910,50,0.0,0.0,0.0,1.0
440980,0,1,3400,-62,62,685,7.2,11,0.50,117184.000000,0,2.1,0.0,0.0,0.0,0.0,0.0,0.0,0.0,1.0
441229,0,1,3400,-62,62,683,5.5,11,0.50,101248.000000,0,2.1,4.6,68,0.0,80,0.0,0.0,0.0,1.0
441478,0,1,3400,-62,62,680,5.8,11,0.50,178720.000000,0,2.1,8.4,0.0,0.0,80,0.0,0.0,0.0,1.0
441727,0,1,3400,-62,62,677,8.9,11,0.50,126725.101562,0,2.1,7.2,0.0,0.0,80,0.0,0.0,0.0,1.0
441976,0,1,3400,-62,62,688,7.9,11,0.50,137088.000000,0,2.1,6.5,0.0,0.0,0.0,0.0,0.0,0.0,1.0
442225,0,1,3400,-62,62,695,7.8,11,0.50,138016.000000,0,2.1,6.5,20,5536.000000,50,0.0,0.0,0.0,1.0
442474,0,1,3400,-62,62,705,9.8,11,0.50,149664.000000,0,2.1,6.5,0.0,0.0,71,0.0,0.0,0.0,1.0
442723,0,1,3400,-62,62,695,6.6,11,0.50,131887.546875,0,2.1,6.5,0.0,0.0,100.000000,0.0,0.0,0.0,1.0
442972,0,1,3400,-62,62,683,5.5,11,0.51,132844.625000,0,2.1,2.5,0.0,0.0,80,0.0,0.0,0.0,1.0
443221,0,1,3400,-62,62,687,12,11,0.77,108160.000000,0,2.1,7.2,0.0,106912.000000,68,0.0,0.0,0.0,1.0
443470,0,1,3400,-62,62,679,6.4,11,0.54,102008.031250,0,2.1,8.0,0.0,0.0,0.0,0.0,0.0,0.0,1.0
443719,0,1,3400,-62,62,682,6.8,11,0.50,132972.109375,0,2.1,8.0,0.0,0.0,0.0,0.0,0.0,0.0,1.0
443968,0,1,3400,-62,62,679,6.9,11,0.52,110784.000000,0,2.1,11,0.0,4128.000000,50,0.0,0.0,0.0,1.0
444217,0,1,3400,-62,62,680,8.3,11,0.60,115168.000000,0,2.1,7.7,20,0.0,80,0.0,0.0,0.0,1.0
444466,0,1,3400,-62,62,676,3.3,11,0.50,78656.000000,0,2.1,5.0,0.0,0.0,80,0.0,0.0,0.0,1.0
444715,0,1,3400,-62,62,681,11,11,0.64,75104.000000,0,2.1,5.0,0.0,0.0,0.0,0.0,0.0,0.0,1.0
444964,0,1,3400,-62,62,683,11,11,0.63,112480.000000,0,2.1,5.0,0.0,0.0,0.0,0.0,0.0,0.0,1.0
445213,0,1,3400,-62,62,685,5.4,11,0.50,119040.000000,0,2.1,5.0,20,0.0,80,0.0,0.0,0.0,1.0
445462,0,1,3400,-62,62,679,10,11,0.57,120867.468750,0,2.1,5.0,0.0,0.0,80,0.0,0.0,0.0,1.0
445711,0,1,3400,-62,62,685,5.8,11,0.50,139776.000000,0,2.1,5.0,0.0,0.0,0.0,0.0,0.0,0.0,1.0
445960,0,1,3400,-62,62,685,5.1,11,0.50,168573.703125,0,2.1,1.9,0.0,0.0,80,0.0,0.0,0.0,1.0
446209,0,1,3400,-62,62,683,9.0,11,0.56,137051.796875,0,2.1,0.0,20,0.0,80,0.0,0.0,0.0,1.0
446458,0,1,3400,-62,62,686,7.0,11,0.50,147328.000000,0,2.1,0.0,0.0,0.0,80,0.0,0.0,0.0,1.0
446707,0,1,3400,-62,62,690,9.1,11,0.50,67296.000000,0,2.1,0.0,0.0,0.0,0.0,0.0,0.0,0.0,1.0
446956,0,1,3400,-62,62,686,6.8,11,0.54,86944.000000,0,2.1,0.0,0.0,0.0,0.0,0.0,0.0,0.0,1.0
447205,0,1,3400,-62,62,689,15,11,0.78,153253.015625,0,2.1,9.5,0.0,176064.250000,64,0.0,0.0,0.0,1.0
447454,0,1,3400,-62,62,687,11,11,0.52,141163.343750,0,2.1,16,0.0,0.0,0.0,0.0,0.0,0.0,1.0
447703,0,1,3400,-62,62,682,12,11,0.68,145188.750000,0,2.1,16,0.0,0.0,0.0,0.0,0.0,0.0,1.0
447952,0,1,3400,-62,62,688,8.3,11,0.54,97984.000000,0,2.1,16,0.0,0.0,0.0,0.0,0.0,0.0,1.0
448201,0,1,3400,-62,62,686,13,11,0.62,80509.960938,0,2.1,12,20,0.0,80,0.0,0.0,0.0,1.0
448450,0,1,3400,-62,62,680,10,11,0.69,67744.000000,0,2.1,8.0,0.0,0.0,50,0.0,0.0,0.0,1.0
448699,0,1,3400,-62,62,678,5.8,11,0.50,141472.000000,0,2.1,8.0,0.0,0.0,100.000000,0.0,0.0,0.0,1.0
448948,0,1,3400,-62,62,686,8.9,11,0.61,136032.000000,0,2.1,8.0,0.0,0.0,0.0,0.0,0.0,0.0,1.0
449197,0,1,3400,-62,62,686,8.4,11,0.50,98688.000000,0,2.1,8.0,174,0.0,80,0.0,0.0,0.0,1.0
449446,0,1,3400,-62,62,684,11,11,0.60,168032.125000,0,2.1,8.0,8.0,0.0,80,0.0,0.0,0.0,1.0
449695,0,1,3400,-62,62,683,13,11,0.57,143776.000000,0,2.1,8.0,0.0,0.0,80,0.0,0.0,0.0,1.0
449944,0,1,3400,-62,62,681,6.3,11,0.51,111520.000000,0,2.1,8.0,0.0,0.0,0.0,0.0,0.0,0.0,1.0
450193,0,1,3400,-62,62,689,6.8,11,0.55,101131.476562,0,2.1,8.0,20,0.0,80,0.0,0.0,0.0,1.0
450442,0,1,3400,-62,62,694,13,11,0.77,108000.000000,0,2.1,7.5,0.0,0.0,50,0.0,0.0,0.0,1.0
450691,0,1,3400,-62,62,695,14,11,0.72,106528.000000,0,2.1,0.0,0.0,0.0,100.000000,0.0,0.0,0.0,1.0
450940,0,1,3400,-62,62,689,13,11,0.68,144576.000000,0,2.1,0.0,0.0,0.0,0.0,0.0,0.0,0.0,1.0
451189,0,1,3400,-62,62,694,9.1,11,0.73,150752.000000,0,2.1,0.0,20,0.0,80,0.0,0.0,0.0,1.0
451438,0,1,3400,-62,62,711,17,11,0.91,110265.062500,3,2.1,0.0,0.0,0.0,50,0.0,0.0,0.0,1.0
451687,0,1,3400,-62,62,706,8.8,11,0.50,172608.000000,0,2.1,0.0,0.0,0.0,100.000000,0.0,0.0,0.0,1.0
451936,0,1,3400,-62,62,696,9.4,11,0.50,155232.000000,0,2.1,0.0,0.0,0.0,0.0,0.0,0.0,0.0,1.0
452185,0,1,3400,-62,62,700,8.3,11,0.57,100768.000000,0,2.1,0.0,20,0.0,80,0.0,0.0,0.0,1.0
452434,0,1,3400,-62,62,693,13,11,0.58,114262.945312,0,2.1,0.0,0.0,0.0,80,0.0,0.0,0.0,1.0
452683,0,1,3400,-62,62,690,5.1,11,0.50,91872.000000,0,2.1,0.0,0.0,0.0,80,0.0,0.0,0.0,1.0
452932,0,1,3400,-62,62,695,13,11,0.80,138720.000000,0,2.1,0.0080,0.0,0.0,0,0.0,0.0,0.0,1.0
453181,0,1,3400,-62,62,693,12,11,0.75,102400.000000,0,2.1,0.50,20,5664.000000,71,0.0,0.0,0.0,1.0
453430,0,1,3400,-62,62,689,8.1,11,0.58,94976.000000,0,2.1,0.50,0.0,0.0,50,0.0,0.0,0.0,1.0
453679,0,1,3400,-62,62,700,8.6,11,0.54,165472.000000,0,2.1,0.50,0.0,0.0,100.000000,0.0,0.0,0.0,1.0
453928,0,1,3400,-62,62,699,13,11,0.70,54232.933594,0,2.1,0.50,0.0,0.0,0.0,0.0,0.0,0.0,1.0
454177,0,1,3400,-62,62,709,7.6,11,0.57,97696.000000,0,2.1,0.50,20,0.0,80,0.0,0.0,0.0,1.0
454426,0,1,3400,-62,62,700,8.1,11,0.57,117888.000000,0,2.1,0.50,0.0,0.0,50,0.0,0.0,0.0,1.0
454675,0,1,3400,-62,62,697,15,11,0.72,126374.500000,0,2.1,0.50,0.0,0.0,100.000000,0.0,0.0,0.0,1.0
454924,0,1,3400,-62,62,695,4.9,11,0.50,143392.000000,0,2.1,0.50,0.0,0.0,0.0,0.0,0.0,0.0,1.0
455173,0,1,3400,-62,62,691,7.0,11,0.50,132736.000000,0,2.1,7.8,0.0,4800.000000,62,0.0,0.0,0.0,1.0
455422,0,1,3400,-62,62,688,8.0,11,0.59,173024.000000,0,2.1,15,0.0,0.0,0.0,0.0,0.0,0.0,1.0
455671,0,1,3400,-62,62,693,7.2,11,0.60,112353.414062,0,2.1,15,0.0,0.0,0.0,0.0,0.0,0.0,1.0
455920,0,1,3400,-62,62,696,8.8,11,0.57,138560.000000,0,2.1,15,0.0,0.0,0.0,0.0,0.0,0.0,1.0
456169,0,1,3400,-62,62,694,9.0,11,0.65,108224.000000,0,2.1,14,0.0,23488.000000,0,0.0,0.0,0.0,1.0
456418,0,1,3400,-62,62,690,3.9,11,0.53,147296.000000,0,2.1,14,0.0,0.0,0.0,0.0,0.0,0.0,1.0
456667,0,1,3400,-62,62,686,13,11,0.82,145179.281250,0,2.1,14,0.0,0.0,80,0.0,0.0,0.0,1.0
456916,0,1,3400,-62,62,691,9.8,11,0.53,114144.000000,0,2.1,13,0.0,0.0,0.0,0.0,0.0,0.0,1.0
457165,0,1,3400,-62,62,684,10,11,0.62,120096.000000,0,2.1,11,20,0.0,80,0.0,0.0,0.0,1.0
457414,0,1,3400,-62,62,692,9.3,11,0.50,135104.000000,0,2.1,7.5,20,0.0,0.0,0.0,0.0,0.0,1.0
457663,0,1,3400,-62,62,699,8.5,11,0.50,136128.000000,0,2.1,7.5,0.0,0.0,80,0.0,0.0,0.0,1.0
457912,0,1,3400,-62,62,703,3.9,11,0.50,104128.000000,0,2.1,7.5,0.0,0.0,0.0,0.0,0.0,0.0,1.0
458161,0,1,3400,-62,62,703,8.6,11,0.50,108722.890625,0,2.1,15,0.0,6746.987793,50,0.0,0.0,0.0,1.0
458410,0,1,3400,-62,62,691,8.6,11,0.50,148864.000000,0,2.1,21,0.0,0.0,0.0,0.0,0.0,0.0,1.0
458659,0,1,3400,-62,62,691,16,11,0.72,110496.000000,0,2.1,21,0.0,0.0,0.0,0.0,0.0,0.0,1.0
458908,0,1,3400,-62,62,684,11,11,0.71,119936.257812,0,2.1,21,0.0,0.0,0.0,0.0,0.0,0.0,1.0
459157,0,1,3400,-62,62,689,5.3,11,0.50,118784.000000,0,2.1,13,0.0,0.0,80,0.0,0.0,0.0,1.0
459406,0,1,3400,-62,62,684,7.4,11,0.50,138912.000000,0,2.1,0.0,0.0,0.0,0.0,0.0,0.0,0.0,1.0
459655,0,1,3400,-62,62,686,13,11,0.73,98400.000000,0,2.1,0.0,0.0,0.0,0.0,0.0,0.0,0.0,1.0
459904,0,1,3400,-62,62,687,7.1,11,0.50,115598.390625,0,2.1,0.0,0.0,0.0,0.0,0.0,0.0,0.0,1.0
460153,0,1,3400,-62,62,691,4.9,11,0.50,126432.000000,0,2.1,0.0,20,0.0,80,0.0,0.0,0.0,1.0
460402,0,1,3400,-62,62,690,8.4,11,0.50,134400.000000,0,2.1,0.0,0.0,0.0,80,0.0,0.0,0.0,1.0
460651,0,1,3400,-62,62,692,5.8,11,0.50,137728.000000,0,2.1,0.0,0.0,0.0,0.0,0.0,0.0,0.0,1.0
460900,0,1,3400,-62,62,687,12,11,0.69,146784.000000,0,2.1,0.0,0.0,0.0,80,0.0,0.0,0.0,1.0
461149,0,1,3400,-62,62,689,15,11,0.68,153434.265625,0,2.1,0.0,20,0.0,80,0.0,0.0,0.0,1.0
461398,0,1,3400,-62,62,682,14,11,0.89,99264.000000,0,2.1,0.0,20,0.0,0.0,0.0,0.0,0.0,1.0
461647,0,1,3400,-62,62,682,13,11,0.82,176160.000000,0,2.1,0.0,0.0,0.0,80,0.0,0.0,0.0,1.0
461896,0,1,3400,-62,62,694,17,11,0.93,88736.000000,0,2.1,0.0,0.0,0.0,0.0,0.0,0.0,0.0,1.0
462145,0,1,3400,-62,62,685,5.9,11,0.50,148544.000000,0,2.1,0.0,20,0.0,80,0.0,0.0,0.0,1.0
462394,0,1,3400,-62,62,686,4.0,11,0.50,107148.593750,0,2.1,0.0,0.0,0.0,80,0.0,0.0,0.0,1.0
462643,0,1,3400,-62,62,690,3.1,11,0.50,125920.000000,0,2.1,0.0,0.0,0.0,80,0.0,0.0,0.0,1.0
462892,0,1,3400,-62,62,696,4.9,11,0.50,111968.000000,0,2.1,0.0,0.0,0.0,0.0,0.0,0.0,0.0,1.0
463141,0,1,3400,-62,62,689,9.9,11,0.56,76992.000000,0,2.1,0.0,20,0.0,80,0.0,0.0,0.0,1.0
463390,0,1,3400,-62,62,689,14,11,0.60,88382.468750,0,2.1,0.0,0.0,0.0,50,0.0,0.0,0.0,1.0
463639,0,1,3400,-62,62,690,11,11,0.59,159872.000000,0,2.1,0.0,0.0,0.0,100.000000,0.0,0.0,0.0,1.0
463888,0,1,3400,-62,62,691,5.6,11,0.50,151328.000000,0,2.1,0.0,0.0,0.0,0.0,0.0,0.0,0.0,1.0
464137,0,1,3400,-62,62,679,8.6,11,0.50,123968.000000,0,2.1,0.0,20,0.0,80,0.0,0.0,0.0,1.0
464386,0,1,3400,-62,62,681,10,11,0.61,96352.000000,0,2.1,0.0,0.0,0.0,80,0.0,0.0,0.0,1.0
464635,0,1,3400,-62,62,686,5.1,11,0.50,198875.500000,0,2.1,0.0,0.0,0.0,80,0.0,0.0,0.0,1.0
464884,0,1,3400,-62,62,684,6.2,11,0.50,112352.000000,0,2.1,0.0,0.0,0.0,0.0,0.0,0.0,0.0,1.0
465133,0,1,3400,-62,62,678,14,11,0.76,129152.000000,0,2.1,0.0,20,0.0,80,0.0,0.0,0.0,1.0
465382,0,1,3400,-62,62,690,11,11,0.68,142661.359375,0,2.1,0.0,0.0,0.0,50,0.0,0.0,0.0,1.0
465631,0,1,3400,-62,62,686,19,11,1.1,52032.000000,0,2.1,0.0,0.0,0.0,100.000000,0.0,0.0,0.0,1.0
465880,0,1,3400,-62,62,685,16,11,0.92,141536.000000,0,2.1,0.0,0.0,0.0,0.0,0.0,0.0,0.0,1.0
466129,0,1,3400,-62,62,687,11,11,0.58,147936.000000,0,2.1,0.0,0.0,0.0,80,0.0,0.0,0.0,1.0
466378,0,1,3400,-62,62,683,6.9,11,0.50,138281.125000,0,2.1,0.0,0.0,0.0,80,0.0,0.0,0.0,1.0
466627,0,1,3400,-62,62,690,7.8,11,0.50,137312.000000,0,2.1,0.0,0.0,0.0,0.0,0.0,0.0,0.0,1.0
466876,0,1,3400,-62,62,684,8.3,11,0.57,91104.000000,0,2.1,0.0,0.0,0.0,0.0,0.0,0.0,0.0,1.0
467125,0,1,3400,-62,62,681,8.7,11,0.62,106240.000000,0,2.1,0.0,20,0.0,80,0.0,0.0,0.0,1.0
467374,0,1,3400,-62,62,682,8.7,11,0.50,102720.000000,0,2.1,0.0,0.0,0.0,80,0.0,0.0,0.0,1.0
467623,0,1,3400,-62,62,685,6.7,11,0.54,165131.468750,0,2.1,0.0,0.0,0.0,0.0,0.0,0.0,0.0,1.0
467872,0,1,3400,-62,62,688,5.4,11,0.54,156672.000000,0,2.1,0.0,0.0,0.0,0.0,0.0,0.0,0.0,1.0
468121,0,1,3400,-62,62,689,7.6,11,0.52,158368.000000,0,2.1,0.0,20,0.0,80,0.0,0.0,0.0,1.0
468370,0,1,3400,-62,62,692,8.9,11,0.57,113280.000000,0,2.1,0.0,0.0,0.0,80,0.0,0.0,0.0,1.0
468619,0,1,3400,-62,62,701,6.8,11,0.50,131680.000000,0,2.1,0.0,0.0,0.0,0.0,0.0,0.0,0.0,1.0
468868,0,1,3400,-62,62,689,11,11,0.50,85696.000000,0,2.1,0.0,0.0,0.0,0.0,0.0,0.0,0.0,1.0
469117,0,1,3400,-62,62,691,8.3,11,0.51,135871.484375,0,2.1,0.0,20,0.0,80,0.0,0.0,0.0,1.0
469366,0,1,3400,-62,62,679,5.8,11,0.50,114464.000000,0,2.1,0.0,0.0,0.0,80,0.0,0.0,0.0,1.0
469615,0,1,3400,-62,62,687,3.6,11,0.50,129216.000000,0,2.1,0.0,0.0,0.0,0.0,0.0,0.0,0.0,1.0
469864,0,1,3400,-62,62,688,14,11,0.70,108366.531250,0,2.1,0.0,0.0,0.0,0.0,0.0,0.0,0.0,1.0
470113,0,1,3400,-62,62,679,8.9,11,0.50,128640.000000,0,2.1,4.8,0.0,7040.000000,71,0.0,0.0,0.0,1.0
470362,0,1,3400,-62,62,676,12,11,0.53,82400.000000,0,2.1,5.0,0.0,0.0,0.0,0.0,0.0,0.0,1.0
470611,0,1,3400,-62,62,688,6.5,11,0.53,171598.390625,0,2.1,5.6,0.0,0.0,80,0.0,0.0,0.0,1.0
470860,0,1,3400,-62,62,688,11,11,0.53,99665.335938,0,2.1,6.4,0.0,0.0,0.0,0.0,0.0,0.0,1.0
471109,0,1,3400,-62,62,686,8.3,11,0.53,122698.796875,0,2.1,6.4,20,0.0,80,0.0,0.0,0.0,1.0
471358,0,1,3400,-62,62,689,4.5,11,0.50,124960.000000,0,2.1,6.5,20,0.0,0.0,0.0,0.0,0.0,1.0
471607,0,1,3400,-62,62,691,5.5,11,0.50,119648.000000,0,2.1,6.5,0.0,0.0,80,0.0,0.0,0.0,1.0
471856,0,1,3400,-62,62,696,6.4,11,0.50,125195.218750,0,2.1,6.5,0.0,0.0,0.0,0.0,0.0,0.0,1.0
472105,0,1,3400,-62,62,689,6.2,11,0.50,69248.000000,0,2.1,6.5,20,5536.000000,33,0.0,0.0,0.0,1.0
472354,0,1,3400,-62,62,692,7.5,11,0.51,176896.000000,0,2.1,6.5,0.0,0.0,80,0.0,0.0,0.0,1.0
472603,0,1,3400,-62,62,688,12,11,0.59,118752.000000,0,2.1,6.5,0.0,0.0,0.0,0.0,0.0,0.0,1.0
472852,0,1,3400,-62,62,683,11,11,0.50,135584.000000,0,2.1,6.5,0.0,0.0,0.0,0.0,0.0,0.0,1.0
473101,0,1,3400,-62,62,684,5.3,11,0.54,97317.265625,0,2.1,2.2,20,0.0,80,0.0,0.0,0.0,1.0
473350,0,1,3400,-62,62,686,9.3,11,0.55,148128.000000,0,2.1,0.0,0.0,0.0,80,0.0,0.0,0.0,1.0
473599,0,1,3400,-62,62,689,3.5,11,0.53,114976.000000,0,2.1,0.0,0.0,0.0,0.0,0.0,0.0,0.0,1.0
473848,0,1,3400,-62,62,692,4.4,11,0.50,169504.000000,0,2.1,0.0,0.0,0.0,0.0,0.0,0.0,0.0,1.0
474097,0,1,3400,-62,62,688,10.0,11,0.50,145529.875000,0,2.1,0.0,20,0.0,80,0.0,0.0,0.0,1.0
474346,0,1,3400,-62,62,684,11,11,0.50,141408.000000,0,2.1,0.0,0.0,0.0,50,0.0,0.0,0.0,1.0
474595,0,1,3400,-62,62,686,6.3,11,0.50,128672.000000,0,2.1,0.0,0.0,0.0,100.000000,0.0,0.0,0.0,1.0
474844,0,1,3400,-62,62,695,7.4,11,0.50,105632.000000,0,2.1,0.0,0.0,0.0,0.0,0.0,0.0,0.0,1.0
475093,0,1,3400,-62,62,695,9.2,11,0.50,149856.000000,0,2.1,0.0,20,0.0,80,0.0,0.0,0.0,1.0
475342,0,1,3400,-62,62,683,8.6,11,0.60,119807.226562,0,2.1,0.0,0.0,0.0,50,0.0,0.0,0.0,1.0
475591,0,1,3400,-62,62,693,7.6,11,0.50,136160.000000,0,2.1,0.0,0.0,0.0,100.000000,0.0,0.0,0.0,1.0
475840,0,1,3400,-62,62,689,9.0,11,0.58,147616.000000,0,2.1,0.0,0.0,0.0,0.0,0.0,0.0,0.0,1.0
476089,0,1,3400,-62,62,681,14,11,0.75,121952.000000,0,2.1,0.0,20,5536.000000,33,0.0,0.0,0.0,1.0
476338,0,1,3400,-62,62,686,10,11,0.63,131601.593750,0,2.1,0.0,0.0,0.0,80,0.0,0.0,0.0,1.0
476587,0,1,3400,-62,62,677,11,11,0.58,149696.000000,0,2.1,0.0,0.0,0.0,0.0,0.0,0.0,0.0,1.0
476836,0,1,3400,-62,62,683,8.1,11,0.55,130112.000000,0,2.1,0.0,0.0,0.0,80,0.0,0.0,0.0,1.0
477085,0,1,3400,-62,62,680,11,11,0.63,72992.000000,0,2.1,12,0.0,175360.000000,65,0.0,0.0,0.0,1.0
477334,0,1,3400,-62,62,680,8.2,11,0.54,121767.070312,0,2.1,16,0.0,0.0,0.0,0.0,0.0,0.0,1.0
477583,0,1,3400,-62,62,689,11,11,0.70,151552.000000,0,2.1,16,0.0,0.0,0.0,0.0,0.0,0.0,1.0
477832,0,1,3400,-62,62,690,18,11,1.0,120640.000000,0,2.1,16,0.0,0.0,0.0,0.0,0.0,0.0,1.0
478081,0,1,3400,-62,62,694,11,11,0.66,125760.000000,0,2.1,11,20,0.0,80,0.0,0.0,0.0,1.0
478330,0,1,3400,-62,62,694,4.9,11,0.50,141737.046875,0,2.1,8.0,0.0,0.0,80,0.0,0.0,0.0,1.0
478579,0,1,3400,-62,62,688,7.4,11,0.55,132768.000000,0,2.1,8.0,0.0,0.0,0.0,0.0,0.0,0.0,1.0
478828,0,1,3400,-62,62,692,5.3,11,0.50,127776.000000,0,2.1,8.0,0.0,0.0,0.0,0.0,0.0,0.0,1.0
479077,0,1,3400,-62,62,684,11,11,0.86,102560.000000,2,2.1,1.5,20,0.0,80,0.0,0.0,0.0,1.0
479326,0,1,3400,-62,62,684,10,11,0.64,140690.765625,0,2.1,0.0,0.0,0.0,80,0.0,0.0,0.0,1.0
479575,0,1,3400,-62,62,684,6.3,11,0.50,101920.000000,0,2.1,0.0,0.0,0.0,0.0,0.0,0.0,0.0,1.0
479824,0,1,3400,-62,62,685,6.7,11,0.50,110112.000000,0,2.1,0.0,0.0,0.0,0.0,0.0,0.0,0.0,1.0
480073,0,1,3400,-62,62,690,11,11,0.61,135200.000000,0,2.1,0.0,20,0.0,80,0.0,0.0,0.0,1.0
480322,0,1,3400,-62,62,687,8.3,11,0.50,77792.000000,0,2.1,0.0,0.0,0.0,80,0.0,0.0,0.0,1.0
480571,0,1,3400,-62,62,694,10,11,0.51,114007.968750,0,2.1,0.0,0.0,0.0,0.0,0.0,0.0,0.0,1.0
480820,0,1,3400,-62,62,690,6.1,11,0.50,123456.000000,0,2.1,0.0,0.0,0.0,0.0,0.0,0.0,0.0,1.0
481069,0,1,3400,-62,62,686,5.8,11,0.50,143808.000000,0,2.1,0.0,20,0.0,80,0.0,0.0,0.0,1.0
481318,0,1,3400,-62,62,679,11,11,0.56,96928.000000,0,2.1,0.0,0.0,0.0,80,0.0,0.0,0.0,1.0
481567,0,1,3400,-62,62,691,13,11,0.64,101397.593750,0,2.1,0.0,0.0,0.0,0.0,0.0,0.0,0.0,1.0
481816,0,1,3400,-62,62,690,7.0,11,0.50,107776.000000,0,2.1,0.0,0.0,0.0,0.0,0.0,0.0,0.0,1.0
482065,0,1,3400,-62,62,692,5.7,11,0.50,141664.000000,0,2.1,0.0,20,0.0,80,0.0,0.0,0.0,1.0
482314,0,1,3400,-62,62,689,5.4,11,0.53,116320.000000,0,2.1,0.0,0.0,0.0,80,0.0,0.0,0.0,1.0
482563,0,1,3400,-62,62,693,8.5,11,0.57,126464.000000,0,2.1,0.0,0.0,0.0,0.0,0.0,0.0,0.0,1.0
482812,0,1,3400,-62,62,686,15,11,0.73,136000.000000,0,2.1,0.0,0.0,0.0,0.0,0.0,0.0,0.0,1.0
483061,0,1,3400,-62,62,685,10,11,0.50,114464.000000,0,2.1,0.0,20,0.0,80,0.0,0.0,0.0,1.0
483310,0,1,3400,-62,62,692,7.9,11,0.50,126208.000000,0,2.1,0.0,0.0,0.0,50,0.0,0.0,0.0,1.0
483559,0,1,3400,-62,62,684,11,11,0.63,135614.453125,0,2.1,0.0,0.0,0.0,100.000000,0.0,0.0,0.0,1.0
483808,0,1,3400,-62,62,683,8.5,11,0.57,105984.000000,0,2.1,0.0,0.0,0.0,0.0,0.0,0.0,0.0,1.0
484057,0,1,3400,-62,62,681,2.9,11,0.50,171616.000000,0,2.1,0.0,20,0.0,80,0.0,0.0,0.0,1.0
484306,0,1,3400,-62,62,683,7.2,11,0.50,89696.000000,0,2.1,0.0,20,0.0,0.0,0.0,0.0,0.0,1.0
484555,0,1,3400,-62,62,686,12,11,0.62,170624.000000,0,2.1,0.0,0.0,0.0,80,0.0,0.0,0.0,1.0
484804,0,1,3400,-62,62,683,13,11,0.83,166725.093750,0,2.1,0.0,0.0,0.0,0.0,0.0,0.0,0.0,1.0
485053,0,1,3400,-62,62,684,11,11,0.50,97760.000000,0,2.1,0.0,174,0.0,80,0.0,0.0,0.0,1.0
485302,0,1,3400,-62,62,692,11,11,0.57,148128.000000,0,2.1,0.0,8.0,0.0,80,0.0,0.0,0.0,1.0
485551,0,1,3400,-62,62,695,8.6,11,0.50,110329.320312,0,2.1,0.0,8.0,0.0,0.0,0.0,0.0,0.0,1.0
485800,0,1,3400,-62,62,692,12,11,0.55,107360.000000,0,2.1,0.0,0.0,0.0,80,0.0,0.0,0.0,1.0
486049,0,1,3400,-62,62,686,9.9,11,0.64,137760.000000,0,2.1,0.82,0.0,15744.000000,44,0.0,0.0,0.0,1.0
486298,0,1,3400,-62,62,680,9.4,11,0.58,69408.000000,0,2.1,0.0,0.0,0.0,0.0,0.0,0.0,0.0,1.0
486547,0,1,3400,-62,62,682,9.8,11,0.52,88416.000000,0,2.1,0.0,0.0,0.0,0.0,0.0,0.0,0.0,1.0
486796,0,1,3400,-62,62,685,12,11,0.68,148128.000000,0,2.1,0.0,0.0,0.0,0.0,0.0,0.0,0.0,1.0
487045,0,1,3400,-62,62,694,9.7,11,0.53,98262.945312,0,2.1,10,0.0,1529.880493,62,0.0,0.0,0.0,1.0
487294,0,1,3400,-62,62,684,6.3,11,0.50,124864.000000,0,2.1,20,0.0,0.0,80,0.0,0.0,0.0,1.0
487543,0,1,3400,-62,62,683,5.5,11,0.50,145472.000000,0,2.1,22,0.0,0.0,0.0,0.0,0.0,0.0,1.0
487792,0,1,3400,-62,62,685,6.6,11,0.53,164160.000000,0,2.1,22,0.0,0.0,0.0,0.0,0.0,0.0,1.0
488041,0,1,3400,-62,62,687,7.1,11,0.50,134304.000000,0,2.1,19,0.0,0.0,80,0.0,0.0,0.0,1.0
488290,0,1,3400,-62,62,688,3.7,11,0.50,149088.000000,0,2.1,15,0.0,0.0,0.0,0.0,0.0,0.0,1.0
488539,0,1,3400,-62,62,689,5.9,11,0.50,171936.000000,0,2.1,15,0.0,0.0,0.0,0.0,0.0,0.0,1.0
488788,0,1,3400,-62,62,687,8.8,11,0.50,128992.000000,0,2.1,15,0.0,19872.000000,50,0.0,0.0,0.0,1.0
489037,0,1,3400,-62,62,692,6.9,11,0.50,109376.000000,0,2.1,9.7,20,0.0,80,0.0,0.0,0.0,1.0
489286,0,1,3400,-62,62,696,8.5,11,0.59,124462.148438,0,2.1,7.5,0.0,0.0,80,0.0,0.0,0.0,1.0
489535,0,1,3400,-62,62,694,5.6,11,0.50,136096.000000,0,2.1,7.5,0.0,0.0,0.0,0.0,0.0,0.0,1.0
489784,0,1,3400,-62,62,690,12,11,0.69,102329.320312,0,2.1,7.5,0.0,0.0,0.0,0.0,0.0,0.0,1.0
490033,0,1,3400,-62,62,690,12,11,0.70,87266.929688,0,2.1,4.0,0.0,2868.525879,44,0.0,0.0,0.0,1.0
490282,0,1,3400,-62,62,689,7.4,11,0.50,106473.898438,0,2.1,0.0,0.0,0.0,0.0,0.0,0.0,0.0,1.0
490531,0,1,3400,-62,62,682,3.8,11,0.50,126144.000000,0,2.1,2.0,0.0,0.0,80,0.0,0.0,0.0,1.0
490780,0,1,3400,-62,62,685,6.8,11,0.53,112576.000000,0,2.1,7.4,0.0,0.0,0.0,0.0,0.0,0.0,1.0
491029,0,1,3400,-62,62,686,5.7,11,0.50,117376.000000,0,2.1,7.5,20,0.0,80,0.0,0.0,0.0,1.0
491278,0,1,3400,-62,62,691,5.6,11,0.50,85163.343750,0,2.1,7.5,0.0,0.0,80,0.0,0.0,0.0,1.0
491527,0,1,3400,-62,62,694,9.8,11,0.50,129504.000000,0,2.1,7.5,0.0,0.0,80,0.0,0.0,0.0,1.0
491776,0,1,3400,-62,62,689,8.6,11,0.54,115744.000000,0,2.1,7.5,0.0,0.0,0.0,0.0,0.0,0.0,1.0
492025,0,1,3400,-62,62,686,5.9,11,0.50,132947.796875,0,2.1,7.5,20,0.0,80,0.0,0.0,0.0,1.0
492274,0,1,3400,-62,62,683,8.7,11,0.50,122816.000000,0,2.1,7.5,0.0,0.0,80,0.0,0.0,0.0,1.0
492523,0,1,3400,-62,62,686,15,11,0.82,142080.000000,0,2.1,7.5,0.0,0.0,0.0,0.0,0.0,0.0,1.0
492772,0,1,3400,-62,62,692,11,11,0.85,129376.000000,0.9,2.1,7.5,0.0,0.0,0.0,0.0,0.0,0.0,1.0
493021,0,1,3400,-62,62,683,13,11,0.60,144928.000000,0,2.1,7.5,20,0.0,80,0.0,0.0,0.0,1.0
493270,0,1,3400,-62,62,688,8.1,11,0.55,107904.000000,0,2.1,7.5,0.0,0.0,80,0.0,0.0,0.0,1.0
493519,0,1,3400,-62,62,684,3.8,11,0.50,141227.093750,0,2.1,7.5,0.0,0.0,0.0,0.0,0.0,0.0,1.0
493768,0,1,3400,-62,62,689,17,11,0.95,141696.000000,0,2.1,7.5,0.0,0.0,0.0,0.0,0.0,0.0,1.0
494017,0,1,3400,-62,62,687,13,11,0.81,118752.000000,0,2.1,14,0.0,87872.000000,66,0.0,0.0,0.0,1.0
494266,0,1,3400,-62,62,689,9.1,11,0.50,137510.046875,0,2.1,16,0.0,0.0,0.0,0.0,0.0,0.0,1.0
494515,0,1,3400,-62,62,682,15,11,0.67,140352.000000,0,2.1,16,0.0,0.0,80,0.0,0.0,0.0,1.0
494764,0,1,3400,-62,62,684,10.0,11,0.50,128224.000000,0,2.1,16,0.0,0.0,0.0,0.0,0.0,0.0,1.0
495013,0,1,3400,-62,62,688,6.2,11,0.50,128544.000000,0,2.1,16,0.0,0.0,80,0.0,0.0,0.0,1.0
495262,0,1,3400,-62,62,693,6.8,11,0.56,105824.000000,0,2.1,16,0.0,0.0,0.0,0.0,0.0,0.0,1.0
495511,0,1,3400,-62,62,687,19,11,1.0,97984.000000,0,2.1,16,0.0,0.0,0.0,0.0,0.0,0.0,1.0
495760,0,1,3400,-62,62,679,13,11,0.79,114039.843750,0,2.1,16,0.0,0.0,0.0,0.0,0.0,0.0,1.0
496009,0,1,3400,-62,62,677,7.8,11,0.50,108864.000000,0,2.1,10,20,0.0,80,0.0,0.0,0.0,1.0
496258,0,1,3400,-62,62,684,8.3,11,0.62,104064.000000,0,2.1,5.8,0.0,0.0,80,0.0,0.0,0.0,1.0
496507,0,1,3400,-62,62,694,6.3,11,0.56,79325.304688,0,2.1,0.0,0.0,0.0,0.0,0.0,0.0,0.0,1.0
496756,0,1,3400,-62,62,691,11,11,0.67,113888.000000,0,2.1,0.0,0.0,0.0,0.0,0.0,0.0,0.0,1.0
497005,0,1,3400,-62,62,687,8.0,11,0.50,94720.000000,0,2.1,0.82,0.0,4800.000000,57,0.0,0.0,0.0,1.0
497254,0,1,3400,-62,62,697,8.6,11,0.59,149376.000000,0,2.1,0.0,0.0,0.0,0.0,0.0,0.0,0.0,1.0
497503,0,1,3400,-62,62,691,11,11,0.60,95264.000000,0,2.1,0.0,0.0,0.0,0.0,0.0,0.0,0.0,1.0
497752,0,1,3400,-62,62,696,5.3,11,0.50,118119.523438,0,2.1,0.0,0.0,0.0,0.0,0.0,0.0,0.0,1.0
498001,0,1,3400,-62,62,702,12,11,0.70,106944.000000,0,2.1,4.7,0.0,12128.000000,62,0.0,0.0,0.0,1.0
498250,0,1,3400,-62,62,696,7.6,11,0.55,141536.000000,0,2.1,0.0,0.0,0.0,80,0.0,0.0,0.0,1.0
498499,0,1,3400,-62,62,690,8.3,11,0.50,144736.000000,0,2.1,0.0,0.0,0.0,0.0,0.0,0.0,0.0,1.0
498748,0,1,3400,-62,62,696,3.2,11,0.50,107212.851562,0,2.1,0.0,0.0,0.0,80,0.0,0.0,0.0,1.0
498997,0,1,3400,-62,62,701,10,11,0.63,92000.000000,0,2.1,0.0,20,0.0,80,0.0,0.0,0.0,1.0
499246,0,1,3400,-62,62,699,7.7,11,0.51,110016.000000,0,2.1,0.0,0.0,0.0,80,0.0,0.0,0.0,1.0
499495,0,1,3400,-62,62,704,9.6,11,0.55,140608.000000,0,2.1,0.0,0.0,0.0,78,0.0,0.0,0.0,1.0
499744,0,1,3400,-62,62,695,9.8,11,0.63,97504.000000,0,2.1,0.0,0.0,0.0,100.000000,0.0,0.0,0.0,1.0
499993,0,1,3400,-62,62,694,10,11,0.76,118119.523438,0,2.1,0.048,0.0,5641.434082,57,0.0,0.0,0.0,1.0
500242,0,1,3400,-62,62,691,8.9,11,0.50,116640.000000,0,2.1,0.50,0.0,0.0,0.0,0.0,0.0,0.0,1.0
500491,0,1,3400,-62,62,694,5.9,11,0.50,171008.000000,0,2.1,0.50,0.0,0.0,0.0,0.0,0.0,0.0,1.0
500740,0,1,3400,-62,62,691,10,11,0.50,128832.000000,0,2.1,0.50,0.0,0.0,80,0.0,0.0,0.0,1.0
500989,0,1,3400,-62,62,698,13,11,0.83,120610.445312,0,2.1,6.3,0.0,170570.281250,64,0.0,0.0,0.0,1.0
501238,0,1,3400,-62,62,702,8.4,11,0.58,107008.000000,0,2.1,8.0,0.0,0.0,0.0,0.0,0.0,0.0,1.0
501487,0,1,3400,-62,62,687,7.8,11,0.53,150464.000000,0,2.1,8.0,0.0,0.0,80,0.0,0.0,0.0,1.0
501736,0,1,3400,-62,62,686,5.5,11,0.50,141728.000000,0,2.1,8.0,0.0,0.0,0.0,0.0,0.0,0.0,1.0
501985,0,1,3400,-62,62,689,8.8,11,0.58,123392.000000,0,2.1,8.0,20,0.0,80,0.0,0.0,0.0,1.0
502234,0,1,3400,-62,62,688,8.5,11,0.50,123474.101562,0,2.1,6.2,0.0,0.0,80,0.0,0.0,0.0,1.0
502483,0,1,3400,-62,62,686,7.9,11,0.50,105285.140625,0,2.1,0.0,0.0,0.0,0.0,0.0,0.0,0.0,1.0
502732,0,1,3400,-62,62,688,12,11,0.77,150087.656250,0,2.1,0.0,0.0,0.0,80,0.0,0.0,0.0,1.0
502981,0,1,3400,-62,62,695,13,11,0.68,155437.750000,0,2.1,0.0,20,0.0,80,0.0,0.0,0.0,1.0
503230,0,1,3400,-62,62,693,17,11,0.85,110720.000000,0,2.1,0.0,0.0,0.0,80,0.0,0.0,0.0,1.0
503479,0,1,3400,-62,62,690,14,11,0.91,64800.000000,0,2.1,0.0,0.0,0.0,0.0,0.0,0.0,0.0,1.0
503728,0,1,3400,-62,62,694,6.2,11,0.50,111680.000000,0,2.1,0.0,0.0,0.0,0.0,0.0,0.0,0.0,1.0
503977,0,1,3400,-62,62,698,8.4,11,0.50,197312.000000,0,2.1,0.0,20,0.0,80,0.0,0.0,0.0,1.0
504226,0,1,3400,-62,62,692,14,11,0.82,121561.750000,2,2.1,0.0,0.0,0.0,50,0.0,0.0,0.0,1.0
504475,0,1,3400,-62,62,694,15,11,0.79,118816.000000,0,2.1,0.0,0.0,0.0,100.000000,0.0,0.0,0.0,1.0
504724,0,1,3400,-62,62,702,6.7,11,0.54,140288.000000,0,2.1,0.0,0.0,0.0,0.0,0.0,0.0,0.0,1.0
504973,0,1,3400,-62,62,700,12,11,0.70,93172.687500,0,2.1,0.0,20,0.0,80,0.0,0.0,0.0,1.0
505222,0,1,3400,-62,62,697,11,11,0.59,134624.000000,0,2.1,0.0,0.0,0.0,50,0.0,0.0,0.0,1.0
505471,0,1,3400,-62,62,691,7.4,11,0.57,153536.000000,0,2.1,0.0,0.0,0.0,100.000000,0.0,0.0,0.0,1.0
505720,0,1,3400,-62,62,685,8.0,11,0.50,136160.000000,0,2.1,0.0,0.0,0.0,0.0,0.0,0.0,0.0,1.0
505969,0,1,3400,-62,62,691,12,11,0.56,107680.000000,0,2.1,0.0,20,0.0,80,0.0,0.0,0.0,1.0
506218,0,1,3400,-62,62,696,5.9,11,0.50,138368.000000,0,2.1,0.0,0.0,0.0,50,0.0,0.0,0.0,1.0
506467,0,1,3400,-62,62,696,9.7,11,0.57,94023.906250,0,2.1,0.0,0.0,0.0,100.000000,0.0,0.0,0.0,1.0
506716,0,1,3400,-62,62,688,17,11,0.75,114624.000000,0,2.1,0.0,0.0,0.0,0.0,0.0,0.0,0.0,1.0
506965,0,1,3400,-62,62,688,5.6,11,0.52,151742.968750,0,2.1,11,0.0,10827.309570,0,0.0,0.0,0.0,1.0
507214,0,1,3400,-62,62,697,12,11,0.72,123680.000000,0,2.1,14,0.0,0.0,0.0,0.0,0.0,0.0,1.0
507463,0,1,3400,-62,62,685,9.5,11,0.56,149376.000000,0,2.1,14,0.0,0.0,0.0,0.0,0.0,0.0,1.0
507712,0,1,3400,-62,62,684,10,11,0.50,130400.000000,0,2.1,14,0.0,0.0,0.0,0.0,0.0,0.0,1.0
507961,0,1,3400,-62,62,693,13,11,0.50,139008.000000,0,2.1,17,0.0,23776.000000,61,0.0,0.0,0.0,1.0
508210,0,1,3400,-62,62,699,7.3,11,0.50,96160.000000,0,2.1,20,0.0,0.0,0.0,0.0,0.0,0.0,1.0
508459,0,1,3400,-62,62,692,5.8,11,0.50,151712.000000,0,2.1,22,0.0,0.0,80,0.0,0.0,0.0,1.0
508708,0,1,3400,-62,62,691,7.4,11,0.55,145625.500000,0,2.1,22,0.0,0.0,0.0,0.0,0.0,0.0,1.0
508957,0,1,3400,-62,62,691,8.7,11,0.50,99712.000000,0,2.1,16,0.0,0.0,80,0.0,0.0,0.0,1.0
509206,0,1,3400,-62,62,697,14,11,0.60,123726.906250,0,2.1,15,0.0,0.0,0.0,0.0,0.0,0.0,1.0
509455,0,1,3400,-62,62,680,12,11,0.54,71200.000000,0,2.1,15,0.0,0.0,0.0,0.0,0.0,0.0,1.0
509704,0,1,3400,-62,62,678,12,11,0.84,163648.000000,0,2.1,15,0.0,0.0,0.0,0.0,0.0,0.0,1.0
509953,0,1,3400,-62,62,674,11,11,0.61,152224.000000,0,2.1,10,20,0.0,80,0.0,0.0,0.0,1.0
510202,0,1,3400,-62,62,680,11,11,0.50,167264.000000,0,2.1,7.5,0.0,0.0,80,0.0,0.0,0.0,1.0
510451,0,1,3400,-62,62,685,6.7,11,0.50,80128.000000,0,2.1,7.5,0.0,0.0,0.0,0.0,0.0,0.0,1.0
510700,0,1,3400,-62,62,690,5.5,11,0.50,108717.132812,0,2.1,7.5,0.0,0.0,0.0,0.0,0.0,0.0,1.0
510949,0,1,3400,-62,62,688,5.7,11,0.50,162859.437500,0,2.1,7.5,20,0.0,80,0.0,0.0,0.0,1.0
511198,0,1,3400,-62,62,686,17,11,0.88,124398.406250,0,2.1,7.5,0.0,0.0,80,0.0,0.0,0.0,1.0
511447,0,1,3400,-62,62,691,13,11,0.50,70200.804688,0,2.1,7.5,0.0,0.0,0.0,0.0,0.0,0.0,1.0
511696,0,1,3400,-62,62,688,8.3,11,0.50,115168.000000,0,2.1,7.5,0.0,0.0,0.0,0.0,0.0,0.0,1.0
511945,0,1,3400,-62,62,686,9.0,11,0.71,158272.000000,0.8,2.1,7.5,20,0.0,80,0.0,0.0,0.0,1.0
512194,0,1,3400,-62,62,685,7.4,11,0.50,137248.000000,0,2.1,7.5,0.0,0.0,80,0.0,0.0,0.0,1.0
512443,0,1,3400,-62,62,687,10,11,0.62,104160.000000,0,2.1,7.5,0.0,0.0,0.0,0.0,0.0,0.0,1.0
512692,0,1,3400,-62,62,688,11,11,0.67,112672.000000,0,2.1,7.5,0.0,0.0,0.0,0.0,0.0,0.0,1.0
512941,0,1,3400,-62,62,694,7.4,11,0.55,99792.828125,0,2.1,4.4,0.0,8828.685547,72,0.0,0.0,0.0,1.0
513190,0,1,3400,-62,62,684,8.3,11,0.57,95136.000000,0,2.1,0.0,0.0,0.0,0.0,0.0,0.0,0.0,1.0
513439,0,1,3400,-62,62,675,6.0,11,0.50,152160.000000,0,2.1,0.0,0.0,0.0,0.0,0.0,0.0,0.0,1.0
513688,0,1,3400,-62,62,680,6.1,11,0.53,119808.000000,0,2.1,0.0,0.0,0.0,80,0.0,0.0,0.0,1.0
513937,0,1,3400,-62,62,684,9.4,11,0.60,136000.000000,0,2.1,8.7,0.0,6489.959961,50,0.0,0.0,0.0,1.0
514186,0,1,3400,-62,62,685,16,11,1.0,106624.000000,0,2.1,20,0.0,0.0,0.0,0.0,0.0,0.0,1.0
514435,0,1,3400,-62,62,689,4.8,11,0.50,137216.000000,0,2.1,20,0.0,0.0,0.0,0.0,0.0,0.0,1.0
514684,0,1,3400,-62,62,690,8.0,11,0.58,130176.000000,0,2.1,14,0.0,0.0,80,0.0,0.0,0.0,1.0
514933,0,1,3400,-62,62,697,6.6,11,0.54,132032.000000,0,2.1,11,20,0.0,80,0.0,0.0,0.0,1.0
515182,0,1,3400,-62,62,696,8.0,11,0.61,103362.546875,0,2.1,7.0,0.0,0.0,50,0.0,0.0,0.0,1.0
515431,0,1,3400,-62,62,687,12,11,0.50,138848.000000,0,2.1,0.0,0.0,0.0,100.000000,0.0,0.0,0.0,1.0
515680,0,1,3400,-62,62,685,5.5,11,0.50,135775.093750,0,2.1,0.0,0.0,0.0,0.0,0.0,0.0,0.0,1.0
515929,0,1,3400,-62,62,689,7.0,11,0.54,144892.437500,0,2.1,7.7,0.0,4780.876465,62,0.0,0.0,0.0,1.0
516178,0,1,3400,-62,62,688,5.9,11,0.50,124176.703125,0,2.1,15,0.0,0.0,0.0,0.0,0.0,0.0,1.0
516427,0,1,3400,-62,62,689,8.6,11,0.52,114880.000000,0,2.1,15,0.0,0.0,0.0,0.0,0.0,0.0,1.0
516676,0,1,3400,-62,62,691,9.8,11,0.59,153952.000000,0,2.1,15,0.0,0.0,0.0,0.0,0.0,0.0,1.0
516925,0,1,3400,-62,62,690,18,11,0.99,109600.000000,0,2.1,8.0,0.0,27360.000000,58,0.0,0.0,0.0,1.0
517174,0,1,3400,-62,62,693,9.9,11,0.57,136896.000000,0,2.1,0.0,0.0,0.0,80,0.0,0.0,0.0,1.0
517423,0,1,3400,-62,62,696,5.9,11,0.50,156685.265625,0,2.1,0.0,0.0,0.0,0.0,0.0,0.0,0.0,1.0
517672,0,1,3400,-62,62,696,4.7,11,0.50,137408.000000,0,2.1,0.0,0.0,0.0,0.0,0.0,0.0,0.0,1.0
517921,0,1,3400,-62,62,696,5.7,11,0.50,100819.273438,0,2.1,0.0,0.0,5558.232910,25,0.0,0.0,0.0,1.0
518170,0,1,3400,-62,62,694,10,11,0.50,71296.000000,0,2.1,0.0,0.0,0.0,100.000000,0.0,0.0,0.0,1.0
518419,0,1,3400,-62,62,696,13,11,0.50,69184.000000,0,2.1,0.0,0.0,0.0,0.0,0.0,0.0,0.0,1.0
518668,0,1,3400,-62,62,703,13,11,0.50,0.0,0.0,2.1,0.0,0.0,0.0,0.0,0.0,0.0,0.0,1.0
518917,0,1,3400,-62,62,702,13,11,0.50,0.0,0.0,2.1,0.0,0.0,0.0,0.0,0.0,0.0,0.0,1.0
519166,0,1,3400,-62,62,694,13,11,0.50,0.0,0.0,2.1,0.0,0.0,0.0,0.0,0.0,0.0,0.0,1.0
519415,0,1,3400,-62,62,699,13,11,0.50,0.0,0.0,2.1,0.0,0.0,0.0,0.0,0.0,0.0,0.0,1.0
519664,0,1,3400,-62,62,696,13,11,0.50,0.0,0.0,2.1,0.0,0.0,0.0,0.0,0.0,0.0,0.0,1.0
519913,0,1,3400,-62,62,704,13,11,0.50,0.0,0.0,2.1,0.0,0.0,0.0,0.0,0.0,0.0,0.0,1.0
520162,0,1,3400,-62,62,703,13,11,0.50,0.0,0.0,2.1,0.0,0.0,0.0,0.0,0.0,0.0,0.0,1.0
520411,0,1,3400,-62,62,706,13,11,0.50,0.0,0.0,2.1,0.0,0.0,0.0,0.0,0.0,0.0,0.0,1.0
520660,0,1,3400,-62,62,707,13,11,0.50,0.0,0.0,2.1,0.0,0.0,0.0,0.0,0.0,0.0,0.0,1.0
520909,0,1,3400,-62,62,700,13,11,0.50,0.0,0.0,2.1,0.0,0.0,0.0,0.0,0.0,0.0,0.0,1.0
521158,0,1,3400,-62,62,698,13,11,0.50,0.0,0.0,2.1,0.0,0.0,0.0,0.0,0.0,0.0,0.0,1.0
521407,0,1,3400,-62,62,698,13,11,0.50,0.0,0.0,2.1,0.0,0.0,0.0,0.0,0.0,0.0,0.0,1.0
521656,0,1,3400,-62,62,696,13,11,0.50,0.0,0.0,2.1,0.0,0.0,0.0,0.0,0.0,0.0,0.0,1.0
521905,0,1,3400,-62,62,699,13,11,0.50,0.0,0.0,2.1,0.0,0.0,0.0,0.0,0.0,0.0,0.0,1.0
522154,0,1,3400,-62,62,698,13,11,0.50,0.0,0.0,2.1,0.0,0.0,0.0,0.0,0.0,0.0,0.0,1.0
522403,0,1,3400,-62,62,700,13,11,0.50,0.0,0.0,2.1,0.0,0.0,0.0,0.0,0.0,0.0,0.0,1.0
522652,0,1,3400