time,cc,pci,earfcn,rsrp,pl,cfo,dl_mcs,dl_snr,dl_turbo,dl_brate,dl_bler,ul_ta,ul_mcs,ul_buff,ul_brate,ul_bler,rf_o,rf_u,rf_l,is_attached
0,0,0,4294967295,0.0,0.0,0.0,0.0,0.0,0.0,0.0,0.0,0.0,0.0,0.0,0.0,0.0,0.0,0.0,0.0,0.0
249,0,0,3400,0.0,0.0,0.0,0.0,0.0,0.0,0.0,0.0,0.0,0.0,0.0,0.0,0.0,0.0,0.0,0.0,0.0
498,0,0,3400,0.0,0.0,0.0,0.0,0.0,0.0,0.0,0.0,0.0,0.0,0.0,0.0,0.0,0.0,0.0,0.0,0.0
747,0,1,3400,-54,54,31,0.41,18,0.10,585,0,0.0,0.0,0.0,0.0,0.0,0.0,0.0,0.0,0.0
996,0,1,3400,-54,54,36,1.1,19,0.31,1312.000000,0,0.0,0.0,0.0,448,0,0.0,0.0,0.0,0.0
1245,0,1,3400,-54,54,37,2.6,19,0.48,1024.000000,0,1.0,0.0,33,224,0,0.0,0.0,0.0,1.0
1494,0,1,3400,-54,54,33,3.1,19,0.50,3200.000000,0,1.0,3.7,21,38400.000000,0,0.0,0.0,0.0,1.0
1743,0,1,3400,-54,54,35,2.7,19,0.50,6304.000000,0,2.1,12,0.0,94752.000000,0,0.0,0.0,0.0,1.0
1992,0,1,3400,-54,54,33,3.9,18,0.50,1824.000000,0,2.1,12,0.0,18080.000000,0,0.0,0.0,0.0,1.0
2241,0,1,3400,-54,54,33,5.0,17,0.50,0.0,0.0,2.1,12,0.0,0.0,0.0,0.0,0.0,0.0,1.0
2490,0,1,3400,-54,54,34,5.0,18,0.50,0.0,0.0,2.1,12,0.0,0.0,0.0,0.0,0.0,0.0,1.0
2739,0,1,3400,-54,54,31,5.0,19,0.50,0.0,0.0,2.1,12,0.0,0.0,0.0,0.0,0.0,0.0,1.0
2988,0,1,3400,-54,54,36,5.0,18,0.50,0.0,0.0,2.1,12,0.0,0.0,0.0,0.0,0.0,0.0,1.0
3237,0,1,3400,-54,54,37,5.0,19,0.50,0.0,0.0,2.1,12,0.0,0.0,0.0,0.0,0.0,0.0,1.0
3486,0,1,3400,-54,54,33,5.0,18,0.50,0.0,0.0,2.1,12,0.0,0.0,0.0,0.0,0.0,0.0,1.0
3735,0,1,3400,-54,54,33,5.0,18,0.50,0.0,0.0,2.1,12,0.0,0.0,0.0,0.0,0.0,0.0,1.0
3984,0,1,3400,-54,54,35,5.0,19,0.50,0.0,0.0,2.1,12,0.0,0.0,0.0,0.0,0.0,0.0,1.0
4233,0,1,3400,-54,54,29,5.0,18,0.50,0.0,0.0,2.1,12,0.0,0.0,0.0,0.0,0.0,0.0,1.0
4482,0,1,3400,-54,54,33,5.0,18,0.50,0.0,0.0,2.1,12,0.0,0.0,0.0,0.0,0.0,0.0,1.0
4731,0,1,3400,-54,54,36,5.0,19,0.50,0.0,0.0,2.1,12,0.0,0.0,0.0,0.0,0.0,0.0,1.0
4980,0,1,3400,-54,54,37,5.0,18,0.50,0.0,0.0,2.1,12,0.0,0.0,0.0,0.0,0.0,0.0,1.0
5229,0,1,3400,-54,54,32,5.0,18,0.50,0.0,0.0,2.1,12,0.0,0.0,0.0,0.0,0.0,0.0,1.0
5478,0,1,3400,-54,54,32,5.0,17,0.50,0.0,0.0,2.1,12,0.0,0.0,0.0,0.0,0.0,0.0,1.0
5727,0,1,3400,-54,54,36,5.0,17,0.50,0.0,0.0,2.1,12,0.0,0.0,0.0,0.0,0.0,0.0,1.0
5976,0,1,3400,-54,54,44,5.0,19,0.50,0.0,0.0,2.1,12,0.0,0.0,0.0,0.0,0.0,0.0,1.0
6225,0,1,3400,-54,54,39,5.0,17,0.50,0.0,0.0,2.1,12,0.0,0.0,0.0,0.0,0.0,0.0,1.0
6474,0,1,3400,-54,54,37,5.0,17,0.50,0.0,0.0,2.1,12,0.0,0.0,0.0,0.0,0.0,0.0,1.0
6723,0,1,3400,-54,54,36,5.0,19,0.50,0.0,0.0,2.1,12,0.0,0.0,0.0,0.0,0.0,0.0,1.0
6972,0,1,3400,-54,54,37,5.0,18,0.50,0.0,0.0,2.1,12,0.0,0.0,0.0,0.0,0.0,0.0,1.0
7221,0,1,3400,-54,54,35,5.0,18,0.50,0.0,0.0,2.1,12,0.0,0.0,0.0,0.0,0.0,0.0,1.0
7470,0,1,3400,-54,54,37,5.0,18,0.50,0.0,0.0,2.1,12,0.0,0.0,0.0,0.0,0.0,0.0,1.0
7719,0,1,3400,-54,54,38,5.0,19,0.50,0.0,0.0,2.1,12,0.0,0.0,0.0,0.0,0.0,0.0,1.0
7968,0,1,3400,-54,54,35,5.0,19,0.50,0.0,0.0,2.1,12,0.0,0.0,0.0,0.0,0.0,0.0,1.0
8217,0,1,3400,-54,54,29,5.0,18,0.50,0.0,0.0,2.1,12,0.0,0.0,0.0,0.0,0.0,0.0,1.0
8466,0,1,3400,-54,54,32,5.0,19,0.50,0.0,0.0,2.1,12,0.0,0.0,0.0,0.0,0.0,0.0,1.0
8715,0,1,3400,-54,54,34,5.0,19,0.50,0.0,0.0,2.1,12,0.0,0.0,0.0,0.0,0.0,0.0,1.0
8964,0,1,3400,-54,54,35,5.0,18,0.50,0.0,0.0,2.1,11,0.0,0.0,0.0,0.0,1.0,1.0,1.0
9213,0,1,3400,-54,54,39,5.0,18,0.50,0.0,0.0,2.1,12,0.0,0.0,0.0,0.0,0.0,0.0,1.0
9462,0,1,3400,-54,54,34,5.0,19,0.50,0.0,0.0,2.1,12,0.0,0.0,0.0,0.0,0.0,0.0,1.0
9711,0,1,3400,-54,54,33,5.0,19,0.50,0.0,0.0,2.1,11,0.0,0.0,0.0,0.0,0.0,0.0,1.0
9960,0,1,3400,-54,54,34,5.0,19,0.50,0.0,0.0,2.1,12,0.0,0.0,0.0,0.0,0.0,0.0,1.0
10209,0,1,3400,-54,54,40,5.0,18,0.50,0.0,0.0,2.1,12,0.0,0.0,0.0,0.0,0.0,0.0,1.0
10458,0,1,3400,-54,54,36,5.0,18,0.50,0.0,0.0,2.1,12,0.0,0.0,0.0,0.0,0.0,0.0,1.0
10707,0,1,3400,-54,54,33,5.0,18,0.50,0.0,0.0,2.1,12,0.0,0.0,0.0,0.0,0.0,0.0,1.0
10956,0,1,3400,-54,54,33,5.0,18,0.50,0.0,0.0,2.1,12,0.0,0.0,0.0,0.0,0.0,0.0,1.0
11205,0,1,3400,-54,54,34,5.0,19,0.50,0.0,0.0,2.1,12,0.0,0.0,0.0,0.0,0.0,0.0,1.0
11454,0,1,3400,-54,54,37,5.0,18,0.50,0.0,0.0,2.1,12,0.0,0.0,0.0,0.0,0.0,0.0,1.0
11703,0,1,3400,-54,54,32,5.0,18,0.50,0.0,0.0,2.1,12,0.0,0.0,0.0,0.0,0.0,0.0,1.0
11952,0,1,3400,-54,54,37,5.0,18,0.50,0.0,0.0,2.1,12,0.0,0.0,0.0,0.0,0.0,0.0,1.0
12201,0,1,3400,-54,54,39,5.0,19,0.50,0.0,0.0,2.1,12,0.0,0.0,0.0,0.0,0.0,0.0,1.0
12450,0,1,3400,-54,54,33,5.0,19,0.50,0.0,0.0,2.1,12,0.0,0.0,0.0,0.0,0.0,0.0,1.0
12699,0,1,3400,-54,54,29,5.0,17,0.50,0.0,0.0,2.1,11,0.0,0.0,0.0,0.0,0.0,0.0,1.0
12948,0,1,3400,-54,54,32,5.0,19,0.50,0.0,0.0,2.1,12,0.0,0.0,0.0,0.0,0.0,0.0,1.0
13197,0,1,3400,-54,54,39,5.0,18,0.50,0.0,0.0,2.1,12,0.0,0.0,0.0,0.0,0.0,0.0,1.0
13446,0,1,3400,-54,54,42,5.0,19,0.50,0.0,0.0,2.1,12,0.0,0.0,0.0,0.0,0.0,0.0,1.0
13695,0,1,3400,-54,54,37,5.0,19,0.50,0.0,0.0,2.1,12,0.0,0.0,0.0,0.0,0.0,0.0,1.0
13944,0,1,3400,-54,54,34,5.0,18,0.50,0.0,0.0,2.1,12,0.0,0.0,0.0,0.0,0.0,0.0,1.0
14193,0,1,3400,-54,54,37,5.0,19,0.50,0.0,0.0,2.1,12,0.0,0.0,0.0,0.0,0.0,0.0,1.0
14442,0,1,3400,-54,54,36,5.0,18,0.50,0.0,0.0,2.1,12,0.0,0.0,0.0,0.0,0.0,0.0,1.0
14691,0,1,3400,-54,54,34,5.0,18,0.50,0.0,0.0,2.1,12,0.0,0.0,0.0,0.0,0.0,0.0,1.0
14940,0,1,3400,-54,54,29,5.0,19,0.50,0.0,0.0,2.1,12,0.0,0.0,0.0,0.0,0.0,0.0,1.0
15189,0,1,3400,-54,54,33,5.0,19,0.50,0.0,0.0,2.1,12,0.0,0.0,0.0,0.0,0.0,0.0,1.0
15438,0,1,3400,-54,54,34,5.0,19,0.50,0.0,0.0,2.1,12,0.0,0.0,0.0,0.0,0.0,0.0,1.0
15687,0,1,3400,-54,54,35,5.0,18,0.50,0.0,0.0,2.1,12,0.0,0.0,0.0,0.0,0.0,0.0,1.0
15936,0,1,3400,-54,54,36,5.0,19,0.50,0.0,0.0,2.1,12,0.0,0.0,0.0,0.0,0.0,0.0,1.0
16185,0,1,3400,-54,54,36,5.0,18,0.50,0.0,0.0,2.1,12,0.0,0.0,0.0,0.0,0.0,0.0,1.0
16434,0,1,3400,-54,54,39,5.0,18,0.50,0.0,0.0,2.1,12,0.0,0.0,0.0,0.0,0.0,0.0,1.0
16683,0,1,3400,-54,54,39,5.0,18,0.50,0.0,0.0,2.1,12,0.0,0.0,0.0,0.0,0.0,0.0,1.0
16932,0,1,3400,-54,54,29,5.0,18,0.50,0.0,0.0,2.1,12,0.0,0.0,0.0,0.0,0.0,0.0,1.0
17181,0,1,3400,-54,54,31,5.0,20,0.50,0.0,0.0,2.1,12,0.0,0.0,0.0,0.0,0.0,0.0,1.0
17430,0,1,3400,-54,54,37,5.0,18,0.50,0.0,0.0,2.1,12,0.0,0.0,0.0,0.0,0.0,0.0,1.0
17679,0,1,3400,-54,54,36,5.0,19,0.50,0.0,0.0,2.1,12,0.0,0.0,0.0,0.0,0.0,0.0,1.0
17928,0,1,3400,-54,54,42,5.0,18,0.50,0.0,0.0,2.1,12,0.0,0.0,0.0,0.0,0.0,0.0,1.0
18177,0,1,3400,-54,54,37,5.0,18,0.50,0.0,0.0,2.1,12,0.0,0.0,0.0,0.0,0.0,0.0,1.0
18426,0,1,3400,-54,54,31,5.0,19,0.50,0.0,0.0,2.1,12,0.0,0.0,0.0,0.0,0.0,0.0,1.0
18675,0,1,3400,-54,54,34,5.0,19,0.50,0.0,0.0,2.1,12,0.0,0.0,0.0,0.0,0.0,0.0,1.0
18924,0,1,3400,-54,54,41,5.0,18,0.50,0.0,0.0,2.1,12,0.0,0.0,0.0,0.0,0.0,0.0,1.0
19173,0,1,3400,-54,54,35,5.0,19,0.50,0.0,0.0,2.1,12,0.0,0.0,0.0,0.0,0.0,0.0,1.0
19422,0,1,3400,-54,54,33,5.0,18,0.50,0.0,0.0,2.1,12,0.0,0.0,0.0,0.0,0.0,0.0,1.0
19671,0,1,3400,-54,54,38,5.0,19,0.50,0.0,0.0,2.1,11,0.0,0.0,0.0,0.0,0.0,0.0,1.0
19920,0,1,3400,-54,54,36,5.0,18,0.50,0.0,0.0,2.1,12,0.0,0.0,0.0,0.0,0.0,0.0,1.0
20169,0,1,3400,-54,54,31,5.0,19,0.50,0.0,0.0,2.1,12,0.0,0.0,0.0,0.0,0.0,0.0,1.0
20418,0,1,3400,-54,54,32,5.0,18,0.50,0.0,0.0,2.1,12,0.0,0.0,0.0,0.0,0.0,0.0,1.0
20667,0,1,3400,-54,54,33,5.0,19,0.50,0.0,0.0,2.1,12,0.0,0.0,0.0,0.0,0.0,0.0,1.0
20916,0,1,3400,-54,54,39,5.0,18,0.50,0.0,0.0,2.1,12,0.0,0.0,0.0,0.0,0.0,0.0,1.0
21165,0,1,3400,-54,54,41,5.0,18,0.50,0.0,0.0,2.1,12,0.0,0.0,0.0,0.0,0.0,0.0,1.0
21414,0,1,3400,-54,54,40,5.0,19,0.50,0.0,0.0,2.1,12,0.0,0.0,0.0,0.0,0.0,0.0,1.0
21663,0,1,3400,-54,54,37,5.0,18,0.50,0.0,0.0,2.1,12,0.0,0.0,0.0,0.0,0.0,0.0,1.0
21912,0,1,3400,-54,54,33,5.0,19,0.50,0.0,0.0,2.1,12,0.0,0.0,0.0,0.0,0.0,0.0,1.0
22161,0,1,3400,-54,54,28,5.0,18,0.50,0.0,0.0,2.1,12,0.0,0.0,0.0,0.0,0.0,0.0,1.0
22410,0,1,3400,-54,54,32,5.0,18,0.50,0.0,0.0,2.1,12,0.0,0.0,0.0,0.0,0.0,0.0,1.0
22659,0,1,3400,-54,54,39,5.0,19,0.50,0.0,0.0,2.1,12,0.0,0.0,0.0,0.0,0.0,0.0,1.0
22908,0,1,3400,-54,54,35,5.0,19,0.50,0.0,0.0,2.1,11,0.0,0.0,0.0,0.0,0.0,0.0,1.0
23157,0,1,3400,-54,54,36,5.0,18,0.50,0.0,0.0,2.1,12,0.0,0.0,0.0,0.0,0.0,0.0,1.0
23406,0,1,3400,-54,54,40,5.0,18,0.50,0.0,0.0,2.1,12,0.0,0.0,0.0,0.0,0.0,0.0,1.0
23655,0,1,3400,-54,54,36,5.0,18,0.50,0.0,0.0,2.1,12,0.0,0.0,0.0,0.0,0.0,0.0,1.0
23904,0,1,3400,-54,54,34,5.0,18,0.50,0.0,0.0,2.1,12,0.0,0.0,0.0,0.0,0.0,0.0,1.0
24153,0,1,3400,-54,54,30,5.0,18,0.50,0.0,0.0,2.1,12,0.0,0.0,0.0,0.0,0.0,0.0,1.0
24402,0,1,3400,-54,54,38,5.0,19,0.50,0.0,0.0,2.1,12,0.0,0.0,0.0,0.0,0.0,0.0,1.0
24651,0,1,3400,-54,54,41,5.0,18,0.50,0.0,0.0,2.1,12,0.0,0.0,0.0,0.0,0.0,0.0,1.0
24900,0,1,3400,-54,54,37,5.0,19,0.50,0.0,0.0,2.1,12,0.0,0.0,0.0,0.0,0.0,0.0,1.0
25149,0,1,3400,-54,54,33,5.0,18,0.50,0.0,0.0,2.1,12,0.0,0.0,0.0,0.0,0.0,0.0,1.0
25398,0,1,3400,-54,54,31,5.0,19,0.50,0.0,0.0,2.1,12,0.0,0.0,0.0,0.0,0.0,0.0,1.0
25647,0,1,3400,-54,54,33,5.0,18,0.50,0.0,0.0,2.1,12,0.0,0.0,0.0,0.0,0.0,0.0,1.0
25896,0,1,3400,-54,54,41,5.0,18,0.50,0.0,0.0,2.1,11,0.0,0.0,0.0,0.0,0.0,0.0,1.0
26145,0,1,3400,-54,54,41,5.0,18,0.50,0.0,0.0,2.1,12,0.0,0.0,0.0,0.0,0.0,0.0,1.0
26394,0,1,3400,-54,54,36,5.0,18,0.50,0.0,0.0,2.1,12,0.0,0.0,0.0,0.0,0.0,0.0,1.0
26643,0,1,3400,-54,54,34,5.0,18,0.50,0.0,0.0,2.1,12,0.0,0.0,0.0,0.0,0.0,0.0,1.0
26892,0,1,3400,-54,54,34,5.0,19,0.50,0.0,0.0,2.1,12,0.0,0.0,0.0,0.0,0.0,0.0,1.0
27141,0,1,3400,-54,54,40,5.0,19,0.50,0.0,0.0,2.1,12,0.0,0.0,0.0,0.0,0.0,0.0,1.0
27390,0,1,3400,-54,54,36,5.0,18,0.50,0.0,0.0,2.1,12,0.0,0.0,0.0,0.0,0.0,0.0,1.0
27639,0,1,3400,-54,54,38,5.0,18,0.50,0.0,0.0,2.1,12,0.0,0.0,0.0,0.0,0.0,0.0,1.0
27888,0,1,3400,-54,54,37,5.0,19,0.50,0.0,0.0,2.1,12,0.0,0.0,0.0,0.0,0.0,0.0,1.0
28137,0,1,3400,-54,54,34,5.0,17,0.50,0.0,0.0,2.1,12,0.0,0.0,0.0,0.0,0.0,0.0,1.0
28386,0,1,3400,-54,54,36,5.0,18,0.50,0.0,0.0,2.1,12,0.0,0.0,0.0,0.0,0.0,0.0,1.0
28635,0,1,3400,-54,54,33,5.0,19,0.50,0.0,0.0,2.1,12,0.0,0.0,0.0,0.0,0.0,0.0,1.0
28884,0,1,3400,-54,54,36,5.0,18,0.50,0.0,0.0,2.1,12,0.0,0.0,0.0,0.0,0.0,0.0,1.0
29133,0,1,3400,-54,54,37,5.0,18,0.50,0.0,0.0,2.1,12,0.0,0.0,0.0,0.0,0.0,0.0,1.0
29382,0,1,3400,-54,54,35,5.0,19,0.50,0.0,0.0,2.1,12,0.0,0.0,0.0,0.0,0.0,0.0,1.0
29631,0,1,3400,-54,54,39,5.0,18,0.50,0.0,0.0,2.1,13,0.0,17056.000000,0,0.0,0.0,0.0,1.0
29880,0,1,3400,-54,54,44,5.0,18,0.50,0.0,0.0,2.1,15,0.0,0.0,0.0,0.0,0.0,0.0,1.0
30129,0,1,3400,-54,54,40,5.0,18,0.50,0.0,0.0,2.1,15,0.0,0.0,0.0,0.0,0.0,0.0,1.0
30378,0,1,3400,-54,54,40,5.0,19,0.50,0.0,0.0,2.1,15,0.0,0.0,0.0,0.0,0.0,0.0,1.0
30627,0,1,3400,-54,54,39,5.0,19,0.50,0.0,0.0,2.1,15,0.0,0.0,0.0,0.0,0.0,0.0,1.0
30876,0,1,3400,-54,54,37,5.0,18,0.50,0.0,0.0,2.1,15,0.0,0.0,0.0,0.0,0.0,0.0,1.0
31125,0,1,3400,-54,54,37,5.0,19,0.50,0.0,0.0,2.1,15,0.0,0.0,0.0,0.0,0.0,0.0,1.0
31374,0,1,3400,-54,54,34,5.0,18,0.50,0.0,0.0,2.1,15,0.0,0.0,0.0,0.0,0.0,0.0,1.0
31623,0,1,3400,-54,54,39,5.0,18,0.50,0.0,0.0,2.1,15,0.0,0.0,0.0,0.0,0.0,0.0,1.0
31872,0,1,3400,-54,54,39,5.0,19,0.50,0.0,0.0,2.1,15,0.0,0.0,0.0,0.0,0.0,0.0,1.0
32121,0,1,3400,-54,54,39,5.0,18,0.50,0.0,0.0,2.1,15,0.0,0.0,0.0,0.0,0.0,0.0,1.0
32370,0,1,3400,-54,54,40,5.0,19,0.50,0.0,0.0,2.1,15,0.0,0.0,0.0,0.0,0.0,0.0,1.0
32619,0,1,3400,-54,54,37,5.0,18,0.50,0.0,0.0,2.1,15,0.0,0.0,0.0,0.0,0.0,0.0,1.0
32868,0,1,3400,-54,54,31,5.0,18,0.50,0.0,0.0,2.1,15,0.0,0.0,0.0,0.0,0.0,0.0,1.0
33117,0,1,3400,-54,54,31,5.0,19,0.50,0.0,0.0,2.1,15,0.0,0.0,0.0,0.0,0.0,0.0,1.0
33366,0,1,3400,-54,54,36,5.0,18,0.50,0.0,0.0,2.1,15,0.0,0.0,0.0,0.0,0.0,0.0,1.0
33615,0,1,3400,-54,54,37,5.0,18,0.50,0.0,0.0,2.1,15,0.0,0.0,0.0,0.0,0.0,0.0,1.0
33864,0,1,3400,-54,54,37,5.0,18,0.50,0.0,0.0,2.1,15,0.0,0.0,0.0,0.0,0.0,0.0,1.0
34113,0,1,3400,-54,54,42,5.0,18,0.50,0.0,0.0,2.1,15,0.0,0.0,0.0,0.0,0.0,0.0,1.0
34362,0,1,3400,-54,54,35,5.0,18,0.50,0.0,0.0,2.1,15,0.0,0.0,0.0,0.0,0.0,0.0,1.0
34611,0,1,3400,-54,54,34,5.0,18,0.50,0.0,0.0,2.1,15,0.0,0.0,0.0,0.0,0.0,0.0,1.0
34860,0,1,3400,-54,54,35,5.0,18,0.50,0.0,0.0,2.1,15,0.0,0.0,0.0,0.0,0.0,0.0,1.0
35109,0,1,3400,-54,54,30,5.0,19,0.50,0.0,0.0,2.1,15,0.0,0.0,0.0,0.0,0.0,0.0,1.0
35358,0,1,3400,-54,54,31,5.0,19,0.50,0.0,0.0,2.1,15,0.0,0.0,0.0,0.0,0.0,0.0,1.0
35607,0,1,3400,-54,54,33,5.0,18,0.50,0.0,0.0,2.1,15,0.0,0.0,0.0,0.0,0.0,0.0,1.0
35856,0,1,3400,-54,54,35,5.0,19,0.50,0.0,0.0,2.1,15,0.0,0.0,0.0,0.0,0.0,0.0,1.0
36105,0,1,3400,-54,54,39,5.0,19,0.50,0.0,0.0,2.1,15,0.0,0.0,0.0,0.0,0.0,0.0,1.0
36354,0,1,3400,-54,54,39,5.0,19,0.50,0.0,0.0,2.1,15,0.0,0.0,0.0,0.0,0.0,0.0,1.0
36603,0,1,3400,-54,54,36,5.0,17,0.50,0.0,0.0,2.1,15,0.0,0.0,0.0,0.0,0.0,0.0,1.0
36852,0,1,3400,-54,54,37,5.0,19,0.50,0.0,0.0,2.1,15,0.0,0.0,0.0,0.0,0.0,0.0,1.0
37101,0,1,3400,-54,54,34,5.0,18,0.50,0.0,0.0,2.1,15,0.0,0.0,0.0,0.0,0.0,0.0,1.0
37350,0,1,3400,-54,54,36,5.0,19,0.50,0.0,0.0,2.1,15,0.0,0.0,0.0,0.0,0.0,0.0,1.0
37599,0,1,3400,-54,54,37,5.0,18,0.50,0.0,0.0,2.1,15,0.0,0.0,0.0,0.0,0.0,0.0,1.0
37848,0,1,3400,-54,54,38,5.0,18,0.50,0.0,0.0,2.1,15,0.0,0.0,0.0,0.0,0.0,0.0,1.0
38097,0,1,3400,-54,54,38,5.0,18,0.50,0.0,0.0,2.1,15,0.0,0.0,0.0,0.0,0.0,0.0,1.0
38346,0,1,3400,-54,54,39,5.0,19,0.50,0.0,0.0,2.1,15,0.0,0.0,0.0,0.0,0.0,0.0,1.0
38595,0,1,3400,-54,54,37,5.0,19,0.50,0.0,0.0,2.1,15,0.0,0.0,0.0,0.0,0.0,0.0,1.0
38844,0,1,3400,-54,54,34,5.0,18,0.50,0.0,0.0,2.1,15,0.0,0.0,0.0,0.0,0.0,0.0,1.0
39093,0,1,3400,-54,54,36,5.0,18,0.50,0.0,0.0,2.1,15,0.0,0.0,0.0,0.0,0.0,0.0,1.0
39342,0,1,3400,-54,54,35,5.0,19,0.50,0.0,0.0,2.1,15,0.0,0.0,0.0,0.0,0.0,0.0,1.0
39591,0,1,3400,-54,54,36,5.0,18,0.50,0.0,0.0,2.1,15,0.0,0.0,0.0,0.0,0.0,0.0,1.0
39840,0,1,3400,-54,54,35,5.0,18,0.50,0.0,0.0,2.1,15,0.0,0.0,0.0,0.0,0.0,0.0,1.0
40089,0,1,3400,-54,54,40,5.0,18,0.50,0.0,0.0,2.1,15,0.0,0.0,0.0,0.0,0.0,0.0,1.0
40338,0,1,3400,-54,54,39,5.0,19,0.50,0.0,0.0,2.1,15,0.0,0.0,0.0,0.0,0.0,0.0,1.0
40587,0,1,3400,-54,54,35,5.0,18,0.50,0.0,0.0,2.1,15,0.0,0.0,0.0,0.0,0.0,0.0,1.0
40836,0,1,3400,-54,54,38,5.0,19,0.50,0.0,0.0,2.1,15,0.0,0.0,0.0,0.0,0.0,0.0,1.0
41085,0,1,3400,-54,54,44,5.0,18,0.50,0.0,0.0,2.1,15,0.0,0.0,0.0,0.0,0.0,0.0,1.0
41334,0,1,3400,-54,54,44,5.0,19,0.50,0.0,0.0,2.1,15,0.0,0.0,0.0,0.0,0.0,0.0,1.0
41583,0,1,3400,-54,54,37,5.0,19,0.50,0.0,0.0,2.1,15,0.0,0.0,0.0,0.0,0.0,0.0,1.0
41832,0,1,3400,-54,54,34,5.0,18,0.50,0.0,0.0,2.1,15,0.0,0.0,0.0,0.0,0.0,0.0,1.0
42081,0,1,3400,-54,54,34,5.0,19,0.50,0.0,0.0,2.1,15,0.0,0.0,0.0,0.0,0.0,0.0,1.0
42330,0,1,3400,-54,54,37,5.0,18,0.50,0.0,0.0,2.1,15,0.0,0.0,0.0,0.0,0.0,0.0,1.0
42579,0,1,3400,-54,54,33,5.0,18,0.50,0.0,0.0,2.1,15,0.0,0.0,0.0,0.0,0.0,0.0,1.0
42828,0,1,3400,-54,54,31,5.0,18,0.50,0.0,0.0,2.1,15,0.0,0.0,0.0,0.0,0.0,0.0,1.0
43077,0,1,3400,-54,54,36,5.0,18,0.50,0.0,0.0,2.1,15,0.0,0.0,0.0,0.0,0.0,0.0,1.0
43326,0,1,3400,-54,54,38,5.0,19,0.50,0.0,0.0,2.1,15,0.0,0.0,0.0,0.0,0.0,0.0,1.0
43575,0,1,3400,-54,54,37,5.0,19,0.50,0.0,0.0,2.1,15,0.0,0.0,0.0,0.0,0.0,0.0,1.0
43824,0,1,3400,-54,54,36,5.0,19,0.50,0.0,0.0,2.1,15,0.0,0.0,0.0,0.0,0.0,0.0,1.0
44073,0,1,3400,-54,54,32,5.0,18,0.50,0.0,0.0,2.1,15,0.0,0.0,0.0,0.0,0.0,0.0,1.0
44322,0,1,3400,-54,54,32,5.0,18,0.50,0.0,0.0,2.1,15,0.0,0.0,0.0,0.0,0.0,0.0,1.0
44571,0,1,3400,-54,54,33,5.0,18,0.50,0.0,0.0,2.1,15,0.0,0.0,0.0,0.0,0.0,0.0,1.0
44820,0,1,3400,-54,54,36,5.0,18,0.50,0.0,0.0,2.1,15,0.0,0.0,0.0,0.0,0.0,0.0,1.0
45069,0,1,3400,-54,54,35,5.0,18,0.50,0.0,0.0,2.1,15,0.0,0.0,0.0,0.0,0.0,0.0,1.0
45318,0,1,3400,-54,54,39,5.0,19,0.50,0.0,0.0,2.1,15,0.0,0.0,0.0,0.0,0.0,0.0,1.0
45567,0,1,3400,-54,54,37,5.0,18,0.50,0.0,0.0,2.1,15,0.0,0.0,0.0,0.0,0.0,0.0,1.0
45816,0,1,3400,-54,54,26,5.8,18,0.50,16224.000000,0,2.1,15,0.0,0.0,71,0.0,0.0,0.0,1.0
46065,0,1,3400,-54,54,32,12,18,0.50,86112.000000,0,2.1,8.3,0.0,54464.000000,25,0.0,0.0,0.0,1.0
46314,0,1,3400,-54,54,38,8.4,18,0.50,68047.812500,2,2.1,0.0,0.0,0.0,0.0,0.0,0.0,0.0,1.0
46563,0,1,3400,-54,54,36,12,18,0.64,62272.000000,2,2.1,0.0,0.0,0.0,0.0,0.0,0.0,0.0,1.0
46812,0,1,3400,-54,54,36,13,18,0.68,60544.000000,5,2.1,0.0,0.0,12384.000000,0,0.0,0.0,0.0,1.0
47061,0,1,3400,-56,56,24,12,16,0.82,19059.761719,10,2.1,0.0,0.0,5513.944336,0,0.0,0.0,0.0,1.0
47310,0,1,3400,-56,56,36,13,16,0.84,36672.000000,0,2.1,0.0,0.0,0.0,0.0,0.0,0.0,0.0,1.0
47559,0,1,3400,-54,54,34,13,18,0.76,82496.000000,3,2.1,0.0,0.0,0.0,0.0,0.0,0.0,0.0,1.0
47808,0,1,3400,-54,54,39,13,18,0.71,34208.000000,7,2.1,0.0,186,0.0,0.0,0.0,0.0,0.0,1.0
48057,0,1,3400,-54,54,40,15,18,0.50,57280.000000,0,2.1,0.0,0.0,12384.000000,0,0.0,0.0,0.0,1.0
48306,0,1,3400,-55,55,33,13,18,0.50,36512.000000,0,2.1,0.0,0.0,0.0,0.0,0.0,0.0,0.0,1.0
48555,0,1,3400,-54,54,39,12,19,0.50,70688.000000,0,2.1,0.0,0.0,0.0,0.0,0.0,0.0,0.0,1.0
48804,0,1,3400,-55,55,49,12,16,0.58,55298.804688,3,2.1,0.0,0.0,0.0,0.0,0.0,0.0,0.0,1.0
49053,0,1,3400,-54,54,34,14,18,0.50,48096.000000,0,2.1,0.0,0.0,8160.000000,0,0.0,0.0,0.0,1.0
49302,0,1,3400,-55,55,35,13,17,1.2,43314.742188,17,2.1,0.0,0.0,0.0,0.0,0.0,0.0,0.0,1.0
49551,0,1,3400,-56,56,36,13,15,0.66,46948.207031,6,2.1,0.0,0.0,0.0,0.0,0.0,0.0,0.0,1.0
49800,0,1,3400,-54,54,36,12,18,0.50,42048.000000,0,2.1,0.0,0.0,13696.000000,12,0.0,0.0,0.0,1.0
50049,0,1,3400,-54,54,32,13,18,0.54,41784.859375,0,2.1,0.0,0.0,0.0,0.0,0.0,0.0,0.0,1.0
50298,0,1,3400,-54,54,43,14,17,0.51,51904.000000,6,2.1,0.0,0.0,5536.000000,50,0.0,0.0,0.0,1.0
50547,0,1,3400,-54,54,40,13,18,1.0,52000.000000,4,2.1,0.0,0.0,0.0,0.0,0.0,0.0,0.0,1.0
50796,0,1,3400,-54,54,35,11,17,0.55,43712.000000,2,2.1,3.0,0.0,154784.000000,54,0.0,0.0,0.0,1.0
51045,0,1,3400,-54,54,37,8.5,17,0.55,40576.000000,0,2.1,16,0.0,5888.000000,67,0.0,0.0,0.0,1.0
51294,0,1,3400,-54,54,40,14,17,0.50,21195.218750,0,2.1,16,0.0,0.0,0.0,0.0,0.0,0.0,1.0
51543,0,1,3400,-54,54,35,13,18,0.55,70720.000000,7,2.1,12,0.0,5536.000000,33,0.0,0.0,0.0,1.0
51792,0,1,3400,-54,54,39,13,18,0.70,39392.000000,6,2.1,6.1,0.0,8064.000000,0,0.0,0.0,0.0,1.0
52041,0,1,3400,-54,54,30,9.9,17,0.90,61450.199219,6,2.1,0.0,0.0,11027.888672,0,0.0,0.0,0.0,1.0
52290,0,1,3400,-54,54,28,12,17,0.74,83537.851562,3,2.1,0.0,0.0,5513.944336,0,0.0,0.0,0.0,1.0
52539,0,1,3400,-54,54,33,14,18,0.64,40128.000000,3,2.1,0.0,0.0,5536.000000,0,0.0,0.0,0.0,1.0
52788,0,1,3400,-54,54,33,13,17,0.50,45568.000000,0,2.1,0.65,0.0,11488.000000,14,0.0,0.0,0.0,1.0
53037,0,1,3400,-54,54,33,13,17,0.79,45472.000000,6,2.1,1.1,0.0,12256.000000,38,0.0,0.0,0.0,1.0
53286,0,1,3400,-54,54,36,13,17,0.59,73179.281250,0,2.1,0.0,0.0,0.0,0.0,0.0,0.0,0.0,1.0
53535,0,1,3400,-54,54,37,12,18,0.50,70176.000000,0,2.1,0.0,0.0,5536.000000,33,0.0,0.0,0.0,1.0
53784,0,1,3400,-55,55,30,12,16,0.65,39235.058594,6,2.1,0.0,0.0,12207.170898,14,0.0,0.0,0.0,1.0
54033,0,1,3400,-54,54,36,13,18,0.69,47392.000000,0,2.1,0.0,0.0,0.0,0.0,0.0,0.0,0.0,1.0
54282,0,1,3400,-54,54,36,13,18,1.7,17888.000000,12,2.1,2.4,0.0,0.0,80,0.0,0.0,0.0,1.0
54531,0,1,3400,-55,55,39,15,17,1.2,52352.000000,11,2.1,7.5,0.0,0.0,0.0,0.0,0.0,0.0,1.0
54780,0,1,3400,-55,55,34,13,17,0.65,69354.578125,4,2.1,7.0,182,351,25,0.0,0.0,0.0,1.0
55029,0,1,3400,-54,54,36,13,19,0.50,38080.000000,0,2.1,0.0,0.0,18336.000000,20,0.0,0.0,0.0,1.0
55278,0,1,3400,-54,54,40,13,18,0.50,47392.000000,0,2.1,0.0,0.0,11072.000000,0,0.0,0.0,0.0,1.0
55527,0,1,3400,-54,54,38,13,17,0.73,23235.060547,10,2.1,0.0,0.0,0.0,0.0,0.0,0.0,0.0,1.0
55776,0,1,3400,-54,54,34,13,17,0.61,45632.000000,0,2.1,1.3,0.0,18496.000000,50,0.0,0.0,0.0,1.0
56025,0,1,3400,-54,54,38,13,19,0.50,60736.000000,0,2.1,3.2,0.0,11072.000000,38,0.0,0.0,0.0,1.0
56274,0,1,3400,-54,54,37,11,17,0.51,46048.000000,6,2.1,0.0,0.0,5536.000000,0,0.0,0.0,0.0,1.0
56523,0,1,3400,-54,54,42,12,18,0.57,91232.000000,3,2.1,0.0,0.0,0.0,0.0,0.0,0.0,0.0,1.0
56772,0,1,3400,-54,54,37,13,18,0.50,53492.062500,0,2.1,0.0,0.0,17650.792969,11,0.0,0.0,0.0,1.0
57021,0,1,3400,-54,54,35,14,19,1.1,81152.000000,3,2.1,0.0,0.0,0.0,0.0,0.0,0.0,0.0,1.0
57270,0,1,3400,-54,54,38,13,18,0.60,60992.000000,0,2.1,0.0,0.0,0.0,0.0,0.0,0.0,0.0,1.0
57519,0,1,3400,-54,54,35,13,18,0.50,32640.000000,0,2.1,0.0,0.0,0.0,0.0,0.0,0.0,0.0,1.0
57768,0,1,3400,-54,54,28,11,17,0.96,64960.000000,4,2.1,0.0,0.0,5536.000000,50,0.0,0.0,0.0,1.0
58017,0,1,3400,-55,55,28,13,17,0.52,70144.000000,0,2.1,0.0,0.0,8128.000000,40,0.0,0.0,0.0,1.0
58266,0,1,3400,-54,54,32,13,17,0.57,66720.000000,4,2.1,0.0,0.0,0.0,0.0,0.0,0.0,0.0,1.0
58515,0,1,3400,-54,54,33,13,18,0.50,32512.000000,0,2.1,0.0,0.0,0.0,0.0,0.0,0.0,0.0,1.0
58764,0,1,3400,-54,54,31,13,18,0.50,43104.000000,0,2.1,0.0,186,0.0,0.0,0.0,0.0,0.0,1.0
59013,0,1,3400,-57,57,23,14,17,0.50,53056.000000,0,2.1,0.0,0.0,8160.000000,17,0.0,0.0,0.0,1.0
59262,0,1,3400,-54,54,30,11,17,0.93,53290.835938,4,2.1,0.0,0.0,0.0,0.0,0.0,0.0,0.0,1.0
59511,0,1,3400,-54,54,37,14,18,0.50,63712.000000,0,2.1,0.0,0.0,0.0,0.0,0.0,0.0,0.0,1.0
59760,0,1,3400,-54,54,44,13,18,0.54,58208.000000,0,2.1,0.032,0.0,47904.000000,16,0.0,0.0,0.0,1.0
60009,0,1,3400,-55,55,47,14,18,0.50,38784.000000,0,2.1,0.0,0.0,0.0,0.0,0.0,0.0,0.0,1.0
60258,0,1,3400,-54,54,32,14,19,0.50,64736.000000,0,2.1,0.0,0.0,0.0,0.0,0.0,0.0,0.0,1.0
60507,0,1,3400,-56,56,64,11,15,0.50,46151.394531,0,2.1,0.0,0.0,5513.944336,50,0.0,0.0,0.0,1.0
60756,0,1,3400,-54,54,36,13,19,0.50,64576.000000,0,2.1,0.0,0.0,12128.000000,0,0.0,0.0,0.0,1.0
61005,0,1,3400,-54,54,35,11,17,0.50,34720.000000,0,2.1,0.0,0.0,5536.000000,0,0.0,0.0,0.0,1.0
61254,0,1,3400,-54,54,36,14,18,0.57,37664.000000,7,2.1,0.0,0.0,0.0,0.0,0.0,0.0,0.0,1.0
61503,0,1,3400,-54,54,35,14,18,0.51,63136.000000,0,2.1,0.0,0.0,5536.000000,0,0.0,0.0,0.0,1.0
61752,0,1,3400,-54,54,34,11,17,0.57,62912.000000,3,2.1,0.0,186,0.0,0.0,0.0,0.0,0.0,1.0
62001,0,1,3400,-54,54,34,11,18,0.69,48896.000000,0,2.1,0.0,0.0,7904.000000,0,0.0,0.0,0.0,1.0
62250,0,1,3400,-54,54,36,13,18,1.0,59232.000000,2,2.1,0.0,0.0,0.0,0.0,0.0,0.0,0.0,1.0
62499,0,1,3400,-54,54,37,11,19,0.76,59808.000000,3,2.1,0.0,0.0,0.0,0.0,0.0,0.0,0.0,1.0
62748,0,1,3400,-54,54,31,15,18,0.50,37056.000000,0,2.1,0.0,0.0,8128.000000,44,0.0,0.0,0.0,1.0
62997,0,1,3400,-54,54,33,13,18,0.92,35776.000000,12,2.1,0.0,0.0,0.0,0.0,0.0,0.0,0.0,1.0
63246,0,1,3400,-54,54,40,13,18,0.89,48224.000000,5,2.1,0.0,0.0,0.0,0.0,0.0,0.0,0.0,1.0
63495,0,1,3400,-54,54,40,11,18,0.50,51232.000000,0,2.1,0.0,0.0,0.0,0.0,0.0,0.0,0.0,1.0
63744,0,1,3400,-54,54,34,13,18,0.50,33152.000000,0,2.1,0.0,0.0,12256.000000,0,0.0,0.0,0.0,1.0
63993,0,1,3400,-54,54,31,12,18,1.3,52960.000000,6,2.1,0.0,0.0,0.0,0.0,0.0,0.0,0.0,1.0
64242,0,1,3400,-54,54,35,12,17,0.50,62852.589844,0,2.1,0.0,0.0,0.0,0.0,0.0,0.0,0.0,1.0
64491,0,1,3400,-55,55,44,13,17,0.50,27200.000000,0,2.1,5.1,0.0,0.0,80,0.0,0.0,0.0,1.0
64740,0,1,3400,-54,54,38,15,18,0.56,42528.000000,0,2.1,8.5,0.0,9824.000000,0,0.0,0.0,0.0,1.0
64989,0,1,3400,-54,54,37,13,18,0.50,59840.000000,0,2.1,12,0.0,0.0,0.0,0.0,0.0,0.0,1.0
65238,0,1,3400,-54,54,38,14,18,0.50,47392.000000,0,2.1,12,0.0,0.0,0.0,0.0,0.0,0.0,1.0
65487,0,1,3400,-54,54,40,14,18,0.81,62976.000000,8,2.1,12,0.0,0.0,0.0,0.0,0.0,0.0,1.0
65736,0,1,3400,-54,54,38,13,18,0.68,55104.000000,5,2.1,12,0.0,5408.000000,0,0.0,0.0,0.0,1.0
65985,0,1,3400,-54,54,39,13,17,0.70,66272.000000,4,2.1,6.8,0.0,8160.000000,63,0.0,0.0,0.0,1.0
66234,0,1,3400,-54,54,44,11,17,0.56,45800.796875,2,2.1,7.5,0.0,0.0,0.0,0.0,0.0,0.0,1.0
66483,0,1,3400,-55,55,34,13,18,0.56,73824.000000,4,2.1,7.5,0.0,0.0,0.0,0.0,0.0,0.0,1.0
66732,0,1,3400,-54,54,40,13,18,0.50,43520.000000,0,2.1,7.0,56,4384.000000,0,0.0,0.0,0.0,1.0
66981,0,1,3400,-54,54,43,13,18,0.50,59840.000000,0,2.1,0.0,0.0,6592.000000,0,0.0,0.0,0.0,1.0
67230,0,1,3400,-54,54,37,12,18,0.50,71840.000000,0,2.1,7.2,0.0,0.0,80,0.0,0.0,0.0,1.0
67479,0,1,3400,-55,55,33,13,18,1.4,74240.000000,8,2.1,7.5,0.0,0.0,0.0,0.0,0.0,0.0,1.0
67728,0,1,3400,-54,54,36,9.7,17,0.57,23072.000000,6,2.1,7.5,0.0,0.0,0.0,0.0,0.0,0.0,1.0
67977,0,1,3400,-54,54,34,12,18,0.54,47040.000000,0,2.1,3.4,0.0,9184.000000,60,0.0,0.0,0.0,1.0
68226,0,1,3400,-54,54,38,13,18,0.50,38080.000000,0,2.1,0.0,0.0,0.0,0.0,0.0,0.0,0.0,1.0
68475,0,1,3400,-54,54,34,12,18,0.62,80416.000000,4,2.1,0.0,0.0,0.0,0.0,0.0,0.0,0.0,1.0
68724,0,1,3400,-55,55,27,12,16,1.2,32669.322266,2,2.1,0.19,0.0,62948.207031,0,0.0,0.0,0.0,1.0
68973,0,1,3400,-54,54,33,10,17,0.56,38176.000000,8,2.1,15,0.0,54144.000000,76,0.0,0.0,0.0,1.0
69222,0,1,3400,-54,54,32,11,17,0.60,65376.000000,2,2.1,16,0.0,0.0,0.0,0.0,0.0,0.0,1.0
69471,0,1,3400,-54,54,36,13,16,0.50,34581.671875,0,2.1,10,0.0,3474.103516,0,0.0,0.0,0.0,1.0
69720,0,1,3400,-56,56,42,12,17,0.96,58080.000000,4,2.1,8.4,0.0,0.0,50,0.0,0.0,0.0,1.0
69969,0,1,3400,-54,54,36,13,19,1.0,41216.000000,11,2.1,4.1,0.0,30336.000000,43,0.0,0.0,0.0,1.0
70218,0,1,3400,-55,55,45,13,16,0.50,48764.941406,0,2.1,0.0,0.0,0.0,0.0,0.0,0.0,0.0,1.0
70467,0,1,3400,-55,55,29,9.8,16,0.50,49216.000000,0,2.1,0.0,0.0,0.0,0.0,0.0,0.0,0.0,1.0
70716,0,1,3400,-55,55,28,12,17,0.50,43920.320312,0,2.1,0.0,0.0,0.0,0.0,0.0,0.0,0.0,1.0
70965,0,1,3400,-56,56,46,13,18,0.50,32384.000000,0,2.1,0.0,0.0,13344.000000,11,0.0,0.0,0.0,1.0
71214,0,1,3400,-54,54,42,14,19,0.50,48128.000000,0,2.1,0.0,0.0,0.0,0.0,0.0,0.0,0.0,1.0
71463,0,1,3400,-54,54,35,13,18,0.63,41051.792969,6,2.1,0.0,0.0,0.0,0.0,0.0,0.0,0.0,1.0
71712,0,1,3400,-54,54,34,13,18,0.52,86592.000000,0,2.1,0.0,0.0,8064.000000,22,0.0,0.0,0.0,1.0
71961,0,1,3400,-54,54,33,11,19,0.50,60544.000000,0,2.1,0.0,0.0,0.0,0.0,0.0,0.0,0.0,1.0
72210,0,1,3400,-54,54,37,10,18,0.51,30528.000000,0,2.1,0.0,0.0,0.0,0.0,0.0,0.0,0.0,1.0
72459,0,1,3400,-55,55,30,14,17,0.66,79681.273438,0,2.1,0.0,0.0,5513.944336,0,0.0,0.0,0.0,1.0
72708,0,1,3400,-54,54,37,12,19,0.58,51776.000000,3,2.1,0.0,186,5536.000000,40,0.0,0.0,0.0,1.0
72957,0,1,3400,-54,54,37,13,18,0.56,61408.000000,4,2.1,0.0,0.0,13600.000000,0,0.0,0.0,0.0,1.0
73206,0,1,3400,-54,54,39,13,17,0.50,16320.000000,0,2.1,0.0,0.0,0.0,0.0,0.0,0.0,0.0,1.0
73455,0,1,3400,-54,54,41,13,18,0.50,72128.000000,0,2.1,0.0,0.0,5536.000000,50,0.0,0.0,0.0,1.0
73704,0,1,3400,-54,54,38,15,18,0.50,54400.000000,0,2.1,0.0,0.0,6848.000000,44,0.0,0.0,0.0,1.0
73953,0,1,3400,-55,55,29,13,18,0.50,81152.000000,0,2.1,0.0,0.0,5536.000000,0,0.0,0.0,0.0,1.0
74202,0,1,3400,-54,54,35,11,18,0.78,62496.000000,6,2.1,0.0,0.0,5536.000000,0,0.0,0.0,0.0,1.0
74451,0,1,3400,-54,54,33,14,18,0.70,53696.000000,0,2.1,0.0,0.0,5536.000000,33,0.0,0.0,0.0,1.0
74700,0,1,3400,-54,54,36,16,18,0.57,54240.000000,6,2.1,1.6,0.0,20448.000000,27,0.0,0.0,0.0,1.0
74949,0,1,3400,-54,54,35,14,18,0.79,42368.000000,11,2.1,7.5,0.0,0.0,0.0,0.0,0.0,0.0,1.0
75198,0,1,3400,-55,55,32,11,17,0.50,41824.000000,0,2.1,7.5,0.0,0.0,0.0,0.0,0.0,0.0,1.0
75447,0,1,3400,-54,54,37,9.4,17,0.52,67760.953125,0,2.1,7.5,0.0,0.0,0.0,0.0,0.0,0.0,1.0
75696,0,1,3400,-54,54,41,11,18,0.50,65664.000000,0,2.1,7.5,186,0.0,0.0,0.0,0.0,0.0,1.0
75945,0,1,3400,-54,54,35,13,19,0.86,41216.000000,11,2.1,1.8,0.0,16768.000000,31,0.0,0.0,0.0,1.0
76194,0,1,3400,-54,54,38,11,18,0.50,77280.000000,0,2.1,0.0,0.0,5536.000000,0,0.0,0.0,0.0,1.0
76443,0,1,3400,-54,54,34,13,17,0.50,37664.000000,0,2.1,0.0,0.0,11072.000000,0,0.0,0.0,0.0,1.0
76692,0,1,3400,-54,54,30,13,18,0.50,79456.000000,0,2.1,0.29,0.0,3488.000000,25,0.0,0.0,0.0,1.0
76941,0,1,3400,-54,54,35,11,18,0.53,59744.000000,0,2.1,0.53,0.0,6976.000000,43,0.0,0.0,0.0,1.0
77190,0,1,3400,-54,54,33,11,19,0.50,92128.000000,0,2.1,0.0,0.0,5536.000000,0,0.0,0.0,0.0,1.0
77439,0,1,3400,-54,54,32,11,17,0.70,70592.000000,5,2.1,0.0,0.0,5536.000000,0,0.0,0.0,0.0,1.0
77688,0,1,3400,-54,54,35,13,18,0.50,54400.000000,0,2.1,0.0,0.0,41280.000000,11,0.0,0.0,0.0,1.0
77937,0,1,3400,-54,54,39,13,18,0.75,53504.000000,5,2.1,0.0,0.0,0.0,0.0,0.0,0.0,0.0,1.0
78186,0,1,3400,-54,54,33,13,18,0.61,53952.000000,0,2.1,0.0,0.0,0.0,0.0,0.0,0.0,0.0,1.0
78435,0,1,3400,-54,54,35,13,16,0.79,41696.000000,12,2.1,0.0,0.0,0.0,0.0,0.0,0.0,0.0,1.0
78684,0,1,3400,-54,54,43,12,17,0.58,59936.000000,0,2.1,0.29,0.0,3488.000000,25,0.0,0.0,0.0,1.0
78933,0,1,3400,-54,54,37,12,18,0.73,49184.000000,0,2.1,0.53,0.0,4736.000000,55,0.0,0.0,0.0,1.0
79182,0,1,3400,-54,54,35,13,18,0.60,50528.000000,5,2.1,0.0,0.0,0.0,0.0,0.0,0.0,0.0,1.0
79431,0,1,3400,-54,54,33,11,18,0.58,34304.000000,2,2.1,0.0,0.0,0.0,0.0,0.0,0.0,0.0,1.0
79680,0,1,3400,-54,54,35,13,18,0.56,64159.363281,0,2.1,0.0,0.0,0.0,0.0,0.0,0.0,0.0,1.0
79929,0,1,3400,-54,54,35,12,18,0.50,48768.000000,0,2.1,5.2,0.0,26688.000000,47,0.0,0.0,0.0,1.0
80178,0,1,3400,-57,57,22,13,16,0.57,47107.570312,10,2.1,8.5,0.0,0.0,0.0,0.0,0.0,0.0,1.0
80427,0,1,3400,-54,54,40,13,17,0.58,54400.000000,5,2.1,8.2,0.0,5536.000000,0,0.0,0.0,0.0,1.0
80676,0,1,3400,-54,54,36,13,17,0.70,34326.691406,13,2.1,1.0,0.0,5513.944336,0,0.0,0.0,0.0,1.0
80925,0,1,3400,-54,54,28,15,17,0.65,43200.000000,7,2.1,0.24,0.0,12384.000000,0,0.0,0.0,0.0,1.0
81174,0,1,3400,-54,54,35,17,18,0.68,47203.187500,0,2.1,0.0,0.0,0.0,0.0,0.0,0.0,0.0,1.0
81423,0,1,3400,-54,54,44,13,16,0.67,32764.939453,8,2.1,0.0,0.0,0.0,0.0,0.0,0.0,0.0,1.0
81672,0,1,3400,-55,55,34,14,16,1.3,54368.000000,14,2.1,0.84,0.0,11136.000000,20,0.0,0.0,0.0,1.0
81921,0,1,3400,-54,54,39,14,18,0.60,65568.000000,0,2.1,9.5,0.0,0.0,0.0,0.0,0.0,0.0,1.0
82170,0,1,3400,-54,54,34,11,18,0.50,50720.000000,0,2.1,11,0.0,0.0,80,0.0,0.0,0.0,1.0
82419,0,1,3400,-55,55,37,14,16,1.1,46464.000000,11,2.1,11,0.0,5536.000000,0,0.0,0.0,0.0,1.0
82668,0,1,3400,-55,55,31,12,17,0.51,61333.332031,4,2.1,6.7,0.0,41428.570312,31,0.0,0.0,0.0,1.0
82917,0,1,3400,-55,55,41,13,18,0.85,54048.000000,11,2.1,0.0,0.0,5536.000000,33,0.0,0.0,0.0,1.0
83166,0,1,3400,-54,54,38,12,19,0.56,77184.000000,3,2.1,0.0,0.0,5536.000000,33,0.0,0.0,0.0,1.0
83415,0,1,3400,-54,54,40,13,18,0.50,59840.000000,0,2.1,0.0,0.0,0.0,0.0,0.0,0.0,0.0,1.0
83664,0,1,3400,-55,55,36,13,17,0.63,56544.000000,9,2.1,0.0,0.0,1312.000000,56,0.0,0.0,0.0,1.0
83913,0,1,3400,-55,55,40,11,17,0.50,95424.000000,0,2.1,0.0,0.0,7328.000000,0,0.0,0.0,0.0,1.0
84162,0,1,3400,-55,55,36,14,17,0.50,67984.062500,0,2.1,0.0,0.0,0.0,0.0,0.0,0.0,0.0,1.0
84411,0,1,3400,-54,54,29,11,17,0.51,46183.265625,5,2.1,0.0,0.0,5513.944336,0,0.0,0.0,0.0,1.0
84660,0,1,3400,-54,54,32,13,18,0.50,38080.000000,0,2.1,0.64,0.0,896,56,0.0,0.0,0.0,1.0
84909,0,1,3400,-54,54,39,14,18,0.56,36512.000000,0,2.1,1.0,0.0,1792.000000,50,0.0,0.0,0.0,1.0
85158,0,1,3400,-54,54,39,14,18,1.0,48224.000000,10,2.1,0.0,0.0,0.0,0.0,0.0,0.0,0.0,1.0
85407,0,1,3400,-56,56,44,14,16,0.50,53333.332031,0,2.1,0.0,0.0,10984.126953,20,0.0,0.0,0.0,1.0
85656,0,1,3400,-54,54,33,12,17,0.97,65696.000000,8,2.1,2.1,0.0,89600.000000,36,0.0,0.0,0.0,1.0
85905,0,1,3400,-54,54,33,12,19,0.85,49728.000000,0,2.1,12,0.0,0.0,0.0,0.0,0.0,0.0,1.0
86154,0,1,3400,-54,54,45,12,18,0.61,50880.000000,0,2.1,12,0.0,0.0,0.0,0.0,0.0,0.0,1.0
86403,0,1,3400,-56,56,46,13,15,0.56,54916.335938,5,2.1,12,0.0,0.0,0.0,0.0,0.0,0.0,1.0
86652,0,1,3400,-54,54,35,10,17,0.51,51808.000000,4,2.1,12,0.0,0.0,0.0,0.0,0.0,0.0,1.0
86901,0,1,3400,-54,54,39,10,17,0.61,44608.000000,2,2.1,1.2,0.0,8160.000000,0,0.0,0.0,0.0,1.0
87150,0,1,3400,-54,54,38,14,17,0.50,60544.000000,0,2.1,0.0,0.0,0.0,0.0,0.0,0.0,0.0,1.0
87399,0,1,3400,-54,54,31,4.5,17,0.50,55680.000000,0,2.1,0.0,0.0,0.0,0.0,0.0,0.0,0.0,1.0
87648,0,1,3400,-54,54,35,15,18,0.50,32095.617188,0,2.1,1.2,0.0,22820.716797,0,0.0,0.0,0.0,1.0
87897,0,1,3400,-54,54,41,13,18,0.61,50784.000000,5,2.1,7.0,0.0,0.0,0.0,0.0,0.0,0.0,1.0
88146,0,1,3400,-54,54,42,13,19,0.68,27200.000000,0,2.1,6.1,0.0,5536.000000,57,0.0,0.0,0.0,1.0
88395,0,1,3400,-54,54,39,13,18,0.50,27200.000000,0,2.1,0.0,0.0,0.0,0.0,0.0,0.0,0.0,1.0
88644,0,1,3400,-54,54,41,13,18,0.50,59456.000000,0,2.1,0.0,0.0,8320.000000,0,0.0,0.0,0.0,1.0
88893,0,1,3400,-57,57,37,14,16,0.50,25365.080078,0,2.1,0.0,0.0,0.0,0.0,0.0,0.0,0.0,1.0
89142,0,1,3400,-54,54,38,13,17,0.51,54400.000000,0,2.1,0.0,0.0,5536.000000,0,0.0,0.0,0.0,1.0
89391,0,1,3400,-54,54,47,12,18,0.50,85184.000000,0,2.1,0.0,0.0,0.0,0.0,0.0,0.0,0.0,1.0
89640,0,1,3400,-54,54,44,13,18,0.66,51648.000000,5,2.1,0.30,0.0,6208.000000,0,0.0,0.0,0.0,1.0
89889,0,1,3400,-54,54,37,12,18,0.50,44704.000000,0,2.1,14,0.0,3616.000000,67,0.0,0.0,0.0,1.0
90138,0,1,3400,-55,55,31,12,18,0.50,59712.000000,0,2.1,14,0.0,0.0,0.0,0.0,0.0,0.0,1.0
90387,0,1,3400,-54,54,39,15,18,1.1,36512.000000,13,2.1,15,0.0,0.0,0.0,0.0,0.0,0.0,1.0
90636,0,1,3400,-54,54,33,13,19,0.93,45088.000000,6,2.1,14,0.0,2624.000000,17,0.0,0.0,0.0,1.0
90885,0,1,3400,-54,54,30,14,19,0.57,51232.000000,11,2.1,0.60,0.0,13376.000000,20,0.0,0.0,0.0,1.0
91134,0,1,3400,-54,54,38,14,19,0.54,80448.000000,0,2.1,1.0,0.0,0.0,0.0,0.0,0.0,0.0,1.0
91383,0,1,3400,-55,55,35,13,16,0.50,70720.000000,0,2.1,1.00,0.0,0.0,0.0,0.0,0.0,0.0,1.0
91632,0,1,3400,-54,54,42,14,17,0.64,68704.000000,4,2.1,1.0,186,0.0,0.0,0.0,0.0,0.0,1.0
91881,0,1,3400,-54,54,39,13,18,0.72,48544.000000,0,2.1,2.9,0.0,18432.000000,50,0.0,0.0,0.0,1.0
92130,0,1,3400,-54,54,23,14,17,0.53,89344.000000,3,2.1,0.0,0.0,0.0,0.0,0.0,0.0,0.0,1.0
92379,0,1,3400,-54,54,31,14,18,0.58,62432.000000,5,2.1,0.0,0.0,0.0,0.0,0.0,0.0,0.0,1.0
92628,0,1,3400,-54,54,38,12,18,0.61,62176.000000,3,2.1,1.7,0.0,4160.000000,62,0.0,0.0,0.0,1.0
92877,0,1,3400,-54,54,38,12,18,0.72,73856.000000,7,2.1,0.0,0.0,2144.000000,0,0.0,0.0,0.0,1.0
93126,0,1,3400,-54,54,36,12,17,0.54,53952.000000,0,2.1,0.0,0.0,0.0,0.0,0.0,0.0,0.0,1.0
93375,0,1,3400,-56,56,45,14,16,0.52,61632.000000,0,2.1,0.0,0.0,0.0,0.0,0.0,0.0,0.0,1.0
93624,0,1,3400,-54,54,41,13,17,0.51,40988.046875,5,2.1,0.0,0.0,17721.115234,0,0.0,0.0,0.0,1.0
93873,0,1,3400,-54,54,40,13,17,0.53,64960.000000,4,2.1,0.0,0.0,0.0,0.0,0.0,0.0,0.0,1.0
94122,0,1,3400,-56,56,40,11,16,0.60,45641.433594,4,2.1,6.0,0.0,0.0,80,0.0,0.0,0.0,1.0
94371,0,1,3400,-54,54,34,12,18,0.54,75904.000000,5,2.1,7.5,0.0,0.0,0.0,0.0,0.0,0.0,1.0
94620,0,1,3400,-54,54,30,14,17,0.56,59776.000000,4,2.1,2.1,20,5536.000000,25,0.0,0.0,0.0,1.0
94869,0,1,3400,-54,54,33,12,17,0.60,84544.000000,2,2.1,0.0,0.0,17920.000000,0,0.0,0.0,0.0,1.0
95118,0,1,3400,-54,54,41,13,17,0.53,48960.000000,0,2.1,0.0,0.0,0.0,0.0,0.0,0.0,0.0,1.0
95367,0,1,3400,-54,54,39,13,18,0.58,39648.000000,6,2.1,0.0,0.0,0.0,0.0,0.0,0.0,0.0,1.0
95616,0,1,3400,-54,54,36,11,17,0.57,47712.000000,3,2.1,1.9,0.0,10880.000000,44,0.0,0.0,0.0,1.0
95865,0,1,3400,-54,54,36,14,18,0.58,65920.000000,4,2.1,0.0,0.0,14848.000000,0,0.0,0.0,0.0,1.0
96114,0,1,3400,-54,54,33,11,17,0.67,48160.000000,4,2.1,0.0,0.0,0.0,0.0,0.0,0.0,0.0,1.0
96363,0,1,3400,-54,54,34,13,18,0.62,88160.000000,3,2.1,5.1,0.0,0.0,80,0.0,0.0,0.0,1.0
96612,0,1,3400,-54,54,31,14,18,0.52,73760.000000,0,2.1,7.2,0.0,8064.000000,0,0.0,0.0,0.0,1.0
96861,0,1,3400,-54,54,35,12,18,0.77,39328.000000,4,2.1,0.0,0.0,0.0,0.0,0.0,0.0,0.0,1.0
97110,0,1,3400,-54,54,34,15,18,0.82,64416.000000,5,2.1,0.0,0.0,0.0,0.0,0.0,0.0,0.0,1.0
97359,0,1,3400,-55,55,34,13,16,0.58,48544.000000,0,2.1,0.0,0.0,0.0,0.0,0.0,0.0,0.0,1.0
97608,0,1,3400,-56,56,34,11,16,0.50,42996.015625,0,2.1,0.52,0.0,42581.671875,14,0.0,0.0,0.0,1.0
97857,0,1,3400,-54,54,34,11,18,0.50,40320.000000,0,2.1,0.31,0.0,71712.000000,43,0.0,0.0,0.0,1.0
98106,0,1,3400,-54,54,28,13,17,0.50,26836.654297,0,2.1,0.0,0.0,5513.944336,0,0.0,0.0,0.0,1.0
98355,0,1,3400,-54,54,30,11,18,0.74,27712.000000,6,2.1,0.0,0.0,5536.000000,0,0.0,0.0,0.0,1.0
98604,0,1,3400,-54,54,36,12,17,1.1,62023.906250,8,2.1,0.0,0.0,8223.107422,0,0.0,0.0,0.0,1.0
98853,0,1,3400,-55,55,47,13,17,0.50,25632.000000,0,2.1,0.62,0.0,3872.000000,50,0.0,0.0,0.0,1.0
99102,0,1,3400,-54,54,39,12,18,0.50,71040.000000,0,2.1,2.5,0.0,0.0,0.0,0.0,0.0,0.0,1.0
99351,0,1,3400,-54,54,38,13,17,0.58,63744.000000,4,2.1,2.5,0.0,0.0,0.0,0.0,0.0,0.0,1.0
99600,0,1,3400,-54,54,36,14,17,0.70,28768.000000,15,2.1,2.5,20,0.0,67,0.0,0.0,0.0,1.0
99849,0,1,3400,-54,54,36,15,17,0.76,73216.000000,0,2.1,0.060,0.0,8064.000000,0,0.0,0.0,0.0,1.0
100098,0,1,3400,-54,54,37,11,17,0.50,60384.000000,0,2.1,0.0,0.0,0.0,0.0,0.0,0.0,0.0,1.0
100347,0,1,3400,-54,54,41,13,17,0.50,66688.000000,0,2.1,7.5,0.0,0.0,80,0.0,0.0,0.0,1.0
100596,0,1,3400,-54,54,37,12,18,0.53,77696.000000,0,2.1,7.5,0.0,12672.000000,36,0.0,0.0,0.0,1.0
100845,0,1,3400,-54,54,35,13,18,0.68,55424.000000,5,2.1,0.0,0.0,11072.000000,0,0.0,0.0,0.0,1.0
101094,0,1,3400,-54,54,34,12,17,0.50,68800.000000,0,2.1,0.0,0.0,0.0,0.0,0.0,0.0,0.0,1.0
101343,0,1,3400,-54,54,35,13,18,0.50,27091.632812,0,2.1,0.0,0.0,0.0,0.0,0.0,0.0,0.0,1.0
101592,0,1,3400,-57,57,28,16,15,0.50,48571.429688,0,2.1,0.19,0.0,4349.206543,25,0.0,0.0,0.0,1.0
101841,0,1,3400,-54,54,33,14,17,0.50,27200.000000,0,2.1,0.62,0.0,12384.000000,40,0.0,0.0,0.0,1.0
102090,0,1,3400,-56,56,45,14,16,0.70,47617.531250,11,2.1,0.0,0.0,5513.944336,0,0.0,0.0,0.0,1.0
102339,0,1,3400,-54,54,47,12,17,0.55,57728.000000,2,2.1,0.0,0.0,0.0,0.0,0.0,0.0,0.0,1.0
102588,0,1,3400,-54,54,39,12,17,0.64,29152.000000,7,2.1,0.42,0.0,3488.000000,25,0.0,0.0,0.0,1.0
102837,0,1,3400,-54,54,33,12,18,0.54,65280.000000,0,2.1,7.5,0.0,4384.000000,60,0.0,0.0,0.0,1.0
103086,0,1,3400,-54,54,30,13,18,0.64,28768.000000,15,2.1,7.5,0.0,0.0,0.0,0.0,0.0,0.0,1.0
103335,0,1,3400,-54,54,34,15,18,0.56,52621.515625,0,2.1,7.5,0.0,0.0,0.0,0.0,0.0,0.0,1.0
103584,0,1,3400,-55,55,37,14,17,0.50,43091.632812,0,2.1,9.3,0.0,15936.254883,36,0.0,0.0,0.0,1.0
103833,0,1,3400,-54,54,37,13,17,0.55,75232.000000,0,2.1,6.5,0.0,0.0,0.0,0.0,0.0,0.0,1.0
104082,0,1,3400,-56,56,30,13,17,0.88,41536.000000,12,2.1,6.5,0.0,0.0,0.0,0.0,0.0,0.0,1.0
104331,0,1,3400,-54,54,37,11,18,0.63,92430.281250,2,2.1,14,0.0,0.0,80,0.0,0.0,0.0,1.0
104580,0,1,3400,-54,54,39,16,17,0.50,58976.000000,0,2.1,11,0.0,12736.000000,22,0.0,0.0,0.0,1.0
104829,0,1,3400,-55,55,38,14,17,0.50,61728.000000,0,2.1,0.0,0.0,0.0,0.0,0.0,0.0,0.0,1.0
105078,0,1,3400,-54,54,39,11,18,0.53,43328.000000,0,2.1,0.0,0.0,5536.000000,33,0.0,0.0,0.0,1.0
105327,0,1,3400,-54,54,37,11,18,0.50,33472.000000,0,2.1,0.0,0.0,0.0,0.0,0.0,0.0,0.0,1.0
105576,0,1,3400,-54,54,31,12,18,0.50,71648.000000,0,2.1,2.2,0.0,14720.000000,33,0.0,0.0,0.0,1.0
105825,0,1,3400,-55,55,41,13,17,0.70,77131.476562,3,2.1,14,0.0,0.0,0.0,0.0,0.0,0.0,1.0
106074,0,1,3400,-54,54,43,13,18,0.81,57536.000000,8,2.1,12,0.0,5536.000000,0,0.0,0.0,0.0,1.0
106323,0,1,3400,-54,54,41,9.8,17,0.56,64928.000000,2,2.1,8.0,0.0,0.0,0.0,0.0,0.0,0.0,1.0
106572,0,1,3400,-54,54,38,10.0,17,0.50,55968.000000,0,2.1,9.2,0.0,15104.000000,22,0.0,0.0,0.0,1.0
106821,0,1,3400,-54,54,43,14,17,0.93,53408.000000,6,2.1,8.2,0.0,5536.000000,0,0.0,0.0,0.0,1.0
107070,0,1,3400,-54,54,40,13,17,0.58,57536.000000,8,2.1,7.2,0.0,3872.000000,50,0.0,0.0,0.0,1.0
107319,0,1,3400,-54,54,38,12,17,0.70,54533.863281,3,2.1,9.0,0.0,0.0,0.0,0.0,0.0,0.0,1.0
107568,0,1,3400,-55,55,30,13,18,0.65,35648.000000,7,2.1,6.9,0.0,7904.000000,12,0.0,0.0,0.0,1.0
107817,0,1,3400,-54,54,36,13,18,0.50,47392.000000,0,2.1,0.0,0.0,0.0,0.0,0.0,0.0,0.0,1.0
108066,0,1,3400,-55,55,55,12,15,0.96,52576.000000,8,2.1,0.0,0.0,0.0,0.0,0.0,0.0,0.0,1.0
108315,0,1,3400,-56,56,55,9.0,16,0.50,47360.000000,0,2.1,0.0,0.0,0.0,0.0,0.0,0.0,0.0,1.0
108564,0,1,3400,-54,54,43,12,17,0.64,44832.000000,5,2.1,0.54,0.0,5952.000000,0,0.0,0.0,0.0,1.0
108813,0,1,3400,-54,54,36,9.0,18,0.93,39872.000000,0,2.1,1.2,0.0,9952.000000,40,0.0,0.0,0.0,1.0
109062,0,1,3400,-54,54,34,9.1,18,0.60,56576.000000,3,2.1,0.0,0.0,5536.000000,0,0.0,0.0,0.0,1.0
109311,0,1,3400,-54,54,36,13,18,0.50,38080.000000,0,2.1,0.0,0.0,0.0,0.0,0.0,0.0,0.0,1.0
109560,0,1,3400,-54,54,37,11,18,0.50,55424.000000,0,2.1,0.0,0.0,13696.000000,33,0.0,0.0,0.0,1.0
109809,0,1,3400,-55,55,41,8.7,16,0.50,58656.000000,0,2.1,4.5,0.0,896,67,0.0,0.0,0.0,1.0
110058,0,1,3400,-54,54,36,14,18,0.50,21760.000000,0,2.1,7.5,0.0,0.0,0.0,0.0,0.0,0.0,1.0
110307,0,1,3400,-54,54,42,14,18,0.50,52832.000000,0,2.1,7.5,0.0,0.0,0.0,0.0,0.0,0.0,1.0
110556,0,1,3400,-54,54,38,12,18,0.54,80096.000000,0,2.1,3.3,0.0,11648.000000,33,0.0,0.0,0.0,1.0
110805,0,1,3400,-54,54,46,13,17,0.54,66848.000000,4,2.1,0.0,0.0,0.0,0.0,0.0,0.0,0.0,1.0
111054,0,1,3400,-54,54,45,13,18,0.72,50528.000000,5,2.1,2.4,0.0,0.0,80,0.0,0.0,0.0,1.0
111303,0,1,3400,-54,54,41,14,17,0.63,61163.347656,8,2.1,7.5,0.0,0.0,0.0,0.0,0.0,0.0,1.0
111552,0,1,3400,-55,55,22,13,16,0.84,47203.187500,6,2.1,8.2,0.0,6693.227051,50,0.0,0.0,0.0,1.0
111801,0,1,3400,-54,54,32,14,18,0.67,67729.085938,4,2.1,12,0.0,0.0,0.0,0.0,0.0,0.0,1.0
112050,0,1,3400,-54,54,37,15,19,0.65,45227.089844,6,2.1,10,0.0,11027.888672,20,0.0,0.0,0.0,1.0
112299,0,1,3400,-54,54,40,14,17,0.50,30816.000000,0,2.1,6.0,0.0,0.0,0.0,0.0,0.0,0.0,1.0
112548,0,1,3400,-55,55,31,14,17,0.53,58677.289062,5,2.1,5.8,0.0,351,0,0.0,0.0,0.0,1.0
112797,0,1,3400,-56,56,37,11,16,0.67,40224.000000,3,2.1,0.0,0.0,12864.000000,0,0.0,0.0,0.0,1.0
113046,0,1,3400,-54,54,35,13,18,0.78,47553.785156,8,2.1,0.0,0.0,5513.944336,33,0.0,0.0,0.0,1.0
113295,0,1,3400,-54,54,45,14,18,0.75,63072.000000,8,2.1,0.0,0.0,0.0,0.0,0.0,0.0,0.0,1.0
113544,0,1,3400,-54,54,42,12,17,0.50,36576.000000,0,2.1,0.0,0.0,25920.000000,14,0.0,0.0,0.0,1.0
113793,0,1,3400,-54,54,39,14,18,0.64,52832.000000,5,2.1,0.0,0.0,5536.000000,0,0.0,0.0,0.0,1.0
114042,0,1,3400,-54,54,33,14,18,0.86,37632.000000,8,2.1,0.0,0.0,5536.000000,0,0.0,0.0,0.0,1.0
114291,0,1,3400,-54,54,34,8.7,18,0.50,17344.000000,0,2.1,0.0,0.0,0.0,0.0,0.0,0.0,0.0,1.0
114540,0,1,3400,-54,54,36,14,18,0.62,72608.000000,4,2.1,0.0,0.0,12352.000000,11,0.0,0.0,0.0,1.0
114789,0,1,3400,-54,54,35,13,18,0.64,39648.000000,6,2.1,0.0,0.0,0.0,0.0,0.0,0.0,0.0,1.0
115038,0,1,3400,-54,54,39,13,17,0.75,51059.761719,3,2.1,0.0,0.0,0.0,0.0,0.0,0.0,0.0,1.0
115287,0,1,3400,-54,54,35,13,17,0.55,71424.000000,4,2.1,0.0,0.0,0.0,0.0,0.0,0.0,0.0,1.0
115536,0,1,3400,-54,54,31,12,17,0.51,39968.000000,6,2.1,0.0,0.0,5536.000000,0,0.0,0.0,0.0,1.0
115785,0,1,3400,-55,55,15,13,16,0.60,54400.000000,3,2.1,0.0,0.0,6976.000000,0,0.0,0.0,0.0,1.0
116034,0,1,3400,-54,54,33,11,18,0.51,52416.000000,0,2.1,0.0,0.0,0.0,0.0,0.0,0.0,0.0,1.0
116283,0,1,3400,-54,54,38,15,18,0.60,63136.000000,5,2.1,0.0,0.0,5536.000000,0,0.0,0.0,0.0,1.0
116532,0,1,3400,-54,54,29,13,18,0.50,66048.000000,0,2.1,0.0,0.0,2624.000000,0,0.0,0.0,0.0,1.0
116781,0,1,3400,-54,54,35,13,17,0.95,30336.000000,12,2.1,0.0,0.0,16608.000000,29,0.0,0.0,0.0,1.0
117030,0,1,3400,-54,54,30,13,18,0.50,97504.000000,0,2.1,0.0,0.0,0.0,0.0,0.0,0.0,0.0,1.0
117279,0,1,3400,-54,54,40,13,18,0.94,38080.000000,12,2.1,0.0,0.0,0.0,0.0,0.0,0.0,0.0,1.0
117528,0,1,3400,-56,56,30,11,16,0.89,24096.000000,0,2.1,0.0,0.0,5536.000000,0,0.0,0.0,0.0,1.0
117777,0,1,3400,-54,54,31,11,18,0.57,77290.835938,4,2.1,0.0,0.0,8031.872559,0,0.0,0.0,0.0,1.0
118026,0,1,3400,-54,54,38,13,18,0.50,55840.000000,0,2.1,0.0,0.0,5536.000000,0,0.0,0.0,0.0,1.0
118275,0,1,3400,-54,54,44,11,18,0.53,45600.000000,4,2.1,0.0,0.0,5536.000000,0,0.0,0.0,0.0,1.0
118524,0,1,3400,-54,54,37,13,19,0.50,38080.000000,0,2.1,0.89,0.0,56480.000000,14,0.0,0.0,0.0,1.0
118773,0,1,3400,-54,54,36,14,18,0.56,64864.000000,0,2.1,8.0,0.0,0.0,0.0,0.0,0.0,0.0,1.0
119022,0,1,3400,-55,55,37,14,17,0.58,60576.000000,5,2.1,0.32,0.0,11072.000000,0,0.0,0.0,0.0,1.0
119271,0,1,3400,-54,54,34,14,18,0.50,75584.000000,0,2.1,0.0,0.0,5536.000000,0,0.0,0.0,0.0,1.0
119520,0,1,3400,-54,54,38,14,18,0.50,45088.000000,0,2.1,0.0,0.0,0.0,0.0,0.0,0.0,0.0,1.0
119769,0,1,3400,-54,54,29,13,18,0.50,59296.000000,0,2.1,0.0,0.0,12384.000000,0,0.0,0.0,0.0,1.0
120018,0,1,3400,-54,54,35,13,18,0.83,57536.000000,8,2.1,0.0,0.0,5536.000000,0,0.0,0.0,0.0,1.0
120267,0,1,3400,-54,54,36,12,18,0.50,33024.000000,0,2.1,0.0,0.0,5536.000000,0,0.0,0.0,0.0,1.0
120516,0,1,3400,-54,54,44,13,18,0.50,74208.000000,0,2.1,0.0,186,5536.000000,0,0.0,0.0,0.0,1.0
120765,0,1,3400,-54,54,38,13,18,0.72,45056.000000,4,2.1,0.048,0.0,26208.000000,0,0.0,0.0,0.0,1.0
121014,0,1,3400,-54,54,37,9.6,19,0.50,58208.000000,0,2.1,1.2,0.0,0.0,80,0.0,0.0,0.0,1.0
121263,0,1,3400,-55,55,45,14,16,0.64,70592.000000,4,2.1,7.4,0.0,0.0,0.0,0.0,0.0,0.0,1.0
121512,0,1,3400,-54,54,33,14,18,0.50,63200.000000,0,2.1,7.5,186,5536.000000,0,0.0,0.0,0.0,1.0
121761,0,1,3400,-59,59,33,12,15,0.58,52972.113281,2,2.1,0.90,0.0,8127.490234,17,0.0,0.0,0.0,1.0
122010,0,1,3400,-54,54,38,13,18,0.79,39520.000000,12,2.1,0.0,0.0,0.0,0.0,0.0,0.0,0.0,1.0
122259,0,1,3400,-56,56,34,12,15,0.51,32928.000000,4,2.1,0.0,0.0,0.0,0.0,0.0,0.0,0.0,1.0
122508,0,1,3400,-56,56,28,10,16,0.50,39712.000000,0,2.1,0.0,0.0,5536.000000,20,0.0,0.0,0.0,1.0
122757,0,1,3400,-54,54,39,12,18,0.57,51136.000000,0,2.1,0.0,0.0,12128.000000,0,0.0,0.0,0.0,1.0
123006,0,1,3400,-55,55,38,14,18,0.50,74996.015625,0,2.1,0.0,0.0,16541.832031,25,0.0,0.0,0.0,1.0
123255,0,1,3400,-55,55,40,16,17,0.50,46528.000000,0,2.1,0.0,0.0,0.0,0.0,0.0,0.0,0.0,1.0
123504,0,1,3400,-54,54,40,14,19,0.50,48764.941406,0,2.1,0.0,0.0,12334.661133,0,0.0,0.0,0.0,1.0
123753,0,1,3400,-54,54,32,14,18,0.59,50944.000000,6,2.1,3.3,0.0,0.0,80,0.0,0.0,0.0,1.0
124002,0,1,3400,-54,54,36,11,18,0.50,60576.000000,0,2.1,6.3,0.0,5536.000000,0,0.0,0.0,0.0,1.0
124251,0,1,3400,-54,54,42,13,18,0.50,72768.000000,0,2.1,0.0,0.0,0.0,0.0,0.0,0.0,0.0,1.0
124500,0,1,3400,-54,54,51,10,16,0.63,46310.757812,2,2.1,0.24,0.0,2135.458252,25,0.0,0.0,0.0,1.0
124749,0,1,3400,-55,55,33,10,16,0.91,43488.000000,3,2.1,1.6,0.0,8160.000000,53,0.0,0.0,0.0,1.0
124998,0,1,3400,-54,54,36,12,18,0.58,65952.000000,0,2.1,0.0,0.0,5536.000000,0,0.0,0.0,0.0,1.0
125247,0,1,3400,-55,55,23,13,17,0.51,68175.296875,0,2.1,0.0,0.0,0.0,0.0,0.0,0.0,0.0,1.0
125496,0,1,3400,-54,54,36,13,16,0.78,55648.000000,15,2.1,1.6,0.0,138752.000000,9,0.0,0.0,0.0,1.0
125745,0,1,3400,-56,56,27,11,16,0.50,69365.078125,0,2.1,0.0,0.0,0.0,0.0,0.0,0.0,0.0,1.0
125994,0,1,3400,-54,54,30,13,18,0.50,65216.000000,0,2.1,0.0,0.0,0.0,0.0,0.0,0.0,0.0,1.0
126243,0,1,3400,-55,55,35,13,17,0.68,41216.000000,11,2.1,0.0,0.0,0.0,0.0,0.0,0.0,0.0,1.0
126492,0,1,3400,-54,54,32,13,18,0.96,50039.839844,5,2.1,0.57,0.0,16988.046875,0,0.0,0.0,0.0,1.0
126741,0,1,3400,-54,54,39,15,18,0.73,57408.000000,5,2.1,8.5,0.0,224,80,0.0,0.0,0.0,1.0
126990,0,1,3400,-54,54,40,15,18,0.50,40384.000000,0,2.1,8.5,0.0,0.0,0.0,0.0,0.0,0.0,1.0
127239,0,1,3400,-54,54,40,13,17,0.50,52832.000000,0,2.1,8.5,0.0,0.0,0.0,0.0,0.0,0.0,1.0
127488,0,1,3400,-55,55,28,13,17,0.50,52448.000000,0,2.1,6.5,0.0,8000.000000,0,0.0,0.0,0.0,1.0
127737,0,1,3400,-54,54,35,13,19,0.50,32224.000000,0,2.1,0.0,0.0,0.0,0.0,0.0,0.0,0.0,1.0
127986,0,1,3400,-54,54,33,13,19,0.50,76160.000000,0,2.1,0.0,0.0,0.0,0.0,0.0,0.0,0.0,1.0
128235,0,1,3400,-54,54,35,13,18,0.68,43136.000000,0,2.1,0.30,0.0,0.0,50,0.0,0.0,0.0,1.0
128484,0,1,3400,-54,54,35,15,18,0.51,36192.000000,0,2.1,7.7,0.0,42752.000000,40,0.0,0.0,0.0,1.0
128733,0,1,3400,-54,54,33,9.6,18,0.96,44480.000000,4,2.1,15,0.0,94048.000000,74,0.0,0.0,0.0,1.0
128982,0,1,3400,-54,54,39,12,17,1.4,21760.000000,11,2.1,8.0,0.0,0.0,0.0,0.0,0.0,0.0,1.0
129231,0,1,3400,-54,54,36,12,18,0.65,59424.000000,2,2.1,8.0,0.0,0.0,0.0,0.0,0.0,0.0,1.0
129480,0,1,3400,-54,54,41,14,16,0.70,52832.000000,5,2.1,6.1,0.0,13696.000000,22,0.0,0.0,0.0,1.0
129729,0,1,3400,-54,54,42,14,18,0.50,58039.839844,0,2.1,0.0,0.0,0.0,0.0,0.0,0.0,0.0,1.0
129978,0,1,3400,-54,54,37,14,16,0.64,50176.000000,11,2.1,0.0,0.0,0.0,0.0,0.0,0.0,0.0,1.0
130227,0,1,3400,-55,55,32,14,18,0.52,100832.000000,0,2.1,0.0,0.0,5536.000000,33,0.0,0.0,0.0,1.0
130476,0,1,3400,-54,54,37,13,18,0.52,32640.000000,0,2.1,0.33,0.0,46368.000000,0,0.0,0.0,0.0,1.0
130725,0,1,3400,-54,54,35,13,19,0.50,32640.000000,0,2.1,16,0.0,39648.000000,80,0.0,0.0,0.0,1.0
130974,0,1,3400,-54,54,36,13,19,0.50,52160.000000,0,2.1,16,0.0,0.0,0.0,0.0,0.0,0.0,1.0
131223,0,1,3400,-54,54,30,12,18,0.59,63104.000000,4,2.1,16,0.0,0.0,0.0,0.0,0.0,0.0,1.0
131472,0,1,3400,-54,54,37,13,17,0.57,28768.000000,8,2.1,16,80,3616.000000,33,0.0,0.0,0.0,1.0
131721,0,1,3400,-54,54,38,13,18,0.50,53984.000000,0,2.1,1.6,0.0,8768.000000,0,0.0,0.0,0.0,1.0
131970,0,1,3400,-54,54,42,14,18,0.50,60992.000000,0,2.1,0.0,0.0,5536.000000,0,0.0,0.0,0.0,1.0
132219,0,1,3400,-54,54,39,13,19,0.50,65280.000000,0,2.1,0.0,0.0,0.0,0.0,0.0,0.0,0.0,1.0
132468,0,1,3400,-54,54,38,13,18,0.50,48960.000000,0,2.1,0.0,0.0,17920.000000,0,0.0,0.0,0.0,1.0
132717,0,1,3400,-54,54,36,13,18,0.51,76160.000000,0,2.1,0.0,0.0,0.0,0.0,0.0,0.0,0.0,1.0
132966,0,1,3400,-54,54,29,13,17,0.82,71008.000000,4,2.1,0.0,0.0,0.0,0.0,0.0,0.0,0.0,1.0
133215,0,1,3400,-54,54,35,11,18,0.50,41952.000000,0,2.1,0.0,0.0,0.0,0.0,0.0,0.0,0.0,1.0
133464,0,1,3400,-57,57,37,13,14,0.51,88796.812500,2,2.1,0.37,0.0,2613.545898,33,0.0,0.0,0.0,1.0
133713,0,1,3400,-54,54,35,11,16,0.65,61024.000000,4,2.1,0.73,0.0,8000.000000,43,0.0,0.0,0.0,1.0
133962,0,1,3400,-54,54,43,13,17,1.2,43808.000000,15,2.1,0.0,0.0,0.0,0.0,0.0,0.0,0.0,1.0
134211,0,1,3400,-55,55,46,14,15,0.91,43314.742188,6,2.1,0.0,0.0,0.0,0.0,0.0,0.0,0.0,1.0
134460,0,1,3400,-54,54,31,13,18,0.50,37952.000000,0,2.1,0.056,0.0,15776.000000,12,0.0,0.0,0.0,1.0
134709,0,1,3400,-55,55,28,12,17,0.50,33248.000000,0,2.1,7.0,0.0,10816.000000,60,0.0,0.0,0.0,1.0
134958,0,1,3400,-54,54,40,13,18,0.50,54400.000000,0,2.1,7.0,0.0,0.0,0.0,0.0,0.0,0.0,1.0
135207,0,1,3400,-54,54,38,13,19,0.50,47392.000000,0,2.1,7.0,0.0,5536.000000,0,0.0,0.0,0.0,1.0
135456,0,1,3400,-54,54,28,13,17,0.56,45824.000000,6,2.1,6.5,0.0,1312.000000,20,0.0,0.0,0.0,1.0
135705,0,1,3400,-54,54,33,14,19,0.72,23235.060547,10,2.1,0.0,0.0,11824.701172,14,0.0,0.0,0.0,1.0
135954,0,1,3400,-54,54,38,13,19,0.56,86080.000000,0,2.1,0.0,0.0,0.0,0.0,0.0,0.0,0.0,1.0
136203,0,1,3400,-54,54,35,12,19,0.50,32992.000000,0,2.1,0.0,0.0,5536.000000,0,0.0,0.0,0.0,1.0
136452,0,1,3400,-56,56,66,11,15,0.50,48733.066406,0,2.1,0.0,0.0,0.0,0.0,0.0,0.0,0.0,1.0
136701,0,1,3400,-54,54,37,10,18,0.50,49024.000000,0,2.1,0.056,0.0,52800.000000,0,0.0,0.0,0.0,1.0
136950,0,1,3400,-56,56,51,12,17,0.51,53248.000000,0,2.1,0.0,0.0,0.0,0.0,0.0,0.0,0.0,1.0
137199,0,1,3400,-54,54,34,12,19,0.50,50112.000000,0,2.1,0.0,0.0,5536.000000,33,0.0,0.0,0.0,1.0
137448,0,1,3400,-54,54,39,14,17,1.1,34208.000000,13,2.1,0.68,0.0,19680.000000,45,0.0,0.0,0.0,1.0
137697,0,1,3400,-54,54,36,13,18,0.71,70272.000000,0,2.1,0.0,0.0,0.0,0.0,0.0,0.0,0.0,1.0
137946,0,1,3400,-54,54,42,11,18,0.67,69344.000000,2,2.1,0.0,0.0,5536.000000,33,0.0,0.0,0.0,1.0
138195,0,1,3400,-54,54,39,13,17,0.52,38080.000000,0,2.1,0.0,0.0,0.0,0.0,0.0,0.0,0.0,1.0
138444,0,1,3400,-54,54,37,13,18,0.95,49984.000000,14,2.1,0.82,0.0,11232.000000,36,0.0,0.0,0.0,1.0
138693,0,1,3400,-54,54,38,13,18,0.50,59840.000000,0,2.1,0.0,0.0,0.0,0.0,0.0,0.0,0.0,1.0
138942,0,1,3400,-55,55,39,12,18,0.50,43392.000000,0,2.1,0.0,0.0,0.0,0.0,0.0,0.0,0.0,1.0
139191,0,1,3400,-54,54,36,13,18,0.92,55424.000000,5,2.1,0.064,0.0,0.0,0.0,0.0,0.0,0.0,1.0
139440,0,1,3400,-54,54,33,13,18,0.60,43520.000000,0,2.1,0.0,0.0,12256.000000,0,0.0,0.0,0.0,1.0
139689,0,1,3400,-54,54,35,13,18,0.63,51232.000000,6,2.1,0.0,0.0,0.0,0.0,0.0,0.0,0.0,1.0
139938,0,1,3400,-54,54,34,13,17,0.77,62976.000000,8,2.1,0.0,0.0,5536.000000,0,0.0,0.0,0.0,1.0
140187,0,1,3400,-54,54,34,13,17,0.70,75136.000000,7,2.1,0.0,0.0,5536.000000,0,0.0,0.0,0.0,1.0
140436,0,1,3400,-54,54,37,12,17,0.57,64832.000000,0,2.1,0.0,0.0,12256.000000,0,0.0,0.0,0.0,1.0
140685,0,1,3400,-54,54,26,14,17,0.64,53280.000000,6,2.1,0.0,0.0,0.0,0.0,0.0,0.0,0.0,1.0
140934,0,1,3400,-54,54,30,13,17,0.51,32640.000000,0,2.1,6.0,0.0,0.0,80,0.0,0.0,0.0,1.0
141183,0,1,3400,-55,55,32,13,18,0.50,81088.000000,0,2.1,7.5,0.0,0.0,0.0,0.0,0.0,0.0,1.0
141432,0,1,3400,-54,54,37,12,19,0.50,49120.000000,0,2.1,3.8,0.0,120544.000000,11,0.0,0.0,0.0,1.0
141681,0,1,3400,-54,54,36,13,17,1.1,54912.000000,10,2.1,14,0.0,0.0,0.0,0.0,0.0,0.0,1.0
141930,0,1,3400,-54,54,31,13,19,0.50,27200.000000,0,2.1,14,0.0,0.0,0.0,0.0,0.0,0.0,1.0
142179,0,1,3400,-54,54,38,13,18,0.74,71168.000000,4,2.1,14,0.0,0.0,0.0,0.0,0.0,0.0,1.0
142428,0,1,3400,-54,54,40,13,18,0.67,72288.000000,4,2.1,14,0.0,0.0,67,0.0,0.0,0.0,1.0
142677,0,1,3400,-54,54,34,14,19,0.50,67680.000000,0,2.1,14,0.0,0.0,100.000000,0.0,0.0,0.0,1.0
142926,0,1,3400,-54,54,32,13,18,0.50,29504.000000,0,2.1,14,0.0,0.0,0.0,0.0,0.0,0.0,1.0
143175,0,1,3400,-54,54,33,12,16,0.73,87171.312500,4,2.1,14,0.0,0.0,0.0,0.0,0.0,0.0,1.0
143424,0,1,3400,-54,54,35,13,17,0.72,55840.000000,5,2.1,14,0.0,6592.000000,50,0.0,0.0,0.0,1.0
143673,0,1,3400,-54,54,39,12,18,0.65,34144.000000,6,2.1,15,0.0,0.0,0.0,0.0,0.0,0.0,1.0
143922,0,1,3400,-54,54,39,12,17,0.50,44576.000000,0,2.1,14,0.0,0.0,0.0,0.0,0.0,0.0,1.0
144171,0,1,3400,-54,54,35,13,18,0.55,48960.000000,0,2.1,11,0.0,5536.000000,0,0.0,0.0,0.0,1.0
144420,0,1,3400,-54,54,33,13,19,0.58,44640.000000,6,2.1,7.7,0.0,4384.000000,0,0.0,0.0,0.0,1.0
144669,0,1,3400,-54,54,36,13,18,0.50,54400.000000,0,2.1,16,0.0,232032.000000,68,0.0,0.0,0.0,1.0
144918,0,1,3400,-54,54,41,11,17,0.50,59680.000000,0,2.1,16,0.0,0.0,0.0,0.0,0.0,0.0,1.0
145167,0,1,3400,-54,54,35,10,18,0.50,21760.000000,0,2.1,16,0.0,0.0,0.0,0.0,0.0,0.0,1.0
145416,0,1,3400,-54,54,35,12,17,0.56,38016.000000,6,2.1,13,0.0,8160.000000,0,0.0,0.0,0.0,1.0
145665,0,1,3400,-55,55,18,13,17,0.61,54720.000000,6,2.1,0.0,0.0,0.0,0.0,0.0,0.0,0.0,1.0
145914,0,1,3400,-54,54,45,13,18,0.56,105632.000000,3,2.1,0.0,0.0,5536.000000,0,0.0,0.0,0.0,1.0
146163,0,1,3400,-54,54,36,11,18,0.90,52160.000000,3,2.1,0.0,0.0,0.0,0.0,0.0,0.0,0.0,1.0
146412,0,1,3400,-54,54,33,11,17,0.50,38080.000000,0,2.1,2.8,0.0,15104.000000,0,0.0,0.0,0.0,1.0
146661,0,1,3400,-54,54,35,13,19,0.50,70304.000000,0,2.1,9.3,0.0,5536.000000,0,0.0,0.0,0.0,1.0
146910,0,1,3400,-55,55,24,12,17,0.58,58932.269531,0,2.1,6.5,0.0,0.0,0.0,0.0,0.0,0.0,1.0
147159,0,1,3400,-54,54,33,13,17,0.50,48960.000000,0,2.1,6.5,0.0,0.0,0.0,0.0,0.0,0.0,1.0
147408,0,1,3400,-54,54,38,14,18,0.58,71235.062500,4,2.1,6.5,76,3474.103516,33,0.0,0.0,0.0,1.0
147657,0,1,3400,-54,54,34,14,17,0.57,73632.000000,5,2.1,16,0.0,119200.000000,69,0.0,0.0,0.0,1.0
147906,0,1,3400,-54,54,29,13,17,0.55,70272.000000,0,2.1,16,0.0,0.0,0.0,0.0,0.0,0.0,1.0
148155,0,1,3400,-54,54,33,13,18,0.50,32640.000000,0,2.1,16,0.0,0.0,0.0,0.0,0.0,0.0,1.0
148404,0,1,3400,-54,54,38,12,18,0.50,49888.000000,0,2.1,13,0.0,16256.000000,20,0.0,0.0,0.0,1.0
148653,0,1,3400,-54,54,38,11,17,0.66,76480.000000,5,2.1,0.0,0.0,0.0,75,0.0,0.0,0.0,1.0
148902,0,1,3400,-54,54,38,13,19,0.51,55584.000000,0,2.1,0.0,0.0,5536.000000,0,0.0,0.0,0.0,1.0
149151,0,1,3400,-55,55,51,13,17,0.50,38080.000000,0,2.1,0.0,0.0,5536.000000,0,0.0,0.0,0.0,1.0
149400,0,1,3400,-54,54,37,11,18,0.65,38240.000000,3,2.1,0.0,0.0,0.0,0.0,0.0,0.0,0.0,1.0
149649,0,1,3400,-54,54,37,12,17,0.52,79232.000000,0,2.1,0.0,0.0,8160.000000,0,0.0,0.0,0.0,1.0
149898,0,1,3400,-54,54,37,11,18,0.50,54976.000000,0,2.1,0.0,0.0,0.0,0.0,0.0,0.0,0.0,1.0
150147,0,1,3400,-54,54,34,13,18,0.50,37664.000000,0,2.1,0.0,0.0,0.0,0.0,0.0,0.0,0.0,1.0
150396,0,1,3400,-54,54,35,13,19,0.53,32640.000000,0,2.1,0.0,0.0,12384.000000,0,0.0,0.0,0.0,1.0
150645,0,1,3400,-54,54,40,12,19,0.50,42848.000000,0,2.1,0.0,0.0,0.0,0.0,0.0,0.0,0.0,1.0
150894,0,1,3400,-55,55,47,13,17,0.50,18624.000000,0,2.1,0.0,0.0,0.0,0.0,0.0,0.0,0.0,1.0
151143,0,1,3400,-55,55,40,11,18,0.70,89184.000000,2,2.1,0.0,0.0,0.0,0.0,0.0,0.0,0.0,1.0
151392,0,1,3400,-56,56,54,10,16,0.51,19888.445312,9,2.1,0.0,186,0.0,0.0,0.0,0.0,0.0,1.0
151641,0,1,3400,-54,54,40,9.5,18,1.1,72192.000000,4,2.1,0.0,0.0,17920.000000,36,0.0,0.0,0.0,1.0
151890,0,1,3400,-54,54,39,13,17,0.74,64640.000000,4,2.1,0.0,0.0,5536.000000,0,0.0,0.0,0.0,1.0
152139,0,1,3400,-54,54,38,11,17,0.58,44908.367188,0,2.1,0.0,0.0,0.0,0.0,0.0,0.0,0.0,1.0
152388,0,1,3400,-54,54,38,13,18,0.71,87968.000000,3,2.1,1.5,0.0,9184.000000,57,0.0,0.0,0.0,1.0
152637,0,1,3400,-54,54,39,13,18,0.58,39648.000000,0,2.1,0.0,0.0,0.0,0.0,0.0,0.0,0.0,1.0
152886,0,1,3400,-54,54,34,13,19,0.50,12448.000000,0,2.1,0.0,0.0,0.0,0.0,0.0,0.0,0.0,1.0
153135,0,1,3400,-54,54,31,15,18,0.50,14752.000000,0,2.1,0.0,0.0,0.0,0.0,0.0,0.0,0.0,1.0
153384,0,1,3400,-54,54,37,12,19,0.51,46240.000000,6,2.1,0.52,0.0,0.0,60,0.0,0.0,0.0,1.0
153633,0,1,3400,-54,54,37,16,16,0.87,44512.000000,12,2.1,16,0.0,88512.000000,74,0.0,0.0,0.0,1.0
153882,0,1,3400,-54,54,40,14,18,0.59,45344.000000,7,2.1,16,0.0,0.0,0.0,0.0,0.0,0.0,1.0
154131,0,1,3400,-54,54,39,12,18,0.79,72864.000000,12,2.1,16,0.0,0.0,0.0,0.0,0.0,0.0,1.0
154380,0,1,3400,-54,54,36,13,18,0.71,55968.000000,5,2.1,12,0.0,14976.000000,0,0.0,0.0,0.0,1.0
154629,0,1,3400,-54,54,31,14,19,0.50,63392.000000,0,2.1,0.064,0.0,0.0,0.0,0.0,0.0,0.0,1.0
154878,0,1,3400,-54,54,40,13,18,0.50,59456.000000,0,2.1,0.13,0.0,0.0,0.0,0.0,0.0,0.0,1.0
155127,0,1,3400,-55,55,33,14,17,1.1,52416.000000,5,2.1,0.0,0.0,0.0,0.0,0.0,0.0,0.0,1.0
155376,0,1,3400,-54,54,40,13,18,0.84,66848.000000,4,2.1,0.0,0.0,5536.000000,0,0.0,0.0,0.0,1.0
155625,0,1,3400,-54,54,36,13,18,0.50,26784.000000,0,2.1,0.0,0.0,6976.000000,0,0.0,0.0,0.0,1.0
155874,0,1,3400,-54,54,29,13,18,0.52,54400.000000,0,2.1,0.0,0.0,0.0,0.0,0.0,0.0,0.0,1.0
156123,0,1,3400,-54,54,37,11,16,0.53,80384.000000,2,2.1,0.064,0.0,11072.000000,0,0.0,0.0,0.0,1.0
156372,0,1,3400,-54,54,35,11,17,0.53,64573.707031,0,2.1,0.0,186,0.0,0.0,0.0,0.0,0.0,1.0
156621,0,1,3400,-54,54,48,13,17,0.50,47264.000000,0,2.1,0.064,0.0,13696.000000,12,0.0,0.0,0.0,1.0
156870,0,1,3400,-54,54,38,13,18,0.60,50528.000000,5,2.1,0.0,0.0,0.0,0.0,0.0,0.0,0.0,1.0
157119,0,1,3400,-54,54,37,10,18,0.50,33984.000000,0,2.1,0.0,0.0,0.0,0.0,0.0,0.0,0.0,1.0
157368,0,1,3400,-54,54,36,7.7,17,0.70,42336.000000,0,2.1,0.0,20,0.0,50,0.0,0.0,0.0,1.0
157617,0,1,3400,-54,54,29,13,18,0.50,45056.000000,0,2.1,0.064,0.0,11392.000000,17,0.0,0.0,0.0,1.0
157866,0,1,3400,-55,55,30,13,18,0.50,27200.000000,0,2.1,0.0,0.0,0.0,0.0,0.0,0.0,0.0,1.0
158115,0,1,3400,-55,55,34,11,17,0.50,66836.656250,0,2.1,5.2,0.0,16988.046875,50,0.0,0.0,0.0,1.0
158364,0,1,3400,-54,54,41,13,16,0.52,70592.000000,0,2.1,7.2,0.0,9024.000000,0,0.0,0.0,0.0,1.0
158613,0,1,3400,-54,54,41,10,18,0.50,77344.000000,0,2.1,0.0,0.0,3232.000000,0,0.0,0.0,0.0,1.0
158862,0,1,3400,-54,54,39,13,18,0.50,32640.000000,0,2.1,3.6,0.0,0.0,80,0.0,0.0,0.0,1.0
159111,0,1,3400,-55,55,35,13,17,0.50,36239.042969,0,2.1,7.4,0.0,0.0,0.0,0.0,0.0,0.0,1.0
159360,0,1,3400,-55,55,54,13,16,0.50,41657.371094,0,2.1,7.3,0.0,46948.207031,0,0.0,0.0,0.0,1.0
159609,0,1,3400,-54,54,37,10,17,0.68,83040.000000,2,2.1,9.0,0.0,42528.000000,0,0.0,0.0,0.0,1.0
159858,0,1,3400,-54,54,36,14,18,0.70,52576.000000,5,2.1,7.9,0.0,5536.000000,0,0.0,0.0,0.0,1.0
160107,0,1,3400,-55,55,41,15,17,0.61,17888.000000,12,2.1,3.6,0.0,5536.000000,0,0.0,0.0,0.0,1.0
160356,0,1,3400,-55,55,49,13,16,0.54,37632.000000,0,2.1,0.080,0.0,5760.000000,17,0.0,0.0,0.0,1.0
160605,0,1,3400,-54,54,37,12,18,0.80,44844.621094,3,2.1,2.2,0.0,16541.832031,62,0.0,0.0,0.0,1.0
160854,0,1,3400,-54,54,30,14,18,0.55,69856.000000,8,2.1,7.5,0.0,0.0,0.0,0.0,0.0,0.0,1.0
161103,0,1,3400,-54,54,33,11,17,0.88,41920.000000,2,2.1,7.5,0.0,0.0,0.0,0.0,0.0,0.0,1.0
161352,0,1,3400,-54,54,38,14,19,0.50,87520.000000,0,2.1,7.3,0.0,10336.000000,44,0.0,0.0,0.0,1.0
161601,0,1,3400,-54,54,38,13,17,1.3,43904.000000,20,2.1,3.2,0.0,5536.000000,0,0.0,0.0,0.0,1.0
161850,0,1,3400,-54,54,37,11,18,1.1,20768.000000,0,2.1,0.0,0.0,5536.000000,0,0.0,0.0,0.0,1.0
162099,0,1,3400,-54,54,36,12,17,0.64,75456.000000,10,2.1,0.0,0.0,0.0,0.0,0.0,0.0,0.0,1.0
162348,0,1,3400,-54,54,42,11,17,1.0,24032.000000,8,2.1,0.0,0.0,13440.000000,10,0.0,0.0,0.0,1.0
162597,0,1,3400,-55,55,37,12,16,0.50,48896.000000,0,2.1,2.1,0.0,0.0,80,0.0,0.0,0.0,1.0
162846,0,1,3400,-54,54,35,13,18,0.50,37888.000000,0,2.1,7.5,0.0,0.0,0.0,0.0,0.0,0.0,1.0
163095,0,1,3400,-54,54,38,14,17,0.57,70144.000000,4,2.1,2.4,0.0,11072.000000,0,0.0,0.0,0.0,1.0
163344,0,1,3400,-54,54,32,11,18,0.50,45120.000000,0,2.1,0.42,0.0,12256.000000,12,0.0,0.0,0.0,1.0
163593,0,1,3400,-54,54,34,13,17,0.64,62976.000000,8,2.1,12,0.0,4512.000000,60,0.0,0.0,0.0,1.0
163842,0,1,3400,-54,54,38,13,18,0.50,48960.000000,0,2.1,12,0.0,0.0,0.0,0.0,0.0,0.0,1.0
164091,0,1,3400,-54,54,41,12,18,0.67,73593.625000,3,2.1,12,0.0,0.0,0.0,0.0,0.0,0.0,1.0
164340,0,1,3400,-54,54,40,13,17,1.2,50528.000000,5,2.1,9.0,0.0,12256.000000,14,0.0,0.0,0.0,1.0
164589,0,1,3400,-54,54,36,13,18,0.50,38080.000000,0,2.1,0.0,0.0,0.0,0.0,0.0,0.0,0.0,1.0
164838,0,1,3400,-55,55,41,13,18,0.51,65088.000000,0,2.1,0.0,0.0,0.0,0.0,0.0,0.0,0.0,1.0
165087,0,1,3400,-54,54,44,13,18,0.50,59840.000000,0,2.1,0.0,0.0,11072.000000,0,0.0,0.0,0.0,1.0
165336,0,1,3400,-54,54,39,12,18,0.56,63872.000000,2,2.1,0.0,0.0,10560.000000,0,0.0,0.0,0.0,1.0
165585,0,1,3400,-54,54,38,13,18,0.50,70464.000000,0,2.1,0.0,0.0,1568.000000,0,0.0,0.0,0.0,1.0
165834,0,1,3400,-54,54,37,13,19,0.57,66016.000000,4,2.1,0.0,0.0,0.0,0.0,0.0,0.0,0.0,1.0
166083,0,1,3400,-54,54,40,14,19,0.51,75168.000000,0,2.1,0.0,0.0,0.0,0.0,0.0,0.0,0.0,1.0
166332,0,1,3400,-54,54,35,16,17,0.71,63011.953125,0,2.1,3.6,0.0,29322.708984,20,0.0,0.0,0.0,1.0
166581,0,1,3400,-54,54,29,13,19,0.50,32384.000000,0,2.1,0.82,0.0,3872.000000,0,0.0,0.0,0.0,1.0
166830,0,1,3400,-54,54,33,11,18,0.77,99314.742188,3,2.1,9.6,0.0,0.0,80,0.0,0.0,0.0,1.0
167079,0,1,3400,-54,54,32,13,18,0.52,32224.000000,0,2.1,10,0.0,0.0,0.0,0.0,0.0,0.0,1.0
167328,0,1,3400,-54,54,36,12,18,0.50,52525.894531,0,2.1,9.5,0.0,8127.490234,0,0.0,0.0,0.0,1.0
167577,0,1,3400,-55,55,37,12,18,0.74,51856.574219,4,2.1,0.0,0.0,0.0,0.0,0.0,0.0,0.0,1.0
167826,0,1,3400,-54,54,35,11,18,0.50,66048.000000,0,2.1,0.0,0.0,0.0,0.0,0.0,0.0,0.0,1.0
168075,0,1,3400,-54,54,34,14,17,0.50,48512.000000,0,2.1,0.0,0.0,0.0,0.0,0.0,0.0,0.0,1.0
168324,0,1,3400,-54,54,36,12,18,0.50,84352.000000,0,2.1,0.82,0.0,11104.000000,36,0.0,0.0,0.0,1.0
168573,0,1,3400,-54,54,32,12,18,1.0,28256.000000,17,2.1,0.0,0.0,0.0,0.0,0.0,0.0,0.0,1.0
168822,0,1,3400,-55,55,42,14,18,0.84,52768.000000,0,2.1,0.0,0.0,0.0,0.0,0.0,0.0,0.0,1.0
169071,0,1,3400,-54,54,42,13,18,0.50,27200.000000,0,2.1,0.0,0.0,0.0,0.0,0.0,0.0,0.0,1.0
169320,0,1,3400,-54,54,36,14,17,0.50,30944.000000,0,2.1,0.0,0.0,13728.000000,25,0.0,0.0,0.0,1.0
169569,0,1,3400,-54,54,35,14,18,0.64,49664.000000,6,2.1,0.0,0.0,0.0,0.0,0.0,0.0,0.0,1.0
169818,0,1,3400,-54,54,39,13,18,0.53,65280.000000,0,2.1,0.064,0.0,0.0,0.0,0.0,0.0,0.0,1.0
170067,0,1,3400,-54,54,46,15,17,0.54,42656.000000,7,2.1,0.0,0.0,5536.000000,0,0.0,0.0,0.0,1.0
170316,0,1,3400,-55,55,29,13,17,0.53,62464.000000,0,2.1,0.0,186,0.0,0.0,0.0,0.0,0.0,1.0
170565,0,1,3400,-54,54,35,11,18,0.64,70176.000000,2,2.1,0.0,0.0,12384.000000,0,0.0,0.0,0.0,1.0
170814,0,1,3400,-54,54,39,12,17,0.50,37856.000000,0,2.1,0.0,0.0,0.0,0.0,0.0,0.0,0.0,1.0
171063,0,1,3400,-54,54,33,16,18,0.89,46432.000000,6,2.1,0.064,0.0,0.0,0.0,0.0,0.0,0.0,1.0
171312,0,1,3400,-55,55,29,12,16,0.95,37227.089844,11,2.1,1.9,0.0,11059.760742,53,0.0,0.0,0.0,1.0
171561,0,1,3400,-55,55,36,13,17,0.50,28653.386719,0,2.1,0.0,0.0,0.0,75,0.0,0.0,0.0,1.0
171810,0,1,3400,-55,55,33,12,15,0.79,92844.625000,5,2.1,0.0,0.0,0.0,0.0,0.0,0.0,0.0,1.0
172059,0,1,3400,-55,55,33,12,18,0.50,32640.000000,0,2.1,0.0,0.0,0.0,80,0.0,0.0,0.0,1.0
172308,0,1,3400,-54,54,30,11,17,0.50,85184.000000,0,2.1,0.0,186,0.0,0.0,0.0,0.0,0.0,1.0
172557,0,1,3400,-55,55,21,13,17,0.51,54144.000000,0,2.1,4.8,0.0,114464.000000,19,0.0,0.0,0.0,1.0
172806,0,1,3400,-55,55,33,10,16,0.51,74349.203125,4,2.1,6.5,0.0,0.0,0.0,0.0,0.0,0.0,1.0
173055,0,1,3400,-55,55,47,13,17,1.1,42007.968750,7,2.1,6.5,0.0,0.0,0.0,0.0,0.0,0.0,1.0
173304,0,1,3400,-54,54,39,17,17,0.52,41376.000000,0,2.1,6.5,0.0,0.0,0.0,0.0,0.0,0.0,1.0
173553,0,1,3400,-54,54,38,13,18,0.50,77952.000000,0,2.1,2.9,0.0,8064.000000,22,0.0,0.0,0.0,1.0
173802,0,1,3400,-54,54,41,13,18,0.56,48640.000000,0,2.1,0.0,0.0,0.0,0.0,0.0,0.0,0.0,1.0
174051,0,1,3400,-54,54,40,11,17,0.76,38432.000000,0,2.1,0.0,0.0,0.0,0.0,0.0,0.0,0.0,1.0
174300,0,1,3400,-54,54,35,13,18,0.77,39648.000000,6,2.1,0.41,0.0,2016.000000,25,0.0,0.0,0.0,1.0
174549,0,1,3400,-54,54,32,11,17,0.88,66272.000000,5,2.1,1.1,0.0,7168.000000,70,0.0,0.0,0.0,1.0
174798,0,1,3400,-54,54,33,13,18,0.50,32640.000000,0,2.1,0.0,0.0,0.0,0.0,0.0,0.0,0.0,1.0
175047,0,1,3400,-54,54,36,14,18,0.50,36512.000000,0,2.1,0.0,0.0,0.0,0.0,0.0,0.0,0.0,1.0
175296,0,1,3400,-54,54,38,12,18,0.51,39520.000000,0,2.1,0.30,0.0,5024.000000,25,0.0,0.0,0.0,1.0
175545,0,1,3400,-54,54,36,11,18,1.1,33632.000000,5,2.1,0.72,0.0,6592.000000,43,0.0,0.0,0.0,1.0
175794,0,1,3400,-54,54,38,10,18,0.50,44384.000000,0,2.1,0.0,0.0,5536.000000,0,0.0,0.0,0.0,1.0
176043,0,1,3400,-54,54,35,12,18,0.52,71072.000000,0,2.1,0.0,0.0,5536.000000,50,0.0,0.0,0.0,1.0
176292,0,1,3400,-54,54,42,12,17,0.64,41952.000000,4,2.1,0.0,20,5536.000000,0,0.0,0.0,0.0,1.0
176541,0,1,3400,-54,54,33,13,18,0.61,55745.019531,5,2.1,0.0,20,0.0,0.0,0.0,0.0,0.0,1.0
176790,0,1,3400,-54,54,31,13,18,0.50,51680.000000,0,2.1,0.0,0.0,6432.000000,0,0.0,0.0,0.0,1.0
177039,0,1,3400,-54,54,35,13,18,0.60,32640.000000,0,2.1,0.0,0.0,5536.000000,0,0.0,0.0,0.0,1.0
177288,0,1,3400,-55,55,33,14,17,0.65,57152.000000,9,2.1,0.45,0.0,3616.000000,40,0.0,0.0,0.0,1.0
177537,0,1,3400,-54,54,35,13,18,0.65,21760.000000,0,2.1,1.2,0.0,12256.000000,55,0.0,0.0,0.0,1.0
177786,0,1,3400,-54,54,35,13,18,0.67,66432.000000,4,2.1,0.0,0.0,0.0,0.0,0.0,0.0,0.0,1.0
178035,0,1,3400,-55,55,27,13,17,0.50,48960.000000,0,2.1,0.0,0.0,0.0,0.0,0.0,0.0,0.0,1.0
178284,0,1,3400,-55,55,29,14,17,0.99,61280.000000,4,2.1,0.064,0.0,17920.000000,0,0.0,0.0,0.0,1.0
178533,0,1,3400,-54,54,28,11,16,0.50,70119.523438,0,2.1,0.0,0.0,0.0,0.0,0.0,0.0,0.0,1.0
178782,0,1,3400,-54,54,35,12,16,0.63,106176.000000,5,2.1,0.0,0.0,0.0,0.0,0.0,0.0,0.0,1.0
179031,0,1,3400,-54,54,38,12,18,0.50,37824.000000,0,2.1,0.0,0.0,0.0,0.0,0.0,0.0,0.0,1.0
179280,0,1,3400,-54,54,35,13,17,0.50,39648.000000,0,2.1,0.0,0.0,17792.000000,0,0.0,0.0,0.0,1.0
179529,0,1,3400,-54,54,37,8.6,17,0.50,17280.000000,0,2.1,0.0,0.0,5536.000000,0,0.0,0.0,0.0,1.0
179778,0,1,3400,-54,54,35,13,18,0.84,66848.000000,4,2.1,0.0,0.0,11072.000000,0,0.0,0.0,0.0,1.0
180027,0,1,3400,-54,54,50,13,16,0.50,73248.000000,0,2.1,0.0,0.0,5536.000000,0,0.0,0.0,0.0,1.0
180276,0,1,3400,-55,55,39,13,18,0.53,73306.773438,4,2.1,0.0,186,0.0,0.0,0.0,0.0,0.0,1.0
180525,0,1,3400,-54,54,28,12,17,0.61,50880.000000,3,2.1,0.0,0.0,13248.000000,17,0.0,0.0,0.0,1.0
180774,0,1,3400,-54,54,37,10,17,0.61,52589.640625,3,2.1,0.0,0.0,0.0,0.0,0.0,0.0,0.0,1.0
181023,0,1,3400,-56,56,35,12,16,0.50,58080.000000,0,2.1,0.30,0.0,0.0,50,0.0,0.0,0.0,1.0
181272,0,1,3400,-54,54,38,14,18,0.50,47104.000000,0,2.1,7.9,0.0,76928.000000,66,0.0,0.0,0.0,1.0
181521,0,1,3400,-54,54,38,14,17,0.50,75360.000000,0,2.1,0.0,0.0,16608.000000,0,0.0,0.0,0.0,1.0
181770,0,1,3400,-54,54,31,14,18,0.50,33120.000000,0,2.1,0.0,0.0,11072.000000,0,0.0,0.0,0.0,1.0
182019,0,1,3400,-55,55,24,14,16,0.63,44640.000000,6,2.1,0.0,0.0,0.0,0.0,0.0,0.0,0.0,1.0
182268,0,1,3400,-55,55,26,12,16,0.84,50880.000000,12,2.1,0.12,0.0,38144.000000,20,0.0,0.0,0.0,1.0
182517,0,1,3400,-54,54,35,11,17,0.78,82656.000000,4,2.1,7.5,0.0,36576.000000,75,0.0,0.0,0.0,1.0
182766,0,1,3400,-54,54,37,14,18,0.50,39200.000000,0,2.1,7.5,0.0,0.0,80,0.0,0.0,0.0,1.0
183015,0,1,3400,-54,54,35,8.8,19,0.50,33856.000000,0,2.1,7.5,0.0,0.0,0.0,0.0,0.0,0.0,1.0
183264,0,1,3400,-54,54,33,14,18,0.50,59520.000000,0,2.1,7.2,0.0,6688.000000,14,0.0,0.0,0.0,1.0
183513,0,1,3400,-54,54,33,13,18,0.50,54272.000000,0,2.1,9.3,0.0,3648.000000,57,0.0,0.0,0.0,1.0
183762,0,1,3400,-54,54,36,13,18,1.1,7008.000000,25,2.1,9.0,0.0,5536.000000,0,0.0,0.0,0.0,1.0
184011,0,1,3400,-54,54,32,13,17,0.72,45088.000000,6,2.1,6.0,0.0,0.0,0.0,0.0,0.0,0.0,1.0
184260,0,1,3400,-56,56,19,9.1,16,0.69,68717.132812,2,2.1,4.5,0.0,32701.195312,48,0.0,0.0,0.0,1.0
184509,0,1,3400,-57,57,38,11,14,0.50,22374.501953,0,2.1,8.0,0.0,5513.944336,0,0.0,0.0,0.0,1.0
184758,0,1,3400,-54,54,30,12,17,0.54,61056.000000,4,2.1,8.0,0.0,0.0,0.0,0.0,0.0,0.0,1.0
185007,0,1,3400,-54,54,30,10,17,0.57,69131.476562,4,2.1,8.0,0.0,0.0,0.0,0.0,0.0,0.0,1.0
185256,0,1,3400,-54,54,27,11,18,0.52,49184.000000,0,2.1,7.7,0.0,5760.000000,0,0.0,0.0,0.0,1.0
185505,0,1,3400,-56,56,34,13,16,0.54,60864.000000,4,2.1,14,0.0,14624.000000,50,0.0,0.0,0.0,1.0
185754,0,1,3400,-54,54,30,13,18,0.56,65402.390625,4,2.1,14,0.0,0.0,0.0,0.0,0.0,0.0,1.0
186003,0,1,3400,-54,54,32,13,17,0.95,51616.000000,9,2.1,7.0,0.0,5536.000000,0,0.0,0.0,0.0,1.0
186252,0,1,3400,-54,54,34,13,18,0.50,43392.000000,0,2.1,5.4,0.0,17920.000000,11,0.0,0.0,0.0,1.0
186501,0,1,3400,-54,54,36,15,18,0.74,35219.125000,19,2.1,0.0,0.0,0.0,0.0,0.0,0.0,0.0,1.0
186750,0,1,3400,-55,55,31,14,17,1.1,61163.347656,4,2.1,0.0,0.0,0.0,0.0,0.0,0.0,0.0,1.0
186999,0,1,3400,-54,54,35,12,18,0.68,86080.000000,2,2.1,0.0,0.0,0.0,0.0,0.0,0.0,0.0,1.0
187248,0,1,3400,-55,55,33,11,17,1.4,21696.000000,0,2.1,3.6,0.0,63872.000000,9,0.0,0.0,0.0,1.0
187497,0,1,3400,-56,56,38,13,16,0.50,57248.000000,0,2.1,0.0,0.0,5536.000000,50,0.0,0.0,0.0,1.0
187746,0,1,3400,-54,54,41,12,18,0.65,68192.000000,9,2.1,0.0,0.0,0.0,0.0,0.0,0.0,0.0,1.0
187995,0,1,3400,-54,54,41,13,18,0.89,41088.000000,11,2.1,0.0,0.0,5536.000000,0,0.0,0.0,0.0,1.0
188244,0,1,3400,-54,54,36,12,17,0.66,45504.000000,0,2.1,1.5,0.0,114464.000000,19,0.0,0.0,0.0,1.0
188493,0,1,3400,-54,54,30,13,18,0.50,38080.000000,0,2.1,6.5,0.0,0.0,0.0,0.0,0.0,0.0,1.0
188742,0,1,3400,-54,54,36,13,18,0.67,50112.000000,5,2.1,6.5,0.0,0.0,0.0,0.0,0.0,0.0,1.0
188991,0,1,3400,-54,54,41,13,18,0.58,28768.000000,8,2.1,6.5,0.0,0.0,0.0,0.0,0.0,0.0,1.0
189240,0,1,3400,-55,55,35,12,17,0.63,35424.000000,0,2.1,5.0,0.0,8256.000000,42,0.0,0.0,0.0,1.0
189489,0,1,3400,-54,54,36,11,17,0.51,34464.000000,3,2.1,0.064,0.0,0.0,0.0,0.0,0.0,0.0,1.0
189738,0,1,3400,-55,55,43,10.0,17,0.77,71584.000000,4,2.1,0.0,0.0,0.0,0.0,0.0,0.0,0.0,1.0
189987,0,1,3400,-54,54,33,11,16,0.58,59456.000000,7,2.1,0.0,0.0,0.0,0.0,0.0,0.0,0.0,1.0
190236,0,1,3400,-55,55,34,13,17,0.56,84047.812500,0,2.1,2.7,0.0,11059.760742,0,0.0,0.0,0.0,1.0
190485,0,1,3400,-54,54,35,14,17,1.1,47712.000000,0,2.1,14,0.0,0.0,0.0,0.0,0.0,0.0,1.0
190734,0,1,3400,-54,54,33,12,19,0.51,57312.000000,0,2.1,14,0.0,0.0,0.0,0.0,0.0,0.0,1.0
190983,0,1,3400,-55,55,24,13,18,0.58,81600.000000,0,2.1,14,0.0,0.0,0.0,0.0,0.0,0.0,1.0
191232,0,1,3400,-54,54,39,13,17,0.75,53450.199219,19,2.1,14,80,3601.593506,33,0.0,0.0,0.0,1.0
191481,0,1,3400,-54,54,37,12,17,0.51,54400.000000,0,2.1,4.1,0.0,8768.000000,0,0.0,0.0,0.0,1.0
191730,0,1,3400,-55,55,35,9.4,18,0.50,32832.000000,0,2.1,0.064,0.0,5536.000000,0,0.0,0.0,0.0,1.0
191979,0,1,3400,-54,54,39,11,18,0.50,70374.500000,0,2.1,0.0,0.0,0.0,0.0,0.0,0.0,0.0,1.0
192228,0,1,3400,-54,54,36,13,17,1.2,59232.000000,0,2.1,0.064,0.0,12384.000000,40,0.0,0.0,0.0,1.0
192477,0,1,3400,-54,54,30,13,18,0.54,59840.000000,0,2.1,0.0,0.0,0.0,0.0,0.0,0.0,0.0,1.0
192726,0,1,3400,-54,54,37,13,17,0.94,34208.000000,7,2.1,0.0,0.0,11072.000000,0,0.0,0.0,0.0,1.0
192975,0,1,3400,-54,54,36,13,17,0.50,81248.000000,0,2.1,0.064,0.0,5536.000000,0,0.0,0.0,0.0,1.0
193224,0,1,3400,-54,54,36,18,18,0.50,36640.000000,0,2.1,0.0,0.0,12256.000000,0,0.0,0.0,0.0,1.0
193473,0,1,3400,-55,55,34,12,17,0.50,59168.000000,0,2.1,0.0,0.0,0.0,0.0,0.0,0.0,0.0,1.0
193722,0,1,3400,-54,54,35,8.9,18,0.50,39104.000000,0,2.1,0.0,0.0,0.0,0.0,0.0,0.0,0.0,1.0
193971,0,1,3400,-55,55,46,14,16,0.64,37632.000000,8,2.1,0.0,0.0,0.0,0.0,0.0,0.0,0.0,1.0
194220,0,1,3400,-54,54,38,12,18,1.1,51680.000000,2,2.1,0.54,0.0,17056.000000,33,0.0,0.0,0.0,1.0
194469,0,1,3400,-54,54,33,13,16,0.50,48800.000000,0,2.1,7.5,0.0,0.0,0.0,0.0,0.0,0.0,1.0
194718,0,1,3400,-54,54,34,10,17,0.60,69565.218750,9,2.1,7.5,0.0,0.0,0.0,0.0,0.0,0.0,1.0
194967,0,1,3400,-55,55,42,12,18,0.50,72032.000000,0,2.1,7.5,0.0,0.0,0.0,0.0,1.0,0.0,1.0
195216,0,1,3400,-54,54,33,13,18,0.63,57600.000000,5,2.1,2.2,0.0,13728.000000,10,0.0,0.0,0.0,1.0
195465,0,1,3400,-54,54,33,12,18,0.56,50528.000000,0,2.1,0.0,0.0,0.0,0.0,0.0,0.0,0.0,1.0
195714,0,1,3400,-54,54,38,10,18,0.58,59584.000000,5,2.1,0.0,0.0,0.0,0.0,0.0,0.0,0.0,1.0
195963,0,1,3400,-54,54,45,13,17,0.84,48768.000000,10,2.1,0.0,0.0,0.0,0.0,0.0,0.0,0.0,1.0
196212,0,1,3400,-54,54,39,10,17,0.50,54342.628906,0,2.1,0.54,0.0,0.0,67,0.0,0.0,0.0,1.0
196461,0,1,3400,-54,54,36,13,17,0.50,43520.000000,0,2.1,7.5,0.0,5536.000000,50,0.0,0.0,0.0,1.0
196710,0,1,3400,-54,54,33,12,17,0.93,54884.460938,9,2.1,7.5,0.0,0.0,0.0,0.0,0.0,0.0,1.0
196959,0,1,3400,-56,56,34,15,17,1.5,39232.000000,12,2.1,7.5,0.0,0.0,0.0,0.0,0.0,0.0,1.0
197208,0,1,3400,-54,54,38,13,16,0.58,33650.792969,7,2.1,7.5,0.0,5492.063477,0,0.0,0.0,0.0,1.0
197457,0,1,3400,-54,54,35,13,18,0.64,49856.000000,5,2.1,2.5,0.0,12384.000000,14,0.0,0.0,0.0,1.0
197706,0,1,3400,-55,55,38,11,17,0.50,61099.601562,0,2.1,0.0,0.0,11027.888672,0,0.0,0.0,0.0,1.0
197955,0,1,3400,-54,54,35,11,17,1.1,62400.000000,4,2.1,0.0,0.0,0.0,0.0,0.0,0.0,0.0,1.0
198204,0,1,3400,-56,56,58,12,16,0.53,48666.667969,0,2.1,0.0,0.0,10825.396484,0,0.0,0.0,0.0,1.0
198453,0,1,3400,-55,55,37,16,17,0.50,25632.000000,0,2.1,0.064,0.0,1568.000000,0,0.0,0.0,0.0,1.0
198702,0,1,3400,-55,55,47,12,16,1.1,29099.601562,6,2.1,0.0,0.0,0.0,0.0,0.0,0.0,0.0,1.0
198951,0,1,3400,-54,54,35,14,17,0.50,56320.000000,0,2.1,3.9,0.0,0.0,80,0.0,0.0,0.0,1.0
199200,0,1,3400,-54,54,38,13,19,0.50,27200.000000,0,2.1,2.1,0.0,17920.000000,0,0.0,0.0,0.0,1.0
199449,0,1,3400,-54,54,38,13,17,0.60,48896.000000,0,2.1,0.0,0.0,0.0,0.0,0.0,0.0,0.0,1.0
199698,0,1,3400,-54,54,41,13,19,0.50,27200.000000,0,2.1,0.0,0.0,5536.000000,0,0.0,0.0,0.0,1.0
199947,0,1,3400,-54,54,38,12,19,0.50,66656.000000,0,2.1,0.0,0.0,0.0,0.0,0.0,0.0,0.0,1.0
200196,0,1,3400,-55,55,32,13,17,0.69,42816.000000,10,2.1,2.8,0.0,92736.000000,36,0.0,0.0,0.0,1.0
200445,0,1,3400,-54,54,40,13,17,1.4,19232.000000,18,2.1,9.5,0.0,5536.000000,0,0.0,0.0,0.0,1.0
200694,0,1,3400,-55,55,30,14,18,0.50,45216.000000,0,2.1,8.0,0.0,5536.000000,33,0.0,0.0,0.0,1.0
200943,0,1,3400,-54,54,36,13,17,0.57,56000.000000,4,2.1,8.0,0.0,0.0,0.0,0.0,0.0,0.0,1.0
201192,0,1,3400,-55,55,42,14,17,0.65,46976.000000,0,2.1,7.8,0.0,10336.000000,57,0.0,0.0,0.0,1.0
201441,0,1,3400,-55,55,40,13,18,0.50,26677.291016,0,2.1,0.0,0.0,0.0,0.0,0.0,0.0,0.0,1.0
201690,0,1,3400,-54,54,32,12,17,0.92,75410.359375,6,2.1,0.048,0.0,0.0,0.0,0.0,0.0,0.0,1.0
201939,0,1,3400,-57,57,51,13,15,0.89,46278.882812,8,2.1,0.0,0.0,0.0,0.0,0.0,0.0,0.0,1.0
202188,0,1,3400,-54,54,34,13,18,0.50,74240.000000,0,2.1,2.5,0.0,136800.000000,62,0.0,0.0,0.0,1.0
202437,0,1,3400,-54,54,37,14,18,0.71,50528.000000,5,2.1,8.0,0.0,5536.000000,0,0.0,0.0,0.0,1.0
202686,0,1,3400,-54,54,35,16,18,1.1,42656.000000,7,2.1,8.0,0.0,0.0,0.0,0.0,0.0,0.0,1.0
202935,0,1,3400,-54,54,34,14,18,0.92,34144.000000,7,2.1,8.0,0.0,5536.000000,0,0.0,0.0,0.0,1.0
203184,0,1,3400,-54,54,32,13,18,0.50,10880.000000,0,2.1,8.0,0.0,0.0,0.0,0.0,0.0,0.0,1.0
203433,0,1,3400,-54,54,34,12,17,0.85,68352.000000,7,2.1,1.1,0.0,61408.000000,0,0.0,0.0,0.0,1.0
203682,0,1,3400,-54,54,38,13,18,0.50,73632.000000,0,2.1,0.0,0.0,0.0,0.0,0.0,0.0,0.0,1.0
203931,0,1,3400,-56,56,36,13,17,0.50,25632.000000,0,2.1,0.048,0.0,0.0,0.0,0.0,0.0,0.0,1.0
204180,0,1,3400,-54,54,33,11,17,0.50,27072.000000,0,2.1,0.0,16,5632.000000,0,0.0,0.0,0.0,1.0
204429,0,1,3400,-54,54,29,5.2,19,0.50,43296.000000,0,2.1,20,0.0,14432.000000,45,0.0,0.0,0.0,1.0
204678,0,1,3400,-54,54,35,13,17,0.50,74208.000000,0,2.1,22,0.0,0.0,0.0,0.0,0.0,0.0,1.0
204927,0,1,3400,-54,54,37,13,19,0.50,64896.000000,0,2.1,22,0.0,0.0,0.0,0.0,0.0,0.0,1.0
205176,0,1,3400,-54,54,41,12,19,0.50,38112.000000,0,2.1,20,0.0,64352.000000,60,0.0,0.0,0.0,1.0
205425,0,1,3400,-54,54,34,12,19,0.54,25632.000000,10,2.1,16,0.0,0.0,0.0,0.0,0.0,0.0,1.0
205674,0,1,3400,-56,56,61,13,16,0.50,47203.187500,0,2.1,8.3,0.0,5513.944336,0,0.0,0.0,0.0,1.0
205923,0,1,3400,-54,54,34,13,18,0.50,54976.000000,0,2.1,8.0,0.0,0.0,0.0,0.0,0.0,0.0,1.0
206172,0,1,3400,-54,54,31,13,17,0.50,50816.000000,0,2.1,8.0,186,0.0,0.0,0.0,0.0,0.0,1.0
206421,0,1,3400,-55,55,36,13,16,0.53,43378.484375,9,2.1,0.70,0.0,11505.976562,0,0.0,0.0,0.0,1.0
206670,0,1,3400,-55,55,38,10,18,0.50,47040.000000,0,2.1,0.0,0.0,0.0,0.0,0.0,0.0,0.0,1.0
206919,0,1,3400,-54,54,34,13,19,0.64,73408.000000,3,2.1,0.0,0.0,0.0,0.0,0.0,0.0,0.0,1.0
207168,0,1,3400,-54,54,35,12,17,0.62,74048.000000,3,2.1,2.9,0.0,23488.000000,0,0.0,0.0,0.0,1.0
207417,0,1,3400,-55,55,38,11,17,0.53,86023.906250,2,2.1,14,0.0,0.0,0.0,0.0,0.0,0.0,1.0
207666,0,1,3400,-54,54,36,13,17,0.77,39648.000000,6,2.1,14,0.0,0.0,0.0,0.0,0.0,0.0,1.0
207915,0,1,3400,-54,54,37,14,17,0.78,70720.000000,4,2.1,14,0.0,0.0,0.0,0.0,0.0,0.0,1.0
208164,0,1,3400,-54,54,32,12,18,0.54,72288.000000,6,2.1,12,0.0,34208.000000,39,0.0,0.0,0.0,1.0
208413,0,1,3400,-54,54,30,11,18,0.70,79075.695312,3,2.1,8.0,0.0,0.0,0.0,0.0,0.0,0.0,1.0
208662,0,1,3400,-55,55,40,13,17,0.96,49184.000000,5,2.1,8.0,0.0,0.0,0.0,0.0,0.0,0.0,1.0
208911,0,1,3400,-55,55,31,15,17,0.50,29386.455078,0,2.1,6.4,0.0,5513.944336,0,0.0,0.0,0.0,1.0
209160,0,1,3400,-55,55,39,11,17,0.95,66900.398438,3,2.1,0.0,0.0,13641.434570,12,0.0,0.0,0.0,1.0
209409,0,1,3400,-54,54,33,11,18,0.57,60032.000000,3,2.1,0.0,0.0,16608.000000,0,0.0,0.0,0.0,1.0
209658,0,1,3400,-54,54,39,15,18,0.50,80608.000000,0,2.1,0.0,0.0,0.0,0.0,0.0,0.0,0.0,1.0
209907,0,1,3400,-54,54,38,12,18,0.58,41216.000000,6,2.1,0.0,0.0,0.0,0.0,0.0,0.0,0.0,1.0
210156,0,1,3400,-54,54,39,10,17,0.51,92864.000000,0,2.1,1.8,0.0,13568.000000,43,0.0,0.0,0.0,1.0
210405,0,1,3400,-54,54,36,13,18,0.61,43104.000000,6,2.1,0.0,0.0,5024.000000,0,0.0,0.0,0.0,1.0
210654,0,1,3400,-54,54,38,13,18,0.50,59027.886719,0,2.1,0.048,0.0,0.0,0.0,0.0,0.0,0.0,1.0
210903,0,1,3400,-54,54,33,11,18,0.50,60608.000000,0,2.1,0.0,0.0,5536.000000,0,0.0,0.0,0.0,1.0
211152,0,1,3400,-54,54,34,13,17,0.77,50080.000000,6,2.1,1.2,0.0,31072.000000,17,0.0,0.0,0.0,1.0
211401,0,1,3400,-54,54,32,12,18,0.54,44557.769531,5,2.1,8.0,0.0,0.0,0.0,0.0,0.0,0.0,1.0
211650,0,1,3400,-54,54,35,10.0,18,0.50,70624.000000,0,2.1,4.2,0.0,5536.000000,33,0.0,0.0,0.0,1.0
211899,0,1,3400,-54,54,38,13,16,0.60,44096.000000,7,2.1,0.0,0.0,5536.000000,0,0.0,0.0,0.0,1.0
212148,0,1,3400,-54,54,36,13,18,0.50,81152.000000,0,2.1,0.0,0.0,6848.000000,14,0.0,0.0,0.0,1.0
212397,0,1,3400,-54,54,27,13,18,0.56,54176.000000,6,2.1,0.0,0.0,17408.000000,20,0.0,0.0,0.0,1.0
212646,0,1,3400,-54,54,36,14,17,0.56,53312.000000,5,2.1,0.0,0.0,5536.000000,0,0.0,0.0,0.0,1.0
212895,0,1,3400,-55,55,28,13,17,0.60,72509.960938,3,2.1,0.048,0.0,5513.944336,0,0.0,0.0,0.0,1.0
213144,0,1,3400,-54,54,43,10,17,0.50,76576.000000,0,2.1,0.0,186,0.0,0.0,0.0,0.0,0.0,1.0
213393,0,1,3400,-54,54,40,6.8,18,0.50,62816.000000,0,2.1,0.82,0.0,16768.000000,36,0.0,0.0,0.0,1.0
213642,0,1,3400,-54,54,38,13,16,0.50,72640.000000,0,2.1,0.0,0.0,5536.000000,50,0.0,0.0,0.0,1.0
213891,0,1,3400,-54,54,40,10,17,0.53,43601.593750,0,2.1,0.048,0.0,0.0,0.0,0.0,0.0,0.0,1.0
214140,0,1,3400,-54,54,30,12,17,0.52,38016.000000,0,2.1,0.0,0.0,16320.000000,0,0.0,0.0,0.0,1.0
214389,0,1,3400,-54,54,34,12,17,0.50,38565.738281,0,2.1,0.0,0.0,0.0,0.0,0.0,0.0,0.0,1.0
214638,0,1,3400,-55,55,34,13,18,1.0,41216.000000,11,2.1,0.0,0.0,0.0,0.0,0.0,0.0,0.0,1.0
214887,0,1,3400,-54,54,29,14,18,1.2,28653.386719,8,2.1,0.0,0.0,0.0,0.0,0.0,0.0,0.0,1.0
215136,0,1,3400,-55,55,34,11,16,0.64,46916.335938,2,2.1,0.0,186,0.0,0.0,0.0,0.0,0.0,1.0
215385,0,1,3400,-54,54,43,13,18,0.57,53928.285156,0,2.1,12,0.0,23394.421875,44,0.0,0.0,0.0,1.0
215634,0,1,3400,-54,54,44,13,17,0.50,43520.000000,0,2.1,14,0.0,0.0,0.0,0.0,0.0,0.0,1.0
215883,0,1,3400,-54,54,32,13,18,1.1,41856.000000,11,2.1,14,0.0,0.0,0.0,0.0,0.0,0.0,1.0
216132,0,1,3400,-54,54,35,13,18,0.50,38080.000000,0,2.1,11,0.0,13632.000000,11,0.0,0.0,0.0,1.0
216381,0,1,3400,-55,55,32,13,17,0.60,47203.187500,0,2.1,0.0,0.0,0.0,0.0,0.0,0.0,0.0,1.0
216630,0,1,3400,-54,54,43,13,18,0.53,48960.000000,0,2.1,0.0,0.0,0.0,0.0,0.0,0.0,0.0,1.0
216879,0,1,3400,-54,54,43,13,18,0.84,35776.000000,12,2.1,0.0,0.0,0.0,0.0,0.0,0.0,0.0,1.0
217128,0,1,3400,-56,56,52,13,17,0.61,41248.000000,5,2.1,1.1,0.0,21120.000000,18,0.0,0.0,0.0,1.0
217377,0,1,3400,-54,54,32,11,18,0.50,47520.000000,0,2.1,22,0.0,2016.000000,50,0.0,0.0,0.0,1.0
217626,0,1,3400,-54,54,39,15,18,1.2,11584.000000,17,2.1,22,0.0,0.0,0.0,0.0,0.0,0.0,1.0
217875,0,1,3400,-54,54,37,13,18,1.3,35776.000000,12,2.1,16,0.0,0.0,80,0.0,0.0,0.0,1.0
218124,0,1,3400,-55,55,41,14,16,0.50,41338.644531,0,2.1,13,0.0,8509.959961,44,0.0,0.0,0.0,1.0
218373,0,1,3400,-54,54,36,13,18,0.77,74048.000000,6,2.1,13,0.0,0.0,80,0.0,0.0,0.0,1.0
218622,0,1,3400,-54,54,36,13,17,0.54,40384.000000,0,2.1,13,0.0,5536.000000,0,0.0,0.0,0.0,1.0
218871,0,1,3400,-54,54,33,14,17,0.60,63584.000000,4,2.1,6.5,0.0,0.0,0.0,0.0,0.0,0.0,1.0
219120,0,1,3400,-54,54,34,13,17,0.50,34304.000000,0,2.1,5.0,56,4384.000000,40,0.0,0.0,0.0,1.0
219369,0,1,3400,-55,55,34,11,17,0.89,55520.000000,8,2.1,14,0.0,8256.000000,55,0.0,0.0,0.0,1.0
219618,0,1,3400,-54,54,42,6.7,17,0.53,33920.000000,2,2.1,9.9,0.0,5536.000000,0,0.0,0.0,0.0,1.0
219867,0,1,3400,-54,54,28,15,16,1.6,33593.625000,13,2.1,6.0,0.0,0.0,0.0,0.0,0.0,0.0,1.0
220116,0,1,3400,-54,54,29,13,17,0.54,54016.000000,0,2.1,5.6,0.0,11072.000000,0,0.0,0.0,0.0,1.0
220365,0,1,3400,-54,54,35,15,17,0.63,75328.000000,4,2.1,0.0,0.0,6848.000000,0,0.0,0.0,0.0,1.0
220614,0,1,3400,-54,54,40,12,18,0.57,56160.000000,4,2.1,0.0,0.0,11072.000000,0,0.0,0.0,0.0,1.0
220863,0,1,3400,-55,55,52,12,17,0.50,37482.070312,0,2.1,0.0,0.0,0.0,0.0,0.0,0.0,0.0,1.0
221112,0,1,3400,-54,54,44,11,18,0.50,74581.671875,0,2.1,0.0,0.0,9498.007812,0,0.0,0.0,0.0,1.0
221361,0,1,3400,-54,54,48,12,17,0.61,85440.000000,5,2.1,0.0,0.0,2720.000000,0,0.0,0.0,0.0,1.0
221610,0,1,3400,-54,54,38,13,18,0.65,60608.000000,4,2.1,0.0,0.0,0.0,0.0,0.0,0.0,0.0,1.0
221859,0,1,3400,-54,54,35,13,17,0.64,43520.000000,6,2.1,0.0,0.0,0.0,0.0,0.0,0.0,0.0,1.0
222108,0,1,3400,-55,55,34,13,17,0.50,57561.753906,0,2.1,1.7,0.0,24446.214844,42,0.0,0.0,0.0,1.0
222357,0,1,3400,-54,54,40,12,17,0.68,72800.000000,9,2.1,2.6,0.0,3648.000000,45,0.0,0.0,0.0,1.0
222606,0,1,3400,-55,55,35,11,17,0.57,55648.000000,5,2.1,0.0,0.0,0.0,0.0,0.0,0.0,0.0,1.0
222855,0,1,3400,-54,54,21,13,18,0.57,52207.171875,14,2.1,0.0,0.0,0.0,0.0,0.0,0.0,0.0,1.0
223104,0,1,3400,-54,54,37,12,18,0.57,91360.000000,2,2.1,1.7,0.0,0.0,80,0.0,0.0,0.0,1.0
223353,0,1,3400,-54,54,42,13,18,0.63,55104.000000,5,2.1,7.5,0.0,0.0,0.0,0.0,0.0,0.0,1.0
223602,0,1,3400,-54,54,43,13,17,0.53,32384.000000,0,2.1,7.5,0.0,0.0,0.0,0.0,0.0,0.0,1.0
223851,0,1,3400,-54,54,40,12,18,0.50,69536.000000,0,2.1,7.5,0.0,0.0,0.0,0.0,0.0,0.0,1.0
224100,0,1,3400,-54,54,30,13,17,0.62,96160.000000,6,2.1,7.7,0.0,2016.000000,25,0.0,0.0,0.0,1.0
224349,0,1,3400,-54,54,34,13,17,0.51,68352.000000,0,2.1,1.2,0.0,14624.000000,38,0.0,0.0,0.0,1.0
224598,0,1,3400,-56,56,51,12,15,0.50,63171.316406,0,2.1,0.0,0.0,0.0,0.0,0.0,0.0,0.0,1.0
224847,0,1,3400,-55,55,42,12,17,0.95,68000.000000,11,2.1,0.048,0.0,0.0,0.0,0.0,0.0,0.0,1.0
225096,0,1,3400,-55,55,41,13,16,0.51,48544.000000,0,2.1,0.096,0.0,0.0,0.0,0.0,0.0,0.0,1.0
225345,0,1,3400,-54,54,39,11,19,0.50,48832.000000,0,2.1,0.91,0.0,11232.000000,36,0.0,0.0,0.0,1.0
225594,0,1,3400,-54,54,36,13,17,0.74,37800.796875,7,2.1,0.0,0.0,0.0,0.0,0.0,0.0,0.0,1.0
225843,0,1,3400,-54,54,38,14,18,0.99,39648.000000,12,2.1,0.0,0.0,0.0,0.0,0.0,0.0,0.0,1.0
226092,0,1,3400,-54,54,36,14,17,0.94,55968.000000,9,2.1,0.0,0.0,8064.000000,0,0.0,0.0,0.0,1.0
226341,0,1,3400,-54,54,35,13,18,0.50,53952.000000,0,2.1,0.048,0.0,0.0,0.0,0.0,0.0,0.0,1.0
226590,0,1,3400,-55,55,36,13,17,0.50,38080.000000,0,2.1,0.0,0.0,0.0,0.0,0.0,0.0,0.0,1.0
226839,0,1,3400,-54,54,32,13,19,0.50,59091.632812,0,2.1,0.0,0.0,0.0,0.0,0.0,0.0,0.0,1.0
227088,0,1,3400,-54,54,33,13,19,0.50,65280.000000,0,2.1,1.9,80,3616.000000,0,0.0,0.0,0.0,1.0
227337,0,1,3400,-55,55,36,16,17,1.6,31936.255859,17,2.1,10,0.0,16988.046875,50,0.0,0.0,0.0,1.0
227586,0,1,3400,-55,55,29,10,18,0.50,42920.636719,0,2.1,15,0.0,0.0,0.0,0.0,0.0,0.0,1.0
227835,0,1,3400,-54,54,31,13,18,0.67,55552.000000,5,2.1,11,0.0,5536.000000,0,0.0,0.0,0.0,1.0
228084,0,1,3400,-54,54,33,11,17,0.72,62016.000000,6,2.1,6.7,0.0,8160.000000,38,0.0,0.0,0.0,1.0
228333,0,1,3400,-54,54,35,14,18,0.50,15872.000000,0,2.1,0.048,0.0,0.0,0.0,0.0,0.0,0.0,1.0
228582,0,1,3400,-54,54,35,13,17,0.50,20047.808594,0,2.1,0.0,0.0,0.0,0.0,0.0,0.0,0.0,1.0
228831,0,1,3400,-56,56,16,13,16,0.55,75584.000000,0,2.1,0.0,0.0,0.0,0.0,0.0,0.0,0.0,1.0
229080,0,1,3400,-54,54,36,12,17,0.50,85152.000000,0,2.1,0.048,0.0,13568.000000,25,0.0,0.0,0.0,1.0
229329,0,1,3400,-55,55,36,13,18,0.50,64864.000000,0,2.1,0.0,0.0,5536.000000,0,0.0,0.0,0.0,1.0
229578,0,1,3400,-54,54,29,15,17,1.1,59392.000000,5,2.1,0.0,0.0,0.0,0.0,0.0,0.0,0.0,1.0
229827,0,1,3400,-55,55,36,15,17,0.75,78336.000000,7,2.1,0.0,0.0,0.0,0.0,0.0,0.0,0.0,1.0
230076,0,1,3400,-54,54,30,13,17,0.62,86464.000000,6,2.1,0.32,0.0,13824.000000,0,0.0,0.0,0.0,1.0
230325,0,1,3400,-55,55,33,13,18,0.54,47008.000000,0,2.1,9.5,0.0,3424.000000,0,0.0,0.0,0.0,1.0
230574,0,1,3400,-54,54,37,13,18,0.72,79520.000000,6,2.1,9.5,0.0,0.0,0.0,0.0,0.0,0.0,1.0
230823,0,1,3400,-54,54,43,10,16,0.60,48669.324219,6,2.1,8.5,0.0,16478.087891,60,0.0,0.0,0.0,1.0
231072,0,1,3400,-54,54,43,9.7,17,0.73,88608.000000,4,2.1,6.5,186,0.0,0.0,0.0,0.0,0.0,1.0
231321,0,1,3400,-54,54,41,13,17,0.50,43520.000000,0,2.1,10,0.0,0.0,80,0.0,0.0,0.0,1.0
231570,0,1,3400,-56,56,33,12,17,0.50,65632.000000,0,2.1,10,0.0,5536.000000,0,0.0,0.0,0.0,1.0
231819,0,1,3400,-54,54,36,13,18,0.74,60717.132812,5,2.1,7.5,0.0,5513.944336,0,0.0,0.0,0.0,1.0
232068,0,1,3400,-54,54,37,12,19,0.57,78816.000000,3,2.1,8.2,0.0,9824.000000,0,0.0,0.0,0.0,1.0
232317,0,1,3400,-55,55,35,12,17,0.50,84812.750000,0,2.1,12,0.0,0.0,0.0,0.0,0.0,0.0,1.0
232566,0,1,3400,-54,54,36,13,18,0.50,38080.000000,0,2.1,13,0.0,0.0,80,0.0,0.0,0.0,1.0
232815,0,1,3400,-54,54,41,9.4,16,0.58,39296.000000,4,2.1,14,0.0,0.0,0.0,0.0,0.0,0.0,1.0
233064,0,1,3400,-54,54,32,13,18,0.58,34208.000000,7,2.1,13,0.0,4384.000000,0,0.0,0.0,0.0,1.0
233313,0,1,3400,-54,54,24,14,17,0.96,86023.906250,3,2.1,1.4,0.0,6693.227051,73,0.0,0.0,0.0,1.0
233562,0,1,3400,-54,54,33,13,17,0.53,39648.000000,6,2.1,0.0,0.0,0.0,0.0,0.0,0.0,0.0,1.0
233811,0,1,3400,-54,54,38,13,18,0.67,34208.000000,7,2.1,0.0,0.0,0.0,0.0,0.0,0.0,0.0,1.0
234060,0,1,3400,-55,55,28,13,18,0.50,46848.000000,0,2.1,1.2,0.0,28448.000000,0,0.0,0.0,0.0,1.0
234309,0,1,3400,-54,54,29,12,17,0.75,56352.000000,4,2.1,7.0,0.0,0.0,0.0,0.0,0.0,0.0,1.0
234558,0,1,3400,-54,54,29,13,17,0.53,42613.546875,0,2.1,7.0,0.0,0.0,0.0,0.0,0.0,0.0,1.0
234807,0,1,3400,-54,54,39,13,18,0.94,71040.000000,4,2.1,7.0,0.0,0.0,0.0,0.0,0.0,0.0,1.0
235056,0,1,3400,-54,54,36,14,18,1.1,53984.000000,5,2.1,11,0.0,36832.000000,29,0.0,0.0,0.0,1.0
235305,0,1,3400,-54,54,33,15,18,1.3,46656.000000,10,2.1,0.0,0.0,0.0,0.0,0.0,0.0,0.0,1.0
235554,0,1,3400,-54,54,29,12,18,0.50,79616.000000,0,2.1,0.0,0.0,0.0,0.0,0.0,0.0,0.0,1.0
235803,0,1,3400,-54,54,36,13,17,0.68,57856.000000,9,2.1,0.0,0.0,0.0,0.0,0.0,0.0,0.0,1.0
236052,0,1,3400,-54,54,35,13,18,0.67,32640.000000,8,2.1,0.0,186,0.0,0.0,0.0,0.0,0.0,1.0
236301,0,1,3400,-54,54,34,13,19,0.72,34208.000000,7,2.1,6.8,0.0,0.0,80,0.0,0.0,0.0,1.0
236550,0,1,3400,-54,54,29,13,18,0.50,52416.000000,0,2.1,7.5,0.0,0.0,0.0,0.0,0.0,0.0,1.0
236799,0,1,3400,-54,54,30,13,18,0.56,58592.000000,4,2.1,7.5,0.0,0.0,0.0,0.0,0.0,0.0,1.0
237048,0,1,3400,-54,54,33,13,18,0.52,48960.000000,0,2.1,7.3,0.0,42752.000000,0,0.0,0.0,0.0,1.0
237297,0,1,3400,-54,54,39,11,17,0.64,74688.000000,2,2.1,14,0.0,127232.000000,37,0.0,0.0,0.0,1.0
237546,0,1,3400,-54,54,35,10,18,0.50,54208.000000,0,2.1,14,0.0,0.0,0.0,0.0,0.0,0.0,1.0
237795,0,1,3400,-55,55,44,10,16,0.50,43648.000000,0,2.1,14,0.0,0.0,0.0,0.0,0.0,0.0,1.0
238044,0,1,3400,-55,55,38,11,18,0.56,52992.000000,4,2.1,14,0.0,5536.000000,0,0.0,0.0,0.0,1.0
238293,0,1,3400,-54,54,33,13,18,0.50,65280.000000,0,2.1,1.6,0.0,10720.000000,0,0.0,0.0,0.0,1.0
238542,0,1,3400,-54,54,29,13,17,0.51,72223.109375,3,2.1,5.7,0.0,0.0,80,0.0,0.0,0.0,1.0
238791,0,1,3400,-54,54,33,13,17,0.50,43520.000000,0,2.1,7.5,0.0,0.0,0.0,0.0,0.0,0.0,1.0
239040,0,1,3400,-55,55,28,14,18,0.50,53344.000000,0,2.1,7.5,186,0.0,0.0,0.0,0.0,0.0,1.0
239289,0,1,3400,-54,54,36,8.5,18,0.88,51008.000000,3,2.1,0.60,0.0,8160.000000,17,0.0,0.0,0.0,1.0
239538,0,1,3400,-54,54,35,9.9,18,0.50,60448.000000,0,2.1,0.0,0.0,0.0,0.0,0.0,0.0,0.0,1.0
239787,0,1,3400,-54,54,36,14,17,0.50,59424.000000,0,2.1,0.0,0.0,5536.000000,0,0.0,0.0,0.0,1.0
240036,0,1,3400,-54,54,36,14,17,1.5,30208.000000,20,2.1,0.0,0.0,0.0,0.0,0.0,0.0,0.0,1.0
240285,0,1,3400,-55,55,34,12,17,0.51,44317.460938,0,2.1,3.5,0.0,8730.159180,36,0.0,0.0,0.0,1.0
240534,0,1,3400,-54,54,39,12,18,0.50,27584.000000,0,2.1,6.0,0.0,0.0,0.0,0.0,0.0,0.0,1.0
240783,0,1,3400,-55,55,39,14,18,2.0,17472.000000,14,2.1,6.0,0.0,0.0,0.0,0.0,0.0,0.0,1.0
241032,0,1,3400,-55,55,24,13,17,0.57,21673.306641,0,2.1,6.3,0.0,3091.633545,20,0.0,0.0,0.0,1.0
241281,0,1,3400,-54,54,31,14,17,0.50,58880.000000,0,2.1,6.4,0.0,100288.000000,47,0.0,0.0,0.0,1.0
241530,0,1,3400,-54,54,33,13,18,0.50,48960.000000,0,2.1,6.5,0.0,0.0,0.0,0.0,0.0,0.0,1.0
241779,0,1,3400,-54,54,32,11,17,0.50,70496.000000,0,2.1,6.5,0.0,5536.000000,0,0.0,0.0,0.0,1.0
242028,0,1,3400,-54,54,38,13,19,0.91,12448.000000,17,2.1,6.5,0.0,0.0,0.0,0.0,0.0,0.0,1.0
242277,0,1,3400,-54,54,38,12,17,0.50,55968.000000,0,2.1,2.7,0.0,5536.000000,57,0.0,0.0,0.0,1.0
242526,0,1,3400,-54,54,40,13,18,0.50,61952.000000,0,2.1,0.0,0.0,5536.000000,0,0.0,0.0,0.0,1.0
242775,0,1,3400,-54,54,40,17,18,0.79,35079.363281,10,2.1,0.048,0.0,0.0,0.0,0.0,0.0,0.0,1.0
243024,0,1,3400,-54,54,36,14,18,0.58,51552.000000,5,2.1,0.35,0.0,4384.000000,20,0.0,0.0,0.0,1.0
243273,0,1,3400,-54,54,33,13,18,0.50,38080.000000,0,2.1,1.2,0.0,6848.000000,73,0.0,0.0,0.0,1.0
243522,0,1,3400,-55,55,29,11,18,0.63,70208.000000,4,2.1,0.0,0.0,5536.000000,0,0.0,0.0,0.0,1.0
243771,0,1,3400,-54,54,34,13,19,0.51,67296.000000,0,2.1,0.0,0.0,0.0,0.0,0.0,0.0,0.0,1.0
244020,0,1,3400,-54,54,36,13,18,0.56,61408.000000,4,2.1,1.6,0.0,88288.000000,52,0.0,0.0,0.0,1.0
244269,0,1,3400,-56,56,43,13,16,0.50,32640.000000,0,2.1,8.0,0.0,0.0,0.0,0.0,0.0,0.0,1.0
244518,0,1,3400,-54,54,42,13,18,0.50,56992.000000,0,2.1,8.0,0.0,0.0,0.0,0.0,0.0,0.0,1.0
244767,0,1,3400,-57,57,37,13,15,0.55,93696.000000,5,2.1,5.2,0.0,5536.000000,33,0.0,0.0,0.0,1.0
245016,0,1,3400,-54,54,34,14,17,0.68,53928.285156,9,2.1,0.0,0.0,5513.944336,0,0.0,0.0,0.0,1.0
245265,0,1,3400,-54,54,33,13,18,0.68,38784.000000,8,2.1,0.0,0.0,18272.000000,11,0.0,0.0,0.0,1.0
245514,0,1,3400,-54,54,36,13,18,0.79,83360.000000,3,2.1,0.0,0.0,5536.000000,0,0.0,0.0,0.0,1.0
245763,0,1,3400,-54,54,40,13,18,0.52,79424.000000,0,2.1,0.0,0.0,0.0,0.0,0.0,0.0,0.0,1.0
246012,0,1,3400,-54,54,35,13,18,0.64,28768.000000,8,2.1,0.0,124,352,0,0.0,0.0,0.0,1.0
246261,0,1,3400,-55,55,38,13,18,0.50,59219.125000,0,2.1,0.048,0.0,16796.812500,0,0.0,0.0,0.0,1.0
246510,0,1,3400,-54,54,36,13,17,0.60,40288.000000,6,2.1,0.0,0.0,0.0,0.0,0.0,0.0,0.0,1.0
246759,0,1,3400,-54,54,36,14,18,1.2,43520.000000,6,2.1,0.0,0.0,0.0,0.0,0.0,0.0,0.0,1.0
247008,0,1,3400,-54,54,35,12,18,0.94,64992.000000,12,2.1,0.048,0.0,12384.000000,0,0.0,0.0,0.0,1.0
247257,0,1,3400,-54,54,36,11,18,0.89,44224.000000,2,2.1,0.0,0.0,0.0,0.0,0.0,0.0,0.0,1.0
247506,0,1,3400,-54,54,35,15,18,0.51,49664.000000,0,2.1,0.0,0.0,0.0,0.0,0.0,0.0,0.0,1.0
247755,0,1,3400,-54,54,32,12,18,0.50,53792.000000,0,2.1,0.048,0.0,0.0,0.0,0.0,0.0,0.0,1.0
248004,0,1,3400,-54,54,31,14,18,0.50,71392.000000,0,2.1,0.53,0.0,0.0,67,0.0,0.0,0.0,1.0
248253,0,1,3400,-54,54,32,9.8,17,0.86,82752.000000,1,2.1,7.5,0.0,0.0,100.000000,0.0,0.0,0.0,1.0
248502,0,1,3400,-55,55,29,15,16,0.50,35136.000000,0,2.1,7.5,0.0,0.0,0.0,0.0,0.0,0.0,1.0
248751,0,1,3400,-54,54,32,14,18,0.50,48512.000000,0,2.1,7.5,0.0,0.0,0.0,0.0,0.0,0.0,1.0
249000,0,1,3400,-54,54,36,13,18,0.78,44672.000000,6,2.1,7.0,0.0,6848.000000,38,0.0,0.0,0.0,1.0
249249,0,1,3400,-55,55,25,14,16,0.50,32224.000000,0,2.1,0.0,0.0,4800.000000,50,0.0,0.0,0.0,1.0
249498,0,1,3400,-54,54,38,10,18,0.50,44672.000000,0,2.1,0.0,0.0,0.0,0.0,0.0,0.0,0.0,1.0
249747,0,1,3400,-54,54,35,13,18,0.70,62528.000000,8,2.1,0.0,0.0,0.0,0.0,0.0,0.0,0.0,1.0
249996,0,1,3400,-54,54,43,14,18,0.72,63456.000000,0,2.1,6.6,0.0,0.0,80,0.0,0.0,0.0,1.0
250245,0,1,3400,-54,54,39,13,18,0.67,50112.000000,5,2.1,1.8,0.0,8160.000000,17,0.0,0.0,0.0,1.0
250494,0,1,3400,-55,55,36,13,17,0.50,36064.000000,0,2.1,0.0,0.0,0.0,0.0,0.0,0.0,0.0,1.0
250743,0,1,3400,-54,54,40,13,18,0.50,27200.000000,0,2.1,0.0,0.0,0.0,0.0,0.0,0.0,0.0,1.0
250992,0,1,3400,-54,54,32,12,16,0.68,35505.976562,4,2.1,0.0,0.0,10517.928711,0,0.0,0.0,0.0,1.0
251241,0,1,3400,-54,54,38,14,17,0.50,54592.000000,0,2.1,0.0,0.0,7104.000000,25,0.0,0.0,0.0,1.0
251490,0,1,3400,-54,54,34,12,17,0.50,26816.000000,0,2.1,0.0,0.0,11072.000000,0,0.0,0.0,0.0,1.0
251739,0,1,3400,-54,54,30,13,18,0.91,56352.000000,3,2.1,0.0,0.0,11072.000000,0,0.0,0.0,0.0,1.0
251988,0,1,3400,-54,54,34,12,18,0.50,63040.000000,0,2.1,0.11,0.0,17120.000000,0,0.0,0.0,0.0,1.0
252237,0,1,3400,-54,54,37,10,17,0.85,52800.000000,7,2.1,0.11,0.0,24160.000000,0,0.0,0.0,0.0,1.0
252486,0,1,3400,-54,54,25,13,17,0.50,58677.289062,0,2.1,0.0,0.0,0.0,0.0,0.0,0.0,0.0,1.0
252735,0,1,3400,-54,54,34,13,17,0.50,52288.000000,0,2.1,0.0,0.0,0.0,0.0,0.0,0.0,0.0,1.0
252984,0,1,3400,-54,54,35,14,17,0.70,39232.000000,7,2.1,0.0,0.0,12384.000000,0,0.0,0.0,0.0,1.0
253233,0,1,3400,-55,55,34,13,17,0.71,69609.562500,7,2.1,0.0,0.0,0.0,0.0,0.0,0.0,0.0,1.0
253482,0,1,3400,-54,54,32,11,17,0.50,58784.000000,0,2.1,0.0,0.0,0.0,0.0,0.0,0.0,0.0,1.0
253731,0,1,3400,-55,55,32,14,17,1.4,26240.000000,3,2.1,0.0,0.0,5536.000000,50,0.0,0.0,0.0,1.0
253980,0,1,3400,-54,54,38,15,16,1.2,40318.726562,13,2.1,0.0,0.0,7968.127441,33,0.0,0.0,0.0,1.0
254229,0,1,3400,-55,55,42,13,17,0.63,31104.000000,9,2.1,0.0,0.0,0.0,0.0,0.0,0.0,0.0,1.0
254478,0,1,3400,-54,54,38,13,18,0.50,16320.000000,0,2.1,0.0,0.0,5536.000000,0,0.0,0.0,0.0,1.0
254727,0,1,3400,-54,54,34,11,18,0.50,27168.000000,0,2.1,0.0,0.0,11072.000000,0,0.0,0.0,0.0,1.0
254976,0,1,3400,-54,54,39,13,18,0.57,54400.000000,5,2.1,0.0,0.0,11072.000000,17,0.0,0.0,0.0,1.0
255225,0,1,3400,-54,54,34,13,18,0.50,66240.000000,0,2.1,0.0,0.0,1312.000000,80,0.0,0.0,0.0,1.0
255474,0,1,3400,-55,55,34,12,17,0.67,65280.000000,7,2.1,0.0,0.0,5536.000000,50,0.0,0.0,0.0,1.0
255723,0,1,3400,-54,54,40,11,17,0.51,66176.000000,0,2.1,0.0,0.0,0.0,0.0,0.0,0.0,0.0,1.0
255972,0,1,3400,-56,56,32,13,16,0.50,30476.191406,0,2.1,0.0,0.0,5492.063477,0,0.0,0.0,0.0,1.0
256221,0,1,3400,-54,54,39,13,18,0.50,55584.000000,0,2.1,0.24,0.0,32288.000000,0,0.0,0.0,0.0,1.0
256470,0,1,3400,-54,54,36,11,17,0.50,84320.000000,0,2.1,0.0,0.0,0.0,0.0,0.0,0.0,0.0,1.0
256719,0,1,3400,-54,54,35,12,18,0.50,65600.000000,0,2.1,0.0,0.0,0.0,0.0,0.0,0.0,0.0,1.0
256968,0,1,3400,-54,54,33,13,17,0.74,80576.000000,6,2.1,0.0,0.0,1312.000000,57,0.0,0.0,0.0,1.0
257217,0,1,3400,-54,54,28,15,18,0.50,30944.000000,0,2.1,0.0,0.0,6688.000000,17,0.0,0.0,0.0,1.0
257466,0,1,3400,-55,55,28,13,17,0.50,59155.378906,0,2.1,0.0,0.0,0.0,0.0,0.0,0.0,0.0,1.0
257715,0,1,3400,-54,54,40,13,17,0.54,45408.000000,6,2.1,0.0,0.0,0.0,0.0,0.0,0.0,0.0,1.0
257964,0,1,3400,-54,54,37,13,18,2.1,19456.000000,20,2.1,1.5,0.0,9184.000000,57,0.0,0.0,0.0,1.0
258213,0,1,3400,-55,55,40,14,17,0.93,35824.703125,0,2.1,0.0,0.0,0.0,0.0,0.0,0.0,0.0,1.0
258462,0,1,3400,-54,54,31,12,18,0.50,64576.000000,0,2.1,0.0,0.0,0.0,0.0,0.0,0.0,0.0,1.0
258711,0,1,3400,-54,54,42,14,17,0.74,60160.000000,5,2.1,0.0,0.0,0.0,0.0,0.0,0.0,0.0,1.0
258960,0,1,3400,-54,54,38,13,18,0.50,58016.000000,0,2.1,0.0,0.0,8000.000000,22,0.0,0.0,0.0,1.0
259209,0,1,3400,-55,55,40,14,17,1.2,21760.000000,20,2.1,0.0,0.0,11072.000000,20,0.0,0.0,0.0,1.0
259458,0,1,3400,-54,54,38,11,18,0.50,51856.574219,0,2.1,0.0,0.0,0.0,0.0,0.0,0.0,0.0,1.0
259707,0,1,3400,-55,55,40,15,18,0.50,16032.000000,0,2.1,0.0,0.0,16608.000000,14,0.0,0.0,0.0,1.0
259956,0,1,3400,-54,54,33,13,18,0.50,27136.000000,0,2.1,0.0,186,5536.000000,0,0.0,0.0,0.0,1.0
260205,0,1,3400,-54,54,36,10,19,0.50,60384.000000,0,2.1,10.0,0.0,28000.000000,51,0.0,0.0,0.0,1.0
260454,0,1,3400,-54,54,29,12,19,0.50,45024.000000,0,2.1,0.0,0.0,5536.000000,0,0.0,0.0,0.0,1.0
260703,0,1,3400,-54,54,31,12,18,0.51,72576.000000,3,2.1,0.0,0.0,0.0,0.0,0.0,0.0,0.0,1.0
260952,0,1,3400,-55,55,36,13,16,0.71,67314.742188,4,2.1,0.0,186,5513.944336,0,0.0,0.0,0.0,1.0
261201,0,1,3400,-54,54,36,13,18,0.50,65984.000000,0,2.1,2.1,0.0,12384.000000,42,0.0,0.0,0.0,1.0
261450,0,1,3400,-55,55,34,14,18,0.50,41952.000000,0,2.1,3.9,0.0,5536.000000,0,0.0,0.0,0.0,1.0
261699,0,1,3400,-55,55,31,14,18,0.50,42848.000000,0,2.1,0.0,0.0,0.0,0.0,0.0,0.0,0.0,1.0
261948,0,1,3400,-54,54,32,13,18,0.80,56764.941406,5,2.1,0.0,186,0.0,0.0,0.0,0.0,0.0,1.0
262197,0,1,3400,-54,54,29,12,18,0.51,29800.796875,8,2.1,13,0.0,57593.625000,60,0.0,0.0,0.0,1.0
262446,0,1,3400,-54,54,32,13,17,0.50,48128.000000,0,2.1,16,0.0,0.0,0.0,0.0,0.0,0.0,1.0
262695,0,1,3400,-54,54,31,9.6,18,0.70,62176.000000,3,2.1,16,0.0,0.0,0.0,0.0,0.0,0.0,1.0
262944,0,1,3400,-55,55,34,11,18,0.50,66007.968750,0,2.1,15,0.0,4366.533691,0,0.0,0.0,0.0,1.0
263193,0,1,3400,-54,54,38,12,18,0.53,54400.000000,0,2.1,0.62,0.0,6848.000000,50,0.0,0.0,0.0,1.0
263442,0,1,3400,-54,54,34,13,17,0.59,79520.000000,3,2.1,0.0,0.0,5536.000000,33,0.0,0.0,0.0,1.0
263691,0,1,3400,-54,54,33,13,17,0.76,16000.000000,0,2.1,0.0,0.0,0.0,0.0,0.0,0.0,0.0,1.0
263940,0,1,3400,-54,54,31,13,18,0.60,67904.000000,7,2.1,0.0,186,0.0,0.0,0.0,0.0,0.0,1.0
264189,0,1,3400,-54,54,32,13,18,0.82,94048.000000,5,2.1,0.0,0.0,8160.000000,29,0.0,0.0,0.0,1.0
264438,0,1,3400,-54,54,33,13,18,0.78,41312.000000,5,2.1,0.0,0.0,0.0,0.0,0.0,0.0,0.0,1.0
264687,0,1,3400,-54,54,33,13,18,0.72,57952.000000,5,2.1,0.0,0.0,0.0,0.0,0.0,0.0,0.0,1.0
264936,0,1,3400,-55,55,41,13,17,0.50,48832.000000,0,2.1,0.0,0.0,15360.000000,0,0.0,0.0,0.0,1.0
265185,0,1,3400,-54,54,33,11,18,0.57,59392.000000,0,2.1,5.7,0.0,0.0,80,0.0,0.0,0.0,1.0
265434,0,1,3400,-55,55,43,13,17,0.71,66400.000000,4,2.1,7.5,0.0,0.0,0.0,0.0,0.0,0.0,1.0
265683,0,1,3400,-54,54,30,13,18,0.60,44239.042969,6,2.1,7.5,0.0,0.0,0.0,0.0,0.0,0.0,1.0
265932,0,1,3400,-54,54,31,13,18,0.50,48960.000000,0,2.1,5.8,0.0,12256.000000,0,0.0,0.0,0.0,1.0
266181,0,1,3400,-54,54,41,15,17,0.50,69768.921875,0,2.1,0.0,0.0,5513.944336,0,0.0,0.0,0.0,1.0
266430,0,1,3400,-54,54,39,13,18,0.50,54144.000000,0,2.1,0.048,0.0,0.0,0.0,0.0,0.0,0.0,1.0
266679,0,1,3400,-55,55,38,14,17,0.65,58272.000000,9,2.1,0.0,0.0,0.0,80,0.0,0.0,0.0,1.0
266928,0,1,3400,-54,54,26,13,18,0.50,32640.000000,0,2.1,0.0,0.0,0.0,0.0,0.0,0.0,0.0,1.0
267177,0,1,3400,-55,55,25,11,17,0.73,73824.000000,9,2.1,0.048,0.0,13696.000000,0,0.0,0.0,0.0,1.0
267426,0,1,3400,-55,55,48,14,18,0.50,42772.910156,0,2.1,0.0,0.0,0.0,0.0,0.0,0.0,0.0,1.0
267675,0,1,3400,-54,54,32,11,17,0.50,52832.000000,0,2.1,0.0,0.0,0.0,0.0,0.0,0.0,0.0,1.0
267924,0,1,3400,-54,54,30,13,17,0.60,79520.000000,6,2.1,0.0,186,0.0,67,0.0,0.0,0.0,1.0
268173,0,1,3400,-54,54,36,13,18,0.53,48352.000000,0,2.1,0.0,0.0,12384.000000,33,0.0,0.0,0.0,1.0
268422,0,1,3400,-54,54,34,12,17,0.57,42976.000000,0,2.1,0.048,0.0,5536.000000,0,0.0,0.0,0.0,1.0
268671,0,1,3400,-54,54,29,13,17,1.1,43309.238281,11,2.1,0.0,0.0,0.0,0.0,0.0,0.0,0.0,1.0
268920,0,1,3400,-54,54,39,11,17,0.53,80637.453125,0,2.1,3.1,0.0,9529.880859,0,0.0,0.0,0.0,1.0
269169,0,1,3400,-54,54,36,13,17,0.57,82752.000000,3,2.1,15,0.0,0.0,0.0,0.0,0.0,0.0,1.0
269418,0,1,3400,-54,54,30,12,19,0.51,60576.000000,0,2.1,15,0.0,0.0,0.0,0.0,0.0,0.0,1.0
269667,0,1,3400,-56,56,48,13,17,0.63,75360.000000,4,2.1,15,0.0,0.0,0.0,0.0,0.0,0.0,1.0
269916,0,1,3400,-54,54,39,14,18,0.50,73019.921875,0,2.1,15,186,0.0,0.0,0.0,0.0,0.0,1.0
270165,0,1,3400,-54,54,35,11,18,0.56,60096.000000,4,2.1,1.8,0.0,8064.000000,12,0.0,0.0,0.0,1.0
270414,0,1,3400,-54,54,34,13,18,0.53,59328.000000,0,2.1,0.0,0.0,0.0,0.0,0.0,0.0,0.0,1.0
270663,0,1,3400,-54,54,41,12,18,0.50,77600.000000,0,2.1,0.0,0.0,0.0,0.0,0.0,0.0,0.0,1.0
270912,0,1,3400,-54,54,43,14,17,0.50,53428.570312,0,2.1,0.0,0.0,13333.333008,0,0.0,0.0,0.0,1.0
271161,0,1,3400,-54,54,38,12,17,1.1,51904.000000,8,2.1,0.0,0.0,5536.000000,50,0.0,0.0,0.0,1.0
271410,0,1,3400,-55,55,31,11,17,0.50,50240.000000,0,2.1,0.0,0.0,5536.000000,0,0.0,0.0,0.0,1.0
271659,0,1,3400,-54,54,44,12,18,0.50,54368.000000,0,2.1,0.0,0.0,0.0,0.0,0.0,0.0,0.0,1.0
271908,0,1,3400,-54,54,43,11,17,0.58,43680.000000,13,2.1,0.64,0.0,12576.000000,14,0.0,0.0,0.0,1.0
272157,0,1,3400,-54,54,38,11,18,0.51,60608.000000,0,2.1,5.0,0.0,0.0,0.0,0.0,0.0,0.0,1.0
272406,0,1,3400,-54,54,33,13,18,0.61,38080.000000,0,2.1,5.0,0.0,0.0,0.0,0.0,0.0,0.0,1.0
272655,0,1,3400,-54,54,45,16,18,0.50,21472.000000,0,2.1,5.0,0.0,0.0,0.0,0.0,0.0,0.0,1.0
272904,0,1,3400,-54,54,33,13,17,0.69,61280.000000,4,2.1,5.3,0.0,23488.000000,0,0.0,0.0,0.0,1.0
273153,0,1,3400,-54,54,38,15,19,0.50,54656.000000,0,2.1,6.0,0.0,0.0,0.0,0.0,0.0,0.0,1.0
273402,0,1,3400,-54,54,37,13,18,0.50,48960.000000,0,2.1,6.0,0.0,0.0,0.0,0.0,0.0,0.0,1.0
273651,0,1,3400,-54,54,33,13,19,0.50,54400.000000,0,2.1,6.0,0.0,0.0,0.0,0.0,0.0,0.0,1.0
273900,0,1,3400,-54,54,33,13,17,1.1,48224.000000,14,2.1,6.0,186,0.0,0.0,0.0,0.0,0.0,1.0
274149,0,1,3400,-55,55,30,11,17,0.56,63746.031250,4,2.1,7.4,0.0,0.0,80,0.0,0.0,0.0,1.0
274398,0,1,3400,-54,54,34,13,18,0.53,38080.000000,0,2.1,7.5,0.0,5536.000000,0,0.0,0.0,0.0,1.0
274647,0,1,3400,-54,54,36,13,17,0.50,54272.000000,0,2.1,7.5,0.0,0.0,0.0,0.0,0.0,0.0,1.0
274896,0,1,3400,-54,54,39,13,17,1.1,53792.000000,12,2.1,7.5,0.0,5888.000000,14,0.0,0.0,0.0,1.0
275145,0,1,3400,-54,54,32,13,18,0.65,34208.000000,7,2.1,0.20,0.0,43488.000000,0,0.0,0.0,0.0,1.0
275394,0,1,3400,-54,54,31,13,18,0.75,54400.000000,5,2.1,0.0,0.0,0.0,0.0,0.0,0.0,0.0,1.0
275643,0,1,3400,-54,54,35,14,17,1.4,23328.000000,10,2.1,0.0,0.0,16608.000000,0,0.0,0.0,0.0,1.0
275892,0,1,3400,-54,54,34,13,18,0.50,55008.000000,0,2.1,0.0,0.0,12384.000000,0,0.0,0.0,0.0,1.0
276141,0,1,3400,-54,54,37,12,19,0.50,80256.000000,0,2.1,0.0,0.0,5536.000000,0,0.0,0.0,0.0,1.0
276390,0,1,3400,-54,54,37,13,17,0.54,62144.000000,4,2.1,0.0,0.0,5536.000000,33,0.0,0.0,0.0,1.0
276639,0,1,3400,-54,54,37,12,18,0.61,80382.468750,7,2.1,0.048,0.0,5513.944336,0,0.0,0.0,0.0,1.0
276888,0,1,3400,-54,54,30,12,18,0.64,82464.000000,0,2.1,2.9,0.0,128384.000000,65,0.0,0.0,0.0,1.0
277137,0,1,3400,-54,54,32,12,17,1.1,35776.000000,12,2.1,15,0.0,5536.000000,0,0.0,0.0,0.0,1.0
277386,0,1,3400,-55,55,38,12,18,0.57,70444.445312,11,2.1,8.0,0.0,5492.063477,33,0.0,0.0,0.0,1.0
277635,0,1,3400,-54,54,34,15,17,0.95,32127.490234,8,2.1,8.0,0.0,0.0,0.0,0.0,0.0,0.0,1.0
277884,0,1,3400,-54,54,38,12,18,0.61,68224.000000,6,2.1,6.1,0.0,8160.000000,0,0.0,0.0,0.0,1.0
278133,0,1,3400,-54,54,36,13,17,0.91,51616.000000,10,2.1,0.0,0.0,0.0,0.0,0.0,0.0,0.0,1.0
278382,0,1,3400,-54,54,36,9.9,17,0.89,62208.000000,2,2.1,0.0,0.0,0.0,0.0,0.0,0.0,0.0,1.0
278631,0,1,3400,-55,55,41,9.2,18,0.60,56128.000000,1,2.1,0.0,0.0,0.0,0.0,0.0,0.0,0.0,1.0
278880,0,1,3400,-54,54,32,12,18,0.53,65472.000000,0,2.1,0.24,0.0,480,25,0.0,0.0,0.0,1.0
279129,0,1,3400,-54,54,33,13,17,0.96,65147.410156,5,2.1,0.58,0.0,6948.207031,43,0.0,0.0,0.0,1.0
279378,0,1,3400,-54,54,37,12,17,0.68,67027.890625,3,2.1,0.0,0.0,5513.944336,33,0.0,0.0,0.0,1.0
279627,0,1,3400,-54,54,38,14,18,0.79,39104.000000,7,2.1,0.0,0.0,0.0,0.0,0.0,0.0,0.0,1.0
279876,0,1,3400,-54,54,39,9.6,18,0.84,18400.000000,8,2.1,2.9,0.0,251040.000000,54,0.0,0.0,0.0,1.0
280125,0,1,3400,-54,54,34,8.4,18,0.50,37216.000000,0,2.1,16,0.0,0.0,0.0,0.0,0.0,0.0,1.0
280374,0,1,3400,-54,54,31,13,17,0.50,38080.000000,0,2.1,16,0.0,0.0,0.0,0.0,0.0,0.0,1.0
280623,0,1,3400,-55,55,35,12,17,0.96,64512.000000,7,2.1,14,0.0,5536.000000,0,0.0,0.0,0.0,1.0
280872,0,1,3400,-54,54,36,14,18,0.93,59392.000000,5,2.1,7.9,0.0,12256.000000,57,0.0,0.0,0.0,1.0
281121,0,1,3400,-55,55,42,15,17,0.55,58208.000000,4,2.1,0.0,0.0,0.0,0.0,0.0,0.0,0.0,1.0
281370,0,1,3400,-54,54,37,11,18,0.53,49344.000000,0,2.1,0.0,0.0,0.0,0.0,0.0,0.0,0.0,1.0
281619,0,1,3400,-54,54,31,13,19,0.52,34912.000000,0,2.1,0.0,0.0,5536.000000,0,0.0,0.0,0.0,1.0
281868,0,1,3400,-56,56,12,9.8,15,0.55,59936.000000,0,2.1,1.4,0.0,12288.000000,31,0.0,0.0,0.0,1.0
282117,0,1,3400,-54,54,33,11,17,0.50,11047.619141,0,2.1,14,0.0,5492.063477,0,0.0,0.0,0.0,1.0
282366,0,1,3400,-54,54,34,13,18,0.61,75008.000000,7,2.1,14,0.0,0.0,0.0,0.0,0.0,0.0,1.0
282615,0,1,3400,-55,55,37,13,18,0.50,43346.613281,0,2.1,0.0,0.0,11027.888672,20,0.0,0.0,0.0,1.0
282864,0,1,3400,-54,54,38,9.6,18,0.50,79040.000000,0,2.1,0.048,0.0,1312.000000,0,0.0,0.0,0.0,1.0
283113,0,1,3400,-54,54,33,12,18,0.50,65344.000000,0,2.1,3.2,0.0,5696.000000,57,0.0,0.0,0.0,1.0
283362,0,1,3400,-56,56,22,13,16,0.50,26517.927734,0,2.1,7.5,0.0,5513.944336,0,0.0,0.0,0.0,1.0
283611,0,1,3400,-56,56,35,12,16,0.58,77856.000000,3,2.1,7.5,0.0,0.0,0.0,0.0,0.0,0.0,1.0
283860,0,1,3400,-54,54,34,14,18,0.56,34560.000000,8,2.1,8.0,0.0,23296.000000,0,0.0,0.0,0.0,1.0
284109,0,1,3400,-54,54,40,13,18,0.63,62688.000000,4,2.1,14,0.0,0.0,0.0,0.0,0.0,0.0,1.0
284358,0,1,3400,-54,54,39,13,18,0.50,53952.000000,0,2.1,14,0.0,0.0,0.0,0.0,0.0,0.0,1.0
284607,0,1,3400,-54,54,36,11,18,0.50,38784.000000,0,2.1,14,0.0,0.0,0.0,0.0,0.0,0.0,1.0
284856,0,1,3400,-54,54,34,14,16,0.50,63011.953125,0,2.1,14,186,0.0,0.0,0.0,0.0,0.0,1.0
285105,0,1,3400,-55,55,39,13,18,0.96,50784.000000,5,2.1,1.5,0.0,64480.000000,12,0.0,0.0,0.0,1.0
285354,0,1,3400,-54,54,37,13,17,0.50,39936.000000,0,2.1,0.0,0.0,0.0,0.0,0.0,0.0,0.0,1.0
285603,0,1,3400,-54,54,35,13,18,0.50,37952.000000,0,2.1,0.0,0.0,0.0,0.0,0.0,0.0,0.0,1.0
285852,0,1,3400,-54,54,34,11,18,0.50,74112.000000,0,2.1,0.0,0.0,2624.000000,0,0.0,0.0,0.0,1.0
286101,0,1,3400,-54,54,41,9.9,17,0.51,99808.000000,0,2.1,0.0,0.0,5376.000000,0,0.0,0.0,0.0,1.0
286350,0,1,3400,-54,54,42,13,19,0.55,53952.000000,0,2.1,0.0,0.0,5536.000000,0,0.0,0.0,0.0,1.0
286599,0,1,3400,-54,54,38,14,18,0.79,62112.000000,5,2.1,0.0,0.0,0.0,0.0,0.0,0.0,0.0,1.0
286848,0,1,3400,-54,54,39,13,19,0.71,44640.000000,6,2.1,0.41,0.0,2016.000000,25,0.0,0.0,0.0,1.0
287097,0,1,3400,-55,55,36,9.5,17,0.50,37120.000000,0,2.1,1.1,0.0,7168.000000,70,0.0,0.0,0.0,1.0
287346,0,1,3400,-54,54,42,8.5,18,0.50,25536.000000,0,2.1,0.0,0.0,5536.000000,0,0.0,0.0,0.0,1.0
287595,0,1,3400,-55,55,36,14,16,0.67,57784.859375,0,2.1,0.0,0.0,0.0,0.0,0.0,0.0,0.0,1.0
287844,0,1,3400,-54,54,38,13,18,0.76,63872.000000,8,2.1,2.7,0.0,52672.000000,50,0.0,0.0,0.0,1.0
288093,0,1,3400,-54,54,36,13,18,0.78,44960.000000,6,2.1,14,0.0,0.0,0.0,0.0,0.0,0.0,1.0
288342,0,1,3400,-54,54,30,13,18,0.50,47360.000000,0,2.1,14,0.0,0.0,0.0,0.0,0.0,0.0,1.0
288591,0,1,3400,-54,54,30,13,18,0.50,45088.000000,0,2.1,14,0.0,0.0,0.0,0.0,0.0,0.0,1.0
288840,0,1,3400,-54,54,35,13,17,0.71,72509.960938,4,2.1,13,0.0,26007.968750,12,0.0,0.0,0.0,1.0
289089,0,1,3400,-54,54,34,13,17,0.82,76928.000000,3,2.1,7.4,0.0,0.0,80,0.0,0.0,0.0,1.0
289338,0,1,3400,-56,56,40,13,17,1.1,30336.000000,14,2.1,7.5,0.0,0.0,0.0,0.0,0.0,0.0,1.0
289587,0,1,3400,-54,54,45,9.8,17,0.81,74208.000000,2,2.1,7.5,0.0,0.0,0.0,0.0,0.0,0.0,1.0
289836,0,1,3400,-56,56,33,11,16,0.56,88956.171875,0,2.1,7.5,0.0,1306.772949,33,0.0,0.0,0.0,1.0
290085,0,1,3400,-56,56,32,12,15,0.50,40256.000000,0,2.1,0.060,0.0,12224.000000,12,0.0,0.0,0.0,1.0
290334,0,1,3400,-54,54,34,9.4,18,0.78,52320.000000,3,2.1,0.0,0.0,0.0,0.0,0.0,0.0,0.0,1.0
290583,0,1,3400,-55,55,40,13,18,0.88,71203.187500,7,2.1,0.0,0.0,0.0,0.0,0.0,0.0,0.0,1.0
290832,0,1,3400,-54,54,36,13,18,0.58,71872.000000,4,2.1,0.064,0.0,6784.000000,0,0.0,0.0,0.0,1.0
291081,0,1,3400,-54,54,34,10,18,0.50,68960.000000,0,2.1,16,0.0,130720.000000,65,0.0,0.0,0.0,1.0
291330,0,1,3400,-54,54,35,13,18,0.75,39968.000000,7,2.1,16,0.0,0.0,0.0,0.0,0.0,0.0,1.0
291579,0,1,3400,-54,54,31,11,18,0.53,32768.000000,0,2.1,16,0.0,0.0,0.0,0.0,0.0,0.0,1.0
291828,0,1,3400,-54,54,30,14,18,0.80,78016.000000,7,2.1,13,0.0,12256.000000,0,0.0,0.0,0.0,1.0
292077,0,1,3400,-54,54,34,13,18,0.53,25632.000000,0,2.1,5.7,0.0,0.0,80,0.0,0.0,0.0,1.0
292326,0,1,3400,-54,54,34,16,18,0.50,41952.000000,0,2.1,6.3,0.0,5536.000000,0,0.0,0.0,0.0,1.0
292575,0,1,3400,-54,54,38,12,16,1.1,70784.000000,3,2.1,0.0,0.0,11072.000000,0,0.0,0.0,0.0,1.0
292824,0,1,3400,-54,54,36,13,18,0.50,27296.000000,0,2.1,0.19,0.0,4384.000000,0,0.0,0.0,0.0,1.0
293073,0,1,3400,-54,54,32,12,17,0.77,60768.000000,4,2.1,0.62,0.0,13280.000000,38,0.0,0.0,0.0,1.0
293322,0,1,3400,-54,54,33,13,18,0.52,64352.000000,0,2.1,0.0,0.0,5536.000000,0,0.0,0.0,0.0,1.0
293571,0,1,3400,-54,54,31,14,18,0.92,77312.000000,7,2.1,0.0,0.0,0.0,0.0,0.0,0.0,0.0,1.0
293820,0,1,3400,-54,54,31,13,17,0.99,64896.000000,4,2.1,0.0,0.0,13664.000000,0,0.0,0.0,0.0,1.0
294069,0,1,3400,-54,54,27,13,18,0.50,28768.000000,0,2.1,0.0,0.0,0.0,0.0,0.0,0.0,0.0,1.0
294318,0,1,3400,-55,55,20,12,17,0.52,43328.000000,0,2.1,0.0,0.0,0.0,0.0,0.0,0.0,0.0,1.0
294567,0,1,3400,-54,54,37,11,18,0.67,61984.000000,3,2.1,0.0,0.0,0.0,0.0,0.0,0.0,0.0,1.0
294816,0,1,3400,-54,54,36,13,18,0.79,79296.000000,6,2.1,0.0,0.0,2624.000000,0,0.0,0.0,0.0,1.0
295065,0,1,3400,-54,54,38,13,18,0.57,73440.000000,7,2.1,0.0,0.0,5536.000000,0,0.0,0.0,0.0,1.0
295314,0,1,3400,-55,55,35,14,17,0.50,47392.000000,0,2.1,0.0,0.0,0.0,0.0,0.0,0.0,0.0,1.0
295563,0,1,3400,-54,54,38,14,18,0.50,58720.000000,0,2.1,0.0,0.0,5536.000000,0,0.0,0.0,0.0,1.0
295812,0,1,3400,-55,55,35,13,17,0.84,86215.140625,2,2.1,1.8,0.0,12589.641602,40,0.0,0.0,0.0,1.0
296061,0,1,3400,-54,54,34,8.3,17,0.51,62816.000000,2,2.1,0.0,0.0,0.0,0.0,0.0,0.0,0.0,1.0
296310,0,1,3400,-54,54,34,12,18,0.88,55904.000000,4,2.1,0.0,0.0,0.0,0.0,0.0,0.0,0.0,1.0
296559,0,1,3400,-54,54,35,15,18,0.50,33568.000000,0,2.1,0.0,0.0,0.0,0.0,0.0,0.0,0.0,1.0
296808,0,1,3400,-54,54,34,11,18,0.50,92908.367188,0,2.1,2.9,0.0,151075.703125,68,0.0,0.0,0.0,1.0
297057,0,1,3400,-54,54,34,11,19,0.50,35584.000000,0,2.1,9.2,0.0,59680.000000,25,0.0,0.0,0.0,1.0
297306,0,1,3400,-54,54,36,13,18,0.54,56096.000000,3,2.1,8.0,0.0,5536.000000,0,0.0,0.0,0.0,1.0
297555,0,1,3400,-54,54,31,9.8,17,0.50,55394.421875,0,2.1,8.0,0.0,0.0,0.0,0.0,0.0,0.0,1.0
297804,0,1,3400,-54,54,40,14,17,0.96,56573.707031,14,2.1,7.9,0.0,3474.103516,25,0.0,0.0,0.0,1.0
298053,0,1,3400,-55,55,36,13,17,0.50,32640.000000,0,2.1,0.58,0.0,12512.000000,33,0.0,0.0,0.0,1.0
298302,0,1,3400,-55,55,43,14,17,0.50,47392.000000,0,2.1,0.0,0.0,5536.000000,60,0.0,0.0,0.0,1.0
298551,0,1,3400,-54,54,34,13,17,0.50,81216.000000,0,2.1,0.0,0.0,0.0,0.0,0.0,0.0,0.0,1.0
298800,0,1,3400,-54,54,30,13,18,0.55,70048.000000,0,2.1,0.0,0.0,12128.000000,0,0.0,0.0,0.0,1.0
299049,0,1,3400,-57,57,34,11,15,0.50,55745.019531,0,2.1,0.0,0.0,0.0,0.0,0.0,0.0,0.0,1.0
299298,0,1,3400,-54,54,40,12,17,0.50,57370.519531,0,2.1,0.0,0.0,0.0,0.0,0.0,0.0,0.0,1.0
299547,0,1,3400,-54,54,42,14,17,0.71,39648.000000,8,2.1,0.064,0.0,5536.000000,33,0.0,0.0,0.0,1.0
299796,0,1,3400,-54,54,39,10,18,0.50,38560.000000,0,2.1,2.6,0.0,181792.000000,58,0.0,0.0,0.0,1.0
300045,0,1,3400,-55,55,35,13,17,0.61,59200.000000,4,2.1,9.9,0.0,5536.000000,50,0.0,0.0,0.0,1.0
300294,0,1,3400,-54,54,31,13,17,0.66,55552.000000,5,2.1,8.0,0.0,0.0,0.0,0.0,0.0,0.0,1.0
300543,0,1,3400,-54,54,37,12,18,1.4,39072.000000,8,2.1,8.1,0.0,5536.000000,0,0.0,0.0,0.0,1.0
300792,0,1,3400,-54,54,35,9.8,18,0.50,32640.000000,0,2.1,8.0,186,0.0,0.0,0.0,0.0,0.0,1.0
301041,0,1,3400,-58,58,62,7.2,11,0.50,58709.164062,0,2.1,1.3,0.0,26836.654297,42,0.0,0.0,0.0,1.0
301290,0,1,3400,-54,54,33,11,19,0.50,28544.000000,0,2.1,0.0,0.0,0.0,75,0.0,0.0,0.0,1.0
301539,0,1,3400,-56,56,37,9.9,16,0.50,30119.521484,0,2.1,0.0,0.0,0.0,0.0,0.0,0.0,0.0,1.0
301788,0,1,3400,-55,55,26,13,17,0.50,86693.226562,0,2.1,0.0,186,0.0,0.0,0.0,0.0,0.0,1.0
302037,0,1,3400,-56,56,34,12,17,0.72,29523.808594,9,2.1,0.82,0.0,16507.935547,36,0.0,0.0,0.0,1.0
302286,0,1,3400,-54,54,30,13,18,0.50,50528.000000,0,2.1,0.064,0.0,5536.000000,0,0.0,0.0,0.0,1.0
302535,0,1,3400,-54,54,36,13,17,0.50,48960.000000,0,2.1,0.0,0.0,0.0,0.0,0.0,0.0,0.0,1.0
302784,0,1,3400,-54,54,38,15,18,0.68,79872.000000,4,2.1,1.0,0.0,7872.000000,42,0.0,0.0,0.0,1.0
303033,0,1,3400,-54,54,33,13,19,0.50,44780.875000,0,2.1,6.4,0.0,6565.736816,57,0.0,0.0,0.0,1.0
303282,0,1,3400,-54,54,21,11,17,0.79,44736.000000,5,2.1,7.5,0.0,0.0,0.0,0.0,0.0,0.0,1.0
303531,0,1,3400,-54,54,29,14,16,0.91,47553.785156,6,2.1,0.0,0.0,11027.888672,0,0.0,0.0,0.0,1.0
303780,0,1,3400,-54,54,33,12,17,0.50,16509.960938,0,2.1,0.0,0.0,5513.944336,0,0.0,0.0,0.0,1.0
304029,0,1,3400,-54,54,31,13,18,0.50,43520.000000,0,2.1,0.0,0.0,13344.000000,20,0.0,0.0,0.0,1.0
304278,0,1,3400,-54,54,34,14,18,1.1,53248.000000,13,2.1,0.0,0.0,0.0,0.0,0.0,0.0,0.0,1.0
304527,0,1,3400,-54,54,34,13,17,0.55,59424.000000,0,2.1,0.0,0.0,11072.000000,43,0.0,0.0,0.0,1.0
304776,0,1,3400,-54,54,37,15,17,0.50,50592.000000,0,2.1,0.0,186,0.0,0.0,0.0,0.0,0.0,1.0
305025,0,1,3400,-54,54,41,13,17,0.50,43104.000000,0,2.1,0.0,0.0,8160.000000,17,0.0,0.0,0.0,1.0
305274,0,1,3400,-54,54,36,13,19,0.50,81600.000000,0,2.1,0.0,0.0,0.0,0.0,0.0,0.0,0.0,1.0
305523,0,1,3400,-54,54,28,11,17,0.50,49184.000000,0,2.1,0.0,0.0,0.0,0.0,0.0,0.0,0.0,1.0
305772,0,1,3400,-54,54,30,14,18,0.50,65984.000000,0,2.1,0.0,0.0,13344.000000,20,0.0,0.0,0.0,1.0
306021,0,1,3400,-54,54,28,14,18,0.50,41920.000000,0,2.1,0.0,0.0,5536.000000,0,0.0,0.0,0.0,1.0
306270,0,1,3400,-54,54,28,9.9,17,0.50,81408.000000,0,2.1,0.0,0.0,5536.000000,33,0.0,0.0,0.0,1.0
306519,0,1,3400,-55,55,37,13,17,0.50,44857.144531,0,2.1,0.0,0.0,0.0,0.0,0.0,0.0,0.0,1.0
306768,0,1,3400,-54,54,36,13,18,0.88,30336.000000,12,2.1,0.0,0.0,5536.000000,20,0.0,0.0,0.0,1.0
307017,0,1,3400,-54,54,35,14,18,0.61,38784.000000,8,2.1,0.0,0.0,14848.000000,14,0.0,0.0,0.0,1.0
307266,0,1,3400,-54,54,38,12,18,0.50,49472.000000,0,2.1,0.064,0.0,0.0,0.0,0.0,0.0,0.0,1.0
307515,0,1,3400,-54,54,36,13,19,0.51,38080.000000,0,2.1,0.0,0.0,5536.000000,0,0.0,0.0,0.0,1.0
307764,0,1,3400,-54,54,35,13,17,0.56,38080.000000,0,2.1,1.0,0.0,40544.000000,23,0.0,0.0,0.0,1.0
308013,0,1,3400,-54,54,34,12,18,0.58,66422.312500,4,2.1,8.0,0.0,0.0,0.0,0.0,0.0,0.0,1.0
308262,0,1,3400,-56,56,5.9,9.2,15,1.0,42213.437500,4,2.1,8.0,0.0,0.0,0.0,0.0,0.0,0.0,1.0
308511,0,1,3400,-54,54,35,13,17,0.58,45984.000000,6,2.1,1.3,0.0,11072.000000,20,0.0,0.0,0.0,1.0
308760,0,1,3400,-54,54,34,14,18,0.90,39104.000000,7,2.1,0.19,0.0,4384.000000,0,0.0,0.0,0.0,1.0
309009,0,1,3400,-58,58,18,15,13,0.59,53035.855469,6,2.1,16,0.0,111298.804688,0,0.0,0.0,0.0,1.0
309258,0,1,3400,-54,54,36,13,19,0.70,58656.000000,4,2.1,16,0.0,0.0,0.0,0.0,0.0,0.0,1.0
309507,0,1,3400,-54,54,36,14,17,1.1,53248.000000,13,2.1,16,0.0,0.0,0.0,0.0,0.0,0.0,1.0
309756,0,1,3400,-54,54,36,13,18,0.55,66432.000000,4,2.1,15,0.0,3488.000000,36,0.0,0.0,0.0,1.0
310005,0,1,3400,-54,54,34,13,17,0.50,57976.093750,0,2.1,0.0,0.0,17593.625000,14,0.0,0.0,0.0,1.0
310254,0,1,3400,-56,56,31,14,17,0.97,64832.000000,4,2.1,0.0,0.0,0.0,0.0,0.0,0.0,0.0,1.0
310503,0,1,3400,-55,55,50,14,16,0.50,48127.488281,0,2.1,0.0,0.0,0.0,0.0,0.0,0.0,0.0,1.0
310752,0,1,3400,-56,56,33,10,15,0.92,22016.000000,3,2.1,0.0,0.0,5536.000000,33,0.0,0.0,0.0,1.0
311001,0,1,3400,-54,54,35,13,18,1.2,27200.000000,0,2.1,0.0,0.0,13696.000000,12,0.0,0.0,0.0,1.0
311250,0,1,3400,-54,54,34,13,17,0.77,34581.671875,6,2.1,0.0,0.0,0.0,0.0,0.0,0.0,0.0,1.0
311499,0,1,3400,-56,56,29,13,16,0.60,21418.326172,0,2.1,0.0,0.0,0.0,0.0,0.0,0.0,0.0,1.0
311748,0,1,3400,-55,55,39,13,16,0.50,30820.716797,0,2.1,0.0,0.0,11027.888672,0,0.0,0.0,0.0,1.0
311997,0,1,3400,-54,54,30,13,18,0.50,45641.433594,0,2.1,0.0,0.0,9402.390625,20,0.0,0.0,0.0,1.0
312246,0,1,3400,-55,55,32,12,17,0.50,70816.000000,0,2.1,0.0,0.0,0.0,0.0,0.0,0.0,0.0,1.0
312495,0,1,3400,-54,54,32,12,18,0.50,32800.000000,0,2.1,0.0,0.0,0.0,0.0,0.0,0.0,0.0,1.0
312744,0,1,3400,-54,54,30,14,17,0.72,75296.000000,4,2.1,0.064,0.0,7424.000000,0,0.0,0.0,0.0,1.0
312993,0,1,3400,-54,54,35,13,18,1.0,88448.000000,8,2.1,7.3,0.0,11328.000000,58,0.0,0.0,0.0,1.0
313242,0,1,3400,-54,54,29,10,17,0.61,86240.000000,2,2.1,7.5,0.0,0.0,0.0,0.0,0.0,0.0,1.0
313491,0,1,3400,-54,54,28,12,19,0.50,70016.000000,0,2.1,7.5,0.0,0.0,0.0,0.0,0.0,0.0,1.0
313740,0,1,3400,-54,54,38,12,17,0.81,35552.000000,16,2.1,7.7,0.0,42752.000000,20,0.0,0.0,0.0,1.0
313989,0,1,3400,-54,54,37,13,19,0.76,54400.000000,0,2.1,6.3,0.0,71712.000000,24,0.0,0.0,0.0,1.0
314238,0,1,3400,-55,55,12,13,17,0.50,26964.142578,0,2.1,11,0.0,31840.636719,0,0.0,0.0,0.0,1.0
314487,0,1,3400,-55,55,36,12,17,0.50,30693.226562,0,2.1,14,0.0,0.0,0.0,0.0,0.0,0.0,1.0
314736,0,1,3400,-54,54,36,13,18,0.50,31936.255859,0,2.1,9.1,0.0,8478.087891,0,0.0,0.0,0.0,1.0
314985,0,1,3400,-55,55,43,13,17,0.52,57888.000000,0,2.1,0.0,0.0,23456.000000,12,0.0,0.0,0.0,1.0
315234,0,1,3400,-54,54,39,14,18,0.67,61152.000000,8,2.1,0.0,0.0,11072.000000,0,0.0,0.0,0.0,1.0
315483,0,1,3400,-55,55,32,12,18,1.0,73625.500000,5,2.1,0.0,0.0,0.0,0.0,0.0,0.0,0.0,1.0
315732,0,1,3400,-54,54,34,10,17,0.85,78528.000000,5,2.1,0.080,0.0,12480.000000,11,0.0,0.0,0.0,1.0
315981,0,1,3400,-54,54,30,12,18,0.52,54368.000000,0,2.1,0.50,0.0,5536.000000,33,0.0,0.0,0.0,1.0
316230,0,1,3400,-54,54,33,14,18,0.58,59840.000000,0,2.1,0.50,0.0,0.0,0.0,0.0,0.0,0.0,1.0
316479,0,1,3400,-54,54,39,13,19,0.50,59840.000000,0,2.1,0.50,0.0,0.0,0.0,0.0,0.0,0.0,1.0
316728,0,1,3400,-54,54,36,11,18,0.50,52288.000000,0,2.1,3.0,0.0,98432.000000,65,0.0,0.0,0.0,1.0
316977,0,1,3400,-54,54,35,8.8,17,0.64,75264.000000,3,2.1,14,0.0,5536.000000,0,0.0,0.0,0.0,1.0
317226,0,1,3400,-54,54,33,13,17,0.68,60256.000000,15,2.1,8.0,0.0,0.0,0.0,0.0,0.0,0.0,1.0
317475,0,1,3400,-54,54,38,13,18,0.50,48512.000000,0,2.1,8.0,0.0,0.0,0.0,0.0,0.0,0.0,1.0
317724,0,1,3400,-54,54,42,13,18,0.64,28480.000000,9,2.1,9.3,0.0,258080.000000,56,0.0,0.0,0.0,1.0
317973,0,1,3400,-54,54,41,13,18,0.78,38656.000000,6,2.1,16,0.0,0.0,0.0,0.0,0.0,0.0,1.0
318222,0,1,3400,-54,54,38,13,18,0.63,39392.000000,6,2.1,16,0.0,0.0,0.0,0.0,0.0,0.0,1.0
318471,0,1,3400,-54,54,34,7.5,18,0.50,67104.000000,0,2.1,16,0.0,0.0,0.0,0.0,0.0,0.0,1.0
318720,0,1,3400,-54,54,36,10,18,0.66,34720.000000,5,2.1,16,186,0.0,0.0,0.0,0.0,0.0,1.0
318969,0,1,3400,-54,54,37,13,18,0.50,54400.000000,0,2.1,1.6,0.0,8160.000000,38,0.0,0.0,0.0,1.0
319218,0,1,3400,-54,54,38,9.9,17,0.50,37024.000000,0,2.1,0.0,0.0,0.0,0.0,0.0,0.0,0.0,1.0
319467,0,1,3400,-54,54,34,13,19,0.50,79584.000000,0,2.1,0.0,0.0,0.0,0.0,0.0,0.0,0.0,1.0
319716,0,1,3400,-55,55,47,11,17,0.50,55171.316406,0,2.1,0.0,186,0.0,0.0,0.0,0.0,0.0,1.0
319965,0,1,3400,-54,54,31,9.1,18,0.52,62432.000000,0,2.1,0.0,0.0,8160.000000,0,0.0,0.0,0.0,1.0
320214,0,1,3400,-54,54,32,9.7,18,0.86,50656.000000,4,2.1,0.0,0.0,0.0,0.0,0.0,0.0,0.0,1.0
320463,0,1,3400,-55,55,29,15,17,1.9,38432.000000,11,2.1,0.0,0.0,0.0,0.0,0.0,0.0,0.0,1.0
320712,0,1,3400,-54,54,32,13,18,1.4,39584.000000,6,2.1,0.0,20,0.0,67,0.0,0.0,0.0,1.0
320961,0,1,3400,-55,55,35,11,17,0.50,76352.000000,0,2.1,0.0,20,0.0,100.000000,0.0,0.0,0.0,1.0
321210,0,1,3400,-54,54,34,13,18,1.1,60992.000000,4,2.1,0.0,0.0,7328.000000,25,0.0,0.0,0.0,1.0
321459,0,1,3400,-54,54,31,13,18,0.75,48960.000000,0,2.1,0.0,0.0,0.0,0.0,0.0,0.0,0.0,1.0
321708,0,1,3400,-54,54,29,11,18,0.64,71840.000000,0,2.1,0.0,0.0,17920.000000,0,0.0,0.0,0.0,1.0
321957,0,1,3400,-54,54,36,13,16,0.52,72192.000000,3,2.1,0.0,0.0,0.0,0.0,0.0,0.0,0.0,1.0
322206,0,1,3400,-54,54,34,13,17,0.67,39648.000000,6,2.1,2.4,0.0,0.0,80,0.0,0.0,0.0,1.0
322455,0,1,3400,-55,55,43,13,17,0.50,74176.000000,0,2.1,4.8,0.0,5536.000000,0,0.0,0.0,0.0,1.0
322704,0,1,3400,-55,55,37,12,17,0.52,54222.222656,0,2.1,2.9,0.0,61238.093750,69,0.0,0.0,0.0,1.0
322953,0,1,3400,-54,54,34,13,17,0.59,55744.000000,4,2.1,8.6,0.0,5536.000000,33,0.0,0.0,0.0,1.0
323202,0,1,3400,-54,54,30,12,18,0.86,73664.000000,7,2.1,8.0,0.0,11072.000000,20,0.0,0.0,0.0,1.0
323451,0,1,3400,-54,54,35,13,18,0.60,48960.000000,0,2.1,8.0,0.0,0.0,0.0,0.0,0.0,0.0,1.0
323700,0,1,3400,-54,54,27,10,17,0.57,63776.000000,3,2.1,8.1,186,0.0,0.0,0.0,0.0,0.0,1.0
323949,0,1,3400,-54,54,33,12,18,0.78,63136.000000,2,2.1,0.64,0.0,8160.000000,0,0.0,0.0,0.0,1.0
324198,0,1,3400,-54,54,38,12,18,0.55,87360.000000,0,2.1,0.0,0.0,5536.000000,0,0.0,0.0,0.0,1.0
324447,0,1,3400,-55,55,33,12,17,1.2,54272.000000,7,2.1,0.064,0.0,0.0,0.0,0.0,0.0,0.0,1.0
324696,0,1,3400,-55,55,32,12,16,0.70,98016.000000,5,2.1,0.064,20,5536.000000,25,0.0,0.0,0.0,1.0
324945,0,1,3400,-54,54,35,12,18,0.53,82976.000000,5,2.1,6.2,0.0,2080.000000,59,0.0,0.0,0.0,1.0
325194,0,1,3400,-54,54,36,11,18,0.50,45600.000000,0,2.1,7.5,0.0,0.0,0.0,0.0,0.0,0.0,1.0
325443,0,1,3400,-54,54,33,12,18,1.2,35840.000000,14,2.1,7.5,0.0,0.0,0.0,0.0,0.0,0.0,1.0
325692,0,1,3400,-54,54,36,13,17,0.68,65952.000000,4,2.1,7.6,0.0,15904.000000,38,0.0,0.0,0.0,1.0
325941,0,1,3400,-54,54,39,13,18,0.50,54848.000000,0,2.1,0.0,0.0,5536.000000,0,0.0,0.0,0.0,1.0
326190,0,1,3400,-54,54,37,13,18,0.68,61408.000000,4,2.1,0.0,0.0,5536.000000,33,0.0,0.0,0.0,1.0
326439,0,1,3400,-54,54,29,8.5,18,0.50,49568.000000,0,2.1,0.0,0.0,11072.000000,0,0.0,0.0,0.0,1.0
326688,0,1,3400,-54,54,29,14,18,1.0,44256.000000,6,2.1,0.0,0.0,2976.000000,20,0.0,0.0,0.0,1.0
326937,0,1,3400,-55,55,44,13,17,0.50,48000.000000,0,2.1,0.0,0.0,20175.298828,11,0.0,0.0,0.0,1.0
327186,0,1,3400,-54,54,31,14,17,0.57,52096.000000,9,2.1,7.2,0.0,0.0,80,0.0,0.0,0.0,1.0
327435,0,1,3400,-55,55,28,12,16,0.84,37280.000000,5,2.1,7.5,0.0,0.0,0.0,0.0,0.0,0.0,1.0
327684,0,1,3400,-55,55,33,13,17,0.50,47136.000000,0,2.1,7.5,0.0,0.0,0.0,0.0,0.0,0.0,1.0
327933,0,1,3400,-54,54,37,13,17,0.72,55552.000000,5,2.1,2.4,0.0,11104.000000,57,0.0,0.0,0.0,1.0
328182,0,1,3400,-55,55,42,13,17,0.50,47936.000000,0,2.1,1.4,0.0,17056.000000,0,0.0,0.0,0.0,1.0
328431,0,1,3400,-55,55,35,12,17,0.50,44960.000000,0,2.1,4.5,0.0,0.0,0.0,0.0,0.0,0.0,1.0
328680,0,1,3400,-55,55,39,11,17,0.78,66336.000000,2,2.1,4.7,0.0,5408.000000,25,0.0,0.0,0.0,1.0
328929,0,1,3400,-54,54,32,12,19,0.51,48288.000000,2,2.1,11,0.0,1024.000000,75,0.0,0.0,0.0,1.0
329178,0,1,3400,-54,54,34,13,17,0.70,31488.000000,20,2.1,9.4,0.0,14496.000000,0,0.0,0.0,0.0,1.0
329427,0,1,3400,-54,54,36,13,18,0.50,27200.000000,0,2.1,8.5,0.0,0.0,0.0,0.0,0.0,0.0,1.0
329676,0,1,3400,-54,54,33,11,18,0.50,63904.382812,0,2.1,8.1,0.0,57370.519531,0,0.0,0.0,0.0,1.0
329925,0,1,3400,-54,54,33,13,18,0.57,62368.000000,5,2.1,16,0.0,115424.000000,50,0.0,0.0,0.0,1.0
330174,0,1,3400,-54,54,32,10,19,0.50,42720.000000,0,2.1,16,0.0,0.0,0.0,0.0,0.0,0.0,1.0
330423,0,1,3400,-54,54,29,13,18,0.50,27091.632812,0,2.1,9.3,0.0,11027.888672,0,0.0,0.0,0.0,1.0
330672,0,1,3400,-54,54,32,13,17,0.58,63232.000000,5,2.1,6.8,0.0,8064.000000,38,0.0,0.0,0.0,1.0
330921,0,1,3400,-54,54,35,13,18,1.1,37856.000000,15,2.1,0.0,0.0,3488.000000,0,0.0,0.0,0.0,1.0
331170,0,1,3400,-54,54,39,13,18,0.63,85472.000000,3,2.1,6.0,0.0,0.0,80,0.0,0.0,0.0,1.0
331419,0,1,3400,-54,54,38,12,18,0.50,65920.000000,0,2.1,7.5,0.0,0.0,0.0,0.0,0.0,0.0,1.0
331668,0,1,3400,-56,56,63,14,16,1.2,28398.406250,8,2.1,6.9,186,223,0,0.0,0.0,0.0,1.0
331917,0,1,3400,-54,54,29,12,18,0.62,37696.000000,0,2.1,0.0,186,0.0,0.0,0.0,0.0,0.0,1.0
332166,0,1,3400,-54,54,32,11,18,0.50,18581.673828,0,2.1,0.0,0.0,16318.725586,20,0.0,0.0,0.0,1.0
332415,0,1,3400,-54,54,33,16,18,1.2,43232.000000,12,2.1,0.064,0.0,5536.000000,0,0.0,0.0,0.0,1.0
332664,0,1,3400,-54,54,39,12,17,0.54,48512.000000,0,2.1,0.0,0.0,9920.000000,0,0.0,0.0,0.0,1.0
332913,0,1,3400,-54,54,29,13,17,0.73,32899.597656,14,2.1,6.9,0.0,15196.787109,50,0.0,0.0,0.0,1.0
333162,0,1,3400,-54,54,31,13,17,0.60,59474.105469,0,2.1,7.5,0.0,0.0,0.0,0.0,0.0,0.0,1.0
333411,0,1,3400,-54,54,26,12,18,0.50,37952.000000,0,2.1,7.5,0.0,0.0,0.0,0.0,0.0,0.0,1.0
333660,0,1,3400,-54,54,36,13,18,0.50,20192.000000,0,2.1,3.6,0.0,20256.000000,50,0.0,0.0,0.0,1.0
333909,0,1,3400,-54,54,35,12,17,0.95,59200.000000,7,2.1,0.0,0.0,608,33,0.0,0.0,0.0,1.0
334158,0,1,3400,-54,54,31,12,17,0.50,42048.000000,0,2.1,0.0,0.0,11072.000000,0,0.0,0.0,0.0,1.0
334407,0,1,3400,-54,54,35,10,18,0.56,41184.000000,3,2.1,0.0,0.0,5536.000000,0,0.0,0.0,0.0,1.0
334656,0,1,3400,-55,55,40,10,17,0.81,46880.000000,4,2.1,0.0,0.0,11168.000000,0,0.0,0.0,0.0,1.0
334905,0,1,3400,-56,56,39,13,17,0.77,56672.000000,5,2.1,0.0,0.0,0.0,0.0,0.0,0.0,0.0,1.0
335154,0,1,3400,-54,54,37,13,18,0.50,48576.000000,0,2.1,0.0,0.0,0.0,0.0,0.0,0.0,0.0,1.0
335403,0,1,3400,-54,54,38,13,18,0.60,27091.632812,0,2.1,0.0,0.0,11027.888672,0,0.0,0.0,0.0,1.0
335652,0,1,3400,-54,54,34,13,17,0.51,48896.000000,0,2.1,0.0,0.0,0.0,0.0,0.0,0.0,0.0,1.0
335901,0,1,3400,-54,54,33,13,17,0.50,54272.000000,0,2.1,5.5,0.0,14464.000000,47,0.0,0.0,0.0,1.0
336150,0,1,3400,-54,54,34,14,17,0.50,52672.000000,0,2.1,7.5,0.0,0.0,0.0,0.0,0.0,0.0,1.0
336399,0,1,3400,-54,54,35,13,18,0.72,98144.000000,3,2.1,0.0,0.0,11072.000000,0,0.0,0.0,0.0,1.0
336648,0,1,3400,-54,54,28,11,17,0.51,57625.496094,0,2.1,0.0,0.0,5513.944336,0,0.0,0.0,0.0,1.0
336897,0,1,3400,-56,56,19,11,16,0.64,85664.000000,0,2.1,0.0,0.0,8160.000000,17,0.0,0.0,0.0,1.0
337146,0,1,3400,-55,55,40,12,18,0.63,38055.777344,8,2.1,0.0,0.0,5513.944336,0,0.0,0.0,0.0,1.0
337395,0,1,3400,-55,55,43,15,18,0.67,43346.613281,11,2.1,0.0,0.0,0.0,0.0,0.0,0.0,0.0,1.0
337644,0,1,3400,-57,57,30,10,15,0.71,53504.000000,0,2.1,0.0,0.0,5536.000000,50,0.0,0.0,0.0,1.0
337893,0,1,3400,-54,54,24,15,19,0.50,25344.000000,0,2.1,0.0,0.0,2080.000000,29,0.0,0.0,0.0,1.0
338142,0,1,3400,-54,54,30,13,17,0.50,30336.000000,0,2.1,0.0,0.0,0.0,0.0,0.0,0.0,0.0,1.0
338391,0,1,3400,-54,54,36,13,17,0.58,44800.000000,9,2.1,0.0,0.0,0.0,0.0,0.0,0.0,0.0,1.0
338640,0,1,3400,-54,54,44,13,18,0.50,64320.000000,0,2.1,0.32,0.0,6720.000000,0,0.0,0.0,0.0,1.0
338889,0,1,3400,-54,54,40,12,18,0.50,33696.000000,0,2.1,0.0,0.0,26112.000000,0,0.0,0.0,0.0,1.0
339138,0,1,3400,-54,54,31,10,17,0.61,52175.296875,2,2.1,0.0,0.0,0.0,0.0,0.0,0.0,0.0,1.0
339387,0,1,3400,-54,54,40,14,18,0.50,50144.000000,0,2.1,0.0,0.0,5536.000000,0,0.0,0.0,0.0,1.0
339636,0,1,3400,-54,54,35,12,17,0.50,68876.492188,0,2.1,0.064,0.0,60621.515625,0,0.0,0.0,0.0,1.0
339885,0,1,3400,-54,54,36,14,18,0.75,59168.000000,6,2.1,15,0.0,0.0,89,0.0,0.0,0.0,1.0
340134,0,1,3400,-54,54,39,13,17,0.50,52512.000000,0,2.1,16,0.0,0.0,0.0,0.0,0.0,0.0,1.0
340383,0,1,3400,-54,54,45,13,17,0.64,46166.007812,10,2.1,13,0.0,5470.355957,33,0.0,0.0,0.0,1.0
340632,0,1,3400,-54,54,38,14,18,0.73,86656.000000,7,2.1,8.0,0.0,9184.000000,57,0.0,0.0,0.0,1.0
340881,0,1,3400,-55,55,38,13,17,0.92,65280.000000,4,2.1,0.0,0.0,0.0,0.0,0.0,0.0,0.0,1.0
341130,0,1,3400,-55,55,45,12,17,0.50,32160.000000,0,2.1,0.0,0.0,0.0,0.0,0.0,0.0,0.0,1.0
341379,0,1,3400,-54,54,39,13,18,0.77,59052.207031,8,2.1,2.0,0.0,0.0,80,0.0,0.0,0.0,1.0
341628,0,1,3400,-55,55,31,13,17,0.50,42688.000000,0,2.1,2.0,0.0,0.0,0.0,0.0,0.0,0.0,1.0
341877,0,1,3400,-54,54,52,12,16,0.84,66444.445312,7,2.1,0.48,0.0,6285.714355,58,0.0,0.0,0.0,1.0
342126,0,1,3400,-54,54,33,13,17,0.68,45536.000000,0,2.1,0.0,0.0,0.0,0.0,0.0,0.0,0.0,1.0
342375,0,1,3400,-59,59,-6.5,11,13,0.50,40956.175781,0,2.1,0.0,0.0,5513.944336,60,0.0,0.0,0.0,1.0
342624,0,1,3400,-55,55,31,12,17,0.72,84653.382812,2,2.1,0.0,0.0,0.0,0.0,0.0,0.0,0.0,1.0
342873,0,1,3400,-54,54,30,12,18,0.57,56544.000000,3,2.1,0.0,0.0,8160.000000,44,0.0,0.0,0.0,1.0
343122,0,1,3400,-54,54,28,12,17,0.63,61344.000000,4,2.1,0.0,0.0,0.0,0.0,0.0,0.0,0.0,1.0
343371,0,1,3400,-54,54,33,13,18,0.93,45088.000000,19,2.1,0.0,0.0,0.0,0.0,0.0,0.0,0.0,1.0
343620,0,1,3400,-54,54,33,14,18,1.2,49156.625000,5,2.1,0.0,0.0,8000.000000,0,0.0,0.0,0.0,1.0
343869,0,1,3400,-54,54,47,13,17,0.57,53600.000000,0,2.1,0.0,0.0,0.0,0.0,0.0,0.0,0.0,1.0
344118,0,1,3400,-54,54,34,14,18,0.75,56446.214844,10,2.1,0.0,0.0,16541.832031,25,0.0,0.0,0.0,1.0
344367,0,1,3400,-54,54,32,13,17,0.96,71456.000000,22,2.1,0.0,0.0,0.0,0.0,0.0,0.0,0.0,1.0
344616,0,1,3400,-55,55,48,12,17,0.74,53888.000000,6,2.1,0.0,20,0.0,67,0.0,0.0,0.0,1.0
344865,0,1,3400,-54,54,40,10,18,0.64,63744.000000,6,2.1,0.0,0.0,8160.000000,0,0.0,0.0,0.0,1.0
345114,0,1,3400,-55,55,34,12,16,0.50,54784.000000,0,2.1,0.0,0.0,5536.000000,0,0.0,0.0,0.0,1.0
345363,0,1,3400,-54,54,29,13,17,0.58,71872.507812,7,2.1,0.0,0.0,3474.103516,0,0.0,0.0,0.0,1.0
345612,0,1,3400,-54,54,25,15,17,0.79,39552.000000,13,2.1,4.2,186,0.0,80,0.0,0.0,0.0,1.0
345861,0,1,3400,-54,54,38,14,18,0.50,49156.625000,0,2.1,0.90,0.0,12433.735352,0,0.0,0.0,0.0,1.0
346110,0,1,3400,-55,55,45,15,16,0.67,32509.960938,8,2.1,0.0,0.0,0.0,0.0,0.0,0.0,0.0,1.0
346359,0,1,3400,-55,55,40,11,18,0.57,71904.382812,2,2.1,0.0,0.0,0.0,0.0,0.0,0.0,0.0,1.0
346608,0,1,3400,-54,54,31,13,18,0.56,57536.000000,8,2.1,0.0,0.0,8000.000000,0,0.0,0.0,0.0,1.0
346857,0,1,3400,-54,54,41,15,18,0.50,55968.000000,0,2.1,6.9,0.0,0.0,80,0.0,0.0,0.0,1.0
347106,0,1,3400,-54,54,40,12,17,0.54,79040.000000,3,2.1,6.3,0.0,5536.000000,0,0.0,0.0,0.0,1.0
347355,0,1,3400,-54,54,34,11,18,0.75,79072.000000,2,2.1,0.0,0.0,0.0,0.0,0.0,0.0,0.0,1.0
347604,0,1,3400,-55,55,36,13,18,0.50,75392.000000,0,2.1,1.7,0.0,10336.000000,57,0.0,0.0,0.0,1.0
347853,0,1,3400,-54,54,33,17,17,0.61,35136.000000,14,2.1,0.0,0.0,0.0,0.0,0.0,0.0,0.0,1.0
348102,0,1,3400,-55,55,30,16,17,0.51,49179.281250,6,2.1,0.0,0.0,11027.888672,0,0.0,0.0,0.0,1.0
348351,0,1,3400,-54,54,35,13,18,1.3,73019.921875,7,2.1,0.0,0.0,5513.944336,0,0.0,0.0,0.0,1.0
348600,0,1,3400,-54,54,32,13,18,0.92,23200.000000,10,2.1,0.0,0.0,0.0,0.0,0.0,0.0,0.0,1.0
348849,0,1,3400,-54,54,26,12,18,0.63,43360.000000,0,2.1,0.0,0.0,8160.000000,38,0.0,0.0,0.0,1.0
349098,0,1,3400,-54,54,28,13,18,0.50,27200.000000,0,2.1,0.0,0.0,0.0,0.0,0.0,0.0,0.0,1.0
349347,0,1,3400,-54,54,31,14,17,0.56,75168.000000,0,2.1,0.0,0.0,5536.000000,0,0.0,0.0,0.0,1.0
349596,0,1,3400,-54,54,35,13,18,0.50,27200.000000,0,2.1,0.0,0.0,5536.000000,0,0.0,0.0,0.0,1.0
349845,0,1,3400,-54,54,40,13,17,0.64,32640.000000,0,2.1,0.0,0.0,20288.000000,0,0.0,0.0,0.0,1.0
350094,0,1,3400,-54,54,37,13,18,0.61,56032.128906,4,2.1,0.0,0.0,0.0,0.0,0.0,0.0,0.0,1.0
350343,0,1,3400,-55,55,36,12,18,0.50,41721.117188,0,2.1,0.0,0.0,0.0,0.0,0.0,0.0,0.0,1.0
350592,0,1,3400,-55,55,33,12,16,1.0,21746.031250,8,2.1,0.0,20,0.0,67,0.0,0.0,0.0,1.0
350841,0,1,3400,-55,55,18,13,16,0.61,57728.000000,3,2.1,2.1,0.0,8064.000000,46,0.0,0.0,0.0,1.0
351090,0,1,3400,-54,54,31,14,17,0.50,41952.000000,0,2.1,7.5,0.0,0.0,0.0,0.0,0.0,0.0,1.0
351339,0,1,3400,-54,54,30,12,18,0.51,43520.000000,0,2.1,6.0,0.0,5536.000000,60,0.0,0.0,0.0,1.0
351588,0,1,3400,-54,54,28,13,18,0.51,32640.000000,0,2.1,0.0,0.0,0.0,0.0,0.0,0.0,0.0,1.0
351837,0,1,3400,-54,54,30,13,19,0.71,62432.000000,8,2.1,0.82,0.0,10464.000000,36,0.0,0.0,0.0,1.0
352086,0,1,3400,-54,54,37,18,17,0.53,26336.000000,12,2.1,0.0,0.0,0.0,0.0,0.0,0.0,0.0,1.0
352335,0,1,3400,-54,54,42,14,17,0.62,48578.312500,6,2.1,0.0,0.0,5558.232910,0,0.0,0.0,0.0,1.0
352584,0,1,3400,-54,54,36,12,17,0.55,54208.000000,0,2.1,0.24,0.0,352,25,0.0,0.0,0.0,1.0
352833,0,1,3400,-54,54,41,13,19,0.50,37928.285156,0,2.1,0.58,0.0,6948.207031,43,0.0,0.0,0.0,1.0
353082,0,1,3400,-55,55,37,13,16,0.50,42804.781250,0,2.1,0.0,0.0,5513.944336,0,0.0,0.0,0.0,1.0
353331,0,1,3400,-54,54,31,13,18,0.85,48576.000000,5,2.1,0.0,0.0,0.0,0.0,0.0,0.0,0.0,1.0
353580,0,1,3400,-54,54,30,13,18,1.1,38944.000000,7,2.1,2.8,0.0,57440.000000,65,0.0,0.0,0.0,1.0
353829,0,1,3400,-54,54,35,12,17,0.81,50784.000000,3,2.1,16,0.0,0.0,0.0,0.0,0.0,0.0,1.0
354078,0,1,3400,-54,54,38,12,17,0.79,55775.101562,4,2.1,16,0.0,0.0,0.0,0.0,0.0,0.0,1.0
354327,0,1,3400,-55,55,42,14,18,0.67,83840.000000,7,2.1,11,0.0,5536.000000,25,0.0,0.0,0.0,1.0
354576,0,1,3400,-54,54,38,13,18,0.63,59584.000000,0,2.1,6.1,0.0,17920.000000,0,0.0,0.0,0.0,1.0
354825,0,1,3400,-54,54,36,14,19,0.50,76143.429688,0,2.1,0.0,0.0,0.0,0.0,0.0,0.0,0.0,1.0
355074,0,1,3400,-57,57,57,14,15,0.50,20224.000000,0,2.1,0.0,0.0,0.0,0.0,0.0,0.0,0.0,1.0
355323,0,1,3400,-54,54,33,13,17,0.50,53577.687500,0,2.1,0.0,0.0,0.0,0.0,0.0,0.0,0.0,1.0
355572,0,1,3400,-55,55,19,13,16,0.53,55330.675781,0,2.1,1.7,0.0,0.0,80,0.0,0.0,0.0,1.0
355821,0,1,3400,-55,55,44,10,16,0.52,56448.000000,0,2.1,7.5,0.0,0.0,0.0,0.0,0.0,0.0,1.0
356070,0,1,3400,-54,54,36,13,18,0.50,48960.000000,0,2.1,7.5,0.0,0.0,0.0,0.0,0.0,0.0,1.0
356319,0,1,3400,-54,54,37,13,18,0.85,64544.000000,11,2.1,7.5,0.0,0.0,0.0,0.0,0.0,0.0,1.0
356568,0,1,3400,-54,54,32,12,18,0.51,30361.445312,8,2.1,7.6,0.0,0.0,0.0,0.0,0.0,0.0,1.0
356817,0,1,3400,-55,55,35,13,19,0.50,69856.000000,0,2.1,3.8,0.0,10464.000000,36,0.0,0.0,0.0,1.0
357066,0,1,3400,-54,54,36,12,18,0.50,61609.562500,0,2.1,0.0,0.0,11027.888672,20,0.0,0.0,0.0,1.0
357315,0,1,3400,-54,54,42,13,17,0.50,44448.000000,0,2.1,0.0,0.0,5536.000000,25,0.0,0.0,0.0,1.0
357564,0,1,3400,-55,55,31,12,16,0.75,47488.000000,5,2.1,0.0,0.0,6848.000000,20,0.0,0.0,0.0,1.0
357813,0,1,3400,-54,54,25,11,17,0.55,44175.296875,0,2.1,0.0,0.0,25816.732422,36,0.0,0.0,0.0,1.0
358062,0,1,3400,-54,54,36,11,18,0.51,62144.000000,2,2.1,0.064,0.0,0.0,0.0,0.0,0.0,0.0,1.0
358311,0,1,3400,-56,56,55,9.5,17,0.50,37088.000000,0,2.1,0.064,0.0,0.0,0.0,0.0,0.0,0.0,1.0
358560,0,1,3400,-54,54,41,11,17,0.85,46040.160156,4,2.1,0.0,186,0.0,0.0,0.0,0.0,0.0,1.0
358809,0,1,3400,-54,54,34,13,18,0.71,40160.000000,4,2.1,0.0,0.0,7456.000000,0,0.0,0.0,0.0,1.0
359058,0,1,3400,-54,54,29,13,19,0.81,39648.000000,0,2.1,0.0,0.0,0.0,0.0,0.0,0.0,0.0,1.0
359307,0,1,3400,-54,54,32,11,18,0.55,48924.304688,0,2.1,0.0,0.0,5513.944336,33,0.0,0.0,0.0,1.0
359556,0,1,3400,-54,54,30,11,18,0.66,75936.000000,2,2.1,0.0,186,0.0,0.0,0.0,0.0,0.0,1.0
359805,0,1,3400,-55,55,37,10,17,0.52,59314.742188,0,2.1,4.6,0.0,16095.617188,48,0.0,0.0,0.0,1.0
360054,0,1,3400,-54,54,30,11,18,0.50,29920.000000,0,2.1,0.0,0.0,0.0,0.0,0.0,0.0,0.0,1.0
360303,0,1,3400,-54,54,31,12,18,0.50,64704.000000,0,2.1,6.3,0.0,0.0,80,0.0,0.0,0.0,1.0
360552,0,1,3400,-54,54,45,14,17,0.50,73920.000000,0,2.1,7.4,0.0,6208.000000,17,0.0,0.0,0.0,1.0
360801,0,1,3400,-54,54,38,13,17,0.68,54400.000000,5,2.1,7.2,0.0,30016.000000,48,0.0,0.0,0.0,1.0
361050,0,1,3400,-54,54,40,12,18,0.68,59008.000000,2,2.1,6.3,0.0,5536.000000,0,0.0,0.0,0.0,1.0
361299,0,1,3400,-54,54,33,12,17,0.57,37184.000000,11,2.1,0.0,0.0,0.0,0.0,0.0,0.0,0.0,1.0
361548,0,1,3400,-54,54,28,13,18,0.60,43346.613281,0,2.1,0.0,186,0.0,0.0,0.0,0.0,0.0,1.0
361797,0,1,3400,-54,54,30,13,18,0.73,50528.000000,5,2.1,1.5,0.0,7296.000000,53,0.0,0.0,0.0,1.0
362046,0,1,3400,-54,54,37,15,18,0.71,53632.000000,6,2.1,0.0,0.0,0.0,0.0,0.0,0.0,0.0,1.0
362295,0,1,3400,-54,54,37,14,18,0.50,48544.000000,0,2.1,3.9,0.0,0.0,80,0.0,0.0,0.0,1.0
362544,0,1,3400,-54,54,33,13,18,0.59,43392.000000,0,2.1,6.0,0.0,8160.000000,0,0.0,0.0,0.0,1.0
362793,0,1,3400,-54,54,37,12,17,0.57,59392.000000,4,2.1,0.0,0.0,0.0,0.0,0.0,0.0,0.0,1.0
363042,0,1,3400,-54,54,33,14,18,0.50,37333.332031,0,2.1,0.0,0.0,0.0,0.0,0.0,0.0,0.0,1.0
363291,0,1,3400,-54,54,31,11,18,0.50,59616.000000,0,2.1,0.0,0.0,0.0,0.0,0.0,0.0,0.0,1.0
363540,0,1,3400,-54,54,26,10,18,0.54,52111.554688,3,2.1,0.0,0.0,13928.287109,0,0.0,0.0,0.0,1.0
363789,0,1,3400,-54,54,35,13,18,0.86,55168.000000,5,2.1,0.0,0.0,0.0,0.0,0.0,0.0,0.0,1.0
364038,0,1,3400,-55,55,36,13,17,0.51,20768.000000,11,2.1,0.0,0.0,11072.000000,0,0.0,0.0,0.0,1.0
364287,0,1,3400,-54,54,28,12,17,0.50,44896.000000,0,2.1,0.0,0.0,5536.000000,0,0.0,0.0,0.0,1.0
364536,0,1,3400,-54,54,31,12,18,0.77,54976.000000,5,2.1,0.82,0.0,11232.000000,36,0.0,0.0,0.0,1.0
364785,0,1,3400,-55,55,32,12,18,0.96,30843.373047,15,2.1,0.0,0.0,0.0,0.0,0.0,0.0,0.0,1.0
365034,0,1,3400,-54,54,35,12,17,0.52,90996.015625,0,2.1,0.0,0.0,0.0,0.0,0.0,0.0,0.0,1.0
365283,0,1,3400,-55,55,41,8.7,17,0.50,54948.207031,0,2.1,0.0,0.0,5513.944336,0,0.0,0.0,0.0,1.0
365532,0,1,3400,-54,54,33,13,18,0.79,72288.000000,4,2.1,0.19,0.0,4384.000000,0,0.0,0.0,0.0,1.0
365781,0,1,3400,-54,54,25,17,17,0.50,15968.127930,0,2.1,0.62,0.0,12334.661133,45,0.0,0.0,0.0,1.0
366030,0,1,3400,-54,54,36,15,17,0.81,75665.335938,7,2.1,0.0,0.0,0.0,0.0,0.0,0.0,0.0,1.0
366279,0,1,3400,-54,54,37,12,17,0.50,55808.000000,0,2.1,8.9,0.0,16608.000000,17,0.0,0.0,0.0,1.0
366528,0,1,3400,-54,54,31,13,17,0.77,42528.000000,6,2.1,11,0.0,37568.000000,0,0.0,0.0,0.0,1.0
366777,0,1,3400,-54,54,31,12,18,0.50,22144.000000,0,2.1,2.0,0.0,0.0,0.0,0.0,0.0,0.0,1.0
367026,0,1,3400,-54,54,29,13,17,0.67,41381.527344,11,2.1,2.0,0.0,0.0,0.0,0.0,0.0,0.0,1.0
367275,0,1,3400,-54,54,26,13,17,0.50,47136.000000,0,2.1,1.6,0.0,5536.000000,0,0.0,0.0,0.0,1.0
367524,0,1,3400,-55,55,34,14,17,0.50,38304.000000,0,2.1,2.1,0.0,81536.000000,7,0.0,0.0,0.0,1.0
367773,0,1,3400,-56,56,31,12,17,0.60,62317.460938,8,2.1,14,0.0,3968.253906,67,0.0,0.0,0.0,1.0
368022,0,1,3400,-54,54,36,11,17,0.50,67059.757812,0,2.1,14,0.0,0.0,0.0,0.0,0.0,0.0,1.0
368271,0,1,3400,-54,54,36,13,18,0.50,23200.000000,0,2.1,14,0.0,0.0,0.0,0.0,0.0,0.0,1.0
368520,0,1,3400,-57,57,36,13,14,0.99,58709.164062,12,2.1,14,0.0,16988.046875,0,0.0,0.0,0.0,1.0
368769,0,1,3400,-54,54,35,11,17,0.88,54240.000000,7,2.1,1.7,0.0,6848.000000,50,0.0,0.0,0.0,1.0
369018,0,1,3400,-54,54,40,13,17,0.50,27072.000000,0,2.1,0.0,0.0,5536.000000,0,0.0,0.0,0.0,1.0
369267,0,1,3400,-54,54,39,13,18,1.1,33792.000000,8,2.1,0.0,0.0,0.0,0.0,0.0,0.0,0.0,1.0
369516,0,1,3400,-54,54,38,13,18,0.58,43694.777344,0,2.1,2.4,0.0,116337.351562,60,0.0,0.0,0.0,1.0
369765,0,1,3400,-54,54,29,14,18,0.50,31776.000000,0,2.1,16,0.0,183168.000000,62,0.0,0.0,0.0,1.0
370014,0,1,3400,-54,54,34,13,19,0.75,27200.000000,9,2.1,16,0.0,0.0,0.0,0.0,0.0,0.0,1.0
370263,0,1,3400,-54,54,29,13,18,0.50,28398.406250,0,2.1,16,0.0,0.0,0.0,0.0,0.0,0.0,1.0
370512,0,1,3400,-54,54,28,13,18,0.50,32224.000000,0,2.1,16,0.0,0.0,0.0,0.0,0.0,0.0,1.0
370761,0,1,3400,-54,54,35,13,18,0.58,71456.000000,0,2.1,4.2,0.0,12256.000000,0,0.0,0.0,0.0,1.0
371010,0,1,3400,-54,54,39,12,17,0.50,33088.000000,0,2.1,0.0,0.0,5536.000000,33,0.0,0.0,0.0,1.0
371259,0,1,3400,-54,54,36,13,18,0.51,53044.175781,0,2.1,0.0,0.0,5558.232910,33,0.0,0.0,0.0,1.0
371508,0,1,3400,-54,54,37,13,18,0.60,44207.171875,5,2.1,0.0,0.0,0.0,0.0,0.0,0.0,0.0,1.0
371757,0,1,3400,-54,54,36,12,16,0.68,62208.000000,2,2.1,0.0,0.0,17920.000000,0,0.0,0.0,0.0,1.0
372006,0,1,3400,-54,54,32,13,18,0.50,43008.000000,0,2.1,0.0,0.0,5536.000000,33,0.0,0.0,0.0,1.0
372255,0,1,3400,-55,55,45,11,17,0.51,56828.683594,3,2.1,0.0,0.0,0.0,0.0,0.0,0.0,0.0,1.0
372504,0,1,3400,-55,55,39,13,16,0.93,23235.060547,10,2.1,0.0,0.0,0.0,0.0,0.0,0.0,0.0,1.0
372753,0,1,3400,-54,54,36,12,18,0.51,15616.000000,11,2.1,0.0,0.0,12384.000000,0,0.0,0.0,0.0,1.0
373002,0,1,3400,-54,54,25,14,18,0.58,53984.000000,5,2.1,0.0,0.0,0.0,0.0,0.0,0.0,0.0,1.0
373251,0,1,3400,-54,54,28,13,17,0.50,48960.000000,0,2.1,0.0,0.0,0.0,0.0,0.0,0.0,0.0,1.0
373500,0,1,3400,-55,55,37,11,17,0.50,27919.679688,0,2.1,0.064,0.0,0.0,67,0.0,0.0,0.0,1.0
373749,0,1,3400,-54,54,37,13,17,0.71,29888.000000,17,2.1,3.0,0.0,2016.000000,0,0.0,0.0,0.0,1.0
373998,0,1,3400,-55,55,36,15,18,0.50,30661.355469,0,2.1,3.8,0.0,0.0,80,0.0,0.0,0.0,1.0
374247,0,1,3400,-54,54,34,14,18,0.68,43648.000000,0,2.1,7.5,0.0,0.0,0.0,0.0,0.0,0.0,1.0
374496,0,1,3400,-54,54,31,13,18,0.67,75856.570312,7,2.1,7.0,0.0,10007.967773,0,0.0,0.0,0.0,1.0
374745,0,1,3400,-54,54,30,13,18,0.52,59840.000000,0,2.1,8.0,0.0,45824.000000,0,0.0,0.0,0.0,1.0
374994,0,1,3400,-54,54,31,14,18,0.50,63712.000000,0,2.1,8.0,0.0,0.0,0.0,0.0,0.0,0.0,1.0
375243,0,1,3400,-54,54,36,13,18,0.64,54464.000000,0,2.1,8.0,0.0,0.0,0.0,0.0,0.0,0.0,1.0
375492,0,1,3400,-54,54,40,13,18,0.50,59840.000000,0,2.1,11,0.0,12512.000000,36,0.0,0.0,0.0,1.0
375741,0,1,3400,-54,54,47,14,17,0.86,39392.000000,12,2.1,0.0,0.0,0.0,0.0,0.0,0.0,0.0,1.0
375990,0,1,3400,-54,54,40,13,18,0.64,55485.945312,10,2.1,0.0,0.0,0.0,0.0,0.0,0.0,0.0,1.0
376239,0,1,3400,-54,54,36,13,18,0.50,48960.000000,0,2.1,0.0,0.0,0.0,0.0,0.0,0.0,0.0,1.0
376488,0,1,3400,-54,54,36,11,17,0.56,47936.000000,4,2.1,0.0,186,0.0,0.0,0.0,0.0,0.0,1.0
376737,0,1,3400,-54,54,40,13,17,0.51,61258.964844,0,2.1,0.064,0.0,19155.378906,0,0.0,0.0,0.0,1.0
376986,0,1,3400,-55,55,33,13,18,0.55,86629.484375,3,2.1,0.0,0.0,0.0,0.0,0.0,0.0,0.0,1.0
377235,0,1,3400,-54,54,32,12,18,0.64,37864.542969,6,2.1,0.064,0.0,0.0,0.0,0.0,0.0,0.0,1.0
377484,0,1,3400,-56,56,42,9.9,16,0.50,37376.000000,0,2.1,0.0,0.0,11616.000000,10,0.0,0.0,0.0,1.0
377733,0,1,3400,-54,54,40,12,18,0.68,49344.000000,3,2.1,0.0,0.0,13024.000000,75,0.0,0.0,0.0,1.0
377982,0,1,3400,-54,54,35,12,18,0.88,34281.125000,7,2.1,0.0,0.0,11116.465820,0,0.0,0.0,0.0,1.0
378231,0,1,3400,-54,54,33,12,18,0.84,63808.000000,2,2.1,0.0,0.0,0.0,0.0,0.0,0.0,0.0,1.0
378480,0,1,3400,-54,54,40,13,18,0.50,52416.000000,0,2.1,0.0,0.0,18976.000000,14,0.0,0.0,0.0,1.0
378729,0,1,3400,-54,54,35,13,18,0.50,53984.000000,0,2.1,0.0,0.0,5536.000000,0,0.0,0.0,0.0,1.0
378978,0,1,3400,-54,54,38,13,17,0.92,70756.968750,3,2.1,0.0,0.0,0.0,0.0,0.0,0.0,0.0,1.0
379227,0,1,3400,-54,54,43,14,18,0.50,52096.000000,0,2.1,0.0,0.0,0.0,0.0,0.0,0.0,0.0,1.0
379476,0,1,3400,-54,54,36,14,17,0.51,48672.000000,0,2.1,0.34,0.0,10816.000000,0,0.0,0.0,0.0,1.0
379725,0,1,3400,-55,55,33,13,17,0.74,34080.000000,7,2.1,0.48,0.0,6848.000000,0,0.0,0.0,0.0,1.0
379974,0,1,3400,-54,54,40,13,17,0.50,69632.000000,0,2.1,0.0,0.0,0.0,0.0,0.0,0.0,0.0,1.0
380223,0,1,3400,-54,54,30,11,16,0.79,63139.441406,2,2.1,0.0,0.0,0.0,0.0,0.0,0.0,0.0,1.0
380472,0,1,3400,-54,54,33,13,19,0.65,38720.000000,0,2.1,0.0,0.0,8064.000000,27,0.0,0.0,0.0,1.0
380721,0,1,3400,-54,54,39,13,18,0.58,81632.000000,3,2.1,0.0,0.0,0.0,0.0,0.0,0.0,0.0,1.0
380970,0,1,3400,-54,54,38,13,18,0.95,32286.853516,14,2.1,0.0,0.0,0.0,0.0,0.0,0.0,0.0,1.0
381219,0,1,3400,-54,54,34,13,17,0.50,86112.000000,0,2.1,0.0,0.0,0.0,0.0,0.0,0.0,0.0,1.0
381468,0,1,3400,-54,54,45,12,17,0.50,80095.617188,0,2.1,1.7,0.0,0.0,80,0.0,0.0,0.0,1.0
381717,0,1,3400,-54,54,41,11,18,0.53,64224.000000,3,2.1,7.5,0.0,5536.000000,33,0.0,0.0,0.0,1.0
381966,0,1,3400,-54,54,35,13,16,0.72,34859.437500,7,2.1,7.5,0.0,5558.232910,0,0.0,0.0,0.0,1.0
382215,0,1,3400,-55,55,33,11,17,0.52,109760.000000,0,2.1,7.5,0.0,0.0,0.0,0.0,0.0,0.0,1.0
382464,0,1,3400,-54,54,36,14,18,0.70,48224.000000,14,2.1,6.8,0.0,7424.000000,36,0.0,0.0,0.0,1.0
382713,0,1,3400,-55,55,38,11,17,0.58,41625.496094,0,2.1,7.0,0.0,0.0,0.0,0.0,0.0,0.0,1.0
382962,0,1,3400,-54,54,39,13,17,0.50,48832.000000,0,2.1,7.0,0.0,0.0,0.0,0.0,0.0,0.0,1.0
383211,0,1,3400,-55,55,45,13,18,0.60,30825.396484,8,2.1,7.0,0.0,0.0,0.0,0.0,0.0,0.0,1.0
383460,0,1,3400,-54,54,37,14,18,0.95,67424.000000,4,2.1,7.9,0.0,24384.000000,36,0.0,0.0,0.0,1.0
383709,0,1,3400,-54,54,38,13,18,0.50,58016.000000,0,2.1,14,0.0,0.0,0.0,0.0,0.0,0.0,1.0
383958,0,1,3400,-54,54,40,13,18,0.62,58506.023438,0,2.1,14,0.0,0.0,0.0,0.0,0.0,0.0,1.0
384207,0,1,3400,-54,54,39,13,18,0.50,60992.000000,0,2.1,14,0.0,0.0,0.0,0.0,0.0,0.0,1.0
384456,0,1,3400,-54,54,33,12,17,0.65,77152.000000,3,2.1,11,0.0,8000.000000,0,0.0,0.0,0.0,1.0
384705,0,1,3400,-54,54,33,11,19,0.52,62816.000000,0,2.1,3.3,0.0,0.0,80,0.0,0.0,0.0,1.0
384954,0,1,3400,-54,54,36,13,18,0.71,59840.000000,12,2.1,1.5,0.0,5536.000000,60,0.0,0.0,0.0,1.0
385203,0,1,3400,-54,54,34,13,18,0.57,71872.000000,0,2.1,1.2,0.0,3872.000000,60,0.0,0.0,0.0,1.0
385452,0,1,3400,-55,55,37,12,18,0.57,50071.714844,4,2.1,2.3,0.0,12334.661133,0,0.0,0.0,0.0,1.0
385701,0,1,3400,-54,54,35,10,18,0.70,40480.000000,4,2.1,0.0,0.0,0.0,0.0,0.0,0.0,0.0,1.0
385950,0,1,3400,-54,54,44,11,17,0.87,57664.000000,0,2.1,0.0,0.0,0.0,0.0,0.0,0.0,0.0,1.0
386199,0,1,3400,-54,54,37,14,18,0.50,79421.687500,0,2.1,0.0,0.0,0.0,0.0,0.0,0.0,0.0,1.0
386448,0,1,3400,-54,54,32,10,18,0.74,85536.000000,5,2.1,0.0,0.0,8384.000000,0,0.0,0.0,0.0,1.0
386697,0,1,3400,-54,54,30,13,18,1.5,84640.000000,13,2.1,0.0,0.0,7104.000000,0,0.0,0.0,0.0,1.0
386946,0,1,3400,-55,55,31,12,17,0.89,33344.000000,7,2.1,0.0,0.0,5536.000000,33,0.0,0.0,0.0,1.0
387195,0,1,3400,-54,54,31,11,17,1.2,38112.000000,10,2.1,0.0,0.0,0.0,0.0,0.0,0.0,0.0,1.0
387444,0,1,3400,-54,54,37,13,17,0.50,40384.000000,0,2.1,1.7,0.0,10336.000000,57,0.0,0.0,0.0,1.0
387693,0,1,3400,-55,55,25,10.0,17,0.53,22603.173828,9,2.1,0.0,0.0,0.0,0.0,0.0,0.0,0.0,1.0
387942,0,1,3400,-54,54,33,11,17,0.50,53536.000000,0,2.1,0.0,0.0,16608.000000,0,0.0,0.0,0.0,1.0
388191,0,1,3400,-54,54,33,11,18,1.2,36864.000000,2,2.1,0.0,0.0,0.0,0.0,0.0,0.0,0.0,1.0
388440,0,1,3400,-56,56,33,11,17,0.50,40481.925781,0,2.1,0.0,0.0,5558.232910,0,0.0,0.0,0.0,1.0
388689,0,1,3400,-54,54,34,12,18,0.50,27123.505859,0,2.1,0.0,0.0,12334.661133,0,0.0,0.0,0.0,1.0
388938,0,1,3400,-54,54,35,13,17,0.77,56899.597656,10,2.1,0.0,0.0,0.0,0.0,0.0,0.0,0.0,1.0
389187,0,1,3400,-54,54,33,11,17,0.60,55616.000000,4,2.1,0.0,0.0,0.0,0.0,0.0,0.0,0.0,1.0
389436,0,1,3400,-56,56,34,12,17,0.57,38119.523438,4,2.1,1.1,0.0,6884.461914,11,0.0,0.0,0.0,1.0
389685,0,1,3400,-54,54,38,11,17,0.57,59569.722656,3,2.1,0.0,0.0,12047.808594,44,0.0,0.0,0.0,1.0
389934,0,1,3400,-54,54,36,13,18,0.58,54618.472656,5,2.1,0.0,0.0,0.0,0.0,0.0,0.0,0.0,1.0
390183,0,1,3400,-54,54,33,14,18,0.60,33625.496094,8,2.1,0.0,0.0,5513.944336,0,0.0,0.0,0.0,1.0
390432,0,1,3400,-54,54,32,13,17,0.65,54183.265625,0,2.1,1.2,0.0,22820.716797,0,0.0,0.0,0.0,1.0
390681,0,1,3400,-55,55,39,12,16,0.50,48544.000000,0,2.1,7.0,0.0,0.0,0.0,0.0,0.0,0.0,1.0
390930,0,1,3400,-54,54,32,13,17,0.79,66891.562500,4,2.1,9.4,0.0,0.0,80,0.0,0.0,0.0,1.0
391179,0,1,3400,-55,55,30,14,17,1.5,38432.000000,19,2.1,14,0.0,0.0,0.0,0.0,0.0,0.0,1.0
391428,0,1,3400,-54,54,29,13,17,1.0,41625.496094,19,2.1,14,0.0,8956.175781,0,0.0,0.0,0.0,1.0
391677,0,1,3400,-54,54,33,14,17,0.71,51232.000000,11,2.1,0.0,0.0,43360.000000,25,0.0,0.0,0.0,1.0
391926,0,1,3400,-54,54,32,14,17,0.50,58039.839844,0,2.1,0.0,0.0,0.0,0.0,0.0,0.0,0.0,1.0
392175,0,1,3400,-54,54,34,13,17,0.60,34208.000000,7,2.1,0.0,0.0,5536.000000,0,0.0,0.0,0.0,1.0
392424,0,1,3400,-54,54,29,13,18,0.67,56736.000000,5,2.1,0.0,0.0,8768.000000,0,0.0,0.0,0.0,1.0
392673,0,1,3400,-54,54,35,14,18,0.50,53751.003906,0,2.1,5.4,0.0,16546.185547,59,0.0,0.0,0.0,1.0
392922,0,1,3400,-54,54,39,13,18,0.67,59104.000000,12,2.1,3.8,0.0,5536.000000,0,0.0,0.0,0.0,1.0
393171,0,1,3400,-55,55,39,12,18,0.61,81440.000000,0,2.1,0.0,0.0,0.0,0.0,0.0,0.0,0.0,1.0
393420,0,1,3400,-54,54,25,13,17,0.50,91072.000000,0,2.1,0.0,0.0,9536.000000,0,0.0,0.0,0.0,1.0
393669,0,1,3400,-54,54,31,13,17,0.50,22208.000000,0,2.1,0.0,0.0,2720.000000,0,0.0,0.0,0.0,1.0
393918,0,1,3400,-54,54,31,12,17,0.54,36672.000000,4,2.1,0.0,0.0,0.0,0.0,0.0,0.0,0.0,1.0
394167,0,1,3400,-55,55,32,7.1,16,0.50,44490.117188,0,2.1,0.0,0.0,0.0,0.0,0.0,0.0,0.0,1.0
394416,0,1,3400,-54,54,36,13,16,0.50,64509.960938,0,2.1,0.0,0.0,7872.509766,22,0.0,0.0,0.0,1.0
394665,0,1,3400,-54,54,34,13,18,0.71,35424.000000,7,2.1,0.0,0.0,0.0,0.0,0.0,0.0,0.0,1.0
394914,0,1,3400,-54,54,35,13,17,0.68,56768.000000,8,2.1,0.0,0.0,5536.000000,33,0.0,0.0,0.0,1.0
395163,0,1,3400,-54,54,30,13,17,1.00,27200.000000,0,2.1,0.0,0.0,11072.000000,0,0.0,0.0,0.0,1.0
395412,0,1,3400,-54,54,33,13,18,0.51,48704.000000,0,2.1,0.0,0.0,12256.000000,0,0.0,0.0,0.0,1.0
395661,0,1,3400,-54,54,36,13,18,0.53,72288.000000,4,2.1,6.9,0.0,0.0,80,0.0,0.0,0.0,1.0
395910,0,1,3400,-54,54,42,13,17,0.50,43520.000000,0,2.1,5.1,0.0,5536.000000,0,0.0,0.0,0.0,1.0
396159,0,1,3400,-54,54,42,14,18,0.85,63264.000000,9,2.1,0.0,0.0,5536.000000,0,0.0,0.0,0.0,1.0
396408,0,1,3400,-54,54,40,13,18,0.50,65019.921875,0,2.1,0.10,0.0,55521.914062,17,0.0,0.0,0.0,1.0
396657,0,1,3400,-55,55,38,12,18,0.62,41216.000000,6,2.1,0.0,0.0,0.0,0.0,0.0,0.0,0.0,1.0
396906,0,1,3400,-54,54,39,12,17,0.52,67983.937500,3,2.1,0.0,0.0,0.0,0.0,0.0,0.0,0.0,1.0
397155,0,1,3400,-55,55,36,14,17,0.63,54368.000000,5,2.1,0.0,0.0,0.0,0.0,0.0,0.0,0.0,1.0
397404,0,1,3400,-55,55,31,11,18,0.50,66304.000000,0,2.1,1.7,0.0,10336.000000,57,0.0,0.0,0.0,1.0
397653,0,1,3400,-54,54,33,16,18,0.50,48960.000000,0,2.1,0.0,0.0,5536.000000,0,0.0,0.0,0.0,1.0
397902,0,1,3400,-55,55,49,13,17,0.50,36366.535156,0,2.1,0.0,0.0,0.0,0.0,0.0,0.0,0.0,1.0
398151,0,1,3400,-56,56,32,14,17,0.50,60832.000000,0,2.1,0.0,0.0,11072.000000,50,0.0,0.0,0.0,1.0
398400,0,1,3400,-55,55,34,15,17,0.50,15968.127930,0,2.1,0.0,20,0.0,67,0.0,0.0,0.0,1.0
398649,0,1,3400,-54,54,35,11,18,0.81,63392.000000,4,2.1,0.90,0.0,11648.000000,30,0.0,0.0,0.0,1.0
398898,0,1,3400,-54,54,40,14,17,0.52,57976.093750,0,2.1,7.5,0.0,0.0,100.000000,0.0,0.0,0.0,1.0
399147,0,1,3400,-54,54,39,12,16,0.91,44208.835938,5,2.1,7.5,0.0,0.0,0.0,0.0,0.0,0.0,1.0
399396,0,1,3400,-54,54,37,14,18,0.50,43104.000000,0,2.1,6.1,0.0,7968.000000,0,0.0,0.0,0.0,1.0
399645,0,1,3400,-54,54,38,13,18,0.50,69600.000000,0,2.1,6.0,0.0,5536.000000,57,0.0,0.0,0.0,1.0
399894,0,1,3400,-54,54,38,15,19,0.75,55968.000000,6,2.1,0.0,0.0,5536.000000,33,0.0,0.0,0.0,1.0
400143,0,1,3400,-54,54,34,14,18,0.50,48832.000000,0,2.1,0.0,0.0,5536.000000,0,0.0,0.0,0.0,1.0
400392,0,1,3400,-54,54,36,13,17,1.2,31904.000000,19,2.1,0.0,186,0.0,0.0,0.0,0.0,0.0,1.0
400641,0,1,3400,-54,54,40,13,17,0.51,38310.757812,6,2.1,0.0,0.0,8127.490234,29,0.0,0.0,0.0,1.0
400890,0,1,3400,-54,54,39,13,19,0.51,54400.000000,0,2.1,0.0,0.0,0.0,0.0,0.0,0.0,0.0,1.0
401139,0,1,3400,-54,54,33,13,17,0.78,51887.550781,5,2.1,0.0,0.0,0.0,0.0,0.0,0.0,0.0,1.0
401388,0,1,3400,-54,54,34,13,17,0.91,46112.000000,11,2.1,0.0,56,4384.000000,0,0.0,0.0,0.0,1.0
401637,0,1,3400,-54,54,38,12,18,0.50,26656.000000,0,2.1,0.82,0.0,6848.000000,44,0.0,0.0,0.0,1.0
401886,0,1,3400,-54,54,36,13,18,0.66,57120.000000,9,2.1,0.0,0.0,0.0,0.0,0.0,0.0,0.0,1.0
402135,0,1,3400,-54,54,38,14,18,0.56,46944.000000,0,2.1,0.0,0.0,0.0,0.0,0.0,0.0,0.0,1.0
402384,0,1,3400,-57,57,8.9,12,16,0.50,57492.062500,0,2.1,2.4,0.0,114952.382812,60,0.0,0.0,0.0,1.0
402633,0,1,3400,-55,55,31,13,17,0.50,44352.000000,0,2.1,16,0.0,61056.000000,88,0.0,0.0,0.0,1.0
402882,0,1,3400,-54,54,27,9.4,17,0.50,41498.007812,0,2.1,16,0.0,0.0,0.0,0.0,0.0,0.0,1.0
403131,0,1,3400,-55,55,30,13,16,0.50,68079.679688,0,2.1,16,0.0,0.0,0.0,0.0,0.0,0.0,1.0
403380,0,1,3400,-54,54,30,9.8,15,0.53,70788.843750,3,2.1,16,186,0.0,0.0,0.0,0.0,0.0,1.0
403629,0,1,3400,-54,54,38,12,18,0.63,50730.921875,5,2.1,3.8,0.0,8096.385742,33,0.0,0.0,0.0,1.0
403878,0,1,3400,-54,54,34,12,18,0.50,40576.000000,0,2.1,5.1,0.0,11072.000000,0,0.0,0.0,0.0,1.0
404127,0,1,3400,-54,54,38,13,17,0.76,66144.000000,4,2.1,0.0,0.0,5536.000000,0,0.0,0.0,0.0,1.0
404376,0,1,3400,-55,55,42,14,18,0.77,66048.000000,5,2.1,0.0,0.0,12256.000000,0,0.0,0.0,0.0,1.0
404625,0,1,3400,-54,54,39,14,18,0.57,66432.000000,4,2.1,0.064,0.0,0.0,0.0,0.0,0.0,0.0,1.0
404874,0,1,3400,-56,56,26,14,17,0.65,43346.613281,11,2.1,0.0,0.0,0.0,0.0,0.0,0.0,0.0,1.0
405123,0,1,3400,-55,55,36,12,19,0.50,39107.570312,0,2.1,0.30,0.0,0.0,50,0.0,0.0,0.0,1.0
405372,0,1,3400,-55,55,33,9.6,17,0.50,69920.000000,0,2.1,8.5,0.0,9568.000000,38,0.0,0.0,0.0,1.0
405621,0,1,3400,-54,54,41,13,18,0.50,27244.980469,0,2.1,7.1,0.0,16674.699219,0,0.0,0.0,0.0,1.0
405870,0,1,3400,-55,55,49,13,17,0.50,110756.968750,0,2.1,6.5,0.0,0.0,0.0,0.0,0.0,0.0,1.0
406119,0,1,3400,-54,54,29,13,16,1.2,39107.570312,17,2.1,6.5,0.0,0.0,0.0,0.0,0.0,0.0,1.0
406368,0,1,3400,-55,55,33,13,18,0.54,70533.867188,0,2.1,6.5,0.0,4366.533691,0,0.0,0.0,0.0,1.0
406617,0,1,3400,-56,56,39,13,17,0.68,66624.000000,4,2.1,0.62,0.0,6848.000000,50,0.0,0.0,0.0,1.0
406866,0,1,3400,-54,54,32,13,18,0.53,77960.156250,3,2.1,0.0,0.0,0.0,0.0,0.0,0.0,0.0,1.0
407115,0,1,3400,-54,54,31,11,17,0.75,69888.000000,2,2.1,0.0,0.0,0.0,0.0,0.0,0.0,0.0,1.0
407364,0,1,3400,-54,54,30,12,17,0.75,38080.000000,0,2.1,0.0,0.0,5536.000000,0,0.0,0.0,0.0,1.0
407613,0,1,3400,-54,54,40,14,17,0.61,60717.132812,5,2.1,0.0,0.0,22884.462891,14,0.0,0.0,0.0,1.0
407862,0,1,3400,-54,54,35,13,17,0.50,53751.003906,0,2.1,0.0,0.0,0.0,0.0,0.0,0.0,0.0,1.0
408111,0,1,3400,-54,54,35,13,18,0.60,62368.000000,0,2.1,0.0,0.0,0.0,0.0,0.0,0.0,0.0,1.0
408360,0,1,3400,-54,54,34,13,19,0.50,48960.000000,0,2.1,0.0,182,352,33,0.0,0.0,0.0,1.0
408609,0,1,3400,-54,54,34,13,18,0.51,37664.000000,0,2.1,0.0,182,0.0,0.0,0.0,0.0,0.0,1.0
408858,0,1,3400,-54,54,30,10,17,0.50,22310.757812,0,2.1,0.064,0.0,12334.661133,0,0.0,0.0,0.0,1.0
409107,0,1,3400,-54,54,30,13,19,0.50,32320.000000,0,2.1,0.0,0.0,0.0,0.0,0.0,0.0,0.0,1.0
409356,0,1,3400,-56,56,32,13,15,0.60,75015.875000,0,2.1,0.064,0.0,0.0,0.0,0.0,0.0,0.0,1.0
409605,0,1,3400,-54,54,38,10,18,0.50,16320.000000,0,2.1,0.0,0.0,16256.000000,22,0.0,0.0,0.0,1.0
409854,0,1,3400,-54,54,31,10,18,0.53,73856.000000,3,2.1,0.0,0.0,0.0,0.0,0.0,0.0,0.0,1.0
410103,0,1,3400,-55,55,31,14,17,0.50,36240.964844,0,2.1,4.0,0.0,31068.273438,60,0.0,0.0,0.0,1.0
410352,0,1,3400,-54,54,39,15,17,0.58,51776.000000,9,2.1,5.0,0.0,10944.000000,36,0.0,0.0,0.0,1.0
410601,0,1,3400,-54,54,36,13,18,0.50,71488.000000,0,2.1,0.0,0.0,0.0,0.0,0.0,0.0,0.0,1.0
410850,0,1,3400,-54,54,37,12,17,0.77,82272.000000,6,2.1,0.0,0.0,0.0,0.0,0.0,0.0,0.0,1.0
411099,0,1,3400,-55,55,35,13,17,0.50,59424.000000,0,2.1,0.0,0.0,0.0,0.0,0.0,0.0,0.0,1.0
411348,0,1,3400,-54,54,35,13,18,0.92,59296.000000,9,2.1,0.0,0.0,8064.000000,12,0.0,0.0,0.0,1.0
411597,0,1,3400,-54,54,35,9.4,18,0.50,40892.429688,0,2.1,0.0,0.0,11027.888672,43,0.0,0.0,0.0,1.0
411846,0,1,3400,-54,54,34,16,18,0.50,41952.000000,0,2.1,0.0,0.0,0.0,0.0,0.0,0.0,0.0,1.0
412095,0,1,3400,-55,55,27,13,16,0.50,20273.091797,0,2.1,0.0,0.0,5558.232910,0,0.0,0.0,0.0,1.0
412344,0,1,3400,-55,55,31,14,16,0.60,30948.207031,8,2.1,0.46,0.0,17147.410156,10,0.0,0.0,0.0,1.0
412593,0,1,3400,-54,54,30,13,17,0.71,58080.000000,4,2.1,14,0.0,608,67,0.0,0.0,0.0,1.0
412842,0,1,3400,-54,54,32,13,17,0.80,43520.000000,0,2.1,14,0.0,0.0,0.0,0.0,0.0,0.0,1.0
413091,0,1,3400,-57,57,46,13,16,0.56,53545.816406,8,2.1,14,0.0,0.0,0.0,0.0,0.0,0.0,1.0
413340,0,1,3400,-54,54,29,14,17,0.50,37664.000000,0,2.1,15,0.0,0.0,67,0.0,0.0,0.0,1.0
413589,0,1,3400,-55,55,30,13,17,0.56,65600.000000,0,2.1,16,0.0,0.0,83,0.0,0.0,0.0,1.0
413838,0,1,3400,-54,54,38,12,18,0.50,37737.050781,0,2.1,7.5,0.0,0.0,0.0,0.0,0.0,0.0,1.0
414087,0,1,3400,-54,54,38,14,19,0.50,52832.000000,0,2.1,7.5,0.0,5536.000000,0,0.0,0.0,0.0,1.0
414336,0,1,3400,-55,55,43,13,18,0.55,32706.828125,0,2.1,7.5,186,0.0,0.0,0.0,0.0,0.0,1.0
414585,0,1,3400,-54,54,30,13,18,0.50,38080.000000,0,2.1,0.90,0.0,8160.000000,29,0.0,0.0,0.0,1.0
414834,0,1,3400,-54,54,34,13,19,0.50,43520.000000,0,2.1,0.0,0.0,0.0,0.0,0.0,0.0,0.0,1.0
415083,0,1,3400,-54,54,34,12,18,0.57,92608.000000,3,2.1,0.0,0.0,0.0,0.0,0.0,0.0,0.0,1.0
415332,0,1,3400,-54,54,34,11,17,0.50,47104.000000,0,2.1,0.096,0.0,352,0,0.0,0.0,0.0,1.0
415581,0,1,3400,-54,54,32,13,18,0.61,66400.000000,4,2.1,0.0,0.0,54208.000000,0,0.0,0.0,0.0,1.0
415830,0,1,3400,-54,54,37,8.2,18,0.50,42592.000000,0,2.1,0.0,0.0,5536.000000,0,0.0,0.0,0.0,1.0
416079,0,1,3400,-54,54,42,13,17,0.50,69856.000000,0,2.1,0.0,0.0,0.0,0.0,0.0,0.0,0.0,1.0
416328,0,1,3400,-54,54,37,14,17,0.64,55330.675781,5,2.1,0.0,0.0,8031.872559,0,0.0,0.0,0.0,1.0
416577,0,1,3400,-54,54,30,13,19,0.50,32771.085938,0,2.1,0.0,0.0,11116.465820,20,0.0,0.0,0.0,1.0
416826,0,1,3400,-54,54,30,14,19,0.53,55232.000000,5,2.1,0.0,0.0,0.0,0.0,0.0,0.0,0.0,1.0
417075,0,1,3400,-54,54,37,11,18,0.89,55168.000000,5,2.1,0.0,0.0,5536.000000,0,0.0,0.0,0.0,1.0
417324,0,1,3400,-54,54,40,13,17,0.50,21673.306641,0,2.1,0.0,0.0,17848.605469,0,0.0,0.0,0.0,1.0
417573,0,1,3400,-54,54,32,12,18,0.93,50272.000000,5,2.1,0.0,0.0,0.0,0.0,0.0,0.0,0.0,1.0
417822,0,1,3400,-54,54,33,12,17,0.63,79585.656250,2,2.1,0.0,0.0,0.0,0.0,0.0,0.0,0.0,1.0
418071,0,1,3400,-55,55,23,14,16,0.59,71107.570312,4,2.1,0.0,0.0,5513.944336,33,0.0,0.0,0.0,1.0
418320,0,1,3400,-55,55,39,10,17,0.50,44352.000000,0,2.1,0.0,186,0.0,0.0,0.0,0.0,0.0,1.0
418569,0,1,3400,-56,56,36,14,16,0.50,37792.000000,0,2.1,14,0.0,155776.000000,62,0.0,0.0,0.0,1.0
418818,0,1,3400,-54,54,30,13,18,0.96,70720.000000,7,2.1,8.3,0.0,5536.000000,0,0.0,0.0,0.0,1.0
419067,0,1,3400,-54,54,30,13,17,0.53,74208.000000,0,2.1,9.2,0.0,3872.000000,0,0.0,0.0,0.0,1.0
419316,0,1,3400,-54,54,31,13,18,0.54,45696.000000,0,2.1,9.1,0.0,3488.000000,0,0.0,0.0,0.0,1.0
419565,0,1,3400,-55,55,36,13,15,0.56,52015.937500,5,2.1,12,0.0,0.0,78,0.0,0.0,0.0,1.0
419814,0,1,3400,-56,56,45,13,16,0.60,39648.000000,0,2.1,16,0.0,0.0,0.0,0.0,0.0,0.0,1.0
420063,0,1,3400,-54,54,37,14,18,0.50,68462.148438,0,2.1,15,0.0,5513.944336,0,0.0,0.0,0.0,1.0
420312,0,1,3400,-54,54,35,13,17,0.68,40539.683594,6,2.1,7.8,0.0,62857.144531,61,0.0,0.0,0.0,1.0
420561,0,1,3400,-54,54,32,13,18,0.50,64576.000000,0,2.1,0.0,0.0,11072.000000,0,0.0,0.0,0.0,1.0
420810,0,1,3400,-56,56,52,9.3,15,0.51,38432.000000,0,2.1,0.0,0.0,0.0,0.0,0.0,0.0,0.0,1.0
421059,0,1,3400,-56,56,32,13,16,0.52,61896.414062,0,2.1,0.0,0.0,0.0,0.0,0.0,0.0,0.0,1.0
421308,0,1,3400,-54,54,31,9.7,17,1.1,83872.000000,1,2.1,0.0,186,0.0,0.0,0.0,0.0,0.0,1.0
421557,0,1,3400,-54,54,35,15,17,0.71,46342.628906,7,2.1,0.0,0.0,12334.661133,0,0.0,0.0,0.0,1.0
421806,0,1,3400,-55,55,40,14,17,0.50,31809.523438,0,2.1,0.0,0.0,0.0,0.0,0.0,0.0,0.0,1.0
422055,0,1,3400,-54,54,35,12,18,0.50,46368.000000,0,2.1,0.0,0.0,5536.000000,0,0.0,0.0,0.0,1.0
422304,0,1,3400,-54,54,37,13,17,0.85,34560.000000,8,2.1,0.0,0.0,1312.000000,33,0.0,0.0,0.0,1.0
422553,0,1,3400,-54,54,35,13,17,0.70,37673.308594,0,2.1,0.0,0.0,6661.354492,0,0.0,0.0,0.0,1.0
422802,0,1,3400,-54,54,22,13,17,1.1,27309.236328,0,2.1,0.0,0.0,5558.232910,0,0.0,0.0,0.0,1.0
423051,0,1,3400,-54,54,33,12,17,0.72,63968.000000,5,2.1,0.0,0.0,0.0,0.0,0.0,0.0,0.0,1.0
423300,0,1,3400,-54,54,32,12,17,0.63,49568.000000,0,2.1,1.3,0.0,18752.000000,29,0.0,0.0,0.0,1.0
423549,0,1,3400,-54,54,31,13,18,0.84,43264.000000,0,2.1,8.0,0.0,0.0,0.0,0.0,0.0,0.0,1.0
423798,0,1,3400,-54,54,31,13,18,0.60,54400.000000,0,2.1,8.0,0.0,0.0,0.0,0.0,0.0,0.0,1.0
424047,0,1,3400,-54,54,33,16,18,0.50,51264.000000,0,2.1,8.0,0.0,0.0,0.0,0.0,0.0,0.0,1.0
424296,0,1,3400,-56,56,23,14,17,0.50,59665.339844,0,2.1,6.1,0.0,5513.944336,0,0.0,0.0,0.0,1.0
424545,0,1,3400,-54,54,27,10,18,0.50,44480.000000,0,2.1,6.8,0.0,59360.000000,0,0.0,0.0,0.0,1.0
424794,0,1,3400,-54,54,27,14,18,0.58,44800.000000,6,2.1,10,0.0,0.0,80,0.0,0.0,0.0,1.0
425043,0,1,3400,-54,54,30,13,17,0.50,36928.000000,0,2.1,16,0.0,0.0,0.0,0.0,0.0,0.0,1.0
425292,0,1,3400,-54,54,32,11,18,0.50,65216.000000,0,2.1,15,0.0,82400.000000,71,0.0,0.0,0.0,1.0
425541,0,1,3400,-54,54,32,13,17,0.69,65056.000000,3,2.1,16,0.0,0.0,0.0,0.0,0.0,0.0,1.0
425790,0,1,3400,-55,55,26,14,17,0.50,61312.000000,0,2.1,16,0.0,0.0,0.0,0.0,0.0,0.0,1.0
426039,0,1,3400,-54,54,31,15,18,0.50,16127.490234,0,2.1,16,0.0,0.0,0.0,0.0,0.0,0.0,1.0
426288,0,1,3400,-54,54,33,8.9,18,0.91,68992.000000,6,2.1,14,4.0,5536.000000,57,0.0,0.0,0.0,1.0
426537,0,1,3400,-54,54,29,11,16,0.50,20717.130859,0,2.1,0.0,0.0,13258.963867,14,0.0,0.0,0.0,1.0
426786,0,1,3400,-54,54,29,13,18,1.2,35856.574219,12,2.1,0.0,0.0,0.0,0.0,0.0,0.0,0.0,1.0
427035,0,1,3400,-54,54,32,13,19,0.68,78040.164062,3,2.1,0.13,0.0,11116.465820,0,0.0,0.0,0.0,1.0
427284,0,1,3400,-54,54,43,13,18,0.57,25632.000000,0,2.1,0.0,0.0,1312.000000,25,0.0,0.0,0.0,1.0
427533,0,1,3400,-54,54,37,13,18,0.56,55968.000000,5,2.1,0.0,0.0,12288.000000,0,0.0,0.0,0.0,1.0
427782,0,1,3400,-55,55,37,12,17,0.57,51680.000000,5,2.1,0.0,0.0,5536.000000,0,0.0,0.0,0.0,1.0
428031,0,1,3400,-54,54,26,10,18,0.50,29841.269531,0,2.1,0.0,0.0,0.0,0.0,0.0,0.0,0.0,1.0
428280,0,1,3400,-54,54,31,13,17,0.72,46272.000000,10,2.1,0.42,0.0,6720.000000,0,0.0,0.0,0.0,1.0
428529,0,1,3400,-54,54,32,13,18,1.0,28768.000000,8,2.1,12,0.0,4512.000000,67,0.0,0.0,0.0,1.0
428778,0,1,3400,-54,54,35,12,17,0.54,30336.000000,8,2.1,12,0.0,0.0,0.0,0.0,0.0,0.0,1.0
429027,0,1,3400,-54,54,34,14,18,0.98,40672.000000,6,2.1,12,0.0,0.0,0.0,0.0,0.0,0.0,1.0
429276,0,1,3400,-55,55,33,9.8,17,0.51,52320.000000,2,2.1,9.4,0.0,12384.000000,0,0.0,0.0,0.0,1.0
429525,0,1,3400,-54,54,23,12,18,0.50,35682.539062,0,2.1,0.0,0.0,0.0,0.0,0.0,0.0,0.0,1.0
429774,0,1,3400,-55,55,30,11,17,0.50,55107.570312,0,2.1,0.0,0.0,5513.944336,0,0.0,0.0,0.0,1.0
430023,0,1,3400,-55,55,39,13,17,0.56,37864.542969,6,2.1,0.0,0.0,0.0,0.0,0.0,0.0,0.0,1.0
430272,0,1,3400,-54,54,38,12,16,0.91,41856.000000,8,2.1,0.064,186,0.0,71,0.0,0.0,0.0,1.0
430521,0,1,3400,-54,54,36,14,17,0.51,53984.000000,0,2.1,0.064,0.0,13792.000000,10,0.0,0.0,0.0,1.0
430770,0,1,3400,-56,56,28,13,17,0.89,34144.000000,7,2.1,0.0,0.0,0.0,0.0,0.0,0.0,0.0,1.0
431019,0,1,3400,-54,54,35,13,18,0.61,69440.000000,7,2.1,0.0,0.0,5536.000000,50,0.0,0.0,0.0,1.0
431268,0,1,3400,-54,54,34,13,18,0.52,81600.000000,0,2.1,0.0,0.0,13536.000000,10,0.0,0.0,0.0,1.0
431517,0,1,3400,-54,54,32,13,16,0.50,46948.207031,0,2.1,0.0,0.0,0.0,0.0,0.0,0.0,0.0,1.0
431766,0,1,3400,-55,55,41,14,18,0.50,37482.070312,0,2.1,0.0,0.0,5513.944336,0,0.0,0.0,0.0,1.0
432015,0,1,3400,-54,54,37,13,18,0.65,61888.000000,4,2.1,0.0,0.0,5536.000000,0,0.0,0.0,0.0,1.0
432264,0,1,3400,-55,55,33,12,17,0.64,93536.000000,0,2.1,0.41,0.0,7552.000000,29,0.0,0.0,0.0,1.0
432513,0,1,3400,-55,55,35,12,17,0.51,93824.000000,3,2.1,1.1,0.0,7168.000000,69,0.0,0.0,0.0,1.0
432762,0,1,3400,-54,54,29,14,18,0.69,65984.000000,0,2.1,0.0,0.0,0.0,0.0,0.0,0.0,0.0,1.0
433011,0,1,3400,-54,54,29,13,17,0.52,58868.527344,0,2.1,0.0,0.0,0.0,0.0,0.0,0.0,0.0,1.0
433260,0,1,3400,-54,54,35,13,19,0.50,31616.000000,0,2.1,0.82,0.0,9920.000000,42,0.0,0.0,0.0,1.0
433509,0,1,3400,-54,54,32,12,17,0.83,36800.000000,5,2.1,0.0,0.0,6848.000000,0,0.0,0.0,0.0,1.0
433758,0,1,3400,-55,55,23,14,18,0.84,64736.000000,4,2.1,0.0,0.0,11072.000000,43,0.0,0.0,0.0,1.0
434007,0,1,3400,-54,54,39,14,18,0.50,68704.000000,0,2.1,0.0,0.0,0.0,0.0,0.0,0.0,0.0,1.0
434256,0,1,3400,-54,54,39,13,19,0.50,38080.000000,0,2.1,0.0,186,5536.000000,0,0.0,0.0,0.0,1.0
434505,0,1,3400,-56,56,33,13,16,0.50,80796.812500,0,2.1,0.0,0.0,12207.170898,0,0.0,0.0,0.0,1.0
434754,0,1,3400,-54,54,37,16,18,0.53,63424.000000,0,2.1,0.0,0.0,0.0,0.0,0.0,0.0,0.0,1.0
435003,0,1,3400,-54,54,28,13,17,1.3,36096.000000,14,2.1,0.0,0.0,0.0,0.0,0.0,0.0,0.0,1.0
435252,0,1,3400,-54,54,36,13,18,0.60,27200.000000,0,2.1,0.0,186,0.0,0.0,0.0,0.0,0.0,1.0
435501,0,1,3400,-54,54,23,10,17,0.50,29492.064453,0,2.1,0.0,0.0,12158.730469,0,0.0,0.0,0.0,1.0
435750,0,1,3400,-56,56,34,12,16,0.50,31132.529297,0,2.1,0.0,0.0,0.0,0.0,0.0,0.0,0.0,1.0
435999,0,1,3400,-54,54,28,13,17,0.54,52768.000000,0,2.1,0.0,0.0,5536.000000,60,0.0,0.0,0.0,1.0
436248,0,1,3400,-54,54,35,13,16,0.76,56320.000000,0,2.1,0.0,80,224,0,0.0,0.0,0.0,1.0
436497,0,1,3400,-55,55,35,13,17,0.50,65248.000000,0,2.1,4.6,0.0,36512.000000,15,0.0,0.0,0.0,1.0
436746,0,1,3400,-54,54,39,13,18,0.79,44239.042969,6,2.1,0.0,0.0,5513.944336,0,0.0,0.0,0.0,1.0
436995,0,1,3400,-54,54,33,13,17,0.74,50656.000000,7,2.1,0.064,0.0,0.0,0.0,0.0,0.0,0.0,1.0
437244,0,1,3400,-54,54,28,11,18,1.1,49216.000000,8,2.1,0.0,0.0,0.0,0.0,0.0,0.0,0.0,1.0
437493,0,1,3400,-54,54,38,13,17,0.71,42720.000000,6,2.1,0.0,0.0,8064.000000,0,0.0,0.0,0.0,1.0
437742,0,1,3400,-54,54,31,8.8,17,0.85,46624.000000,5,2.1,6.0,0.0,0.0,80,0.0,0.0,0.0,1.0
437991,0,1,3400,-54,54,32,14,18,0.54,71235.062500,3,2.1,2.4,0.0,11027.888672,20,0.0,0.0,0.0,1.0
438240,0,1,3400,-54,54,39,12,17,0.50,37984.000000,0,2.1,0.45,0.0,4384.000000,0,0.0,0.0,0.0,1.0
438489,0,1,3400,-54,54,34,15,18,0.50,63136.000000,0,2.1,14,0.0,6400.000000,0,0.0,0.0,0.0,1.0
438738,0,1,3400,-54,54,33,14,17,0.63,89184.000000,6,2.1,14,0.0,0.0,80,0.0,0.0,0.0,1.0
438987,0,1,3400,-54,54,33,15,18,0.57,56544.000000,5,2.1,14,0.0,0.0,0.0,0.0,0.0,0.0,1.0
439236,0,1,3400,-55,55,36,13,17,0.57,31072.000000,0,2.1,9.3,0.0,5536.000000,0,0.0,0.0,0.0,1.0
439485,0,1,3400,-54,54,32,13,17,0.54,48704.000000,0,2.1,2.6,0.0,12384.000000,0,0.0,0.0,0.0,1.0
439734,0,1,3400,-54,54,32,13,18,0.50,48960.000000,0,2.1,0.0,0.0,0.0,0.0,0.0,0.0,0.0,1.0
439983,0,1,3400,-54,54,36,15,17,0.50,52832.000000,0,2.1,0.0,0.0,5536.000000,0,0.0,0.0,0.0,1.0
440232,0,1,3400,-56,56,46,12,17,0.62,48764.941406,0,2.1,0.82,0.0,9880.478516,45,0.0,0.0,0.0,1.0
440481,0,1,3400,-55,55,34,9.5,17,0.56,57088.000000,4,2.1,0.0,0.0,1312.000000,50,0.0,0.0,0.0,1.0
440730,0,1,3400,-54,54,34,13,18,0.51,59552.000000,0,2.1,0.0,0.0,0.0,0.0,0.0,0.0,0.0,1.0
440979,0,1,3400,-54,54,31,11,18,0.50,66176.000000,0,2.1,0.0,0.0,5536.000000,0,0.0,0.0,0.0,1.0
441228,0,1,3400,-54,54,33,11,18,0.70,58496.000000,11,2.1,0.0,186,0.0,0.0,0.0,0.0,0.0,1.0
441477,0,1,3400,-54,54,36,10,17,0.50,74656.000000,0,2.1,0.0,0.0,8160.000000,17,0.0,0.0,0.0,1.0
441726,0,1,3400,-54,54,33,12,17,0.57,61568.000000,3,2.1,0.0,0.0,5536.000000,0,0.0,0.0,0.0,1.0
441975,0,1,3400,-54,54,39,8.9,18,0.79,51776.000000,4,2.1,0.0,0.0,0.0,0.0,0.0,0.0,0.0,1.0
442224,0,1,3400,-54,54,47,12,17,0.61,45472.000000,4,2.1,0.0,0.0,12384.000000,0,0.0,0.0,0.0,1.0
442473,0,1,3400,-54,54,35,13,18,0.50,54016.000000,0,2.1,0.0,0.0,0.0,0.0,0.0,0.0,0.0,1.0
442722,0,1,3400,-54,54,39,13,18,0.50,58752.000000,0,2.1,0.064,0.0,0.0,0.0,0.0,0.0,0.0,1.0
442971,0,1,3400,-54,54,36,14,18,0.50,69440.000000,0,2.1,0.0,0.0,0.0,0.0,0.0,0.0,0.0,1.0
443220,0,1,3400,-54,54,39,11,18,0.50,28224.000000,0,2.1,0.0,186,5536.000000,40,0.0,0.0,0.0,1.0
443469,0,1,3400,-54,54,38,11,17,0.50,26784.000000,0,2.1,0.0,0.0,24768.000000,8,0.0,0.0,0.0,1.0
443718,0,1,3400,-54,54,30,13,17,0.51,59456.000000,0,2.1,0.064,0.0,5536.000000,0,0.0,0.0,0.0,1.0
443967,0,1,3400,-54,54,33,15,18,0.79,80032.000000,3,2.1,0.0,0.0,5536.000000,0,0.0,0.0,0.0,1.0
444216,0,1,3400,-55,55,32,14,18,0.50,59392.000000,0,2.1,0.0,186,0.0,0.0,0.0,0.0,0.0,1.0
444465,0,1,3400,-54,54,34,13,18,0.54,40256.000000,5,2.1,0.0,0.0,12384.000000,0,0.0,0.0,0.0,1.0
444714,0,1,3400,-54,54,30,13,18,0.68,50528.000000,5,2.1,0.064,0.0,0.0,0.0,0.0,0.0,0.0,1.0
444963,0,1,3400,-54,54,33,13,18,0.61,50080.000000,6,2.1,0.0,0.0,0.0,0.0,0.0,0.0,0.0,1.0
445212,0,1,3400,-54,54,35,13,18,1.8,23744.000000,4,2.1,0.0,0.0,0.0,0.0,0.0,0.0,0.0,1.0
445461,0,1,3400,-54,54,38,13,18,0.56,75744.000000,0,2.1,0.13,0.0,9056.000000,22,0.0,0.0,0.0,1.0
445710,0,1,3400,-54,54,39,12,17,0.58,79616.000000,6,2.1,0.0,0.0,5536.000000,0,0.0,0.0,0.0,1.0
445959,0,1,3400,-54,54,41,9.7,18,0.81,35520.000000,4,2.1,0.0,0.0,5536.000000,0,0.0,0.0,0.0,1.0
446208,0,1,3400,-54,54,41,13,17,0.52,37536.000000,0,2.1,0.0,0.0,8160.000000,0,0.0,0.0,0.0,1.0
446457,0,1,3400,-54,54,38,13,18,0.58,72288.000000,4,2.1,0.0,0.0,0.0,0.0,0.0,0.0,0.0,1.0
446706,0,1,3400,-54,54,34,11,16,0.50,46816.000000,0,2.1,0.0,0.0,0.0,0.0,0.0,0.0,0.0,1.0
446955,0,1,3400,-54,54,32,12,18,0.60,63264.000000,5,2.1,0.13,0.0,0.0,0.0,0.0,0.0,0.0,1.0
447204,0,1,3400,-54,54,35,14,18,0.64,65408.000000,5,2.1,1.6,0.0,12256.000000,36,0.0,0.0,0.0,1.0
447453,0,1,3400,-54,54,41,11,18,0.56,55936.000000,0,2.1,0.0,0.0,0.0,0.0,0.0,0.0,0.0,1.0
447702,0,1,3400,-54,54,37,13,18,0.77,61408.000000,4,2.1,0.0,0.0,0.0,0.0,0.0,0.0,0.0,1.0
447951,0,1,3400,-54,54,32,15,18,0.50,48000.000000,0,2.1,0.0,0.0,0.0,50,0.0,0.0,0.0,1.0
448200,0,1,3400,-54,54,37,14,18,0.50,45824.000000,0,2.1,0.060,0.0,5728.000000,0,0.0,0.0,0.0,1.0
448449,0,1,3400,-54,54,35,13,18,0.50,77312.000000,0,2.1,0.016,0.0,17664.000000,43,0.0,0.0,0.0,1.0
448698,0,1,3400,-56,56,36,13,17,0.50,30031.746094,0,2.1,0.0,0.0,0.0,0.0,0.0,0.0,0.0,1.0
448947,0,1,3400,-54,54,36,7.9,17,0.61,67662.648438,2,2.1,0.0,0.0,0.0,0.0,0.0,0.0,0.0,1.0
449196,0,1,3400,-54,54,32,13,18,0.91,63104.000000,0,2.1,0.0,186,0.0,0.0,0.0,0.0,0.0,1.0
449445,0,1,3400,-54,54,30,12,18,0.60,91840.000000,2,2.1,0.064,0.0,12256.000000,0,0.0,0.0,0.0,1.0
449694,0,1,3400,-55,55,37,11,16,0.74,44430.277344,5,2.1,0.064,0.0,0.0,0.0,0.0,0.0,0.0,1.0
449943,0,1,3400,-54,54,42,11,17,0.89,74528.000000,5,2.1,0.0,0.0,5536.000000,0,0.0,0.0,0.0,1.0
450192,0,1,3400,-55,55,31,12,17,0.95,24000.000000,10,2.1,0.084,0.0,6310.756836,50,0.0,0.0,0.0,1.0
450441,0,1,3400,-54,54,35,13,18,0.50,45568.000000,0,2.1,5.5,0.0,1024.000000,0,0.0,0.0,0.0,1.0
450690,0,1,3400,-54,54,32,13,18,1.1,42336.000000,6,2.1,5.5,0.0,0.0,0.0,0.0,0.0,0.0,1.0
450939,0,1,3400,-54,54,33,13,18,0.84,32640.000000,14,2.1,5.5,0.0,0.0,0.0,0.0,0.0,0.0,1.0
451188,0,1,3400,-54,54,34,13,18,0.50,26964.142578,0,2.1,6.9,0.0,0.0,80,0.0,0.0,0.0,1.0
451437,0,1,3400,-54,54,41,15,18,0.50,25529.880859,0,2.1,12,0.0,0.0,0.0,0.0,0.0,0.0,1.0
451686,0,1,3400,-54,54,31,12,17,1.1,53928.285156,9,2.1,12,0.0,0.0,0.0,0.0,0.0,0.0,1.0
451935,0,1,3400,-54,54,34,11,17,0.52,77344.000000,0,2.1,12,0.0,0.0,0.0,0.0,0.0,0.0,1.0
452184,0,1,3400,-54,54,36,14,17,0.60,83456.000000,7,2.1,11,0.0,42752.000000,17,0.0,0.0,0.0,1.0
452433,0,1,3400,-55,55,26,13,17,0.50,62656.000000,0,2.1,16,0.0,88512.000000,76,0.0,0.0,0.0,1.0
452682,0,1,3400,-55,55,32,13,17,0.50,40127.488281,0,2.1,13,0.0,5513.944336,0,0.0,0.0,0.0,1.0
452931,0,1,3400,-54,54,30,13,18,0.50,43520.000000,0,2.1,8.0,0.0,5536.000000,0,0.0,0.0,0.0,1.0
453180,0,1,3400,-54,54,32,13,18,0.59,59936.000000,5,2.1,7.7,0.0,5888.000000,0,0.0,0.0,0.0,1.0
453429,0,1,3400,-54,54,38,10,17,0.50,66368.000000,0,2.1,7.0,0.0,46048.000000,65,0.0,0.0,0.0,1.0
453678,0,1,3400,-54,54,37,12,18,0.52,48896.000000,0,2.1,7.0,0.0,0.0,0.0,0.0,0.0,0.0,1.0
453927,0,1,3400,-54,54,29,14,17,0.54,60128.000000,5,2.1,4.6,0.0,5536.000000,0,0.0,0.0,0.0,1.0
454176,0,1,3400,-54,54,33,12,17,0.50,54176.000000,0,2.1,3.5,0.0,5536.000000,0,0.0,0.0,0.0,1.0
454425,0,1,3400,-56,56,48,13,17,0.56,40416.000000,6,2.1,1.5,0.0,15104.000000,11,0.0,0.0,0.0,1.0
454674,0,1,3400,-54,54,33,13,18,0.50,43104.000000,0,2.1,0.0,0.0,0.0,0.0,0.0,0.0,0.0,1.0
454923,0,1,3400,-54,54,30,13,18,0.60,54784.000000,5,2.1,0.0,0.0,5536.000000,60,0.0,0.0,0.0,1.0
455172,0,1,3400,-54,54,34,12,18,0.50,43488.000000,0,2.1,0.0,186,0.0,67,0.0,0.0,0.0,1.0
455421,0,1,3400,-54,54,31,14,18,0.50,41529.878906,0,2.1,0.0,0.0,13641.434570,12,0.0,0.0,0.0,1.0
455670,0,1,3400,-54,54,37,13,18,0.50,32256.000000,0,2.1,0.52,0.0,3872.000000,0,0.0,0.0,0.0,1.0
455919,0,1,3400,-54,54,32,13,18,0.50,57824.000000,0,2.1,2.5,0.0,0.0,0.0,0.0,0.0,0.0,1.0
456168,0,1,3400,-56,56,30,14,15,0.50,27648.000000,0,2.1,1.9,0.0,11616.000000,0,0.0,0.0,0.0,1.0
456417,0,1,3400,-54,54,35,6.8,18,0.50,46208.000000,0,2.1,0.0,0.0,5280.000000,0,0.0,0.0,0.0,1.0
456666,0,1,3400,-55,55,42,12,17,0.50,59601.593750,0,2.1,0.0,0.0,0.0,0.0,0.0,0.0,0.0,1.0
456915,0,1,3400,-54,54,43,13,18,0.50,69928.289062,0,2.1,0.0,0.0,0.0,0.0,0.0,0.0,0.0,1.0
457164,0,1,3400,-54,54,29,13,18,0.67,29280.000000,8,2.1,0.0,0.0,0.0,0.0,0.0,0.0,0.0,1.0
457413,0,1,3400,-55,55,30,11,16,0.50,43456.000000,0,2.1,0.82,0.0,10464.000000,36,0.0,0.0,0.0,1.0
457662,0,1,3400,-54,54,33,13,18,1.0,40832.000000,11,2.1,0.0,0.0,5536.000000,0,0.0,0.0,0.0,1.0
457911,0,1,3400,-54,54,33,9.6,17,0.51,91682.539062,0,2.1,0.064,0.0,0.0,80,0.0,0.0,0.0,1.0
458160,0,1,3400,-54,54,36,12,17,0.91,72320.000000,8,2.1,0.0,0.0,1312.000000,25,0.0,0.0,0.0,1.0
458409,0,1,3400,-54,54,37,13,19,1.1,75200.000000,10,2.1,0.0,0.0,6848.000000,0,0.0,0.0,0.0,1.0
458658,0,1,3400,-56,56,27,12,16,0.82,84780.875000,2,2.1,0.0,0.0,0.0,80,0.0,0.0,0.0,1.0
458907,0,1,3400,-54,54,29,11,17,0.50,55968.000000,0,2.1,0.0,0.0,5536.000000,50,0.0,0.0,0.0,1.0
459156,0,1,3400,-55,55,36,7.1,17,0.50,52768.000000,0,2.1,2.0,0.0,23040.000000,55,0.0,0.0,0.0,1.0
459405,0,1,3400,-54,54,35,13,19,0.50,46752.000000,0,2.1,0.0,0.0,16608.000000,25,0.0,0.0,0.0,1.0
459654,0,1,3400,-54,54,26,13,17,1.2,45460.316406,9,2.1,0.064,0.0,0.0,0.0,0.0,0.0,0.0,1.0
459903,0,1,3400,-54,54,28,14,18,0.58,48544.000000,0,2.1,0.0,0.0,0.0,0.0,0.0,0.0,0.0,1.0
460152,0,1,3400,-54,54,33,13,18,0.78,28512.000000,8,2.1,0.0,0.0,0.0,0.0,0.0,0.0,0.0,1.0
460401,0,1,3400,-54,54,36,15,18,0.56,28480.000000,9,2.1,13,0.0,131264.000000,62,0.0,0.0,0.0,1.0
460650,0,1,3400,-54,54,37,13,17,0.63,53472.000000,5,2.1,13,0.0,5536.000000,0,0.0,0.0,0.0,1.0
460899,0,1,3400,-54,54,36,12,17,0.71,67840.000000,7,2.1,1.3,0.0,11072.000000,33,0.0,0.0,0.0,1.0
461148,0,1,3400,-54,54,33,13,17,0.50,59040.000000,0,2.1,0.0,0.0,27456.000000,19,0.0,0.0,0.0,1.0
461397,0,1,3400,-54,54,35,11,17,0.52,57880.476562,0,2.1,0.0,0.0,3984.063721,0,0.0,0.0,0.0,1.0
461646,0,1,3400,-54,54,29,13,18,1.0,57440.000000,5,2.1,0.0,0.0,0.0,0.0,0.0,0.0,0.0,1.0
461895,0,1,3400,-54,54,34,13,18,0.79,45088.000000,6,2.1,0.0,0.0,0.0,0.0,0.0,0.0,0.0,1.0
462144,0,1,3400,-58,58,35,13,14,1.0,50741.035156,13,2.1,0.0,186,4366.533691,0,0.0,0.0,0.0,1.0
462393,0,1,3400,-57,57,29,10,13,0.56,64800.000000,0,2.1,5.5,0.0,24032.000000,50,0.0,0.0,0.0,1.0
462642,0,1,3400,-54,54,32,12,18,0.50,52064.000000,0,2.1,6.0,0.0,0.0,0.0,0.0,0.0,0.0,1.0
462891,0,1,3400,-55,55,29,9.6,17,0.61,56669.324219,7,2.1,6.0,0.0,0.0,0.0,0.0,0.0,0.0,1.0
463140,0,1,3400,-55,55,28,13,17,0.61,56704.000000,0,2.1,6.1,186,0.0,0.0,0.0,0.0,0.0,1.0
463389,0,1,3400,-55,55,37,13,17,0.81,46656.000000,10,2.1,0.53,0.0,8000.000000,12,0.0,0.0,0.0,1.0
463638,0,1,3400,-54,54,36,12,18,0.50,65344.000000,0,2.1,0.0,0.0,0.0,0.0,0.0,0.0,0.0,1.0
463887,0,1,3400,-54,54,35,14,17,0.50,58613.546875,0,2.1,0.0,0.0,0.0,0.0,0.0,0.0,0.0,1.0
464136,0,1,3400,-54,54,34,14,18,0.50,76160.000000,0,2.1,5.4,0.0,10016.000000,57,0.0,0.0,0.0,1.0
464385,0,1,3400,-55,55,24,15,17,0.50,24576.000000,0,2.1,0.064,0.0,0.0,0.0,0.0,0.0,0.0,1.0
464634,0,1,3400,-54,54,45,13,17,0.50,21472.000000,0,2.1,0.0,0.0,0.0,0.0,0.0,0.0,0.0,1.0
464883,0,1,3400,-54,54,35,11,18,0.51,60621.515625,0,2.1,0.0,0.0,11027.888672,33,0.0,0.0,0.0,1.0
465132,0,1,3400,-54,54,36,13,18,0.83,71008.000000,10,2.1,2.7,0.0,8384.000000,44,0.0,0.0,0.0,1.0
465381,0,1,3400,-54,54,39,13,18,0.50,41824.000000,0,2.1,14,0.0,0.0,0.0,0.0,0.0,0.0,1.0
465630,0,1,3400,-54,54,38,14,17,0.61,31296.000000,14,2.1,14,0.0,0.0,0.0,0.0,0.0,0.0,1.0
465879,0,1,3400,-54,54,32,11,17,0.71,61195.218750,0,2.1,14,0.0,0.0,0.0,0.0,0.0,0.0,1.0
466128,0,1,3400,-54,54,35,13,18,0.75,65792.000000,7,2.1,13,0.0,23904.000000,36,0.0,0.0,0.0,1.0
466377,0,1,3400,-54,54,37,12,18,0.50,38592.000000,0,2.1,0.0,0.0,0.0,0.0,0.0,0.0,0.0,1.0
466626,0,1,3400,-54,54,44,9.1,16,0.88,23235.060547,10,2.1,0.0,0.0,5513.944336,57,0.0,0.0,0.0,1.0
466875,0,1,3400,-54,54,35,13,17,0.67,39648.000000,6,2.1,0.0,0.0,11072.000000,0,0.0,0.0,0.0,1.0
467124,0,1,3400,-54,54,36,13,19,0.50,27200.000000,0,2.1,0.0,0.0,12384.000000,0,0.0,0.0,0.0,1.0
467373,0,1,3400,-54,54,34,10,16,0.93,45568.000000,5,2.1,0.064,0.0,0.0,0.0,0.0,0.0,0.0,1.0
467622,0,1,3400,-54,54,36,17,19,0.50,64064.000000,0,2.1,0.0,0.0,0.0,0.0,0.0,0.0,0.0,1.0
467871,0,1,3400,-54,54,38,14,18,1.00,23328.000000,10,2.1,0.0,0.0,11072.000000,0,0.0,0.0,0.0,1.0
468120,0,1,3400,-54,54,36,15,18,1.1,69120.000000,11,2.1,0.064,0.0,12256.000000,0,0.0,0.0,0.0,1.0
468369,0,1,3400,-56,56,37,14,15,1.5,58400.000000,8,2.1,0.0,0.0,5536.000000,0,0.0,0.0,0.0,1.0
468618,0,1,3400,-54,54,32,13,18,1.2,34208.000000,7,2.1,0.0,0.0,0.0,0.0,0.0,0.0,0.0,1.0
468867,0,1,3400,-54,54,36,13,17,0.78,85920.000000,8,2.1,0.0,0.0,5536.000000,0,0.0,0.0,0.0,1.0
469116,0,1,3400,-56,56,35,13,17,0.50,5418.326660,0,2.1,0.0,0.0,0.0,0.0,0.0,0.0,0.0,1.0
469365,0,1,3400,-54,54,33,11,18,0.50,39936.000000,0,2.1,0.0,0.0,8160.000000,38,0.0,0.0,0.0,1.0
469614,0,1,3400,-56,56,51,12,16,0.61,61184.000000,5,2.1,0.0,0.0,0.0,0.0,0.0,0.0,0.0,1.0
469863,0,1,3400,-54,54,38,11,17,0.73,51008.000000,3,2.1,0.0,0.0,0.0,0.0,0.0,0.0,0.0,1.0
470112,0,1,3400,-54,54,37,13,18,1.1,35776.000000,12,2.1,0.0,186,5536.000000,33,0.0,0.0,0.0,1.0
470361,0,1,3400,-54,54,36,11,18,1.0,37376.000000,3,2.1,0.0,0.0,8160.000000,0,0.0,0.0,0.0,1.0
470610,0,1,3400,-54,54,40,15,18,0.51,78080.000000,0,2.1,0.0,0.0,11072.000000,20,0.0,0.0,0.0,1.0
470859,0,1,3400,-54,54,39,12,17,0.50,53696.000000,0,2.1,0.0,0.0,0.0,50,0.0,0.0,0.0,1.0
471108,0,1,3400,-54,54,32,12,16,0.63,46976.000000,5,2.1,0.41,0.0,7552.000000,20,0.0,0.0,0.0,1.0
471357,0,1,3400,-54,54,34,10,18,0.57,41632.000000,4,2.1,1.1,0.0,7168.000000,70,0.0,0.0,0.0,1.0
471606,0,1,3400,-54,54,28,14,18,0.78,45344.000000,3,2.1,0.0,0.0,0.0,0.0,0.0,0.0,0.0,1.0
471855,0,1,3400,-54,54,30,14,17,0.95,71840.000000,11,2.1,0.0,0.0,0.0,0.0,0.0,0.0,0.0,1.0
472104,0,1,3400,-54,54,28,11,18,0.63,32512.000000,0,2.1,1.2,0.0,38368.000000,29,0.0,0.0,0.0,1.0
472353,0,1,3400,-54,54,35,14,18,0.96,75360.000000,4,2.1,6.5,0.0,0.0,0.0,0.0,0.0,0.0,1.0
472602,0,1,3400,-55,55,41,13,17,0.51,44398.406250,0,2.1,6.5,0.0,0.0,0.0,0.0,0.0,0.0,1.0
472851,0,1,3400,-55,55,34,14,17,0.50,42539.683594,0,2.1,6.5,0.0,0.0,0.0,0.0,0.0,0.0,1.0
473100,0,1,3400,-54,54,37,12,18,0.50,65721.117188,0,2.1,6.0,0.0,5513.944336,0,0.0,0.0,0.0,1.0
473349,0,1,3400,-56,56,31,13,17,1.5,28832.000000,7,2.1,0.0,0.0,6976.000000,0,0.0,0.0,0.0,1.0
473598,0,1,3400,-54,54,30,13,18,0.50,47104.000000,0,2.1,0.0,0.0,0.0,0.0,0.0,0.0,0.0,1.0
473847,0,1,3400,-54,54,36,10,18,0.51,67488.000000,0,2.1,0.0,0.0,0.0,0.0,0.0,0.0,0.0,1.0
474096,0,1,3400,-56,56,37,12,16,0.50,33120.000000,0,2.1,0.0,0.0,0.0,0.0,0.0,0.0,0.0,1.0
474345,0,1,3400,-54,54,38,12,18,0.56,62752.000000,3,2.1,0.0,0.0,8160.000000,0,0.0,0.0,0.0,1.0
474594,0,1,3400,-55,55,34,14,18,0.78,55840.000000,5,2.1,0.0,0.0,0.0,0.0,0.0,0.0,0.0,1.0
474843,0,1,3400,-54,54,38,13,18,0.53,63712.000000,0,2.1,0.0,0.0,0.0,0.0,0.0,0.0,0.0,1.0
475092,0,1,3400,-54,54,34,14,17,0.50,53984.000000,0,2.1,2.8,0.0,128064.000000,61,0.0,0.0,0.0,1.0
475341,0,1,3400,-54,54,32,14,17,0.60,82804.781250,4,2.1,0.13,0.0,92749.007812,60,0.0,0.0,0.0,1.0
475590,0,1,3400,-54,54,32,13,18,1.4,26464.000000,21,2.1,0.0,0.0,0.0,0.0,0.0,0.0,0.0,1.0
475839,0,1,3400,-54,54,33,13,18,1.1,69248.000000,10,2.1,0.0,0.0,0.0,0.0,0.0,0.0,0.0,1.0
476088,0,1,3400,-54,54,30,13,17,0.56,49792.000000,7,2.1,0.0,0.0,11520.000000,0,0.0,0.0,0.0,1.0
476337,0,1,3400,-54,54,38,12,17,0.50,57784.859375,0,2.1,0.0,0.0,5513.944336,0,0.0,0.0,0.0,1.0
476586,0,1,3400,-54,54,47,11,18,0.88,50432.000000,2,2.1,0.0,0.0,0.0,0.0,0.0,0.0,0.0,1.0
476835,0,1,3400,-54,54,34,11,18,0.57,37504.000000,6,2.1,0.0,0.0,5536.000000,50,0.0,0.0,0.0,1.0
477084,0,1,3400,-54,54,36,12,18,0.54,27200.000000,0,2.1,2.7,0.0,195584.000000,53,0.0,0.0,0.0,1.0
477333,0,1,3400,-55,55,36,14,17,0.50,44800.000000,0,2.1,9.9,0.0,5536.000000,0,0.0,0.0,0.0,1.0
477582,0,1,3400,-54,54,38,13,18,0.50,32509.960938,0,2.1,8.0,0.0,5513.944336,0,0.0,0.0,0.0,1.0
477831,0,1,3400,-56,56,38,11,16,0.50,40512.000000,0,2.1,8.0,0.0,0.0,0.0,0.0,0.0,0.0,1.0
478080,0,1,3400,-54,54,40,13,17,0.63,22912.000000,11,2.1,8.0,0.0,0.0,0.0,0.0,0.0,0.0,1.0
478329,0,1,3400,-54,54,38,14,17,0.91,81056.000000,4,2.1,2.0,0.0,23328.000000,0,0.0,0.0,0.0,1.0
478578,0,1,3400,-56,56,39,14,16,0.50,86400.000000,0,2.1,0.0,0.0,5536.000000,0,0.0,0.0,0.0,1.0
478827,0,1,3400,-54,54,37,12,17,0.51,71584.000000,2,2.1,0.0,0.0,0.0,0.0,0.0,0.0,0.0,1.0
479076,0,1,3400,-57,57,18,9.4,16,0.53,59442.230469,0,2.1,0.0,182,351,33,0.0,0.0,0.0,1.0
479325,0,1,3400,-54,54,29,13,18,0.81,28352.000000,9,2.1,13,0.0,43744.000000,19,0.0,0.0,0.0,1.0
479574,0,1,3400,-56,56,52,13,16,0.50,21760.000000,0,2.1,14,0.0,0.0,0.0,0.0,0.0,0.0,1.0
479823,0,1,3400,-54,54,33,13,17,0.50,68876.492188,0,2.1,14,0.0,0.0,0.0,0.0,0.0,0.0,1.0
480072,0,1,3400,-54,54,37,14,18,0.58,23040.000000,11,2.1,14,0.0,0.0,0.0,0.0,0.0,0.0,1.0
480321,0,1,3400,-54,54,40,13,18,0.57,74454.179688,0,2.1,11,0.0,0.0,80,0.0,0.0,0.0,1.0
480570,0,1,3400,-56,56,17,10,16,0.61,40608.000000,4,2.1,7.5,0.0,0.0,0.0,0.0,0.0,0.0,1.0
480819,0,1,3400,-55,55,37,14,17,0.50,42848.000000,0,2.1,7.2,0.0,5536.000000,0,0.0,0.0,0.0,1.0
481068,0,1,3400,-54,54,35,13,18,0.50,21632.000000,0,2.1,0.0,0.0,0.0,0.0,0.0,0.0,0.0,1.0
481317,0,1,3400,-54,54,36,13,19,0.50,32640.000000,0,2.1,0.0,0.0,12256.000000,0,0.0,0.0,0.0,1.0
481566,0,1,3400,-54,54,36,13,18,0.50,16320.000000,0,2.1,0.0,0.0,5536.000000,0,0.0,0.0,0.0,1.0
481815,0,1,3400,-55,55,30,9.4,16,0.84,38055.777344,4,2.1,0.0,0.0,5513.944336,0,0.0,0.0,0.0,1.0
482064,0,1,3400,-54,54,38,12,18,0.50,54464.000000,0,2.1,1.6,0.0,4608.000000,44,0.0,0.0,0.0,1.0
482313,0,1,3400,-54,54,37,14,18,0.63,57120.000000,9,2.1,8.5,0.0,0.0,0.0,0.0,0.0,0.0,1.0
482562,0,1,3400,-54,54,36,14,18,0.66,72096.000000,9,2.1,8.4,0.0,5536.000000,0,0.0,0.0,0.0,1.0
482811,0,1,3400,-56,56,38,12,16,0.57,59936.000000,4,2.1,8.0,0.0,0.0,0.0,0.0,0.0,0.0,1.0
483060,0,1,3400,-54,54,34,13,18,1.2,39648.000000,6,2.1,8.0,186,5664.000000,20,0.0,0.0,0.0,1.0
483309,0,1,3400,-54,54,32,13,17,0.50,45568.000000,0,2.1,8.0,186,0.0,0.0,0.0,0.0,0.0,1.0
483558,0,1,3400,-54,54,34,13,18,1.1,39872.000000,15,2.1,1.7,0.0,12384.000000,0,0.0,0.0,0.0,1.0
483807,0,1,3400,-54,54,40,13,18,0.52,59232.000000,0,2.1,0.0,0.0,5536.000000,0,0.0,0.0,0.0,1.0
484056,0,1,3400,-54,54,38,13,18,0.50,48672.000000,0,2.1,0.0,0.0,17664.000000,0,0.0,0.0,0.0,1.0
484305,0,1,3400,-54,54,34,13,18,0.50,25529.880859,0,2.1,0.0,0.0,0.0,0.0,0.0,0.0,0.0,1.0
484554,0,1,3400,-54,54,36,13,17,0.66,56860.558594,0,2.1,0.064,0.0,0.0,0.0,0.0,0.0,0.0,1.0
484803,0,1,3400,-54,54,39,17,18,0.50,61888.000000,0,2.1,0.064,0.0,0.0,0.0,0.0,0.0,0.0,1.0
485052,0,1,3400,-54,54,41,14,18,0.56,53600.000000,0,2.1,2.1,0.0,21120.000000,38,0.0,0.0,0.0,1.0
485301,0,1,3400,-55,55,34,12,17,0.58,38464.000000,0,2.1,10,0.0,0.0,0.0,0.0,0.0,0.0,1.0
485550,0,1,3400,-54,54,32,13,17,0.70,61896.414062,8,2.1,10,0.0,0.0,0.0,0.0,0.0,0.0,1.0
485799,0,1,3400,-54,54,34,13,17,0.74,58720.000000,12,2.1,10,0.0,0.0,0.0,0.0,0.0,0.0,1.0
486048,0,1,3400,-54,54,32,13,17,0.77,60576.000000,5,2.1,8.8,0.0,5696.000000,45,0.0,0.0,0.0,1.0
486297,0,1,3400,-54,54,33,13,18,0.53,54400.000000,0,2.1,0.0,0.0,5536.000000,0,0.0,0.0,0.0,1.0
486546,0,1,3400,-54,54,39,12,18,0.50,56160.000000,0,2.1,0.0,0.0,0.0,0.0,0.0,0.0,0.0,1.0
486795,0,1,3400,-55,55,34,11,17,0.56,76557.765625,2,2.1,0.0,0.0,0.0,0.0,0.0,0.0,0.0,1.0
487044,0,1,3400,-54,54,31,11,17,0.51,47392.000000,3,2.1,0.064,186,0.0,67,0.0,0.0,0.0,1.0
487293,0,1,3400,-54,54,31,12,18,0.84,46528.000000,10,2.1,0.064,0.0,4704.000000,38,0.0,0.0,0.0,1.0
487542,0,1,3400,-54,54,40,13,18,0.58,75040.000000,6,2.1,2.3,0.0,0.0,80,0.0,0.0,0.0,1.0
487791,0,1,3400,-54,54,39,15,17,1.1,28864.000000,9,2.1,7.5,0.0,11072.000000,0,0.0,0.0,0.0,1.0
488040,0,1,3400,-55,55,23,13,17,0.74,53163.347656,9,2.1,7.8,0.0,12589.641602,31,0.0,0.0,0.0,1.0
488289,0,1,3400,-55,55,22,9.7,17,0.54,52876.492188,3,2.1,0.0,0.0,11027.888672,0,0.0,0.0,0.0,1.0
488538,0,1,3400,-54,54,33,11,17,0.50,62112.000000,0,2.1,0.0,0.0,11072.000000,0,0.0,0.0,0.0,1.0
488787,0,1,3400,-56,56,31,13,16,0.50,16064.000000,0,2.1,0.0,0.0,0.0,0.0,0.0,0.0,0.0,1.0
489036,0,1,3400,-54,54,29,13,18,0.50,54400.000000,0,2.1,0.064,0.0,27840.000000,7,0.0,0.0,0.0,1.0
489285,0,1,3400,-54,54,26,14,18,0.57,44224.000000,7,2.1,0.0,0.0,0.0,0.0,0.0,0.0,0.0,1.0
489534,0,1,3400,-54,54,25,11,17,0.50,63075.695312,0,2.1,0.0,0.0,0.0,0.0,0.0,0.0,0.0,1.0
489783,0,1,3400,-55,55,33,11,16,1.0,48573.707031,12,2.1,2.7,0.0,0.0,80,0.0,0.0,0.0,1.0
490032,0,1,3400,-54,54,36,11,18,0.50,25728.000000,0,2.1,7.5,186,0.0,0.0,0.0,0.0,0.0,1.0
490281,0,1,3400,-54,54,34,12,17,0.54,88000.000000,0,2.1,0.60,0.0,13664.000000,0,0.0,0.0,0.0,1.0
490530,0,1,3400,-55,55,36,13,17,0.72,34080.000000,7,2.1,0.0,0.0,0.0,0.0,0.0,0.0,0.0,1.0
490779,0,1,3400,-54,54,36,13,18,0.81,30432.000000,13,2.1,0.0,0.0,0.0,0.0,0.0,0.0,0.0,1.0
491028,0,1,3400,-54,54,35,12,18,0.50,50528.000000,0,2.1,0.0,0.0,8256.000000,0,0.0,0.0,0.0,1.0
491277,0,1,3400,-54,54,33,13,18,0.51,54272.000000,0,2.1,0.0,0.0,0.0,0.0,0.0,0.0,0.0,1.0
491526,0,1,3400,-54,54,27,13,17,0.84,76064.000000,6,2.1,0.0,0.0,0.0,0.0,0.0,0.0,0.0,1.0
491775,0,1,3400,-54,54,24,12,18,0.70,99232.000000,2,2.1,0.0,0.0,0.0,0.0,0.0,0.0,0.0,1.0
492024,0,1,3400,-56,56,31,12,17,0.61,38119.523438,0,2.1,0.0,186,0.0,0.0,0.0,0.0,0.0,1.0
492273,0,1,3400,-55,55,31,11,18,0.51,55744.000000,4,2.1,1.2,0.0,14624.000000,42,0.0,0.0,0.0,1.0
492522,0,1,3400,-54,54,33,13,18,0.50,36512.000000,0,2.1,0.0,0.0,0.0,0.0,0.0,0.0,0.0,1.0
492771,0,1,3400,-54,54,37,14,16,0.79,61227.089844,8,2.1,0.0,0.0,0.0,0.0,0.0,0.0,0.0,1.0
493020,0,1,3400,-55,55,24,13,17,0.51,34496.000000,0,2.1,0.0,20,0.0,67,0.0,0.0,0.0,1.0
493269,0,1,3400,-55,55,28,13,18,0.70,87712.000000,3,2.1,0.0,0.0,8160.000000,0,0.0,0.0,0.0,1.0
493518,0,1,3400,-54,54,31,12,18,0.50,43392.000000,0,2.1,0.0,0.0,5536.000000,0,0.0,0.0,0.0,1.0
493767,0,1,3400,-54,54,33,11,19,0.52,41088.000000,5,2.1,0.0,0.0,0.0,0.0,0.0,0.0,0.0,1.0
494016,0,1,3400,-54,54,34,11,18,0.64,60448.000000,2,2.1,0.0,0.0,12128.000000,0,0.0,0.0,0.0,1.0
494265,0,1,3400,-54,54,31,12,18,0.50,74144.000000,0,2.1,0.0,0.0,0.0,0.0,0.0,0.0,0.0,1.0
494514,0,1,3400,-57,57,23,11,16,0.50,51424.000000,0,2.1,0.0,0.0,0.0,0.0,0.0,0.0,0.0,1.0
494763,0,1,3400,-54,54,34,13,18,0.50,91456.000000,0,2.1,0.0,0.0,0.0,0.0,0.0,0.0,0.0,1.0
495012,0,1,3400,-54,54,34,13,18,0.50,34912.000000,0,2.1,0.82,0.0,4384.000000,55,0.0,0.0,0.0,1.0
495261,0,1,3400,-56,56,36,14,17,0.59,72352.000000,0,2.1,0.0,0.0,6848.000000,0,0.0,0.0,0.0,1.0
495510,0,1,3400,-54,54,34,12,18,0.50,60192.000000,0,2.1,0.0,0.0,0.0,0.0,0.0,0.0,0.0,1.0
495759,0,1,3400,-54,54,34,13,18,0.50,48764.941406,0,2.1,0.0,0.0,0.0,0.0,0.0,0.0,0.0,1.0
496008,0,1,3400,-55,55,29,13,18,0.72,38080.000000,0,2.1,0.0,186,0.0,0.0,0.0,0.0,0.0,1.0
496257,0,1,3400,-55,55,37,13,16,0.95,58496.000000,9,2.1,8.9,0.0,7072.000000,56,0.0,0.0,0.0,1.0
496506,0,1,3400,-55,55,28,13,17,0.50,57888.000000,0,2.1,10,0.0,0.0,0.0,0.0,0.0,0.0,1.0
496755,0,1,3400,-54,54,24,12,17,0.84,51200.000000,10,2.1,10,0.0,0.0,0.0,0.0,0.0,0.0,1.0
497004,0,1,3400,-56,56,38,12,16,0.50,59264.000000,0,2.1,8.3,0.0,12256.000000,0,0.0,0.0,0.0,1.0
497253,0,1,3400,-54,54,34,13,17,0.51,36812.750000,4,2.1,0.0,0.0,0.0,0.0,0.0,0.0,0.0,1.0
497502,0,1,3400,-54,54,36,13,19,0.50,43520.000000,0,2.1,0.0,0.0,5536.000000,0,0.0,0.0,0.0,1.0
497751,0,1,3400,-54,54,38,9.3,17,0.50,77408.000000,0,2.1,0.0,0.0,0.0,0.0,0.0,0.0,0.0,1.0
498000,0,1,3400,-54,54,33,13,18,0.51,54400.000000,0,2.1,0.41,0.0,2016.000000,25,0.0,0.0,0.0,1.0
498249,0,1,3400,-54,54,33,12,18,0.51,40608.000000,6,2.1,1.1,0.0,12384.000000,50,0.0,0.0,0.0,1.0
498498,0,1,3400,-54,54,37,12,18,0.82,81568.000000,5,2.1,0.0,0.0,0.0,0.0,0.0,0.0,0.0,1.0
498747,0,1,3400,-54,54,29,13,17,0.69,34176.000000,7,2.1,0.0,0.0,0.0,0.0,0.0,0.0,0.0,1.0
498996,0,1,3400,-54,54,32,14,18,0.52,80608.000000,0,2.1,2.7,0.0,175360.000000,62,0.0,0.0,0.0,1.0
499245,0,1,3400,-55,55,37,13,17,0.52,37418.328125,0,2.1,16,0.0,0.0,0.0,0.0,0.0,0.0,1.0
499494,0,1,3400,-55,55,35,14,17,0.58,58486.054688,4,2.1,16,0.0,0.0,0.0,0.0,0.0,0.0,1.0
499743,0,1,3400,-54,54,41,13,17,0.54,34080.000000,7,2.1,9.3,0.0,5536.000000,33,0.0,0.0,0.0,1.0
499992,0,1,3400,-54,54,36,13,18,0.50,38080.000000,0,2.1,7.4,0.0,10560.000000,0,0.0,0.0,0.0,1.0
500241,0,1,3400,-54,54,30,11,18,0.50,28768.000000,0,2.1,0.0,0.0,7104.000000,0,0.0,0.0,0.0,1.0
500490,0,1,3400,-54,54,31,12,18,0.50,42848.000000,0,2.1,0.0,0.0,5536.000000,0,0.0,0.0,0.0,1.0
500739,0,1,3400,-54,54,33,12,18,0.50,27027.888672,0,2.1,0.0,0.0,0.0,0.0,0.0,0.0,0.0,1.0
500988,0,1,3400,-55,55,31,13,17,0.70,70976.000000,4,2.1,0.048,0.0,4384.000000,0,0.0,0.0,0.0,1.0
501237,0,1,3400,-54,54,32,9.2,18,0.70,37664.000000,8,2.1,0.024,0.0,23072.000000,0,0.0,0.0,0.0,1.0
501486,0,1,3400,-55,55,32,13,17,0.50,73152.000000,0,2.1,0.0,0.0,0.0,0.0,0.0,0.0,0.0,1.0
501735,0,1,3400,-54,54,37,13,18,0.50,37928.285156,0,2.1,0.0,0.0,0.0,0.0,0.0,0.0,0.0,1.0
501984,0,1,3400,-54,54,30,12,18,0.50,45088.000000,0,2.1,0.0,186,0.0,0.0,0.0,0.0,0.0,1.0
502233,0,1,3400,-54,54,32,14,18,0.50,42688.000000,0,2.1,5.8,0.0,47296.000000,17,0.0,0.0,0.0,1.0
502482,0,1,3400,-54,54,34,14,19,0.50,64608.000000,0,2.1,6.5,0.0,11072.000000,0,0.0,0.0,0.0,1.0
502731,0,1,3400,-54,54,33,11,17,0.50,61344.000000,0,2.1,6.5,0.0,11072.000000,20,0.0,0.0,0.0,1.0
502980,0,1,3400,-54,54,41,13,18,0.54,62528.000000,0,2.1,6.0,20,0.0,67,0.0,0.0,0.0,1.0
503229,0,1,3400,-55,55,38,13,17,0.70,64128.000000,0,2.1,0.064,0.0,8000.000000,0,0.0,0.0,0.0,1.0
503478,0,1,3400,-54,54,32,13,17,0.82,54980.078125,4,2.1,0.13,0.0,0.0,0.0,0.0,0.0,0.0,1.0
503727,0,1,3400,-54,54,28,13,17,0.58,23328.000000,10,2.1,0.0,0.0,0.0,0.0,0.0,0.0,0.0,1.0
503976,0,1,3400,-54,54,29,13,19,0.50,48704.000000,0,2.1,1.4,0.0,47296.000000,17,0.0,0.0,0.0,1.0
504225,0,1,3400,-54,54,33,11,18,0.50,63616.000000,0,2.1,6.5,0.0,0.0,0.0,0.0,0.0,0.0,1.0
504474,0,1,3400,-54,54,36,13,18,0.54,86912.000000,0,2.1,6.6,0.0,0.0,0.0,0.0,0.0,0.0,1.0
504723,0,1,3400,-55,55,35,13,17,0.50,53984.000000,0,2.1,6.5,0.0,0.0,0.0,0.0,0.0,0.0,1.0
504972,0,1,3400,-54,54,34,14,18,0.61,43968.000000,12,2.1,6.3,0.0,0.0,40,0.0,0.0,0.0,1.0
505221,0,1,3400,-55,55,30,18,17,0.50,5440.000000,0,2.1,6.5,0.0,10912.000000,67,0.0,0.0,0.0,1.0
505470,0,1,3400,-56,56,26,15,17,0.93,70756.968750,10,2.1,12,0.0,0.0,80,0.0,0.0,0.0,1.0
505719,0,1,3400,-54,54,31,13,18,0.50,21376.000000,0,2.1,14,0.0,0.0,0.0,0.0,0.0,0.0,1.0
505968,0,1,3400,-55,55,44,14,17,0.56,66304.000000,4,2.1,11,0.0,10208.000000,25,0.0,0.0,0.0,1.0
506217,0,1,3400,-54,54,38,14,18,0.53,49408.000000,0,2.1,1.1,0.0,17024.000000,33,0.0,0.0,0.0,1.0
506466,0,1,3400,-54,54,29,13,19,0.72,82240.000000,3,2.1,0.0,0.0,5536.000000,0,0.0,0.0,0.0,1.0
506715,0,1,3400,-54,54,27,9.8,18,0.50,61216.000000,0,2.1,0.0,0.0,0.0,0.0,0.0,0.0,0.0,1.0
506964,0,1,3400,-56,56,40,13,16,0.50,65504.000000,0,2.1,0.0,0.0,0.0,0.0,0.0,0.0,0.0,1.0
507213,0,1,3400,-54,54,33,13,19,0.50,55712.000000,0,2.1,0.0,0.0,12160.000000,12,0.0,0.0,0.0,1.0
507462,0,1,3400,-55,55,31,13,17,0.52,79392.000000,0,2.1,0.0,0.0,5536.000000,50,0.0,0.0,0.0,1.0
507711,0,1,3400,-54,54,32,13,18,0.50,48544.000000,0,2.1,0.0,0.0,0.0,0.0,0.0,0.0,0.0,1.0
507960,0,1,3400,-56,56,27,11,16,0.55,55744.000000,0,2.1,0.0,0.0,2624.000000,0,0.0,0.0,0.0,1.0
508209,0,1,3400,-55,55,26,8.8,17,0.50,37504.000000,0,2.1,0.0,0.0,8000.000000,0,0.0,0.0,0.0,1.0
508458,0,1,3400,-54,54,31,12,18,0.69,64512.000000,0,2.1,0.0,0.0,0.0,0.0,0.0,0.0,0.0,1.0
508707,0,1,3400,-54,54,32,13,19,0.50,27200.000000,0,2.1,0.0,0.0,0.0,0.0,0.0,0.0,0.0,1.0
508956,0,1,3400,-54,54,35,11,17,0.63,65600.000000,2,2.1,0.0,0.0,0.0,0.0,0.0,0.0,0.0,1.0
509205,0,1,3400,-54,54,31,13,18,1.2,44352.000000,18,2.1,5.6,0.0,0.0,80,0.0,0.0,0.0,1.0
509454,0,1,3400,-54,54,44,12,19,0.50,57274.902344,0,2.1,7.5,0.0,0.0,0.0,0.0,0.0,0.0,1.0
509703,0,1,3400,-54,54,36,7.4,18,0.50,37984.000000,0,2.1,7.5,0.0,0.0,0.0,0.0,0.0,0.0,1.0
509952,0,1,3400,-54,54,34,11,18,0.50,50016.000000,0,2.1,8.8,0.0,79392.000000,29,0.0,0.0,0.0,1.0
510201,0,1,3400,-54,54,21,11,18,0.58,107200.000000,1,2.1,16,0.0,0.0,0.0,0.0,0.0,0.0,1.0
510450,0,1,3400,-56,56,44,14,16,0.60,40509.960938,7,2.1,13,0.0,11027.888672,0,0.0,0.0,0.0,1.0
510699,0,1,3400,-54,54,32,12,18,0.93,60800.000000,3,2.1,8.0,0.0,11072.000000,0,0.0,0.0,0.0,1.0
510948,0,1,3400,-54,54,34,12,17,1.0,35584.000000,11,2.1,7.9,0.0,49088.000000,22,0.0,0.0,0.0,1.0
511197,0,1,3400,-54,54,34,13,18,0.50,22208.000000,0,2.1,14,0.0,0.0,100.000000,0.0,0.0,0.0,1.0
511446,0,1,3400,-54,54,30,12,17,0.52,53408.000000,0,2.1,14,0.0,0.0,0.0,0.0,0.0,0.0,1.0
511695,0,1,3400,-55,55,29,13,16,0.50,86528.000000,0,2.1,14,0.0,0.0,0.0,0.0,0.0,0.0,1.0
511944,0,1,3400,-54,54,27,15,18,0.51,53280.000000,0,2.1,14,186,0.0,0.0,0.0,0.0,0.0,1.0
512193,0,1,3400,-54,54,33,13,18,0.52,38080.000000,0,2.1,1.4,0.0,17920.000000,0,0.0,0.0,0.0,1.0
512442,0,1,3400,-56,56,26,15,16,0.50,25632.000000,0,2.1,0.0,0.0,0.0,0.0,0.0,0.0,0.0,1.0
512691,0,1,3400,-54,54,41,14,17,1.1,32640.000000,20,2.1,0.0,0.0,0.0,0.0,0.0,0.0,0.0,1.0
512940,0,1,3400,-54,54,37,13,18,0.50,59840.000000,0,2.1,0.82,0.0,11232.000000,36,0.0,0.0,0.0,1.0
513189,0,1,3400,-54,54,31,13,18,0.75,30176.000000,8,2.1,0.0,0.0,0.0,0.0,0.0,0.0,0.0,1.0
513438,0,1,3400,-54,54,38,11,17,1.3,40032.000000,4,2.1,0.0,0.0,0.0,0.0,0.0,0.0,0.0,1.0
513687,0,1,3400,-54,54,37,13,19,2.2,0.0,0.0,2.1,0.0,0.0,0.0,0.0,0.0,0.0,0.0,1.0
513936,0,1,3400,-54,54,32,13,18,2.2,0.0,0.0,2.1,0.0,0.0,0.0,0.0,0.0,0.0,0.0,1.0
514185,0,1,3400,-54,54,30,13,18,2.2,0.0,0.0,2.1,0.0,0.0,16608.000000,0,0.0,0.0,0.0,1.0
514434,0,1,3400,-54,54,32,13,18,2.2,0.0,0.0,2.1,0.0,0.0,0.0,0.0,0.0,0.0,0.0,1.0
514683,0,1,3400,-54,54,28,13,18,2.2,0.0,0.0,2.1,0.0,0.0,0.0,0.0,0.0,0.0,0.0,1.0
514932,0,1,3400,-54,54,27,13,19,2.2,0.0,0.0,2.1,0.0,0.0,0.0,0.0,0.0,0.0,0.0,1.0
515181,0,1,3400,-54,54,32,13,19,2.2,0.0,0.0,2.1,0.0,0.0,0.0,0.0,0.0,0.0,0.0,1.0
515430,0,1,3400,-54,54,34,13,19,2.2,0.0,0.0,2.1,0.0,0.0,0.0,0.0,0.0,0.0,0.0,1.0
515679,0,1,3400,-54,54,33,13,19,2.2,0.0,0.0,2.1,0.0,0.0,0.0,0.0,0.0,0.0,0.0,1.0
515928,0,1,3400,-54,54,34,13,19,2.2,0.0,0.0,2.1,0.0,0.0,0.0,0.0,0.0,0.0,0.0,1.0
516177,0,1,3400,-54,54,34,13,18,2.2,0.0,0.0,2.1,0.0,0.0,0.0,0.0,0.0,0.0,0.0,1.0
516426,0,1,3400,-54,54,34,13,19,2.2,0.0,0.0,2.1,0.0,0.0,0.0,0.0,0.0,0.0,0.0,1.0
516675,0,1,3400,-54,54,37,13,19,2.2,0.0,0.0,2.1,0.0,0.0,0.0,0.0,0.0,0.0,0.0,1.0
516924,0,1,3400,-54,54,39,13,18,2.2,0.0,0.0,2.1,0.0,0.0,0.0,0.0,0.0,0.0,0.0,1.0
517173,0,1,3400,-54,54,32,13,18,2.2,0.0,0.0,2.1,0.0,0.0,0.0,0.0,0.0,0.0,0.0,1.0
517422,0,1,3400,-54,54,34,13,19,2.2,0.0,0.0,2.1,0.0,0.0,0.0,0.0,0.0,0.0,0.0,1.0
517671,0,1,3400,-54,54,38,13,19,2.2,0.0,0.0,2.1,0.0,0.0,0.0,0.0,0.0,0.0,0.0,1.0
517920,0,1,3400,-54,54,32,13,18,2.2,0.0,0.0,2.1,0.0,0.0,0.0,0.0,0.0,0.0,0.0,1.0
518169,0,1,3400,-54,54,33,13,19,2.2,0.0,0.0,2.1,0.0,0.0,0.0,0.0,0.0,0.0,0.0,1.0
518418,0,1,3400,-54,54,34,13,18,2.2,0.0,0.0,2.1,0.0,0.0,0.0,0.0,0.0,0.0,0.0,1.0
518667,0,1,3400,-54,54,32,13,18,2.2,0.0,0.0,2.1,0.0,0.0,0.0,0.0,0.0,0.0,0.0,1.0
518916,0,1,3400,-54,54,39,13,17,2.2,0.0,0.0,2.1,0.0,0.0,0.0,0.0,0.0,0.0,0.0,1.0
519165,0,1,3400,-70,70,-53,13,4.5,2.2,0.0,0.0,2.1,0.0,0.0,0.0,0.0,0.0,0.0,0.0,1.0
519414,0,1,3400,-80,80,-637,13,