Timestamp,num_ues,IMSI,RNTI,,slicing_enabled,slice_id,slice_prb,power_multiplier,scheduling_policy,,dl_mcs,dl_n_samples,dl_buffer [bytes],tx_brate downlink [Mbps],tx_pkts downlink,tx_errors downlink (%),dl_cqi,,ul_mcs,ul_n_samples,ul_buffer [bytes],rx_brate uplink [Mbps],rx_pkts uplink,rx_errors uplink (%),ul_rssi,ul_sinr,phr,,sum_requested_prbs,sum_granted_prbs,,dl_pmi,dl_ri,ul_n,ul_turbo_iters
1613004274502,7,1010123456026,78,,1,2,11,1,1,,6.6,10,0,0.00652209,4,0,7.33333,,11.6471,17,0,0.1,5,0,0,34.3555,31,,0,12,,0,0,0,1
1613004274752,6,1010123456026,78,,1,2,11,1,1,,0,0,0,0,0,0,7.33333,,12,7,0,0.1,2,0,0,33.3872,31,,0,0,,0,0,0,1
1613004275002,6,1010123456026,78,,1,2,11,1,1,,0,0,0,0,0,0,7.42857,,0,0,0,0,0,0,0,0,0,,0,0,,0,0,0,0
1613004275252,6,1010123456026,78,,1,2,11,1,1,,0,0,0,0,0,0,8.66667,,0,0,0,0,0,0,0,0,0,,0,0,,0,0,0,0
1613004275502,6,1010123456026,78,,1,2,11,1,1,,0,0,0,0,0,0,9.66667,,0,0,0,0,0,0,0,0,0,,0,0,,0,0,0,0
1613004275752,6,1010123456026,78,,1,2,11,1,1,,0,0,0,0,0,0,6.33333,,0,0,0,0,0,0,0,0,0,,0,0,,0,0,0,0
1613004276002,6,1010123456026,78,,1,2,11,1,1,,0,0,0,0,0,0,6.66667,,0,0,0,0,0,0,0,0,0,,0,0,,0,0,0,0
1613004276252,6,1010123456026,78,,1,2,11,1,1,,0,0,0,0,0,0,8.6,,0,0,0,0,0,0,0,0,0,,0,0,,0,0,0,0
1613004276502,6,1010123456026,78,,1,2,11,1,1,,0,0,0,0,0,0,6.5,,0,0,0,0,0,0,0,0,0,,0,0,,0,0,0,0
1613004276752,6,1010123456026,78,,1,2,11,1,1,,0,0,0,0,0,0,8.16667,,0,0,0,0,0,0,0,0,0,,0,0,,0,0,0,0
1613004277002,6,1010123456026,78,,1,2,11,1,1,,0,0,0,0,0,0,7,,0,0,0,0,0,0,0,0,0,,0,0,,0,0,0,0
1613004277252,6,1010123456026,78,,1,2,11,1,1,,0,0,0,0,0,0,7.33333,,0,0,0,0,0,0,0,0,0,,0,0,,0,0,0,0
1613004277502,6,1010123456026,78,,1,2,11,1,1,,0,0,0,0,0,0,8,,0,0,0,0,0,0,0,0,0,,0,0,,0,0,0,0
1613004277752,6,1010123456026,78,,1,2,11,1,1,,0,0,0,0,0,0,7.33333,,0,0,0,0,0,0,0,0,0,,0,0,,0,0,0,0
1613004278002,6,1010123456026,78,,1,2,11,1,1,,0,0,0,0,0,0,7.66667,,0,0,0,0,0,0,0,0,0,,0,0,,0,0,0,0
1613004278252,6,1010123456026,78,,1,2,11,1,1,,0,0,0,0,0,0,7.2,,0,0,0,0,0,0,0,0,0,,0,0,,0,0,0,0
1613004278502,6,1010123456026,78,,1,2,11,1,1,,0,0,0,0,0,0,7.83333,,0,0,0,0,0,0,0,0,0,,0,0,,0,0,0,0
1613004278752,6,1010123456026,78,,1,2,11,1,1,,0,0,0,0,0,0,7.33333,,0,0,0,0,0,0,0,0,0,,0,0,,0,0,0,0
1613004279002,6,1010123456026,78,,1,2,11,1,1,,0,0,0,0,0,0,8.42857,,0,0,0,0,0,0,0,0,0,,0,0,,0,0,0,0
1613004279252,6,1010123456026,78,,1,2,11,1,1,,0,0,0,0,0,0,7.5,,0,0,0,0,0,0,0,0,0,,0,0,,0,0,0,0
1613004279502,6,1010123456026,78,,1,2,11,1,1,,0,0,0,0,0,0,7.83333,,0,0,0,0,0,0,0,0,0,,0,0,,0,0,0,0
1613004279752,6,1010123456026,78,,1,2,11,1,1,,0,0,0,0,0,0,7.66667,,0,0,0,0,0,0,0,0,0,,0,0,,0,0,0,0
1613004280002,6,1010123456026,78,,1,2,11,1,1,,0,0,0,0,0,0,7.28571,,0,0,0,0,0,0,0,0,0,,0,0,,0,0,0,0
1613004280252,6,1010123456026,78,,1,2,11,1,1,,0,0,0,0,0,0,7.6,,0,0,0,0,0,0,0,0,0,,0,0,,0,0,0,0
1613004280502,6,1010123456026,78,,1,2,11,1,1,,0,0,0,0,0,0,6.66667,,0,0,0,0,0,0,0,0,0,,0,0,,0,0,0,0
1613004280752,6,1010123456026,78,,1,2,11,1,1,,0,0,0,0,0,0,6.5,,0,0,0,0,0,0,0,0,0,,0,0,,0,0,0,0
1613004281002,6,1010123456026,78,,1,2,11,1,1,,0,0,0,0,0,0,6.71429,,0,0,0,0,0,0,0,0,0,,0,0,,0,0,0,0
1613004281252,6,1010123456026,78,,1,2,11,1,1,,0,0,0,0,0,0,8.2,,0,0,0,0,0,0,0,0,0,,0,0,,0,0,0,0
1613004281502,6,1010123456026,78,,1,2,11,1,1,,0,0,0,0,0,0,7.66667,,0,0,0,0,0,0,0,0,0,,0,0,,0,0,0,0
1613004281752,6,1010123456026,78,,1,2,11,1,1,,0,0,0,0,0,0,7.8,,0,0,0,0,0,0,0,0,0,,0,0,,0,0,0,0
1613004282002,6,1010123456026,78,,1,2,11,1,1,,0,0,0,0,0,0,7.33333,,0,0,0,0,0,0,0,0,0,,0,0,,0,0,0,0
1613004282252,6,1010123456026,78,,1,2,11,1,1,,0,0,0,0,0,0,7.5,,0,0,0,0,0,0,0,0,0,,0,0,,0,0,0,0
1613004282502,6,1010123456026,78,,1,2,11,1,1,,0,0,0,0,0,0,9,,0,0,0,0,0,0,0,0,0,,0,0,,0,0,0,0
1613004282752,6,1010123456026,78,,1,2,11,1,1,,0,0,0,0,0,0,5,,0,0,0,0,0,0,0,0,0,,0,0,,0,0,0,0
1613004283002,6,1010123456026,78,,1,2,11,1,1,,0,0,0,0,0,0,7.57143,,0,0,0,0,0,0,0,0,0,,0,0,,0,0,0,0
1613004283252,6,1010123456026,78,,1,2,11,1,1,,0,0,0,0,0,0,7.5,,0,0,0,0,0,0,0,0,0,,0,0,,0,0,0,0
1613004283502,6,1010123456026,78,,1,2,11,1,1,,0,0,0,0,0,0,6.83333,,0,0,0,0,0,0,0,0,0,,0,0,,0,0,0,0
1613004283752,6,1010123456026,78,,1,2,11,1,1,,0,0,0,0,0,0,8,,0,0,0,0,0,0,0,0,0,,0,0,,0,0,0,0
1613004284002,6,1010123456026,78,,1,2,11,1,1,,0,0,0,0,0,0,7.42857,,0,0,0,0,0,0,0,0,0,,0,0,,0,0,0,0
1613004284252,6,1010123456026,78,,1,2,11,1,1,,0,0,0,0,0,0,7,,0,0,0,0,0,0,0,0,0,,0,0,,0,0,0,0
1613004284502,6,1010123456026,78,,1,2,11,1,1,,0,0,0,0,0,0,8,,0,0,0,0,0,0,0,0,0,,0,0,,0,0,0,0
1613004284752,6,1010123456026,78,,1,2,11,1,1,,0,0,0,0,0,0,7.6,,0,0,0,0,0,0,0,0,0,,0,0,,0,0,0,0
1613004285002,6,1010123456026,78,,1,2,11,1,1,,0,0,0,0,0,0,7.33333,,0,0,0,0,0,0,0,0,0,,0,0,,0,0,0,0
1613004285252,6,1010123456026,78,,1,2,11,1,1,,0,0,0,0,0,0,6.66667,,0,0,0,0,0,0,0,0,0,,0,0,,0,0,0,0
1613004285503,6,1010123456026,78,,1,2,11,1,1,,0,0,0,0,0,0,6.8,,0,0,0,0,0,0,0,0,0,,0,0,,0,0,0,0
1613004285752,6,1010123456026,78,,1,2,11,1,1,,0,0,0,0,0,0,9.5,,0,0,0,0,0,0,0,0,0,,0,0,,0,0,0,0
1613004286002,6,1010123456026,78,,1,2,11,1,1,,0,0,0,0,0,0,8.57143,,0,0,0,0,0,0,0,0,0,,0,0,,0,0,0,0
1613004286252,6,1010123456026,78,,1,2,11,1,1,,0,0,0,0,0,0,7.5,,0,0,0,0,0,0,0,0,0,,0,0,,0,0,0,0
1613004286502,6,1010123456026,78,,1,2,11,1,1,,0,0,0,0,0,0,7.5,,0,0,0,0,0,0,0,0,0,,0,0,,0,0,0,0
1613004286752,6,1010123456026,78,,1,2,11,1,1,,0,0,0,0,0,0,6.6,,0,0,0,0,0,0,0,0,0,,0,0,,0,0,0,0
1613004287002,6,1010123456026,78,,1,2,11,1,1,,0,0,0,0,0,0,8.14286,,0,0,0,0,0,0,0,0,0,,0,0,,0,0,0,0
1613004287252,6,1010123456026,78,,1,2,11,1,1,,0,0,0,0,0,0,7.6,,0,0,0,0,0,0,0,0,0,,0,0,,0,0,0,0
1613004287502,6,1010123456026,78,,1,2,11,1,1,,0,0,0,0,0,0,7.4,,0,0,0,0,0,0,0,0,0,,0,0,,0,0,0,0
1613004287752,6,1010123456026,78,,1,2,11,1,1,,0,0,0,0,0,0,7.4,,0,0,0,0,0,0,0,0,0,,0,0,,0,0,0,0
1613004288002,6,1010123456026,78,,1,2,11,1,1,,0,0,0,0,0,0,7.5,,0,0,0,0,0,0,0,0,0,,0,0,,0,0,0,0
1613004288252,6,1010123456026,78,,1,2,11,1,1,,0,0,0,0,0,0,7.5,,0,0,0,0,0,0,0,0,0,,0,0,,0,0,0,0
1613004288502,6,1010123456026,78,,1,2,11,1,1,,0,0,0,0,0,0,7.4,,0,0,0,0,0,0,0,0,0,,0,0,,0,0,0,0
1613004288752,6,1010123456026,78,,1,2,11,1,1,,0,0,0,0,0,0,7.6,,0,0,0,0,0,0,0,0,0,,0,0,,0,0,0,0
1613004289002,6,1010123456026,78,,1,2,11,1,1,,0,0,0,0,0,0,7.28571,,0,0,0,0,0,0,0,0,0,,0,0,,0,0,0,0
1613004289252,6,1010123456026,78,,1,2,11,1,1,,0,0,0,0,0,0,7.5,,0,0,0,0,0,0,0,0,0,,0,0,,0,0,0,0
1613004289502,6,1010123456026,78,,1,2,11,1,1,,0,0,0,0,0,0,7.66667,,0,0,0,0,0,0,0,0,0,,0,0,,0,0,0,0
1613004289752,6,1010123456026,78,,1,2,11,1,1,,0,0,0,0,0,0,8,,0,0,0,0,0,0,0,0,0,,0,0,,0,0,0,0
1613004290002,6,1010123456026,78,,1,2,11,1,1,,0,0,0,0,0,0,8.42857,,0,0,0,0,0,0,0,0,0,,0,0,,0,0,0,0
1613004290252,6,1010123456026,78,,1,2,11,1,1,,0,0,0,0,0,0,7.4,,0,0,0,0,0,0,0,0,0,,0,0,,0,0,0,0
1613004290502,6,1010123456026,78,,1,2,11,1,1,,0,0,0,0,0,0,7.8,,0,0,0,0,0,0,0,0,0,,0,0,,0,0,0,0
1613004290752,6,1010123456026,78,,1,2,11,1,1,,0,0,0,0,0,0,7.66667,,0,0,0,0,0,0,0,0,0,,0,0,,0,0,0,0
1613004291002,6,1010123456026,78,,1,2,11,1,1,,0,0,0,0,0,0,7.14286,,0,0,0,0,0,0,0,0,0,,0,0,,0,0,0,0
1613004291252,6,1010123456026,78,,1,2,11,1,1,,0,0,0,0,0,0,7.8,,0,0,0,0,0,0,0,0,0,,0,0,,0,0,0,0
1613004291502,6,1010123456026,78,,1,2,11,1,1,,0,0,0,0,0,0,8,,0,0,0,0,0,0,0,0,0,,0,0,,0,0,0,0
1613004291752,6,1010123456026,78,,1,2,11,1,1,,0,0,0,0,0,0,7.5,,0,0,0,0,0,0,0,0,0,,0,0,,0,0,0,0
1613004292002,6,1010123456026,78,,1,2,11,1,1,,0,0,0,0,0,0,7.71429,,0,0,0,0,0,0,0,0,0,,0,0,,0,0,0,0
1613004292252,6,1010123456026,78,,1,2,11,1,1,,0,0,0,0,0,0,7.8,,0,0,0,0,0,0,0,0,0,,0,0,,0,0,0,0
1613004292502,6,1010123456026,78,,1,2,11,1,1,,0,0,0,0,0,0,7,,0,0,0,0,0,0,0,0,0,,0,0,,0,0,0,0
1613004292752,6,1010123456026,78,,1,2,11,1,1,,0,0,0,0,0,0,7.5,,0,0,0,0,0,0,0,0,0,,0,0,,0,0,0,0
1613004293002,6,1010123456026,78,,1,2,11,1,1,,0,0,0,0,0,0,7.42857,,0,0,0,0,0,0,0,0,0,,0,0,,0,0,0,0
1613004293252,6,1010123456026,78,,1,2,11,1,1,,0,0,0,0,0,0,7.5,,0,0,0,0,0,0,0,0,0,,0,0,,0,0,0,0
1613004293502,6,1010123456026,78,,1,2,11,1,1,,0,0,0,0,0,0,8.2,,0,0,0,0,0,0,0,0,0,,0,0,,0,0,0,0
1613004293752,6,1010123456026,78,,1,2,11,1,1,,0,0,0,0,0,0,7.2,,0,0,0,0,0,0,0,0,0,,0,0,,0,0,0,0
1613004294002,6,1010123456026,78,,1,2,11,1,1,,0,0,0,0,0,0,7.71429,,0,0,0,0,0,0,0,0,0,,0,0,,0,0,0,0
1613004294252,6,1010123456026,78,,1,2,11,1,1,,0,0,0,0,0,0,8,,0,0,0,0,0,0,0,0,0,,0,0,,0,0,0,0
1613004294502,6,1010123456026,78,,1,2,11,1,1,,0,0,0,0,0,0,7.66667,,0,0,0,0,0,0,0,0,0,,0,0,,0,0,0,0
1613004294752,6,1010123456026,78,,1,2,11,1,1,,0,0,0,0,0,0,8,,0,0,0,0,0,0,0,0,0,,0,0,,0,0,0,0
1613004295002,6,1010123456026,78,,1,2,11,1,1,,0,0,0,0,0,0,7.28571,,0,0,0,0,0,0,0,0,0,,0,0,,0,0,0,0
1613004295252,6,1010123456026,78,,1,2,11,1,1,,0,0,0,0,0,0,7.6,,0,0,0,0,0,0,0,0,0,,0,0,,0,0,0,0
1613004295502,6,1010123456026,78,,1,2,11,1,1,,0,0,0,0,0,0,8,,0,0,0,0,0,0,0,0,0,,0,0,,0,0,0,0
1613004295752,6,1010123456026,78,,1,2,11,1,1,,0,0,0,0,0,0,7,,0,0,0,0,0,0,0,0,0,,0,0,,0,0,0,0
1613004296002,6,1010123456026,78,,1,2,11,1,1,,0,0,0,0,0,0,7,,0,0,0,0,0,0,0,0,0,,0,0,,0,0,0,0
1613004296252,6,1010123456026,78,,1,2,11,1,1,,0,0,0,0,0,0,7.83333,,0,0,0,0,0,0,0,0,0,,0,0,,0,0,0,0
1613004296502,6,1010123456026,78,,1,2,11,1,1,,0,0,0,0,0,0,7,,0,0,0,0,0,0,0,0,0,,0,0,,0,0,0,0
1613004296752,6,1010123456026,78,,1,2,11,1,1,,0,0,0,0,0,0,9.8,,0,0,0,0,0,0,0,0,0,,0,0,,0,0,0,0
1613004297002,6,1010123456026,78,,1,2,11,1,1,,0,0,0,0,0,0,7.14286,,0,0,0,0,0,0,0,0,0,,0,0,,0,0,0,0
1613004297252,6,1010123456026,78,,1,2,11,1,1,,0,0,0,0,0,0,7.2,,0,0,0,0,0,0,0,0,0,,0,0,,0,0,0,0
1613004297502,6,1010123456026,78,,1,2,11,1,1,,0,0,0,0,0,0,7.66667,,0,0,0,0,0,0,0,0,0,,0,0,,0,0,0,0
1613004297752,6,1010123456026,78,,1,2,11,1,1,,0,0,0,0,0,0,7.5,,0,0,0,0,0,0,0,0,0,,0,0,,0,0,0,0
1613004298002,6,1010123456026,78,,1,2,11,1,1,,0,0,0,0,0,0,7.33333,,0,0,0,0,0,0,0,0,0,,0,0,,0,0,0,0
1613004298252,6,1010123456026,78,,1,2,11,1,1,,0,0,0,0,0,0,6.6,,0,0,0,0,0,0,0,0,0,,0,0,,0,0,0,0
1613004298502,6,1010123456026,78,,1,2,11,1,1,,0,0,0,0,0,0,8.33333,,0,0,0,0,0,0,0,0,0,,0,0,,0,0,0,0
1613004298752,6,1010123456026,78,,1,2,11,1,1,,0,0,0,0,0,0,5.25,,0,0,0,0,0,0,0,0,0,,0,0,,0,0,0,0
1613004299002,6,1010123456026,78,,1,2,11,1,1,,0,0,0,0,0,0,7.57143,,0,0,0,0,0,0,0,0,0,,0,0,,0,0,0,0
1613004299252,6,1010123456026,78,,1,2,11,1,1,,0,0,0,0,0,0,7.6,,0,0,0,0,0,0,0,0,0,,0,0,,0,0,0,0
1613004299502,6,1010123456026,78,,1,2,11,1,1,,0,0,0,0,0,0,7.4,,0,0,0,0,0,0,0,0,0,,0,0,,0,0,0,0
1613004299752,6,1010123456026,78,,1,2,11,1,1,,0,0,0,0,0,0,7.6,,0,0,0,0,0,0,0,0,0,,0,0,,0,0,0,0
1613004300002,6,1010123456026,78,,1,2,11,1,1,,0,0,0,0,0,0,7.57143,,0,0,0,0,0,0,0,0,0,,0,0,,0,0,0,0
1613004300252,6,1010123456026,78,,1,2,11,1,1,,0,0,0,0,0,0,7.5,,0,0,0,0,0,0,0,0,0,,0,0,,0,0,0,0
1613004300502,6,1010123456026,78,,1,2,11,1,1,,0,0,0,0,0,0,8.8,,0,0,0,0,0,0,0,0,0,,0,0,,0,0,0,0
1613004300752,6,1010123456026,78,,1,2,11,1,1,,0,0,0,0,0,0,7.75,,0,0,0,0,0,0,0,0,0,,0,0,,0,0,0,0
1613004301002,6,1010123456026,78,,1,2,11,1,1,,0,0,0,0,0,0,6.57143,,0,0,0,0,0,0,0,0,0,,0,0,,0,0,0,0
1613004301252,6,1010123456026,78,,1,2,11,1,1,,0,0,0,0,0,0,7.66667,,0,0,0,0,0,0,0,0,0,,0,0,,0,0,0,0
1613004301502,6,1010123456026,78,,1,2,11,1,1,,0,0,0,0,0,0,7,,0,0,0,0,0,0,0,0,0,,0,0,,0,0,0,0
1613004301752,6,1010123456026,78,,1,2,11,1,1,,0,0,0,0,0,0,7.83333,,0,0,0,0,0,0,0,0,0,,0,0,,0,0,0,0
1613004302002,6,1010123456026,78,,1,2,11,1,1,,0,0,0,0,0,0,8.14286,,0,0,0,0,0,0,0,0,0,,0,0,,0,0,0,0
1613004302252,6,1010123456026,78,,1,2,11,1,1,,0,0,0,0,0,0,7.5,,0,0,0,0,0,0,0,0,0,,0,0,,0,0,0,0
1613004302502,6,1010123456026,78,,1,2,11,1,1,,0,0,0,0,0,0,7.33333,,0,0,0,0,0,0,0,0,0,,0,0,,0,0,0,0
1613004302752,6,1010123456026,78,,1,2,11,1,1,,0,0,0,0,0,0,7.5,,0,0,0,0,0,0,0,0,0,,0,0,,0,0,0,0
1613004303002,6,1010123456026,78,,1,2,11,1,1,,0,0,0,0,0,0,7.16667,,0,0,0,0,0,0,0,0,0,,0,0,,0,0,0,0
1613004303252,6,1010123456026,78,,1,2,11,1,1,,0,0,0,0,0,0,7.66667,,0,0,0,0,0,0,0,0,0,,0,0,,0,0,0,0
1613004303502,6,1010123456026,78,,1,2,11,1,1,,0,0,0,0,0,0,7.33333,,0,0,0,0,0,0,0,0,0,,0,0,,0,0,0,0
1613004303753,6,1010123456026,78,,1,2,11,1,1,,13,10,0,0.010816,2,0,8.2,,14.5714,7,0,0.1,2,0,0,30.4892,31,,0,18,,0,0,0,1
1613004304003,6,1010123456026,78,,1,2,11,1,1,,9.42064,126,0,0.196256,36,0,7.28571,,11.2674,86,0,0.1,26,61.5385,0,6.4767,31,,0,304,,0,0,0,7.01163
1613004304253,6,1010123456026,78,,1,2,11,1,1,,9.85849,212,0,0.11872,56,0,6.5,,0,0,0,0,0,0,0,0,0,,180,180,,0,0,0,0
1613004304503,6,1010123456026,78,,1,2,11,1,1,,9.26531,196,0,0.106304,60,0,7.16667,,0,0,0,0,0,0,0,0,0,,174,174,,0,0,0,0
1613004304753,6,1010123456026,78,,1,2,11,1,1,,7.71777,287,0,0.132448,79,0,7.5,,0,0,0,0,0,0,0,0,0,,270,270,,0,0,0,0
1613004305003,6,1010123456026,78,,1,2,11,1,1,,8.41367,278,4,0.130112,79,0,6,,6.92308,26,0,0.1,7,57.1429,0,4.68068,31,,258,258,,0,0,0,6.69231
1613004305252,6,1010123456026,78,,1,2,11,1,1,,7.74317,183,0,0.0940402,56,0,6.83333,,0,0,0,0,0,0,0,0,0,,171,171,,0,0,0,0
1613004305503,6,1010123456026,78,,1,2,11,1,1,,9.45775,142,0,0.08112,44,0,7.33333,,0,0,0,0,0,0,0,0,0,,123,123,,0,0,0,0
1613004305752,6,1010123456026,78,,1,2,11,1,1,,8.4375,240,0,0.120161,68,0,6.66667,,0,0,0,0,0,0,0,0,0,,225,225,,0,0,0,0
1613004306002,6,1010123456026,78,,1,2,11,1,1,,11.1505,186,52,0.1129,47,0,7.14286,,0.1,19,0,0.1,5,40,0,1.03694,31,,177,177,,0,0,0,7.89474
1613004306252,6,1010123456026,78,,1,2,11,1,1,,6.35912,362,0,0.156048,112,0,5.5,,0,0,0,0,0,0,0,0,0,,348,348,,0,0,0,0
1613004306503,6,1010123456026,78,,1,2,11,1,1,,7.42308,208,28,0.078624,53,0,6.2,,0,0,0,0,0,0,0,0,0,,207,207,,0,0,0,0
1613004306753,6,1010123456026,78,,1,2,11,1,1,,8.67785,298,287,0.14624,90,0,6.83333,,0,0,0,0,0,0,0,0,0,,258,258,,0,0,0,0
1613004307003,6,1010123456026,78,,1,2,11,1,1,,9.91701,241,0,0.1464,68,0,7.14286,,0.1,11,0,0.1,3,0,0,1.28088,31,,231,231,,0,0,0,1.63636
1613004307253,6,1010123456026,78,,1,2,11,1,1,,10.4802,252,94,0.138592,67,0,7,,0,0,0,0,0,0,0,0,0,,231,231,,0,0,0,0
1613004307502,6,1010123456026,78,,1,2,11,1,1,,9.3278,241,8,0.145574,70,0,6.5,,0,0,0,0,0,0,0,0,0,,213,213,,0,0,0,0
1613004307753,6,1010123456026,78,,1,2,11,1,1,,7.5122,287,0,0.132288,88,0,7,,0,0,0,0,0,0,0,0,0,,288,288,,0,0,0,0
1613004308003,6,1010123456026,78,,1,2,11,1,1,,9.9375,176,0,0.09184,47,0,7,,0.1,17,0,0.1,5,0,0,3.02911,31,,150,150,,0,0,0,1.17647
1613004308252,6,1010123456026,78,,1,2,11,1,1,,10.6078,153,0,0.0974137,47,0,7.16667,,0,0,0,0,0,0,0,0,0,,132,132,,0,0,0,0
1613004308502,6,1010123456026,78,,1,2,11,1,1,,6.82328,232,121,0.0855582,59,0,5.66667,,0,0,0,0,0,0,0,0,0,,222,222,,0,0,0,0
1613004308753,6,1010123456026,78,,1,2,11,1,1,,7.49289,211,0,0.092288,66,0,6.5,,0,0,0,0,0,0,0,0,0,,210,210,,0,0,0,0
1613004309003,6,1010123456026,78,,1,2,11,1,1,,10.0636,173,0,0.107648,54,0,7,,10.56,50,0,0.1,15,80,0,5.2389,31,,156,156,,0,0,0,8.38
1613004309252,6,1010123456026,78,,1,2,11,1,1,,10.3918,194,0,0.113285,52,0,7,,0,0,0,0,0,0,0,0,0,,171,171,,0,0,0,0
1613004309503,6,1010123456026,78,,1,2,11,1,1,,10.2303,165,0,0.096832,47,0,6.83333,,0,0,0,0,0,0,0,0,0,,150,150,,0,0,0,0
1613004309752,6,1010123456026,78,,1,2,11,1,1,,6.41241,274,9,0.100209,76,0,6,,0,9,0,0,3,100,0,0,0,,252,252,,0,0,0,0
1613004310003,6,1010123456026,78,,1,2,11,1,1,,8.7541,305,0,0.150176,89,0,6.33333,,0.1,14,0,0.1,4,25,0,0.982192,31,,279,279,,0,0,0,3.42857
1613004310253,6,1010123456026,78,,1,2,11,1,1,,8.42407,349,217,0.182208,99,0,6.16667,,0,0,0,0,0,0,0,0,0,,390,390,,0,0,0,0
1613004310503,6,1010123456026,78,,1,2,11,1,1,,7.74812,266,0,0.122112,78,0,6.16667,,0,0,0,0,0,0,0,0,0,,243,243,,0,0,0,0
1613004310752,6,1010123456026,78,,1,2,11,1,1,,10.1,160,0,0.09449,46,0,6.66667,,0,0,0,0,0,0,0,0,0,,138,138,,0,0,0,0
1613004311003,6,1010123456026,78,,1,2,11,1,1,,8.22118,321,0,0.144864,87,0,6.57143,,0.1,15,0,0.1,4,25,0,1.57112,31,,306,306,,0,0,0,3.6
1613004311253,6,1010123456026,78,,1,2,11,1,1,,8.95708,233,121,0.120416,69,0,6.2,,0,0,0,0,0,0,0,0,0,,207,207,,0,0,0,0
1613004311502,6,1010123456026,78,,1,2,11,1,1,,7.06034,348,0,0.147855,104,0,6.33333,,0,0,0,0,0,0,0,0,0,,342,342,,0,0,0,0
1613004311752,6,1010123456026,78,,1,2,11,1,1,,9.48148,243,89,0.125108,69,0,6.5,,0,0,0,0,0,0,0,0,0,,213,213,,0,0,0,0
1613004312003,6,1010123456026,78,,1,2,11,1,1,,12.0719,153,0,0.122144,45,0,7.71429,,0.1,11,0,0.1,3,0,0,0.950587,31,,147,147,,0,0,0,1.54545
1613004312252,6,1010123456026,78,,1,2,11,1,1,,8.31707,287,0,0.131727,81,0,6.83333,,0,0,0,0,0,0,0,0,0,,252,252,,0,0,0,0
1613004312502,6,1010123456026,78,,1,2,11,1,1,,9.46703,182,0,0.106442,52,0,7,,0,0,0,0,0,0,0,0,0,,162,162,,0,0,0,0
1613004312753,6,1010123456026,78,,1,2,11,1,1,,8.55897,195,0,0.094912,60,0,6.66667,,0,0,0,0,0,0,0,0,0,,177,177,,0,0,0,0
1613004313003,6,1010123456026,78,,1,2,11,1,1,,8.96792,187,105,0.08912,51,0,6.71429,,0.1,16,0,0.1,5,0,0,9.89359,31,,162,162,,0,0,0,1.5
1613004313253,6,1010123456026,78,,1,2,11,1,1,,6.70358,307,0,0.119904,91,0,5.66667,,0,0,0,0,0,0,0,0,0,,282,282,,0,0,0,0
1613004313503,6,1010123456026,78,,1,2,11,1,1,,9.63636,264,0,0.145504,74,0,6.83333,,0,0,0,0,0,0,0,0,0,,240,240,,0,0,0,0
1613004313753,6,1010123456026,78,,1,2,11,1,1,,8.05502,309,0,0.13728,88,0,6.33333,,0,0,0,0,0,0,0,0,0,,267,267,,0,0,0,0
1613004314002,6,1010123456026,78,,1,2,11,1,1,,9.03687,217,0,0.104,61,0,6.42857,,0.6,10,0,0.1,3,0,0,12.8219,31,,201,201,,0,0,0,1.3
1613004314252,6,1010123456026,78,,1,2,11,1,1,,7.89494,257,0,0.125719,77,0,6.33333,,0,0,0,0,0,0,0,0,0,,231,231,,0,0,0,0
1613004314503,6,1010123456026,78,,1,2,11,1,1,,8.82895,304,91,0.1528,83,0,6.5,,0,0,0,0,0,0,0,0,0,,279,279,,0,0,0,0
1613004314752,6,1010123456026,78,,1,2,11,1,1,,8.47535,284,0,0.137157,83,0,7.5,,0,0,0,0,0,0,0,0,0,,252,252,,0,0,0,0
1613004315003,6,1010123456026,78,,1,2,11,1,1,,8.16471,255,0,0.120224,73,0,6.28571,,0.1,12,0,0.1,4,0,0,2.2696,31,,225,225,,0,0,0,1.25
1613004315253,6,1010123456026,78,,1,2,11,1,1,,8.6879,157,0,0.079008,47,0,6.66667,,0,0,0,0,0,0,0,0,0,,147,147,,0,0,0,0
1613004315502,6,1010123456026,78,,1,2,11,1,1,,9.02667,150,0,0.0795823,45,0,6.5,,0,0,0,0,0,0,0,0,0,,135,135,,0,0,0,0
1613004315752,6,1010123456026,78,,1,2,11,1,1,,10.1534,189,0,0.107952,54,0,7.16667,,0.1,13,0,0.1,4,25,0,1.37145,31,,165,165,,0,0,0,4.15385
1613004316003,6,1010123456026,78,,1,2,11,1,1,,6.32924,407,213,0.149536,110,0,6,,0,0,0,0,0,0,0,0,0,,414,414,,0,0,0,0
1613004316253,6,1010123456026,78,,1,2,11,1,1,,10.1414,198,0,0.117984,58,0,7,,0,0,0,0,0,0,0,0,0,,174,174,,0,0,0,0
1613004316503,6,1010123456026,78,,1,2,11,1,1,,8.30649,385,0,0.185632,113,0,6.33333,,0,0,0,0,0,0,0,0,0,,360,360,,0,0,0,0
1613004316753,6,1010123456026,78,,1,2,11,1,1,,9.24706,170,0,0.092896,52,0,6.66667,,0,0,0,0,0,0,0,0,0,,150,150,,0,0,0,0
1613004317002,6,1010123456026,78,,1,2,11,1,1,,5.44988,429,156,0.131213,120,0,5.42857,,0.1,10,0,0.1,3,0,0,7.10088,31,,456,456,,0,0,0,2.5
1613004317253,6,1010123456026,78,,1,2,11,1,1,,8.51822,247,0,0.1256,73,0,6.5,,0,0,0,0,0,0,0,0,0,,222,222,,0,0,0,0
1613004317503,6,1010123456026,78,,1,2,11,1,1,,7.20144,278,0,0.131616,83,0,5.5,,0,0,0,0,0,0,0,0,0,,261,261,,0,0,0,0
1613004317752,6,1010123456026,78,,1,2,11,1,1,,8.07819,243,0,0.104739,65,0,6.33333,,0,0,0,0,0,0,0,0,0,,213,213,,0,0,0,0
1613004318003,6,1010123456026,78,,1,2,11,1,1,,11.7787,122,0,0.088928,37,0,7.14286,,15,27,0,0,8,100,0,1.40677,0,,108,108,,0,0,0,10
1613004318253,6,1010123456026,78,,1,2,11,1,1,,5.86487,407,0,0.142624,115,0,6,,0,0,0,0,0,0,0,0,0,,396,396,,0,0,0,0
1613004318502,6,1010123456026,78,,1,2,11,1,1,,5.33781,447,291,0.144257,125,0,5.16667,,0,0,0,0,0,0,0,0,0,,432,432,,0,0,0,0
1613004318752,6,1010123456026,78,,1,2,11,1,1,,7.11806,288,9,0.120739,85,0,6.5,,0,0,0,0,0,0,0,0,0,,291,291,,0,0,0,0
1613004319002,6,1010123456026,78,,1,2,11,1,1,,9.32061,262,67,0.141141,79,0,7,,0,9,0,0.1,3,0,0,0,31,,231,231,,0,0,0,0
1613004319252,6,1010123456026,78,,1,2,11,1,1,,10.6702,188,0,0.112321,53,0,7.16667,,0,0,0,0,0,0,0,0,0,,159,159,,0,0,0,0
1613004319502,6,1010123456026,78,,1,2,11,1,1,,10.0117,171,0,0.098249,50,0,7,,0,0,0,0,0,0,0,0,0,,153,153,,0,0,0,0
1613004319752,6,1010123456026,78,,1,2,11,1,1,,7.84099,283,0,0.126811,82,0,6.5,,0.1,11,0,0.1,3,0,0,2.06857,31,,255,255,,0,0,0,1
1613004320003,6,1010123456026,78,,1,2,11,1,1,,8.26384,307,103,0.144,85,0,6.42857,,0,0,0,0,0,0,0,0,0,,309,309,,0,0,0,0
1613004320253,6,1010123456026,78,,1,2,11,1,1,,8.99476,191,0,0.101184,57,0,6.83333,,0,0,0,0,0,0,0,0,0,,174,174,,0,0,0,0
1613004320502,6,1010123456026,78,,1,2,11,1,1,,6.20623,257,0,0.0986024,73,0,5.6,,0,0,0,0,0,0,0,0,0,,231,231,,0,0,0,0
1613004320752,6,1010123456026,78,,1,2,11,1,1,,7.90323,186,0,0.0795823,54,0,6.66667,,0,0,0,0,0,0,0,0,0,,165,165,,0,0,0,0
1613004321002,6,1010123456026,78,,1,2,11,1,1,,9.89503,181,0,0.113896,56,0,7.14286,,0.1,16,0,0.1,5,0,0,9.27603,31,,168,168,,0,0,0,1.8125
1613004321252,6,1010123456026,78,,1,2,11,1,1,,8.78363,171,0,0.0873896,49,0,6.33333,,0,0,0,0,0,0,0,0,0,,153,153,,0,0,0,0
1613004321502,6,1010123456026,78,,1,2,11,1,1,,7.60595,269,0,0.116402,77,0,6.16667,,0,0,0,0,0,0,0,0,0,,246,246,,0,0,0,0
1613004321752,6,1010123456026,78,,1,2,11,1,1,,9.3964,222,0,0.119454,61,0,6.33333,,0,0,0,0,0,0,0,0,0,,207,207,,0,0,0,0
1613004322003,6,1010123456026,78,,1,2,11,1,1,,9.18345,278,0,0.1512,82,0,6.71429,,7.83721,43,0,0.1,13,61.5385,0,7.54901,31,,243,243,,0,0,0,7
1613004322253,6,1010123456026,78,,1,2,11,1,1,,6.53083,373,110,0.130368,102,0,5.33333,,0,0,0,0,0,0,0,0,0,,333,333,,0,0,0,0
1613004322503,6,1010123456026,78,,1,2,11,1,1,,7.51974,152,0,0.07072,50,0,6.5,,0,0,0,0,0,0,0,0,0,,141,141,,0,0,0,0
1613004322752,6,1010123456026,78,,1,2,11,1,1,,10.0735,204,87,0.119133,58,0,7,,0,0,0,0,0,0,0,0,0,,180,180,,0,0,0,0
1613004323002,6,1010123456026,78,,1,2,11,1,1,,6.33333,288,0,0.101301,80,0,5.85714,,1.5,24,0,0.1,7,57.1429,0,1.79637,31,,255,255,,0,0,0,7.04167
1613004323253,6,1010123456026,78,,1,2,11,1,1,,9.0249,241,0,0.119552,66,0,6.8,,0,0,0,0,0,0,0,0,0,,216,216,,0,0,0,0
1613004323502,6,1010123456026,78,,1,2,11,1,1,,10.5932,177,0,0.113799,55,0,7.33333,,0,0,0,0,0,0,0,0,0,,150,150,,0,0,0,0
1613004323753,6,1010123456026,78,,1,2,11,1,1,,8.47668,193,273,0.09312,53,0,6.5,,0,0,0,0,0,0,0,0,0,,180,180,,0,0,0,0
1613004324002,6,1010123456026,78,,1,2,11,1,1,,10.8117,154,0,0.0978313,46,0,7.28571,,0.1,25,0,0.1,8,62.5,0,0.963334,31,,138,138,,0,0,0,6.52
1613004324253,6,1010123456026,78,,1,2,11,1,1,,9.46018,226,0,0.127808,66,0,6.5,,0,0,0,0,0,0,0,0,0,,201,201,,0,0,0,0
1613004324503,6,1010123456026,78,,1,2,11,1,1,,7.95685,394,0,0.175392,110,0,6,,0,0,0,0,0,0,0,0,0,,390,390,,0,0,0,0
1613004324752,6,1010123456026,78,,1,2,11,1,1,,8.5251,259,0,0.137992,78,0,6.16667,,0,0,0,0,0,0,0,0,0,,237,237,,0,0,0,0
1613004325002,6,1010123456026,78,,1,2,11,1,1,,9.39711,277,92,0.147052,78,0,6.14286,,0.1,10,0,0.1,3,0,0,1.43314,31,,258,258,,0,0,0,2.1
1613004325253,6,1010123456026,78,,1,2,11,1,1,,7.00829,362,98,0.149696,105,0,6.16667,,0,0,0,0,0,0,0,0,0,,354,354,,0,0,0,0
1613004325503,6,1010123456026,78,,1,2,11,1,1,,6.77994,359,20,0.144992,105,0,6,,0,0,0,0,0,0,0,0,0,,363,363,,0,0,0,0
1613004325752,6,1010123456026,78,,1,2,11,1,1,,9.62847,288,0,0.152096,81,0,6.83333,,0.1,14,0,0.1,4,25,0,1.59647,31,,246,246,,0,0,0,3.21429
1613004326002,6,1010123456026,78,,1,2,11,1,1,,8.05018,279,82,0.1271,78,0,6.42857,,0,0,0,0,0,0,0,0,0,,252,252,,0,0,0,0
1613004326252,6,1010123456026,78,,1,2,11,1,1,,8.71841,277,0,0.142169,85,0,6.5,,0,0,0,0,0,0,0,0,0,,246,246,,0,0,0,0
1613004326503,6,1010123456026,78,,1,2,11,1,1,,8.84348,230,0,0.1144,65,0,6.5,,0,0,0,0,0,0,0,0,0,,201,201,,0,0,0,0
1613004326752,6,1010123456026,78,,1,2,11,1,1,,7.96708,243,0,0.109719,69,0,6.5,,0,0,0,0,0,0,0,0,0,,216,216,,0,0,0,0
1613004327003,6,1010123456026,78,,1,2,11,1,1,,6.89524,315,30,0.131904,88,0,5.71429,,0.1,43,0,0.1,12,66.6667,0,0.643657,31,,339,339,,0,0,0,7.27907
1613004327252,6,1010123456026,78,,1,2,11,1,1,,8.66065,277,0,0.137157,81,0,7.16667,,0,0,0,0,0,0,0,0,0,,243,243,,0,0,0,0
1613004327502,6,1010123456026,78,,1,2,11,1,1,,7.68684,380,0,0.170956,106,0,6,,0,0,0,0,0,0,0,0,0,,363,363,,0,0,0,0
1613004327753,6,1010123456026,78,,1,2,11,1,1,,7.94118,289,0,0.138912,85,0,6,,0,0,0,0,0,0,0,0,0,,291,291,,0,0,0,0
1613004328002,6,1010123456026,78,,1,2,11,1,1,,10.893,187,0,0.121189,56,0,8.14286,,14.186,86,0,0.1,29,86.2069,0,4.52301,31,,165,165,,0,0,0,8.75581
1613004328253,6,1010123456026,78,,1,2,11,1,1,,9.32716,162,0,0.08656,47,0,6.5,,0,0,0,0,0,0,0,0,0,,144,144,,0,0,0,0
1613004328503,6,1010123456026,78,,1,2,11,1,1,,6.63052,249,0,0.09344,67,0,6.5,,0,0,0,0,0,0,0,0,0,,240,240,,0,0,0,0
1613004328753,6,1010123456026,78,,1,2,11,1,1,,10.5541,148,0,0.096992,46,0,8,,0,0,0,0,0,0,0,0,0,,129,129,,0,0,0,0
1613004329003,6,1010123456026,78,,1,2,11,1,1,,9.82418,182,0,0.108032,55,0,7.71429,,12.9231,78,0,0.1,24,79.1667,0,2.70228,31,,168,168,,0,0,0,8.51282
1613004329252,6,1010123456026,78,,1,2,11,1,1,,11.2051,156,0,0.0997269,44,0,7.4,,0,0,0,0,0,0,0,0,0,,138,138,,0,0,0,0
1613004329503,6,1010123456026,78,,1,2,11,1,1,,10.0172,174,0,0.094336,48,0,7,,0,0,0,0,0,0,0,0,0,,153,153,,0,0,0,0
1613004329752,6,1010123456026,78,,1,2,11,1,1,,6.82573,241,0,0.110233,72,0,5.83333,,0,0,0,0,0,0,0,0,0,,243,243,,0,0,0,0
1613004330002,6,1010123456026,78,,1,2,11,1,1,,7.09829,234,0,0.0948434,68,0,6.28571,,0.1,15,0,0.1,4,0,0,13.8781,31,,207,207,,0,0,0,1
1613004330252,6,1010123456026,78,,1,2,11,1,1,,8.08889,270,0,0.120578,77,0,6.5,,0,0,0,0,0,0,0,0,0,,237,237,,0,0,0,0
1613004330503,6,1010123456026,78,,1,2,11,1,1,,9.35294,204,19,0.097056,51,0,6.5,,0,0,0,0,0,0,0,0,0,,180,180,,0,0,0,0
1613004330752,6,1010123456026,78,,1,2,11,1,1,,5.9596,396,0,0.152161,121,0,5.5,,0,0,0,0,0,0,0,0,0,,384,384,,0,0,0,0
1613004331003,6,1010123456026,78,,1,2,11,1,1,,8.63208,212,0,0.108288,62,0,6.85714,,5.875,32,0,0.1,10,50,0,1.50517,31,,207,207,,0,0,0,5.3125
1613004331253,6,1010123456026,78,,1,2,11,1,1,,9.62791,258,0,0.141152,74,0,6.33333,,0,0,0,0,0,0,0,0,0,,231,231,,0,0,0,0
1613004331502,6,1010123456026,78,,1,2,11,1,1,,8.09052,232,48,0.109719,65,0,6.66667,,0,0,0,0,0,0,0,0,0,,219,219,,0,0,0,0
1613004331752,6,1010123456026,78,,1,2,11,1,1,,9.25705,319,0,0.163823,93,0,7.83333,,0,0,0,0,0,0,0,0,0,,276,276,,0,0,0,0
1613004332002,6,1010123456026,78,,1,2,11,1,1,,7.36179,246,0,0.105189,72,0,6.14286,,6.72,25,0,0.1,7,57.1429,0,5.37379,31,,237,237,,0,0,0,6.16
1613004332252,6,1010123456026,78,,1,2,11,1,1,,5.78406,389,0,0.161317,112,0,5.5,,0,0,0,0,0,0,0,0,0,,459,459,,0,0,0,0
1613004332502,6,1010123456026,78,,1,2,11,1,1,,9.81377,247,0,0.145799,70,0,6.6,,0,0,0,0,0,0,0,0,0,,228,228,,0,0,0,0
1613004332752,6,1010123456026,78,,1,2,11,1,1,,9.06015,266,0,0.134972,73,0,6.66667,,0.1,10,0,0.1,3,0,0,0.754755,31,,243,243,,0,0,0,4.9
1613004333003,6,1010123456026,78,,1,2,11,1,1,,8.54341,311,0,0.163296,94,0,6.42857,,0,0,0,0,0,0,0,0,0,,288,288,,0,0,0,0
1613004333253,6,1010123456026,78,,1,2,11,1,1,,7.99171,362,0,0.159776,104,0,6.16667,,0,0,0,0,0,0,0,0,0,,339,339,,0,0,0,0
1613004333503,6,1010123456026,78,,1,2,11,1,1,,8.55475,274,0,0.13552,79,0,6.83333,,0,0,0,0,0,0,0,0,0,,249,249,,0,0,0,0
1613004333752,6,1010123456026,78,,1,2,11,1,1,,7.88129,278,0,0.121478,79,0,6,,0,0,0,0,0,0,0,0,0,,255,255,,0,0,0,0
1613004334003,6,1010123456026,78,,1,2,11,1,1,,3.21447,387,118,0.081152,103,0,5.28571,,0.1,10,0,0.1,3,0,0,12.8015,31,,441,441,,0,0,0,1
1613004334252,6,1010123456026,78,,1,2,11,1,1,,8.04132,242,0,0.122667,73,0,6.33333,,0,0,0,0,0,0,0,0,0,,219,219,,0,0,0,0
1613004334502,6,1010123456026,78,,1,2,11,1,1,,9.50237,211,0,0.113478,62,0,7,,0,0,0,0,0,0,0,0,0,,186,186,,0,0,0,0
1613004334753,6,1010123456026,78,,1,2,11,1,1,,9.36214,243,270,0.130016,70,0,6.83333,,0.1,11,0,0.1,3,0,0,1.42635,31,,210,210,,0,0,0,1.54545
1613004335003,6,1010123456026,78,,1,2,11,1,1,,4.66586,413,0,0.12192,114,0,5.42857,,0,0,0,0,0,0,0,0,0,,468,468,,0,0,0,0
1613004335252,6,1010123456026,78,,1,2,11,1,1,,9.12245,98,72,0.0634859,33,0,7.33333,,0,0,0,0,0,0,0,0,0,,93,93,,0,0,0,0
1613004335503,6,1010123456026,78,,1,2,11,1,1,,7.70864,405,0,0.171104,114,0,6,,0,0,0,0,0,0,0,0,0,,360,360,,0,0,0,0
1613004335753,6,1010123456026,78,,1,2,11,1,1,,8.09254,335,0,0.158464,98,0,6.5,,0,0,0,0,0,0,0,0,0,,318,318,,0,0,0,0
1613004336002,6,1010123456026,78,,1,2,11,1,1,,6.07952,415,0,0.152353,123,0,5.71429,,0.1,12,0,0.1,4,0,0,9.97104,31,,405,405,,0,0,0,1
1613004336253,6,1010123456026,78,,1,2,11,1,1,,9.65049,309,52,0.158848,82,0,6.5,,0,0,0,0,0,0,0,0,0,,282,282,,0,0,0,0
1613004336503,6,1010123456026,78,,1,2,11,1,1,,9.53381,281,108,0.147168,79,0,6.83333,,0,0,0,0,0,0,0,0,0,,252,252,,0,0,0,0
1613004336752,6,1010123456026,78,,1,2,11,1,1,,7.1242,314,178,0.146506,91,0,6,,0,0,0,0,0,0,0,0,0,,300,300,,0,0,0,0
1613004337002,6,1010123456026,78,,1,2,11,1,1,,7.14213,394,0,0.156241,114,0,6.14286,,14.0714,56,0,0.1,16,75,0,5.49101,31,,366,366,,0,0,0,8.41071
1613004337252,6,1010123456026,78,,1,2,11,1,1,,8.316,250,0,0.120482,77,0,6.16667,,0,0,0,0,0,0,0,0,0,,219,219,,0,0,0,0
1613004337503,6,1010123456026,78,,1,2,11,1,1,,8.86758,219,0,0.102976,60,0,7,,0,0,0,0,0,0,0,0,0,,195,195,,0,0,0,0
1613004337753,6,1010123456026,78,,1,2,11,1,1,,9.71859,199,0,0.113856,60,0,6.66667,,0.1,10,0,0.1,3,0,0,1.16732,31,,174,174,,0,0,0,1.4
1613004338003,6,1010123456026,78,,1,2,11,1,1,,10.0146,205,0,0.10832,57,0,6.71429,,0,0,0,0,0,0,0,0,0,,177,177,,0,0,0,0
1613004338252,6,1010123456026,78,,1,2,11,1,1,,9.25,248,60,0.135807,72,0,6.66667,,0,0,0,0,0,0,0,0,0,,240,240,,0,0,0,0
1613004338503,6,1010123456026,78,,1,2,11,1,1,,6.37651,332,0,0.12768,93,0,6,,0,0,0,0,0,0,0,0,0,,330,330,,0,0,0,0
1613004338753,6,1010123456026,78,,1,2,11,1,1,,9.26793,265,25,0.127328,71,0,6.83333,,0,0,0,0,0,0,0,0,0,,231,231,,0,0,0,0
1613004339002,6,1010123456026,78,,1,2,11,1,1,,7.93365,211,0,0.107727,67,0,6.71429,,0.1,22,0,0.1,7,57.1429,0,1.07103,31,,189,189,,0,0,0,6.27273
1613004339253,6,1010123456026,78,,1,2,11,1,1,,6.16779,298,0,0.095808,79,0,6,,0,0,0,0,0,0,0,0,0,,261,261,,0,0,0,0
1613004339503,6,1010123456026,78,,1,2,11,1,1,,7.37458,299,0,0.13296,92,0,5.83333,,0,0,0,0,0,0,0,0,0,,267,267,,0,0,0,0
1613004339753,6,1010123456026,78,,1,2,11,1,1,,8.42912,261,0,0.12464,74,0,6.5,,0,0,0,0,0,0,0,0,0,,240,240,,0,0,0,0
1613004340003,6,1010123456026,78,,1,2,11,1,1,,8.13241,287,7,0.116352,78,0,6.42857,,0.1,18,0,0.1,5,40,0,1.16649,31,,282,282,,0,0,0,6.88889
1613004340252,6,1010123456026,78,,1,2,11,1,1,,9.54305,302,30,0.183357,92,0,6.83333,,0,0,0,0,0,0,0,0,0,,279,279,,0,0,0,0
1613004340502,6,1010123456026,78,,1,2,11,1,1,,8.61373,233,0,0.114249,67,0,6.83333,,0,0,0,0,0,0,0,0,0,,201,201,,0,0,0,0
1613004340753,6,1010123456026,78,,1,2,11,1,1,,8.14768,237,194,0.104288,65,0,6.5,,0,0,0,0,0,0,0,0,0,,231,231,,0,0,0,0
1613004341003,6,1010123456026,78,,1,2,11,1,1,,6.32308,260,0,0.11344,77,0,5.85714,,0.1,20,0,0.1,6,16.6667,0,3.5176,31,,327,327,,0,0,0,4.65
1613004341253,6,1010123456026,78,,1,2,11,1,1,,8.15421,214,0,0.106624,66,0,6.66667,,0,0,0,0,0,0,0,0,0,,192,192,,0,0,0,0
1613004341503,6,1010123456026,78,,1,2,11,1,1,,7.92537,134,0,0.060192,38,0,8,,0,0,0,0,0,0,0,0,0,,117,117,,0,0,0,0
1613004341753,6,1010123456026,78,,1,2,11,1,1,,7.75,236,0,0.114784,68,0,6,,0,0,0,0,0,0,0,0,0,,243,243,,0,0,0,0
1613004342003,6,1010123456026,78,,1,2,11,1,1,,6.25317,237,0,0.09472,70,0,5.28571,,9.14286,7,0,0.1,2,0,0,25.4314,31,,231,231,,0,0,0,1
1613004342253,6,1010123456026,78,,1,2,11,1,1,,6.89935,308,0,0.11088,84,0,5.66667,,0,0,0,0,0,0,0,0,0,,270,270,,0,0,0,0
1613004342503,6,1010123456026,78,,1,2,11,1,1,,9.42991,214,111,0.109792,59,0,6.83333,,0,0,0,0,0,0,0,0,0,,189,189,,0,0,0,0
1613004342752,6,1010123456026,78,,1,2,11,1,1,,7.79755,326,0,0.152739,100,0,6.5,,0,0,0,0,0,0,0,0,0,,294,294,,0,0,0,0
1613004343002,6,1010123456026,78,,1,2,11,1,1,,10.0222,225,82,0.124627,63,0,6.71429,,0,12,0,0,4,100,0,0,0,,198,198,,0,0,0,0
1613004343252,6,1010123456026,78,,1,2,11,1,1,,6.18707,294,0,0.107438,86,0,5.5,,0,0,0,0,0,0,0,0,0,,270,270,,0,0,0,0
1613004343503,6,1010123456026,78,,1,2,11,1,1,,4.74349,538,0,0.186112,154,0,5.33333,,0,0,0,0,0,0,0,0,0,,603,603,,0,0,0,0
1613004343753,6,1010123456026,78,,1,2,11,1,1,,7.70724,304,44,0.126784,84,0,6.33333,,0.1,10,0,0.1,3,0,0,1.60204,31,,285,285,,0,0,0,1
1613004344003,6,1010123456026,78,,1,2,11,1,1,,6.9375,352,0,0.13888,101,0,6,,0,0,0,0,0,0,0,0,0,,351,351,,0,0,0,0
1613004344253,6,1010123456026,78,,1,2,11,1,1,,7.71691,272,0,0.121184,81,0,6.16667,,0,0,0,0,0,0,0,0,0,,240,240,,0,0,0,0
1613004344503,6,1010123456026,78,,1,2,11,1,1,,10.396,202,18,0.118304,57,0,6.83333,,0,0,0,0,0,0,0,0,0,,180,180,,0,0,0,0
1613004344753,6,1010123456026,78,,1,2,11,1,1,,8.73889,180,0,0.092096,52,0,6.66667,,0,0,0,0,0,0,0,0,0,,153,153,,0,0,0,0
1613004345003,6,1010123456026,78,,1,2,11,1,1,,9.03586,251,147,0.130752,69,0,6.42857,,8.83333,24,0,0.1,6,66.6667,0,11.9876,31,,240,240,,0,0,0,7
1613004345252,6,1010123456026,78,,1,2,11,1,1,,9.76493,268,0,0.156851,81,0,6.83333,,0,0,0,0,0,0,0,0,0,,234,234,,0,0,0,0
1613004345502,6,1010123456026,78,,1,2,11,1,1,,5.47547,265,0,0.0850442,71,0,5.83333,,0,0,0,0,0,0,0,0,0,,255,255,,0,0,0,0
1613004345752,6,1010123456026,78,,1,2,11,1,1,,9.72,150,0,0.0872289,45,0,7,,0.1,11,0,0.1,3,0,0,1.65119,31,,138,138,,0,0,0,1.54545
1613004346003,6,1010123456026,78,,1,2,11,1,1,,9.12037,216,0,0.117088,63,0,6.85714,,0,0,0,0,0,0,0,0,0,,222,222,,0,0,0,0
1613004346253,6,1010123456026,78,,1,2,11,1,1,,9.60476,210,0,0.119968,64,0,7.16667,,0,0,0,0,0,0,0,0,0,,180,180,,0,0,0,0
1613004346503,6,1010123456026,78,,1,2,11,1,1,,9.92969,128,0,0.07024,34,0,6.83333,,0,0,0,0,0,0,0,0,0,,117,117,,0,0,0,0
1613004346752,6,1010123456026,78,,1,2,11,1,1,,9.03349,209,0,0.114153,62,0,7,,0,0,0,0,0,0,0,0,0,,195,195,,0,0,0,0
1613004347002,6,1010123456026,78,,1,2,11,1,1,,9.06468,201,0,0.108723,59,0,6.42857,,4.55814,43,0,0.1,12,66.6667,0,3.26338,31,,186,186,,0,0,0,7.32558
1613004347252,6,1010123456026,78,,1,2,11,1,1,,8.82375,261,0,0.117976,71,0,6.33333,,0,0,0,0,0,0,0,0,0,,225,225,,0,0,0,0
1613004347503,6,1010123456026,78,,1,2,11,1,1,,10.0994,171,87,0.11008,52,0,7,,0,0,0,0,0,0,0,0,0,,165,165,,0,0,0,0
1613004347753,6,1010123456026,78,,1,2,11,1,1,,9.48398,281,0,0.14608,80,0,6.5,,0,0,0,0,0,0,0,0,0,,237,237,,0,0,0,0
1613004348003,6,1010123456026,78,,1,2,11,1,1,,9.17143,175,0,0.097696,53,0,6.71429,,13.0455,22,0,0.1,6,66.6667,0,10.9181,31,,165,165,,0,0,0,7.13636
1613004348253,6,1010123456026,78,,1,2,11,1,1,,9.06849,146,0,0.070176,39,0,6.83333,,0,0,0,0,0,0,0,0,0,,129,129,,0,0,0,0
1613004348502,6,1010123456026,78,,1,2,11,1,1,,7.48095,210,0,0.0838554,59,0,6.16667,,0,0,0,0,0,0,0,0,0,,177,177,,0,0,0,0
1613004348753,6,1010123456026,78,,1,2,11,1,1,,8.59794,291,0,0.141632,82,0,6.5,,0,0,0,0,0,0,0,0,0,,255,255,,0,0,0,0
1613004349002,6,1010123456026,78,,1,2,11,1,1,,9.31064,235,0,0.125269,69,0,6.71429,,2.95652,23,0,0.1,7,57.1429,0,4.07595,31,,207,207,,0,0,0,6.3913
1613004349253,6,1010123456026,78,,1,2,11,1,1,,8.14173,254,418,0.125792,72,0,5.66667,,0,0,0,0,0,0,0,0,0,,252,252,,0,0,0,0
1613004349502,6,1010123456026,78,,1,2,11,1,1,,6.99419,344,0,0.15502,102,0,6.6,,0,0,0,0,0,0,0,0,0,,423,423,,0,0,0,0
1613004349753,6,1010123456026,78,,1,2,11,1,1,,3.60599,401,239,0.11344,110,0,4.5,,0,0,0,0,0,0,0,0,0,,597,597,,0,0,0,0
1613004350003,6,1010123456026,78,,1,2,11,1,1,,6.73864,264,0,0.112864,81,0,6.28571,,0,12,0,0,4,100,0,0,0,,249,249,,0,0,0,0
1613004350252,6,1010123456026,78,,1,2,11,1,1,,9.68639,169,0,0.0923695,49,0,6.83333,,0,0,0,0,0,0,0,0,0,,147,147,,0,0,0,0
1613004350503,6,1010123456026,78,,1,2,11,1,1,,5.0615,374,397,0.126208,101,0,5.33333,,0,0,0,0,0,0,0,0,0,,429,429,,0,0,0,0
1613004350752,6,1010123456026,78,,1,2,11,1,1,,4.87987,308,0,0.106378,95,0,6,,0,0,0,0,0,0,0,0,0,,336,336,,0,0,0,0
1613004351003,6,1010123456026,78,,1,2,11,1,1,,8.97531,162,0,0.081312,46,0,6.85714,,0,15,0,0.1,5,40,0,0,31,,147,147,,0,0,0,0
1613004351252,6,1010123456026,78,,1,2,11,1,1,,8.71495,214,0,0.0986345,59,0,6.33333,,0,0,0,0,0,0,0,0,0,,189,189,,0,0,0,0
1613004351502,6,1010123456026,78,,1,2,11,1,1,,8.86517,267,0,0.152,79,0,7.66667,,0,0,0,0,0,0,0,0,0,,252,252,,0,0,0,0
1613004351753,6,1010123456026,78,,1,2,11,1,1,,4.07416,445,247,0.132224,121,0,4.33333,,0,0,0,0,0,0,0,0,0,,525,525,,0,0,0,0
1613004352004,6,1010123456026,78,,1,2,11,1,1,,5.53125,384,0,0.129339,116,0,5.57143,,0.1,14,0,0.1,4,25,0,3.31361,31,,375,375,,0,0,0,3.71429
1613004352253,6,1010123456026,78,,1,2,11,1,1,,6.9403,201,0,0.0785542,59,0,7.5,,0,0,0,0,0,0,0,0,0,,192,192,,0,0,0,0
1613004352503,6,1010123456026,78,,1,2,11,1,1,,9.82979,282,0,0.156384,81,0,7,,0,0,0,0,0,0,0,0,0,,249,249,,0,0,0,0
1613004352753,6,1010123456026,78,,1,2,11,1,1,,10.1983,237,0,0.13456,68,0,6.83333,,0,0,0,0,0,0,0,0,0,,210,210,,0,0,0,0
1613004353003,6,1010123456026,78,,1,2,11,1,1,,9.72671,161,0,0.080288,44,0,7.42857,,13.9059,85,0,0.1,26,76.9231,0,6.59046,31,,147,147,,0,0,0,7.88235
1613004353253,6,1010123456026,78,,1,2,11,1,1,,7.84118,340,0,0.175232,104,0,6.16667,,0,0,0,0,0,0,0,0,0,,321,321,,0,0,0,0
1613004353503,6,1010123456026,78,,1,2,11,1,1,,9.37097,248,0,0.123776,67,0,6.83333,,0,0,0,0,0,0,0,0,0,,225,225,,0,0,0,0
1613004353752,6,1010123456026,78,,1,2,11,1,1,,11.4302,172,0,0.123406,54,0,7.66667,,0,0,0,0,0,0,0,0,0,,147,147,,0,0,0,0
1613004354003,6,1010123456026,78,,1,2,11,1,1,,10.1852,216,0,0.124032,60,0,7.14286,,6.53333,45,0,0.1,13,30.7692,0,9.62787,31,,195,195,,0,0,0,4.57778
1613004354253,6,1010123456026,78,,1,2,11,1,1,,6.01848,433,0,0.151424,123,0,5.33333,,0,0,0,0,0,0,0,0,0,,426,426,,0,0,0,0
1613004354503,6,1010123456026,78,,1,2,11,1,1,,8.08015,262,0,0.121344,80,0,5.83333,,0,0,0,0,0,0,0,0,0,,240,240,,0,0,0,0
1613004354753,6,1010123456026,78,,1,2,11,1,1,,8.41118,304,0,0.136832,84,0,6.5,,0,0,0,0,0,0,0,0,0,,270,270,,0,0,0,0
1613004355002,6,1010123456026,78,,1,2,11,1,1,,8.53488,258,0,0.131309,77,0,6.42857,,0.1,10,0,0.1,3,0,0,1.37683,31,,243,243,,0,0,0,1.8
1613004355253,6,1010123456026,78,,1,2,11,1,1,,10.782,211,0,0.1296,58,0,6.83333,,0,0,0,0,0,0,0,0,0,,189,189,,0,0,0,0
1613004355502,6,1010123456026,78,,1,2,11,1,1,,7.59399,266,17,0.1209,76,0,5.83333,,0,0,0,0,0,0,0,0,0,,240,240,,0,0,0,0
1613004355752,6,1010123456026,78,,1,2,11,1,1,,8.45238,336,0,0.16588,99,0,6.66667,,0,0,0,0,0,0,0,0,0,,300,300,,0,0,0,0
1613004356002,6,1010123456026,78,,1,2,11,1,1,,7.65361,332,0,0.149301,99,0,5.83333,,0.1,29,0,0.1,8,50,0,4.00865,31,,336,336,,0,0,0,5.34483
1613004356253,6,1010123456026,78,,1,2,11,1,1,,8.76429,280,0,0.130432,77,0,6.33333,,0,0,0,0,0,0,0,0,0,,243,243,,0,0,0,0
1613004356502,6,1010123456026,78,,1,2,11,1,1,,9.51765,255,0,0.146474,76,0,6.5,,0,0,0,0,0,0,0,0,0,,225,225,,0,0,0,0
1613004356753,6,1010123456026,78,,1,2,11,1,1,,8.66667,258,0,0.1248,72,0,7,,0,0,0,0,0,0,0,0,0,,231,231,,0,0,0,0
1613004357003,6,1010123456026,78,,1,2,11,1,1,,8.91358,243,0,0.132448,72,0,6.42857,,15,14,0,0,4,100,0,1.52228,0,,222,222,,0,0,0,10
1613004357253,6,1010123456026,78,,1,2,11,1,1,,9.04739,211,30,0.109024,62,0,6.5,,0,0,0,0,0,0,0,0,0,,186,186,,0,0,0,0
1613004357503,6,1010123456026,78,,1,2,11,1,1,,7.12637,182,91,0.071488,48,0,6.16667,,0,0,0,0,0,0,0,0,0,,189,189,,0,0,0,0
1613004357753,6,1010123456026,78,,1,2,11,1,1,,8.84977,213,105,0.109984,64,0,6.66667,,0,0,0,0,0,0,0,0,0,,192,192,,0,0,0,0
1613004358003,6,1010123456026,78,,1,2,11,1,1,,9.86574,216,0,0.12448,66,0,7.42857,,9.72414,29,0,0.1,9,44.4444,0,12.7849,31,,189,189,,0,0,0,5.03448
1613004358252,6,1010123456026,78,,1,2,11,1,1,,8.45794,214,0,0.113703,63,0,6.4,,0,0,0,0,0,0,0,0,0,,198,198,,0,0,0,0
1613004358503,6,1010123456026,78,,1,2,11,1,1,,8.02485,322,177,0.142272,87,0,6.16667,,0,0,0,0,0,0,0,0,0,,291,291,,0,0,0,0
1613004358753,6,1010123456026,78,,1,2,11,1,1,,7.4,220,13,0.088544,67,0,6.16667,,0,0,0,0,0,0,0,0,0,,207,207,,0,0,0,0
1613004359003,6,1010123456026,78,,1,2,11,1,1,,8.97468,158,0,0.086784,47,0,5.71429,,0.1,12,0,0.1,3,0,0,2.1139,31,,141,141,,0,0,0,2.33333
1613004359253,6,1010123456026,78,,1,2,11,1,1,,7.05449,312,0,0.142336,90,0,6.83333,,0,0,0,0,0,0,0,0,0,,321,321,,0,0,0,0
1613004359503,6,1010123456026,78,,1,2,11,1,1,,8.93104,377,0,0.18944,106,0,6.66667,,0,0,0,0,0,0,0,0,0,,360,360,,0,0,0,0
1613004359753,6,1010123456026,78,,1,2,11,1,1,,9.94536,183,0,0.107072,51,0,7,,0,0,0,0,0,0,0,0,0,,165,165,,0,0,0,0
1613004360002,6,1010123456026,78,,1,2,11,1,1,,8.01923,260,0,0.125655,74,0,7,,0.1,20,0,0.1,6,16.6667,0,1.83021,31,,267,267,,0,0,0,2.65
1613004360252,6,1010123456026,78,,1,2,11,1,1,,9.45041,242,0,0.136353,74,0,7,,0,0,0,0,0,0,0,0,0,,213,213,,0,0,0,0
1613004360502,6,1010123456026,78,,1,2,11,1,1,,7.14749,339,6,0.138185,90,0,5.66667,,0,0,0,0,0,0,0,0,0,,312,312,,0,0,0,0
1613004360753,6,1010123456026,78,,1,2,11,1,1,,6.73901,364,0,0.1416,104,0,6.16667,,0,0,0,0,0,0,0,0,0,,330,330,,0,0,0,0
1613004361003,6,1010123456026,78,,1,2,11,1,1,,8.4898,196,0,0.095584,60,0,6.14286,,0.1,28,0,0.1,8,62.5,0,0.705149,31,,174,174,,0,0,0,7.42857
1613004361252,6,1010123456026,78,,1,2,11,1,1,,10.2868,129,0,0.0810924,40,0,6.5,,0,0,0,0,0,0,0,0,0,,111,111,,0,0,0,0
1613004361503,6,1010123456026,78,,1,2,11,1,1,,10.1298,208,0,0.118592,59,0,6.33333,,0,0,0,0,0,0,0,0,0,,183,183,,0,0,0,0
1613004361753,6,1010123456026,78,,1,2,11,1,1,,8.76744,258,0,0.125152,73,0,6.5,,0,0,0,0,0,0,0,0,0,,225,225,,0,0,0,0
1613004362003,6,1010123456026,78,,1,2,11,1,1,,8,239,42,0.098496,62,0,6.42857,,0.1,10,0,0.1,3,0,0,11.1795,31,,219,219,,0,0,0,1.3
1613004362252,6,1010123456026,78,,1,2,11,1,1,,9.1676,179,0,0.098249,57,0,6.83333,,0,0,0,0,0,0,0,0,0,,153,153,,0,0,0,0
1613004362503,6,1010123456026,78,,1,2,11,1,1,,3.28454,485,0,0.130304,138,0,4.16667,,0,0,0,0,0,0,0,0,0,,669,669,,0,0,0,0
1613004362753,6,1010123456026,78,,1,2,11,1,1,,9.78509,228,0,0.126976,64,0,6.83333,,0,0,0,0,0,0,0,0,0,,201,201,,0,0,0,0
1613004363003,6,1010123456026,78,,1,2,11,1,1,,9.22509,271,54,0.14576,79,0,6.42857,,6.23684,38,0,0.1,11,72.7273,0,2.85662,31,,246,246,,0,0,0,7.71053
1613004363253,6,1010123456026,78,,1,2,11,1,1,,8.13978,279,0,0.125856,79,0,6.5,,0,0,0,0,0,0,0,0,0,,246,246,,0,0,0,0
1613004363503,6,1010123456026,78,,1,2,11,1,1,,9.73292,161,0,0.092,49,0,6.83333,,0,0,0,0,0,0,0,0,0,,138,138,,0,0,0,0
1613004363753,6,1010123456026,78,,1,2,11,1,1,,6.20772,337,0,0.118112,96,0,5.33333,,0,0,0,0,0,0,0,0,0,,318,318,,0,0,0,0
1613004364003,6,1010123456026,78,,1,2,11,1,1,,7.82213,253,0,0.110624,70,0,6.57143,,0.1,10,0,0.1,3,0,0,2.15433,31,,231,231,,0,0,0,2.2
1613004364253,6,1010123456026,78,,1,2,11,1,1,,8.26602,312,0,0.151296,85,0,6.16667,,0,0,0,0,0,0,0,0,0,,318,318,,0,0,0,0
1613004364502,6,1010123456026,78,,1,2,11,1,1,,6.29206,315,0,0.124369,95,0,5,,0,0,0,0,0,0,0,0,0,,303,303,,0,0,0,0
1613004364752,6,1010123456026,78,,1,2,11,1,1,,5.31464,321,0,0.108305,95,0,5.66667,,0,0,0,0,0,0,0,0,0,,333,333,,0,0,0,0
1613004365003,6,1010123456026,78,,1,2,11,1,1,,8.40807,223,0,0.114336,64,0,6.28571,,10.7368,19,0,0.1,6,66.6667,0,10.1129,31,,207,207,,0,0,0,6.68421
1613004365253,6,1010123456026,78,,1,2,11,1,1,,6.91418,268,0,0.1056,77,0,6.5,,0,0,0,0,0,0,0,0,0,,240,240,,0,0,0,0
1613004365503,6,1010123456026,78,,1,2,11,1,1,,5.1682,434,0,0.125952,121,0,5,,0,0,0,0,0,0,0,0,0,,438,438,,0,0,0,0
1613004365753,6,1010123456026,78,,1,2,11,1,1,,7.77288,295,0,0.131456,87,0,6.33333,,0,0,0,0,0,0,0,0,0,,258,258,,0,0,0,0
1613004366003,6,1010123456026,78,,1,2,11,1,1,,9.25215,349,0,0.18416,99,0,6.85714,,0.1,22,0,0.1,6,16.6667,0,14.947,31,,318,318,,0,0,0,2.63636
1613004366253,6,1010123456026,78,,1,2,11,1,1,,9.80357,224,0,0.129376,66,0,6.83333,,0,0,0,0,0,0,0,0,0,,198,198,,0,0,0,0
1613004366503,6,1010123456026,78,,1,2,11,1,1,,8.33224,304,0,0.152416,88,0,6.33333,,0,0,0,0,0,0,0,0,0,,309,309,,0,0,0,0
1613004366753,6,1010123456026,78,,1,2,11,1,1,,5.18868,318,0,0.107232,91,0,5.5,,0,0,0,0,0,0,0,0,0,,342,342,,0,0,0,0
1613004367003,6,1010123456026,78,,1,2,11,1,1,,9.7169,219,0,0.123968,60,0,6.71429,,14.5263,19,0,0.1,6,66.6667,0,6.37025,31,,216,216,,0,0,0,6.84211
1613004367252,6,1010123456026,78,,1,2,11,1,1,,7.51323,189,102,0.0824739,50,0,5.66667,,0,0,0,0,0,0,0,0,0,,165,165,,0,0,0,0
1613004367503,6,1010123456026,78,,1,2,11,1,1,,6.225,360,0,0.13504,111,0,6.33333,,0,0,0,0,0,0,0,0,0,,354,354,,0,0,0,0
1613004367753,6,1010123456026,78,,1,2,11,1,1,,9.01724,232,0,0.108352,60,0,6.66667,,0,0,0,0,0,0,0,0,0,,210,210,,0,0,0,0
1613004368003,6,1010123456026,78,,1,2,11,1,1,,6.6441,458,0,0.178112,133,0,6.14286,,0.258065,31,0,0.1,9,11.1111,0,4.97517,31,,426,426,,0,0,0,2.90323
1613004368253,6,1010123456026,78,,1,2,11,1,1,,9.96323,136,0,0.071008,40,0,6.83333,,0,0,0,0,0,0,0,0,0,,117,117,,0,0,0,0
1613004368503,6,1010123456026,78,,1,2,11,1,1,,11.2152,223,0,0.149632,65,0,7.33333,,0,0,0,0,0,0,0,0,0,,198,198,,0,0,0,0
1613004368752,6,1010123456026,78,,1,2,11,1,1,,5.67718,412,0,0.147534,123,0,4.66667,,0.1,12,0,0,3,100,0,0.1,0,,384,384,,0,0,0,10
1613004369003,6,1010123456026,78,,1,2,11,1,1,,7.83394,277,250,0.128512,74,0,7,,14.4762,84,0,0.152576,26,80.7692,0,5.95994,31,,291,291,,0,0,0,8.28571
1613004369252,6,1010123456026,78,,1,2,11,1,1,,6.87397,365,0,0.156851,105,0,6.8,,0,0,0,0,0,0,0,0,0,,405,405,,0,0,0,0
1613004369503,6,1010123456026,78,,1,2,11,1,1,,7.60985,264,63,0.121504,80,0,6.16667,,0,0,0,0,0,0,0,0,0,,240,240,,0,0,0,0
1613004369753,6,1010123456026,78,,1,2,11,1,1,,8.18846,260,18,0.110112,72,0,6.33333,,0,0,0,0,0,0,0,0,0,,231,231,,0,0,0,0
1613004370003,6,1010123456026,78,,1,2,11,1,1,,6.36774,310,0,0.127744,94,0,6.14286,,0.1,11,0,0.1,3,0,0,2.08307,31,,306,306,,0,0,0,1.54545
1613004370253,6,1010123456026,78,,1,2,11,1,1,,9.00485,206,0,0.103264,58,0,7.33333,,0,0,0,0,0,0,0,0,0,,180,180,,0,0,0,0
1613004370503,6,1010123456026,78,,1,2,11,1,1,,10.656,218,0,0.138848,64,0,6.83333,,0,0,0,0,0,0,0,0,0,,189,189,,0,0,0,0
1613004370753,6,1010123456026,78,,1,2,11,1,1,,9.725,280,0,0.162624,81,0,6.83333,,0,0,0,0,0,0,0,0,0,,255,255,,0,0,0,0
1613004371003,6,1010123456026,78,,1,2,11,1,1,,8.51111,180,0,0.082016,51,0,6.14286,,0.1,38,0,0.1,11,72.7273,0,3.26376,31,,162,162,,0,0,0,7.5
1613004371253,6,1010123456026,78,,1,2,11,1,1,,7.64437,284,0,0.130592,80,0,6.16667,,0,0,0,0,0,0,0,0,0,,288,288,,0,0,0,0
1613004371503,6,1010123456026,78,,1,2,11,1,1,,9.46561,189,0,0.098816,55,0,6.66667,,0,0,0,0,0,0,0,0,0,,165,165,,0,0,0,0
1613004371753,6,1010123456026,78,,1,2,11,1,1,,7.60079,253,0,0.125856,77,0,5.66667,,0,0,0,0,0,0,0,0,0,,261,261,,0,0,0,0
1613004372003,6,1010123456026,78,,1,2,11,1,1,,6.91877,357,87,0.133408,97,0,5.85714,,15,14,0,0,4,100,0,2.21357,0,,348,348,,0,0,0,10
1613004372253,6,1010123456026,78,,1,2,11,1,1,,7.76834,259,0,0.121856,81,0,6.5,,0,0,0,0,0,0,0,0,0,,243,243,,0,0,0,0
1613004372503,6,1010123456026,78,,1,2,11,1,1,,10.1158,190,0,0.098976,48,0,6.83333,,0,0,0,0,0,0,0,0,0,,177,177,,0,0,0,0
1613004372753,6,1010123456026,78,,1,2,11,1,1,,8.48617,253,0,0.13664,75,0,6.33333,,0,0,0,0,0,0,0,0,0,,225,225,,0,0,0,0
1613004373002,6,1010123456026,78,,1,2,11,1,1,,8.52261,199,0,0.102008,61,0,6.71429,,6.19608,51,0,0.1,15,80,0,3.83524,31,,177,177,,0,0,0,8.05882
1613004373252,6,1010123456026,78,,1,2,11,1,1,,7.57073,205,82,0.0826345,52,0,6.16667,,0,0,0,0,0,0,0,0,0,,192,192,,0,0,0,0
1613004373503,6,1010123456026,78,,1,2,11,1,1,,1.8979,666,0,0.150144,194,0,3.33333,,0,0,0,0,0,0,0,0,0,,1011,1011,,0,0,0,0
1613004373753,6,1010123456026,78,,1,2,11,1,1,,9.74748,198,125,0.106112,54,0,7,,0,0,0,0,0,0,0,0,0,,180,180,,0,0,0,0
1613004374003,6,1010123456026,78,,1,2,11,1,1,,11.1737,190,158,0.131392,58,0,8.57143,,12.6545,110,0,0.1,36,86.1111,0,6.48889,31,,162,162,,0,0,0,8.72727
1613004374253,6,1010123456026,78,,1,2,11,1,1,,9.41667,264,0,0.145984,77,0,6.66667,,0,0,0,0,0,0,0,0,0,,231,231,,0,0,0,0
1613004374503,6,1010123456026,78,,1,2,11,1,1,,9.53158,190,0,0.097504,52,0,6.66667,,0,0,0,0,0,0,0,0,0,,171,171,,0,0,0,0
1613004374753,6,1010123456026,78,,1,2,11,1,1,,9.27044,159,5,0.086368,46,0,7,,0,0,0,0,0,0,0,0,0,,144,144,,0,0,0,0
1613004375003,6,1010123456026,78,,1,2,11,1,1,,7.46199,171,0,0.077504,52,0,6.71429,,0,11,0,0,4,100,0,0,0,,165,165,,0,0,0,0
1613004375253,6,1010123456026,78,,1,2,11,1,1,,9.95359,237,0,0.140352,70,0,6.5,,0,0,0,0,0,0,0,0,0,,207,207,,0,0,0,0
1613004375503,6,1010123456026,78,,1,2,11,1,1,,7.23113,212,0,0.082688,58,0,6.16667,,0,0,0,0,0,0,0,0,0,,195,195,,0,0,0,0
1613004375752,6,1010123456026,78,,1,2,11,1,1,,6.39578,379,0,0.146281,111,0,6,,0.1,10,0,0.1,3,0,0,1.71159,31,,369,369,,0,0,0,1.4
1613004376003,6,1010123456026,78,,1,2,11,1,1,,7,270,101,0.110304,73,0,5.85714,,0,0,0,0,0,0,0,0,0,,267,267,,0,0,0,0
1613004376253,6,1010123456026,78,,1,2,11,1,1,,5.19048,525,0,0.185088,153,0,6.33333,,0,0,0,0,0,0,0,0,0,,657,657,,0,0,0,0
1613004376503,6,1010123456026,78,,1,2,11,1,1,,8.8247,251,20,0.132288,76,0,6.33333,,0,0,0,0,0,0,0,0,0,,225,225,,0,0,0,0
1613004376753,6,1010123456026,78,,1,2,11,1,1,,9.78814,118,0,0.064544,30,0,6.66667,,0,0,0,0,0,0,0,0,0,,99,99,,0,0,0,0
1613004377003,6,1010123456026,78,,1,2,11,1,1,,8.71808,188,0,0.092704,55,0,6.71429,,9.65385,52,0,0.1,15,53.3333,0,9.59681,31,,171,171,,0,0,0,5.82692
1613004377253,6,1010123456026,78,,1,2,11,1,1,,9.40094,212,0,0.111136,62,0,6.66667,,0,0,0,0,0,0,0,0,0,,192,192,,0,0,0,0
1613004377503,6,1010123456026,78,,1,2,11,1,1,,10.4667,180,0,0.109888,52,0,7.16667,,0,0,0,0,0,0,0,0,0,,156,156,,0,0,0,0
1613004377752,6,1010123456026,78,,1,2,11,1,1,,6.20459,479,0,0.205237,140,0,5.16667,,0,0,0,0,0,0,0,0,0,,573,573,,0,0,0,0
1613004378003,6,1010123456026,78,,1,2,11,1,1,,9.19919,246,0,0.129728,71,0,5.85714,,0.1,30,0,0.1,8,62.5,0,5.07369,31,,222,222,,0,0,0,7.03333
1613004378253,6,1010123456026,78,,1,2,11,1,1,,7.88016,242,0,0.10448,69,0,6.16667,,0,0,0,0,0,0,0,0,0,,219,219,,0,0,0,0
1613004378503,6,1010123456026,78,,1,2,11,1,1,,8.2234,188,0,0.08208,53,0,6.66667,,0,0,0,0,0,0,0,0,0,,168,168,,0,0,0,0
1613004378753,6,1010123456026,78,,1,2,11,1,1,,5.18782,394,131,0.117952,106,0,5.5,,0.1,14,0,0.1,4,50,0,1.51596,31,,393,393,,0,0,0,6.14286
1613004379003,6,1010123456026,78,,1,2,11,1,1,,6.69042,407,311,0.183392,123,0,5.85714,,0.1,38,0,0.1,12,83.3333,0,0.528962,31,,486,486,,0,0,0,8.42105
1613004379253,6,1010123456026,78,,1,2,11,1,1,,8.09386,277,0,0.13712,81,0,7.5,,0,0,0,0,0,0,0,0,0,,267,267,,0,0,0,0
1613004379503,6,1010123456026,78,,1,2,11,1,1,,8.39819,221,0,0.104192,66,0,5.83333,,0,0,0,0,0,0,0,0,0,,192,192,,0,0,0,0
1613004379753,6,1010123456026,78,,1,2,11,1,1,,6.02956,406,255,0.144096,109,0,5.66667,,0,0,0,0,0,0,0,0,0,,399,399,,0,0,0,0
1613004380002,6,1010123456026,78,,1,2,11,1,1,,7.28571,259,0,0.107373,81,0,6.57143,,0.1,17,0,0.1,5,20,0,1.27031,31,,246,246,,0,0,0,3.35294
1613004380253,6,1010123456026,78,,1,2,11,1,1,,10.0677,133,0,0.080896,41,0,7,,0,0,0,0,0,0,0,0,0,,114,114,,0,0,0,0
1613004380503,6,1010123456026,78,,1,2,11,1,1,,11.2184,174,0,0.112288,50,0,7.5,,0,0,0,0,0,0,0,0,0,,150,150,,0,0,0,0
1613004380753,6,1010123456026,78,,1,2,11,1,1,,9.47826,184,0,0.097088,53,0,6.83333,,0,0,0,0,0,0,0,0,0,,159,159,,0,0,0,0
1613004381003,6,1010123456026,78,,1,2,11,1,1,,7.88312,308,18,0.130752,82,0,6,,0.1,37,0,0.1,10,70,0,0.661686,31,,309,309,,0,0,0,8
1613004381253,6,1010123456026,78,,1,2,11,1,1,,6.00662,302,0,0.112096,92,0,6,,0,0,0,0,0,0,0,0,0,,264,264,,0,0,0,0
1613004381503,6,1010123456026,78,,1,2,11,1,1,,9.02655,226,0,0.1152,66,0,6.16667,,0,0,0,0,0,0,0,0,0,,201,201,,0,0,0,0
1613004381752,6,1010123456026,78,,1,2,11,1,1,,6.07796,372,0,0.155534,108,0,5.83333,,0.1,10,0,0.1,3,0,0,1.77605,31,,468,468,,0,0,0,1.8
1613004382003,6,1010123456026,78,,1,2,11,1,1,,9.68889,225,3,0.124,61,0,6.57143,,0,0,0,0,0,0,0,0,0,,204,204,,0,0,0,0
1613004382253,6,1010123456026,78,,1,2,11,1,1,,8.5348,273,0,0.135936,80,0,6.8,,0,0,0,0,0,0,0,0,0,,234,234,,0,0,0,0
1613004382503,6,1010123456026,78,,1,2,11,1,1,,9.78027,223,18,0.115392,61,0,6.8,,0,0,0,0,0,0,0,0,0,,195,195,,0,0,0,0
1613004382753,6,1010123456026,78,,1,2,11,1,1,,8.91409,291,119,0.150816,86,0,6.33333,,0,0,0,0,0,0,0,0,0,,264,264,,0,0,0,0
1613004383003,6,1010123456026,78,,1,2,11,1,1,,9.9763,211,0,0.12896,61,0,8.57143,,0.1,15,0,0.1,4,0,0,8.38648,31,,183,183,,0,0,0,3.4
1613004383253,6,1010123456026,78,,1,2,11,1,1,,7.85209,311,0,0.137248,87,0,6.16667,,0,0,0,0,0,0,0,0,0,,285,285,,0,0,0,0
1613004383503,6,1010123456026,78,,1,2,11,1,1,,9.4153,366,0,0.195904,102,0,6.66667,,0,0,0,0,0,0,0,0,0,,333,333,,0,0,0,0
1613004383753,6,1010123456026,78,,1,2,11,1,1,,6.01373,437,0,0.169312,130,0,5.5,,0,9,0,0,3,100,0,0,0,,408,408,,0,0,0,0
1613004384003,6,1010123456026,78,,1,2,11,1,1,,9.45146,206,0,0.109728,61,0,6.71429,,0.1,34,0,0.1,10,50,0,1.51811,31,,189,189,,0,0,0,5.61765
1613004384253,6,1010123456026,78,,1,2,11,1,1,,6.07432,296,0,0.106656,84,0,6.2,,0,0,0,0,0,0,0,0,0,,258,258,,0,0,0,0
1613004384503,6,1010123456026,78,,1,2,11,1,1,,8.57692,234,0,0.124736,69,0,6,,0,0,0,0,0,0,0,0,0,,219,219,,0,0,0,0
1613004384753,6,1010123456026,78,,1,2,11,1,1,,8.43561,264,0,0.113056,71,0,6,,0,0,0,0,0,0,0,0,0,,228,228,,0,0,0,0
1613004385003,6,1010123456026,78,,1,2,11,1,1,,5.5102,343,30,0.11248,96,0,6,,0.1,18,0,0.1,5,40,0,7.6854,31,,306,306,,0,0,0,4.22222
1613004385253,6,1010123456026,78,,1,2,11,1,1,,8.34875,281,0,0.129536,87,0,6.33333,,0,0,0,0,0,0,0,0,0,,240,240,,0,0,0,0
1613004385503,6,1010123456026,78,,1,2,11,1,1,,8.72222,252,0,0.124928,72,0,6.66667,,0,0,0,0,0,0,0,0,0,,228,228,,0,0,0,0
1613004385753,6,1010123456026,78,,1,2,11,1,1,,9.88991,218,5,0.113792,60,0,6.2,,0.1,12,0,0,3,100,0,0.54396,0,,189,189,,0,0,0,10
1613004386003,6,1010123456026,78,,1,2,11,1,1,,6.55505,218,0,0.088864,64,0,6.14286,,0.1,15,0,0.1,4,25,0,1.49751,31,,192,192,,0,0,0,3.6
1613004386253,6,1010123456026,78,,1,2,11,1,1,,5.99128,344,0,0.128512,99,0,6,,0,0,0,0,0,0,0,0,0,,348,348,,0,0,0,0
1613004386503,6,1010123456026,78,,1,2,11,1,1,,6.125,272,89,0.100768,79,0,5.83333,,0,0,0,0,0,0,0,0,0,,273,273,,0,0,0,0
1613004386752,6,1010123456026,78,,1,2,11,1,1,,10.3136,169,0,0.102265,48,0,7.33333,,0,0,0,0,0,0,0,0,0,,144,144,,0,0,0,0
1613004387003,6,1010123456026,78,,1,2,11,1,1,,7.83196,363,0,0.169696,106,0,6.14286,,0.1,13,0,0.1,4,0,0,11.4431,31,,333,333,,0,0,0,1.46154
1613004387253,6,1010123456026,78,,1,2,11,1,1,,8.58036,112,0,0.059584,32,0,6.83333,,0,0,0,0,0,0,0,0,0,,102,102,,0,0,0,0
1613004387503,6,1010123456026,78,,1,2,11,1,1,,6.9061,213,0,0.08816,62,0,6.16667,,0,0,0,0,0,0,0,0,0,,216,216,,0,0,0,0
1613004387753,6,1010123456026,78,,1,2,11,1,1,,8.29435,248,0,0.109408,68,0,6.16667,,0,0,0,0,0,0,0,0,0,,231,231,,0,0,0,0
1613004388003,6,1010123456026,78,,1,2,11,1,1,,10.6239,117,58,0.080224,37,0,7.71429,,15.8118,85,0,0.1,28,85.7143,0,5.08063,31,,108,108,,0,0,0,8.72941
1613004388253,6,1010123456026,78,,1,2,11,1,1,,8.16335,251,0,0.11248,72,0,6.33333,,0,0,0,0,0,0,0,0,0,,216,216,,0,0,0,0
1613004388503,6,1010123456026,78,,1,2,11,1,1,,8.53927,191,0,0.094944,56,0,6.5,,0,0,0,0,0,0,0,0,0,,180,180,,0,0,0,0
1613004388753,6,1010123456026,78,,1,2,11,1,1,,4.98554,415,45,0.151328,119,0,5,,0,0,0,0,0,0,0,0,0,,528,528,,0,0,0,0
1613004389003,6,1010123456026,78,,1,2,11,1,1,,8.79433,141,0,0.06,36,0,6.85714,,0.1,10,0,0.1,3,0,0,1.41945,31,,117,117,,0,0,0,3.2
1613004389253,6,1010123456026,78,,1,2,11,1,1,,9.86975,238,0,0.13504,71,0,7,,0,0,0,0,0,0,0,0,0,,204,204,,0,0,0,0
1613004389503,6,1010123456026,78,,1,2,11,1,1,,7.04194,310,0,0.153344,92,0,6.16667,,0,0,0,0,0,0,0,0,0,,366,366,,0,0,0,0
1613004389753,6,1010123456026,78,,1,2,11,1,1,,7.34037,379,0,0.165088,109,0,6.16667,,0.1,10,0,0.1,3,0,0,1.39022,31,,348,348,,0,0,0,1.4
1613004390003,6,1010123456026,78,,1,2,11,1,1,,8.92308,208,5,0.10336,58,0,6.57143,,0,0,0,0,0,0,0,0,0,,195,195,,0,0,0,0
1613004390253,6,1010123456026,78,,1,2,11,1,1,,8.50746,134,0,0.065728,40,0,7,,0,0,0,0,0,0,0,0,0,,114,114,,0,0,0,0
1613004390503,6,1010123456026,78,,1,2,11,1,1,,10.4078,206,0,0.118656,59,0,7.16667,,0,0,0,0,0,0,0,0,0,,177,177,,0,0,0,0
1613004390753,6,1010123456026,78,,1,2,11,1,1,,7.62357,263,0,0.110112,72,0,6.33333,,0.1,10,0,0.1,3,0,0,0.780335,31,,231,231,,0,0,0,3.5
1613004391003,6,1010123456026,78,,1,2,11,1,1,,3.70833,456,363,0.119072,128,0,4.42857,,0,0,0,0,0,0,0,0,0,,525,525,,0,0,0,0
1613004391253,6,1010123456026,78,,1,2,11,1,1,,6.02529,435,0,0.15056,127,0,6.16667,,0,0,0,0,0,0,0,0,0,,429,429,,0,0,0,0
1613004391503,6,1010123456026,78,,1,2,11,1,1,,7.98658,298,0,0.14848,89,0,6.33333,,0,0,0,0,0,0,0,0,0,,339,339,,0,0,0,0
1613004391753,6,1010123456026,78,,1,2,11,1,1,,7.5245,347,0,0.144032,93,0,6.83333,,0,0,0,0,0,0,0,0,0,,324,324,,0,0,0,0
1613004392003,6,1010123456026,78,,1,2,11,1,1,,5.52066,363,0,0.131008,111,0,5,,6.5,24,0,0.1,7,57.1429,0,5.14275,31,,414,414,,0,0,0,7.16667
1613004392253,6,1010123456026,78,,1,2,11,1,1,,7.97518,282,0,0.127744,80,0,6.5,,0,0,0,0,0,0,0,0,0,,264,264,,0,0,0,0
1613004392503,6,1010123456026,78,,1,2,11,1,1,,7.30534,393,0,0.171232,116,0,5.83333,,0,0,0,0,0,0,0,0,0,,384,384,,0,0,0,0
1613004392752,6,1010123456026,78,,1,2,11,1,1,,8.89494,257,0,0.130731,73,0,6.33333,,0,0,0,0,0,0,0,0,0,,225,225,,0,0,0,0
1613004393003,6,1010123456026,78,,1,2,11,1,1,,8.40244,246,89,0.115136,68,0,6.71429,,0.1,12,0,0.1,3,0,0,12.0568,31,,243,243,,0,0,0,1
1613004393253,6,1010123456026,78,,1,2,11,1,1,,8.22302,278,471,0.132992,78,0,6,,0,0,0,0,0,0,0,0,0,,270,270,,0,0,0,0
1613004393503,6,1010123456026,78,,1,2,11,1,1,,8.3082,305,0,0.161376,94,0,7,,0,0,0,0,0,0,0,0,0,,288,288,,0,0,0,0
1613004393753,6,1010123456026,78,,1,2,11,1,1,,7.28024,339,0,0.158336,97,0,6.33333,,0,0,0,0,0,0,0,0,0,,375,375,,0,0,0,0
1613004394003,6,1010123456026,78,,1,2,11,1,1,,9.34722,288,17,0.140768,77,0,6.85714,,0.1,11,0,0.1,3,0,0,1.65631,31,,258,258,,0,0,0,1.54545
1613004394253,6,1010123456026,78,,1,2,11,1,1,,10.3669,169,0,0.107456,51,0,7.33333,,0,0,0,0,0,0,0,0,0,,147,147,,0,0,0,0
1613004394503,6,1010123456026,78,,1,2,11,1,1,,6.47009,351,0,0.134496,104,0,5.83333,,0,0,0,0,0,0,0,0,0,,348,348,,0,0,0,0
1613004394753,6,1010123456026,78,,1,2,11,1,1,,10.2949,217,0,0.12896,62,0,7,,0,0,0,0,0,0,0,0,0,,189,189,,0,0,0,0
1613004395003,6,1010123456026,78,,1,2,11,1,1,,8.04445,360,7,0.16352,100,0,6.33333,,7.86842,38,0,0.1,12,66.6667,0,3.60494,31,,339,339,,0,0,0,7.15789
1613004395253,6,1010123456026,78,,1,2,11,1,1,,6.27143,350,98,0.132032,99,0,5.33333,,0,0,0,0,0,0,0,0,0,,324,324,,0,0,0,0
1613004395503,6,1010123456026,78,,1,2,11,1,1,,7.82156,269,0,0.12864,83,0,7,,0,0,0,0,0,0,0,0,0,,240,240,,0,0,0,0
1613004395753,6,1010123456026,78,,1,2,11,1,1,,10.2349,149,0,0.085888,43,0,7,,0,0,0,0,0,0,0,0,0,,129,129,,0,0,0,0
1613004396003,6,1010123456026,78,,1,2,11,1,1,,7.78746,287,0,0.128224,81,0,6.57143,,4.15686,51,0,0.1,14,85.7143,0,3.93372,31,,279,279,,0,0,0,8.58823
1613004396253,6,1010123456026,78,,1,2,11,1,1,,9.18293,164,0,0.084928,51,0,6.66667,,0,0,0,0,0,0,0,0,0,,141,141,,0,0,0,0
1613004396503,6,1010123456026,78,,1,2,11,1,1,,4.71035,290,0,0.081248,83,0,5.5,,0,0,0,0,0,0,0,0,0,,285,285,,0,0,0,0
1613004396753,6,1010123456026,78,,1,2,11,1,1,,8.0936,203,0,0.093312,58,0,6.33333,,0,0,0,0,0,0,0,0,0,,180,180,,0,0,0,0
1613004397003,6,1010123456026,78,,1,2,11,1,1,,5.38994,318,0,0.112352,92,0,6.42857,,0.1,13,0,0.1,4,0,0,10.0464,31,,315,315,,0,0,0,1.23077
1613004397252,6,1010123456026,78,,1,2,11,1,1,,8.311,209,0,0.0986988,60,0,6,,0,0,0,0,0,0,0,0,0,,186,186,,0,0,0,0
1613004397503,6,1010123456026,78,,1,2,11,1,1,,9.72,200,0,0.102976,54,0,6.83333,,0,0,0,0,0,0,0,0,0,,174,174,,0,0,0,0
1613004397753,6,1010123456026,78,,1,2,11,1,1,,10.0225,178,0,0.107744,54,0,7.16667,,0,0,0,0,0,0,0,0,0,,156,156,,0,0,0,0
1613004398003,6,1010123456026,78,,1,2,11,1,1,,9.84,150,0,0.09072,43,0,8,,8.30556,36,0,0.1,11,72.7273,0,4.36707,31,,141,141,,0,0,0,7.5
1613004398253,6,1010123456026,78,,1,2,11,1,1,,9.67172,198,0,0.108928,57,0,7,,0,0,0,0,0,0,0,0,0,,171,171,,0,0,0,0
1613004398502,6,1010123456026,78,,1,2,11,1,1,,7.42042,333,276,0.153285,90,0,6.33333,,0,0,0,0,0,0,0,0,0,,315,315,,0,0,0,0
1613004398753,6,1010123456026,78,,1,2,11,1,1,,5.52066,363,0,0.134752,110,0,6.33333,,0,0,0,0,0,0,0,0,0,,396,396,,0,0,0,0
1613004399003,6,1010123456026,78,,1,2,11,1,1,,7.38591,298,20,0.131424,82,0,6.28571,,0.1,26,0,0.1,8,50,0,5.66323,31,,309,309,,0,0,0,5.26923
1613004399253,6,1010123456026,78,,1,2,11,1,1,,10.7452,208,0,0.139296,63,0,6.83333,,0,0,0,0,0,0,0,0,0,,180,180,,0,0,0,0
1613004399502,6,1010123456026,78,,1,2,11,1,1,,9.01422,211,0,0.108916,60,0,6.66667,,0,0,0,0,0,0,0,0,0,,189,189,,0,0,0,0
1613004399753,6,1010123456026,78,,1,2,11,1,1,,8.84058,276,0,0.146656,78,0,6.5,,0,0,0,0,0,0,0,0,0,,249,249,,0,0,0,0
1613004400003,6,1010123456026,78,,1,2,11,1,1,,8.68844,199,0,0.09456,55,0,6.42857,,15,14,0,0,4,100,0,2.26578,0,,177,177,,0,0,0,10
1613004400253,6,1010123456026,78,,1,2,11,1,1,,9.88235,221,0,0.133024,66,0,7.16667,,0,0,0,0,0,0,0,0,0,,201,201,,0,0,0,0
1613004400503,6,1010123456026,78,,1,2,11,1,1,,8.79907,214,0,0.103232,61,0,6.66667,,0,0,0,0,0,0,0,0,0,,183,183,,0,0,0,0
1613004400753,6,1010123456026,78,,1,2,11,1,1,,6.45221,272,0,0.090112,73,0,5.33333,,0.1,14,0,0.1,4,25,0,0.907003,31,,270,270,,0,0,0,4.14286
1613004401003,6,1010123456026,78,,1,2,11,1,1,,8.09009,222,67,0.109248,67,0,6.57143,,0,0,0,0,0,0,0,0,0,,219,219,,0,0,0,0
1613004401253,6,1010123456026,78,,1,2,11,1,1,,9.90323,186,0,0.112672,54,0,7,,0,0,0,0,0,0,0,0,0,,159,159,,0,0,0,0
1613004401503,6,1010123456026,78,,1,2,11,1,1,,7.2782,266,574,0.122976,72,0,6,,0,0,0,0,0,0,0,0,0,,330,330,,0,0,0,0
1613004401753,6,1010123456026,78,,1,2,11,1,1,,2.71499,607,0,0.151072,178,0,4.16667,,0,0,0,0,0,0,0,0,0,,780,780,,0,0,0,0
1613004402003,6,1010123456026,78,,1,2,11,1,1,,7.74409,254,0,0.115424,76,0,6.28571,,0.1,11,0,0.1,3,0,0,8.70124,31,,231,231,,0,0,0,1
1613004402253,6,1010123456026,78,,1,2,11,1,1,,9.57,200,0,0.113056,60,0,7,,0,0,0,0,0,0,0,0,0,,174,174,,0,0,0,0
1613004402503,6,1010123456026,78,,1,2,11,1,1,,10.6231,130,18,0.075488,36,0,7.33333,,0,0,0,0,0,0,0,0,0,,114,114,,0,0,0,0
1613004402753,6,1010123456026,78,,1,2,11,1,1,,8.38603,272,0,0.130784,78,0,6.16667,,0,0,0,0,0,0,0,0,0,,231,231,,0,0,0,0
1613004403003,6,1010123456026,78,,1,2,11,1,1,,10.5449,178,0,0.097344,47,0,7.14286,,0.1,11,0,0.1,3,0,0,9.18602,31,,162,162,,0,0,0,1
1613004403253,6,1010123456026,78,,1,2,11,1,1,,7.81347,193,0,0.09168,54,0,6.66667,,0,0,0,0,0,0,0,0,0,,204,204,,0,0,0,0
1613004403503,6,1010123456026,78,,1,2,11,1,1,,8.17814,247,0,0.115584,72,0,6.33333,,0,0,0,0,0,0,0,0,0,,210,210,,0,0,0,0
1613004403752,6,1010123456026,78,,1,2,11,1,1,,8.74638,276,0,0.130892,77,0,6.83333,,0,0,0,0,0,0,0,0,0,,252,252,,0,0,0,0
1613004404003,6,1010123456026,78,,1,2,11,1,1,,8.78388,273,0,0.142464,84,0,6,,10.087,23,0,0.1,6,66.6667,0,11.9367,31,,246,246,,0,0,0,7.26087
1613004404253,6,1010123456026,78,,1,2,11,1,1,,6.14724,326,203,0.115168,87,0,6.33333,,0,0,0,0,0,0,0,0,0,,351,351,,0,0,0,0
1613004404503,6,1010123456026,78,,1,2,11,1,1,,9.66183,207,0,0.125408,64,0,7,,0,0,0,0,0,0,0,0,0,,180,180,,0,0,0,0
1613004404753,6,1010123456026,78,,1,2,11,1,1,,10,135,89,0.07232,36,0,7.16667,,0,0,0,0,0,0,0,0,0,,120,120,,0,0,0,0
1613004405003,6,1010123456026,78,,1,2,11,1,1,,6.81784,269,0,0.103136,78,0,6.14286,,6.15385,39,0,0.1,12,33.3333,0,9.36463,31,,237,237,,0,0,0,3.97436
1613004405253,6,1010123456026,78,,1,2,11,1,1,,9.47244,254,490,0.135296,71,0,6.5,,0,0,0,0,0,0,0,0,0,,234,234,,0,0,0,0
1613004405503,6,1010123456026,78,,1,2,11,1,1,,8.27715,267,0,0.136096,83,0,6.5,,0,0,0,0,0,0,0,0,0,,240,240,,0,0,0,0
1613004405753,6,1010123456026,78,,1,2,11,1,1,,9.02073,193,0,0.103328,56,0,6.66667,,0,0,0,0,0,0,0,0,0,,180,180,,0,0,0,0
1613004406003,6,1010123456026,78,,1,2,11,1,1,,9.09091,176,95,0.076032,44,0,6.57143,,0.1,12,0,0.1,3,0,0,2.11049,31,,153,153,,0,0,0,2
1613004406253,6,1010123456026,78,,1,2,11,1,1,,8.25517,145,0,0.071072,43,0,6.33333,,0,0,0,0,0,0,0,0,0,,123,123,,0,0,0,0
1613004406503,6,1010123456026,78,,1,2,11,1,1,,8.13714,175,0,0.08752,55,0,7,,0,0,0,0,0,0,0,0,0,,159,159,,0,0,0,0
1613004406753,6,1010123456026,78,,1,2,11,1,1,,7.23967,242,0,0.099584,70,0,6.5,,0,0,0,0,0,0,0,0,0,,213,213,,0,0,0,0
1613004407003,6,1010123456026,78,,1,2,11,1,1,,9.16256,203,0,0.113824,60,0,7.71429,,15.1111,90,0,0.1,29,86.2069,0,5.03064,31,,186,186,,0,0,0,8.63333
1613004407253,6,1010123456026,78,,1,2,11,1,1,,9.96685,181,0,0.097152,49,0,6.66667,,0,0,0,0,0,0,0,0,0,,159,159,,0,0,0,0
1613004407503,6,1010123456026,78,,1,2,11,1,1,,9.77717,184,0,0.107744,56,0,6.5,,0,0,0,0,0,0,0,0,0,,159,159,,0,0,0,0
1613004407753,6,1010123456026,78,,1,2,11,1,1,,10.2358,123,0,0.075072,35,0,7.16667,,0,0,0,0,0,0,0,0,0,,111,111,,0,0,0,0
1613004408002,6,1010123456026,78,,1,2,11,1,1,,10.1629,178,0,0.092498,47,0,7.14286,,0.1,14,0,0.1,4,0,0,7.52677,31,,153,153,,0,0,0,1
1613004408252,6,1010123456026,78,,1,2,11,1,1,,9.53957,139,0,0.0868434,44,0,6.5,,0,0,0,0,0,0,0,0,0,,123,123,,0,0,0,0
1613004408503,6,1010123456026,78,,1,2,11,1,1,,7.76033,242,0,0.100928,67,0,6,,0,0,0,0,0,0,0,0,0,,222,222,,0,0,0,0
1613004408753,6,1010123456026,78,,1,2,11,1,1,,8.20712,309,0,0.140768,90,0,6.5,,0,0,0,0,0,0,0,0,0,,279,279,,0,0,0,0
1613004409003,6,1010123456026,78,,1,2,11,1,1,,9.92019,213,0,0.123744,63,0,7,,6.26087,23,0,0.1,7,57.1429,0,6.02495,31,,186,186,,0,0,0,6.04348
1613004409253,6,1010123456026,78,,1,2,11,1,1,,6.88854,314,38,0.115904,87,0,6.2,,0,0,0,0,0,0,0,0,0,,279,279,,0,0,0,0
1613004409503,6,1010123456026,78,,1,2,11,1,1,,8.66489,188,58,0.098368,57,0,6.33333,,0,0,0,0,0,0,0,0,0,,165,165,,0,0,0,0
1613004409753,6,1010123456026,78,,1,2,11,1,1,,6.73265,389,0,0.154848,108,0,5.16667,,0,0,0,0,0,0,0,0,0,,399,399,,0,0,0,0
1613004410003,6,1010123456026,78,,1,2,11,1,1,,5.49338,302,0,0.107168,90,0,5.85714,,0.1,15,0,0.1,4,0,0,14.7125,31,,303,303,,0,0,0,1
1613004410253,6,1010123456026,78,,1,2,11,1,1,,8.0514,214,0,0.087808,58,0,6.5,,0,0,0,0,0,0,0,0,0,,201,201,,0,0,0,0
1613004410503,6,1010123456026,78,,1,2,11,1,1,,8.69167,240,0,0.124832,70,0,6.16667,,0,0,0,0,0,0,0,0,0,,228,228,,0,0,0,0
1613004410753,6,1010123456026,78,,1,2,11,1,1,,9.67111,225,0,0.125728,66,0,6.66667,,0,0,0,0,0,0,0,0,0,,204,204,,0,0,0,0
1613004411003,6,1010123456026,78,,1,2,11,1,1,,5.60244,410,0,0.132288,119,0,5.42857,,10.875,32,0,0.1,11,72.7273,0,4.23344,31,,456,456,,0,0,0,7.78125
1613004411253,6,1010123456026,78,,1,2,11,1,1,,8.324,250,0,0.1176,71,0,6.5,,0,0,0,0,0,0,0,0,0,,222,222,,0,0,0,0
1613004411503,6,1010123456026,78,,1,2,11,1,1,,7.7971,276,0,0.131392,81,0,6.33333,,0,0,0,0,0,0,0,0,0,,255,255,,0,0,0,0
1613004411753,6,1010123456026,78,,1,2,11,1,1,,10.4079,228,0,0.139104,63,0,6.83333,,0,0,0,0,0,0,0,0,0,,216,216,,0,0,0,0
1613004412003,6,1010123456026,78,,1,2,11,1,1,,9.06765,340,144,0.17776,96,0,6.57143,,0.1,13,0,0.1,4,25,0,1.01429,31,,312,312,,0,0,0,3.84615
1613004412253,6,1010123456026,78,,1,2,11,1,1,,6.81337,359,45,0.138624,105,0,5.33333,,0,0,0,0,0,0,0,0,0,,333,333,,0,0,0,0
1613004412503,6,1010123456026,78,,1,2,11,1,1,,10.1821,280,0,0.17408,85,0,7.33333,,0,0,0,0,0,0,0,0,0,,255,255,,0,0,0,0
1613004412753,6,1010123456026,78,,1,2,11,1,1,,6.32716,324,0,0.117664,93,0,5.33333,,0,0,0,0,0,0,0,0,0,,300,300,,0,0,0,0
1613004413003,6,1010123456026,78,,1,2,11,1,1,,6.83274,281,0,0.104128,80,0,5.71429,,0.1,17,0,0.1,5,40,0,1.51627,31,,267,267,,0,0,0,4.58824
1613004413253,6,1010123456026,78,,1,2,11,1,1,,7.85357,280,0,0.117216,79,0,6.5,,0,0,0,0,0,0,0,0,0,,249,249,,0,0,0,0
1613004413503,6,1010123456026,78,,1,2,11,1,1,,8.97297,296,0,0.150656,84,0,6.66667,,0,0,0,0,0,0,0,0,0,,267,267,,0,0,0,0
1613004413753,6,1010123456026,78,,1,2,11,1,1,,8.34615,234,0,0.120544,71,0,7,,0,0,0,0,0,0,0,0,0,,207,207,,0,0,0,0
1613004414003,6,1010123456026,78,,1,2,11,1,1,,8.90592,287,0,0.151584,84,0,6.71429,,0,9,0,0.1,3,0,0,0,31,,264,264,,0,0,0,0
1613004414253,6,1010123456026,78,,1,2,11,1,1,,9.71277,188,87,0.102528,54,0,7,,0,0,0,0,0,0,0,0,0,,165,165,,0,0,0,0
1613004414503,6,1010123456026,78,,1,2,11,1,1,,7.71018,383,20,0.175104,109,0,6,,0,0,0,0,0,0,0,0,0,,348,348,,0,0,0,0
1613004414752,6,1010123456026,78,,1,2,11,1,1,,8.79299,314,0,0.158426,91,0,6.33333,,0,0,0,0,0,0,0,0,0,,279,279,,0,0,0,0
1613004415003,6,1010123456026,78,,1,2,11,1,1,,9.72222,198,28,0.108288,56,0,7.28571,,0.1,21,0,0.1,6,0,0,14.1497,31,,177,177,,0,0,0,1.33333
1613004415253,6,1010123456026,78,,1,2,11,1,1,,7.83606,183,0,0.082016,53,0,6.16667,,0,0,0,0,0,0,0,0,0,,162,162,,0,0,0,0
1613004415503,6,1010123456026,78,,1,2,11,1,1,,6.21428,294,0,0.106752,84,0,5.83333,,0,0,0,0,0,0,0,0,0,,282,282,,0,0,0,0
1613004415753,6,1010123456026,78,,1,2,11,1,1,,10.4536,183,0,0.107008,50,0,7.5,,0,0,0,0,0,0,0,0,0,,165,165,,0,0,0,0
1613004416003,6,1010123456026,78,,1,2,11,1,1,,5.40221,271,0,0.111072,83,0,6,,15,16,0,0,4,100,0,4.14238,0,,357,357,,0,0,0,10
1613004416253,6,1010123456026,78,,1,2,11,1,1,,11.1264,182,20,0.107456,48,0,7.5,,0,0,0,0,0,0,0,0,0,,165,165,,0,0,0,0
1613004416503,6,1010123456026,78,,1,2,11,1,1,,8.63063,222,149,0.114016,64,0,5.66667,,0,0,0,0,0,0,0,0,0,,198,198,,0,0,0,0
1613004416752,6,1010123456026,78,,1,2,11,1,1,,3.38641,515,0,0.14596,151,0,5.33333,,0,0,0,0,0,0,0,0,0,,642,642,,0,0,0,0
1613004417003,6,1010123456026,78,,1,2,11,1,1,,7.16725,287,0,0.11632,83,0,6.14286,,5.74545,55,0,0.1,16,81.25,0,3.32277,31,,282,282,,0,0,0,8.10909
1613004417253,6,1010123456026,78,,1,2,11,1,1,,7.15054,279,0,0.111456,79,0,6,,0,0,0,0,0,0,0,0,0,,258,258,,0,0,0,0
1613004417503,6,1010123456026,78,,1,2,11,1,1,,9.3883,188,0,0.097152,54,0,6.83333,,0,0,0,0,0,0,0,0,0,,162,162,,0,0,0,0
1613004417753,6,1010123456026,78,,1,2,11,1,1,,9.70786,267,0,0.141568,74,0,6.83333,,0,0,0,0,0,0,0,0,0,,240,240,,0,0,0,0
1613004418003,6,1010123456026,78,,1,2,11,1,1,,7.15207,434,37,0.182528,123,0,5.66667,,0,15,0,0.1,5,40,0,0,31,,450,450,,0,0,0,0
1613004418253,6,1010123456026,78,,1,2,11,1,1,,7.79556,225,0,0.102016,70,0,6.66667,,0,0,0,0,0,0,0,0,0,,192,192,,0,0,0,0
1613004418503,6,1010123456026,78,,1,2,11,1,1,,10.5355,183,0,0.117984,53,0,7.33333,,0,0,0,0,0,0,0,0,0,,165,165,,0,0,0,0
1613004418753,6,1010123456026,78,,1,2,11,1,1,,9.60088,228,0,0.118592,61,0,7.16667,,0,0,0,0,0,0,0,0,0,,195,195,,0,0,0,0
1613004419003,6,1010123456026,78,,1,2,11,1,1,,11.0308,130,0,0.085888,40,0,7.14286,,0.1,16,0,0.1,5,20,0,2.34879,31,,111,111,,0,0,0,3.0625
1613004419253,6,1010123456026,78,,1,2,11,1,1,,8.39759,249,0,0.12048,71,0,6.33333,,0,0,0,0,0,0,0,0,0,,225,225,,0,0,0,0
1613004419503,6,1010123456026,78,,1,2,11,1,1,,8.89362,282,103,0.146176,82,0,6.33333,,0,0,0,0,0,0,0,0,0,,279,279,,0,0,0,0
1613004419753,6,1010123456026,78,,1,2,11,1,1,,5.40898,401,0,0.12976,114,0,5.66667,,0,0,0,0,0,0,0,0,0,,411,411,,0,0,0,0
1613004420003,6,1010123456026,78,,1,2,11,1,1,,6.91667,372,0,0.14544,110,0,6.28571,,0.1,15,0,0.1,4,25,0,0.922454,31,,342,342,,0,0,0,4.8
1613004420253,6,1010123456026,78,,1,2,11,1,1,,8.88142,253,0,0.125056,72,0,6,,0,0,0,0,0,0,0,0,0,,219,219,,0,0,0,0
1613004420503,6,1010123456026,78,,1,2,11,1,1,,10.7101,138,0,0.086144,39,0,7.16667,,0,0,0,0,0,0,0,0,0,,120,120,,0,0,0,0
1613004420753,6,1010123456026,78,,1,2,11,1,1,,8.32353,272,0,0.125824,78,0,6.33333,,0,0,0,0,0,0,0,0,0,,258,258,,0,0,0,0
1613004421003,6,1010123456026,78,,1,2,11,1,1,,9.6044,182,0,0.096064,51,0,6.71429,,0.1,14,0,0.1,4,25,0,1.55712,31,,156,156,,0,0,0,4.28571
1613004421253,6,1010123456026,78,,1,2,11,1,1,,8.30072,276,100,0.13184,80,0,6.16667,,0,0,0,0,0,0,0,0,0,,276,276,,0,0,0,0
1613004421503,6,1010123456026,78,,1,2,11,1,1,,8.6,205,0,0.095648,57,0,6.66667,,0,0,0,0,0,0,0,0,0,,174,174,,0,0,0,0
1613004421753,6,1010123456026,78,,1,2,11,1,1,,9.10959,146,20,0.07376,43,0,6.66667,,0,0,0,0,0,0,0,0,0,,129,129,,0,0,0,0
1613004422003,6,1010123456026,78,,1,2,11,1,1,,8.81106,217,0,0.114176,63,0,6.71429,,0.1,15,0,0.1,4,25,0,3.0759,31,,207,207,,0,0,0,3.93333
1613004422253,6,1010123456026,78,,1,2,11,1,1,,6.33129,326,0,0.112288,90,0,5.5,,0,0,0,0,0,0,0,0,0,,300,300,,0,0,0,0
1613004422503,6,1010123456026,78,,1,2,11,1,1,,7.92829,251,67,0.12064,76,0,6.5,,0,0,0,0,0,0,0,0,0,,234,234,,0,0,0,0
1613004422753,6,1010123456026,78,,1,2,11,1,1,,6.21705,258,0,0.099776,74,0,6,,0,0,0,0,0,0,0,0,0,,282,282,,0,0,0,0
1613004423003,6,1010123456026,78,,1,2,11,1,1,,6.52342,363,0,0.135648,101,0,5.85714,,0.1,10,0,0.1,3,0,0,1.57196,31,,330,330,,0,0,0,3.1
1613004423252,6,1010123456026,78,,1,2,11,1,1,,9.12745,204,0,0.107534,61,0,6.5,,0,0,0,0,0,0,0,0,0,,174,174,,0,0,0,0
1613004423503,6,1010123456026,78,,1,2,11,1,1,,3.66112,481,0,0.138336,136,0,5,,0,0,0,0,0,0,0,0,0,,675,675,,0,0,0,0
1613004423753,6,1010123456026,78,,1,2,11,1,1,,8.79554,269,0,0.146272,79,0,6.33333,,0,0,0,0,0,0,0,0,0,,255,255,,0,0,0,0
1613004424003,6,1010123456026,78,,1,2,11,1,1,,7.42599,277,64,0.105152,74,0,6.14286,,11.8846,26,0,0.1,8,50,0,12.236,31,,258,258,,0,0,0,5.5
1613004424253,6,1010123456026,78,,1,2,11,1,1,,9.31373,255,0,0.143008,75,0,6.66667,,0,0,0,0,0,0,0,0,0,,246,246,,0,0,0,0
1613004424503,6,1010123456026,78,,1,2,11,1,1,,8.72161,273,0,0.149952,84,0,6.66667,,0,0,0,0,0,0,0,0,0,,237,237,,0,0,0,0
1613004424753,6,1010123456026,78,,1,2,11,1,1,,5.96623,533,0,0.1944,146,0,5.66667,,0,0,0,0,0,0,0,0,0,,546,546,,0,0,0,0
1613004425003,6,1010123456026,78,,1,2,11,1,1,,6.22769,325,0,0.136032,99,0,6.85714,,10.4804,102,0,0.1,31,87.0968,0,3.62573,31,,309,309,,0,0,0,8.71569
1613004425252,6,1010123456026,78,,1,2,11,1,1,,5.84014,294,50,0.104707,81,0,5.33333,,0,0,0,0,0,0,0,0,0,,300,300,,0,0,0,0
1613004425503,6,1010123456026,78,,1,2,11,1,1,,8.77626,219,0,0.119616,70,0,7,,0,0,0,0,0,0,0,0,0,,213,213,,0,0,0,0
1613004425753,6,1010123456026,78,,1,2,11,1,1,,10.4459,148,0,0.086272,43,0,7.16667,,0,0,0,0,0,0,0,0,0,,129,129,,0,0,0,0
1613004426003,6,1010123456026,78,,1,2,11,1,1,,9.78804,184,0,0.091712,48,0,6.71429,,0.1,11,0,0.1,3,0,0,0.97423,31,,162,162,,0,0,0,1.54545
1613004426253,6,1010123456026,78,,1,2,11,1,1,,7.50961,208,30,0.099488,61,0,5.66667,,0,0,0,0,0,0,0,0,0,,210,210,,0,0,0,0
1613004426503,6,1010123456026,78,,1,2,11,1,1,,7.23913,322,13,0.132672,95,0,6.33333,,0,0,0,0,0,0,0,0,0,,306,306,,0,0,0,0
1613004426753,6,1010123456026,78,,1,2,11,1,1,,3.91683,505,191,0.142464,142,0,4.33333,,0,0,0,0,0,0,0,0,0,,600,600,,0,0,0,0
1613004427003,6,1010123456026,78,,1,2,11,1,1,,6.66422,408,103,0.160064,120,0,5.42857,,0.1,11,0,0.1,3,0,0,1.05806,31,,399,399,,0,0,0,5.27273
1613004427253,6,1010123456026,78,,1,2,11,1,1,,9.39037,187,0,0.10128,56,0,6.83333,,0,0,0,0,0,0,0,0,0,,159,159,,0,0,0,0
1613004427502,6,1010123456026,78,,1,2,11,1,1,,9.32143,140,0,0.0706506,40,0,6.33333,,0,0,0,0,0,0,0,0,0,,123,123,,0,0,0,0
1613004427753,6,1010123456026,78,,1,2,11,1,1,,9.0935,246,0,0.124672,71,0,6.83333,,0,0,0,0,0,0,0,0,0,,216,216,,0,0,0,0
1613004428003,6,1010123456026,78,,1,2,11,1,1,,6.43667,300,3,0.122048,85,0,6.28571,,13.8154,65,0,0.1,20,85,0,5.25314,31,,360,360,,0,0,0,8.46154
1613004428253,6,1010123456026,78,,1,2,11,1,1,,9.96089,179,0,0.118272,55,0,7,,0,0,0,0,0,0,0,0,0,,165,165,,0,0,0,0
1613004428503,6,1010123456026,78,,1,2,11,1,1,,8.88372,172,97,0.08096,47,0,6.83333,,0,0,0,0,0,0,0,0,0,,153,153,,0,0,0,0
1613004428753,6,1010123456026,78,,1,2,11,1,1,,8.45506,178,0,0.082912,52,0,6.33333,,0.1,11,0,0.1,3,0,0,1.02936,31,,150,150,,0,0,0,4.63636
1613004429003,6,1010123456026,78,,1,2,11,1,1,,8.7873,315,0,0.158656,91,0,6.85714,,0,0,0,0,0,0,0,0,0,,294,294,,0,0,0,0
1613004429253,6,1010123456026,78,,1,2,11,1,1,,6.82879,257,0,0.10592,76,0,5.83333,,0,0,0,0,0,0,0,0,0,,249,249,,0,0,0,0
1613004429502,6,1010123456026,78,,1,2,11,1,1,,9.61017,236,0,0.119614,62,0,6.66667,,0,0,0,0,0,0,0,0,0,,213,213,,0,0,0,0
1613004429752,6,1010123456026,78,,1,2,11,1,1,,10.8712,163,69,0.112996,50,0,7.33333,,0,0,0,0,0,0,0,0,0,,141,141,,0,0,0,0
1613004430003,6,1010123456026,78,,1,2,11,1,1,,8.21978,182,5,0.092544,52,0,6.85714,,7.68,25,0,0.1,7,57.1429,0,4.25851,31,,210,207,,0,0,0,6.92
1613004430253,6,1010123456026,78,,1,2,11,1,1,,3.2433,448,119,0.118912,124,0,4.5,,0,0,0,0,0,0,0,0,0,,618,618,,0,0,0,0
1613004430503,6,1010123456026,78,,1,2,11,1,1,,7.66667,318,0,0.1456,97,0,6.16667,,0,0,0,0,0,0,0,0,0,,309,309,,0,0,0,0
1613004430753,6,1010123456026,78,,1,2,11,1,1,,3.93593,359,466,0.10944,96,0,5.5,,0,0,0,0,0,0,0,0,0,,477,477,,0,0,0,0
1613004431003,6,1010123456026,78,,1,2,11,1,1,,4.78012,332,0,0.1536,103,0,7.28571,,0.1,24,0,0.1,7,28.5714,0,1.72299,31,,468,468,,0,0,0,4.95833
1613004431253,6,1010123456026,78,,1,2,11,1,1,,3.9485,466,0,0.122592,133,0,4.83333,,0,0,0,0,0,0,0,0,0,,510,510,,0,0,0,0
1613004431503,6,1010123456026,78,,1,2,11,1,1,,7.47756,312,0,0.121664,84,0,5.83333,,0,0,0,0,0,0,0,0,0,,291,291,,0,0,0,0
1613004431752,6,1010123456026,78,,1,2,11,1,1,,6.2408,299,0,0.119775,89,0,6,,0,0,0,0,0,0,0,0,0,,276,276,,0,0,0,0
1613004432002,6,1010123456026,78,,1,2,11,1,1,,10.8594,192,0,0.142169,58,0,8.14286,,15.1579,76,0,0.1,24,83.3333,0,4.86448,31,,180,180,,0,0,0,8.67763
1613004432253,6,1010123456026,78,,1,2,11,1,1,,5.42005,419,0,0.131136,119,0,5.66667,,0,0,0,0,0,0,0,0,0,,390,390,,0,0,0,0
1613004432503,6,1010123456026,78,,1,2,11,1,1,,9.69613,181,0,0.097056,51,0,7,,0,0,0,0,0,0,0,0,0,,153,153,,0,0,0,0
1613004432753,6,1010123456026,78,,1,2,11,1,1,,9.55797,138,185,0.070048,38,0,7.16667,,0.1,15,0,0.1,4,75,0,0.786478,31,,120,120,,0,0,0,7.86667
1613004433003,6,1010123456026,78,,1,2,11,1,1,,8.99248,266,0,0.135968,77,0,6.28571,,0.1,7,0,0.1,2,0,0,0.664679,0,,231,231,,0,0,0,1.42857
1613004433253,6,1010123456026,78,,1,2,11,1,1,,9.90556,180,0,0.091744,49,0,7,,0,0,0,0,0,0,0,0,0,,159,159,,0,0,0,0
1613004433502,6,1010123456026,78,,1,2,11,1,1,,8.57447,235,0,0.125012,69,0,7,,0,0,0,0,0,0,0,0,0,,210,210,,0,0,0,0
1613004433752,6,1010123456026,78,,1,2,11,1,1,,9.37441,211,0,0.109912,61,0,6.5,,0,0,0,0,0,0,0,0,0,,183,183,,0,0,0,0
1613004434002,6,1010123456026,78,,1,2,11,1,1,,9.00617,162,0,0.0976386,49,0,6.71429,,0.266667,30,0,0.1,9,0,0,4.53279,31,,165,165,,0,0,0,2.4
1613004434253,6,1010123456026,78,,1,2,11,1,1,,8.89668,271,0,0.135776,78,0,6.5,,0,0,0,0,0,0,0,0,0,,237,237,,0,0,0,0
1613004434503,6,1010123456026,78,,1,2,11,1,1,,8.44025,159,207,0.067552,39,0,6.16667,,0,0,0,0,0,0,0,0,0,,150,150,,0,0,0,0
1613004434753,6,1010123456026,78,,1,2,11,1,1,,5.81985,272,0,0.114848,85,0,5.83333,,0,0,0,0,0,0,0,0,0,,282,282,,0,0,0,0
1613004435003,6,1010123456026,78,,1,2,11,1,1,,9.85589,229,0,0.123904,65,0,6.71429,,0.1,12,0,0.1,3,0,0,1.44045,31,,198,198,,0,0,0,4
1613004435253,6,1010123456026,78,,1,2,11,1,1,,10,189,87,0.10768,54,0,7,,0,0,0,0,0,0,0,0,0,,168,168,,0,0,0,0
1613004435503,6,1010123456026,78,,1,2,11,1,1,,9.80214,187,0,0.102144,54,0,7.16667,,0,0,0,0,0,0,0,0,0,,159,159,,0,0,0,0
1613004435753,6,1010123456026,78,,1,2,11,1,1,,9.71538,130,0,0.069056,36,0,7,,0.1,14,0,0.1,4,25,0,1.02548,31,,111,111,,0,0,0,4.5
1613004436003,6,1010123456026,78,,1,2,11,1,1,,8.64192,229,0,0.106272,63,0,6.71429,,0,0,0,0,0,0,0,0,0,,198,198,,0,0,0,0
1613004436252,6,1010123456026,78,,1,2,11,1,1,,7.2973,185,246,0.081992,49,0,5.66667,,0,0,0,0,0,0,0,0,0,,177,177,,0,0,0,0
1613004436503,6,1010123456026,78,,1,2,11,1,1,,3.70201,547,0,0.155552,164,0,5.16667,,0,0,0,0,0,0,0,0,0,,603,603,,0,0,0,0
1613004436753,6,1010123456026,78,,1,2,11,1,1,,6.00344,291,30,0.101088,82,0,5.5,,0,0,0,0,0,0,0,0,0,,291,291,,0,0,0,0
1613004437003,6,1010123456026,78,,1,2,11,1,1,,5.24485,437,94,0.14352,121,0,4.42857,,0.1,10,0,0.1,3,0,0,12.3158,31,,480,480,,0,0,0,1
1613004437253,6,1010123456026,78,,1,2,11,1,1,,2.34034,523,0,0.134112,156,0,3.66667,,0,0,0,0,0,0,0,0,0,,804,804,,0,0,0,0
1613004437503,6,1010123456026,78,,1,2,11,1,1,,5.54608,434,18,0.140544,120,0,6.66667,,0,0,0,0,0,0,0,0,0,,420,420,,0,0,0,0
1613004437753,6,1010123456026,78,,1,2,11,1,1,,10.0848,330,0,0.205216,98,0,7,,0,0,0,0,0,0,0,0,0,,294,294,,0,0,0,0
1613004438003,6,1010123456026,78,,1,2,11,1,1,,8.28947,228,0,0.104256,66,0,6.42857,,0,12,0,0,4,100,0,0,0,,207,207,,0,0,0,0
1613004438252,6,1010123456026,78,,1,2,11,1,1,,10.1271,181,158,0.107727,52,0,6.66667,,0,0,0,0,0,0,0,0,0,,162,162,,0,0,0,0
1613004438502,6,1010123456026,78,,1,2,11,1,1,,8.37405,262,0,0.126008,75,0,6.5,,0,0,0,0,0,0,0,0,0,,225,225,,0,0,0,0
1613004438753,6,1010123456026,78,,1,2,11,1,1,,8.48225,338,126,0.159648,93,0,6.5,,0.1,15,0,0.1,4,25,0,0.904914,31,,339,339,,0,0,0,5
1613004439003,6,1010123456026,78,,1,2,11,1,1,,6.23431,239,0,0.097984,74,0,5.57143,,0,0,0,0,0,0,0,0,0,,213,213,,0,0,0,0
1613004439253,6,1010123456026,78,,1,2,11,1,1,,7.38144,194,0,0.07712,55,0,6,,0,0,0,0,0,0,0,0,0,,177,177,,0,0,0,0
1613004439503,6,1010123456026,78,,1,2,11,1,1,,7.05073,276,90,0.105728,78,0,5.6,,0,0,0,0,0,0,0,0,0,,258,258,,0,0,0,0
1613004439753,6,1010123456026,78,,1,2,11,1,1,,7.70186,322,0,0.143168,94,0,6.5,,0,0,0,0,0,0,0,0,0,,282,282,,0,0,0,0
1613004440003,6,1010123456026,78,,1,2,11,1,1,,8.78027,223,60,0.108992,64,0,6.28571,,0.1,11,0,0.1,3,0,0,1.75627,31,,210,210,,0,0,0,1.27273
1613004440253,6,1010123456026,78,,1,2,11,1,1,,9.57971,207,0,0.113472,57,0,7,,0,0,0,0,0,0,0,0,0,,183,183,,0,0,0,0
1613004440502,6,1010123456026,78,,1,2,11,1,1,,10.3923,209,0,0.129542,63,0,7.33333,,0,0,0,0,0,0,0,0,0,,180,180,,0,0,0,0
1613004440752,6,1010123456026,78,,1,2,11,1,1,,10.4805,231,0,0.140241,66,0,7.16667,,0.1,15,0,0.1,4,25,0,1.2584,31,,204,204,,0,0,0,4.86667
1613004441003,6,1010123456026,78,,1,2,11,1,1,,5.70739,352,0,0.121344,98,0,5.14286,,0,0,0,0,0,0,0,0,0,,345,345,,0,0,0,0
1613004441253,6,1010123456026,78,,1,2,11,1,1,,7.44706,255,0,0.112128,79,0,6.66667,,0,0,0,0,0,0,0,0,0,,234,234,,0,0,0,0
1613004441503,6,1010123456026,78,,1,2,11,1,1,,9.55135,185,0,0.101632,52,0,7,,0,0,0,0,0,0,0,0,0,,162,162,,0,0,0,0
1613004441753,6,1010123456026,78,,1,2,11,1,1,,8.25769,260,172,0.120736,73,0,6.5,,0,14,0,0.1,5,60,0,0,31,,240,240,,0,0,0,0
1613004442003,6,1010123456026,78,,1,2,11,1,1,,6.67045,352,0,0.144704,106,0,5.85714,,0.1,11,0,0.1,3,0,0,1.59084,0,,333,333,,0,0,0,1.63636
1613004442253,6,1010123456026,78,,1,2,11,1,1,,8.85417,288,67,0.136192,80,0,6.83333,,0,0,0,0,0,0,0,0,0,,249,249,,0,0,0,0
1613004442502,6,1010123456026,78,,1,2,11,1,1,,8.18775,245,0,0.114956,68,0,6.33333,,0,0,0,0,0,0,0,0,0,,213,213,,0,0,0,0
1613004442752,6,1010123456026,78,,1,2,11,1,1,,4.14628,417,0,0.127197,116,0,4.33333,,0,9,0,0.1,3,0,0,0,31,,501,501,,0,0,0,0
1613004443002,6,1010123456026,78,,1,2,11,1,1,,5.69205,302,60,0.107566,93,0,5.5,,0,0,0,0,0,0,0,0,0,,306,306,,0,0,0,0
1613004443252,6,1010123456026,78,,1,2,11,1,1,,9.61585,164,0,0.0868755,46,0,7,,0,0,0,0,0,0,0,0,0,,141,141,,0,0,0,0
1613004443503,6,1010123456026,78,,1,2,11,1,1,,9.15333,300,0,0.157536,89,0,6.5,,0,0,0,0,0,0,0,0,0,,261,261,,0,0,0,0
1613004443753,6,1010123456026,78,,1,2,11,1,1,,5.39051,274,0,0.080288,76,0,5.83333,,0,0,0,0,0,0,0,0,0,,246,246,,0,0,0,0
1613004444003,6,1010123456026,78,,1,2,11,1,1,,8.46428,196,84,0.092704,56,0,5.71429,,8.63158,38,0,0.1,11,72.7273,0,4.05744,31,,171,171,,0,0,0,7.78947
1613004444253,6,1010123456026,78,,1,2,11,1,1,,4.00194,515,0,0.146304,147,0,4.83333,,0,0,0,0,0,0,0,0,0,,549,549,,0,0,0,0
1613004444502,6,1010123456026,78,,1,2,11,1,1,,9.91018,167,0,0.090506,48,0,6.8,,0,0,0,0,0,0,0,0,0,,144,144,,0,0,0,0
1613004444752,6,1010123456026,78,,1,2,11,1,1,,10.5721,229,0,0.140691,67,0,6.83333,,0,0,0,0,0,0,0,0,0,,195,195,,0,0,0,0
1613004445002,6,1010123456026,78,,1,2,11,1,1,,9.43519,216,0,0.124273,61,0,7.14286,,0.1,10,0,0.1,3,0,0,1.71387,31,,198,198,,0,0,0,2
1613004445253,6,1010123456026,78,,1,2,11,1,1,,9.09091,209,100,0.11264,54,0,6.5,,0,0,0,0,0,0,0,0,0,,189,189,,0,0,0,0
1613004445503,6,1010123456026,78,,1,2,11,1,1,,5.83742,326,0,0.11328,101,0,6.16667,,0,0,0,0,0,0,0,0,0,,303,303,,0,0,0,0
1613004445753,6,1010123456026,78,,1,2,11,1,1,,6.48485,330,103,0.128096,92,0,5.83333,,0.1,10,0,0.1,3,0,0,1.81013,31,,372,372,,0,0,0,1.8
1613004446003,6,1010123456026,78,,1,2,11,1,1,,7.91275,298,0,0.142656,91,0,6.14286,,0,0,0,0,0,0,0,0,0,,303,303,,0,0,0,0
1613004446253,6,1010123456026,78,,1,2,11,1,1,,6.7967,364,0,0.144416,104,0,6,,0,0,0,0,0,0,0,0,0,,369,369,,0,0,0,0
1613004446503,6,1010123456026,78,,1,2,11,1,1,,7.33333,315,0,0.132288,87,0,6.5,,0,0,0,0,0,0,0,0,0,,306,306,,0,0,0,0
1613004446752,6,1010123456026,78,,1,2,11,1,1,,6.12292,301,0,0.103229,83,0,5.66667,,0,0,0,0,0,0,0,0,0,,264,264,,0,0,0,0
1613004447002,6,1010123456026,78,,1,2,11,1,1,,10.1583,120,0,0.0636466,35,0,7.85714,,15.0588,85,0,0.1,27,88.8889,0,4.16854,31,,105,105,,0,0,0,8.94118
1613004447252,6,1010123456026,78,,1,2,11,1,1,,9.45833,144,0,0.0861044,46,0,6.83333,,0,0,0,0,0,0,0,0,0,,123,123,,0,0,0,0
1613004447503,6,1010123456026,78,,1,2,11,1,1,,10.1213,305,89,0.178432,87,0,7,,0,0,0,0,0,0,0,0,0,,270,270,,0,0,0,0
1613004447753,6,1010123456026,78,,1,2,11,1,1,,9.32222,270,0,0.140704,77,0,6.83333,,0,0,0,0,0,0,0,0,0,,231,231,,0,0,0,0
1613004448003,6,1010123456026,78,,1,2,11,1,1,,9.35762,151,0,0.081664,43,0,6.85714,,0.1,25,0,0.1,8,62.5,0,4.84829,31,,138,138,,0,0,0,6.52
1613004448253,6,1010123456026,78,,1,2,11,1,1,,9.97863,234,0,0.134528,67,0,7,,0,0,0,0,0,0,0,0,0,,213,213,,0,0,0,0
1613004448503,6,1010123456026,78,,1,2,11,1,1,,6.72109,294,0,0.126848,85,0,5.5,,0,0,0,0,0,0,0,0,0,,345,345,,0,0,0,0
1613004448753,6,1010123456026,78,,1,2,11,1,1,,8.02395,167,0,0.069696,44,0,5.83333,,0,0,0,0,0,0,0,0,0,,153,153,,0,0,0,0
1613004449002,6,1010123456026,78,,1,2,11,1,1,,7.95324,278,0,0.128418,82,0,6,,15,14,0,0,4,100,0,19.2045,0,,258,258,,0,0,0,10
1613004449252,6,1010123456026,78,,1,2,11,1,1,,7.73837,172,0,0.0740884,50,0,6,,0,0,0,0,0,0,0,0,0,,147,147,,0,0,0,0
1613004449502,6,1010123456026,78,,1,2,11,1,1,,7,235,0,0.0977028,69,0,5.66667,,0,0,0,0,0,0,0,0,0,,216,216,,0,0,0,0
1613004449753,6,1010123456026,78,,1,2,11,1,1,,4.31139,395,0,0.099584,109,0,5,,0,0,0,0,0,0,0,0,0,,423,423,,0,0,0,0
1613004450003,6,1010123456026,78,,1,2,11,1,1,,7.72607,303,0,0.148512,94,0,6.28571,,7.64286,28,0,0.1,9,44.4444,0,8.09558,31,,288,288,,0,0,0,4.85714
1613004450253,6,1010123456026,78,,1,2,11,1,1,,8.27064,218,0,0.098432,63,0,6.16667,,0,0,0,0,0,0,0,0,0,,204,204,,0,0,0,0
1613004450503,6,1010123456026,78,,1,2,11,1,1,,8.79042,334,137,0.160864,88,0,6.5,,0,0,0,0,0,0,0,0,0,,297,297,,0,0,0,0
1613004450753,6,1010123456026,78,,1,2,11,1,1,,9.15406,357,0,0.18864,103,0,6.66667,,0,9,0,0,3,100,0,0,0,,333,333,,0,0,0,0
1613004451002,6,1010123456026,78,,1,2,11,1,1,,10.6364,187,0,0.126169,59,0,7.28571,,0,3,0,0,1,100,0,0,0,,159,159,,0,0,0,0
1613004451252,6,1010123456026,78,,1,2,11,1,1,,8.10377,212,0,0.0944578,62,0,6.33333,,0,0,0,0,0,0,0,0,0,,183,183,,0,0,0,0
1613004451502,6,1010123456026,78,,1,2,11,1,1,,8.45852,229,0,0.10943,66,0,6.5,,0,0,0,0,0,0,0,0,0,,204,204,,0,0,0,0
1613004451752,6,1010123456026,78,,1,2,11,1,1,,6.7561,205,222,0.0759197,52,0,6.66667,,0,0,0,0,0,0,0,0,0,,189,192,,0,0,0,0
1613004452003,6,1010123456026,78,,1,2,11,1,1,,8.63115,244,0,0.125536,75,0,6.71429,,0.1,12,0,0.1,3,0,0,1.30261,31,,216,216,,0,0,0,2.66667
1613004452253,6,1010123456026,78,,1,2,11,1,1,,9.33835,266,0,0.13168,73,0,6.5,,0,0,0,0,0,0,0,0,0,,231,231,,0,0,0,0
1613004452503,6,1010123456026,78,,1,2,11,1,1,,9.98206,223,0,0.118208,61,0,7.16667,,0,0,0,0,0,0,0,0,0,,189,189,,0,0,0,0
1613004452753,6,1010123456026,78,,1,2,11,1,1,,9.26033,242,0,0.12384,69,0,6.83333,,0,0,0,0,0,0,0,0,0,,207,207,,0,0,0,0
1613004453003,6,1010123456026,78,,1,2,11,1,1,,8.03185,314,0,0.14896,92,0,6.14286,,0.1,10,0,0.1,3,0,0,1.53935,31,,282,282,,0,0,0,1.6
1613004453252,6,1010123456026,78,,1,2,11,1,1,,9.17086,199,0,0.108755,60,0,6.5,,0,0,0,0,0,0,0,0,0,,177,177,,0,0,0,0
1613004453502,6,1010123456026,78,,1,2,11,1,1,,8.83673,343,0,0.150586,90,0,6.5,,0,0,0,0,0,0,0,0,0,,306,306,,0,0,0,0
1613004453752,6,1010123456026,78,,1,2,11,1,1,,9.57747,142,0,0.094747,49,0,7,,0,0,0,0,0,0,0,0,0,,126,126,,0,0,0,0
1613004454003,6,1010123456026,78,,1,2,11,1,1,,6.67308,312,0,0.117088,89,0,6.14286,,6.14583,48,0,0.1,14,28.5714,0,12.3525,31,,285,285,,0,0,0,3.95833
1613004454253,6,1010123456026,78,,1,2,11,1,1,,8.61622,185,0,0.087872,53,0,6.4,,0,0,0,0,0,0,0,0,0,,165,165,,0,0,0,0
1613004454503,6,1010123456026,78,,1,2,11,1,1,,5.45382,498,105,0.164544,142,0,4.83333,,0,0,0,0,0,0,0,0,0,,507,507,,0,0,0,0
1613004454753,6,1010123456026,78,,1,2,11,1,1,,7.45,200,18,0.077504,56,0,6.5,,0,0,0,0,0,0,0,0,0,,183,183,,0,0,0,0
1613004455003,6,1010123456026,78,,1,2,11,1,1,,11.1081,111,0,0.069216,30,0,8.14286,,15.9732,112,0,0.1,36,88.8889,0,5.77826,31,,93,93,,0,0,0,8.98214
1613004455252,6,1010123456026,78,,1,2,11,1,1,,8.86777,242,105,0.12,69,0,6.66667,,0,0,0,0,0,0,0,0,0,,213,213,,0,0,0,0
1613004455502,6,1010123456026,78,,1,2,11,1,1,,8.86559,186,161,0.0903454,49,0,6.5,,0,0,0,0,0,0,0,0,0,,165,165,,0,0,0,0
1613004455752,6,1010123456026,78,,1,2,11,1,1,,9.0138,290,0,0.160096,89,0,7,,0,0,0,0,0,0,0,0,0,,252,252,,0,0,0,0
1613004456002,6,1010123456026,78,,1,2,11,1,1,,9.375,224,0,0.125494,67,0,6.71429,,0,9,0,0.1,3,0,0,0,31,,204,204,,0,0,0,0
1613004456253,6,1010123456026,78,,1,2,11,1,1,,9.31683,202,144,0.1064,51,0,6.66667,,0,0,0,0,0,0,0,0,0,,189,189,,0,0,0,0
1613004456503,6,1010123456026,78,,1,2,11,1,1,,7.57143,259,0,0.122144,80,0,6.16667,,0,0,0,0,0,0,0,0,0,,237,237,,0,0,0,0
1613004456753,6,1010123456026,78,,1,2,11,1,1,,8.97619,252,0,0.119744,68,0,6.83333,,0,0,0,0,0,0,0,0,0,,222,222,,0,0,0,0
1613004457003,6,1010123456026,78,,1,2,11,1,1,,9.79348,184,0,0.1032,55,0,7,,0.1,16,0,0.1,5,20,0,4.10168,31,,165,165,,0,0,0,2.875
1613004457252,6,1010123456026,78,,1,2,11,1,1,,10.0326,184,0,0.091759,47,0,7.33333,,0,0,0,0,0,0,0,0,0,,156,156,,0,0,0,0
1613004457502,6,1010123456026,78,,1,2,11,1,1,,10.0792,202,0,0.140434,64,0,7.33333,,0,0,0,0,0,0,0,0,0,,177,177,,0,0,0,0
1613004457752,6,1010123456026,78,,1,2,11,1,1,,9.89362,235,20,0.125237,66,0,6.8,,0,0,0,0,0,0,0,0,0,,210,210,,0,0,0,0
1613004458002,6,1010123456026,78,,1,2,11,1,1,,5.65489,368,0,0.126265,104,0,6.14286,,0.1,10,0,0.1,3,0,0,1.59854,31,,390,390,,0,0,0,1.6
1613004458252,6,1010123456026,78,,1,2,11,1,1,,10,171,89,0.0973494,51,0,7,,0,0,0,0,0,0,0,0,0,,150,150,,0,0,0,0
1613004458503,6,1010123456026,78,,1,2,11,1,1,,8.66518,224,0,0.112608,67,0,6.16667,,0,0,0,0,0,0,0,0,0,,192,192,,0,0,0,0
1613004458753,6,1010123456026,78,,1,2,11,1,1,,8.09967,301,0,0.13648,87,0,6.33333,,0.1,10,0,0.1,3,0,0,2.41498,31,,282,282,,0,0,0,1.4
1613004459003,6,1010123456026,78,,1,2,11,1,1,,7.52293,327,0,0.132864,91,0,6.28571,,0,0,0,0,0,0,0,0,0,,294,294,,0,0,0,0
1613004459253,6,1010123456026,78,,1,2,11,1,1,,6.29755,326,0,0.138624,96,0,5.33333,,0,0,0,0,0,0,0,0,0,,366,366,,0,0,0,0
1613004459503,6,1010123456026,78,,1,2,11,1,1,,6.75076,329,0,0.138144,95,0,6,,0,0,0,0,0,0,0,0,0,,354,354,,0,0,0,0
1613004459752,6,1010123456026,78,,1,2,11,1,1,,5.70988,324,240,0.113574,86,0,5.5,,0,0,0,0,0,0,0,0,0,,318,321,,0,0,0,0
1613004460002,6,1010123456026,78,,1,2,11,1,1,,6.51477,237,0,0.0886104,72,0,6.57143,,0.1,11,0,0.1,3,0,0,2.57568,31,,225,225,,0,0,0,1
1613004460252,6,1010123456026,78,,1,2,11,1,1,,8.97175,177,0,0.0936225,55,0,6.33333,,0,0,0,0,0,0,0,0,0,,150,150,,0,0,0,0
1613004460502,6,1010123456026,78,,1,2,11,1,1,,5.39167,240,0,0.0955502,69,0,6.33333,,0,0,0,0,0,0,0,0,0,,255,255,,0,0,0,0
1613004460753,6,1010123456026,78,,1,2,11,1,1,,5.65981,535,27,0.178176,146,0,5.16667,,0,0,0,0,0,0,0,0,0,,576,576,,0,0,0,0
1613004461003,6,1010123456026,78,,1,2,11,1,1,,5.72786,463,0,0.175264,138,0,5.42857,,0.1,30,0,0.1,9,33.3333,0,2.69945,31,,516,516,,0,0,0,5.3
1613004461253,6,1010123456026,78,,1,2,11,1,1,,10.1855,124,0,0.07472,37,0,7.16667,,0,0,0,0,0,0,0,0,0,,114,114,,0,0,0,0
1613004461503,6,1010123456026,78,,1,2,11,1,1,,7.84546,220,0,0.104768,67,0,6.5,,0,0,0,0,0,0,0,0,0,,192,192,,0,0,0,0
1613004461753,6,1010123456026,78,,1,2,11,1,1,,8.121,281,111,0.120416,78,0,6,,0.1,13,0,0.1,4,25,0,1.76424,31,,258,258,,0,0,0,3.76923
1613004462002,6,1010123456026,78,,1,2,11,1,1,,8.86559,186,0,0.0983775,56,0,6.57143,,0.1,8,0,0.1,2,0,0,13.8541,0,,159,159,,0,0,0,1
1613004462252,6,1010123456026,78,,1,2,11,1,1,,9.11224,98,0,0.0485783,27,0,6.83333,,0,0,0,0,0,0,0,0,0,,81,81,,0,0,0,0
1613004462502,6,1010123456026,78,,1,2,11,1,1,,8.45972,211,0,0.0932691,57,0,6.66667,,0,0,0,0,0,0,0,0,0,,183,183,,0,0,0,0
1613004462753,6,1010123456026,78,,1,2,11,1,1,,11.278,205,0,0.139328,60,0,7.33333,,0,0,0,0,0,0,0,0,0,,183,183,,0,0,0,0
1613004463003,6,1010123456026,78,,1,2,11,1,1,,3.46241,532,0,0.145312,153,0,5.66667,,12.6383,47,0,0.1,13,69.2308,0,7.27401,31,,618,618,,0,0,0,7.78723
1613004463253,6,1010123456026,78,,1,2,11,1,1,,9.43478,184,0,0.1032,57,0,6.5,,0,0,0,0,0,0,0,0,0,,174,174,,0,0,0,0
1613004463503,6,1010123456026,78,,1,2,11,1,1,,7.09898,293,0,0.111712,79,0,5.5,,0,0,0,0,0,0,0,0,0,,270,270,,0,0,0,0
1613004463752,6,1010123456026,78,,1,2,11,1,1,,7.50218,229,30,0.0942008,70,0,6.5,,0,9,0,0,3,100,0,0,0,,204,204,,0,0,0,0
1613004464002,6,1010123456026,78,,1,2,11,1,1,,9.51373,255,0,0.130635,69,0,6.85714,,0.1,16,0,0.1,5,40,0,7.32828,31,,219,219,,0,0,0,4.375
1613004464252,6,1010123456026,78,,1,2,11,1,1,,6.94882,254,0,0.110811,76,0,6,,0,0,0,0,0,0,0,0,0,,240,240,,0,0,0,0
1613004464502,6,1010123456026,78,,1,2,11,1,1,,9.76,225,119,0.12453,63,0,7.33333,,0,0,0,0,0,0,0,0,0,,198,198,,0,0,0,0
1613004464752,6,1010123456026,78,,1,2,11,1,1,,6.58769,325,0,0.137414,96,0,5.83333,,0,0,0,0,0,0,0,0,0,,333,333,,0,0,0,0
1613004465003,6,1010123456026,78,,1,2,11,1,1,,6.63073,371,0,0.150752,105,0,6,,6.28571,21,0,0.1,7,57.1429,0,7.14554,31,,426,426,,0,0,0,6.47619
1613004465253,6,1010123456026,78,,1,2,11,1,1,,8.24806,258,0,0.115392,74,0,6.16667,,0,0,0,0,0,0,0,0,0,,228,228,,0,0,0,0
1613004465503,6,1010123456026,78,,1,2,11,1,1,,9.50909,220,0,0.12784,64,0,6.66667,,0,0,0,0,0,0,0,0,0,,204,204,,0,0,0,0
1613004465753,6,1010123456026,78,,1,2,11,1,1,,8.64413,281,93,0.140416,78,0,6.5,,0,0,0,0,0,0,0,0,0,,264,264,,0,0,0,0
1613004466004,6,1010123456026,78,,1,2,11,1,1,,9.56477,193,0,0.104892,59,0,7,,0.1,11,0,0.1,3,0,0,1.65184,31,,171,171,,0,0,0,1.27273
1613004466252,6,1010123456026,78,,1,2,11,1,1,,10.4249,193,147,0.102516,47,0,7.5,,0,0,0,0,0,0,0,0,0,,177,177,,0,0,0,0
1613004466502,6,1010123456026,78,,1,2,11,1,1,,5.02216,361,0,0.126072,111,0,5.33333,,0,0,0,0,0,0,0,0,0,,357,357,,0,0,0,0
1613004466752,6,1010123456026,78,,1,2,11,1,1,,7.93023,301,0,0.132337,81,0,6,,0,0,0,0,0,0,0,0,0,,297,297,,0,0,0,0
1613004467002,6,1010123456026,78,,1,2,11,1,1,,7.85333,225,177,0.105349,70,0,6.14286,,0.1,15,0,0.1,4,0,0,7.51833,31,,243,243,,0,0,0,1.26667
1613004467253,6,1010123456026,78,,1,2,11,1,1,,9.96094,256,0,0.136768,70,0,7,,0,0,0,0,0,0,0,0,0,,216,216,,0,0,0,0
1613004467503,6,1010123456026,78,,1,2,11,1,1,,9.23659,317,56,0.176096,95,0,6.33333,,0,0,0,0,0,0,0,0,0,,288,288,,0,0,0,0
1613004467753,6,1010123456026,78,,1,2,11,1,1,,8.88398,181,0,0.092256,53,0,6.66667,,0,0,0,0,0,0,0,0,0,,153,153,,0,0,0,0
1613004468003,6,1010123456026,78,,1,2,11,1,1,,5.95823,383,0,0.1312,107,0,5.71429,,9.11539,26,0,0.1,7,57.1429,0,5.17097,31,,345,345,,0,0,0,6.53846
1613004468252,6,1010123456026,78,,1,2,11,1,1,,5.91169,385,0,0.154217,113,0,5.33333,,0,0,0,0,0,0,0,0,0,,408,408,,0,0,0,0
1613004468502,6,1010123456026,78,,1,2,11,1,1,,9.92188,192,0,0.108819,56,0,7.16667,,0,0,0,0,0,0,0,0,0,,177,177,,0,0,0,0
1613004468752,6,1010123456026,78,,1,2,11,1,1,,9.58889,270,274,0.135647,70,0,6.5,,0.1,10,0,0.1,3,0,0,1.63384,31,,243,243,,0,0,0,2.9
1613004469002,6,1010123456026,78,,1,2,11,1,1,,6.97885,331,0,0.149462,102,0,6.28571,,0,0,0,0,0,0,0,0,0,,306,306,,0,0,0,0
1613004469252,6,1010123456026,78,,1,2,11,1,1,,9.52075,265,157,0.136096,70,0,6.66667,,0,0,0,0,0,0,0,0,0,,240,240,,0,0,0,0
1613004469503,6,1010123456026,78,,1,2,11,1,1,,4.25287,348,124,0.104608,100,0,4.8,,0,0,0,0,0,0,0,0,0,,345,345,,0,0,0,0
1613004469753,6,1010123456026,78,,1,2,11,1,1,,6.63391,407,47,0.149824,119,0,6,,0.1,11,0,0.1,3,0,0,1.44136,31,,396,396,,0,0,0,3.27273
1613004470003,6,1010123456026,78,,1,2,11,1,1,,10.7319,235,0,0.161056,73,0,7,,0,3,0,0.1,1,0,0,0,0,,207,207,,0,0,0,0
1613004470253,6,1010123456026,78,,1,2,11,1,1,,8.21591,176,0,0.07664,50,0,6.66667,,0,0,0,0,0,0,0,0,0,,153,153,,0,0,0,0
1613004470502,6,1010123456026,78,,1,2,11,1,1,,9.45588,272,52,0.1369,75,0,6.66667,,0,0,0,0,0,0,0,0,0,,240,240,,0,0,0,0
1613004470752,6,1010123456026,78,,1,2,11,1,1,,9.88053,226,0,0.129767,67,0,6.83333,,0,0,0,0,0,0,0,0,0,,195,195,,0,0,0,0
1613004471002,6,1010123456026,78,,1,2,11,1,1,,6.23794,311,40,0.114217,84,0,6.85714,,10.9412,68,0,0.1,23,86.9565,0,3.7667,31,,303,303,,0,0,0,8.54412
1613004471252,6,1010123456026,78,,1,2,11,1,1,,9.32217,239,158,0.128675,71,0,6.5,,0,0,0,0,0,0,0,0,0,,213,213,,0,0,0,0
1613004471503,6,1010123456026,78,,1,2,11,1,1,,5.68839,353,0,0.124288,108,0,5.66667,,0,0,0,0,0,0,0,0,0,,342,342,,0,0,0,0
1613004471753,6,1010123456026,78,,1,2,11,1,1,,5.96735,245,118,0.0736,65,0,5.5,,0.1,15,0,0.1,4,25,0,2.26322,31,,228,228,,0,0,0,4.06667
1613004472003,6,1010123456026,78,,1,2,11,1,1,,7.18339,289,0,0.121696,85,0,6.42857,,0,0,0,0,0,0,0,0,0,,246,246,,0,0,0,0
1613004472253,6,1010123456026,78,,1,2,11,1,1,,10.674,181,0,0.11312,53,0,6.83333,,0,0,0,0,0,0,0,0,0,,165,165,,0,0,0,0
1613004472502,6,1010123456026,78,,1,2,11,1,1,,9.54945,182,0,0.108466,54,0,6.83333,,0,0,0,0,0,0,0,0,0,,165,165,,0,0,0,0
1613004472752,6,1010123456026,78,,1,2,11,1,1,,7.34375,256,0,0.10506,72,0,5.66667,,0.1,11,0,0.1,3,0,0,1.50901,31,,228,228,,0,0,0,1.54545
1613004473002,6,1010123456026,78,,1,2,11,1,1,,7.14103,312,0,0.128096,90,0,6,,0,0,0,0,0,0,0,0,0,,288,288,,0,0,0,0
1613004473252,6,1010123456026,78,,1,2,11,1,1,,7.4256,336,0,0.143647,94,0,6.33333,,0,0,0,0,0,0,0,0,0,,318,318,,0,0,0,0
1613004473502,6,1010123456026,78,,1,2,11,1,1,,9.36207,116,158,0.0544257,30,0,6.83333,,0,0,0,0,0,0,0,0,0,,102,102,,0,0,0,0
1613004473753,6,1010123456026,78,,1,2,11,1,1,,7.15738,305,532,0.13888,87,0,6,,0.1,11,0,0.1,3,0,0,0.9903,31,,348,348,,0,0,0,2.45455
1613004474003,6,1010123456026,78,,1,2,11,1,1,,7.56923,325,0,0.159424,97,0,6.28571,,0,0,0,0,0,0,0,0,0,,345,345,,0,0,0,0
1613004474253,6,1010123456026,78,,1,2,11,1,1,,9.4555,191,0,0.0984,52,0,6.83333,,0,0,0,0,0,0,0,0,0,,165,165,,0,0,0,0
1613004474502,6,1010123456026,78,,1,2,11,1,1,,9.2657,207,0,0.108755,60,0,6.66667,,0,0,0,0,0,0,0,0,0,,177,177,,0,0,0,0
1613004474752,6,1010123456026,78,,1,2,11,1,1,,7.92542,295,207,0.121703,82,0,6,,0,0,0,0,0,0,0,0,0,,264,264,,0,0,0,0
1613004475002,6,1010123456026,78,,1,2,11,1,1,,9.2483,294,0,0.162217,89,0,6.28571,,0.1,25,0,0.1,7,14.2857,0,5.7782,31,,270,270,,0,0,0,2.8
1613004475252,6,1010123456026,78,,1,2,11,1,1,,11.0848,224,0,0.151807,66,0,7.83333,,0,0,0,0,0,0,0,0,0,,201,201,,0,0,0,0
1613004475502,6,1010123456026,78,,1,2,11,1,1,,10.0603,199,20,0.108337,55,0,7,,0,0,0,0,0,0,0,0,0,,174,174,,0,0,0,0
1613004475752,6,1010123456026,78,,1,2,11,1,1,,8.17391,230,0,0.0987952,62,0,6,,0,0,0,0,0,0,0,0,0,,210,210,,0,0,0,0
1613004476003,6,1010123456026,78,,1,2,11,1,1,,9.19025,205,0,0.114432,66,0,6.42857,,0.1,29,0,0.1,8,50,0,4.27159,31,,183,183,,0,0,0,6.2069
1613004476253,6,1010123456026,78,,1,2,11,1,1,,6.30421,309,0,0.12176,87,0,6.66667,,0,0,0,0,0,0,0,0,0,,309,309,,0,0,0,0
1613004476503,6,1010123456026,78,,1,2,11,1,1,,4.66113,301,169,0.087584,87,0,5.33333,,0,0,0,0,0,0,0,0,0,,267,267,,0,0,0,0
1613004476752,6,1010123456026,78,,1,2,11,1,1,,9.77884,312,0,0.162635,82,0,6.5,,0,0,0,0,0,0,0,0,0,,276,276,,0,0,0,0
1613004477002,6,1010123456026,78,,1,2,11,1,1,,9.80319,188,158,0.119197,61,0,6.57143,,15,13,0,0,4,100,0,2.9041,0,,165,165,,0,0,0,10
1613004477252,6,1010123456026,78,,1,2,11,1,1,,6.74009,227,0,0.0788112,62,0,6.16667,,0,0,0,0,0,0,0,0,0,,192,192,,0,0,0,0
1613004477502,6,1010123456026,78,,1,2,11,1,1,,9.44521,292,0,0.153221,81,0,6.6,,0,0,0,0,0,0,0,0,0,,258,258,,0,0,0,0
1613004477752,6,1010123456026,78,,1,2,11,1,1,,9.73333,150,0,0.0911165,49,0,6.8,,0,0,0,0,0,0,0,0,0,,129,129,,0,0,0,0
1613004478002,6,1010123456026,78,,1,2,11,1,1,,8.93631,157,158,0.0816386,45,0,8,,6.9,50,0,0.1,15,80,0,3.35535,31,,141,141,,0,0,0,8.26
1613004478253,6,1010123456026,78,,1,2,11,1,1,,6.93907,279,8,0.10576,74,0,5.66667,,0,0,0,0,0,0,0,0,0,,249,249,,0,0,0,0
1613004478503,6,1010123456026,78,,1,2,11,1,1,,7.67227,357,0,0.15888,106,0,6.5,,0,0,0,0,0,0,0,0,0,,315,315,,0,0,0,0
1613004478753,6,1010123456026,78,,1,2,11,1,1,,6.84536,291,49,0.115328,79,0,6.16667,,0,0,0,0,0,0,0,0,0,,312,312,,0,0,0,0
1613004479002,6,1010123456026,78,,1,2,11,1,1,,6.63462,312,140,0.127839,93,0,5.42857,,0.1,11,0,0.1,3,0,0,1.27556,31,,279,279,,0,0,0,1.63636
1613004479252,6,1010123456026,78,,1,2,11,1,1,,7.27628,333,0,0.156755,98,0,6.66667,,0,0,0,0,0,0,0,0,0,,321,321,,0,0,0,0
1613004479502,6,1010123456026,78,,1,2,11,1,1,,8.83258,221,52,0.104032,61,0,6.33333,,0,0,0,0,0,0,0,0,0,,195,195,,0,0,0,0
1613004479752,6,1010123456026,78,,1,2,11,1,1,,7.82187,320,72,0.127325,85,0,6.16667,,0,0,0,0,0,0,0,0,0,,288,288,,0,0,0,0
1613004480002,6,1010123456026,78,,1,2,11,1,1,,7.67427,307,0,0.148112,93,0,5.5,,0.1,11,0,0.1,3,0,0,13.2717,31,,282,282,,0,0,0,1.27273
1613004480253,6,1010123456026,78,,1,2,11,1,1,,3.5748,254,0,0.076064,79,0,5.33333,,0,0,0,0,0,0,0,0,0,,321,321,,0,0,0,0
1613004480503,6,1010123456026,78,,1,2,11,1,1,,7.27372,274,87,0.11008,76,0,6.16667,,0,0,0,0,0,0,0,0,0,,249,249,,0,0,0,0
1613004480753,6,1010123456026,78,,1,2,11,1,1,,8.40333,300,87,0.146304,88,0,6.66667,,0,0,0,0,0,0,0,0,0,,264,264,,0,0,0,0
1613004481003,6,1010123456026,78,,1,2,11,1,1,,6.88664,247,217,0.099712,67,0,6,,0.1,15,0,0.1,5,0,0,2.13343,31,,273,273,,0,0,0,1.8
1613004481252,6,1010123456026,78,,1,2,11,1,1,,6.5589,365,158,0.150843,111,0,6,,0,0,0,0,0,0,0,0,0,,366,366,,0,0,0,0
1613004481502,6,1010123456026,78,,1,2,11,1,1,,4.45476,420,0,0.126779,120,0,5.33333,,0,0,0,0,0,0,0,0,0,,501,501,,0,0,0,0
1613004481752,6,1010123456026,78,,1,2,11,1,1,,8.64,250,0,0.120161,67,0,6.33333,,0,0,0,0,0,0,0,0,0,,243,243,,0,0,0,0
1613004482002,6,1010123456026,78,,1,2,11,1,1,,8.74074,189,0,0.0979598,58,0,6.42857,,0.1,13,0,0.1,4,25,0,2.1477,31,,165,165,,0,0,0,3.38462
1613004482252,6,1010123456026,78,,1,2,11,1,1,,8.67089,237,0,0.122313,66,0,6.66667,,0,0,0,0,0,0,0,0,0,,222,222,,0,0,0,0
1613004482503,6,1010123456026,78,,1,2,11,1,1,,7.79851,134,188,0.06304,39,0,6.16667,,0,0,0,0,0,0,0,0,0,,126,126,,0,0,0,0
1613004482753,6,1010123456026,78,,1,2,11,1,1,,5.26,350,0,0.113952,104,0,5.5,,0,0,0,0,0,0,0,0,0,,342,342,,0,0,0,0
1613004483003,6,1010123456026,78,,1,2,11,1,1,,8.08907,247,0,0.104512,67,0,6,,0,12,0,0,4,100,0,0,0,,234,234,,0,0,0,0
1613004483252,6,1010123456026,78,,1,2,11,1,1,,7.65158,221,0,0.115598,67,0,6.5,,0.1,10,0,0.1,3,0,0,1.57271,31,,228,228,,0,0,0,2.1
1613004483502,6,1010123456026,78,,1,2,11,1,1,,10.5317,205,0,0.133558,59,0,7.83333,,0,0,0,0,0,0,0,0,0,,183,183,,0,0,0,0
1613004483752,6,1010123456026,78,,1,2,11,1,1,,8.80634,284,0,0.146506,82,0,6.5,,0,0,0,0,0,0,0,0,0,,261,261,,0,0,0,0
1613004484002,6,1010123456026,78,,1,2,11,1,1,,9.96178,157,0,0.0915984,45,0,7.14286,,13,23,0,0.1,6,66.6667,0,10.5086,31,,138,138,,0,0,0,7.26087
1613004484252,6,1010123456026,78,,1,2,11,1,1,,9.29545,176,0,0.0871968,48,0,6.66667,,0,0,0,0,0,0,0,0,0,,159,159,,0,0,0,0
1613004484502,6,1010123456026,78,,1,2,11,1,1,,8.19313,233,0,0.109526,67,0,6.33333,,0,0,0,0,0,0,0,0,0,,210,210,,0,0,0,0
1613004484753,6,1010123456026,78,,1,2,11,1,1,,6.04393,387,226,0.145312,112,0,6,,0,0,0,0,0,0,0,0,0,,387,387,,0,0,0,0
1613004485003,6,1010123456026,78,,1,2,11,1,1,,7.00608,329,0,0.153216,95,0,6.33333,,10.4,10,0,0.1,3,33.3333,0,15.1838,31,,384,384,,0,0,0,4.6
1613004485252,6,1010123456026,78,,1,2,11,1,1,,7.63025,357,99,0.170795,106,0,6,,0,0,0,0,0,0,0,0,0,,366,366,,0,0,0,0
1613004485502,6,1010123456026,78,,1,2,11,1,1,,4.53382,414,0,0.1209,116,0,4.83333,,0,0,0,0,0,0,0,0,0,,474,474,,0,0,0,0
1613004485752,6,1010123456026,78,,1,2,11,1,1,,10.8406,207,0,0.140016,62,0,8,,0,0,0,0,0,0,0,0,0,,183,183,,0,0,0,0
1613004486002,6,1010123456026,78,,1,2,11,1,1,,6.72595,343,83,0.140723,92,0,5.71429,,15,13,0,0,4,100,0,1.2479,0,,411,411,,0,0,0,10
1613004486252,6,1010123456026,78,,1,2,11,1,1,,6.47594,374,0,0.139888,110,0,5.33333,,0,0,0,0,0,0,0,0,0,,354,354,,0,0,0,0
1613004486502,6,1010123456026,78,,1,2,11,1,1,,8.85648,216,158,0.118104,67,0,6.66667,,0,0,0,0,0,0,0,0,0,,198,198,,0,0,0,0
1613004486752,6,1010123456026,78,,1,2,11,1,1,,6.98127,267,0,0.105606,77,0,5.66667,,0,0,0,0,0,0,0,0,0,,234,234,,0,0,0,0
1613004487003,6,1010123456026,78,,1,2,11,1,1,,6.68405,326,0,0.132768,93,0,6,,0.1,20,0,0.1,6,33.3333,0,1.48456,31,,417,417,,0,0,0,5.45
1613004487253,6,1010123456026,78,,1,2,11,1,1,,9.68224,214,0,0.11856,60,0,7,,0,0,0,0,0,0,0,0,0,,195,195,,0,0,0,0
1613004487503,6,1010123456026,78,,1,2,11,1,1,,10.5318,220,0,0.150176,67,0,6.66667,,0,0,0,0,0,0,0,0,0,,201,201,,0,0,0,0
1613004487752,6,1010123456026,78,,1,2,11,1,1,,8.41747,206,0,0.0985703,59,0,6.33333,,0,0,0,0,0,0,0,0,0,,183,183,,0,0,0,0
1613004488002,6,1010123456026,78,,1,2,11,1,1,,6,371,0,0.129735,104,0,5.85714,,0,9,0,0.1,3,0,0,0,31,,381,381,,0,0,0,0
1613004488252,6,1010123456026,78,,1,2,11,1,1,,9.25806,155,32,0.0817349,42,0,6.5,,0,0,0,0,0,0,0,0,0,,141,144,,0,0,0,0
1613004488502,6,1010123456026,78,,1,2,11,1,1,,5.42623,366,0,0.13012,113,0,6,,0,0,0,0,0,0,0,0,0,,354,354,,0,0,0,0
1613004488752,6,1010123456026,78,,1,2,11,1,1,,6.45272,349,388,0.121478,93,0,5.66667,,0,0,0,0,0,0,0,0,0,,339,339,,0,0,0,0
1613004489003,6,1010123456026,78,,1,2,11,1,1,,9.09927,272,0,0.147488,81,0,6.57143,,0.1,18,0,0.1,5,20,0,1.55731,31,,270,270,,0,0,0,3.5
1613004489253,6,1010123456026,78,,1,2,11,1,1,,7.35843,332,103,0.135136,92,0,6,,0,0,0,0,0,0,0,0,0,,315,315,,0,0,0,0
1613004489503,6,1010123456026,78,,1,2,11,1,1,,8.40805,174,0,0.091008,57,0,6.5,,0,0,0,0,0,0,0,0,0,,156,156,,0,0,0,0
1613004489752,6,1010123456026,78,,1,2,11,1,1,,5.88152,422,0,0.161414,117,0,5.33333,,0.1,12,0,0,3,100,0,0.1,0,,522,522,,0,0,0,10
1613004490002,6,1010123456026,78,,1,2,11,1,1,,5.72105,380,0,0.13102,113,0,5.85714,,6.95,20,0,0.1,7,71.4286,0,10.1697,31,,342,342,,0,0,0,7.3
1613004490252,6,1010123456026,78,,1,2,11,1,1,,8.91262,206,134,0.0978956,50,0,6.5,,0,0,0,0,0,0,0,0,0,,180,183,,0,0,0,0
1613004490502,6,1010123456026,78,,1,2,11,1,1,,6.1123,374,0,0.134651,112,0,6,,0,0,0,0,0,0,0,0,0,,345,345,,0,0,0,0
1613004490752,6,1010123456026,78,,1,2,11,1,1,,6.42718,412,503,0.16241,114,0,5.33333,,0,0,0,0,0,0,0,0,0,,474,480,,0,0,0,0
1613004491002,6,1010123456026,78,,1,2,11,1,1,,8.7193,228,121,0.124755,72,0,6.71429,,0.1,14,0,0.1,4,0,0,8.71468,31,,222,222,,0,0,0,1.21429
1613004491253,6,1010123456026,78,,1,2,11,1,1,,5.87361,451,0,0.157792,131,0,5.66667,,0,0,0,0,0,0,0,0,0,,459,459,,0,0,0,0
1613004491503,6,1010123456026,78,,1,2,11,1,1,,6.80531,226,180,0.085248,57,0,5.83333,,0,0,0,0,0,0,0,0,0,,198,198,,0,0,0,0
1613004491753,6,1010123456026,78,,1,2,11,1,1,,6.62771,231,0,0.093312,70,0,6,,0,0,0,0,0,0,0,0,0,,216,216,,0,0,0,0
1613004492002,6,1010123456026,78,,1,2,11,1,1,,6.14972,354,200,0.129767,97,0,5.71429,,0.1,31,0,0.1,9,66.6667,0,0.480878,31,,339,339,,0,0,0,7.22581
1613004492252,6,1010123456026,78,,1,2,11,1,1,,8.63667,300,162,0.145639,88,0,6,,0,0,0,0,0,0,0,0,0,,282,282,,0,0,0,0
1613004492502,6,1010123456026,78,,1,2,11,1,1,,5.48529,272,131,0.0965783,82,0,5.83333,,0,0,0,0,0,0,0,0,0,,276,276,,0,0,0,0
1613004492752,6,1010123456026,78,,1,2,11,1,1,,9.16119,335,0,0.174586,97,0,6.66667,,0,0,0,0,0,0,0,0,0,,291,291,,0,0,0,0
1613004493002,6,1010123456026,78,,1,2,11,1,1,,8.77515,169,20,0.0820884,48,0,6.71429,,0.1,10,0,0.1,3,0,0,0.982453,31,,147,147,,0,0,0,1.4
1613004493252,6,1010123456026,78,,1,2,11,1,1,,7.69709,241,158,0.109944,72,0,6.66667,,0,0,0,0,0,0,0,0,0,,237,237,,0,0,0,0
1613004493503,6,1010123456026,78,,1,2,11,1,1,,8.95434,219,60,0.102912,58,0,6.33333,,0,0,0,0,0,0,0,0,0,,189,189,,0,0,0,0
1613004493753,6,1010123456026,78,,1,2,11,1,1,,7.51163,301,0,0.132544,90,0,6.33333,,0,0,0,0,0,0,0,0,0,,306,306,,0,0,0,0
1613004494002,6,1010123456026,78,,1,2,11,1,1,,5.39529,382,158,0.135325,110,0,5.42857,,0.1,11,0,0.1,3,0,0,1.00366,31,,378,378,,0,0,0,2
1613004494252,6,1010123456026,78,,1,2,11,1,1,,8.58723,235,0,0.115149,67,0,6,,0,0,0,0,0,0,0,0,0,,207,207,,0,0,0,0
1613004494502,6,1010123456026,78,,1,2,11,1,1,,6.14884,430,158,0.166683,116,0,5.16667,,0,0,0,0,0,0,0,0,0,,453,456,,0,0,0,0
1613004494752,6,1010123456026,78,,1,2,11,1,1,,8.68571,315,0,0.169767,99,0,6.83333,,0,0,0,0,0,0,0,0,0,,294,294,,0,0,0,0
1613004495002,6,1010123456026,78,,1,2,11,1,1,,9.55758,165,0,0.0921125,49,0,6.57143,,8.41026,39,0,0.1,11,72.7273,0,4.18197,31,,150,150,,0,0,0,7.46154
1613004495252,6,1010123456026,78,,1,2,11,1,1,,8.5641,234,0,0.104386,64,0,6.5,,0,0,0,0,0,0,0,0,0,,201,201,,0,0,0,0
1613004495502,6,1010123456026,78,,1,2,11,1,1,,7.44807,337,0,0.13841,96,0,6,,0,0,0,0,0,0,0,0,0,,297,297,,0,0,0,0
1613004495753,6,1010123456026,78,,1,2,11,1,1,,8.29677,155,0,0.07616,47,0,6.83333,,0,0,0,0,0,0,0,0,0,,132,132,,0,0,0,0
1613004496003,6,1010123456026,78,,1,2,11,1,1,,8.92015,263,0,0.13072,77,0,6.57143,,0.1,15,0,0.1,4,0,0,15.9456,31,,231,231,,0,0,0,1
1613004496252,6,1010123456026,78,,1,2,11,1,1,,8.46264,348,0,0.174233,96,0,6.5,,0,0,0,0,0,0,0,0,0,,345,345,,0,0,0,0
1613004496502,6,1010123456026,78,,1,2,11,1,1,,5.9026,308,74,0.101622,84,0,5.66667,,0,0,0,0,0,0,0,0,0,,300,300,,0,0,0,0
1613004496752,6,1010123456026,78,,1,2,11,1,1,,7.98936,188,0,0.088,58,0,6.66667,,0,0,0,0,0,0,0,0,0,,162,162,,0,0,0,0
1613004497002,6,1010123456026,78,,1,2,11,1,1,,8.52318,151,0,0.0768514,47,0,6,,15,13,0,0,4,100,0,2.68288,0,,132,132,,0,0,0,10
1613004497252,6,1010123456026,78,,1,2,11,1,1,,6.76176,340,0,0.130602,94,0,6,,0,0,0,0,0,0,0,0,0,,315,315,,0,0,0,0
1613004497502,6,1010123456026,78,,1,2,11,1,1,,8.53695,203,0,0.0919839,59,0,6.5,,0,0,0,0,0,0,0,0,0,,177,177,,0,0,0,0
1613004497753,6,1010123456026,78,,1,2,11,1,1,,8.38976,254,0,0.130336,76,0,6.8,,0,0,0,0,0,0,0,0,0,,237,237,,0,0,0,0
1613004498002,6,1010123456026,78,,1,2,11,1,1,,8.24727,275,0,0.13208,81,0,6.28571,,0.1,19,0,0.1,6,50,0,1.11753,31,,273,273,,0,0,0,5.57895
1613004498253,6,1010123456026,78,,1,2,11,1,1,,9.13873,173,127,0.081248,46,0,6.66667,,0,0,0,0,0,0,0,0,0,,153,153,,0,0,0,0
1613004498502,6,1010123456026,78,,1,2,11,1,1,,6.56136,383,0,0.172177,117,0,5.66667,,0,0,0,0,0,0,0,0,0,,471,471,,0,0,0,0
1613004498752,6,1010123456026,78,,1,2,11,1,1,,5.14973,374,0,0.108659,103,0,5.83333,,0,0,0,0,0,0,0,0,0,,351,351,,0,0,0,0
1613004499002,6,1010123456026,78,,1,2,11,1,1,,9.96911,259,40,0.146956,79,0,6.85714,,0.1,20,0,0.1,6,16.6667,0,6.82431,31,,237,237,,0,0,0,2.5
1613004499252,6,1010123456026,78,,1,2,11,1,1,,7.71484,256,0,0.115823,75,0,6.16667,,0,0,0,0,0,0,0,0,0,,234,234,,0,0,0,0
1613004499502,6,1010123456026,78,,1,2,11,1,1,,7.61261,222,158,0.0937831,64,0,6,,0,0,0,0,0,0,0,0,0,,207,207,,0,0,0,0
1613004499752,6,1010123456026,78,,1,2,11,1,1,,10.2347,213,0,0.119229,58,0,7.2,,0,0,0,0,0,0,0,0,0,,186,183,,0,0,0,0
1613004500003,6,1010123456026,78,,1,2,11,1,1,,6.18707,294,260,0.116832,88,0,6.42857,,0.1,42,0,0.1,11,72.7273,0,0.62082,31,,288,288,,0,0,0,7.95238
1613004500253,6,1010123456026,78,,1,2,11,1,1,,8.58252,309,52,0.14032,83,0,6.33333,,0,0,0,0,0,0,0,0,0,,276,276,,0,0,0,0
1613004500502,6,1010123456026,78,,1,2,11,1,1,,7.83989,356,0,0.171663,103,0,6.16667,,0,0,0,0,0,0,0,0,0,,333,333,,0,0,0,0
1613004500752,6,1010123456026,78,,1,2,11,1,1,,8.43561,264,0,0.131116,78,0,6,,0,0,0,0,0,0,0,0,0,,237,237,,0,0,0,0
1613004501002,6,1010123456026,78,,1,2,11,1,1,,9.64433,194,158,0.113349,55,0,7.14286,,13.7931,87,0,0.1,27,85.1852,0,3.38385,31,,195,195,,0,0,0,8.87356
1613004501252,6,1010123456026,78,,1,2,11,1,1,,10.8902,255,153,0.156112,71,0,7.33333,,0,0,0,0,0,0,0,0,0,,228,228,,0,0,0,0
1613004501502,6,1010123456026,78,,1,2,11,1,1,,6.45757,330,0,0.128932,96,0,6,,0,0,0,0,0,0,0,0,0,,303,303,,0,0,0,0
1613004501752,6,1010123456026,78,,1,2,11,1,1,,9.19905,211,0,0.114249,63,0,6.66667,,0,0,0,0,0,0,0,0,0,,183,183,,0,0,0,0
1613004502002,6,1010123456026,78,,1,2,11,1,1,,7.03681,326,0,0.128193,94,0,6,,0,8,0,0.1,3,0,0,0,31,,297,297,,0,0,0,0
1613004502253,6,1010123456026,78,,1,2,11,1,1,,7.8559,229,0,0.103168,65,0,6.16667,,0,0,0,0,0,0,0,0,0,,264,264,,0,0,0,0
1613004502502,6,1010123456026,78,,1,2,11,1,1,,6.36306,314,158,0.128418,90,0,6.16667,,0,0,0,0,0,0,0,0,0,,348,348,,0,0,0,0
1613004502752,6,1010123456026,78,,1,2,11,1,1,,7.64662,266,0,0.119968,75,0,5.66667,,0,0,0,0,0,0,0,0,0,,282,282,,0,0,0,0
1613004503002,6,1010123456026,78,,1,2,11,1,1,,9.04235,307,99,0.152064,88,0,6.85714,,0,12,0,0,4,100,0,0,0,,270,270,,0,0,0,0
1613004503252,6,1010123456026,78,,1,2,11,1,1,,8.17895,285,183,0.131309,76,0,6.16667,,0,0,0,0,0,0,0,0,0,,261,264,,0,0,0,0
1613004503502,6,1010123456026,78,,1,2,11,1,1,,6.92046,264,0,0.113189,84,0,6.33333,,0,0,0,0,0,0,0,0,0,,234,234,,0,0,0,0
1613004503752,6,1010123456026,78,,1,2,11,1,1,,7.6128,328,0,0.148723,95,0,6,,0.1,10,0,0.1,3,0,0,1.63156,31,,303,303,,0,0,0,1.7
1613004504002,6,1010123456026,78,,1,2,11,1,1,,4.48423,444,0,0.132723,128,0,5.14286,,0,0,0,0,0,0,0,0,0,,504,504,,0,0,0,0
1613004504252,6,1010123456026,78,,1,2,11,1,1,,9.29344,259,0,0.125173,68,0,6.83333,,0,0,0,0,0,0,0,0,0,,228,228,,0,0,0,0
1613004504503,6,1010123456026,78,,1,2,11,1,1,,5.95696,395,116,0.138848,112,0,5.5,,0,0,0,0,0,0,0,0,0,,372,372,,0,0,0,0
1613004504752,6,1010123456026,78,,1,2,11,1,1,,8.68539,267,8,0.138088,75,0,6.16667,,0,0,0,0,0,0,0,0,0,,228,228,,0,0,0,0
1613004505002,6,1010123456026,78,,1,2,11,1,1,,7.72453,265,158,0.127614,85,0,6.28571,,4.55556,72,0,0.1,20,80,0,3.56068,31,,261,261,,0,0,0,8.5
1613004505252,6,1010123456026,78,,1,2,11,1,1,,9.69469,226,0,0.124048,61,0,6.83333,,0,0,0,0,0,0,0,0,0,,198,198,,0,0,0,0
1613004505502,6,1010123456026,78,,1,2,11,1,1,,5.59701,268,158,0.0963534,80,0,5.5,,0,0,0,0,0,0,0,0,0,,240,240,,0,0,0,0
1613004505752,6,1010123456026,78,,1,2,11,1,1,,9.31034,203,0,0.0982169,54,0,6.5,,0,0,0,0,0,0,0,0,0,,171,171,,0,0,0,0
1613004506002,6,1010123456026,78,,1,2,11,1,1,,8.26087,276,158,0.132241,82,0,6.33333,,15,42,0,0,12,100,0,0.52013,0,,252,252,,0,0,0,10
1613004506252,6,1010123456026,78,,1,2,11,1,1,,10.9136,162,0,0.10445,47,0,7.33333,,0,0,0,0,0,0,0,0,0,,138,138,,0,0,0,0
1613004506503,6,1010123456026,78,,1,2,11,1,1,,8.31667,240,0,0.112352,68,0,6.5,,0,0,0,0,0,0,0,0,0,,228,228,,0,0,0,0
1613004506753,6,1010123456026,78,,1,2,11,1,1,,7.95362,345,0,0.158688,102,0,6.16667,,0.1,10,0,0.1,3,0,0,1.20016,31,,300,300,,0,0,0,3.4
1613004507002,6,1010123456026,78,,1,2,11,1,1,,6.85278,360,0,0.134394,101,0,5.71429,,0,0,0,0,0,0,0,0,0,,321,321,,0,0,0,0
1613004507252,6,1010123456026,78,,1,2,11,1,1,,6.78916,332,315,0.126329,91,0,5.5,,0,0,0,0,0,0,0,0,0,,321,321,,0,0,0,0
1613004507502,6,1010123456026,78,,1,2,11,1,1,,8.68705,278,0,0.138506,84,0,6.83333,,0,0,0,0,0,0,0,0,0,,237,237,,0,0,0,0
1613004507752,6,1010123456026,78,,1,2,11,1,1,,8.94558,147,0,0.0768193,45,0,6.33333,,0,0,0,0,0,0,0,0,0,,129,129,,0,0,0,0
1613004508003,6,1010123456026,78,,1,2,11,1,1,,9.4686,207,105,0.109856,57,0,6.71429,,11.7746,142,0,0.1,45,80,0,2.78849,31,,192,192,,0,0,0,8.23944
1613004508252,6,1010123456026,78,,1,2,11,1,1,,8.38489,278,89,0.130731,80,0,6.66667,,0,0,0,0,0,0,0,0,0,,255,255,,0,0,0,0
1613004508502,6,1010123456026,78,,1,2,11,1,1,,6.82716,324,0,0.1351,94,0,5.16667,,0,0,0,0,0,0,0,0,0,,294,294,,0,0,0,0
1613004508752,6,1010123456026,78,,1,2,11,1,1,,9.37383,214,0,0.118426,65,0,6.33333,,0.1,15,0,0.1,4,25,0,1.4799,31,,189,189,,0,0,0,4.66667
1613004509002,6,1010123456026,78,,1,2,11,1,1,,6.75649,308,0,0.122924,90,0,6.14286,,0,0,0,0,0,0,0,0,0,,291,291,,0,0,0,0
1613004509252,6,1010123456026,78,,1,2,11,1,1,,6.63428,350,0,0.139116,100,0,5.66667,,0,0,0,0,0,0,0,0,0,,354,354,,0,0,0,0
1613004509502,6,1010123456026,78,,1,2,11,1,1,,9.88614,202,0,0.123791,58,0,7,,0,0,0,0,0,0,0,0,0,,189,189,,0,0,0,0
1613004509752,6,1010123456026,78,,1,2,11,1,1,,9.20297,202,0,0.103647,58,0,6.5,,0.1,13,0,0.1,4,25,0,1.47755,31,,177,177,,0,0,0,3.84615
1613004510002,6,1010123456026,78,,1,2,11,1,1,,7.36697,218,203,0.0838233,61,0,6.14286,,0,0,0,0,0,0,0,0,0,,204,204,,0,0,0,0
1613004510252,6,1010123456026,78,,1,2,11,1,1,,10.1575,292,0,0.17298,85,0,7.66667,,0,0,0,0,0,0,0,0,0,,258,258,,0,0,0,0
1613004510502,6,1010123456026,78,,1,2,11,1,1,,8.06391,266,95,0.126104,70,0,6,,0,0,0,0,0,0,0,0,0,,246,246,,0,0,0,0
1613004510752,6,1010123456026,78,,1,2,11,1,1,,5.24471,331,0,0.113574,101,0,5.83333,,0,0,0,0,0,0,0,0,0,,327,327,,0,0,0,0
1613004511003,6,1010123456026,78,,1,2,11,1,1,,7.23977,342,175,0.138208,91,0,5.85714,,0.1,11,0,0.1,3,0,0,0.884234,31,,381,381,,0,0,0,2.54545
1613004511252,6,1010123456026,78,,1,2,11,1,1,,7.34237,295,119,0.12604,86,0,6.5,,0,0,0,0,0,0,0,0,0,,264,264,,0,0,0,0
1613004511502,6,1010123456026,78,,1,2,11,1,1,,8.2518,278,0,0.131759,79,0,6.66667,,0,0,0,0,0,0,0,0,0,,255,255,,0,0,0,0
1613004511752,6,1010123456026,78,,1,2,11,1,1,,10.4586,157,0,0.102426,47,0,7,,0,0,0,0,0,0,0,0,0,,144,144,,0,0,0,0
1613004512002,6,1010123456026,78,,1,2,11,1,1,,6.24552,391,54,0.140755,109,0,5.14286,,0.1,38,0,0.1,11,72.7273,0,0.392001,31,,363,363,,0,0,0,7.57895
1613004512252,6,1010123456026,78,,1,2,11,1,1,,5.39739,307,7,0.1129,92,0,6.16667,,0,0,0,0,0,0,0,0,0,,324,324,,0,0,0,0
1613004512502,6,1010123456026,78,,1,2,11,1,1,,8.31023,303,74,0.141815,85,0,6.4,,0,0,0,0,0,0,0,0,0,,270,270,,0,0,0,0
1613004512752,6,1010123456026,78,,1,2,11,1,1,,8.00551,363,0,0.162602,105,0,6.16667,,0,0,0,0,0,0,0,0,0,,333,333,,0,0,0,0
1613004513002,6,1010123456026,78,,1,2,11,1,1,,7.90741,270,0,0.11457,78,0,5.71429,,0.1,20,0,0.1,5,40,0,1.00449,31,,234,234,,0,0,0,6.8
1613004513252,6,1010123456026,78,,1,2,11,1,1,,7.8876,258,0,0.125783,76,0,6.66667,,0,0,0,0,0,0,0,0,0,,267,267,,0,0,0,0
1613004513502,6,1010123456026,78,,1,2,11,1,1,,8.46262,214,182,0.0894137,53,0,6.5,,0,0,0,0,0,0,0,0,0,,186,186,,0,0,0,0
1613004513752,6,1010123456026,78,,1,2,11,1,1,,8.63902,205,0,0.108209,67,0,6.5,,0,0,0,0,0,0,0,0,0,,186,186,,0,0,0,0
1613004514002,6,1010123456026,78,,1,2,11,1,1,,8.11,200,0,0.0880321,55,0,6.14286,,10.8947,19,0,0.1,5,20,0,25.4889,31,,183,183,,0,0,0,2.89474
1613004514252,6,1010123456026,78,,1,2,11,1,1,,3.56812,389,20,0.109558,111,0,5.33333,,0,0,0,0,0,0,0,0,0,,441,441,,0,0,0,0
1613004514502,6,1010123456026,78,,1,2,11,1,1,,7.08864,361,0,0.147823,104,0,5.83333,,0,0,0,0,0,0,0,0,0,,324,324,,0,0,0,0
1613004514752,6,1010123456026,78,,1,2,11,1,1,,9.92481,266,158,0.149558,78,0,6.66667,,0,9,0,0,3,100,0,0,0,,234,234,,0,0,0,0
1613004515002,6,1010123456026,78,,1,2,11,1,1,,9.43556,225,0,0.113703,62,0,6.85714,,0,3,0,0,1,100,0,0,0,,192,192,,0,0,0,0
1613004515253,6,1010123456026,78,,1,2,11,1,1,,5.38791,397,0,0.130144,113,0,5.33333,,0,0,0,0,0,0,0,0,0,,363,363,,0,0,0,0
1613004515502,6,1010123456026,78,,1,2,11,1,1,,9.82727,220,0,0.124562,66,0,7,,0,0,0,0,0,0,0,0,0,,189,189,,0,0,0,0
1613004515752,6,1010123456026,78,,1,2,11,1,1,,5.70245,326,0,0.108112,90,0,5.83333,,0,0,0,0,0,0,0,0,0,,318,318,,0,0,0,0
1613004516002,6,1010123456026,78,,1,2,11,1,1,,9.34127,252,181,0.135679,71,0,7.42857,,13.2133,75,0,0.107598,23,69.5652,0,8.36801,31,,225,225,,0,0,0,7.05333
1613004516252,6,1010123456026,78,,1,2,11,1,1,,6.41854,356,0,0.148048,106,0,6.33333,,0,0,0,0,0,0,0,0,0,,333,333,,0,0,0,0
1613004516502,6,1010123456026,78,,1,2,11,1,1,,8.83806,247,99,0.134908,69,0,6.33333,,0,0,0,0,0,0,0,0,0,,255,255,,0,0,0,0
1613004516752,6,1010123456026,78,,1,2,11,1,1,,9.40754,292,0,0.144771,79,0,7,,0,0,0,0,0,0,0,0,0,,255,255,,0,0,0,0
1613004517002,6,1010123456026,78,,1,2,11,1,1,,5.69444,324,218,0.140787,96,0,6.14286,,0.1,10,0,0.1,3,0,0,2.17311,31,,396,396,,0,0,0,1.8
1613004517252,6,1010123456026,78,,1,2,11,1,1,,6.5859,454,13,0.177863,132,0,5.83333,,0,0,0,0,0,0,0,0,0,,411,411,,0,0,0,0
1613004517503,6,1010123456026,78,,1,2,11,1,1,,6.82199,382,0,0.169696,114,0,6,,0,0,0,0,0,0,0,0,0,,381,381,,0,0,0,0
1613004517752,6,1010123456026,78,,1,2,11,1,1,,10.125,160,0,0.0929799,47,0,6.83333,,0,0,0,0,0,0,0,0,0,,144,144,,0,0,0,0
1613004518002,6,1010123456026,78,,1,2,11,1,1,,9.57055,163,0,0.0820884,46,0,7,,0,9,0,0.1,3,0,0,0,31,,144,144,,0,0,0,0
1613004518252,6,1010123456026,78,,1,2,11,1,1,,9.44813,241,0,0.140723,71,0,6.66667,,0,0,0,0,0,0,0,0,0,,222,222,,0,0,0,0
1613004518502,6,1010123456026,78,,1,2,11,1,1,,8.71359,206,0,0.0928835,56,0,6.5,,0,0,0,0,0,0,0,0,0,,177,177,,0,0,0,0
1613004518752,6,1010123456026,78,,1,2,11,1,1,,10.1293,116,90,0.0646747,31,0,7.16667,,0.1,12,0,0.1,3,0,0,1.74673,31,,102,102,,0,0,0,1.66667
1613004519002,6,1010123456026,78,,1,2,11,1,1,,8.81119,286,40,0.139888,79,0,6.66667,,0,0,0,0,0,0,0,0,0,,273,273,,0,0,0,0
1613004519252,6,1010123456026,78,,1,2,11,1,1,,8.5198,202,0,0.11155,66,0,6,,0,0,0,0,0,0,0,0,0,,186,186,,0,0,0,0
1613004519502,6,1010123456026,78,,1,2,11,1,1,,7.92527,281,0,0.121574,80,0,6,,0,0,0,0,0,0,0,0,0,,261,261,,0,0,0,0
1613004519752,6,1010123456026,78,,1,2,11,1,1,,7.66667,195,0,0.0829237,56,0,6.16667,,0,0,0,0,0,0,0,0,0,,180,180,,0,0,0,0
1613004520002,6,1010123456026,78,,1,2,11,1,1,,8.95082,244,190,0.121799,68,0,6.71429,,0.1,35,0,0.1,9,66.6667,0,1.11109,31,,234,234,,0,0,0,7.97143
1613004520252,6,1010123456026,78,,1,2,11,1,1,,5.78767,292,0,0.106859,84,0,5.66667,,0,0,0,0,0,0,0,0,0,,252,252,,0,0,0,0
1613004520502,6,1010123456026,78,,1,2,11,1,1,,7.46791,374,0,0.162859,107,0,6.33333,,0,0,0,0,0,0,0,0,0,,354,354,,0,0,0,0
1613004520752,6,1010123456026,78,,1,2,11,1,1,,6.95946,296,0,0.111004,82,0,5.33333,,0,0,0,0,0,0,0,0,0,,258,258,,0,0,0,0
1613004521002,6,1010123456026,78,,1,2,11,1,1,,9.58482,224,0,0.11547,65,0,6.57143,,0.1,10,0,0.1,3,0,0,1.54975,31,,195,195,,0,0,0,1.8
1613004521252,6,1010123456026,78,,1,2,11,1,1,,9,243,0,0.132884,73,0,6.5,,0,0,0,0,0,0,0,0,0,,222,222,,0,0,0,0
1613004521502,6,1010123456026,78,,1,2,11,1,1,,7.22647,340,158,0.12906,95,0,5.83333,,0,0,0,0,0,0,0,0,0,,303,303,,0,0,0,0
1613004521752,6,1010123456026,78,,1,2,11,1,1,,5.53886,386,99,0.145478,108,0,5,,0,0,0,0,0,0,0,0,0,,417,417,,0,0,0,0
1613004522002,6,1010123456026,78,,1,2,11,1,1,,9.22519,262,0,0.144771,84,0,6.85714,,7.80952,42,0,0.1,12,75,0,3.64619,31,,237,237,,0,0,0,8
1613004522252,6,1010123456026,78,,1,2,11,1,1,,10.3384,198,0,0.118072,57,0,6.66667,,0,0,0,0,0,0,0,0,0,,177,177,,0,0,0,0
1613004522502,6,1010123456026,78,,1,2,11,1,1,,6.6401,389,0,0.1449,111,0,5.5,,0,0,0,0,0,0,0,0,0,,366,366,,0,0,0,0
1613004522752,6,1010123456026,78,,1,2,11,1,1,,8.0604,149,0,0.0668273,44,0,7,,0,0,0,0,0,0,0,0,0,,129,129,,0,0,0,0
1613004523002,6,1010123456026,78,,1,2,11,1,1,,7.51625,277,0,0.121221,80,0,6.14286,,0.1,10,0,0.1,3,0,0,1.56328,31,,291,291,,0,0,0,1.4
1613004523252,6,1010123456026,78,,1,2,11,1,1,,9.93064,173,0,0.0922088,48,0,7,,0,0,0,0,0,0,0,0,0,,153,153,,0,0,0,0
1613004523502,6,1010123456026,78,,1,2,11,1,1,,10.0196,153,0,0.0862651,42,0,7,,0,0,0,0,0,0,0,0,0,,132,132,,0,0,0,0
1613004523752,6,1010123456026,78,,1,2,11,1,1,,8.21132,265,16,0.120707,74,0,6.16667,,0,0,0,0,0,0,0,0,0,,240,240,,0,0,0,0
1613004524003,6,1010123456026,78,,1,2,11,1,1,,11.7063,160,0,0.127456,52,0,8.14286,,15.2542,59,0,0.1,19,84.2105,0,4.17782,31,,144,144,,0,0,0,8.9322
1613004524252,6,1010123456026,78,,1,2,11,1,1,,10.3793,232,0,0.12906,63,0,7.33333,,0,0,0,0,0,0,0,0,0,,204,204,,0,0,0,0
1613004524502,6,1010123456026,78,,1,2,11,1,1,,5.66213,441,167,0.149719,123,0,5.5,,0,0,0,0,0,0,0,0,0,,438,438,,0,0,0,0
1613004524752,6,1010123456026,78,,1,2,11,1,1,,8.38258,264,89,0.135293,82,0,6.33333,,0,0,0,0,0,0,0,0,0,,234,234,,0,0,0,0
1613004525002,6,1010123456026,78,,1,2,11,1,1,,6.07122,337,99,0.133655,96,0,6.14286,,10.5806,31,0,0.1,9,77.7778,0,7.28764,31,,360,363,,0,0,0,7.96774
1613004525252,6,1010123456026,78,,1,2,11,1,1,,8.43836,219,0,0.104386,66,0,6,,0,0,0,0,0,0,0,0,0,,192,192,,0,0,0,0
1613004525502,6,1010123456026,78,,1,2,11,1,1,,10.7286,140,158,0.0858153,40,0,8,,0,0,0,0,0,0,0,0,0,,129,129,,0,0,0,0
1613004525752,6,1010123456026,78,,1,2,11,1,1,,5.495,400,0,0.120096,111,0,5,,0,0,0,0,0,0,0,0,0,,387,387,,0,0,0,0
1613004526002,6,1010123456026,78,,1,2,11,1,1,,10.3875,271,0,0.164402,79,0,7,,8.125,24,0,0.1,7,57.1429,0,1.0722,31,,237,237,,0,0,0,6.375
1613004526252,6,1010123456026,78,,1,2,11,1,1,,8.95019,261,0,0.139149,77,0,6.66667,,0,0,0,0,0,0,0,0,0,,243,243,,0,0,0,0
1613004526502,6,1010123456026,78,,1,2,11,1,1,,7.86307,241,0,0.104578,69,0,6.16667,,0,0,0,0,0,0,0,0,0,,228,228,,0,0,0,0
1613004526752,6,1010123456026,78,,1,2,11,1,1,,8.58947,285,93,0.128546,78,0,5.83333,,0,0,0,0,0,0,0,0,0,,252,252,,0,0,0,0
1613004527002,6,1010123456026,78,,1,2,11,1,1,,6.29563,389,0,0.144803,114,0,6.14286,,0.1,42,0,0.1,14,64.2857,0,1.10525,31,,372,372,,0,0,0,6.97619
1613004527252,6,1010123456026,78,,1,2,11,1,1,,9.68387,155,0,0.0869719,45,0,6.83333,,0,0,0,0,0,0,0,0,0,,138,138,,0,0,0,0
1613004527502,6,1010123456026,78,,1,2,11,1,1,,8.42586,263,162,0.114956,72,0,6.16667,,0,0,0,0,0,0,0,0,0,,246,246,,0,0,0,0
1613004527752,6,1010123456026,78,,1,2,11,1,1,,8.40909,198,52,0.0973494,60,0,5.83333,,0,0,0,0,0,0,0,0,0,,180,180,,0,0,0,0
1613004528002,6,1010123456026,78,,1,2,11,1,1,,7.35531,273,88,0.117719,79,0,5.71429,,8.63158,38,0,0.1,11,72.7273,0,4.0587,31,,258,258,,0,0,0,7.63158
1613004528252,6,1010123456026,78,,1,2,11,1,1,,7.05776,277,0,0.121896,82,0,6.83333,,0,0,0,0,0,0,0,0,0,,285,285,,0,0,0,0
1613004528502,6,1010123456026,78,,1,2,11,1,1,,9.84066,182,99,0.096739,50,0,7,,0,0,0,0,0,0,0,0,0,,162,162,,0,0,0,0
1613004528752,6,1010123456026,78,,1,2,11,1,1,,9.63291,237,0,0.125462,64,0,6.83333,,0,0,0,0,0,0,0,0,0,,210,210,,0,0,0,0
1613004529002,6,1010123456026,78,,1,2,11,1,1,,5.58874,231,0,0.0901847,72,0,5,,0.1,41,0,0.1,12,66.6667,0,0.943324,31,,213,213,,0,0,0,7.43902
1613004529252,6,1010123456026,78,,1,2,11,1,1,,7.94395,339,0,0.148016,90,0,6.5,,0,0,0,0,0,0,0,0,0,,303,303,,0,0,0,0
1613004529502,6,1010123456026,78,,1,2,11,1,1,,6.52786,341,20,0.139855,102,0,5.83333,,0,0,0,0,0,0,0,0,0,,375,375,,0,0,0,0
1613004529752,6,1010123456026,78,,1,2,11,1,1,,5.25,248,317,0.0769157,65,0,5.33333,,0,0,0,0,0,0,0,0,0,,219,219,,0,0,0,0
1613004530002,6,1010123456026,78,,1,2,11,1,1,,7.79037,353,0,0.1591,107,0,6.42857,,5.96364,55,0,0.1,16,75,0,3.25593,31,,366,366,,0,0,0,7.83636
1613004530252,6,1010123456026,78,,1,2,11,1,1,,6.43478,184,0,0.0763374,55,0,5.66667,,0,0,0,0,0,0,0,0,0,,174,174,,0,0,0,0
1613004530502,6,1010123456026,78,,1,2,11,1,1,,8.3234,235,0,0.114795,67,0,6.4,,0,0,0,0,0,0,0,0,0,,216,216,,0,0,0,0
1613004530752,6,1010123456026,78,,1,2,11,1,1,,7.95128,390,0,0.170956,111,0,6.16667,,0,0,0,0,0,0,0,0,0,,342,342,,0,0,0,0
1613004531002,6,1010123456026,78,,1,2,11,1,1,,6.55145,379,0,0.139341,105,0,5.71429,,9.33333,12,0,0.1,3,0,0,27.6156,31,,363,363,,0,0,0,1
1613004531252,6,1010123456026,78,,1,2,11,1,1,,5.92391,368,113,0.122378,105,0,5.66667,,0,0,0,0,0,0,0,0,0,,351,351,,0,0,0,0
1613004531502,6,1010123456026,78,,1,2,11,1,1,,9.47018,285,0,0.160867,86,0,6.83333,,0,0,0,0,0,0,0,0,0,,255,255,,0,0,0,0
1613004531752,6,1010123456026,78,,1,2,11,1,1,,7.96711,304,256,0.134908,79,0,6.16667,,0,9,0,0,3,100,0,0,0,,288,288,,0,0,0,0
1613004532002,6,1010123456026,78,,1,2,11,1,1,,9.47955,269,20,0.154538,83,0,6.85714,,0,3,0,0,1,100,0,0,0,,255,255,,0,0,0,0
1613004532252,6,1010123456026,78,,1,2,11,1,1,,9.01481,135,0,0.0763052,40,0,7,,0,0,0,0,0,0,0,0,0,,114,114,,0,0,0,0
1613004532502,6,1010123456026,78,,1,2,11,1,1,,10.1889,217,0,0.119871,62,0,6,,0,0,0,0,0,0,0,0,0,,186,186,,0,0,0,0
1613004532752,6,1010123456026,78,,1,2,11,1,1,,7.58586,198,0,0.0826988,53,0,6.83333,,0,0,0,0,0,0,0,0,0,,174,174,,0,0,0,0
1613004533002,6,1010123456026,78,,1,2,11,1,1,,9.04659,279,141,0.136803,76,0,6.57143,,0.1,12,0,0.1,3,0,0,0.855756,31,,264,264,,0,0,0,3
1613004533252,6,1010123456026,78,,1,2,11,1,1,,9.41509,212,0,0.113863,63,0,6.83333,,0,0,0,0,0,0,0,0,0,,183,183,,0,0,0,0
1613004533502,6,1010123456026,78,,1,2,11,1,1,,6.71951,164,0,0.070008,50,0,5.83333,,0,0,0,0,0,0,0,0,0,,144,144,,0,0,0,0
1613004533752,6,1010123456026,78,,1,2,11,1,1,,7.4964,278,158,0.1129,78,0,5.83333,,0.1,9,0,0,3,100,0,0.513965,0,,276,276,,0,0,0,10
1613004534002,6,1010123456026,78,,1,2,11,1,1,,7.43511,262,0,0.110394,79,0,5.85714,,0,3,0,0,1,100,0,0,0,,234,234,,0,0,0,0
1613004534252,6,1010123456026,78,,1,2,11,1,1,,9.87444,223,0,0.125847,65,0,6.83333,,0.1,7,0,0.1,2,0,0,2.12796,31,,195,195,,0,0,0,1
1613004534502,6,1010123456026,78,,1,2,11,1,1,,9.49035,259,0,0.138024,69,0,7,,0,0,0,0,0,0,0,0,0,,237,237,,0,0,0,0
1613004534752,6,1010123456026,78,,1,2,11,1,1,,9.52604,192,0,0.110458,61,0,6.83333,,0,0,0,0,0,0,0,0,0,,168,168,,0,0,0,0
1613004535003,6,1010123456026,78,,1,2,11,1,1,,10.1258,151,0,0.091168,45,0,6.33333,,4.03922,51,0,0.1,15,53.3333,0,3.04039,31,,144,144,,0,0,0,6.64706
1613004535252,6,1010123456026,78,,1,2,11,1,1,,5.54023,348,0,0.139052,101,0,5.5,,0,0,0,0,0,0,0,0,0,,423,423,,0,0,0,0
1613004535502,6,1010123456026,78,,1,2,11,1,1,,6.88797,241,0,0.0992771,66,0,6.16667,,0,0,0,0,0,0,0,0,0,,234,234,,0,0,0,0
1613004535752,6,1010123456026,78,,1,2,11,1,1,,10.2179,234,0,0.139149,69,0,6.66667,,0,0,0,0,0,0,0,0,0,,204,204,,0,0,0,0
1613004536002,6,1010123456026,78,,1,2,11,1,1,,5.31008,387,0,0.127871,112,0,5.42857,,2.76923,13,0,0.1,4,0,0,16.6681,31,,396,396,,0,0,0,2.84615
1613004536252,6,1010123456026,78,,1,2,11,1,1,,9.34848,198,0,0.106892,55,0,6.83333,,0,0,0,0,0,0,0,0,0,,177,177,,0,0,0,0
1613004536502,6,1010123456026,78,,1,2,11,1,1,,9.15909,220,30,0.114763,64,0,6.66667,,0,0,0,0,0,0,0,0,0,,195,195,,0,0,0,0
1613004536752,6,1010123456026,78,,1,2,11,1,1,,8.88889,243,203,0.12212,64,0,6.83333,,0,0,0,0,0,0,0,0,0,,231,231,,0,0,0,0
1613004537002,6,1010123456026,78,,1,2,11,1,1,,7.65552,299,0,0.161478,93,0,7.42857,,9,25,0,0.1,7,57.1429,0,5.40825,31,,297,297,,0,0,0,6.92
1613004537252,6,1010123456026,78,,1,2,11,1,1,,8.92118,203,6,0.0926265,53,0,6.33333,,0,0,0,0,0,0,0,0,0,,183,183,,0,0,0,0
1613004537502,6,1010123456026,78,,1,2,11,1,1,,8.03891,257,0,0.131663,75,0,6.33333,,0,0,0,0,0,0,0,0,0,,252,252,,0,0,0,0
1613004537752,6,1010123456026,78,,1,2,11,1,1,,9.2963,243,0,0.136418,74,0,6.16667,,0,0,0,0,0,0,0,0,0,,219,219,,0,0,0,0
1613004538002,6,1010123456026,78,,1,2,11,1,1,,8.53261,184,297,0.0770442,49,0,6.57143,,0.1,23,0,0.1,7,57.1429,0,0.682099,31,,171,171,,0,0,0,7
1613004538252,6,1010123456026,78,,1,2,11,1,1,,9.23368,291,0,0.162731,88,0,6.83333,,0,0,0,0,0,0,0,0,0,,249,249,,0,0,0,0
1613004538502,6,1010123456026,78,,1,2,11,1,1,,6.952,250,0,0.100016,72,0,5.83333,,0,0,0,0,0,0,0,0,0,,234,234,,0,0,0,0
1613004538752,6,1010123456026,78,,1,2,11,1,1,,5.52255,377,0,0.130217,108,0,5.5,,0.1,13,0,0.1,4,25,0,1.23746,31,,384,384,,0,0,0,3.92308
1613004539002,6,1010123456026,78,,1,2,11,1,1,,9.375,240,0,0.129896,69,0,6.71429,,0,0,0,0,0,0,0,0,0,,210,210,,0,0,0,0
1613004539252,6,1010123456026,78,,1,2,11,1,1,,8.67782,239,0,0.114859,68,0,6.33333,,0,0,0,0,0,0,0,0,0,,213,213,,0,0,0,0
1613004539502,6,1010123456026,78,,1,2,11,1,1,,9.07207,222,222,0.108627,61,0,6.66667,,0,0,0,0,0,0,0,0,0,,195,195,,0,0,0,0
1613004539752,6,1010123456026,78,,1,2,11,1,1,,6.23056,360,0,0.114988,100,0,5.5,,0,0,0,0,0,0,0,0,0,,342,342,,0,0,0,0
1613004540002,6,1010123456026,78,,1,2,11,1,1,,5.45358,377,0,0.144707,115,0,5.57143,,7.68254,63,0,0.1,19,63.1579,0,5.73174,31,,456,456,,0,0,0,7.01587
1613004540252,6,1010123456026,78,,1,2,11,1,1,,7.96916,227,0,0.104867,68,0,6.16667,,0,0,0,0,0,0,0,0,0,,201,201,,0,0,0,0
1613004540502,6,1010123456026,78,,1,2,11,1,1,,10.5401,187,0,0.118169,54,0,7,,0,0,0,0,0,0,0,0,0,,171,171,,0,0,0,0
1613004540752,6,1010123456026,78,,1,2,11,1,1,,9.42286,175,0,0.0921446,50,0,6.83333,,0,0,0,0,0,0,0,0,0,,153,153,,0,0,0,0
1613004541002,6,1010123456026,78,,1,2,11,1,1,,8.11583,259,0,0.108402,70,0,6.42857,,3.91429,70,0,0.1,19,57.8947,0,3.88276,31,,231,231,,0,0,0,7.07143
1613004541252,6,1010123456026,78,,1,2,11,1,1,,9.64103,234,122,0.131952,70,0,6.5,,0,0,0,0,0,0,0,0,0,,204,204,,0,0,0,0
1613004541502,6,1010123456026,78,,1,2,11,1,1,,6.23864,264,187,0.0956145,76,0,6.16667,,0,0,0,0,0,0,0,0,0,,258,258,,0,0,0,0
1613004541752,6,1010123456026,78,,1,2,11,1,1,,9.26761,213,0,0.114088,63,0,6.83333,,0.1,14,0,0.1,4,25,0,1.01728,31,,183,183,,0,0,0,5.07143
1613004542002,6,1010123456026,78,,1,2,11,1,1,,6.74107,336,130,0.127325,90,0,6.14286,,0,0,0,0,0,0,0,0,0,,327,327,,0,0,0,0
1613004542252,6,1010123456026,78,,1,2,11,1,1,,5.60811,222,0,0.085751,71,0,6,,0,0,0,0,0,0,0,0,0,,189,189,,0,0,0,0
1613004542502,6,1010123456026,78,,1,2,11,1,1,,7.08289,374,0,0.150683,107,0,5.66667,,0,0,0,0,0,0,0,0,0,,345,345,,0,0,0,0
1613004542752,6,1010123456026,78,,1,2,11,1,1,,7.69592,319,158,0.13343,88,0,6.6,,0,0,0,0,0,0,0,0,0,,300,300,,0,0,0,0
1613004543002,6,1010123456026,78,,1,2,11,1,1,,9.88614,202,0,0.119486,63,0,7.14286,,0.1,20,0,0.1,6,0,0,1.72732,31,,189,189,,0,0,0,1.6
1613004543252,6,1010123456026,78,,1,2,11,1,1,,4.85286,367,420,0.116369,97,0,4.66667,,0,0,0,0,0,0,0,0,0,,396,396,,0,0,0,0
1613004543502,6,1010123456026,78,,1,2,11,1,1,,5.69136,243,0,0.0993735,75,0,6.5,,0,0,0,0,0,0,0,0,0,,318,318,,0,0,0,0
1613004543752,6,1010123456026,78,,1,2,11,1,1,,9.68512,289,0,0.163084,80,0,6.66667,,0,0,0,0,0,0,0,0,0,,267,267,,0,0,0,0
1613004544002,6,1010123456026,78,,1,2,11,1,1,,8.33813,278,0,0.139373,78,0,6.42857,,8.72727,22,0,0.1,6,66.6667,0,12.2539,31,,291,291,,0,0,0,6.72727
1613004544252,6,1010123456026,78,,1,2,11,1,1,,7.50174,287,0,0.137703,88,0,6.16667,,0,0,0,0,0,0,0,0,0,,267,267,,0,0,0,0
1613004544502,6,1010123456026,78,,1,2,11,1,1,,8.91667,288,102,0.144289,78,0,6.33333,,0,0,0,0,0,0,0,0,0,,261,261,,0,0,0,0
1613004544752,6,1010123456026,78,,1,2,11,1,1,,6.43665,442,40,0.170731,126,0,5.83333,,0,0,0,0,0,0,0,0,0,,444,444,,0,0,0,0
1613004545002,6,1010123456026,78,,1,2,11,1,1,,7.80818,318,56,0.1591,96,0,5.83333,,1.55556,27,0,0.1,8,0,0,13.2021,31,,318,318,,0,0,0,1.25926
1613004545252,6,1010123456026,78,,1,2,11,1,1,,9.21702,235,0,0.124948,69,0,7.33333,,0,0,0,0,0,0,0,0,0,,198,198,,0,0,0,0
1613004545502,6,1010123456026,78,,1,2,11,1,1,,6.7411,309,0,0.128835,90,0,5.6,,0,0,0,0,0,0,0,0,0,,324,324,,0,0,0,0
1613004545752,6,1010123456026,78,,1,2,11,1,1,,7.67017,285,0,0.127068,81,0,6.33333,,0,0,0,0,0,0,0,0,0,,264,264,,0,0,0,0
1613004546002,6,1010123456026,78,,1,2,11,1,1,,10.2489,221,0,0.126522,60,0,8,,0.1,39,0,0.1,11,18.1818,0,3.68338,31,,201,201,,0,0,0,3.07692
1613004546252,6,1010123456026,78,,1,2,11,1,1,,8.47222,252,69,0.119165,72,0,6.5,,0,0,0,0,0,0,0,0,0,,246,246,,0,0,0,0
1613004546502,6,1010123456026,78,,1,2,11,1,1,,7.83036,336,0,0.159068,98,0,6,,0,0,0,0,0,0,0,0,0,,303,303,,0,0,0,0
1613004546752,6,1010123456026,78,,1,2,11,1,1,,4.8137,467,53,0.134233,129,0,4,,0,0,0,0,0,0,0,0,0,,411,411,,0,0,0,0
1613004547002,6,1010123456026,78,,1,2,11,1,1,,8.07521,359,0,0.168,104,0,6.14286,,3.5,62,0,0.1,18,50,0,9.17615,31,,348,348,,0,0,0,5.8871
1613004547252,6,1010123456026,78,,1,2,11,1,1,,6.66364,330,0,0.130924,93,0,5.66667,,0,0,0,0,0,0,0,0,0,,300,300,,0,0,0,0
1613004547502,6,1010123456026,78,,1,2,11,1,1,,9.46114,193,0,0.121542,63,0,7,,0,0,0,0,0,0,0,0,0,,180,180,,0,0,0,0
1613004547752,6,1010123456026,78,,1,2,11,1,1,,7,350,243,0.135936,94,0,4.8,,0,0,0,0,0,0,0,0,0,,333,333,,0,0,0,0
1613004548002,6,1010123456026,78,,1,2,11,1,1,,4.77273,418,0,0.11502,121,0,5.28571,,4.875,64,0,0.1,19,84.2105,0,5.47105,31,,423,423,,0,0,0,8.6875
1613004548252,6,1010123456026,78,,1,2,11,1,1,,9.75893,224,0,0.135261,70,0,7,,0,0,0,0,0,0,0,0,0,,198,198,,0,0,0,0
1613004548502,6,1010123456026,78,,1,2,11,1,1,,6,339,0,0.133976,95,0,6,,0,0,0,0,0,0,0,0,0,,363,363,,0,0,0,0
1613004548752,6,1010123456026,78,,1,2,11,1,1,,5.52846,369,244,0.131149,101,0,5.5,,0,0,0,0,0,0,0,0,0,,432,432,,0,0,0,0
1613004549002,6,1010123456026,78,,1,2,11,1,1,,5.60995,382,0,0.154345,119,0,5.85714,,8.4,30,0,0.1,8,62.5,0,4.24639,31,,483,483,,0,0,0,6.93333
1613004549252,6,1010123456026,78,,1,2,11,1,1,,9.10921,293,0,0.140659,79,0,6.5,,0,0,0,0,0,0,0,0,0,,252,252,,0,0,0,0
1613004549502,6,1010123456026,78,,1,2,11,1,1,,8.468,250,0,0.125044,70,0,6.33333,,0,0,0,0,0,0,0,0,0,,240,240,,0,0,0,0
1613004549752,6,1010123456026,78,,1,2,11,1,1,,5.88859,368,0,0.135743,111,0,5.83333,,0,0,0,0,0,0,0,0,0,,369,369,,0,0,0,0
1613004550002,6,1010123456026,78,,1,2,11,1,1,,8.32584,267,0,0.125783,76,0,6.5,,8,11,0,0.1,3,0,0,32.6987,31,,243,243,,0,0,0,1
1613004550252,6,1010123456026,78,,1,2,11,1,1,,3.58862,457,565,0.116787,122,0,4.5,,0,0,0,0,0,0,0,0,0,,615,615,,0,0,0,0
1613004550502,6,1010123456026,78,,1,2,11,1,1,,6.27169,438,0,0.20845,134,0,5.5,,0,0,0,0,0,0,0,0,0,,558,558,,0,0,0,0
1613004550752,6,1010123456026,78,,1,2,11,1,1,,3.31675,382,1176,0.0982169,103,0,4.5,,0,0,0,0,0,0,0,0,0,,495,495,,0,0,0,0
1613004551002,6,1010123456026,78,,1,2,11,1,1,,4.89303,402,177,0.148209,122,0,5.71429,,0,11,0,0,4,100,0,0,0,,525,525,,0,0,0,0
1613004551252,6,1010123456026,78,,1,2,11,1,1,,9.43636,220,0,0.125398,68,0,7,,0,0,0,0,0,0,0,0,0,,192,192,,0,0,0,0
1613004551502,6,1010123456026,78,,1,2,11,1,1,,9.47788,226,0,0.110201,58,0,6.66667,,0,0,0,0,0,0,0,0,0,,192,192,,0,0,0,0
1613004551752,6,1010123456026,78,,1,2,11,1,1,,8.768,250,0,0.126104,71,0,6.33333,,0,0,0,0,0,0,0,0,0,,234,234,,0,0,0,0
1613004552002,6,1010123456026,78,,1,2,11,1,1,,8.79902,204,0,0.12241,67,0,7.28571,,9.29032,31,0,0.1,9,44.4444,0,6.52241,31,,180,180,,0,0,0,5.74194
1613004552252,6,1010123456026,78,,1,2,11,1,1,,8.8973,185,0,0.0899277,53,0,7.16667,,0,0,0,0,0,0,0,0,0,,162,162,,0,0,0,0
1613004552502,6,1010123456026,78,,1,2,11,1,1,,8.85455,220,0,0.111486,63,0,6.5,,0,0,0,0,0,0,0,0,0,,189,189,,0,0,0,0
1613004552752,6,1010123456026,78,,1,2,11,1,1,,7.32365,241,0,0.0943936,65,0,5.83333,,0,0,0,0,0,0,0,0,0,,219,219,,0,0,0,0
1613004553002,6,1010123456026,78,,1,2,11,1,1,,9.79916,239,0,0.151325,73,0,6.85714,,0.1,13,0,0.1,4,0,0,10.469,31,,225,225,,0,0,0,1.23077
1613004553252,6,1010123456026,78,,1,2,11,1,1,,9.91919,198,0,0.113542,57,0,6.83333,,0,0,0,0,0,0,0,0,0,,177,177,,0,0,0,0
1613004553502,6,1010123456026,78,,1,2,11,1,1,,9.25517,145,0,0.0701687,39,0,7,,0,0,0,0,0,0,0,0,0,,126,126,,0,0,0,0
1613004553752,6,1010123456026,78,,1,2,11,1,1,,8.66038,212,6,0.103807,59,0,6.16667,,0,0,0,0,0,0,0,0,0,,195,195,,0,0,0,0
1613004554002,6,1010123456026,78,,1,2,11,1,1,,7.25497,302,0,0.137703,92,0,6.42857,,9.13636,22,0,0.1,7,57.1429,0,5.18188,31,,282,282,,0,0,0,6.5
1613004554252,6,1010123456026,78,,1,2,11,1,1,,6.99385,325,134,0.128,91,0,5.33333,,0,0,0,0,0,0,0,0,0,,306,306,,0,0,0,0
1613004554502,6,1010123456026,78,,1,2,11,1,1,,6.50418,359,68,0.126522,96,0,5.83333,,0,0,0,0,0,0,0,0,0,,342,342,,0,0,0,0
1613004554752,6,1010123456026,78,,1,2,11,1,1,,6.69318,440,0,0.182008,134,0,5.66667,,0,0,0,0,0,0,0,0,0,,444,444,,0,0,0,0
1613004555002,6,1010123456026,78,,1,2,11,1,1,,5.05734,436,0,0.131888,121,0,5,,13.4286,56,0,0.1,17,70.5882,0,5.03963,31,,477,477,,0,0,0,7.70833
1613004555252,6,1010123456026,78,,1,2,11,1,1,,9.1963,270,69,0.147116,81,0,7,,0,0,0,0,0,0,0,0,0,,243,243,,0,0,0,0
1613004555502,6,1010123456026,78,,1,2,11,1,1,,9.62,150,0,0.0868434,44,0,6.16667,,0,0,0,0,0,0,0,0,0,,138,138,,0,0,0,0
1613004555752,6,1010123456026,78,,1,2,11,1,1,,8.52694,334,0,0.153253,89,0,6,,0.1,12,0,0,3,100,0,0.530176,0,,303,303,,0,0,0,10
1613004556002,6,1010123456026,78,,1,2,11,1,1,,5.91408,419,0,0.178506,129,0,5.71429,,0.1,4,0,0,1,100,0,0.904466,0,,444,444,,0,0,0,10
1613004556252,6,1010123456026,78,,1,2,11,1,1,,10.8382,136,69,0.0811888,38,0,7.33333,,0.1,19,0,0.1,6,66.6667,0,0.729599,31,,120,120,,0,0,0,7
1613004556502,6,1010123456026,78,,1,2,11,1,1,,10.2751,189,0,0.111422,55,0,6.66667,,0,0,0,0,0,0,0,0,0,,162,162,,0,0,0,0
1613004556752,6,1010123456026,78,,1,2,11,1,1,,8.35472,265,0,0.118072,71,0,6.16667,,0,0,0,0,0,0,0,0,0,,240,240,,0,0,0,0
1613004557002,6,1010123456026,78,,1,2,11,1,1,,9.26857,175,0,0.103486,58,0,6.42857,,5.64706,34,0,0.1,10,80,0,8.61183,31,,162,162,,0,0,0,7.88235
1613004557252,6,1010123456026,78,,1,2,11,1,1,,7.46382,304,59,0.111679,80,0,6,,0,0,0,0,0,0,0,0,0,,273,273,,0,0,0,0
1613004557502,6,1010123456026,78,,1,2,11,1,1,,4.86551,461,40,0.169253,138,0,5.33333,,0,0,0,0,0,0,0,0,0,,507,507,,0,0,0,0
1613004557752,6,1010123456026,78,,1,2,11,1,1,,5.35772,369,0,0.130024,103,0,5.33333,,0,0,0,0,0,0,0,0,0,,402,402,,0,0,0,0
1613004558002,6,1010123456026,78,,1,2,11,1,1,,8.4794,267,0,0.131116,78,0,6.57143,,0.1,12,0,0.1,3,0,0,1.26181,31,,255,255,,0,0,0,2.33333
1613004558252,6,1010123456026,78,,1,2,11,1,1,,7.26484,219,0,0.10445,66,0,6.16667,,0,0,0,0,0,0,0,0,0,,249,249,,0,0,0,0
1613004558502,6,1010123456026,78,,1,2,11,1,1,,4.67181,454,0,0.148112,130,0,5.16667,,0,0,0,0,0,0,0,0,0,,525,525,,0,0,0,0
1613004558752,6,1010123456026,78,,1,2,11,1,1,,8.8125,192,0,0.0974458,49,0,6.5,,0,0,0,0,0,0,0,0,0,,186,186,,0,0,0,0
1613004559002,6,1010123456026,78,,1,2,11,1,1,,7.34056,323,9,0.125398,90,0,6,,0.1,14,0,0.1,4,0,0,14.726,31,,300,300,,0,0,0,1.28571
1613004559252,6,1010123456026,78,,1,2,11,1,1,,7.3271,321,0,0.146088,97,0,6.66667,,0,0,0,0,0,0,0,0,0,,303,303,,0,0,0,0
1613004559502,6,1010123456026,78,,1,2,11,1,1,,7.6295,278,0,0.111133,79,0,6.33333,,0,0,0,0,0,0,0,0,0,,255,255,,0,0,0,0
1613004559752,6,1010123456026,78,,1,2,11,1,1,,9.56701,194,0,0.11396,59,0,6.66667,,0,0,0,0,0,0,0,0,0,,165,165,,0,0,0,0
1613004560002,6,1010123456026,78,,1,2,11,1,1,,8.83234,167,0,0.0768193,46,0,6.42857,,15,14,0,0,4,100,0,3.20914,0,,147,147,,0,0,0,10
1613004560252,6,1010123456026,78,,1,2,11,1,1,,6.85263,285,0,0.117462,86,0,6,,0,0,0,0,0,0,0,0,0,,258,258,,0,0,0,0
1613004560502,6,1010123456026,78,,1,2,11,1,1,,10.0178,169,0,0.0863936,44,0,6.66667,,0,0,0,0,0,0,0,0,0,,147,147,,0,0,0,0
1613004560752,6,1010123456026,78,,1,2,11,1,1,,8.65157,287,0,0.157365,83,0,6.16667,,0,0,0,0,0,0,0,0,0,,267,267,,0,0,0,0
1613004561003,6,1010123456026,78,,1,2,11,1,1,,9.64968,314,20,0.161568,85,0,6.85714,,4.8,30,0,0.1,9,55.5556,0,4.41005,31,,279,279,,0,0,0,6.66667
1613004561252,6,1010123456026,78,,1,2,11,1,1,,5.90302,464,0,0.170956,135,0,5.16667,,0,0,0,0,0,0,0,0,0,,408,408,,0,0,0,0
1613004561502,6,1010123456026,78,,1,2,11,1,1,,8.16228,228,0,0.108369,69,0,7,,0,0,0,0,0,0,0,0,0,,210,210,,0,0,0,0
1613004561752,6,1010123456026,78,,1,2,11,1,1,,8.01569,255,0,0.131373,76,0,6.33333,,0.1,15,0,0.1,5,40,0,0.678637,31,,255,255,,0,0,0,5.8
1613004562002,6,1010123456026,78,,1,2,11,1,1,,6.7175,400,0,0.146795,109,0,6,,0,6,0,0,2,100,0,0,0,,360,360,,0,0,0,0
1613004562252,6,1010123456026,78,,1,2,11,1,1,,6.75769,260,0,0.116337,82,0,6.16667,,0,0,0,0,0,0,0,0,0,,279,279,,0,0,0,0
1613004562502,6,1010123456026,78,,1,2,11,1,1,,8.00597,335,0,0.158233,95,0,6.16667,,0,0,0,0,0,0,0,0,0,,321,321,,0,0,0,0
1613004562752,6,1010123456026,78,,1,2,11,1,1,,9.16016,256,0,0.125398,67,0,6.83333,,0,0,0,0,0,0,0,0,0,,228,228,,0,0,0,0
1613004563002,6,1010123456026,78,,1,2,11,1,1,,9.68317,202,158,0.118972,62,0,7,,3.71429,42,0,0.1,13,61.5385,0,4.03107,31,,183,183,,0,0,0,5.92857
1613004563252,6,1010123456026,78,,1,2,11,1,1,,9.53191,188,30,0.0977028,52,0,7,,0,0,0,0,0,0,0,0,0,,165,165,,0,0,0,0
1613004563502,6,1010123456026,78,,1,2,11,1,1,,8.29189,185,20,0.0830522,53,0,6.16667,,0,0,0,0,0,0,0,0,0,,171,171,,0,0,0,0
1613004563752,6,1010123456026,78,,1,2,11,1,1,,9.08235,255,0,0.141687,78,0,6.33333,,0,0,0,0,0,0,0,0,0,,225,225,,0,0,0,0
1613004564002,6,1010123456026,78,,1,2,11,1,1,,9.32157,255,47,0.140627,71,0,6.71429,,14.5098,51,0,0.143936,17,70.5882,0,9.91214,31,,255,255,,0,0,0,7
1613004564252,6,1010123456026,78,,1,2,11,1,1,,8.00643,311,0,0.146442,88,0,6.33333,,0,0,0,0,0,0,0,0,0,,279,279,,0,0,0,0
1613004564502,6,1010123456026,78,,1,2,11,1,1,,7.12157,255,0,0.107759,77,0,6.5,,0,0,0,0,0,0,0,0,0,,255,255,,0,0,0,0
1613004564752,6,1010123456026,78,,1,2,11,1,1,,9.25108,231,0,0.113831,63,0,6.66667,,0,0,0,0,0,0,0,0,0,,201,201,,0,0,0,0
1613004565002,6,1010123456026,78,,1,2,11,1,1,,9.32558,215,0,0.119871,66,0,6.71429,,0.1,15,0,0.1,4,0,0,5.42582,31,,201,201,,0,0,0,3.66667
1613004565252,6,1010123456026,78,,1,2,11,1,1,,9.32292,288,0,0.157269,83,0,6.5,,0,0,0,0,0,0,0,0,0,,264,264,,0,0,0,0
1613004565502,6,1010123456026,78,,1,2,11,1,1,,9.57831,249,0,0.127165,67,0,6.5,,0,0,0,0,0,0,0,0,0,,228,228,,0,0,0,0
1613004565752,6,1010123456026,78,,1,2,11,1,1,,9.26859,242,0,0.120032,68,0,6.66667,,0,0,0,0,0,0,0,0,0,,210,210,,0,0,0,0
1613004566002,6,1010123456026,78,,1,2,11,1,1,,9.09225,271,30,0.14898,80,0,6.28571,,0.1,15,0,0.1,4,0,0,8.1546,31,,249,252,,0,0,0,2.53333
1613004566252,6,1010123456026,78,,1,2,11,1,1,,9.94811,212,99,0.114602,57,0,6.66667,,0,0,0,0,0,0,0,0,0,,189,189,,0,0,0,0
1613004566502,6,1010123456026,78,,1,2,11,1,1,,9.70779,154,20,0.0926908,48,0,6.66667,,0,0,0,0,0,0,0,0,0,,132,132,,0,0,0,0
1613004566752,6,1010123456026,78,,1,2,11,1,1,,8.70732,246,0,0.120032,69,0,6.33333,,0,0,0,0,0,0,0,0,0,,216,213,,0,0,0,0
1613004567002,6,1010123456026,78,,1,2,11,1,1,,8.67117,222,89,0.114763,66,0,6.71429,,0.1,13,0,0.1,4,0,0,12.1265,31,,204,204,,0,0,0,2.38462
1613004567252,6,1010123456026,78,,1,2,11,1,1,,10.5502,269,146,0.150329,71,0,7.66667,,0,0,0,0,0,0,0,0,0,,237,237,,0,0,0,0
1613004567502,6,1010123456026,78,,1,2,11,1,1,,9.78378,185,158,0.119807,61,0,6.83333,,0,0,0,0,0,0,0,0,0,,165,165,,0,0,0,0
1613004567752,6,1010123456026,78,,1,2,11,1,1,,9.1345,171,0,0.0872289,49,0,6.83333,,15,12,0,0,3,100,0,0.1,0,,147,147,,0,0,0,10
1613004568002,6,1010123456026,78,,1,2,11,1,1,,6.67066,334,68,0.123181,89,0,6,,15,35,0,0,9,100,0,0.1,0,,321,321,,0,0,0,10
1613004568252,6,1010123456026,78,,1,2,11,1,1,,6.36182,351,0,0.134169,105,0,6.33333,,0,0,0,0,0,0,0,0,0,,303,303,,0,0,0,0
1613004568502,6,1010123456026,78,,1,2,11,1,1,,9.52532,316,0,0.168514,89,0,6.66667,,0,0,0,0,0,0,0,0,0,,276,276,,0,0,0,0
1613004568752,6,1010123456026,78,,1,2,11,1,1,,8.70899,189,0,0.103486,58,0,6.83333,,0,0,0,0,0,0,0,0,0,,177,177,,0,0,0,0
1613004569002,6,1010123456026,78,,1,2,11,1,1,,5.81356,354,158,0.113703,99,0,5.71429,,0.1,27,0,0.1,7,57.1429,0,0.905455,31,,342,345,,0,0,0,7.44444
1613004569252,6,1010123456026,78,,1,2,11,1,1,,6.03587,223,0,0.0896707,67,0,6.33333,,0,0,0,0,0,0,0,0,0,,231,231,,0,0,0,0
1613004569502,6,1010123456026,78,,1,2,11,1,1,,9.04333,300,104,0.149141,79,0,6.5,,0,0,0,0,0,0,0,0,0,,258,258,,0,0,0,0
1613004569752,6,1010123456026,78,,1,2,11,1,1,,6.87683,341,0,0.144514,102,0,5.83333,,0,0,0,0,0,0,0,0,0,,321,321,,0,0,0,0
1613004570002,6,1010123456026,78,,1,2,11,1,1,,8.62199,291,0,0.145157,85,0,6.42857,,0.1,13,0,0.1,4,0,0,8.10084,31,,267,267,,0,0,0,1.69231
1613004570252,6,1010123456026,78,,1,2,11,1,1,,8.92171,281,0,0.128867,74,0,6.16667,,0,0,0,0,0,0,0,0,0,,249,249,,0,0,0,0
1613004570502,6,1010123456026,78,,1,2,11,1,1,,9.07143,266,0,0.144064,79,0,6.5,,0,0,0,0,0,0,0,0,0,,237,237,,0,0,0,0
1613004570752,6,1010123456026,78,,1,2,11,1,1,,8.75812,277,102,0.141655,82,0,6.66667,,0,0,0,0,0,0,0,0,0,,252,252,,0,0,0,0
1613004571002,6,1010123456026,78,,1,2,11,1,1,,9.18902,164,0,0.0932369,51,0,6.85714,,0.1,10,0,0.1,3,0,0,1.81551,31,,153,153,,0,0,0,2.7
1613004571252,6,1010123456026,78,,1,2,11,1,1,,7.18182,231,0,0.10551,64,0,5.83333,,0,0,0,0,0,0,0,0,0,,249,249,,0,0,0,0
1613004571502,6,1010123456026,78,,1,2,11,1,1,,7.62273,220,158,0.0831486,62,0,6.16667,,0,0,0,0,0,0,0,0,0,,201,201,,0,0,0,0
1613004571752,6,1010123456026,78,,1,2,11,1,1,,9.92045,176,0,0.108337,56,0,6.83333,,0,0,0,0,0,0,0,0,0,,150,150,,0,0,0,0
1613004572002,6,1010123456026,78,,1,2,11,1,1,,9.12834,187,244,0.0986988,55,0,6.14286,,0.1,11,0,0.1,3,0,0,1.66212,31,,177,177,,0,0,0,2.81818
1613004572252,6,1010123456026,78,,1,2,11,1,1,,3.45791,594,130,0.167968,169,0,4.16667,,0,0,0,0,0,0,0,0,0,,690,690,,0,0,0,0
1613004572502,6,1010123456026,78,,1,2,11,1,1,,9.61577,203,0,0.104482,56,0,7,,0,0,0,0,0,0,0,0,0,,177,177,,0,0,0,0
1613004572752,6,1010123456026,78,,1,2,11,1,1,,10.8846,156,0,0.103293,48,0,7.66667,,0,0,0,0,0,0,0,0,0,,135,135,,0,0,0,0
1613004573002,6,1010123456026,78,,1,2,11,1,1,,8.0528,303,0,0.142876,87,0,6.28571,,0.1,11,0,0.1,3,0,0,1.15299,31,,285,285,,0,0,0,1.27273
1613004573252,6,1010123456026,78,,1,2,11,1,1,,8.02575,233,0,0.104707,67,0,6.33333,,0,0,0,0,0,0,0,0,0,,207,207,,0,0,0,0
1613004573502,6,1010123456026,78,,1,2,11,1,1,,7.65174,201,0,0.0885462,57,0,6,,0,0,0,0,0,0,0,0,0,,180,180,,0,0,0,0
1613004573752,6,1010123456026,78,,1,2,11,1,1,,6.80135,297,0,0.108209,79,0,6.16667,,0,0,0,0,0,0,0,0,0,,273,273,,0,0,0,0
1613004574002,6,1010123456026,78,,1,2,11,1,1,,8.91228,171,0,0.0910201,53,0,6.85714,,0.285714,14,0,0.1,4,0,0,6.84435,31,,150,150,,0,0,0,1.28571
1613004574252,6,1010123456026,78,,1,2,11,1,1,,8.42435,271,0,0.125976,77,0,6.5,,0,0,0,0,0,0,0,0,0,,243,243,,0,0,0,0
1613004574502,6,1010123456026,78,,1,2,11,1,1,,7.65465,333,30,0.138281,94,0,6.16667,,0,0,0,0,0,0,0,0,0,,294,294,,0,0,0,0
1613004574752,6,1010123456026,78,,1,2,11,1,1,,3.23036,560,229,0.156305,159,0,4,,0,0,0,0,0,0,0,0,0,,675,675,,0,0,0,0
1613004575002,6,1010123456026,78,,1,2,11,1,1,,5.96243,346,194,0.142169,103,0,6,,0.1,38,0,0.1,11,72.7273,0,0.681325,31,,495,495,,0,0,0,7.73684
1613004575252,6,1010123456026,78,,1,2,11,1,1,,10.9152,165,158,0.125815,55,0,8.16667,,0,0,0,0,0,0,0,0,0,,147,144,,0,0,0,0
1613004575502,6,1010123456026,78,,1,2,11,1,1,,9.34241,257,0,0.15608,72,0,7.16667,,0,0,0,0,0,0,0,0,0,,288,288,,0,0,0,0
1613004575752,6,1010123456026,78,,1,2,11,1,1,,9.89441,161,0,0.102233,41,0,7.66667,,0,0,0,0,0,0,0,0,0,,147,147,,0,0,0,0
1613004576002,6,1010123456026,78,,1,2,11,1,1,,6.95971,273,0,0.121574,87,0,7.71429,,12.4444,90,0,0.10898,28,85.7143,0,4.71737,31,,252,252,,0,0,0,8.7
1613004576252,6,1010123456026,78,,1,2,11,1,1,,7.7654,341,0,0.149462,97,0,6.16667,,0,0,0,0,0,0,0,0,0,,318,318,,0,0,0,0
1613004576502,6,1010123456026,78,,1,2,11,1,1,,9.01304,230,0,0.109108,62,0,6.5,,0,0,0,0,0,0,0,0,0,,198,198,,0,0,0,0
1613004576752,6,1010123456026,78,,1,2,11,1,1,,10.4323,192,0,0.123855,59,0,7.33333,,0,0,0,0,0,0,0,0,0,,171,171,,0,0,0,0
1613004577002,6,1010123456026,78,,1,2,11,1,1,,9.58282,163,0,0.0919197,47,0,6.71429,,4.72727,44,0,0.1,14,64.2857,0,3.31622,31,,153,153,,0,0,0,7.45455
1613004577252,6,1010123456026,78,,1,2,11,1,1,,9.99394,165,0,0.0920803,47,0,6.66667,,0,0,0,0,0,0,0,0,0,,144,144,,0,0,0,0
1613004577502,6,1010123456026,78,,1,2,11,1,1,,7.59259,324,0,0.138474,93,0,6,,0,0,0,0,0,0,0,0,0,,297,297,,0,0,0,0
1613004577752,6,1010123456026,78,,1,2,11,1,1,,8.01176,255,0,0.115406,73,0,6.33333,,0,0,0,0,0,0,0,0,0,,225,225,,0,0,0,0
1613004578002,6,1010123456026,78,,1,2,11,1,1,,5.80192,313,0,0.112193,88,0,7.42857,,14.2222,117,0,0.1,37,86.4865,0,2.83999,31,,309,309,,0,0,0,8.8547
1613004578252,6,1010123456026,78,,1,2,11,1,1,,8.60991,323,158,0.157847,89,0,6.16667,,0,0,0,0,0,0,0,0,0,,297,297,,0,0,0,0
1613004578502,6,1010123456026,78,,1,2,11,1,1,,8.94141,256,0,0.131213,74,0,6.83333,,0,0,0,0,0,0,0,0,0,,216,216,,0,0,0,0
1613004578752,6,1010123456026,78,,1,2,11,1,1,,8.24675,231,89,0.115084,68,0,6.33333,,0,0,0,0,0,0,0,0,0,,213,213,,0,0,0,0
1613004579002,6,1010123456026,78,,1,2,11,1,1,,7.14286,224,0,0.102361,63,0,6.14286,,0.1,10,0,0.1,3,0,0,1.38103,31,,240,240,,0,0,0,1.8
1613004579252,6,1010123456026,78,,1,2,11,1,1,,6.75135,185,0,0.0796466,57,0,6.66667,,0,0,0,0,0,0,0,0,0,,186,186,,0,0,0,0
1613004579502,6,1010123456026,78,,1,2,11,1,1,,8.55446,202,0,0.0988916,58,0,6,,0,0,0,0,0,0,0,0,0,,189,189,,0,0,0,0
1613004579752,6,1010123456026,78,,1,2,11,1,1,,8.61803,233,0,0.110972,65,0,6.5,,0.1,15,0,0.1,4,0,0,8.30618,31,,204,204,,0,0,0,2.53333
1613004580002,6,1010123456026,78,,1,2,11,1,1,,4.52055,365,332,0.104546,100,0,5.42857,,0,0,0,0,0,0,0,0,0,,360,360,,0,0,0,0
1613004580252,6,1010123456026,78,,1,2,11,1,1,,7.16486,370,0,0.159165,109,0,6.33333,,0,0,0,0,0,0,0,0,0,,381,381,,0,0,0,0
1613004580502,6,1010123456026,78,,1,2,11,1,1,,8.66887,151,0,0.0769799,47,0,6.5,,0,0,0,0,0,0,0,0,0,,129,129,,0,0,0,0
1613004580752,6,1010123456026,78,,1,2,11,1,1,,8.95359,237,0,0.120964,69,0,6.16667,,0,0,0,0,0,0,0,0,0,,213,213,,0,0,0,0
1613004581002,6,1010123456026,78,,1,2,11,1,1,,8.69186,344,0,0.174618,95,0,6.14286,,8.41818,55,0,0.1,17,58.8235,0,5.25465,31,,342,342,,0,0,0,7.30909
1613004581252,6,1010123456026,78,,1,2,11,1,1,,6.1875,352,68,0.124594,104,0,5.33333,,0,0,0,0,0,0,0,0,0,,324,324,,0,0,0,0
1613004581502,6,1010123456026,78,,1,2,11,1,1,,9.32402,179,0,0.0928514,53,0,6.16667,,0,0,0,0,0,0,0,0,0,,150,150,,0,0,0,0
1613004581752,6,1010123456026,78,,1,2,11,1,1,,7.64751,261,0,0.115598,74,0,6.33333,,0.1,10,0,0.1,3,0,0,1.48501,31,,243,243,,0,0,0,3.4
1613004582002,6,1010123456026,78,,1,2,11,1,1,,8.20073,274,0,0.126651,79,0,6.14286,,0,0,0,0,0,0,0,0,0,,252,252,,0,0,0,0
1613004582252,6,1010123456026,78,,1,2,11,1,1,,5.8005,401,0,0.151197,116,0,5,,0,0,0,0,0,0,0,0,0,,453,453,,0,0,0,0
1613004582502,6,1010123456026,78,,1,2,11,1,1,,9.05063,158,0,0.0712289,41,0,6.33333,,0,0,0,0,0,0,0,0,0,,135,135,,0,0,0,0
1613004582752,6,1010123456026,78,,1,2,11,1,1,,9.15695,223,0,0.120129,67,0,6.66667,,0,0,0,0,0,0,0,0,0,,201,201,,0,0,0,0
1613004583002,6,1010123456026,78,,1,2,11,1,1,,7.12648,253,0,0.110811,73,0,6.28571,,0.1,13,0,0.1,4,0,0,8.23491,31,,252,252,,0,0,0,1.30769
1613004583252,6,1010123456026,78,,1,2,11,1,1,,5.33437,323,0,0.10204,91,0,5.33333,,0,0,0,0,0,0,0,0,0,,312,312,,0,0,0,0
1613004583502,6,1010123456026,78,,1,2,11,1,1,,6.42688,253,39,0.100177,67,0,5.66667,,0,0,0,0,0,0,0,0,0,,276,276,,0,0,0,0
1613004583752,6,1010123456026,78,,1,2,11,1,1,,4.09584,553,0,0.158394,165,0,4,,0,0,0,0,0,0,0,0,0,,582,582,,0,0,0,0
1613004584002,6,1010123456026,78,,1,2,11,1,1,,6.02623,305,99,0.106827,83,0,6,,0,11,0,0,4,100,0,0,0,,366,366,,0,0,0,0
1613004584252,6,1010123456026,78,,1,2,11,1,1,,6.85251,339,0,0.133912,100,0,5.83333,,0.1,8,0,0.1,2,0,0,1.70838,31,,321,321,,0,0,0,1
1613004584502,6,1010123456026,78,,1,2,11,1,1,,7.86905,252,0,0.110586,73,0,6.33333,,0,0,0,0,0,0,0,0,0,,231,231,,0,0,0,0
1613004584752,6,1010123456026,78,,1,2,11,1,1,,8.17057,299,256,0.132369,84,0,6.33333,,0,0,0,0,0,0,0,0,0,,273,273,,0,0,0,0
1613004585002,6,1010123456026,78,,1,2,11,1,1,,10.3185,135,52,0.0778153,37,0,7.57143,,9.26667,30,0,0.11653,10,40,0,13.7343,31,,120,120,,0,0,0,3.9
1613004585252,6,1010123456026,78,,1,2,11,1,1,,8.00993,302,0,0.151679,93,0,6.33333,,0,0,0,0,0,0,0,0,0,,279,279,,0,0,0,0
1613004585502,6,1010123456026,78,,1,2,11,1,1,,8.18841,276,0,0.126265,80,0,6.16667,,0,0,0,0,0,0,0,0,0,,252,252,,0,0,0,0
1613004585752,6,1010123456026,78,,1,2,11,1,1,,6.01759,341,0,0.123309,97,0,6,,0,0,0,0,0,0,0,0,0,,333,333,,0,0,0,0
1613004586002,6,1010123456026,78,,1,2,11,1,1,,7.76124,356,202,0.144257,94,0,6.28571,,0.1,13,0,0.1,4,0,0,5.61364,31,,312,312,,0,0,0,2.38462
1613004586252,6,1010123456026,78,,1,2,11,1,1,,7.9375,272,0,0.132659,85,0,6.5,,0,0,0,0,0,0,0,0,0,,243,240,,0,0,0,0
1613004586502,6,1010123456026,78,,1,2,11,1,1,,5.12131,305,74,0.0896386,82,0,4.83333,,0,0,0,0,0,0,0,0,0,,294,294,,0,0,0,0
1613004586752,6,1010123456026,78,,1,2,11,1,1,,7.42517,294,92,0.132466,84,0,5.83333,,0,0,0,0,0,0,0,0,0,,273,273,,0,0,0,0
1613004587002,6,1010123456026,78,,1,2,11,1,1,,5.46074,484,0,0.176707,144,0,5.71429,,5.08696,23,0,0.1,7,57.1429,0,0.907509,31,,573,573,,0,0,0,7.34783
1613004587252,6,1010123456026,78,,1,2,11,1,1,,8.20346,231,95,0.103614,62,0,6.16667,,0,0,0,0,0,0,0,0,0,,225,225,,0,0,0,0
1613004587502,6,1010123456026,78,,1,2,11,1,1,,8.08636,220,0,0.116369,72,0,6.16667,,0,0,0,0,0,0,0,0,0,,201,201,,0,0,0,0
1613004587752,6,1010123456026,78,,1,2,11,1,1,,6.62698,378,0,0.155791,108,0,5.5,,0,0,0,0,0,0,0,0,0,,366,366,,0,0,0,0
1613004588002,6,1010123456026,78,,1,2,11,1,1,,8.74627,134,0,0.0637108,39,0,6.28571,,7.05263,38,0,0.1,12,50,0,7.00207,31,,129,129,,0,0,0,6.47368
1613004588252,6,1010123456026,78,,1,2,11,1,1,,7.96522,230,0,0.106795,67,0,6.66667,,0,0,0,0,0,0,0,0,0,,213,213,,0,0,0,0
1613004588502,6,1010123456026,78,,1,2,11,1,1,,9.05405,222,0,0.109108,62,0,6.66667,,0,0,0,0,0,0,0,0,0,,195,195,,0,0,0,0
1613004588752,6,1010123456026,78,,1,2,11,1,1,,9.53156,301,0,0.160932,86,0,6.66667,,0,0,0,0,0,0,0,0,0,,267,267,,0,0,0,0
1613004589002,6,1010123456026,78,,1,2,11,1,1,,7.93291,313,0,0.144353,89,0,6,,6.18,50,0,0.1,15,80,0,3.25395,31,,294,294,,0,0,0,8.02
1613004589252,6,1010123456026,78,,1,2,11,1,1,,7.30508,354,0,0.143839,99,0,6.5,,0,0,0,0,0,0,0,0,0,,315,315,,0,0,0,0
1613004589502,6,1010123456026,78,,1,2,11,1,1,,8.32273,220,0,0.12,69,0,6.5,,0,0,0,0,0,0,0,0,0,,207,207,,0,0,0,0
1613004589752,6,1010123456026,78,,1,2,11,1,1,,4.36364,451,476,0.143325,122,0,5,,0,0,0,0,0,0,0,0,0,,579,579,,0,0,0,0
1613004590002,6,1010123456026,78,,1,2,11,1,1,,7.40741,351,0,0.162924,107,0,6,,4.30435,46,0,0.1,13,61.5385,0,4.30402,31,,375,375,,0,0,0,6.54348
1613004590252,6,1010123456026,78,,1,2,11,1,1,,12.2126,127,0,0.0969317,38,0,8,,0,0,0,0,0,0,0,0,0,,114,114,,0,0,0,0
1613004590502,6,1010123456026,78,,1,2,11,1,1,,6.29801,302,0,0.107373,87,0,6.33333,,0,0,0,0,0,0,0,0,0,,279,279,,0,0,0,0
1613004590752,6,1010123456026,78,,1,2,11,1,1,,6.34006,347,158,0.127068,95,0,5.5,,0,0,0,0,0,0,0,0,0,,333,333,,0,0,0,0
1613004591002,6,1010123456026,78,,1,2,11,1,1,,9.75532,282,183,0.149141,79,0,6.85714,,8.85714,14,0,0.1,4,0,0,29.8159,31,,249,249,,0,0,0,1
1613004591252,6,1010123456026,78,,1,2,11,1,1,,10.5892,185,0,0.123149,55,0,7.16667,,0,0,0,0,0,0,0,0,0,,159,159,,0,0,0,0
1613004591502,6,1010123456026,78,,1,2,11,1,1,,9.51531,196,0,0.103807,54,0,6.33333,,0,0,0,0,0,0,0,0,0,,168,168,,0,0,0,0
1613004591752,6,1010123456026,78,,1,2,11,1,1,,8.7037,243,0,0.121157,74,0,6.83333,,0,0,0,0,0,0,0,0,0,,216,216,,0,0,0,0
1613004592002,6,1010123456026,78,,1,2,11,1,1,,8.13575,221,0,0.0991165,64,0,6.42857,,7.05882,34,0,0.1,11,72.7273,0,0.185644,31,,213,213,,0,0,0,8.29412
1613004592252,6,1010123456026,78,,1,2,11,1,1,,9.09953,211,0,0.11396,62,0,6.66667,,0,0,0,0,0,0,0,0,0,,192,192,,0,0,0,0
1613004592502,6,1010123456026,78,,1,2,11,1,1,,9.26066,211,158,0.119229,61,0,7.33333,,0,0,0,0,0,0,0,0,0,,198,198,,0,0,0,0
1613004592752,6,1010123456026,78,,1,2,11,1,1,,9.56225,249,0,0.135068,72,0,6.83333,,0.1,14,0,0.1,4,0,0,1.11681,31,,213,213,,0,0,0,1.28571
1613004593002,6,1010123456026,78,,1,2,11,1,1,,7.1536,306,170,0.130345,81,0,5.71429,,0,0,0,0,0,0,0,0,0,,318,318,,0,0,0,0
1613004593252,6,1010123456026,78,,1,2,11,1,1,,5.7028,286,0,0.114024,90,0,7.16667,,0,0,0,0,0,0,0,0,0,,291,291,,0,0,0,0
1613004593502,6,1010123456026,78,,1,2,11,1,1,,10.5907,215,0,0.134554,61,0,7.2,,0,0,0,0,0,0,0,0,0,,195,195,,0,0,0,0
1613004593752,6,1010123456026,78,,1,2,11,1,1,,6.98499,333,0,0.127614,92,0,6,,0.1,11,0,0.1,3,0,0,1.32788,31,,309,309,,0,0,0,3
1613004594002,6,1010123456026,78,,1,2,11,1,1,,8.83444,151,0,0.0820884,46,0,6.57143,,0,0,0,0,0,0,0,0,0,,132,132,,0,0,0,0
1613004594252,6,1010123456026,78,,1,2,11,1,1,,8.27517,149,0,0.0660562,42,0,6.33333,,0,0,0,0,0,0,0,0,0,,126,126,,0,0,0,0
1613004594502,6,1010123456026,78,,1,2,11,1,1,,9.71287,202,0,0.105221,55,0,7.16667,,0,0,0,0,0,0,0,0,0,,177,177,,0,0,0,0
1613004594752,6,1010123456026,78,,1,2,11,1,1,,10.1923,182,0,0.100884,49,0,7.33333,,0.1,17,0,0.1,5,40,0,0.796178,31,,159,159,,0,0,0,5.58824
1613004595002,6,1010123456026,78,,1,2,11,1,1,,8.06367,267,0,0.136643,79,0,6.14286,,0,0,0,0,0,0,0,0,0,,258,258,,0,0,0,0
1613004595252,6,1010123456026,78,,1,2,11,1,1,,11.2119,151,121,0.107598,46,0,6.83333,,0,0,0,0,0,0,0,0,0,,138,138,,0,0,0,0
1613004595502,6,1010123456026,78,,1,2,11,1,1,,7,200,89,0.073253,50,0,6.33333,,0,0,0,0,0,0,0,0,0,,180,180,,0,0,0,0
1613004595752,6,1010123456026,78,,1,2,11,1,1,,7.93311,299,0,0.143261,94,0,5.83333,,0,0,0,0,0,0,0,0,0,,282,282,,0,0,0,0
1613004596002,6,1010123456026,78,,1,2,11,1,1,,9.64249,193,0,0.103422,56,0,6.14286,,0.1,15,0,0.1,4,0,0,15.2773,31,,168,168,,0,0,0,1.26667
1613004596252,6,1010123456026,78,,1,2,11,1,1,,3.19582,383,256,0.0843374,106,0,4.66667,,0,0,0,0,0,0,0,0,0,,450,450,,0,0,0,0
1613004596502,6,1010123456026,78,,1,2,11,1,1,,8.96739,276,0,0.136739,77,0,6.16667,,0,0,0,0,0,0,0,0,0,,252,252,,0,0,0,0
1613004596752,6,1010123456026,78,,1,2,11,1,1,,4.40992,383,0,0.131277,117,0,6.16667,,0,0,0,0,0,0,0,0,0,,405,405,,0,0,0,0
1613004597002,6,1010123456026,78,,1,2,11,1,1,,9.92941,170,0,0.0971245,49,0,7,,8.86957,23,0,0.1,7,57.1429,0,11.4027,31,,150,150,,0,0,0,5.69565
1613004597252,6,1010123456026,78,,1,2,11,1,1,,8.94477,344,113,0.169478,98,0,6.2,,0,0,0,0,0,0,0,0,0,,306,306,,0,0,0,0
1613004597502,6,1010123456026,78,,1,2,11,1,1,,8.23269,361,0,0.169863,100,0,6.16667,,0,0,0,0,0,0,0,0,0,,321,321,,0,0,0,0
1613004597752,6,1010123456026,78,,1,2,11,1,1,,6.14441,367,0,0.145285,109,0,5.33333,,0,0,0,0,0,0,0,0,0,,387,387,,0,0,0,0
1613004598002,6,1010123456026,78,,1,2,11,1,1,,7.53822,314,153,0.128835,84,0,6.28571,,6,22,0,0.1,7,57.1429,0,7.31977,31,,300,300,,0,0,0,5.63636
1613004598252,6,1010123456026,78,,1,2,11,1,1,,10.2722,158,0,0.101012,51,0,6.83333,,0,0,0,0,0,0,0,0,0,,135,135,,0,0,0,0
1613004598502,6,1010123456026,78,,1,2,11,1,1,,8.24823,282,0,0.126876,81,0,6.16667,,0,0,0,0,0,0,0,0,0,,249,249,,0,0,0,0
1613004598752,6,1010123456026,78,,1,2,11,1,1,,7.09446,307,242,0.110683,81,0,5.83333,,0,0,0,0,0,0,0,0,0,,294,294,,0,0,0,0
1613004599002,6,1010123456026,78,,1,2,11,1,1,,7.93651,315,0,0.159743,98,0,5.85714,,0.1,12,0,0.1,3,0,0,3.71771,31,,303,303,,0,0,0,1
1613004599252,6,1010123456026,78,,1,2,11,1,1,,6.08553,304,0,0.106859,81,0,5.83333,,0,0,0,0,0,0,0,0,0,,285,285,,0,0,0,0
1613004599502,6,1010123456026,78,,1,2,11,1,1,,10.0124,242,0,0.152514,74,0,7.16667,,0,0,0,0,0,0,0,0,0,,225,225,,0,0,0,0
1613004599752,6,1010123456026,78,,1,2,11,1,1,,10.15,180,0,0.107855,52,0,7,,0.1,11,0,0.1,3,0,0,1.41774,31,,162,162,,0,0,0,1.63636
1613004600002,6,1010123456026,78,,1,2,11,1,1,,10.0882,136,99,0.0755341,38,0,7.14286,,0,0,0,0,0,0,0,0,0,,117,117,,0,0,0,0
1613004600252,6,1010123456026,78,,1,2,11,1,1,,7.25221,226,0,0.089253,62,0,5.83333,,0,0,0,0,0,0,0,0,0,,207,207,,0,0,0,0
1613004600502,6,1010123456026,78,,1,2,11,1,1,,5.24679,389,0,0.126265,113,0,5.33333,,0,0,0,0,0,0,0,0,0,,372,372,,0,0,0,0
1613004600752,6,1010123456026,78,,1,2,11,1,1,,5.90455,220,0,0.0769799,64,0,5.66667,,0.1,10,0,0.1,3,0,0,1.21507,31,,204,204,,0,0,0,1.7
1613004601002,6,1010123456026,78,,1,2,11,1,1,,10.0236,297,0,0.174747,86,0,6.57143,,0,0,0,0,0,0,0,0,0,,270,270,,0,0,0,0
1613004601252,6,1010123456026,78,,1,2,11,1,1,,5.67327,303,0,0.106924,86,0,6.33333,,0,0,0,0,0,0,0,0,0,,303,303,,0,0,0,0
1613004601502,6,1010123456026,78,,1,2,11,1,1,,9.56956,230,0,0.130378,66,0,6.83333,,0,0,0,0,0,0,0,0,0,,207,207,,0,0,0,0
1613004601752,6,1010123456026,78,,1,2,11,1,1,,6.67935,368,15,0.151261,102,0,5.66667,,0,0,0,0,0,0,0,0,0,,435,435,,0,0,0,0
1613004602002,6,1010123456026,78,,1,2,11,1,1,,8.02287,306,0,0.146956,94,0,6.28571,,0.1,11,0,0.1,3,0,0,8.34589,31,,297,297,,0,0,0,1.36364
1613004602252,6,1010123456026,78,,1,2,11,1,1,,5.15044,226,0,0.0790683,66,0,6.16667,,0,0,0,0,0,0,0,0,0,,219,219,,0,0,0,0
1613004602502,6,1010123456026,78,,1,2,11,1,1,,7.34061,229,0,0.0897349,63,0,6,,0,0,0,0,0,0,0,0,0,,201,201,,0,0,0,0
1613004602752,6,1010123456026,78,,1,2,11,1,1,,8.58503,294,0,0.13645,84,0,6.66667,,0,0,0,0,0,0,0,0,0,,252,252,,0,0,0,0
1613004603002,6,1010123456026,78,,1,2,11,1,1,,8.7619,126,0,0.0711647,42,0,6.28571,,0.1,23,0,0.1,6,16.6667,0,5.01931,31,,120,120,,0,0,0,3.26087
1613004603252,6,1010123456026,78,,1,2,11,1,1,,7.39453,256,0,0.105478,71,0,6.16667,,0,0,0,0,0,0,0,0,0,,258,258,,0,0,0,0
1613004603502,6,1010123456026,78,,1,2,11,1,1,,7.92347,196,0,0.0827631,56,0,6.5,,0,0,0,0,0,0,0,0,0,,171,171,,0,0,0,0
1613004603752,6,1010123456026,78,,1,2,11,1,1,,9.24891,229,0,0.120193,66,0,6.66667,,0,0,0,0,0,0,0,0,0,,204,204,,0,0,0,0
1613004604002,6,1010123456026,78,,1,2,11,1,1,,8.52983,285,89,0.142265,84,0,6.71429,,7.56522,46,0,0.1,13,84.6154,0,4.95744,31,,261,261,,0,0,0,8.43478
1613004604252,6,1010123456026,78,,1,2,11,1,1,,8.37751,249,59,0.109719,68,0,6.16667,,0,0,0,0,0,0,0,0,0,,216,216,,0,0,0,0
1613004604502,6,1010123456026,78,,1,2,11,1,1,,8.37398,246,146,0.118618,67,0,6.33333,,0,0,0,0,0,0,0,0,0,,231,231,,0,0,0,0
1613004604752,6,1010123456026,78,,1,2,11,1,1,,9.66667,162,0,0.0996305,54,0,7,,0,0,0,0,0,0,0,0,0,,141,141,,0,0,0,0
1613004605002,6,1010123456026,78,,1,2,11,1,1,,8.03745,267,0,0.107502,68,0,6,,15,15,0,0,4,100,0,1.15153,0,,234,234,,0,0,0,10
1613004605252,6,1010123456026,78,,1,2,11,1,1,,8.63529,255,0,0.123245,77,0,6.8,,0,0,0,0,0,0,0,0,0,,219,219,,0,0,0,0
1613004605502,6,1010123456026,78,,1,2,11,1,1,,8.41177,272,74,0.130474,77,0,6.33333,,0,0,0,0,0,0,0,0,0,,252,252,,0,0,0,0
1613004605752,6,1010123456026,78,,1,2,11,1,1,,6.77151,337,0,0.125365,98,0,5.5,,0,0,0,0,0,0,0,0,0,,312,312,,0,0,0,0
1613004606002,6,1010123456026,78,,1,2,11,1,1,,8.90957,188,0,0.0983454,58,0,6.71429,,0.214286,14,0,0.1,4,0,0,17.5629,31,,162,162,,0,0,0,1
1613004606252,6,1010123456026,78,,1,2,11,1,1,,8.32384,281,0,0.132691,78,0,6.16667,,0,0,0,0,0,0,0,0,0,,261,261,,0,0,0,0
1613004606502,6,1010123456026,78,,1,2,11,1,1,,7.65909,264,0,0.10959,74,0,6.33333,,0,0,0,0,0,0,0,0,0,,240,240,,0,0,0,0
1613004606752,6,1010123456026,78,,1,2,11,1,1,,8.71287,303,0,0.148145,88,0,6.5,,0,9,0,0,3,100,0,0,0,,267,267,,0,0,0,0
1613004607002,6,1010123456026,78,,1,2,11,1,1,,7.93846,260,0,0.120707,77,0,6.42857,,0,3,0,0,1,100,0,0,0,,228,228,,0,0,0,0
1613004607252,6,1010123456026,78,,1,2,11,1,1,,9.07605,263,0,0.130956,72,0,6.83333,,0,0,0,0,0,0,0,0,0,,234,234,,0,0,0,0
1613004607502,6,1010123456026,78,,1,2,11,1,1,,10.188,266,20,0.166843,77,0,7,,0,0,0,0,0,0,0,0,0,,249,249,,0,0,0,0
1613004607752,6,1010123456026,78,,1,2,11,1,1,,4,471,0,0.154602,139,0,4.83333,,0,0,0,0,0,0,0,0,0,,657,657,,0,0,0,0
1613004608002,6,1010123456026,78,,1,2,11,1,1,,9.33761,234,0,0.12588,69,0,6.28571,,0.1,11,0,0.1,3,0,0,2.53329,31,,219,219,,0,0,0,1.81818
1613004608252,6,1010123456026,78,,1,2,11,1,1,,7.1543,337,0,0.149141,96,0,6.66667,,0,0,0,0,0,0,0,0,0,,318,318,,0,0,0,0
1613004608502,6,1010123456026,78,,1,2,11,1,1,,6.84756,164,158,0.0664418,47,0,6.5,,0,0,0,0,0,0,0,0,0,,147,147,,0,0,0,0
1613004608752,6,1010123456026,78,,1,2,11,1,1,,10.4252,214,0,0.123952,60,0,6.83333,,0,0,0,0,0,0,0,0,0,,180,180,,0,0,0,0
1613004609002,6,1010123456026,78,,1,2,11,1,1,,8.5625,304,0,0.143229,85,0,6.71429,,4.67647,34,0,0.1,10,80,0,5.7072,31,,279,279,,0,0,0,8.41177
1613004609252,6,1010123456026,78,,1,2,11,1,1,,7.20784,255,0,0.120964,76,0,5.83333,,0,0,0,0,0,0,0,0,0,,267,267,,0,0,0,0
1613004609502,6,1010123456026,78,,1,2,11,1,1,,6.63025,357,20,0.144996,101,0,6.33333,,0,0,0,0,0,0,0,0,0,,366,366,,0,0,0,0
1613004609752,6,1010123456026,78,,1,2,11,1,1,,9.55294,255,0,0.136032,72,0,6.83333,,0.1,10,0,0.1,3,0,0,2.4149,31,,219,216,,0,0,0,1.4
1613004610002,6,1010123456026,78,,1,2,11,1,1,,10,187,0,0.113414,56,0,6.28571,,0,0,0,0,0,0,0,0,0,,168,168,,0,0,0,0
1613004610252,6,1010123456026,78,,1,2,11,1,1,,5.14286,343,0,0.118233,95,0,6.5,,0,0,0,0,0,0,0,0,0,,429,429,,0,0,0,0
1613004610502,6,1010123456026,78,,1,2,11,1,1,,7.4104,346,60,0.170281,99,0,6.16667,,0,0,0,0,0,0,0,0,0,,387,387,,0,0,0,0
1613004610752,6,1010123456026,78,,1,2,11,1,1,,9.82105,190,0,0.114313,58,0,6.83333,,0,0,0,0,0,0,0,0,0,,171,171,,0,0,0,0
1613004611002,6,1010123456026,78,,1,2,11,1,1,,9.78571,280,0,0.157398,80,0,7,,0.1,10,0,0.1,3,0,0,0.746999,31,,249,249,,0,0,0,2.2
1613004611252,6,1010123456026,78,,1,2,11,1,1,,8.95652,230,86,0.119004,62,0,6.33333,,0,0,0,0,0,0,0,0,0,,207,207,,0,0,0,0
1613004611502,6,1010123456026,78,,1,2,11,1,1,,8.19048,315,84,0.142522,88,0,6.83333,,0,0,0,0,0,0,0,0,0,,276,276,,0,0,0,0
1613004611752,6,1010123456026,78,,1,2,11,1,1,,7.07986,288,118,0.117462,86,0,5.83333,,0.1,14,0,0.1,4,25,0,0.763134,31,,279,279,,0,0,0,4.07143
1613004612002,6,1010123456026,78,,1,2,11,1,1,,9.39524,210,0,0.120032,63,0,6.71429,,0,0,0,0,0,0,0,0,0,,195,195,,0,0,0,0
1613004612252,6,1010123456026,78,,1,2,11,1,1,,9.93846,195,0,0.122185,56,0,6.66667,,0,0,0,0,0,0,0,0,0,,183,183,,0,0,0,0
1613004612502,6,1010123456026,78,,1,2,11,1,1,,7.77007,274,365,0.123438,78,0,6,,0,0,0,0,0,0,0,0,0,,246,246,,0,0,0,0
1613004612752,6,1010123456026,78,,1,2,11,1,1,,9.49393,247,0,0.131149,70,0,6.83333,,0.1,11,0,0.1,3,0,0,1.59914,31,,219,219,,0,0,0,1.54545
1613004613002,6,1010123456026,78,,1,2,11,1,1,,9.4918,244,0,0.136064,71,0,7,,0,0,0,0,0,0,0,0,0,,222,222,,0,0,0,0
1613004613252,6,1010123456026,78,,1,2,11,1,1,,7.50515,291,0,0.122474,83,0,6.16667,,0,0,0,0,0,0,0,0,0,,288,288,,0,0,0,0
1613004613502,6,1010123456026,78,,1,2,11,1,1,,8.41333,225,0,0.111486,66,0,6.6,,0,0,0,0,0,0,0,0,0,,198,198,,0,0,0,0
1613004613752,6,1010123456026,78,,1,2,11,1,1,,8.13534,266,0,0.119582,75,0,6,,0,0,0,0,0,0,0,0,0,,255,255,,0,0,0,0
1613004614002,6,1010123456026,78,,1,2,11,1,1,,7.08879,214,0,0.0832771,59,0,6.42857,,0,11,0,0.1,4,0,0,0,31,,192,192,,0,0,0,0
1613004614252,6,1010123456026,78,,1,2,11,1,1,,7.90083,363,144,0.170892,107,0,5.33333,,0,0,0,0,0,0,0,0,0,,327,327,,0,0,0,0
1613004614502,6,1010123456026,78,,1,2,11,1,1,,4.51378,508,112,0.14098,140,0,5.16667,,0,0,0,0,0,0,0,0,0,,525,525,,0,0,0,0
1613004614752,6,1010123456026,78,,1,2,11,1,1,,6.46479,213,0,0.0773333,66,0,6.16667,,0,0,0,0,0,0,0,0,0,,198,198,,0,0,0,0
1613004615002,6,1010123456026,78,,1,2,11,1,1,,4.39632,381,20,0.110586,113,0,5.28571,,0,12,0,0,4,100,0,0,0,,381,381,,0,0,0,0
1613004615252,6,1010123456026,78,,1,2,11,1,1,,8.11894,227,0,0.114024,66,0,6.66667,,0,0,0,0,0,0,0,0,0,,225,225,,0,0,0,0
1613004615502,6,1010123456026,78,,1,2,11,1,1,,7.76882,186,0,0.0783293,54,0,6.33333,,0,0,0,0,0,0,0,0,0,,159,159,,0,0,0,0
1613004615752,6,1010123456026,78,,1,2,11,1,1,,7.11243,169,0,0.0692048,46,0,6.33333,,0,0,0,0,0,0,0,0,0,,165,165,,0,0,0,0
1613004616002,6,1010123456026,78,,1,2,11,1,1,,9.44129,247,0,0.13343,70,0,6.71429,,0.1,11,0,0.1,3,0,0,11.4174,31,,228,228,,0,0,0,1.36364
1613004616252,6,1010123456026,78,,1,2,11,1,1,,6.34536,388,0,0.156819,117,0,5.2,,0,0,0,0,0,0,0,0,0,,372,372,,0,0,0,0
1613004616502,6,1010123456026,78,,1,2,11,1,1,,5.12222,360,0,0.119004,99,0,5.5,,0,0,0,0,0,0,0,0,0,,381,381,,0,0,0,0
1613004616752,6,1010123456026,78,,1,2,11,1,1,,7.20325,246,0,0.104418,74,0,6.16667,,0,0,0,0,0,0,0,0,0,,219,219,,0,0,0,0
1613004617002,6,1010123456026,78,,1,2,11,1,1,,6.69972,353,0,0.151325,106,0,6,,0,23,0,0,8,100,0,0,0,,351,351,,0,0,0,0
1613004617252,6,1010123456026,78,,1,2,11,1,1,,9.57143,98,0,0.0485462,25,0,6.83333,,0,0,0,0,0,0,0,0,0,,87,87,,0,0,0,0
1613004617502,6,1010123456026,78,,1,2,11,1,1,,4.11022,499,0,0.150137,143,0,4.83333,,0,0,0,0,0,0,0,0,0,,564,564,,0,0,0,0
1613004617752,6,1010123456026,78,,1,2,11,1,1,,8.27645,293,56,0.142361,85,0,6.33333,,0,0,0,0,0,0,0,0,0,,276,276,,0,0,0,0
1613004618002,6,1010123456026,78,,1,2,11,1,1,,9.54587,218,0,0.124691,66,0,6.71429,,9.04348,23,0,0.1,7,57.1429,0,5.77399,31,,195,195,,0,0,0,6.08696
1613004618252,6,1010123456026,78,,1,2,11,1,1,,9.38127,299,81,0.162699,84,0,8.33333,,0,0,0,0,0,0,0,0,0,,273,273,,0,0,0,0
1613004618502,6,1010123456026,78,,1,2,11,1,1,,8.29439,214,0,0.11004,64,0,6.5,,0,0,0,0,0,0,0,0,0,,186,186,,0,0,0,0
1613004618752,6,1010123456026,78,,1,2,11,1,1,,9.72593,135,0,0.0756948,39,0,8.2,,0.1,18,0,0.1,5,40,0,1.62323,31,,117,117,,0,0,0,4.88889
1613004619002,6,1010123456026,78,,1,2,11,1,1,,10.6043,187,0,0.117301,55,0,7.14286,,0,0,0,0,0,0,0,0,0,,174,174,,0,0,0,0
1613004619252,6,1010123456026,78,,1,2,11,1,1,,8.28646,192,0,0.0951004,57,0,6,,0,0,0,0,0,0,0,0,0,,171,171,,0,0,0,0
1613004619502,6,1010123456026,78,,1,2,11,1,1,,10.5793,164,0,0.102651,47,0,7,,0,0,0,0,0,0,0,0,0,,150,150,,0,0,0,0
1613004619752,6,1010123456026,78,,1,2,11,1,1,,8.45424,295,0,0.142233,84,0,6.5,,0.1,10,0,0.1,3,0,0,1.79342,31,,270,270,,0,0,0,1.8
1613004620002,6,1010123456026,78,,1,2,11,1,1,,7.48016,252,0,0.105799,73,0,6.57143,,0,0,0,0,0,0,0,0,0,,237,237,,0,0,0,0
1613004620252,6,1010123456026,78,,1,2,11,1,1,,9.10039,259,0,0.135743,74,0,6.5,,0,0,0,0,0,0,0,0,0,,243,243,,0,0,0,0
1613004620502,6,1010123456026,78,,1,2,11,1,1,,8.59917,242,0,0.103968,62,0,6.5,,0,0,0,0,0,0,0,0,0,,207,207,,0,0,0,0
1613004620752,6,1010123456026,78,,1,2,11,1,1,,9.06342,205,0,0.114763,66,0,6.83333,,0,0,0,0,0,0,0,0,0,,180,180,,0,0,0,0
1613004621002,6,1010123456026,78,,1,2,11,1,1,,8.69832,179,0,0.0876466,52,0,6.85714,,0.1,10,0,0.1,3,0,0,2.09949,31,,156,156,,0,0,0,1
1613004621252,6,1010123456026,78,,1,2,11,1,1,,8.68953,277,0,0.136386,79,0,6.5,,0,0,0,0,0,0,0,0,0,,255,255,,0,0,0,0
1613004621502,6,1010123456026,78,,1,2,11,1,1,,7.64557,316,0,0.144643,88,0,5.83333,,0,0,0,0,0,0,0,0,0,,309,309,,0,0,0,0
1613004621752,6,1010123456026,78,,1,2,11,1,1,,9.80519,231,0,0.128225,65,0,7,,0,0,0,0,0,0,0,0,0,,201,201,,0,0,0,0
1613004622002,6,1010123456026,78,,1,2,11,1,1,,7.90058,171,105,0.0769799,52,0,6.57143,,0.1,13,0,0.1,4,0,0,16.433,31,,150,150,,0,0,0,1
1613004622252,6,1010123456026,78,,1,2,11,1,1,,9.29856,278,0,0.14143,77,0,7,,0,0,0,0,0,0,0,0,0,,237,237,,0,0,0,0
1613004622503,6,1010123456026,78,,1,2,11,1,1,,9.94798,173,0,0.112256,54,0,7,,0,0,0,0,0,0,0,0,0,,171,171,,0,0,0,0
1613004622752,6,1010123456026,78,,1,2,11,1,1,,9.47312,186,0,0.0980884,53,0,6.66667,,0,9,0,0,3,100,0,0,0,,159,159,,0,0,0,0
1613004623002,6,1010123456026,78,,1,2,11,1,1,,8.52521,238,0,0.116209,71,0,6,,0,3,0,0,1,100,0,0,0,,225,225,,0,0,0,0
1613004623252,6,1010123456026,78,,1,2,11,1,1,,7.32407,216,0,0.0938474,62,0,7,,0,0,0,0,0,0,0,0,0,,192,192,,0,0,0,0
1613004623502,6,1010123456026,78,,1,2,11,1,1,,9.14141,198,0,0.102329,56,0,6.66667,,0,0,0,0,0,0,0,0,0,,174,174,,0,0,0,0
1613004623752,6,1010123456026,78,,1,2,11,1,1,,8.44118,272,0,0.121606,76,0,6.66667,,0,0,0,0,0,0,0,0,0,,243,243,,0,0,0,0
1613004624003,6,1010123456026,78,,1,2,11,1,1,,10.9598,174,0,0.117664,52,0,7,,0.1,16,0,0.1,5,40,0,1.34415,31,,156,156,,0,0,0,4.8125
1613004624252,6,1010123456026,78,,1,2,11,1,1,,8.39149,235,0,0.0986024,62,0,6.83333,,0,0,0,0,0,0,0,0,0,,222,222,,0,0,0,0
1613004624502,6,1010123456026,78,,1,2,11,1,1,,6.44533,375,0,0.156305,113,0,5.66667,,0,0,0,0,0,0,0,0,0,,408,408,,0,0,0,0
1613004624752,6,1010123456026,78,,1,2,11,1,1,,9.19368,253,156,0.131181,73,0,6.5,,0,0,0,0,0,0,0,0,0,,222,222,,0,0,0,0
1613004625002,6,1010123456026,78,,1,2,11,1,1,,8.19178,146,0,0.066249,43,0,6.28571,,0.1,14,0,0.1,4,25,0,1.0452,31,,126,126,,0,0,0,4.14286
1613004625252,6,1010123456026,78,,1,2,11,1,1,,9.28788,264,0,0.13208,72,0,6.83333,,0,0,0,0,0,0,0,0,0,,228,228,,0,0,0,0
1613004625502,6,1010123456026,78,,1,2,11,1,1,,6.63596,456,0,0.176032,131,0,5.5,,0,0,0,0,0,0,0,0,0,,423,423,,0,0,0,0
1613004625752,6,1010123456026,78,,1,2,11,1,1,,8.02557,352,0,0.16996,104,0,6.16667,,0,0,0,0,0,0,0,0,0,,327,327,,0,0,0,0
1613004626002,6,1010123456026,78,,1,2,11,1,1,,7.97071,239,0,0.0948434,65,0,6.14286,,8.83333,24,0,0.1,7,57.1429,0,7.88492,31,,210,210,,0,0,0,6.20833
1613004626252,6,1010123456026,78,,1,2,11,1,1,,8.75273,275,0,0.152771,84,0,6.66667,,0,0,0,0,0,0,0,0,0,,258,258,,0,0,0,0
1613004626502,6,1010123456026,78,,1,2,11,1,1,,9.60699,229,0,0.124466,63,0,6.83333,,0,0,0,0,0,0,0,0,0,,207,207,,0,0,0,0
1613004626752,6,1010123456026,78,,1,2,11,1,1,,7.55749,287,0,0.132145,85,0,6,,0,0,0,0,0,0,0,0,0,,264,264,,0,0,0,0
1613004627002,6,1010123456026,78,,1,2,11,1,1,,7.63235,340,0,0.140016,90,0,6.14286,,10.9615,26,0,0.1,7,57.1429,0,4.96702,31,,306,306,,0,0,0,6.80769
1613004627252,6,1010123456026,78,,1,2,11,1,1,,10.4167,180,0,0.111229,57,0,7.4,,0,0,0,0,0,0,0,0,0,,156,156,,0,0,0,0
1613004627502,6,1010123456026,78,,1,2,11,1,1,,9.02941,170,20,0.0840803,48,0,6.33333,,0,0,0,0,0,0,0,0,0,,153,153,,0,0,0,0
1613004627752,6,1010123456026,78,,1,2,11,1,1,,8.50178,281,180,0.134329,81,0,6.5,,0,0,0,0,0,0,0,0,0,,258,258,,0,0,0,0
1613004628002,6,1010123456026,78,,1,2,11,1,1,,7.31657,338,0,0.154313,97,0,5.85714,,0.1,13,0,0,4,100,0,0.454035,0,,360,360,,0,0,0,10
1613004628252,6,1010123456026,78,,1,2,11,1,1,,9.71257,334,0,0.184739,97,0,6.83333,,0.1,12,0,0.1,3,33.3333,0,0.79636,31,,294,294,,0,0,0,5.66667
1613004628502,6,1010123456026,78,,1,2,11,1,1,,8.05385,260,0,0.116016,74,0,6.16667,,0,0,0,0,0,0,0,0,0,,234,234,,0,0,0,0
1613004628752,6,1010123456026,78,,1,2,11,1,1,,10.4311,225,89,0.13539,65,0,7,,0.1,11,0,0.1,3,0,0,1.59179,31,,195,195,,0,0,0,1.63636
1613004629002,6,1010123456026,78,,1,2,11,1,1,,9.34815,270,0,0.144803,78,0,6.42857,,0,0,0,0,0,0,0,0,0,,240,240,,0,0,0,0
1613004629252,6,1010123456026,78,,1,2,11,1,1,,7.67905,296,0,0.135261,84,0,6.66667,,0,0,0,0,0,0,0,0,0,,273,273,,0,0,0,0
1613004629503,6,1010123456026,78,,1,2,11,1,1,,9.24051,158,0,0.090048,48,0,6.83333,,0,0,0,0,0,0,0,0,0,,144,144,,0,0,0,0
1613004629752,6,1010123456026,78,,1,2,11,1,1,,8.24789,355,0,0.164369,100,0,6.33333,,0,0,0,0,0,0,0,0,0,,327,327,,0,0,0,0
1613004630002,6,1010123456026,78,,1,2,11,1,1,,4.32443,262,0,0.0755663,74,0,6,,0.1,11,0,0.1,3,0,0,1.7765,31,,255,255,,0,0,0,1.63636
1613004630252,6,1010123456026,78,,1,2,11,1,1,,8.17213,244,0,0.121671,77,0,6.33333,,0,0,0,0,0,0,0,0,0,,234,234,,0,0,0,0
1613004630502,6,1010123456026,78,,1,2,11,1,1,,8.71121,232,0,0.109494,63,0,6.33333,,0,0,0,0,0,0,0,0,0,,210,210,,0,0,0,0
1613004630752,6,1010123456026,78,,1,2,11,1,1,,9.66337,202,0,0.114024,62,0,7,,0.1,11,0,0.1,3,0,0,1.01821,31,,177,177,,0,0,0,2.72727
1613004631002,6,1010123456026,78,,1,2,11,1,1,,6.71011,376,279,0.151293,101,0,5.71429,,0,0,0,0,0,0,0,0,0,,363,363,,0,0,0,0
1613004631252,6,1010123456026,78,,1,2,11,1,1,,6.65473,391,105,0.161189,120,0,6,,0,0,0,0,0,0,0,0,0,,378,378,,0,0,0,0
1613004631502,6,1010123456026,78,,1,2,11,1,1,,8.29796,245,0,0.124241,73,0,6.66667,,0,0,0,0,0,0,0,0,0,,237,237,,0,0,0,0
1613004631752,6,1010123456026,78,,1,2,11,1,1,,7.31833,311,0,0.126715,88,0,6,,0.1,17,0,0.1,5,40,0,1.4214,31,,276,276,,0,0,0,4.70588
1613004632002,6,1010123456026,78,,1,2,11,1,1,,9.85849,212,0,0.118522,62,0,6.85714,,0,0,0,0,0,0,0,0,0,,186,186,,0,0,0,0
1613004632252,6,1010123456026,78,,1,2,11,1,1,,8.77433,226,0,0.107598,62,0,6.66667,,0,0,0,0,0,0,0,0,0,,192,192,,0,0,0,0
1613004632502,6,1010123456026,78,,1,2,11,1,1,,8.52717,184,0,0.0823454,49,0,6.33333,,0,0,0,0,0,0,0,0,0,,162,162,,0,0,0,0
1613004632752,6,1010123456026,78,,1,2,11,1,1,,9.725,200,0,0.122635,63,0,7,,0,0,0,0,0,0,0,0,0,,177,177,,0,0,0,0
1613004633002,6,1010123456026,78,,1,2,11,1,1,,9.21622,296,0,0.147213,83,0,6.28571,,0.1,14,0,0.1,4,0,0,2.04448,31,,264,264,,0,0,0,1.71429
1613004633252,6,1010123456026,78,,1,2,11,1,1,,9.58704,247,0,0.134169,72,0,6.66667,,0,0,0,0,0,0,0,0,0,,213,213,,0,0,0,0
1613004633502,6,1010123456026,78,,1,2,11,1,1,,10.5933,150,0,0.0990522,45,0,6.83333,,0,0,0,0,0,0,0,0,0,,141,141,,0,0,0,0
1613004633752,6,1010123456026,78,,1,2,11,1,1,,7.01835,218,0,0.0840482,62,0,5.83333,,0,0,0,0,0,0,0,0,0,,189,189,,0,0,0,0
1613004634002,6,1010123456026,78,,1,2,11,1,1,,7.64977,217,35,0.0880964,59,0,6.28571,,0,9,0,0.1,3,0,0,0,31,,210,210,,0,0,0,0
1613004634252,6,1010123456026,78,,1,2,11,1,1,,8.68326,221,0,0.110297,69,0,7,,0,0,0,0,0,0,0,0,0,,192,192,,0,0,0,0
1613004634502,6,1010123456026,78,,1,2,11,1,1,,8.69869,229,0,0.103743,62,0,6.83333,,0,0,0,0,0,0,0,0,0,,195,195,,0,0,0,0
1613004634752,6,1010123456026,78,,1,2,11,1,1,,9.49557,226,188,0.130153,65,0,6.66667,,0,0,0,0,0,0,0,0,0,,216,216,,0,0,0,0
1613004635002,6,1010123456026,78,,1,2,11,1,1,,8.68214,280,0,0.129221,81,0,6.42857,,9.72727,22,0,0.1,7,71.4286,0,8.63269,31,,261,261,,0,0,0,7.13636
1613004635252,6,1010123456026,78,,1,2,11,1,1,,7.81041,269,0,0.123406,77,0,6.16667,,0,0,0,0,0,0,0,0,0,,252,252,,0,0,0,0
1613004635502,6,1010123456026,78,,1,2,11,1,1,,8.5,200,255,0.0983133,57,0,6.33333,,0,0,0,0,0,0,0,0,0,,174,174,,0,0,0,0
1613004635752,6,1010123456026,78,,1,2,11,1,1,,6.19087,241,0,0.0854618,73,0,5.83333,,0,0,0,0,0,0,0,0,0,,231,231,,0,0,0,0
1613004636002,6,1010123456026,78,,1,2,11,1,1,,9.16667,252,0,0.130635,71,0,6.57143,,5.55,20,0,0.1,6,0,0,20.2991,31,,213,213,,0,0,0,1.15
1613004636252,6,1010123456026,78,,1,2,11,1,1,,9.09829,234,69,0.119422,66,0,7,,0,0,0,0,0,0,0,0,0,,204,204,,0,0,0,0
1613004636502,6,1010123456026,78,,1,2,11,1,1,,6.45981,311,272,0.121639,86,0,6.5,,0,0,0,0,0,0,0,0,0,,291,291,,0,0,0,0
1613004636752,6,1010123456026,78,,1,2,11,1,1,,10.6917,240,0,0.151454,69,0,7.33333,,0.1,15,0,0.1,4,25,0,1.02685,31,,204,204,,0,0,0,5.73333
1613004637002,6,1010123456026,78,,1,2,11,1,1,,10.0385,208,158,0.124916,62,0,7.28571,,0,0,0,0,0,0,0,0,0,,177,177,,0,0,0,0
1613004637252,6,1010123456026,78,,1,2,11,1,1,,8.49097,277,0,0.126233,77,0,6.5,,0,0,0,0,0,0,0,0,0,,246,246,,0,0,0,0
1613004637502,6,1010123456026,78,,1,2,11,1,1,,9.06311,206,0,0.104,57,0,6.4,,0,0,0,0,0,0,0,0,0,,186,186,,0,0,0,0
1613004637752,6,1010123456026,78,,1,2,11,1,1,,8.87264,212,0,0.113574,63,0,6.83333,,0,0,0,0,0,0,0,0,0,,183,183,,0,0,0,0
1613004638002,6,1010123456026,78,,1,2,11,1,1,,10.2263,137,0,0.088257,39,0,7.28571,,0.1,13,0,0.1,4,0,0,8.9066,31,,141,141,,0,0,0,2.15385
1613004638252,6,1010123456026,78,,1,2,11,1,1,,8.55294,255,0,0.123084,70,0,6.66667,,0,0,0,0,0,0,0,0,0,,237,237,,0,0,0,0
1613004638502,6,1010123456026,78,,1,2,11,1,1,,10.0543,258,158,0.156755,78,0,7.33333,,0,0,0,0,0,0,0,0,0,,222,222,,0,0,0,0
1613004638752,6,1010123456026,78,,1,2,11,1,1,,10.8176,159,0,0.0916948,40,0,7.83333,,0.1,14,0,0.1,4,25,0,1.15117,31,,147,147,,0,0,0,5.35714
1613004639002,6,1010123456026,78,,1,2,11,1,1,,9.88389,267,315,0.162988,83,0,6.85714,,0,0,0,0,0,0,0,0,0,,231,231,,0,0,0,0
1613004639252,6,1010123456026,78,,1,2,11,1,1,,9.89189,111,158,0.0646747,32,0,7,,0,0,0,0,0,0,0,0,0,,99,99,,0,0,0,0
1613004639502,6,1010123456026,78,,1,2,11,1,1,,9.8566,265,0,0.150233,75,0,6.66667,,0,0,0,0,0,0,0,0,0,,234,234,,0,0,0,0
1613004639752,6,1010123456026,78,,1,2,11,1,1,,10.362,221,0,0.136514,64,0,7.33333,,0.1,15,0,0.1,4,25,0,1.28514,31,,195,195,,0,0,0,5.2
1613004640002,6,1010123456026,78,,1,2,11,1,1,,10.6,180,0,0.113253,52,0,6.85714,,0,0,0,0,0,0,0,0,0,,159,159,,0,0,0,0
1613004640252,6,1010123456026,78,,1,2,11,1,1,,5.41071,448,0,0.132723,129,0,5.33333,,0,0,0,0,0,0,0,0,0,,432,432,,0,0,0,0
1613004640502,6,1010123456026,78,,1,2,11,1,1,,8.04128,218,0,0.0984418,62,0,6.5,,0,0,0,0,0,0,0,0,0,,213,213,,0,0,0,0
1613004640752,6,1010123456026,78,,1,2,11,1,1,,6.71875,384,0,0.145382,107,0,5.83333,,0,0,0,0,0,0,0,0,0,,366,366,,0,0,0,0
1613004641002,6,1010123456026,78,,1,2,11,1,1,,8.91469,211,0,0.103293,57,0,6.85714,,4.72727,44,0,0.1,13,46.1538,0,8.6278,31,,186,186,,0,0,0,5.5
1613004641252,6,1010123456026,78,,1,2,11,1,1,,8.80738,244,158,0.125976,75,0,6.33333,,0,0,0,0,0,0,0,0,0,,213,213,,0,0,0,0
1613004641502,6,1010123456026,78,,1,2,11,1,1,,8.072,250,0,0.121092,74,0,6.66667,,0,0,0,0,0,0,0,0,0,,222,222,,0,0,0,0
1613004641752,6,1010123456026,78,,1,2,11,1,1,,5.08527,387,315,0.112386,103,0,5.33333,,0,0,0,0,0,0,0,0,0,,366,366,,0,0,0,0
1613004642002,6,1010123456026,78,,1,2,11,1,1,,8.30859,256,0,0.139502,81,0,6.42857,,0,12,0,0.1,4,25,0,0,31,,258,258,,0,0,0,0
1613004642252,6,1010123456026,78,,1,2,11,1,1,,5.61675,394,0,0.117494,108,0,5.66667,,0,0,0,0,0,0,0,0,0,,366,366,,0,0,0,0
1613004642502,6,1010123456026,78,,1,2,11,1,1,,8.78632,234,0,0.121189,70,0,6.33333,,0,0,0,0,0,0,0,0,0,,204,204,,0,0,0,0
1613004642752,6,1010123456026,78,,1,2,11,1,1,,6.77946,331,0,0.127936,95,0,6,,0,0,0,0,0,0,0,0,0,,291,291,,0,0,0,0
1613004643002,6,1010123456026,78,,1,2,11,1,1,,10.0071,281,0,0.15939,78,0,7,,5.30435,46,0,0.1,13,30.7692,0,8.06397,31,,255,255,,0,0,0,4.58696
1613004643252,6,1010123456026,78,,1,2,11,1,1,,5.27027,333,0,0.129124,101,0,5.83333,,0,0,0,0,0,0,0,0,0,,342,342,,0,0,0,0
1613004643502,6,1010123456026,78,,1,2,11,1,1,,7.37037,270,99,0.111711,77,0,5.83333,,0,0,0,0,0,0,0,0,0,,246,246,,0,0,0,0
1613004643752,6,1010123456026,78,,1,2,11,1,1,,9.29221,308,0,0.162827,86,0,6.66667,,0,0,0,0,0,0,0,0,0,,282,282,,0,0,0,0
1613004644002,6,1010123456026,78,,1,2,11,1,1,,9.35678,199,0,0.11441,62,0,7.28571,,6.58333,48,0,0.1,13,69.2308,0,3.63739,31,,180,180,,0,0,0,7.16667
1613004644252,6,1010123456026,78,,1,2,11,1,1,,10.8113,159,105,0.0969317,45,0,7.16667,,0,0,0,0,0,0,0,0,0,,138,138,,0,0,0,0
1613004644502,6,1010123456026,78,,1,2,11,1,1,,8.08065,248,0,0.110876,72,0,6,,0,0,0,0,0,0,0,0,0,,222,222,,0,0,0,0
1613004644752,6,1010123456026,78,,1,2,11,1,1,,8.26859,242,0,0.11547,70,0,6.33333,,0,0,0,0,0,0,0,0,0,,222,222,,0,0,0,0
1613004645002,6,1010123456026,78,,1,2,11,1,1,,8.78189,243,113,0.115373,69,0,6.28571,,0.1,16,0,0.1,5,20,0,1.41126,31,,222,222,,0,0,0,4
1613004645252,6,1010123456026,78,,1,2,11,1,1,,8.44795,317,0,0.153799,92,0,6.16667,,0,0,0,0,0,0,0,0,0,,288,288,,0,0,0,0
1613004645502,6,1010123456026,78,,1,2,11,1,1,,8.12602,246,0,0.110137,71,0,6.16667,,0,0,0,0,0,0,0,0,0,,228,228,,0,0,0,0
1613004645752,6,1010123456026,78,,1,2,11,1,1,,8.9682,283,0,0.142008,81,0,6.5,,0.1,11,0,0.1,3,0,0,1.76349,31,,249,249,,0,0,0,1.27273
1613004646002,6,1010123456026,78,,1,2,11,1,1,,6.51246,281,0,0.114345,80,0,6.28571,,0,0,0,0,0,0,0,0,0,,303,303,,0,0,0,0
1613004646252,6,1010123456026,78,,1,2,11,1,1,,5.21186,472,0,0.171341,135,0,5.16667,,0,0,0,0,0,0,0,0,0,,594,594,,0,0,0,0
1613004646502,6,1010123456026,78,,1,2,11,1,1,,7.85915,284,0,0.115695,78,0,6,,0,0,0,0,0,0,0,0,0,,249,249,,0,0,0,0
1613004646752,6,1010123456026,78,,1,2,11,1,1,,8.94619,223,0,0.125044,71,0,6.83333,,0.1,17,0,0.1,5,40,0,1.58655,31,,198,198,,0,0,0,4.70588
1613004647002,6,1010123456026,78,,1,2,11,1,1,,8.29368,269,25,0.11849,70,0,6.42857,,0,0,0,0,0,0,0,0,0,,258,258,,0,0,0,0
1613004647252,6,1010123456026,78,,1,2,11,1,1,,9.74074,216,105,0.126618,65,0,6.83333,,0,0,0,0,0,0,0,0,0,,189,189,,0,0,0,0
1613004647502,6,1010123456026,78,,1,2,11,1,1,,8.75299,251,0,0.13539,76,0,6.33333,,0,0,0,0,0,0,0,0,0,,228,228,,0,0,0,0
1613004647752,6,1010123456026,78,,1,2,11,1,1,,7.94175,206,0,0.0936225,59,0,7.33333,,0,0,0,0,0,0,0,0,0,,174,174,,0,0,0,0
1613004648002,6,1010123456026,78,,1,2,11,1,1,,10.715,214,0,0.141365,62,0,8.14286,,14.7474,95,0,0.1,28,85.7143,0,5.84458,31,,192,192,,0,0,0,8.48421
1613004648252,6,1010123456026,78,,1,2,11,1,1,,10.0737,190,0,0.107502,51,0,7,,0,0,0,0,0,0,0,0,0,,171,171,,0,0,0,0
1613004648502,6,1010123456026,78,,1,2,11,1,1,,6.02606,307,0,0.106956,86,0,6,,0,0,0,0,0,0,0,0,0,,297,297,,0,0,0,0
1613004648752,6,1010123456026,78,,1,2,11,1,1,,7.87586,290,0,0.137703,88,0,6.5,,0,0,0,0,0,0,0,0,0,,258,258,,0,0,0,0
1613004649004,6,1010123456026,78,,1,2,11,1,1,,7.08696,230,0,0.0886693,67,0,5.85714,,0.1,23,0,0.1,6,16.6667,0,1.97268,31,,219,219,,0,0,0,3.26087
1613004649252,6,1010123456026,78,,1,2,11,1,1,,5.61921,302,0,0.102419,86,0,5.83333,,0,0,0,0,0,0,0,0,0,,297,297,,0,0,0,0
1613004649502,6,1010123456026,78,,1,2,11,1,1,,9.20769,130,0,0.0598233,34,0,6.83333,,0,0,0,0,0,0,0,0,0,,111,111,,0,0,0,0
1613004649752,6,1010123456026,78,,1,2,11,1,1,,6.14983,287,0,0.112771,85,0,6,,0,0,0,0,0,0,0,0,0,,267,267,,0,0,0,0
1613004650002,6,1010123456026,78,,1,2,11,1,1,,7.59701,201,0,0.0799036,55,0,6.14286,,0.1,10,0,0.1,3,0,0,1.93947,31,,186,186,,0,0,0,1
1613004650252,6,1010123456026,78,,1,2,11,1,1,,8.23828,256,0,0.124337,76,0,6.5,,0,0,0,0,0,0,0,0,0,,234,234,,0,0,0,0
1613004650502,6,1010123456026,78,,1,2,11,1,1,,10.0063,159,0,0.0922088,46,0,7.2,,0,0,0,0,0,0,0,0,0,,141,141,,0,0,0,0
1613004650752,6,1010123456026,78,,1,2,11,1,1,,7.47214,341,89,0.138153,91,0,6.16667,,0,0,0,0,0,0,0,0,0,,327,327,,0,0,0,0
1613004651002,6,1010123456026,78,,1,2,11,1,1,,8.98655,223,0,0.124112,71,0,6.71429,,0.1,11,0,0.1,3,0,0,2.10716,31,,195,195,,0,0,0,1.90909
1613004651252,6,1010123456026,78,,1,2,11,1,1,,10.2905,148,113,0.0874859,42,0,7,,0,0,0,0,0,0,0,0,0,,132,132,,0,0,0,0
1613004651502,6,1010123456026,78,,1,2,11,1,1,,6.4537,324,0,0.12302,93,0,5.5,,0,0,0,0,0,0,0,0,0,,330,330,,0,0,0,0
1613004651752,6,1010123456026,78,,1,2,11,1,1,,8.47701,174,0,0.0767229,46,0,6.66667,,0.1,11,0,0.1,3,0,0,1.13402,31,,150,150,,0,0,0,2.90909
1613004652002,6,1010123456026,78,,1,2,11,1,1,,10.0304,230,24,0.129606,67,0,6.57143,,0,0,0,0,0,0,0,0,0,,201,201,,0,0,0,0
1613004652252,6,1010123456026,78,,1,2,11,1,1,,7.41039,385,60,0.16408,111,0,6,,0,0,0,0,0,0,0,0,0,,354,354,,0,0,0,0
1613004652502,6,1010123456026,78,,1,2,11,1,1,,6.39413,477,311,0.180594,134,0,5.5,,0,0,0,0,0,0,0,0,0,,513,513,,0,0,0,0
1613004652752,6,1010123456026,78,,1,2,11,1,1,,6.61932,352,217,0.156723,102,0,5.66667,,0,0,0,0,0,0,0,0,0,,333,333,,0,0,0,0
1613004653002,6,1010123456026,78,,1,2,11,1,1,,6.96296,162,0,0.0613012,52,0,6.57143,,0.1,11,0,0.1,3,0,0,2.01153,31,,153,153,,0,0,0,5
1613004653252,6,1010123456026,78,,1,2,11,1,1,,9.91713,181,0,0.108723,56,0,6.66667,,0,0,0,0,0,0,0,0,0,,162,162,,0,0,0,0
1613004653502,6,1010123456026,78,,1,2,11,1,1,,9.27615,239,0,0.121157,63,0,6.66667,,0,0,0,0,0,0,0,0,0,,216,216,,0,0,0,0
1613004653752,6,1010123456026,78,,1,2,11,1,1,,6.79044,272,0,0.115631,83,0,6,,0.1,18,0,0.1,5,40,0,1.70635,31,,240,240,,0,0,0,5.5
1613004654002,6,1010123456026,78,,1,2,11,1,1,,9.66355,214,99,0.109398,59,0,6.71429,,0,0,0,0,0,0,0,0,0,,195,195,,0,0,0,0
1613004654252,6,1010123456026,78,,1,2,11,1,1,,7.31056,322,0,0.133462,95,0,5.66667,,0,0,0,0,0,0,0,0,0,,303,303,,0,0,0,0
1613004654502,6,1010123456026,78,,1,2,11,1,1,,8.87562,201,0,0.098249,58,0,6.66667,,0,0,0,0,0,0,0,0,0,,174,174,,0,0,0,0
1613004654752,6,1010123456026,78,,1,2,11,1,1,,9.32308,195,0,0.0983133,53,0,6.83333,,0,0,0,0,0,0,0,0,0,,171,171,,0,0,0,0
1613004655002,6,1010123456026,78,,1,2,11,1,1,,10.4324,148,0,0.0968032,45,0,7.28571,,0.1,26,0,0.1,7,57.1429,0,0.778749,31,,129,129,,0,0,0,7.11538
1613004655252,6,1010123456026,78,,1,2,11,1,1,,9.11,200,0,0.0923374,52,0,6.66667,,0,0,0,0,0,0,0,0,0,,177,177,,0,0,0,0
1613004655504,6,1010123456026,78,,1,2,11,1,1,,11.0317,221,0,0.146741,67,0,7.2,,0,0,0,0,0,0,0,0,0,,201,201,,0,0,0,0
1613004655753,6,1010123456026,78,,1,2,11,1,1,,8.60651,338,0,0.162024,95,0,6,,0.1,12,0,0,3,100,0,0.1,0,,309,309,,0,0,0,10
1613004656002,6,1010123456026,78,,1,2,11,1,1,,6.22,300,0,0.117333,88,0,5.71429,,0.1,15,0,0.1,4,25,0,1.29505,31,,315,315,,0,0,0,3.86667
1613004656252,6,1010123456026,78,,1,2,11,1,1,,8.09524,210,0,0.0978313,65,0,6.16667,,0,0,0,0,0,0,0,0,0,,195,195,,0,0,0,0
1613004656502,6,1010123456026,78,,1,2,11,1,1,,6.56633,392,58,0.142522,110,0,5.33333,,0,0,0,0,0,0,0,0,0,,411,411,,0,0,0,0
1613004656752,6,1010123456026,78,,1,2,11,1,1,,4.87464,343,0,0.10959,104,0,5.33333,,0,0,0,0,0,0,0,0,0,,345,345,,0,0,0,0
1613004657002,6,1010123456026,78,,1,2,11,1,1,,9.34118,170,57,0.0759197,43,0,6.57143,,4.76744,43,0,0.1,13,30.7692,0,8.73431,31,,150,150,,0,0,0,4.06977
1613004657252,6,1010123456026,78,,1,2,11,1,1,,8.37652,247,0,0.131116,77,0,6.83333,,0,0,0,0,0,0,0,0,0,,231,231,,0,0,0,0
1613004657502,6,1010123456026,78,,1,2,11,1,1,,11.4798,198,0,0.124723,52,0,7.5,,0,0,0,0,0,0,0,0,0,,177,177,,0,0,0,0
1613004657752,6,1010123456026,78,,1,2,11,1,1,,6.35484,310,0,0.136546,92,0,5.83333,,0,0,0,0,0,0,0,0,0,,324,324,,0,0,0,0
1613004658002,6,1010123456026,78,,1,2,11,1,1,,7.64286,182,0,0.0856867,52,0,6.57143,,0,12,0,0.1,4,25,0,0,31,,168,168,,0,0,0,0
1613004658252,6,1010123456026,78,,1,2,11,1,1,,6.76667,150,162,0.060755,38,0,5.83333,,0,0,0,0,0,0,0,0,0,,144,144,,0,0,0,0
1613004658502,6,1010123456026,78,,1,2,11,1,1,,5.16986,418,89,0.138635,123,0,6,,0,0,0,0,0,0,0,0,0,,444,444,,0,0,0,0
1613004658752,6,1010123456026,78,,1,2,11,1,1,,9.60938,256,0,0.145896,75,0,7,,0,0,0,0,0,0,0,0,0,,228,228,,0,0,0,0
1613004659002,6,1010123456026,78,,1,2,11,1,1,,7.11429,280,0,0.118811,79,0,5.85714,,4.59091,66,0,0.1,19,84.2105,0,2.68867,31,,261,261,,0,0,0,8.65152
1613004659252,6,1010123456026,78,,1,2,11,1,1,,7.09195,261,158,0.109462,82,0,6.33333,,0,0,0,0,0,0,0,0,0,,252,252,,0,0,0,0
1613004659502,6,1010123456026,78,,1,2,11,1,1,,10.809,89,0,0.0544578,25,0,6.66667,,0,0,0,0,0,0,0,0,0,,78,78,,0,0,0,0
1613004659752,6,1010123456026,78,,1,2,11,1,1,,10.4279,208,0,0.119357,57,0,7.33333,,0.1,17,0,0.1,5,80,0,1.2625,31,,183,183,,0,0,0,8.41177
1613004660002,6,1010123456026,78,,1,2,11,1,1,,7.69022,184,0,0.0875823,57,0,6.57143,,0.1,7,0,0.1,2,0,0,1.91346,0,,162,162,,0,0,0,1.42857
1613004660252,6,1010123456026,78,,1,2,11,1,1,,9.43825,251,0,0.129671,67,0,6.83333,,0,0,0,0,0,0,0,0,0,,234,234,,0,0,0,0
1613004660502,6,1010123456026,78,,1,2,11,1,1,,8.30734,218,105,0.109976,67,0,6.33333,,0,0,0,0,0,0,0,0,0,,192,192,,0,0,0,0
1613004660752,6,1010123456026,78,,1,2,11,1,1,,10.1459,281,59,0.15849,75,0,7.16667,,0,0,0,0,0,0,0,0,0,,252,252,,0,0,0,0
1613004661002,6,1010123456026,78,,1,2,11,1,1,,8.18499,373,0,0.178313,108,0,6,,3.1,70,0,0.1,20,60,0,7.41983,31,,348,348,,0,0,0,6.24286
1613004661252,6,1010123456026,78,,1,2,11,1,1,,8.17949,273,102,0.131823,80,0,6.5,,0,0,0,0,0,0,0,0,0,,246,246,,0,0,0,0
1613004661502,6,1010123456026,78,,1,2,11,1,1,,9.20979,143,0,0.0815422,43,0,6.83333,,0,0,0,0,0,0,0,0,0,,123,123,,0,0,0,0
1613004661753,6,1010123456026,78,,1,2,11,1,1,,5.74551,334,566,0.126464,89,0,6.16667,,0,0,0,0,0,0,0,0,0,,390,390,,0,0,0,0
1613004662002,6,1010123456026,78,,1,2,11,1,1,,8.10648,216,0,0.108819,67,0,6.85714,,0.1,11,0,0.1,3,0,0,0.993654,31,,225,225,,0,0,0,4.18182
1613004662252,6,1010123456026,78,,1,2,11,1,1,,6.09487,390,0,0.15894,114,0,5.33333,,0,0,0,0,0,0,0,0,0,,444,444,,0,0,0,0
1613004662502,6,1010123456026,78,,1,2,11,1,1,,7.66116,242,0,0.0975743,63,0,6.16667,,0,0,0,0,0,0,0,0,0,,216,216,,0,0,0,0
1613004662752,6,1010123456026,78,,1,2,11,1,1,,5.56105,344,0,0.119068,97,0,5.16667,,0,0,0,0,0,0,0,0,0,,372,372,,0,0,0,0
1613004663002,6,1010123456026,78,,1,2,11,1,1,,6.64961,254,0,0.092498,76,0,5.71429,,0.1,10,0,0.1,3,0,0,1.41786,0,,240,240,,0,0,0,4
1613004663252,6,1010123456026,78,,1,2,11,1,1,,9.75122,205,0,0.114088,60,0,6.83333,,0,0,0,0,0,0,0,0,0,,192,192,,0,0,0,0
1613004663502,6,1010123456026,78,,1,2,11,1,1,,7.50917,218,0,0.0994056,65,0,5.66667,,0,0,0,0,0,0,0,0,0,,210,210,,0,0,0,0
1613004663752,6,1010123456026,78,,1,2,11,1,1,,7.93354,316,0,0.138185,88,0,6.66667,,0.1,11,0,0.1,3,0,0,0.793533,31,,282,282,,0,0,0,2.09091
1613004664002,6,1010123456026,78,,1,2,11,1,1,,10.355,169,95,0.103325,48,0,6.57143,,0,0,0,0,0,0,0,0,0,,159,159,,0,0,0,0
1613004664252,6,1010123456026,78,,1,2,11,1,1,,7.0216,463,0,0.199679,137,0,6.33333,,0,0,0,0,0,0,0,0,0,,435,435,,0,0,0,0
1613004664502,6,1010123456026,78,,1,2,11,1,1,,7.87346,324,0,0.148402,93,0,6.16667,,0,0,0,0,0,0,0,0,0,,306,306,,0,0,0,0
1613004664752,6,1010123456026,78,,1,2,11,1,1,,5.71803,305,89,0.102426,87,0,6,,0,0,0,0,0,0,0,0,0,,297,297,,0,0,0,0
1613004665002,6,1010123456026,78,,1,2,11,1,1,,5.83775,302,270,0.112803,89,0,5.71429,,7.18182,44,0,0.1,13,61.5385,0,8.99102,31,,312,312,,0,0,0,7.06818
1613004665252,6,1010123456026,78,,1,2,11,1,1,,9.50218,229,20,0.119807,66,0,7,,0,0,0,0,0,0,0,0,0,,201,201,,0,0,0,0
1613004665502,6,1010123456026,78,,1,2,11,1,1,,8.86885,183,0,0.0877108,51,0,6.33333,,0,0,0,0,0,0,0,0,0,,159,159,,0,0,0,0
1613004665752,6,1010123456026,78,,1,2,11,1,1,,9.64378,233,0,0.124562,65,0,6.83333,,0,9,0,0,3,100,0,0,0,,198,198,,0,0,0,0
1613004666002,6,1010123456026,78,,1,2,11,1,1,,6.34583,240,419,0.0915663,67,0,5.71429,,0,3,0,0,1,100,0,0,0,,249,249,,0,0,0,0
1613004666252,6,1010123456026,78,,1,2,11,1,1,,8.75949,237,0,0.12453,74,0,6.16667,,0,0,0,0,0,0,0,0,0,,228,228,,0,0,0,0
1613004666502,6,1010123456026,78,,1,2,11,1,1,,7.46499,357,0,0.149944,103,0,6,,0,0,0,0,0,0,0,0,0,,342,342,,0,0,0,0
1613004666752,6,1010123456026,78,,1,2,11,1,1,,8.6171,269,142,0.130763,73,0,7.5,,0,0,0,0,0,0,0,0,0,,246,246,,0,0,0,0
1613004667002,6,1010123456026,78,,1,2,11,1,1,,9.54299,221,158,0.124787,67,0,6.57143,,0.1,10,0,0.1,3,0,0,1.62948,31,,198,198,,0,0,0,1.8
1613004667252,6,1010123456026,78,,1,2,11,1,1,,8.98413,189,0,0.102522,53,0,6.5,,0,0,0,0,0,0,0,0,0,,177,177,,0,0,0,0
1613004667502,6,1010123456026,78,,1,2,11,1,1,,8.02917,240,0,0.117301,67,0,6.66667,,0,0,0,0,0,0,0,0,0,,231,231,,0,0,0,0
1613004667752,6,1010123456026,78,,1,2,11,1,1,,8.38591,298,0,0.155695,88,0,6.66667,,0,0,0,0,0,0,0,0,0,,288,288,,0,0,0,0
1613004668002,6,1010123456026,78,,1,2,11,1,1,,10.5707,184,0,0.113157,52,0,7.28571,,0.1,28,0,0.1,8,50,0,5.72727,31,,162,162,,0,0,0,5.5
1613004668252,6,1010123456026,78,,1,2,11,1,1,,9.87983,233,0,0.135197,67,0,6.16667,,0,0,0,0,0,0,0,0,0,,213,213,,0,0,0,0
1613004668502,6,1010123456026,78,,1,2,11,1,1,,8.24183,153,0,0.071004,44,0,6.83333,,0,0,0,0,0,0,0,0,0,,132,132,,0,0,0,0
1613004668752,6,1010123456026,78,,1,2,11,1,1,,7.37918,269,99,0.100112,73,0,6.33333,,0.1,14,0,0.1,4,25,0,1.37364,31,,237,237,,0,0,0,3.35714
1613004669002,6,1010123456026,78,,1,2,11,1,1,,8.99206,252,0,0.140659,75,0,6.57143,,0,0,0,0,0,0,0,0,0,,231,231,,0,0,0,0
1613004669252,6,1010123456026,78,,1,2,11,1,1,,9.01383,217,0,0.111647,61,0,6.83333,,0,0,0,0,0,0,0,0,0,,195,195,,0,0,0,0
1613004669502,6,1010123456026,78,,1,2,11,1,1,,7.5545,211,0,0.0858474,59,0,6.33333,,0,0,0,0,0,0,0,0,0,,192,192,,0,0,0,0
1613004669752,6,1010123456026,78,,1,2,11,1,1,,10.184,250,89,0.145639,70,0,7.16667,,0,0,0,0,0,0,0,0,0,,216,216,,0,0,0,0
1613004670002,6,1010123456026,78,,1,2,11,1,1,,9.12658,316,0,0.168739,94,0,6.28571,,9.05263,19,0,0.1,6,66.6667,0,11.7023,31,,276,276,,0,0,0,6.68421
1613004670252,6,1010123456026,78,,1,2,11,1,1,,7.41404,285,0,0.121703,83,0,5.66667,,0,0,0,0,0,0,0,0,0,,279,279,,0,0,0,0
1613004670502,6,1010123456026,78,,1,2,11,1,1,,9.96234,239,0,0.135743,69,0,6.83333,,0,0,0,0,0,0,0,0,0,,210,210,,0,0,0,0
1613004670752,6,1010123456026,78,,1,2,11,1,1,,8.56287,334,10,0.148627,92,0,6.5,,0.1,11,0,0.1,3,0,0,1.58668,31,,297,297,,0,0,0,2.81818
1613004671002,6,1010123456026,78,,1,2,11,1,1,,5.7907,258,52,0.107438,81,0,6,,0,0,0,0,0,0,0,0,0,,255,255,,0,0,0,0
1613004671252,6,1010123456026,78,,1,2,11,1,1,,8.9125,240,0,0.120321,67,0,6.5,,0,0,0,0,0,0,0,0,0,,213,213,,0,0,0,0
1613004671502,6,1010123456026,78,,1,2,11,1,1,,6.00217,460,0,0.168675,130,0,5.66667,,0,0,0,0,0,0,0,0,0,,480,480,,0,0,0,0
1613004671752,6,1010123456026,78,,1,2,11,1,1,,5.77813,311,0,0.123502,95,0,6,,0.1,10,0,0.1,3,0,0,1.66691,31,,282,282,,0,0,0,2.2
1613004672002,6,1010123456026,78,,1,2,11,1,1,,8.61864,236,0,0.115245,68,0,6.42857,,0,0,0,0,0,0,0,0,0,,216,216,,0,0,0,0
1613004672252,6,1010123456026,78,,1,2,11,1,1,,9.82609,207,0,0.119197,59,0,7.16667,,0,0,0,0,0,0,0,0,0,,180,180,,0,0,0,0
1613004672502,6,1010123456026,78,,1,2,11,1,1,,9.68182,242,0,0.126747,67,0,6.83333,,0,0,0,0,0,0,0,0,0,,207,207,,0,0,0,0
1613004672752,6,1010123456026,78,,1,2,11,1,1,,7.81953,338,0,0.152096,99,0,6.16667,,0,0,0,0,0,0,0,0,0,,303,303,,0,0,0,0
1613004673002,6,1010123456026,78,,1,2,11,1,1,,6.71717,297,0,0.111775,85,0,5.57143,,0.1,17,0,0.1,5,0,0,7.52829,31,,288,288,,0,0,0,1.35294
1613004673252,6,1010123456026,78,,1,2,11,1,1,,5.78142,183,0,0.0512771,46,0,6,,0,0,0,0,0,0,0,0,0,,174,174,,0,0,0,0
1613004673502,6,1010123456026,78,,1,2,11,1,1,,9.93628,204,0,0.124948,64,0,7,,0,0,0,0,0,0,0,0,0,,177,177,,0,0,0,0
1613004673752,6,1010123456026,78,,1,2,11,1,1,,9.57895,190,145,0.0928835,50,0,7.66667,,0,0,0,0,0,0,0,0,0,,162,162,,0,0,0,0
1613004674002,6,1010123456026,78,,1,2,11,1,1,,10.7297,222,0,0.150747,68,0,7.16667,,8.24324,37,0,0.1,11,72.7273,0,4.42257,31,,201,201,,0,0,0,7.43243
1613004674252,6,1010123456026,78,,1,2,11,1,1,,9.45486,288,0,0.167518,83,0,6.66667,,0,0,0,0,0,0,0,0,0,,270,270,,0,0,0,0
1613004674502,6,1010123456026,78,,1,2,11,1,1,,8.68144,361,0,0.169574,100,0,6.33333,,0,0,0,0,0,0,0,0,0,,318,318,,0,0,0,0
1613004674752,6,1010123456026,78,,1,2,11,1,1,,9.33577,137,105,0.0656707,37,0,6,,0,0,0,0,0,0,0,0,0,,120,120,,0,0,0,0
1613004675002,6,1010123456026,78,,1,2,11,1,1,,8.80932,236,0,0.131052,74,0,6.57143,,7.025,40,0,0.1,11,45.4545,0,11.9865,31,,225,225,,0,0,0,5.125
1613004675252,6,1010123456026,78,,1,2,11,1,1,,8.88168,262,0,0.136353,75,0,6.66667,,0,0,0,0,0,0,0,0,0,,237,237,,0,0,0,0
1613004675502,6,1010123456026,78,,1,2,11,1,1,,7.91393,244,0,0.110265,70,0,6,,0,0,0,0,0,0,0,0,0,,225,225,,0,0,0,0
1613004675752,6,1010123456026,78,,1,2,11,1,1,,10.1536,280,0,0.161253,76,0,7.16667,,0,0,0,0,0,0,0,0,0,,246,246,,0,0,0,0
1613004676002,6,1010123456026,78,,1,2,11,1,1,,8.17453,212,0,0.109815,65,0,6.71429,,7.30435,23,0,0.1,7,57.1429,0,3.21049,31,,204,204,,0,0,0,6.78261
1613004676252,6,1010123456026,78,,1,2,11,1,1,,8.81548,336,54,0.160257,90,0,6.16667,,0,0,0,0,0,0,0,0,0,,303,303,,0,0,0,0
1613004676502,6,1010123456026,78,,1,2,11,1,1,,10.1152,243,161,0.128578,71,0,7,,0,0,0,0,0,0,0,0,0,,213,213,,0,0,0,0
1613004676752,6,1010123456026,78,,1,2,11,1,1,,6.40851,235,0,0.0948434,67,0,5.83333,,0,0,0,0,0,0,0,0,0,,210,210,,0,0,0,0
1613004677002,6,1010123456026,78,,1,2,11,1,1,,9.44776,201,0,0.118843,59,0,7.85714,,0.1,11,0,0.1,3,0,0,1.44699,31,,177,177,,0,0,0,1.27273
1613004677252,6,1010123456026,78,,1,2,11,1,1,,6.69963,273,0,0.111197,78,0,6.83333,,0,0,0,0,0,0,0,0,0,,255,255,,0,0,0,0
1613004677502,6,1010123456026,78,,1,2,11,1,1,,10.1591,176,217,0.104096,49,0,8,,0,0,0,0,0,0,0,0,0,,162,162,,0,0,0,0
1613004677752,6,1010123456026,78,,1,2,11,1,1,,9.90574,244,0,0.14988,72,0,6.83333,,0,0,0,0,0,0,0,0,0,,228,228,,0,0,0,0
1613004678002,6,1010123456026,78,,1,2,11,1,1,,7.45788,273,0,0.126651,82,0,7.57143,,15.2727,88,0,0.1,28,85.7143,0,5.21763,31,,249,249,,0,0,0,8.46591
1613004678252,6,1010123456026,78,,1,2,11,1,1,,6.63407,317,0,0.127807,92,0,5.33333,,0,0,0,0,0,0,0,0,0,,330,330,,0,0,0,0
1613004678502,6,1010123456026,78,,1,2,11,1,1,,6.33956,321,0,0.125655,91,0,5.83333,,0,0,0,0,0,0,0,0,0,,318,318,,0,0,0,0
1613004678752,6,1010123456026,78,,1,2,11,1,1,,7.2416,476,78,0.191711,133,0,5.83333,,0,0,0,0,0,0,0,0,0,,462,462,,0,0,0,0
1613004679002,6,1010123456026,78,,1,2,11,1,1,,8.3434,265,113,0.131116,80,0,6.71429,,0.1,15,0,0.1,4,0,0,9.30446,31,,243,243,,0,0,0,1.26667
1613004679252,6,1010123456026,78,,1,2,11,1,1,,6.33828,337,0,0.128964,98,0,5.5,,0,0,0,0,0,0,0,0,0,,324,324,,0,0,0,0
1613004679502,6,1010123456026,78,,1,2,11,1,1,,6.41429,420,178,0.15894,113,0,5.33333,,0,0,0,0,0,0,0,0,0,,378,378,,0,0,0,0
1613004679752,6,1010123456026,78,,1,2,11,1,1,,7.36496,274,0,0.124755,86,0,6.5,,0,0,0,0,0,0,0,0,0,,258,258,,0,0,0,0
1613004680002,6,1010123456026,78,,1,2,11,1,1,,8.86557,305,0,0.162924,88,0,6.28571,,15,14,0,0,4,100,0,1.94437,0,,294,294,,0,0,0,10
1613004680252,6,1010123456026,78,,1,2,11,1,1,,8.16721,305,151,0.148273,88,0,5.66667,,0,0,0,0,0,0,0,0,0,,297,297,,0,0,0,0
1613004680502,6,1010123456026,78,,1,2,11,1,1,,6.21083,351,0,0.129349,101,0,6,,0,0,0,0,0,0,0,0,0,,333,333,,0,0,0,0
1613004680752,6,1010123456026,78,,1,2,11,1,1,,8.04898,245,0,0.110201,70,0,6.5,,0,0,0,0,0,0,0,0,0,,219,219,,0,0,0,0
1613004681002,6,1010123456026,78,,1,2,11,1,1,,9.73636,220,0,0.113542,57,0,7.42857,,0.1,21,0,0.1,6,50,0,1.40319,31,,201,201,,0,0,0,5.57143
1613004681252,6,1010123456026,78,,1,2,11,1,1,,5.29184,466,0,0.151165,135,0,5.33333,,0,0,0,0,0,0,0,0,0,,456,456,,0,0,0,0
1613004681502,6,1010123456026,78,,1,2,11,1,1,,7.50187,267,0,0.113221,77,0,6,,0,0,0,0,0,0,0,0,0,,246,246,,0,0,0,0
1613004681752,6,1010123456026,78,,1,2,11,1,1,,7.43518,324,0,0.145317,96,0,6.33333,,0.1,15,0,0.1,4,25,0,1.11294,31,,303,303,,0,0,0,5.13333
1613004682002,6,1010123456026,78,,1,2,11,1,1,,9.51049,143,0,0.0705221,39,0,7,,0,0,0,0,0,0,0,0,0,,123,123,,0,0,0,0
1613004682252,6,1010123456026,78,,1,2,11,1,1,,7.49462,279,0,0.126908,78,0,6.16667,,0,0,0,0,0,0,0,0,0,,270,270,,0,0,0,0
1613004682502,6,1010123456026,78,,1,2,11,1,1,,9.96407,167,0,0.102651,51,0,7,,0,0,0,0,0,0,0,0,0,,147,147,,0,0,0,0
1613004682752,6,1010123456026,78,,1,2,11,1,1,,9.07197,264,0,0.141269,73,0,6.66667,,0.1,18,0,0.1,5,40,0,2.08117,31,,246,246,,0,0,0,4.66667
1613004683002,6,1010123456026,78,,1,2,11,1,1,,8.08451,142,0,0.0664096,41,0,6,,0,0,0,0,0,0,0,0,0,,132,132,,0,0,0,0
1613004683252,6,1010123456026,78,,1,2,11,1,1,,6.42965,398,0,0.146024,114,0,5.66667,,0,0,0,0,0,0,0,0,0,,372,372,,0,0,0,0
1613004683502,6,1010123456026,78,,1,2,11,1,1,,9.18905,201,0,0.10596,58,0,6.83333,,0,0,0,0,0,0,0,0,0,,174,174,,0,0,0,0
1613004683752,6,1010123456026,78,,1,2,11,1,1,,7.5941,271,0,0.120643,79,0,6,,0,0,0,0,0,0,0,0,0,,252,252,,0,0,0,0
1613004684002,6,1010123456026,78,,1,2,11,1,1,,9.61207,232,0,0.129028,69,0,6.71429,,6.43333,60,0,0.1,18,44.4444,0,6.72453,31,,201,201,,0,0,0,5.11667
1613004684252,6,1010123456026,78,,1,2,11,1,1,,10.0145,207,130,0.114827,53,0,7.16667,,0,0,0,0,0,0,0,0,0,,189,189,,0,0,0,0
1613004684502,6,1010123456026,78,,1,2,11,1,1,,8.68628,204,0,0.103261,64,0,6.83333,,0,0,0,0,0,0,0,0,0,,177,177,,0,0,0,0
1613004684752,6,1010123456026,78,,1,2,11,1,1,,10.3892,167,0,0.0971566,48,0,7,,0,0,0,0,0,0,0,0,0,,144,144,,0,0,0,0
1613004685002,6,1010123456026,78,,1,2,11,1,1,,9.71975,157,0,0.0816064,44,0,6.57143,,0,12,0,0,4,100,0,0,0,,138,138,,0,0,0,0
1613004685252,6,1010123456026,78,,1,2,11,1,1,,9.51152,217,0,0.133847,63,0,7.16667,,0.1,7,0,0.1,2,0,0,2.17398,31,,204,204,,0,0,0,1.42857
1613004685502,6,1010123456026,78,,1,2,11,1,1,,8.7647,289,89,0.148016,82,0,6.33333,,0,0,0,0,0,0,0,0,0,,273,273,,0,0,0,0
1613004685752,6,1010123456026,78,,1,2,11,1,1,,7.96933,326,0,0.137703,90,0,6.33333,,0.1,11,0,0.1,3,0,0,2.01064,31,,288,288,,0,0,0,1.36364
1613004686002,6,1010123456026,78,,1,2,11,1,1,,5.44784,393,0,0.146827,118,0,5.28571,,0,0,0,0,0,0,0,0,0,,468,468,,0,0,0,0
1613004686252,6,1010123456026,78,,1,2,11,1,1,,8.53556,239,0,0.120386,68,0,6.33333,,0,0,0,0,0,0,0,0,0,,219,219,,0,0,0,0
1613004686502,6,1010123456026,78,,1,2,11,1,1,,9.57143,196,0,0.100145,54,0,6.83333,,0,0,0,0,0,0,0,0,0,,168,168,,0,0,0,0
1613004686752,6,1010123456026,78,,1,2,11,1,1,,10.8734,229,0,0.153221,65,0,7.33333,,0,0,0,0,0,0,0,0,0,,213,213,,0,0,0,0
1613004687002,6,1010123456026,78,,1,2,11,1,1,,9.39506,243,0,0.130249,69,0,6.57143,,6.26087,23,0,0.1,7,57.1429,0,10.5385,31,,213,213,,0,0,0,5.69565
1613004687252,6,1010123456026,78,,1,2,11,1,1,,9.72283,184,0,0.103486,53,0,6.5,,0,0,0,0,0,0,0,0,0,,165,165,,0,0,0,0
1613004687502,6,1010123456026,78,,1,2,11,1,1,,9.09329,343,0,0.178474,99,0,6.6,,0,0,0,0,0,0,0,0,0,,300,300,,0,0,0,0
1613004687752,6,1010123456026,78,,1,2,11,1,1,,9.11811,254,0,0.118618,67,0,6.83333,,0,0,0,0,0,0,0,0,0,,219,219,,0,0,0,0
1613004688002,6,1010123456026,78,,1,2,11,1,1,,8.6,175,269,0.0959679,56,0,6.57143,,6.48889,45,0,0.1,13,30.7692,0,8.71271,31,,165,165,,0,0,0,4.44444
1613004688252,6,1010123456026,78,,1,2,11,1,1,,9.75934,241,0,0.135422,68,0,7,,0,0,0,0,0,0,0,0,0,,207,207,,0,0,0,0
1613004688502,6,1010123456026,78,,1,2,11,1,1,,9.37078,267,0,0.140819,76,0,6.83333,,0,0,0,0,0,0,0,0,0,,237,237,,0,0,0,0
1613004688752,6,1010123456026,78,,1,2,11,1,1,,6.44737,228,0,0.0944257,68,0,6.16667,,0,0,0,0,0,0,0,0,0,,210,210,,0,0,0,0
1613004689002,6,1010123456026,78,,1,2,11,1,1,,7.39661,295,0,0.115759,77,0,6.42857,,0.1,13,0,0.1,4,0,0,9.82307,31,,273,273,,0,0,0,1
1613004689252,6,1010123456026,78,,1,2,11,1,1,,10.6792,212,158,0.13298,61,0,7.33333,,0,0,0,0,0,0,0,0,0,,192,192,,0,0,0,0
1613004689502,6,1010123456026,78,,1,2,11,1,1,,5.86506,415,60,0.155406,124,0,5.33333,,0,0,0,0,0,0,0,0,0,,381,381,,0,0,0,0
1613004689752,6,1010123456026,78,,1,2,11,1,1,,8.38912,239,0,0.114763,70,0,6.66667,,0,0,0,0,0,0,0,0,0,,216,216,,0,0,0,0
1613004690002,6,1010123456026,78,,1,2,11,1,1,,9.72549,255,0,0.135165,71,0,6.85714,,6.23684,38,0,0.1,11,72.7273,0,5.44545,31,,225,225,,0,0,0,7.63158
1613004690252,6,1010123456026,78,,1,2,11,1,1,,8.30973,226,20,0.109655,65,0,6.66667,,0,0,0,0,0,0,0,0,0,,198,198,,0,0,0,0
1613004690502,6,1010123456026,78,,1,2,11,1,1,,8.09886,263,0,0.126683,79,0,6.33333,,0,0,0,0,0,0,0,0,0,,243,243,,0,0,0,0
1613004690752,6,1010123456026,78,,1,2,11,1,1,,6.17012,241,145,0.083759,64,0,6.16667,,0,0,0,0,0,0,0,0,0,,222,222,,0,0,0,0
1613004691002,6,1010123456026,78,,1,2,11,1,1,,7.66667,294,0,0.121767,84,0,6.42857,,0,12,0,0,4,100,0,0,0,,258,258,,0,0,0,0
1613004691252,6,1010123456026,78,,1,2,11,1,1,,9.71923,260,0,0.157462,77,0,8.2,,0,0,0,0,0,0,0,0,0,,231,231,,0,0,0,0
1613004691502,6,1010123456026,78,,1,2,11,1,1,,10.1557,212,155,0.116916,57,0,7,,0,0,0,0,0,0,0,0,0,,189,189,,0,0,0,0
1613004691752,6,1010123456026,78,,1,2,11,1,1,,5.77557,352,158,0.141462,104,0,5.83333,,0,0,0,0,0,0,0,0,0,,393,393,,0,0,0,0
1613004692002,6,1010123456026,78,,1,2,11,1,1,,5.77808,365,0,0.145863,112,0,5.14286,,6.51724,29,0,0.1,9,44.4444,0,11.8403,31,,411,411,,0,0,0,5.75862
1613004692252,6,1010123456026,78,,1,2,11,1,1,,5.36538,364,0,0.134876,105,0,5.33333,,0,0,0,0,0,0,0,0,0,,492,492,,0,0,0,0
1613004692502,6,1010123456026,78,,1,2,11,1,1,,6.30488,246,53,0.0904096,62,0,5.66667,,0,0,0,0,0,0,0,0,0,,228,228,,0,0,0,0
1613004692752,6,1010123456026,78,,1,2,11,1,1,,5.30512,508,190,0.153928,148,0,5.66667,,0,0,0,0,0,0,0,0,0,,495,495,,0,0,0,0
1613004693002,6,1010123456026,78,,1,2,11,1,1,,8.11074,298,0,0.163598,93,0,6.42857,,2.125,48,0,0.1,14,35.7143,0,6.11542,31,,303,303,,0,0,0,5.625
1613004693252,6,1010123456026,78,,1,2,11,1,1,,8.48235,255,0,0.136289,73,0,6.5,,0,0,0,0,0,0,0,0,0,,255,255,,0,0,0,0
1613004693502,6,1010123456026,78,,1,2,11,1,1,,8.80714,280,0,0.137542,77,0,6.16667,,0,0,0,0,0,0,0,0,0,,258,258,,0,0,0,0
1613004693752,6,1010123456026,78,,1,2,11,1,1,,9.70732,246,0,0.144418,73,0,7,,0,0,0,0,0,0,0,0,0,,219,219,,0,0,0,0
1613004694002,6,1010123456026,78,,1,2,11,1,1,,10.1457,199,158,0.113382,55,0,6.71429,,6.81818,33,0,0.1,10,40,0,9.79775,31,,183,183,,0,0,0,5.27273
1613004694253,6,1010123456026,78,,1,2,11,1,1,,6.54359,390,0,0.171296,115,0,5,,0,0,0,0,0,0,0,0,0,,399,399,,0,0,0,0
1613004694502,6,1010123456026,78,,1,2,11,1,1,,6.55208,192,30,0.0727711,54,0,6.5,,0,0,0,0,0,0,0,0,0,,171,171,,0,0,0,0
1613004694752,6,1010123456026,78,,1,2,11,1,1,,9.20213,188,0,0.107631,54,0,6.5,,0,0,0,0,0,0,0,0,0,,171,171,,0,0,0,0
1613004695002,6,1010123456026,78,,1,2,11,1,1,,9.81212,165,0,0.091502,45,0,6.85714,,0.1,10,0,0.1,3,0,0,1.37963,31,,153,153,,0,0,0,1.7
1613004695252,6,1010123456026,78,,1,2,11,1,1,,9.72956,159,0,0.0973494,49,0,6.66667,,0,0,0,0,0,0,0,0,0,,156,156,,0,0,0,0
1613004695502,6,1010123456026,78,,1,2,11,1,1,,7.06583,319,0,0.122281,87,0,5.83333,,0,0,0,0,0,0,0,0,0,,288,288,,0,0,0,0
1613004695752,6,1010123456026,78,,1,2,11,1,1,,10.0106,188,0,0.11351,57,0,7.16667,,0,0,0,0,0,0,0,0,0,,165,165,,0,0,0,0
1613004696002,6,1010123456026,78,,1,2,11,1,1,,7.31068,309,30,0.14053,82,0,6.57143,,0.1,11,0,0.1,3,0,0,1.64723,31,,327,327,,0,0,0,1.36364
1613004696252,6,1010123456026,78,,1,2,11,1,1,,9.02222,270,158,0.143871,82,0,6.83333,,0,0,0,0,0,0,0,0,0,,255,255,,0,0,0,0
1613004696502,6,1010123456026,78,,1,2,11,1,1,,9.20312,192,0,0.106635,56,0,6.5,,0,0,0,0,0,0,0,0,0,,171,171,,0,0,0,0
1613004696752,6,1010123456026,78,,1,2,11,1,1,,7.44974,378,0,0.173269,111,0,6.33333,,0,0,0,0,0,0,0,0,0,,369,369,,0,0,0,0
1613004697002,6,1010123456026,78,,1,2,11,1,1,,8.93162,234,89,0.120161,66,0,6.85714,,0.1,26,0,0.1,7,57.1429,0,0.509405,31,,237,237,,0,0,0,7.19231
1613004697252,6,1010123456026,78,,1,2,11,1,1,,10.1384,224,0,0.129285,62,0,7.5,,0,0,0,0,0,0,0,0,0,,195,195,,0,0,0,0
1613004697502,6,1010123456026,78,,1,2,11,1,1,,8.35799,338,20,0.153189,94,0,6.33333,,0,0,0,0,0,0,0,0,0,,306,306,,0,0,0,0
1613004697752,6,1010123456026,78,,1,2,11,1,1,,8.22995,187,0,0.0931406,56,0,6.66667,,0.1,14,0,0.1,4,50,0,1.52945,31,,159,159,,0,0,0,4.85714
1613004698002,6,1010123456026,78,,1,2,11,1,1,,11.18,200,0,0.134265,58,0,7.42857,,7.09091,22,0,0.1,7,71.4286,0,9.30846,31,,180,180,,0,0,0,7.13636
1613004698252,6,1010123456026,78,,1,2,11,1,1,,9.5988,167,52,0.0919518,49,0,6.83333,,0,0,0,0,0,0,0,0,0,,147,147,,0,0,0,0
1613004698502,6,1010123456026,78,,1,2,11,1,1,,7.28324,346,0,0.145446,102,0,5.83333,,0,0,0,0,0,0,0,0,0,,312,312,,0,0,0,0
1613004698752,6,1010123456026,78,,1,2,11,1,1,,7.51948,231,0,0.0999839,66,0,5.83333,,0,0,0,0,0,0,0,0,0,,228,228,,0,0,0,0
1613004699002,6,1010123456026,78,,1,2,11,1,1,,7.38554,249,0,0.105992,73,0,6.57143,,15,15,0,0,4,100,0,2.36606,0,,231,231,,0,0,0,10
1613004699252,6,1010123456026,78,,1,2,11,1,1,,9.36471,85,0,0.0431807,24,0,6.66667,,0,0,0,0,0,0,0,0,0,,72,72,,0,0,0,0
1613004699502,6,1010123456026,78,,1,2,11,1,1,,8.77056,231,0,0.114378,67,0,6.5,,0,0,0,0,0,0,0,0,0,,204,204,,0,0,0,0
1613004699752,6,1010123456026,78,,1,2,11,1,1,,8.20188,213,0,0.0968353,60,0,6,,0,0,0,0,0,0,0,0,0,,198,198,,0,0,0,0
1613004700002,6,1010123456026,78,,1,2,11,1,1,,5.75758,330,102,0.111261,90,0,6,,3.38,50,0,0.1,15,60,0,2.70421,31,,393,393,,0,0,0,6.52
1613004700252,6,1010123456026,78,,1,2,11,1,1,,10.8308,195,0,0.137896,63,0,7.5,,0,0,0,0,0,0,0,0,0,,171,171,,0,0,0,0
1613004700502,6,1010123456026,78,,1,2,11,1,1,,7.61749,366,105,0.155823,102,0,6.33333,,0,0,0,0,0,0,0,0,0,,357,357,,0,0,0,0
1613004700752,6,1010123456026,78,,1,2,11,1,1,,6.40752,346,0,0.134008,103,0,6,,0.1,10,0,0.1,3,0,0,1.28899,31,,315,315,,0,0,0,1.7
1613004701002,6,1010123456026,78,,1,2,11,1,1,,8.42598,331,69,0.157076,87,0,6.42857,,0,0,0,0,0,0,0,0,0,,315,315,,0,0,0,0
1613004701252,6,1010123456026,78,,1,2,11,1,1,,8.44118,170,122,0.0884498,55,0,5.83333,,0,0,0,0,0,0,0,0,0,,162,162,,0,0,0,0
1613004701502,6,1010123456026,78,,1,2,11,1,1,,7.29386,228,0,0.0968032,65,0,7,,0,0,0,0,0,0,0,0,0,,225,225,,0,0,0,0
1613004701752,6,1010123456026,78,,1,2,11,1,1,,8.66822,214,0,0.101237,60,0,6.5,,0,0,0,0,0,0,0,0,0,,192,192,,0,0,0,0
1613004702002,6,1010123456026,78,,1,2,11,1,1,,7.49322,369,0,0.155213,105,0,6,,0.1,15,0,0.1,4,25,0,1.06052,31,,339,339,,0,0,0,4.4
1613004702252,6,1010123456026,78,,1,2,11,1,1,,9.33969,262,112,0.137414,73,0,6.83333,,0,0,0,0,0,0,0,0,0,,240,240,,0,0,0,0
1613004702502,6,1010123456026,78,,1,2,11,1,1,,8.09325,311,0,0.160289,90,0,6.16667,,0,0,0,0,0,0,0,0,0,,303,303,,0,0,0,0
1613004702752,6,1010123456026,78,,1,2,11,1,1,,10.7339,109,0,0.0747309,35,0,7.83333,,0,0,0,0,0,0,0,0,0,,96,96,,0,0,0,0
1613004703002,6,1010123456026,78,,1,2,11,1,1,,9.67939,131,0,0.0789076,42,0,7.14286,,0.1,15,0,0.1,4,0,0,9.80805,31,,123,123,,0,0,0,1.26667
1613004703252,6,1010123456026,78,,1,2,11,1,1,,9.49048,210,0,0.113799,61,0,6.5,,0,0,0,0,0,0,0,0,0,,186,186,,0,0,0,0
1613004703502,6,1010123456026,78,,1,2,11,1,1,,7.44525,274,0,0.11139,75,0,6.5,,0,0,0,0,0,0,0,0,0,,243,243,,0,0,0,0
1613004703752,6,1010123456026,78,,1,2,11,1,1,,6.99099,333,0,0.149173,98,0,6.33333,,0,0,0,0,0,0,0,0,0,,318,318,,0,0,0,0
1613004704002,6,1010123456026,78,,1,2,11,1,1,,7.39847,261,0,0.110972,76,0,5.71429,,15,13,0,0,4,100,0,1.48015,0,,240,240,,0,0,0,10
1613004704252,6,1010123456026,78,,1,2,11,1,1,,9.19879,332,93,0.179438,93,0,6.66667,,0,0,0,0,0,0,0,0,0,,309,309,,0,0,0,0
1613004704502,6,1010123456026,78,,1,2,11,1,1,,7.43165,278,0,0.126876,82,0,6.5,,0,0,0,0,0,0,0,0,0,,258,258,,0,0,0,0
1613004704752,6,1010123456026,78,,1,2,11,1,1,,8.8908,174,0,0.0873574,49,0,6.66667,,0,0,0,0,0,0,0,0,0,,165,165,,0,0,0,0
1613004705002,6,1010123456026,78,,1,2,11,1,1,,10.08,175,93,0.0980241,48,0,6.14286,,0.1,26,0,0.1,7,57.1429,0,0.613414,31,,156,156,,0,0,0,6.84615
1613004705252,6,1010123456026,78,,1,2,11,1,1,,7.88372,301,304,0.126972,81,0,6.33333,,0,0,0,0,0,0,0,0,0,,267,267,,0,0,0,0
1613004705502,6,1010123456026,78,,1,2,11,1,1,,7.11074,298,20,0.122602,91,0,6,,0,0,0,0,0,0,0,0,0,,282,282,,0,0,0,0
1613004705752,6,1010123456026,78,,1,2,11,1,1,,8.66343,309,0,0.162442,88,0,6.5,,0.1,11,0,0.1,3,0,0,1.5812,31,,300,300,,0,0,0,1.72727
1613004706002,6,1010123456026,78,,1,2,11,1,1,,10.0795,151,0,0.091759,47,0,6.85714,,0,0,0,0,0,0,0,0,0,,132,132,,0,0,0,0
1613004706252,6,1010123456026,78,,1,2,11,1,1,,7.77211,294,0,0.132337,84,0,6.16667,,0,0,0,0,0,0,0,0,0,,270,270,,0,0,0,0
1613004706502,6,1010123456026,78,,1,2,11,1,1,,9.84536,291,140,0.17253,83,0,6.33333,,0,0,0,0,0,0,0,0,0,,270,270,,0,0,0,0
1613004706752,6,1010123456026,78,,1,2,11,1,1,,7.82847,274,0,0.131566,79,0,7.33333,,0,0,0,0,0,0,0,0,0,,264,264,,0,0,0,0
1613004707002,6,1010123456026,78,,1,2,11,1,1,,10.4333,210,0,0.124209,61,0,7.14286,,0.1,42,0,0.1,12,75,0,0.479763,31,,183,183,,0,0,0,8.38095
1613004707252,6,1010123456026,78,,1,2,11,1,1,,8.99163,239,30,0.114056,66,0,6.66667,,0,0,0,0,0,0,0,0,0,,207,207,,0,0,0,0
1613004707503,6,1010123456026,78,,1,2,11,1,1,,8.13636,198,9,0.087968,54,0,6.2,,0,0,0,0,0,0,0,0,0,,171,171,,0,0,0,0
1613004707752,6,1010123456026,78,,1,2,11,1,1,,7.90182,275,0,0.132273,84,0,6.66667,,0.1,10,0,0.1,3,0,0,1.69773,31,,237,237,,0,0,0,1.8
1613004708002,6,1010123456026,78,,1,2,11,1,1,,9.81212,165,0,0.0970281,48,0,6.71429,,0,0,0,0,0,0,0,0,0,,150,150,,0,0,0,0
1613004708252,6,1010123456026,78,,1,2,11,1,1,,10.3016,189,0,0.10808,53,0,7,,0,0,0,0,0,0,0,0,0,,162,162,,0,0,0,0
1613004708502,6,1010123456026,78,,1,2,11,1,1,,10.5771,201,99,0.13012,57,0,7,,0,0,0,0,0,0,0,0,0,,180,180,,0,0,0,0
1613004708752,6,1010123456026,78,,1,2,11,1,1,,9.16176,136,0,0.0709398,41,0,6.66667,,0,0,0,0,0,0,0,0,0,,120,120,,0,0,0,0
1613004709002,6,1010123456026,78,,1,2,11,1,1,,8.20445,225,0,0.0976707,59,0,6.71429,,0.1,11,0,0.1,3,0,0,2.16139,31,,204,204,,0,0,0,1.81818
1613004709252,6,1010123456026,78,,1,2,11,1,1,,8.48133,241,0,0.117044,75,0,6,,0,0,0,0,0,0,0,0,0,,210,210,,0,0,0,0
1613004709502,6,1010123456026,78,,1,2,11,1,1,,7.93239,355,0,0.163438,101,0,6.33333,,0,0,0,0,0,0,0,0,0,,330,330,,0,0,0,0
1613004709752,6,1010123456026,78,,1,2,11,1,1,,7.69784,278,0,0.123598,80,0,6.33333,,0,0,0,0,0,0,0,0,0,,264,264,,0,0,0,0
1613004710002,6,1010123456026,78,,1,2,11,1,1,,10.5764,229,0,0.139566,64,0,7.42857,,0,11,0,0.1,4,0,0,0,31,,201,201,,0,0,0,0
1613004710252,6,1010123456026,78,,1,2,11,1,1,,7.97101,345,16,0.16257,97,0,5.66667,,0,0,0,0,0,0,0,0,0,,339,339,,0,0,0,0
1613004710502,6,1010123456026,78,,1,2,11,1,1,,8.70874,206,0,0.106988,65,0,7,,0,0,0,0,0,0,0,0,0,,174,174,,0,0,0,0
1613004710752,6,1010123456026,78,,1,2,11,1,1,,9.96311,244,0,0.129799,65,0,6.83333,,15,10,0,0,3,100,0,2.5263,0,,216,216,,0,0,0,10
1613004711002,6,1010123456026,78,,1,2,11,1,1,,10.2097,186,0,0.113221,55,0,7,,0,3,0,0,1,100,0,0,0,,162,162,,0,0,0,0
1613004711252,6,1010123456026,78,,1,2,11,1,1,,8.9375,272,0,0.12906,73,0,6.5,,0,0,0,0,0,0,0,0,0,,237,237,,0,0,0,0
1613004711502,6,1010123456026,78,,1,2,11,1,1,,7.83582,268,0,0.139245,86,0,6,,0,0,0,0,0,0,0,0,0,,255,255,,0,0,0,0
1613004711752,6,1010123456026,78,,1,2,11,1,1,,8.59075,281,20,0.131855,78,0,6.5,,0,0,0,0,0,0,0,0,0,,255,255,,0,0,0,0
1613004712003,6,1010123456026,78,,1,2,11,1,1,,6.77305,282,87,0.11584,83,0,6.14286,,0.1,10,0,0.1,3,0,0,1.50477,31,,276,276,,0,0,0,3.2
1613004712252,6,1010123456026,78,,1,2,11,1,1,,7.97951,244,216,0.125944,71,0,6,,0,0,0,0,0,0,0,0,0,,243,243,,0,0,0,0
1613004712502,6,1010123456026,78,,1,2,11,1,1,,5.50816,429,0,0.146056,124,0,5.16667,,0,0,0,0,0,0,0,0,0,,414,414,,0,0,0,0
1613004712752,6,1010123456026,78,,1,2,11,1,1,,9.69595,148,0,0.0782008,41,0,7,,0,0,0,0,0,0,0,0,0,,129,129,,0,0,0,0
1613004713002,6,1010123456026,78,,1,2,11,1,1,,5.68601,293,183,0.108627,78,0,6.14286,,0.1,25,0,0.1,8,50,0,8.74552,31,,345,345,,0,0,0,5.32
1613004713252,6,1010123456026,78,,1,2,11,1,1,,5.64416,385,224,0.153157,112,0,5.16667,,0,0,0,0,0,0,0,0,0,,414,414,,0,0,0,0
1613004713502,6,1010123456026,78,,1,2,11,1,1,,6.12894,349,68,0.128867,100,0,5.83333,,0,0,0,0,0,0,0,0,0,,399,399,,0,0,0,0
1613004713752,6,1010123456026,78,,1,2,11,1,1,,8.74242,264,0,0.126683,77,0,6.83333,,0,0,0,0,0,0,0,0,0,,252,252,,0,0,0,0
1613004714003,6,1010123456026,78,,1,2,11,1,1,,8.83333,252,192,0.126368,73,0,6.83333,,0,12,0,0,4,100,0,0,0,,264,264,,0,0,0,0
1613004714252,6,1010123456026,78,,1,2,11,1,1,,10.068,147,0,0.0961606,48,0,7.16667,,0,0,0,0,0,0,0,0,0,,126,126,,0,0,0,0
1613004714502,6,1010123456026,78,,1,2,11,1,1,,8.59061,298,0,0.142329,82,0,6.2,,0,0,0,0,0,0,0,0,0,,276,276,,0,0,0,0
1613004714752,6,1010123456026,78,,1,2,11,1,1,,8.12617,214,0,0.0992771,64,0,6,,8.72727,11,0,0.1,3,66.6667,0,10.1573,31,,186,186,,0,0,0,7.54545
1613004715002,6,1010123456026,78,,1,2,11,1,1,,7.51709,234,0,0.104675,68,0,6,,6.4,15,0,0.1,4,50,0,2.14209,0,,216,216,,0,0,0,6.46667
1613004715252,6,1010123456026,78,,1,2,11,1,1,,7.9727,293,0,0.131438,84,0,7.33333,,0,0,0,0,0,0,0,0,0,,261,261,,0,0,0,0
1613004715502,6,1010123456026,78,,1,2,11,1,1,,10.1246,305,0,0.162892,81,0,7,,0,0,0,0,0,0,0,0,0,,264,264,,0,0,0,0
1613004715753,6,1010123456026,78,,1,2,11,1,1,,7.60692,318,356,0.153152,93,0,6.33333,,0,0,0,0,0,0,0,0,0,,333,333,,0,0,0,0
1613004716002,6,1010123456026,78,,1,2,11,1,1,,7.42751,269,0,0.126715,80,0,6.28571,,0,12,0,0.1,4,25,0,0,31,,264,264,,0,0,0,0
1613004716252,6,1010123456026,78,,1,2,11,1,1,,8.36978,311,0,0.137896,84,0,6,,0,0,0,0,0,0,0,0,0,,282,282,,0,0,0,0
1613004716502,6,1010123456026,78,,1,2,11,1,1,,8.60357,280,0,0.142201,86,0,6.33333,,0,0,0,0,0,0,0,0,0,,255,255,,0,0,0,0
1613004716752,6,1010123456026,78,,1,2,11,1,1,,8.47699,239,39,0.104032,64,0,6.66667,,0,0,0,0,0,0,0,0,0,,207,207,,0,0,0,0
1613004717002,6,1010123456026,78,,1,2,11,1,1,,7.15833,240,0,0.110618,70,0,6.42857,,0.1,19,0,0.1,5,20,0,1.99928,31,,216,216,,0,0,0,3.31579
1613004717252,6,1010123456026,78,,1,2,11,1,1,,9.17323,254,99,0.136386,75,0,6.66667,,0,0,0,0,0,0,0,0,0,,219,219,,0,0,0,0
1613004717502,6,1010123456026,78,,1,2,11,1,1,,5.09137,394,105,0.11547,109,0,5.33333,,0,0,0,0,0,0,0,0,0,,351,351,,0,0,0,0
1613004717752,6,1010123456026,78,,1,2,11,1,1,,5.90116,172,0,0.0724819,54,0,5.66667,,0.1,10,0,0.1,3,0,0,1.25742,31,,189,189,,0,0,0,1.8
1613004718002,6,1010123456026,78,,1,2,11,1,1,,10.0051,195,0,0.10294,53,0,7.28571,,0,0,0,0,0,0,0,0,0,,171,171,,0,0,0,0
1613004718252,6,1010123456026,78,,1,2,11,1,1,,4.08232,328,20,0.0829237,95,0,5,,0,0,0,0,0,0,0,0,0,,327,327,,0,0,0,0
1613004718503,6,1010123456026,78,,1,2,11,1,1,,7.87701,374,0,0.164256,106,0,6.16667,,0,0,0,0,0,0,0,0,0,,369,369,,0,0,0,0
1613004718752,6,1010123456026,78,,1,2,11,1,1,,10.9401,267,39,0.166683,74,0,7.33333,,0,0,0,0,0,0,0,0,0,,234,234,,0,0,0,0
1613004719002,6,1010123456026,78,,1,2,11,1,1,,6.71635,208,0,0.0943293,64,0,6.42857,,0.1,11,0,0.1,3,0,0,3.72391,31,,231,231,,0,0,0,1
1613004719252,6,1010123456026,78,,1,2,11,1,1,,10.4724,254,0,0.15592,72,0,8,,0,0,0,0,0,0,0,0,0,,222,222,,0,0,0,0
1613004719502,6,1010123456026,78,,1,2,11,1,1,,7.51938,387,0,0.16649,113,0,6.16667,,0,0,0,0,0,0,0,0,0,,336,336,,0,0,0,0
1613004719752,6,1010123456026,78,,1,2,11,1,1,,9.53333,165,0,0.0861687,44,0,7,,0,0,0,0,0,0,0,0,0,,153,153,,0,0,0,0
1613004720002,6,1010123456026,78,,1,2,11,1,1,,10.0755,278,0,0.16739,84,0,7,,0.1,10,0,0.1,3,0,0,1.37092,31,,255,255,,0,0,0,2.5
1613004720252,6,1010123456026,78,,1,2,11,1,1,,10.3473,167,0,0.0964498,43,0,7,,0,0,0,0,0,0,0,0,0,,147,147,,0,0,0,0
1613004720502,6,1010123456026,78,,1,2,11,1,1,,8.62694,193,0,0.0884819,56,0,6.83333,,0,0,0,0,0,0,0,0,0,,168,168,,0,0,0,0
1613004720752,6,1010123456026,78,,1,2,11,1,1,,5.85366,328,0,0.123534,94,0,5.83333,,0,0,0,0,0,0,0,0,0,,315,315,,0,0,0,0
1613004721002,6,1010123456026,78,,1,2,11,1,1,,8.68876,347,88,0.164755,99,0,6.14286,,2.64407,59,0,0.1,17,70.5882,0,2.94303,31,,312,312,,0,0,0,7.32203
1613004721252,6,1010123456026,78,,1,2,11,1,1,,8.60811,296,0,0.143229,87,0,6.5,,0,0,0,0,0,0,0,0,0,,267,267,,0,0,0,0
1613004721502,6,1010123456026,78,,1,2,11,1,1,,5.57595,316,0,0.122635,94,0,5.83333,,0,0,0,0,0,0,0,0,0,,315,315,,0,0,0,0
1613004721752,6,1010123456026,78,,1,2,11,1,1,,8.95804,143,0,0.0656707,37,0,6.66667,,0,0,0,0,0,0,0,0,0,,120,120,,0,0,0,0
1613004722002,6,1010123456026,78,,1,2,11,1,1,,8.71315,251,0,0.136225,72,0,6.5,,0.1,10,0,0.1,3,0,0,1.66614,31,,255,255,,0,0,0,2.5
1613004722252,6,1010123456026,78,,1,2,11,1,1,,10.5686,153,163,0.0852691,41,0,7,,0,0,0,0,0,0,0,0,0,,141,141,,0,0,0,0
1613004722502,6,1010123456026,78,,1,2,11,1,1,,7.26139,417,158,0.204241,127,0,5.66667,,0,0,0,0,0,0,0,0,0,,426,426,,0,0,0,0
1613004722752,6,1010123456026,78,,1,2,11,1,1,,8.07911,316,74,0.137124,87,0,6.33333,,0,0,0,0,0,0,0,0,0,,279,279,,0,0,0,0
1613004723002,6,1010123456026,78,,1,2,11,1,1,,6.06306,333,0,0.128,92,0,6,,10.3462,26,0,0.1,8,50,0,12.1768,31,,387,387,,0,0,0,5.5
1613004723252,6,1010123456026,78,,1,2,11,1,1,,9.66177,204,0,0.109108,61,0,6.83333,,0,0,0,0,0,0,0,0,0,,174,174,,0,0,0,0
1613004723502,6,1010123456026,78,,1,2,11,1,1,,9.88492,252,0,0.151518,75,0,7.16667,,0,0,0,0,0,0,0,0,0,,237,237,,0,0,0,0
1613004723752,6,1010123456026,78,,1,2,11,1,1,,8.28144,167,56,0.0642892,40,0,6.33333,,0,0,0,0,0,0,0,0,0,,147,147,,0,0,0,0
1613004724002,6,1010123456026,78,,1,2,11,1,1,,10.6319,182,0,0.125398,59,0,8.14286,,15.1233,73,0,0.110104,24,83.3333,0,6.01418,31,,162,162,,0,0,0,8.15069
1613004724252,6,1010123456026,78,,1,2,11,1,1,,10.6788,193,0,0.1289,57,0,7.33333,,0,0,0,0,0,0,0,0,0,,171,171,,0,0,0,0
1613004724502,6,1010123456026,78,,1,2,11,1,1,,9.18841,207,0,0.108112,60,0,7.16667,,0,0,0,0,0,0,0,0,0,,180,180,,0,0,0,0
1613004724752,6,1010123456026,78,,1,2,11,1,1,,7.80488,287,0,0.137092,82,0,5.83333,,0.1,14,0,0.1,4,25,0,1.34714,31,,285,285,,0,0,0,3.42857
1613004725002,6,1010123456026,78,,1,2,11,1,1,,7.65079,189,0,0.0827952,56,0,6.42857,,0,0,0,0,0,0,0,0,0,,180,180,,0,0,0,0
1613004725252,6,1010123456026,78,,1,2,11,1,1,,8.65781,301,0,0.142297,83,0,6.16667,,0,0,0,0,0,0,0,0,0,,282,282,,0,0,0,0
1613004725502,6,1010123456026,78,,1,2,11,1,1,,7.86219,283,0,0.121735,82,0,6.33333,,0,0,0,0,0,0,0,0,0,,249,249,,0,0,0,0
1613004725752,6,1010123456026,78,,1,2,11,1,1,,5.66343,309,0,0.110008,87,0,6.16667,,0,0,0,0,0,0,0,0,0,,318,318,,0,0,0,0
1613004726002,6,1010123456026,78,,1,2,11,1,1,,7.16102,354,70,0.1351,98,0,6.14286,,0.1,34,0,0.1,11,72.7273,0,0.676773,31,,312,312,,0,0,0,8.08823
1613004726252,6,1010123456026,78,,1,2,11,1,1,,9.37288,236,0,0.129382,73,0,7,,0,0,0,0,0,0,0,0,0,,201,201,,0,0,0,0
1613004726502,6,1010123456026,78,,1,2,11,1,1,,6.68872,257,0,0.0976386,72,0,6.5,,0,0,0,0,0,0,0,0,0,,219,219,,0,0,0,0
1613004726752,6,1010123456026,78,,1,2,11,1,1,,8.75113,221,0,0.114185,66,0,6.66667,,0,0,0,0,0,0,0,0,0,,189,189,,0,0,0,0
1613004727002,6,1010123456026,78,,1,2,11,1,1,,5.37826,230,217,0.0706506,59,0,6.14286,,0.1,13,0,0.1,4,0,0,16.7757,31,,258,258,,0,0,0,1.23077
1613004727252,6,1010123456026,78,,1,2,11,1,1,,10.2362,254,0,0.154538,81,0,6.75,,0,0,0,0,0,0,0,0,0,,219,219,,0,0,0,0
1613004727502,6,1010123456026,78,,1,2,11,1,1,,9.39921,253,0,0.141205,73,0,7.33333,,0,0,0,0,0,0,0,0,0,,225,225,,0,0,0,0
1613004727752,6,1010123456026,78,,1,2,11,1,1,,7.67857,308,0,0.143293,88,0,6.5,,15,12,0,0,3,100,0,1.2335,0,,297,297,,0,0,0,10
1613004728002,6,1010123456026,78,,1,2,11,1,1,,8.63333,210,0,0.093012,56,0,6.57143,,15,4,0,0,1,100,0,1.3641,0,,180,180,,0,0,0,10
1613004728252,6,1010123456026,78,,1,2,11,1,1,,8.01198,334,0,0.149141,93,0,6,,0,0,0,0,0,0,0,0,0,,300,300,,0,0,0,0
1613004728502,6,1010123456026,78,,1,2,11,1,1,,7.16957,230,0,0.0901205,69,0,6.16667,,0,0,0,0,0,0,0,0,0,,207,207,,0,0,0,0
1613004728752,6,1010123456026,78,,1,2,11,1,1,,10.552,279,0,0.17555,80,0,7.16667,,0,0,0,0,0,0,0,0,0,,252,252,,0,0,0,0
1613004729002,6,1010123456026,78,,1,2,11,1,1,,9.04138,290,208,0.161799,80,0,6.28571,,0.1,15,0,0.1,4,0,0,13.6975,31,,285,285,,0,0,0,1
1613004729252,6,1010123456026,78,,1,2,11,1,1,,4.27981,411,75,0.112096,119,0,4.33333,,0,0,0,0,0,0,0,0,0,,429,429,,0,0,0,0
1613004729502,6,1010123456026,78,,1,2,11,1,1,,7.04118,340,0,0.140466,103,0,6.66667,,0,0,0,0,0,0,0,0,0,,294,294,,0,0,0,0
1613004729752,6,1010123456026,78,,1,2,11,1,1,,8.88789,223,200,0.104225,61,0,6.16667,,0,0,0,0,0,0,0,0,0,,207,207,,0,0,0,0
1613004730002,6,1010123456026,78,,1,2,11,1,1,,8.42727,220,0,0.114313,63,0,6.14286,,9.12,25,0,0.1,7,57.1429,0,6.4702,31,,201,201,,0,0,0,6.04
1613004730252,6,1010123456026,78,,1,2,11,1,1,,6.40389,411,74,0.152032,116,0,5.66667,,0,0,0,0,0,0,0,0,0,,390,390,,0,0,0,0
1613004730502,6,1010123456026,78,,1,2,11,1,1,,8.98997,299,99,0.163373,92,0,7,,0,0,0,0,0,0,0,0,0,,270,270,,0,0,0,0
1613004730752,6,1010123456026,78,,1,2,11,1,1,,6.60627,287,109,0.111229,76,0,6.33333,,0.1,12,0,0,3,100,0,0.239045,0,,252,252,,0,0,0,10
1613004731002,6,1010123456026,78,,1,2,11,1,1,,7.82456,285,0,0.134104,90,0,6.57143,,7.16279,43,0,0.1,13,69.2308,0,3.36884,31,,270,270,,0,0,0,7.37209
1613004731252,6,1010123456026,78,,1,2,11,1,1,,8.37297,370,0,0.173687,105,0,6.16667,,0,0,0,0,0,0,0,0,0,,333,333,,0,0,0,0
1613004731502,6,1010123456026,78,,1,2,11,1,1,,9.50481,208,0,0.114538,60,0,7,,0,0,0,0,0,0,0,0,0,,183,183,,0,0,0,0
1613004731752,6,1010123456026,78,,1,2,11,1,1,,7.28125,224,0,0.0955823,64,0,6.16667,,0,0,0,0,0,0,0,0,0,,237,237,,0,0,0,0
1613004732002,6,1010123456026,78,,1,2,11,1,1,,9.36508,189,0,0.10853,57,0,6.57143,,0.1,35,0,0.1,10,0,0,4.18934,31,,171,171,,0,0,0,1.34286
1613004732252,6,1010123456026,78,,1,2,11,1,1,,7.53916,332,0,0.143904,96,0,6.16667,,0,0,0,0,0,0,0,0,0,,342,342,,0,0,0,0
1613004732502,6,1010123456026,78,,1,2,11,1,1,,8.2973,296,0,0.131373,79,0,6.33333,,0,0,0,0,0,0,0,0,0,,264,264,,0,0,0,0
1613004732752,6,1010123456026,78,,1,2,11,1,1,,8.10916,284,105,0.132562,87,0,6.16667,,0.1,10,0,0.1,3,0,0,1.30262,31,,261,261,,0,0,0,1.8
1613004733002,6,1010123456026,78,,1,2,11,1,1,,8.66,300,0,0.147759,87,0,6.16667,,0,0,0,0,0,0,0,0,0,,273,273,,0,0,0,0
1613004733252,6,1010123456026,78,,1,2,11,1,1,,7.52203,295,0,0.115534,81,0,6.33333,,0,0,0,0,0,0,0,0,0,,270,270,,0,0,0,0
1613004733502,6,1010123456026,78,,1,2,11,1,1,,5.23056,373,0,0.130988,110,0,5.5,,0,0,0,0,0,0,0,0,0,,381,381,,0,0,0,0
1613004733752,6,1010123456026,78,,1,2,11,1,1,,9.28807,243,0,0.119936,67,0,6.66667,,0,0,0,0,0,0,0,0,0,,213,213,,0,0,0,0
1613004734002,6,1010123456026,78,,1,2,11,1,1,,9.32243,214,177,0.10355,59,0,6.71429,,0.1,10,0,0.1,3,0,0,1.57956,31,,192,192,,0,0,0,1.9
1613004734252,6,1010123456026,78,,1,2,11,1,1,,5.58578,408,0,0.141719,121,0,4.83333,,0,0,0,0,0,0,0,0,0,,393,393,,0,0,0,0
1613004734502,6,1010123456026,78,,1,2,11,1,1,,9.39894,188,0,0.0976707,53,0,7,,0,0,0,0,0,0,0,0,0,,159,159,,0,0,0,0
1613004734752,6,1010123456026,78,,1,2,11,1,1,,9.60697,201,0,0.113896,58,0,6.83333,,0,0,0,0,0,0,0,0,0,,189,189,,0,0,0,0
1613004735003,6,1010123456026,78,,1,2,11,1,1,,6.01302,384,225,0.1336,103,0,5.14286,,0.1,15,0,0.1,4,0,0,18.0274,31,,351,351,,0,0,0,1.26667
1613004735252,6,1010123456026,78,,1,2,11,1,1,,8.19632,163,20,0.0730281,53,0,6.5,,0,0,0,0,0,0,0,0,0,,144,144,,0,0,0,0
1613004735502,6,1010123456026,78,,1,2,11,1,1,,6.98299,294,15,0.115984,79,0,6,,0,0,0,0,0,0,0,0,0,,273,273,,0,0,0,0
1613004735752,6,1010123456026,78,,1,2,11,1,1,,8.19551,312,0,0.158908,96,0,6.33333,,0,0,0,0,0,0,0,0,0,,288,288,,0,0,0,0
1613004736002,6,1010123456026,78,,1,2,11,1,1,,8.91444,187,0,0.0980562,54,0,6.85714,,15,14,0,0,4,100,0,2.38619,0,,168,168,,0,0,0,10
1613004736252,6,1010123456026,78,,1,2,11,1,1,,7.34348,230,210,0.0940723,63,0,6.33333,,0,0,0,0,0,0,0,0,0,,237,237,,0,0,0,0
1613004736502,6,1010123456026,78,,1,2,11,1,1,,9.8871,186,0,0.102586,50,0,6.83333,,0,0,0,0,0,0,0,0,0,,162,162,,0,0,0,0
1613004736752,6,1010123456026,78,,1,2,11,1,1,,9.00389,257,105,0.132787,75,0,7.16667,,0,0,0,0,0,0,0,0,0,,222,222,,0,0,0,0
1613004737003,6,1010123456026,78,,1,2,11,1,1,,9.34599,237,117,0.1184,66,0,6.85714,,0,17,0,0.1,6,66.6667,0,0,31,,213,213,,0,0,0,0
1613004737252,6,1010123456026,78,,1,2,11,1,1,,9.25108,231,89,0.125398,71,0,6.8,,0,0,0,0,0,0,0,0,0,,198,198,,0,0,0,0
1613004737502,6,1010123456026,78,,1,2,11,1,1,,9.05147,272,140,0.142169,71,0,6.5,,0,0,0,0,0,0,0,0,0,,243,243,,0,0,0,0
1613004737752,6,1010123456026,78,,1,2,11,1,1,,9.54008,237,20,0.129767,73,0,7,,0.1,11,0,0.1,3,0,0,1.57015,31,,213,213,,0,0,0,1.54545
1613004738002,6,1010123456026,78,,1,2,11,1,1,,8.43636,220,0,0.10943,65,0,6.28571,,0,0,0,0,0,0,0,0,0,,201,201,,0,0,0,0
1613004738252,6,1010123456026,78,,1,2,11,1,1,,5.62778,360,0,0.124273,103,0,6.5,,0,0,0,0,0,0,0,0,0,,345,345,,0,0,0,0
1613004738502,6,1010123456026,78,,1,2,11,1,1,,3.82599,454,0,0.117719,131,0,4.33333,,0,0,0,0,0,0,0,0,0,,471,471,,0,0,0,0
1613004738752,6,1010123456026,78,,1,2,11,1,1,,8.72183,284,200,0.144835,74,0,6.5,,0,0,0,0,0,0,0,0,0,,276,276,,0,0,0,0
1613004739002,6,1010123456026,78,,1,2,11,1,1,,7.41196,301,0,0.129349,94,0,6.42857,,0.1,27,0,0.1,7,14.2857,0,10.9172,31,,261,261,,0,0,0,2.48148
1613004739252,6,1010123456026,78,,1,2,11,1,1,,9.27193,228,0,0.124305,65,0,7,,0,0,0,0,0,0,0,0,0,,204,204,,0,0,0,0
1613004739502,6,1010123456026,78,,1,2,11,1,1,,8.1752,371,105,0.170827,100,0,6,,0,0,0,0,0,0,0,0,0,,351,351,,0,0,0,0
1613004739752,6,1010123456026,78,,1,2,11,1,1,,7.82943,299,0,0.144161,92,0,6,,15,12,0,0,3,100,0,2.04783,0,,273,273,,0,0,0,10
1613004740002,6,1010123456026,78,,1,2,11,1,1,,10.0323,217,0,0.118908,61,0,7.14286,,15,4,0,0,1,100,0,1.25647,0,,192,192,,0,0,0,10
1613004740252,6,1010123456026,78,,1,2,11,1,1,,9.5234,235,0,0.127679,69,0,6.83333,,0,0,0,0,0,0,0,0,0,,213,213,,0,0,0,0
1613004740503,6,1010123456026,78,,1,2,11,1,1,,8.62712,236,0,0.116608,68,0,6.5,,0,0,0,0,0,0,0,0,0,,207,207,,0,0,0,0
1613004740752,6,1010123456026,78,,1,2,11,1,1,,9.77901,181,84,0.100562,52,0,6.5,,0,0,0,0,0,0,0,0,0,,159,159,,0,0,0,0
1613004741002,6,1010123456026,78,,1,2,11,1,1,,8.65049,206,0,0.0983454,57,0,6.57143,,0.1,14,0,0.1,4,25,0,1.1326,31,,183,183,,0,0,0,3.35714
1613004741252,6,1010123456026,78,,1,2,11,1,1,,9.40741,135,0,0.0760803,42,0,7.33333,,0,0,0,0,0,0,0,0,0,,114,114,,0,0,0,0
1613004741503,6,1010123456026,78,,1,2,11,1,1,,8.47349,264,0,0.117152,71,0,6.33333,,0,0,0,0,0,0,0,0,0,,252,252,,0,0,0,0
1613004741752,6,1010123456026,78,,1,2,11,1,1,,8.48254,315,99,0.1511,91,0,6.33333,,0,0,0,0,0,0,0,0,0,,279,279,,0,0,0,0
1613004742002,6,1010123456026,78,,1,2,11,1,1,,8.38605,215,89,0.104353,61,0,6.28571,,0.1,11,0,0.1,3,0,0,1.27354,31,,192,192,,0,0,0,1.81818
1613004742252,6,1010123456026,78,,1,2,11,1,1,,9.53077,260,0,0.146667,79,0,6.83333,,0,0,0,0,0,0,0,0,0,,225,225,,0,0,0,0
1613004742503,6,1010123456026,78,,1,2,11,1,1,,8.6338,284,0,0.130976,78,0,6.66667,,0,0,0,0,0,0,0,0,0,,249,249,,0,0,0,0
1613004742752,6,1010123456026,78,,1,2,11,1,1,,9.45238,252,0,0.142394,73,0,7.33333,,0.1,11,0,0.1,3,0,0,1.70086,31,,219,219,,0,0,0,1.27273
1613004743002,6,1010123456026,78,,1,2,11,1,1,,9.33068,251,0,0.133558,73,0,6.71429,,0,0,0,0,0,0,0,0,0,,234,234,,0,0,0,0
1613004743252,6,1010123456026,78,,1,2,11,1,1,,10.5075,266,0,0.167968,79,0,7.5,,0,0,0,0,0,0,0,0,0,,231,231,,0,0,0,0
1613004743502,6,1010123456026,78,,1,2,11,1,1,,9.66956,230,0,0.125237,66,0,6.83333,,0,0,0,0,0,0,0,0,0,,198,198,,0,0,0,0
1613004743752,6,1010123456026,78,,1,2,11,1,1,,9.60096,208,0,0.11351,58,0,7,,0.1,11,0,0.1,3,0,0,1.90719,31,,189,189,,0,0,0,1.27273
1613004744002,6,1010123456026,78,,1,2,11,1,1,,10.6059,203,0,0.116337,56,0,7.57143,,0,0,0,0,0,0,0,0,0,,174,174,,0,0,0,0
1613004744252,6,1010123456026,78,,1,2,11,1,1,,10.2146,205,0,0.131759,61,0,7,,0,0,0,0,0,0,0,0,0,,186,186,,0,0,0,0
1613004744502,6,1010123456026,78,,1,2,11,1,1,,8.41912,272,0,0.137092,81,0,6.66667,,0,0,0,0,0,0,0,0,0,,252,252,,0,0,0,0
1613004744752,6,1010123456026,78,,1,2,11,1,1,,7.98077,208,218,0.0884177,59,0,6.16667,,0,0,0,0,0,0,0,0,0,,195,195,,0,0,0,0
1613004745003,6,1010123456026,78,,1,2,11,1,1,,10.1929,140,97,0.08608,41,0,6.57143,,5.72414,58,0,0.1,16,75,0,7.27223,31,,126,126,,0,0,0,7.51724
1613004745252,6,1010123456026,78,,1,2,11,1,1,,8.83628,226,158,0.115116,65,0,6.83333,,0,0,0,0,0,0,0,0,0,,198,198,,0,0,0,0
1613004745502,6,1010123456026,78,,1,2,11,1,1,,7.34483,261,0,0.100177,72,0,5.6,,0,0,0,0,0,0,0,0,0,,246,246,,0,0,0,0
1613004745752,6,1010123456026,78,,1,2,11,1,1,,10.6646,161,0,0.10204,47,0,8,,0,0,0,0,0,0,0,0,0,,141,141,,0,0,0,0
1613004746002,6,1010123456026,78,,1,2,11,1,1,,7.2646,291,0,0.122442,88,0,5.85714,,2.8125,32,0,0.1,10,0,0,9.63363,31,,261,261,,0,0,0,1.71875
1613004746252,6,1010123456026,78,,1,2,11,1,1,,9.09341,182,0,0.0927229,52,0,6.83333,,0,0,0,0,0,0,0,0,0,,156,156,,0,0,0,0
1613004746502,6,1010123456026,78,,1,2,11,1,1,,8.13127,259,0,0.125944,74,0,6.16667,,0,0,0,0,0,0,0,0,0,,237,237,,0,0,0,0
1613004746752,6,1010123456026,78,,1,2,11,1,1,,7.12934,317,0,0.123245,91,0,6,,15,11,0,0,3,100,0,1.11215,0,,276,276,,0,0,0,10
1613004747002,6,1010123456026,78,,1,2,11,1,1,,8.79623,265,0,0.136482,76,0,6,,0,3,0,0,1,100,0,0,0,,240,240,,0,0,0,0
1613004747252,6,1010123456026,78,,1,2,11,1,1,,7.14737,285,0,0.111422,82,0,6.16667,,0,0,0,0,0,0,0,0,0,,255,255,,0,0,0,0
1613004747502,6,1010123456026,78,,1,2,11,1,1,,7.08163,343,0,0.159518,96,0,6,,0,0,0,0,0,0,0,0,0,,435,435,,0,0,0,0
1613004747752,6,1010123456026,78,,1,2,11,1,1,,10.0396,278,0,0.156369,78,0,7,,0,0,0,0,0,0,0,0,0,,243,243,,0,0,0,0
1613004748002,6,1010123456026,78,,1,2,11,1,1,,5.35952,331,0,0.110747,97,0,5.71429,,0.1,10,0,0.1,3,0,0,2.09859,31,,324,324,,0,0,0,1.7
1613004748252,6,1010123456026,78,,1,2,11,1,1,,5.24324,296,0,0.107791,90,0,5.5,,0,0,0,0,0,0,0,0,0,,324,324,,0,0,0,0
1613004748502,6,1010123456026,78,,1,2,11,1,1,,10.1806,310,0,0.177414,82,0,6.83333,,0,0,0,0,0,0,0,0,0,,294,294,,0,0,0,0
1613004748752,6,1010123456026,78,,1,2,11,1,1,,8.26316,190,189,0.103518,56,0,6.33333,,0,0,0,0,0,0,0,0,0,,174,174,,0,0,0,0
1613004749002,6,1010123456026,78,,1,2,11,1,1,,6.03867,362,0,0.154153,109,0,6.57143,,0,9,0,0.1,3,0,0,0,31,,408,408,,0,0,0,0
1613004749252,6,1010123456026,78,,1,2,11,1,1,,7.83534,249,0,0.111165,73,0,5.5,,0,0,0,0,0,0,0,0,0,,243,243,,0,0,0,0
1613004749502,6,1010123456026,78,,1,2,11,1,1,,4.21455,536,0,0.145574,151,0,4.83333,,0,0,0,0,0,0,0,0,0,,546,546,,0,0,0,0
1613004749752,6,1010123456026,78,,1,2,11,1,1,,9.79921,254,190,0.132787,68,0,6.8,,0,0,0,0,0,0,0,0,0,,243,243,,0,0,0,0
1613004750002,6,1010123456026,78,,1,2,11,1,1,,8.99479,192,0,0.116884,63,0,6.57143,,5.30435,46,0,0.1,13,30.7692,0,8.95603,31,,171,171,,0,0,0,4.58696
1613004750252,6,1010123456026,78,,1,2,11,1,1,,9.14835,182,0,0.0877751,50,0,7.16667,,0,0,0,0,0,0,0,0,0,,159,159,,0,0,0,0
1613004750502,6,1010123456026,78,,1,2,11,1,1,,7.09943,352,0,0.147855,102,0,6,,0,0,0,0,0,0,0,0,0,,315,315,,0,0,0,0
1613004750752,6,1010123456026,78,,1,2,11,1,1,,8.54472,246,0,0.120867,69,0,6.66667,,0,0,0,0,0,0,0,0,0,,228,228,,0,0,0,0
1613004751002,6,1010123456026,78,,1,2,11,1,1,,7.03239,247,158,0.102008,74,0,6.14286,,9.17308,52,0,0.1,16,62.5,0,4.4393,31,,228,228,,0,0,0,7.40385
1613004751252,6,1010123456026,78,,1,2,11,1,1,,7.7402,204,0,0.0883534,59,0,6.5,,0,0,0,0,0,0,0,0,0,,180,180,,0,0,0,0
1613004751502,6,1010123456026,78,,1,2,11,1,1,,7.37162,148,0,0.0611084,42,0,6.16667,,0,0,0,0,0,0,0,0,0,,135,135,,0,0,0,0
1613004751752,6,1010123456026,78,,1,2,11,1,1,,5.66667,387,0,0.132851,110,0,5.33333,,0,0,0,0,0,0,0,0,0,,381,381,,0,0,0,0
1613004752002,6,1010123456026,78,,1,2,11,1,1,,9.48131,214,250,0.117108,61,0,6.42857,,0.1,13,0,0.1,4,0,0,17.0345,31,,192,192,,0,0,0,1
1613004752252,6,1010123456026,78,,1,2,11,1,1,,6.76333,300,68,0.122217,86,0,6.5,,0,0,0,0,0,0,0,0,0,,297,297,,0,0,0,0
1613004752502,6,1010123456026,78,,1,2,11,1,1,,6.12811,281,0,0.106859,82,0,5.5,,0,0,0,0,0,0,0,0,0,,291,291,,0,0,0,0
1613004752752,6,1010123456026,78,,1,2,11,1,1,,9.42,200,0,0.114249,58,0,6.83333,,0,9,0,0,3,100,0,0,0,,195,195,,0,0,0,0
1613004753002,6,1010123456026,78,,1,2,11,1,1,,6.18,350,226,0.122924,92,0,6.28571,,0,3,0,0,1,100,0,0,0,,345,345,,0,0,0,0
1613004753252,6,1010123456026,78,,1,2,11,1,1,,6,369,68,0.145606,109,0,5.16667,,0,0,0,0,0,0,0,0,0,,354,354,,0,0,0,0
1613004753502,6,1010123456026,78,,1,2,11,1,1,,8.39556,225,0,0.114795,69,0,7.16667,,0,0,0,0,0,0,0,0,0,,201,201,,0,0,0,0
1613004753752,6,1010123456026,78,,1,2,11,1,1,,8.84541,207,0,0.10898,60,0,6,,0,0,0,0,0,0,0,0,0,,192,192,,0,0,0,0
1613004754002,6,1010123456026,78,,1,2,11,1,1,,7.65714,175,0,0.0717751,47,0,6,,8.38889,36,0,0.1,11,72.7273,0,4.51429,31,,159,159,,0,0,0,8.22222
1613004754252,6,1010123456026,78,,1,2,11,1,1,,8.95833,288,0,0.147084,87,0,6.16667,,0,0,0,0,0,0,0,0,0,,252,252,,0,0,0,0
1613004754502,6,1010123456026,78,,1,2,11,1,1,,8.428,250,74,0.10988,67,0,6.33333,,0,0,0,0,0,0,0,0,0,,222,222,,0,0,0,0
1613004754752,6,1010123456026,78,,1,2,11,1,1,,9.39583,192,77,0.101173,57,0,7.16667,,0.1,10,0,0.1,3,0,0,1.07381,31,,171,171,,0,0,0,2.2
1613004755002,6,1010123456026,78,,1,2,11,1,1,,9.39806,206,0,0.11139,60,0,6.71429,,0,0,0,0,0,0,0,0,0,,177,177,,0,0,0,0
1613004755252,6,1010123456026,78,,1,2,11,1,1,,6.49408,338,0,0.165237,99,0,6.33333,,0,0,0,0,0,0,0,0,0,,426,426,,0,0,0,0
1613004755502,6,1010123456026,78,,1,2,11,1,1,,7.44343,327,0,0.144032,94,0,6.16667,,0,0,0,0,0,0,0,0,0,,309,309,,0,0,0,0
1613004755752,6,1010123456026,78,,1,2,11,1,1,,8.47458,236,0,0.109751,68,0,6.33333,,0.1,18,0,0.1,5,40,0,1.25706,31,,210,210,,0,0,0,4.5
1613004756002,6,1010123456026,78,,1,2,11,1,1,,5.68493,365,130,0.124819,103,0,5.28571,,0,0,0,0,0,0,0,0,0,,396,396,,0,0,0,0
1613004756252,6,1010123456026,78,,1,2,11,1,1,,8.81776,214,183,0.100337,60,0,7,,0,0,0,0,0,0,0,0,0,,198,198,,0,0,0,0
1613004756502,6,1010123456026,78,,1,2,11,1,1,,5.55505,436,20,0.162506,130,0,5.5,,0,0,0,0,0,0,0,0,0,,441,441,,0,0,0,0
1613004756752,6,1010123456026,78,,1,2,11,1,1,,5.25416,421,237,0.142265,116,0,5.16667,,0,0,0,0,0,0,0,0,0,,480,480,,0,0,0,0
1613004757002,6,1010123456026,78,,1,2,11,1,1,,9.17521,234,6,0.129092,71,0,6.42857,,7.38462,26,0,0.1,7,57.1429,0,3.9403,31,,219,219,,0,0,0,7.46154
1613004757252,6,1010123456026,78,,1,2,11,1,1,,2.93075,491,0,0.126618,143,0,4.83333,,0,0,0,0,0,0,0,0,0,,627,627,,0,0,0,0
1613004757502,6,1010123456026,78,,1,2,11,1,1,,8.89202,213,0,0.101205,59,0,6.66667,,0,0,0,0,0,0,0,0,0,,183,183,,0,0,0,0
1613004757753,6,1010123456026,78,,1,2,11,1,1,,10.6957,276,40,0.16688,80,0,7.2,,0.1,11,0,0.1,3,0,0,0.888797,31,,240,240,,0,0,0,4.63636
1613004758002,6,1010123456026,78,,1,2,11,1,1,,7.56156,333,0,0.148948,94,0,6.14286,,0,0,0,0,0,0,0,0,0,,330,330,,0,0,0,0
1613004758252,6,1010123456026,78,,1,2,11,1,1,,7.12174,230,0,0.0947149,69,0,6,,0,0,0,0,0,0,0,0,0,,210,210,,0,0,0,0
1613004758502,6,1010123456026,78,,1,2,11,1,1,,10.0904,166,0,0.0918876,47,0,7.16667,,0,0,0,0,0,0,0,0,0,,144,144,,0,0,0,0
1613004758752,6,1010123456026,78,,1,2,11,1,1,,9.16246,277,0,0.156916,79,0,6.5,,0,0,0,0,0,0,0,0,0,,273,273,,0,0,0,0
1613004759002,6,1010123456026,78,,1,2,11,1,1,,10.0348,230,158,0.135422,67,0,6.85714,,0.1,40,0,0.1,12,41.6667,0,1.0818,31,,204,204,,0,0,0,5.425
1613004759252,6,1010123456026,78,,1,2,11,1,1,,7.39403,335,39,0.128482,93,0,5.66667,,0,0,0,0,0,0,0,0,0,,300,300,,0,0,0,0
1613004759502,6,1010123456026,78,,1,2,11,1,1,,3.60294,476,203,0.125269,134,0,3.33333,,0,0,0,0,0,0,0,0,0,,540,540,,0,0,0,0
1613004759752,6,1010123456026,78,,1,2,11,1,1,,7.80784,255,0,0.134329,79,0,6.83333,,0,0,0,0,0,0,0,0,0,,294,294,,0,0,0,0
1613004760002,6,1010123456026,78,,1,2,11,1,1,,7.61184,304,0,0.127229,85,0,6.28571,,0.1,46,0,0.1,12,66.6667,0,1.12352,31,,273,273,,0,0,0,7.34783
1613004760252,6,1010123456026,78,,1,2,11,1,1,,9.50973,257,0,0.146378,77,0,6.5,,0,0,0,0,0,0,0,0,0,,231,231,,0,0,0,0
1613004760502,6,1010123456026,78,,1,2,11,1,1,,6.39474,342,0,0.134104,98,0,6.16667,,0,0,0,0,0,0,0,0,0,,357,357,,0,0,0,0
1613004760752,6,1010123456026,78,,1,2,11,1,1,,9.26106,226,0,0.120257,65,0,6.83333,,0.1,13,0,0.1,4,25,0,1.07853,31,,198,198,,0,0,0,6.38462
1613004761003,6,1010123456026,78,,1,2,11,1,1,,8.07336,259,137,0.11504,70,0,6.28571,,0,0,0,0,0,0,0,0,0,,231,231,,0,0,0,0
1613004761252,6,1010123456026,78,,1,2,11,1,1,,9.58333,252,0,0.141655,74,0,7.33333,,0,0,0,0,0,0,0,0,0,,234,234,,0,0,0,0
1613004761502,6,1010123456026,78,,1,2,11,1,1,,7.93385,257,0,0.109847,71,0,6.33333,,0,0,0,0,0,0,0,0,0,,237,237,,0,0,0,0
1613004761752,6,1010123456026,78,,1,2,11,1,1,,7.81503,173,0,0.0876787,55,0,7.5,,0,0,0,0,0,0,0,0,0,,159,159,,0,0,0,0
1613004762002,6,1010123456026,78,,1,2,11,1,1,,9.95926,270,0,0.162185,77,0,6.71429,,0.1,15,0,0.1,4,0,0,8.98514,31,,246,246,,0,0,0,1.26667
1613004762252,6,1010123456026,78,,1,2,11,1,1,,9.41767,249,0,0.130474,71,0,6.5,,0,0,0,0,0,0,0,0,0,,219,219,,0,0,0,0
1613004762502,6,1010123456026,78,,1,2,11,1,1,,8.80087,231,0,0.109526,61,0,6.5,,0,0,0,0,0,0,0,0,0,,207,207,,0,0,0,0
1613004762752,6,1010123456026,78,,1,2,11,1,1,,6.24823,423,0,0.162345,123,0,6.16667,,0.1,11,0,0.1,3,0,0,3.10088,31,,402,402,,0,0,0,1.54545
1613004763002,6,1010123456026,78,,1,2,11,1,1,,6.82372,312,0,0.133076,90,0,5.85714,,0,0,0,0,0,0,0,0,0,,312,312,,0,0,0,0
1613004763252,6,1010123456026,78,,1,2,11,1,1,,8.66497,197,0,0.0987631,59,0,6.5,,0,0,0,0,0,0,0,0,0,,171,171,,0,0,0,0
1613004763502,6,1010123456026,78,,1,2,11,1,1,,9.89531,277,0,0.161703,79,0,6.83333,,0,0,0,0,0,0,0,0,0,,249,249,,0,0,0,0
1613004763752,6,1010123456026,78,,1,2,11,1,1,,8.29412,272,0,0.126008,77,0,6.5,,0,0,0,0,0,0,0,0,0,,237,237,,0,0,0,0
1613004764003,6,1010123456026,78,,1,2,11,1,1,,8.63025,238,103,0.105856,63,0,7.28571,,15.1795,78,0,0.152576,25,80,0,6.6853,31,,225,225,,0,0,0,8.03846
1613004764252,6,1010123456026,78,,1,2,11,1,1,,8.11236,178,0,0.096,58,0,7.16667,,0,0,0,0,0,0,0,0,0,,165,165,,0,0,0,0
1613004764502,6,1010123456026,78,,1,2,11,1,1,,9.50438,228,0,0.124305,63,0,6.16667,,0,0,0,0,0,0,0,0,0,,213,213,,0,0,0,0
1613004764752,6,1010123456026,78,,1,2,11,1,1,,6.4763,443,0,0.182233,127,0,5.66667,,0,0,0,0,0,0,0,0,0,,450,450,,0,0,0,0
1613004765002,6,1010123456026,78,,1,2,11,1,1,,9.61702,235,0,0.127582,68,0,6.33333,,0.1,10,0,0.1,3,0,0,11.3947,31,,204,204,,0,0,0,1.3
1613004765252,6,1010123456026,78,,1,2,11,1,1,,9.87124,233,0,0.130185,65,0,6.83333,,0,0,0,0,0,0,0,0,0,,201,201,,0,0,0,0
1613004765502,6,1010123456026,78,,1,2,11,1,1,,9.76923,208,0,0.108851,59,0,7,,0,0,0,0,0,0,0,0,0,,180,180,,0,0,0,0
1613004765753,6,1010123456026,78,,1,2,11,1,1,,7.37222,180,551,0.085504,49,0,6.66667,,0,0,0,0,0,0,0,0,0,,204,204,,0,0,0,0
1613004766002,6,1010123456026,78,,1,2,11,1,1,,5.54126,412,0,0.169478,129,0,5.28571,,13.7143,7,0,0.1,2,0,0,25.3126,31,,516,516,,0,0,0,1
1613004766252,6,1010123456026,78,,1,2,11,1,1,,7.44628,242,0,0.105221,70,0,6.16667,,0,0,0,0,0,0,0,0,0,,234,234,,0,0,0,0
1613004766502,6,1010123456026,78,,1,2,11,1,1,,7.01176,255,23,0.100016,70,0,7,,0,0,0,0,0,0,0,0,0,,243,243,,0,0,0,0
1613004766752,6,1010123456026,78,,1,2,11,1,1,,4.90959,365,0,0.110137,104,0,5.5,,0,0,0,0,0,0,0,0,0,,390,390,,0,0,0,0
1613004767002,6,1010123456026,78,,1,2,11,1,1,,8.02611,383,0,0.18747,113,0,6.14286,,15,16,0,0,4,100,0,2.09942,0,,351,351,,0,0,0,10
1613004767252,6,1010123456026,78,,1,2,11,1,1,,7.81884,276,7,0.120771,75,0,6,,0,0,0,0,0,0,0,0,0,,240,240,,0,0,0,0
1613004767502,6,1010123456026,78,,1,2,11,1,1,,9.26389,216,0,0.125076,65,0,6.83333,,0,0,0,0,0,0,0,0,0,,198,198,,0,0,0,0
1613004767752,6,1010123456026,78,,1,2,11,1,1,,10.544,125,69,0.0650602,33,0,7.2,,0,0,0,0,0,0,0,0,0,,108,108,,0,0,0,0
1613004768003,6,1010123456026,78,,1,2,11,1,1,,7.15164,244,97,0.105504,74,0,6.14286,,0.1,16,0,0.1,4,25,0,0.881369,31,,231,231,,0,0,0,4
1613004768252,6,1010123456026,78,,1,2,11,1,1,,8.64505,293,93,0.141687,82,0,6,,0,0,0,0,0,0,0,0,0,,261,261,,0,0,0,0
1613004768502,6,1010123456026,78,,1,2,11,1,1,,7.96642,268,0,0.122217,80,0,6.66667,,0,0,0,0,0,0,0,0,0,,234,234,,0,0,0,0
1613004768752,6,1010123456026,78,,1,2,11,1,1,,10.4785,163,0,0.0976386,47,0,6.83333,,0,0,0,0,0,0,0,0,0,,144,144,,0,0,0,0
1613004769003,6,1010123456026,78,,1,2,11,1,1,,6.09278,388,0,0.160416,111,0,5.85714,,0.1,11,0,0.1,3,0,0,0.981849,31,,432,432,,0,0,0,3.81818
1613004769252,6,1010123456026,78,,1,2,11,1,1,,5.80692,347,0,0.123888,101,0,5.83333,,0,0,0,0,0,0,0,0,0,,348,348,,0,0,0,0
1613004769502,6,1010123456026,78,,1,2,11,1,1,,8.73611,288,0,0.136707,79,0,6.66667,,0,0,0,0,0,0,0,0,0,,252,252,,0,0,0,0
1613004769752,6,1010123456026,78,,1,2,11,1,1,,9.83856,223,0,0.129414,67,0,7,,0.1,11,0,0.1,3,0,0,1.76453,31,,192,192,,0,0,0,2
1613004770002,6,1010123456026,78,,1,2,11,1,1,,4.32792,308,372,0.0943293,84,0,5.14286,,0,0,0,0,0,0,0,0,0,,402,402,,0,0,0,0
1613004770252,6,1010123456026,78,,1,2,11,1,1,,7.69742,271,0,0.127839,81,0,8.16667,,0,0,0,0,0,0,0,0,0,,261,261,,0,0,0,0
1613004770502,6,1010123456026,78,,1,2,11,1,1,,7.33884,363,0,0.146378,106,0,6,,0,0,0,0,0,0,0,0,0,,327,327,,0,0,0,0
1613004770752,6,1010123456026,78,,1,2,11,1,1,,7.70877,285,0,0.137028,85,0,6.66667,,0.1,14,0,0.1,4,25,0,1.23996,31,,258,258,,0,0,0,4.28571
1613004771002,6,1010123456026,78,,1,2,11,1,1,,9.53677,272,0,0.141398,75,0,6.71429,,0,0,0,0,0,0,0,0,0,,237,237,,0,0,0,0
1613004771252,6,1010123456026,78,,1,2,11,1,1,,11.2264,159,0,0.106988,48,0,8.33333,,0,0,0,0,0,0,0,0,0,,135,135,,0,0,0,0
1613004771502,6,1010123456026,78,,1,2,11,1,1,,7.86879,282,105,0.128482,79,0,5.5,,0,0,0,0,0,0,0,0,0,,261,261,,0,0,0,0
1613004771752,6,1010123456026,78,,1,2,11,1,1,,7.25159,314,0,0.134876,93,0,5.66667,,0,0,0,0,0,0,0,0,0,,324,324,,0,0,0,0
1613004772002,6,1010123456026,78,,1,2,11,1,1,,11.0209,191,0,0.135871,57,0,8.42857,,11.451,102,0,0.11608,31,80.6452,0,3.27107,31,,177,177,,0,0,0,8.29412
1613004772252,6,1010123456026,78,,1,2,11,1,1,,10.4714,227,0,0.134747,65,0,6.83333,,0,0,0,0,0,0,0,0,0,,195,195,,0,0,0,0
1613004772503,6,1010123456026,78,,1,2,11,1,1,,8.6459,305,187,0.141824,82,0,6.66667,,0,0,0,0,0,0,0,0,0,,273,273,,0,0,0,0
1613004772752,6,1010123456026,78,,1,2,11,1,1,,7.60504,238,0,0.110715,73,0,6,,0.1,10,0,0.1,3,0,0,2.81495,31,,207,207,,0,0,0,1.4
1613004773002,6,1010123456026,78,,1,2,11,1,1,,9.89205,176,0,0.103004,52,0,7,,0,0,0,0,0,0,0,0,0,,168,168,,0,0,0,0
1613004773252,6,1010123456026,78,,1,2,11,1,1,,9.00614,163,0,0.0818313,46,0,7,,0,0,0,0,0,0,0,0,0,,138,138,,0,0,0,0
1613004773502,6,1010123456026,78,,1,2,11,1,1,,13.0476,21,0,0.016,6,0,6.83333,,0,0,0,0,0,0,0,0,0,,18,18,,0,0,0,0
1613004773752,6,1010123456026,78,,1,2,11,1,1,,0,0,0,0,0,0,7.16667,,0,0,0,0,0,0,0,0,0,,0,0,,0,0,0,0
1613004774002,6,1010123456026,78,,1,2,11,1,1,,0,0,0,0,0,0,7.42857,,0,0,0,0,0,0,0,0,0,,0,0,,0,0,0,0
1613004774252,6,1010123456026,78,,1,2,11,1,1,,0,0,0,0,0,0,7.8,,0,0,0,0,0,0,0,0,0,,0,0,,0,0,0,0
1613004774502,6,1010123456026,78,,1,2,11,1,1,,0,0,0,0,0,0,7.6,,0,0,0,0,0,0,0,0,0,,0,0,,0,0,0,0
1613004774752,6,1010123456026,78,,1,2,11,1,1,,0,0,0,0,0,0,7.33333,,0,0,0,0,0,0,0,0,0,,0,0,,0,0,0,0
1613004775002,6,1010123456026,78,,1,2,11,1,1,,0,0,0,0,0,0,5.25,,0,0,0,0,0,0,0,0,0,,0,0,,0,0,0,0
1613004775252,6,1010123456026,78,,1,2,11,1,1,,0,0,0,0,0,0,7.16667,,0,0,0,0,0,0,0,0,0,,0,0,,0,0,0,0
1613004775502,6,1010123456026,78,,1,2,11,1,1,,0,0,0,0,0,0,7.16667,,0,0,0,0,0,0,0,0,0,,0,0,,0,0,0,0
1613004775752,6,1010123456026,78,,1,2,11,1,1,,0,0,0,0,0,0,7.83333,,0,0,0,0,0,0,0,0,0,,0,0,,0,0,0,0
1613004776002,6,1010123456026,78,,1,2,11,1,1,,0,0,0,0,0,0,7.4,,0,0,0,0,0,0,0,0,0,,0,0,,0,0,0,0
1613004776252,6,1010123456026,78,,1,2,11,1,1,,0,0,0,0,0,0,8.66667,,0,0,0,0,0,0,0,0,0,,0,0,,0,0,0,0
1613004776502,6,1010123456026,78,,1,2,11,1,1,,0,0,0,0,0,0,7.33333,,0,0,0,0,0,0,0,0,0,,0,0,,0,0,0,0
1613004776752,6,1010123456026,78,,1,2,11,1,1,,0,0,0,0,0,0,8.8,,0,0,0,0,0,0,0,0,0,,0,0,,0,0,0,0
1613004777002,6,1010123456026,78,,1,2,11,1,1,,0,0,0,0,0,0,7,,0,0,0,0,0,0,0,0,0,,0,0,,0,0,0,0
1613004777252,6,1010123456026,78,,1,2,11,1,1,,0,0,0,0,0,0,9,,0,0,0,0,0,0,0,0,0,,0,0,,0,0,0,0
1613004777502,6,1010123456026,78,,1,2,11,1,1,,0,0,0,0,0,0,7.2,,0,0,0,0,0,0,0,0,0,,0,0,,0,0,0,0
1613004777752,6,1010123456026,78,,1,2,11,1,1,,0,0,0,0,0,0,7.33333,,0,0,0,0,0,0,0,0,0,,0,0,,0,0,0,0
1613004778002,6,1010123456026,78,,1,2,11,1,1,,0,0,0,0,0,0,7.5,,0,0,0,0,0,0,0,0,0,,0,0,,0,0,0,0
1613004778252,6,1010123456026,78,,1,2,11,1,1,,0,0,0,0,0,0,7.16667,,0,0,0,0,0,0,0,0,0,,0,0,,0,0,0,0
1613004778502,6,1010123456026,78,,1,2,11,1,1,,0,0,0,0,0,0,7.25,,0,0,0,0,0,0,0,0,0,,0,0,,0,0,0,0
1613004778752,6,1010123456026,78,,1,2,11,1,1,,0,0,0,0,0,0,7.16667,,0,0,0,0,0,0,0,0,0,,0,0,,0,0,0,0
1613004779002,6,1010123456026,78,,1,2,11,1,1,,0,0,0,0,0,0,7.33333,,0,0,0,0,0,0,0,0,0,,0,0,,0,0,0,0
1613004779252,6,1010123456026,78,,1,2,11,1,1,,0,0,0,0,0,0,0.1,,0,0,0,0,0,0,0,0,0,,0,0,,0,0,0,0
1613004779502,6,1010123456026,78,,1,2,11,1,1,,0,0,0,0,0,0,0.1,,0,0,0,0,0,0,0,0,0,,0,0,,0,0,0,0
1613004779752,6,1010123456026,78,,1,2,11,1,1,,0,0,0,0,0,0,0.1,,0,0,0,0,0,0,0,0,0,,0,0,,0,0,0,0
1613004780002,6,1010123456026,78,,1,2,11,1,1,,0,0,0,0,0,0,0.1,,0,0,0,0,0,0,0,0,0,,0,0,,0,0,0,0
1613004780252,6,1010123456026,78,,1,2,11,1,1,,0,0,0,0,0,0,0.1,,0,0,0,0,0,0,0,0,0,,0,0,,0,0,0,0
1613004780502,6,1010123456026,78,,1,2,11,1,1,,0,0,0,0,0,0,0.1,,0,0,0,0,0,0,0,0,0,,0,0,,0,0,0,0
1613004780752,6,1010123456026,78,,1,2,11,1,1,,0,0,0,0,0,0,0.1,,0,0,0,0,0,0,0,0,0,,0,0,,0,0,0,0
1613004781002,6,1010123456026,78,,1,2,11,1,1,,0,0,0,0,0,0,0.1,,0,0,0,0,0,0,0,0,0,,0,0,,0,0,0,0
1613004781252,6,1010123456026,78,,1,2,11,1,1,,0,0,0,0,0,0,6.25,,0,0,0,0,0,0,0,0,0,,0,0,,0,0,0,0
1613004781502,6,1010123456026,78,,1,2,11,1,1,,0,0,0,0,0,0,12.5,,0,0,0,0,0,0,0,0,0,,0,0,,0,0,0,0
1613004781752,6,1010123456026,78,,1,2,11,1,1,,0,0,0,0,0,0,5.5,,0,0,0,0,0,0,0,0,0,,0,0,,0,0,0,0
1613004782002,6,1010123456026,78,,1,2,11,1,1,,0,0,0,0,0,0,10,,0,0,0,0,0,0,0,0,0,,0,0,,0,0,0,0
1613004782252,6,1010123456026,78,,1,2,11,1,1,,0,0,0,0,0,0,0.1,,0,0,0,0,0,0,0,0,0,,0,0,,0,0,0,0
1613004782502,6,1010123456026,78,,1,2,11,1,1,,0,0,0,0,0,0,12,,0,0,0,0,0,0,0,0,0,,0,0,,0,0,0,0
1613004782752,6,1010123456026,78,,1,2,11,1,1,,0,0,0,0,0,0,5.5,,0,0,0,0,0,0,0,0,0,,0,0,,0,0,0,0
1613004783002,6,1010123456026,78,,1,2,11,1,1,,0,0,0,0,0,0,1.33333,,0,0,0,0,0,0,0,0,0,,0,0,,0,0,0,0
1613004783252,6,1010123456026,78,,1,2,11,1,1,,0,0,0,0,0,0,7,,0,0,0,0,0,0,0,0,0,,0,0,,0,0,0,0
1613004783502,6,1010123456026,78,,1,2,11,1,1,,0,0,0,0,0,0,9.5,,0,0,0,0,0,0,0,0,0,,0,0,,0,0,0,0
1613004783752,6,1010123456026,78,,1,2,11,1,1,,0,0,0,0,0,0,11,,0,0,0,0,0,0,0,0,0,,0,0,,0,0,0,0
1613004784002,6,1010123456026,78,,1,2,11,1,1,,0,0,0,0,0,0,7.5,,0,0,0,0,0,0,0,0,0,,0,0,,0,0,0,0
1613004784252,6,1010123456026,78,,1,2,11,1,1,,0,0,0,0,0,0,8.75,,0,0,0,0,0,0,0,0,0,,0,0,,0,0,0,0
1613004784502,6,1010123456026,78,,1,2,11,1,1,,0,0,0,0,0,0,7.33333,,0,0,0,0,0,0,0,0,0,,0,0,,0,0,0,0
1613004784752,6,1010123456026,78,,1,2,11,1,1,,0,0,0,0,0,0,9,,0,0,0,0,0,0,0,0,0,,0,0,,0,0,0,0
1613004785002,6,1010123456026,78,,1,2,11,1,1,,0,0,0,0,0,0,3.5,,0,0,0,0,0,0,0,0,0,,0,0,,0,0,0,0
1613004785252,6,1010123456026,78,,1,2,11,1,1,,0,0,0,0,0,0,14,,0,0,0,0,0,0,0,0,0,,0,0,,0,0,0,0
1613004785502,6,1010123456026,78,,1,2,11,1,1,,0,0,0,0,0,0,8,,0,0,0,0,0,0,0,0,0,,0,0,,0,0,0,0
1613004785752,6,1010123456026,78,,1,2,11,1,1,,0,0,0,0,0,0,6.66667,,0,0,0,0,0,0,0,0,0,,0,0,,0,0,0,0
1613004786002,6,1010123456026,78,,1,2,11,1,1,,0,0,0,0,0,0,8,,0,0,0,0,0,0,0,0,0,,0,0,,0,0,0,0
1613004786252,6,1010123456026,78,,1,2,11,1,1,,0,0,0,0,0,0,5.5,,0,0,0,0,0,0,0,0,0,,0,0,,0,0,0,0
1613004786502,6,1010123456026,78,,1,2,11,1,1,,0,0,0,0,0,0,5.75,,0,0,0,0,0,0,0,0,0,,0,0,,0,0,0,0
1613004786752,6,1010123456026,78,,1,2,11,1,1,,0,0,0,0,0,0,7.5,,0,0,0,0,0,0,0,0,0,,0,0,,0,0,0,0
1613004787002,6,1010123456026,78,,1,2,11,1,1,,0,0,0,0,0,0,10,,0,0,0,0,0,0,0,0,0,,0,0,,0,0,0,0
1613004787252,6,1010123456026,78,,1,2,11,1,1,,0,0,0,0,0,0,4.25,,0,0,0,0,0,0,0,0,0,,0,0,,0,0,0,0
1613004787502,6,1010123456026,78,,1,2,11,1,1,,0,0,0,0,0,0,9.33333,,0,0,0,0,0,0,0,0,0,,0,0,,0,0,0,0
1613004787752,6,1010123456026,78,,1,2,11,1,1,,0,0,0,0,0,0,9,,0,0,0,0,0,0,0,0,0,,0,0,,0,0,0,0
1613004788002,6,1010123456026,78,,1,2,11,1,1,,0,0,0,0,0,0,1,,0,0,0,0,0,0,0,0,0,,0,0,,0,0,0,0
1613004788252,6,1010123456026,78,,1,2,11,1,1,,0,0,0,0,0,0,3,,0,0,0,0,0,0,0,0,0,,0,0,,0,0,0,0
1613004788502,6,1010123456026,78,,1,2,11,1,1,,0,0,0,0,0,0,2.5,,0,0,0,0,0,0,0,0,0,,0,0,,0,0,0,0
1613004788752,6,1010123456026,78,,1,2,11,1,1,,0,0,0,0,0,0,7.5,,0,0,0,0,0,0,0,0,0,,0,0,,0,0,0,0
1613004789002,6,1010123456026,78,,1,2,11,1,1,,0,0,0,0,0,0,7.5,,0,0,0,0,0,0,0,0,0,,0,0,,0,0,0,0
