Timestamp,num_ues,IMSI,RNTI,,slicing_enabled,slice_id,slice_prb,power_multiplier,scheduling_policy,,dl_mcs,dl_n_samples,dl_buffer [bytes],tx_brate downlink [Mbps],tx_pkts downlink,tx_errors downlink (%),dl_cqi,,ul_mcs,ul_n_samples,ul_buffer [bytes],rx_brate uplink [Mbps],rx_pkts uplink,rx_errors uplink (%),ul_rssi,ul_sinr,phr,,sum_requested_prbs,sum_granted_prbs,,dl_pmi,dl_ri,ul_n,ul_turbo_iters
1613573642772,5,1010123456009,76,,1,2,5,1,2,,1.46667,30,0,0.00925301,8,0,3.75,,11.2857,42,0,0.113831,12,0,0,33.7418,31,,62,69,,0,0,0,1
1613573643022,5,1010123456009,76,,1,2,5,1,2,,5,8,0,0.002176,2,0,8.2,,11.5714,14,0,0.1,4,0,0,33.0964,31,,0,6,,0,0,0,1
1613573643272,4,1010123456009,76,,1,2,5,1,2,,0,0,0,0,0,0,7.5,,0,3,0,0.1,1,0,0,0,31,,0,0,,0,0,0,0
1613573643522,4,1010123456009,76,,1,2,5,1,2,,0,0,0,0,0,0,7,,0,0,0,0,0,0,0,0,0,,0,0,,0,0,0,0
1613573643772,4,1010123456009,76,,1,2,5,1,2,,0,0,0,0,0,0,7.16667,,0,0,0,0,0,0,0,0,0,,0,0,,0,0,0,0
1613573644022,4,1010123456009,76,,1,2,5,1,2,,0,0,0,0,0,0,7.75,,0,0,0,0,0,0,0,0,0,,0,0,,0,0,0,0
1613573644272,4,1010123456009,76,,1,2,5,1,2,,0,0,0,0,0,0,5.75,,0,0,0,0,0,0,0,0,0,,0,0,,0,0,0,0
1613573644522,4,1010123456009,76,,1,2,5,1,2,,0,0,0,0,0,0,7,,0,0,0,0,0,0,0,0,0,,0,0,,0,0,0,0
1613573644772,4,1010123456009,76,,1,2,5,1,2,,0,0,0,0,0,0,10.5,,0,0,0,0,0,0,0,0,0,,0,0,,0,0,0,0
1613573645058,6,1010123456009,76,,1,2,5,1,2,,0,0,0,0,0,0,7.66667,,0,0,0,0,0,0,0,0,0,,0,0,,0,0,0,0
1613573645288,7,1010123456009,76,,1,2,5,1,2,,0,0,0,0,0,0,6.33333,,0,0,0,0,0,0,0,0,0,,0,0,,0,0,0,0
1613573645522,9,1010123456009,76,,1,2,5,1,2,,0,0,0,0,0,0,0.1,,0,0,0,0,0,0,0,0,0,,0,0,,0,0,0,0
1613573645772,9,1010123456009,76,,1,2,5,1,2,,0,0,0,0,0,0,7,,0,0,0,0,0,0,0,0,0,,0,0,,0,0,0,0
1613573646022,8,1010123456009,76,,1,2,5,1,2,,0,0,0,0,0,0,6.5,,0,0,0,0,0,0,0,0,0,,0,0,,0,0,0,0
1613573646272,7,1010123456009,76,,1,2,5,1,2,,0,0,0,0,0,0,5,,0,0,0,0,0,0,0,0,0,,0,0,,0,0,0,0
1613573646522,6,1010123456009,76,,1,2,5,1,2,,0,0,0,0,0,0,0.1,,0,0,0,0,0,0,0,0,0,,0,0,,0,0,0,0
1613573646772,6,1010123456009,76,,1,2,5,1,2,,0,0,0,0,0,0,7,,0,0,0,0,0,0,0,0,0,,0,0,,0,0,0,0
1613573647022,6,1010123456009,76,,1,2,5,1,2,,0,0,0,0,0,0,7,,0,0,0,0,0,0,0,0,0,,0,0,,0,0,0,0
1613573647272,6,1010123456009,76,,1,2,5,1,2,,0,0,0,0,0,0,13,,0,0,0,0,0,0,0,0,0,,0,0,,0,0,0,0
1613573647522,6,1010123456009,76,,1,2,5,1,2,,0,0,0,0,0,0,13,,0,0,0,0,0,0,0,0,0,,0,0,,0,0,0,0
1613573647772,6,1010123456009,76,,1,2,5,1,2,,0,0,0,0,0,0,6,,0,0,0,0,0,0,0,0,0,,0,0,,0,0,0,0
1613573648022,6,1010123456009,76,,1,2,5,1,2,,0,0,0,0,0,0,7,,0,0,0,0,0,0,0,0,0,,0,0,,0,0,0,0
1613573648272,6,1010123456009,76,,1,2,5,1,2,,0,0,0,0,0,0,14,,0,0,0,0,0,0,0,0,0,,0,0,,0,0,0,0
1613573648522,6,1010123456009,76,,1,2,5,1,2,,0,0,0,0,0,0,12,,0,0,0,0,0,0,0,0,0,,0,0,,0,0,0,0
1613573648772,6,1010123456009,76,,1,2,5,1,2,,0,0,0,0,0,0,7,,0,0,0,0,0,0,0,0,0,,0,0,,0,0,0,0
1613573649022,6,1010123456009,76,,1,2,5,1,2,,0,0,0,0,0,0,7,,0,0,0,0,0,0,0,0,0,,0,0,,0,0,0,0
1613573649272,6,1010123456009,76,,1,2,5,1,2,,0,0,0,0,0,0,4,,0,0,0,0,0,0,0,0,0,,0,0,,0,0,0,0
1613573649522,6,1010123456009,76,,1,2,5,1,2,,0,0,0,0,0,0,5.75,,0,0,0,0,0,0,0,0,0,,0,0,,0,0,0,0
1613573649772,6,1010123456009,76,,1,2,5,1,2,,0,0,0,0,0,0,0.1,,0,0,0,0,0,0,0,0,0,,0,0,,0,0,0,0
1613573650022,6,1010123456009,76,,1,2,5,1,2,,0,0,0,0,0,0,7,,0,0,0,0,0,0,0,0,0,,0,0,,0,0,0,0
1613573650272,6,1010123456009,76,,1,2,5,1,2,,0,0,0,0,0,0,0.1,,0,0,0,0,0,0,0,0,0,,0,0,,0,0,0,0
1613573650522,6,1010123456009,76,,1,2,5,1,2,,0,0,0,0,0,0,15,,0,0,0,0,0,0,0,0,0,,0,0,,0,0,0,0
1613573650772,6,1010123456009,76,,1,2,5,1,2,,0,0,0,0,0,0,0.1,,0,0,0,0,0,0,0,0,0,,0,0,,0,0,0,0
1613573651022,6,1010123456009,76,,1,2,5,1,2,,0,0,0,0,0,0,7,,0,0,0,0,0,0,0,0,0,,0,0,,0,0,0,0
1613573651272,6,1010123456009,76,,1,2,5,1,2,,0,0,0,0,0,0,8.5,,0,0,0,0,0,0,0,0,0,,0,0,,0,0,0,0
1613573651522,6,1010123456009,76,,1,2,5,1,2,,0,0,0,0,0,0,0.1,,0,0,0,0,0,0,0,0,0,,0,0,,0,0,0,0
1613573651772,6,1010123456009,76,,1,2,5,1,2,,0,0,0,0,0,0,4,,0,0,0,0,0,0,0,0,0,,0,0,,0,0,0,0
1613573652022,6,1010123456009,76,,1,2,5,1,2,,0,0,0,0,0,0,7.66667,,0,0,0,0,0,0,0,0,0,,0,0,,0,0,0,0
1613573652272,6,1010123456009,76,,1,2,5,1,2,,0,0,0,0,0,0,12,,0,0,0,0,0,0,0,0,0,,0,0,,0,0,0,0
1613573652522,6,1010123456009,76,,1,2,5,1,2,,0,0,0,0,0,0,5,,0,0,0,0,0,0,0,0,0,,0,0,,0,0,0,0
1613573652772,6,1010123456009,76,,1,2,5,1,2,,0,0,0,0,0,0,7,,0,0,0,0,0,0,0,0,0,,0,0,,0,0,0,0
1613573653022,6,1010123456009,76,,1,2,5,1,2,,0,0,0,0,0,0,7,,0,0,0,0,0,0,0,0,0,,0,0,,0,0,0,0
1613573653272,6,1010123456009,76,,1,2,5,1,2,,0,0,0,0,0,0,7,,0,0,0,0,0,0,0,0,0,,0,0,,0,0,0,0
1613573653522,6,1010123456009,76,,1,2,5,1,2,,0,0,0,0,0,0,7,,0,0,0,0,0,0,0,0,0,,0,0,,0,0,0,0
1613573653772,6,1010123456009,76,,1,2,5,1,2,,0,0,0,0,0,0,8,,0,0,0,0,0,0,0,0,0,,0,0,,0,0,0,0
1613573654022,6,1010123456009,76,,1,2,5,1,2,,0,0,0,0,0,0,9.66667,,0,0,0,0,0,0,0,0,0,,0,0,,0,0,0,0
1613573654272,6,1010123456009,76,,1,2,5,1,2,,0,0,0,0,0,0,3,,0,0,0,0,0,0,0,0,0,,0,0,,0,0,0,0
1613573654522,6,1010123456009,76,,1,2,5,1,2,,0,0,0,0,0,0,4,,0,0,0,0,0,0,0,0,0,,0,0,,0,0,0,0
1613573654772,6,1010123456009,76,,1,2,5,1,2,,0,0,0,0,0,0,0.1,,0,0,0,0,0,0,0,0,0,,0,0,,0,0,0,0
1613573655022,6,1010123456009,76,,1,2,5,1,2,,0,0,0,0,0,0,7,,0,0,0,0,0,0,0,0,0,,0,0,,0,0,0,0
1613573655272,6,1010123456009,76,,1,2,5,1,2,,0,0,0,0,0,0,0.1,,0,0,0,0,0,0,0,0,0,,0,0,,0,0,0,0
1613573655522,6,1010123456009,76,,1,2,5,1,2,,0,0,0,0,0,0,5,,0,0,0,0,0,0,0,0,0,,0,0,,0,0,0,0
1613573655772,6,1010123456009,76,,1,2,5,1,2,,0,0,0,0,0,0,7,,0,0,0,0,0,0,0,0,0,,0,0,,0,0,0,0
1613573656022,6,1010123456009,76,,1,2,5,1,2,,0,0,0,0,0,0,8,,0,0,0,0,0,0,0,0,0,,0,0,,0,0,0,0
1613573656272,6,1010123456009,76,,1,2,5,1,2,,0,0,0,0,0,0,7.66667,,0,0,0,0,0,0,0,0,0,,0,0,,0,0,0,0
1613573656522,6,1010123456009,76,,1,2,5,1,2,,0,0,0,0,0,0,7,,0,0,0,0,0,0,0,0,0,,0,0,,0,0,0,0
1613573656772,6,1010123456009,76,,1,2,5,1,2,,0,0,0,0,0,0,7,,0,0,0,0,0,0,0,0,0,,0,0,,0,0,0,0
1613573657022,6,1010123456009,76,,1,2,5,1,2,,0,0,0,0,0,0,2,,0,0,0,0,0,0,0,0,0,,0,0,,0,0,0,0
1613573657272,6,1010123456009,76,,1,2,5,1,2,,0,0,0,0,0,0,7.5,,0,0,0,0,0,0,0,0,0,,0,0,,0,0,0,0
1613573657522,6,1010123456009,76,,1,2,5,1,2,,0,0,0,0,0,0,0.1,,0,0,0,0,0,0,0,0,0,,0,0,,0,0,0,0
1613573657772,6,1010123456009,76,,1,2,5,1,2,,0,0,0,0,0,0,7,,0,0,0,0,0,0,0,0,0,,0,0,,0,0,0,0
1613573658022,6,1010123456009,76,,1,2,5,1,2,,0,0,0,0,0,0,1,,0,0,0,0,0,0,0,0,0,,0,0,,0,0,0,0
1613573658272,6,1010123456009,76,,1,2,5,1,2,,0,0,0,0,0,0,7.5,,0,0,0,0,0,0,0,0,0,,0,0,,0,0,0,0
1613573658522,6,1010123456009,76,,1,2,5,1,2,,0,0,0,0,0,0,0.1,,0,0,0,0,0,0,0,0,0,,0,0,,0,0,0,0
1613573658772,6,1010123456009,76,,1,2,5,1,2,,0,0,0,0,0,0,7,,0,3,0,0.1,1,0,0,0,31,,0,0,,0,0,0,0
1613573659022,6,1010123456009,76,,1,2,5,1,2,,0,0,0,0,0,0,7,,0,0,0,0,0,0,0,0,0,,0,0,,0,0,0,0
1613573659272,6,1010123456009,76,,1,2,5,1,2,,0,0,0,0,0,0,6,,0,0,0,0,0,0,0,0,0,,0,0,,0,0,0,0
1613573659522,6,1010123456009,76,,1,2,5,1,2,,0,0,0,0,0,0,7,,0,0,0,0,0,0,0,0,0,,0,0,,0,0,0,0
1613573659772,6,1010123456009,76,,1,2,5,1,2,,0,0,0,0,0,0,7,,0,0,0,0,0,0,0,0,0,,0,0,,0,0,0,0
1613573660022,6,1010123456009,76,,1,2,5,1,2,,0,0,0,0,0,0,7,,0,0,0,0,0,0,0,0,0,,0,0,,0,0,0,0
1613573660272,6,1010123456009,76,,1,2,5,1,2,,0,0,0,0,0,0,0.1,,0,0,0,0,0,0,0,0,0,,0,0,,0,0,0,0
1613573660522,6,1010123456009,76,,1,2,5,1,2,,0,0,0,0,0,0,7,,0,0,0,0,0,0,0,0,0,,0,0,,0,0,0,0
1613573660772,6,1010123456009,76,,1,2,5,1,2,,0,0,0,0,0,0,7.5,,0,0,0,0,0,0,0,0,0,,0,0,,0,0,0,0
1613573661022,6,1010123456009,76,,1,2,5,1,2,,0,0,0,0,0,0,0.1,,0,0,0,0,0,0,0,0,0,,0,0,,0,0,0,0
1613573661272,6,1010123456009,76,,1,2,5,1,2,,0,0,0,0,0,0,7,,0,0,0,0,0,0,0,0,0,,0,0,,0,0,0,0
1613573661522,6,1010123456009,76,,1,2,5,1,2,,0,0,0,0,0,0,4,,0,3,0,0.1,1,0,0,0,31,,0,0,,0,0,0,0
1613573661772,6,1010123456009,76,,1,2,5,1,2,,0,0,0,0,0,0,7,,0,0,0,0,0,0,0,0,0,,0,0,,0,0,0,0
1613573662022,6,1010123456009,76,,1,2,5,1,2,,0,0,0,0,0,0,8.5,,0,0,0,0,0,0,0,0,0,,0,0,,0,0,0,0
1613573662272,6,1010123456009,76,,1,2,5,1,2,,0,0,0,0,0,0,0.1,,0,0,0,0,0,0,0,0,0,,0,0,,0,0,0,0
1613573662522,6,1010123456009,76,,1,2,5,1,2,,0,0,0,0,0,0,6.5,,0,0,0,0,0,0,0,0,0,,0,0,,0,0,0,0
1613573662772,6,1010123456009,76,,1,2,5,1,2,,0,0,0,0,0,0,7,,0,0,0,0,0,0,0,0,0,,0,0,,0,0,0,0
1613573663022,6,1010123456009,76,,1,2,5,1,2,,0,0,0,0,0,0,6.5,,0,0,0,0,0,0,0,0,0,,0,0,,0,0,0,0
1613573663272,6,1010123456009,76,,1,2,5,1,2,,0,0,0,0,0,0,8,,0,0,0,0,0,0,0,0,0,,0,0,,0,0,0,0
1613573663522,6,1010123456009,76,,1,2,5,1,2,,0,0,0,0,0,0,0.1,,0,0,0,0,0,0,0,0,0,,0,0,,0,0,0,0
1613573663772,6,1010123456009,76,,1,2,5,1,2,,0,0,0,0,0,0,6.5,,0,0,0,0,0,0,0,0,0,,0,0,,0,0,0,0
1613573664022,6,1010123456009,76,,1,2,5,1,2,,0,0,0,0,0,0,1,,0,0,0,0,0,0,0,0,0,,0,0,,0,0,0,0
1613573664272,6,1010123456009,76,,1,2,5,1,2,,0,0,0,0,0,0,0.1,,0,0,0,0,0,0,0,0,0,,0,0,,0,0,0,0
1613573664522,6,1010123456009,76,,1,2,5,1,2,,0,0,0,0,0,0,7,,0,0,0,0,0,0,0,0,0,,0,0,,0,0,0,0
1613573664772,6,1010123456009,76,,1,2,5,1,2,,0,0,0,0,0,0,12,,0,0,0,0,0,0,0,0,0,,0,0,,0,0,0,0
1613573665022,6,1010123456009,76,,1,2,5,1,2,,0,0,0,0,0,0,0.1,,0,0,0,0,0,0,0,0,0,,0,0,,0,0,0,0
1613573665272,6,1010123456009,76,,1,2,5,1,2,,0,0,0,0,0,0,7,,0,0,0,0,0,0,0,0,0,,0,0,,0,0,0,0
1613573665522,6,1010123456009,76,,1,2,5,1,2,,0,0,0,0,0,0,7,,0,0,0,0,0,0,0,0,0,,0,0,,0,0,0,0
1613573665772,6,1010123456009,76,,1,2,5,1,2,,0,0,0,0,0,0,0.1,,0,0,0,0,0,0,0,0,0,,0,0,,0,0,0,0
1613573666022,6,1010123456009,76,,1,2,5,1,2,,0,0,0,0,0,0,7,,0,0,0,0,0,0,0,0,0,,0,0,,0,0,0,0
1613573666272,6,1010123456009,76,,1,2,5,1,2,,0,0,0,0,0,0,7,,0,0,0,0,0,0,0,0,0,,0,0,,0,0,0,0
1613573666522,6,1010123456009,76,,1,2,5,1,2,,0,0,0,0,0,0,7,,0,0,0,0,0,0,0,0,0,,0,0,,0,0,0,0
1613573666772,6,1010123456009,76,,1,2,5,1,2,,0,0,0,0,0,0,0.1,,0,0,0,0,0,0,0,0,0,,0,0,,0,0,0,0
1613573667022,6,1010123456009,76,,1,2,5,1,2,,0,0,0,0,0,0,7,,0,0,0,0,0,0,0,0,0,,0,0,,0,0,0,0
1613573667272,6,1010123456009,76,,1,2,5,1,2,,0,0,0,0,0,0,6.5,,0,0,0,0,0,0,0,0,0,,0,0,,0,0,0,0
1613573667522,6,1010123456009,76,,1,2,5,1,2,,0,0,0,0,0,0,8,,0,0,0,0,0,0,0,0,0,,0,0,,0,0,0,0
1613573667772,6,1010123456009,76,,1,2,5,1,2,,0,0,0,0,0,0,7,,0,0,0,0,0,0,0,0,0,,0,0,,0,0,0,0
1613573668022,6,1010123456009,76,,1,2,5,1,2,,0,0,0,0,0,0,1,,0,0,0,0,0,0,0,0,0,,0,0,,0,0,0,0
1613573668272,6,1010123456009,76,,1,2,5,1,2,,0,0,0,0,0,0,10,,0,0,0,0,0,0,0,0,0,,0,0,,0,0,0,0
1613573668522,6,1010123456009,76,,1,2,5,1,2,,0,0,0,0,0,0,7,,0,0,0,0,0,0,0,0,0,,0,0,,0,0,0,0
1613573668772,6,1010123456009,76,,1,2,5,1,2,,0,0,0,0,0,0,7,,0,0,0,0,0,0,0,0,0,,0,0,,0,0,0,0
1613573669022,6,1010123456009,76,,1,2,5,1,2,,0,0,0,0,0,0,0.1,,0,0,0,0,0,0,0,0,0,,0,0,,0,0,0,0
1613573669272,6,1010123456009,76,,1,2,5,1,2,,0,0,0,0,0,0,7,,0,0,0,0,0,0,0,0,0,,0,0,,0,0,0,0
1613573669522,6,1010123456009,76,,1,2,5,1,2,,0,0,0,0,0,0,7,,0,0,0,0,0,0,0,0,0,,0,0,,0,0,0,0
1613573669772,6,1010123456009,76,,1,2,5,1,2,,0,0,0,0,0,0,7,,0,0,0,0,0,0,0,0,0,,0,0,,0,0,0,0
1613573670022,6,1010123456009,76,,1,2,5,1,2,,0,0,0,0,0,0,3.5,,0,0,0,0,0,0,0,0,0,,0,0,,0,0,0,0
1613573670272,6,1010123456009,76,,1,2,5,1,2,,0,0,0,0,0,0,4,,0,0,0,0,0,0,0,0,0,,0,0,,0,0,0,0
1613573670522,6,1010123456009,76,,1,2,5,1,2,,0,0,0,0,0,0,7,,0,0,0,0,0,0,0,0,0,,0,0,,0,0,0,0
1613573670772,6,1010123456009,76,,1,2,5,1,2,,0,0,0,0,0,0,4,,0,0,0,0,0,0,0,0,0,,0,0,,0,0,0,0
1613573671022,6,1010123456009,76,,1,2,5,1,2,,0,0,0,0,0,0,0.1,,0,0,0,0,0,0,0,0,0,,0,0,,0,0,0,0
1613573671272,6,1010123456009,76,,1,2,5,1,2,,0,0,0,0,0,0,7,,0,0,0,0,0,0,0,0,0,,0,0,,0,0,0,0
1613573671522,6,1010123456009,76,,1,2,5,1,2,,0,0,0,0,0,0,0.1,,0,0,0,0,0,0,0,0,0,,0,0,,0,0,0,0
1613573671772,6,1010123456009,76,,1,2,5,1,2,,0,0,0,0,0,0,7,,0,0,0,0,0,0,0,0,0,,0,0,,0,0,0,0
1613573672022,6,1010123456009,76,,1,2,5,1,2,,0,0,0,0,0,0,7,,0,0,0,0,0,0,0,0,0,,0,0,,0,0,0,0
1613573672272,6,1010123456009,76,,1,2,5,1,2,,0,0,0,0,0,0,0.1,,0,0,0,0,0,0,0,0,0,,0,0,,0,0,0,0
1613573672522,6,1010123456009,76,,1,2,5,1,2,,0,0,0,0,0,0,7,,0,0,0,0,0,0,0,0,0,,0,0,,0,0,0,0
1613573672772,6,1010123456009,76,,1,2,5,1,2,,0,0,0,0,0,0,7,,0,0,0,0,0,0,0,0,0,,0,0,,0,0,0,0
1613573673022,6,1010123456009,76,,1,2,5,1,2,,0,0,0,0,0,0,9.66667,,0,0,0,0,0,0,0,0,0,,0,0,,0,0,0,0
1613573673272,6,1010123456009,76,,1,2,5,1,2,,0,0,0,0,0,0,7,,0,0,0,0,0,0,0,0,0,,0,0,,0,0,0,0
1613573673522,6,1010123456009,76,,1,2,5,1,2,,0,0,0,0,0,0,0.1,,0,0,0,0,0,0,0,0,0,,0,0,,0,0,0,0
1613573673772,6,1010123456009,76,,1,2,5,1,2,,0,0,0,0,0,0,7,,0,0,0,0,0,0,0,0,0,,0,0,,0,0,0,0
1613573674022,6,1010123456009,76,,1,2,5,1,2,,0,0,0,0,0,0,7,,0,0,0,0,0,0,0,0,0,,0,0,,0,0,0,0
1613573674272,6,1010123456009,76,,1,2,5,1,2,,0,0,0,0,0,0,0.1,,0,0,0,0,0,0,0,0,0,,0,0,,0,0,0,0
1613573674522,6,1010123456009,76,,1,2,5,1,2,,0,0,0,0,0,0,11.5,,0,0,0,0,0,0,0,0,0,,0,0,,0,0,0,0
1613573674772,6,1010123456009,76,,1,2,5,1,2,,0,0,0,0,0,0,0.1,,0,0,0,0,0,0,0,0,0,,0,0,,0,0,0,0
1613573675022,6,1010123456009,76,,1,2,5,1,2,,0,0,0,0,0,0,0.1,,0,0,0,0,0,0,0,0,0,,0,0,,0,0,0,0
1613573675272,6,1010123456009,76,,1,2,5,1,2,,0,0,0,0,0,0,7,,0,0,0,0,0,0,0,0,0,,0,0,,0,0,0,0
1613573675522,6,1010123456009,76,,1,2,5,1,2,,0,0,0,0,0,0,0.1,,0,0,0,0,0,0,0,0,0,,0,0,,0,0,0,0
1613573675772,6,1010123456009,76,,1,2,5,1,2,,0,0,0,0,0,0,7,,0,0,0,0,0,0,0,0,0,,0,0,,0,0,0,0
1613573676022,6,1010123456009,76,,1,2,5,1,2,,0,0,0,0,0,0,7,,0,0,0,0,0,0,0,0,0,,0,0,,0,0,0,0
1613573676272,6,1010123456009,76,,1,2,5,1,2,,0,0,0,0,0,0,7,,0,0,0,0,0,0,0,0,0,,0,0,,0,0,0,0
1613573676522,6,1010123456009,76,,1,2,5,1,2,,0,0,0,0,0,0,7,,0,0,0,0,0,0,0,0,0,,0,0,,0,0,0,0
1613573676772,6,1010123456009,76,,1,2,5,1,2,,0,0,0,0,0,0,8,,0,0,0,0,0,0,0,0,0,,0,0,,0,0,0,0
1613573677022,6,1010123456009,76,,1,2,5,1,2,,0,0,0,0,0,0,7.66667,,0,0,0,0,0,0,0,0,0,,0,0,,0,0,0,0
1613573677272,6,1010123456009,76,,1,2,5,1,2,,0,0,0,0,0,0,7,,0,0,0,0,0,0,0,0,0,,0,0,,0,0,0,0
1613573677522,6,1010123456009,76,,1,2,5,1,2,,0,0,0,0,0,0,5,,0,0,0,0,0,0,0,0,0,,0,0,,0,0,0,0
1613573677772,6,1010123456009,76,,1,2,5,1,2,,0,0,0,0,0,0,7.66667,,0,0,0,0,0,0,0,0,0,,0,0,,0,0,0,0
1613573678022,6,1010123456009,76,,1,2,5,1,2,,0,0,0,0,0,0,2.5,,0,0,0,0,0,0,0,0,0,,0,0,,0,0,0,0
1613573678272,6,1010123456009,76,,1,2,5,1,2,,0,0,0,0,0,0,13,,0,0,0,0,0,0,0,0,0,,0,0,,0,0,0,0
1613573678522,6,1010123456009,76,,1,2,5,1,2,,0,0,0,0,0,0,0.1,,0,0,0,0,0,0,0,0,0,,0,0,,0,0,0,0
1613573678772,6,1010123456009,76,,1,2,5,1,2,,0,0,0,0,0,0,7,,0,0,0,0,0,0,0,0,0,,0,0,,0,0,0,0
1613573679022,6,1010123456009,76,,1,2,5,1,2,,0,0,0,0,0,0,7,,0,0,0,0,0,0,0,0,0,,0,0,,0,0,0,0
1613573679272,6,1010123456009,76,,1,2,5,1,2,,0,0,0,0,0,0,6.5,,0,0,0,0,0,0,0,0,0,,0,0,,0,0,0,0
1613573679522,6,1010123456009,76,,1,2,5,1,2,,0,0,0,0,0,0,9,,0,0,0,0,0,0,0,0,0,,0,0,,0,0,0,0
1613573679772,6,1010123456009,76,,1,2,5,1,2,,0,0,0,0,0,0,7,,0,0,0,0,0,0,0,0,0,,0,0,,0,0,0,0
1613573680022,6,1010123456009,76,,1,2,5,1,2,,0,0,0,0,0,0,0.1,,0,0,0,0,0,0,0,0,0,,0,0,,0,0,0,0
1613573680272,6,1010123456009,76,,1,2,5,1,2,,0,0,0,0,0,0,9,,0,0,0,0,0,0,0,0,0,,0,0,,0,0,0,0
1613573680522,6,1010123456009,76,,1,2,5,1,2,,0,0,0,0,0,0,6.5,,0,0,0,0,0,0,0,0,0,,0,0,,0,0,0,0
1613573680772,6,1010123456009,76,,1,2,5,1,2,,0,0,0,0,0,0,10,,0,0,0,0,0,0,0,0,0,,0,0,,0,0,0,0
1613573681022,6,1010123456009,76,,1,2,5,1,2,,0,0,0,0,0,0,12,,0,0,0,0,0,0,0,0,0,,0,0,,0,0,0,0
1613573681272,6,1010123456009,76,,1,2,5,1,2,,0,0,0,0,0,0,7,,0,0,0,0,0,0,0,0,0,,0,0,,0,0,0,0
1613573681522,6,1010123456009,76,,1,2,5,1,2,,0,0,0,0,0,0,7.33333,,0,0,0,0,0,0,0,0,0,,0,0,,0,0,0,0
1613573681772,6,1010123456009,76,,1,2,5,1,2,,0,0,0,0,0,0,7,,0,0,0,0,0,0,0,0,0,,0,0,,0,0,0,0
1613573682022,6,1010123456009,76,,1,2,5,1,2,,0,0,0,0,0,0,7.66667,,0,0,0,0,0,0,0,0,0,,0,0,,0,0,0,0
1613573682272,6,1010123456009,76,,1,2,5,1,2,,0,0,0,0,0,0,7,,0,0,0,0,0,0,0,0,0,,0,0,,0,0,0,0
1613573682522,6,1010123456009,76,,1,2,5,1,2,,0,0,0,0,0,0,7,,0,0,0,0,0,0,0,0,0,,0,0,,0,0,0,0
1613573682772,6,1010123456009,76,,1,2,5,1,2,,0,0,0,0,0,0,14,,0,0,0,0,0,0,0,0,0,,0,0,,0,0,0,0
1613573683022,6,1010123456009,76,,1,2,5,1,2,,0,0,0,0,0,0,6.33333,,0,0,0,0,0,0,0,0,0,,0,0,,0,0,0,0
1613573683272,6,1010123456009,76,,1,2,5,1,2,,0,0,0,0,0,0,10,,0,0,0,0,0,0,0,0,0,,0,0,,0,0,0,0
1613573683522,6,1010123456009,76,,1,2,5,1,2,,0,0,0,0,0,0,7,,0,0,0,0,0,0,0,0,0,,0,0,,0,0,0,0
1613573683772,6,1010123456009,76,,1,2,5,1,2,,0,0,0,0,0,0,9.66667,,0,0,0,0,0,0,0,0,0,,0,0,,0,0,0,0
1613573684022,6,1010123456009,76,,1,2,5,1,2,,0,0,0,0,0,0,7.33333,,0,0,0,0,0,0,0,0,0,,0,0,,0,0,0,0
1613573684272,6,1010123456009,76,,1,2,5,1,2,,0,0,0,0,0,0,8,,0,0,0,0,0,0,0,0,0,,0,0,,0,0,0,0
1613573684522,6,1010123456009,76,,1,2,5,1,2,,0,0,0,0,0,0,9.66667,,0,0,0,0,0,0,0,0,0,,0,0,,0,0,0,0
1613573684772,6,1010123456009,76,,1,2,5,1,2,,0,0,0,0,0,0,7,,0,0,0,0,0,0,0,0,0,,0,0,,0,0,0,0
1613573685022,6,1010123456009,76,,1,2,5,1,2,,0,0,0,0,0,0,6.66667,,0,0,0,0,0,0,0,0,0,,0,0,,0,0,0,0
1613573685272,6,1010123456009,76,,1,2,5,1,2,,0,0,0,0,0,0,7,,0,0,0,0,0,0,0,0,0,,0,0,,0,0,0,0
1613573685522,6,1010123456009,76,,1,2,5,1,2,,0,0,0,0,0,0,6,,0,0,0,0,0,0,0,0,0,,0,0,,0,0,0,0
1613573685772,6,1010123456009,76,,1,2,5,1,2,,0,0,0,0,0,0,8.66667,,0,0,0,0,0,0,0,0,0,,0,0,,0,0,0,0
1613573686022,6,1010123456009,76,,1,2,5,1,2,,0,0,0,0,0,0,7,,0,0,0,0,0,0,0,0,0,,0,0,,0,0,0,0
1613573686272,6,1010123456009,76,,1,2,5,1,2,,0,0,0,0,0,0,0.1,,0,0,0,0,0,0,0,0,0,,0,0,,0,0,0,0
1613573686522,6,1010123456009,76,,1,2,5,1,2,,0,0,0,0,0,0,7,,0,0,0,0,0,0,0,0,0,,0,0,,0,0,0,0
1613573686772,6,1010123456009,76,,1,2,5,1,2,,0,0,0,0,0,0,7,,0,0,0,0,0,0,0,0,0,,0,0,,0,0,0,0
1613573687022,6,1010123456009,76,,1,2,5,1,2,,6.55986,284,115,0.13776,87,0,5.25,,15.9028,72,0,0.154336,24,83.3333,0,6.12964,31,,177,342,,0,0,0,8.125
1613573687272,6,1010123456009,76,,1,2,5,1,2,,11.1832,262,0,0.137728,74,0,7.25,,0,0,0,0,0,0,0,0,0,,170,195,,0,0,0,0
1613573687522,6,1010123456009,76,,1,2,5,1,2,,6.75415,301,0,0.114624,91,0,5.8,,0,0,0,0,0,0,0,0,0,,270,285,,0,0,0,0
1613573687772,6,1010123456009,76,,1,2,5,1,2,,6.91105,371,0,0.138784,106,0,6.16667,,0,0,0,0,0,0,0,0,0,,314,335,,0,0,0,0
1613573688022,6,1010123456009,76,,1,2,5,1,2,,7.86103,331,0,0.127648,94,0,5.5,,0.1,20,0,0.1,6,16.6667,0,1.65802,31,,252,275,,0,0,0,2.75
1613573688272,6,1010123456009,76,,1,2,5,1,2,,10.715,214,0,0.109696,63,0,7,,0,0,0,0,0,0,0,0,0,,137,158,,0,0,0,0
1613573688522,6,1010123456009,76,,1,2,5,1,2,,9.84848,198,0,0.096384,58,0,6.8,,0,0,0,0,0,0,0,0,0,,122,149,,0,0,0,0
1613573688772,6,1010123456009,76,,1,2,5,1,2,,11.2356,191,0,0.108256,55,0,7.25,,0,0,0,0,0,0,0,0,0,,116,144,,0,0,0,0
1613573689022,6,1010123456009,76,,1,2,5,1,2,,10.2452,208,0,0.0984,60,0,7.25,,0.1,30,0,0.1,8,75,0,0.719159,31,,134,156,,0,0,0,8.03333
1613573689272,6,1010123456009,76,,1,2,5,1,2,,11.7378,286,0,0.156512,79,0,7.6,,0,0,0,0,0,0,0,0,0,,190,211,,0,0,0,0
1613573689522,6,1010123456009,76,,1,2,5,1,2,,8.42308,182,0,0.088224,55,0,4,,0,0,0,0,0,0,0,0,0,,147,159,,0,0,0,0
1613573689772,6,1010123456009,76,,1,2,5,1,2,,11.475,240,158,0.124192,66,0,7.4,,0,0,0,0,0,0,0,0,0,,153,177,,0,0,0,0
1613573690022,6,1010123456009,76,,1,2,5,1,2,,10.784,287,0,0.140448,79,0,7,,0.1,13,0,0.1,4,25,0,1.14045,31,,179,214,,0,0,0,7.61538
1613573690272,6,1010123456009,76,,1,2,5,1,2,,5.82248,507,0,0.173888,146,0,5.4,,0,3,0,0.1,1,0,0,0,31,,474,496,,0,0,0,0
1613573690522,6,1010123456009,76,,1,2,5,1,2,,7.095,400,0,0.149044,114,0,5.83333,,0,6,0,0.1,2,50,0,0,31,,324,346,,0,0,0,0
1613573690772,6,1010123456009,76,,1,2,5,1,2,,11.3068,251,37,0.132704,75,0,8.25,,0,0,0,0,0,0,0,0,0,,153,179,,0,0,0,0
1613573691022,6,1010123456009,76,,1,2,5,1,2,,11.48,125,0,0.075648,37,0,7.4,,0.1,16,0,0,4,100,0,0.269445,0,,81,94,,0,0,0,10
1613573691272,6,1010123456009,76,,1,2,5,1,2,,8.65714,280,0,0.12064,79,0,8,,0.1,11,0,0.1,3,33.3333,0,0.256994,31,,200,218,,0,0,0,4.90909
1613573691522,6,1010123456009,76,,1,2,5,1,2,,10.5906,149,0,0.0654137,40,0,7,,0,0,0,0,0,0,0,0,0,,94,107,,0,0,0,0
1613573691772,6,1010123456009,76,,1,2,5,1,2,,10.4901,202,0,0.103168,61,0,6.83333,,0,0,0,0,0,0,0,0,0,,129,148,,0,0,0,0
1613573692022,6,1010123456009,76,,1,2,5,1,2,,10.6278,223,99,0.108916,63,0,7.16667,,0.1,19,0,0.1,5,20,0,11.1457,31,,142,165,,0,0,0,4.36842
1613573692272,6,1010123456009,76,,1,2,5,1,2,,10.9744,234,0,0.114976,65,0,7,,15,16,0,0,4,100,0,2.1047,0,,149,168,,0,0,0,10
1613573692522,6,1010123456009,76,,1,2,5,1,2,,10.6199,171,46,0.085824,49,0,7,,0,0,0,0,0,0,0,0,0,,103,128,,0,0,0,0
1613573692772,6,1010123456009,76,,1,2,5,1,2,,10.1828,186,0,0.092128,53,0,7,,0,0,0,0,0,0,0,0,0,,115,144,,0,0,0,0
1613573693022,6,1010123456009,76,,1,2,5,1,2,,10.8247,308,0,0.167584,92,0,7.16667,,0.1,19,0,0.1,5,80,0,0.731106,31,,199,233,,0,0,0,8.89474
1613573693272,6,1010123456009,76,,1,2,5,1,2,,10.8889,261,0,0.130112,75,0,7.33333,,0.1,19,0,0.1,5,60,0,0.731829,31,,166,187,,0,0,0,6.68421
1613573693522,6,1010123456009,76,,1,2,5,1,2,,12.8071,254,0,0.162281,70,0,9,,0,0,0,0,0,0,0,0,0,,154,187,,0,0,0,0
1613573693772,6,1010123456009,76,,1,2,5,1,2,,10.3947,152,0,0.081024,46,0,7,,0,0,0,0,0,0,0,0,0,,91,114,,0,0,0,0
1613573694022,6,1010123456009,76,,1,2,5,1,2,,11.1123,285,0,0.145376,81,0,7.2,,0.1,10,0,0.1,3,0,0,10.6657,31,,171,206,,0,0,0,2.2
1613573694272,6,1010123456009,76,,1,2,5,1,2,,10.7692,260,0,0.134976,74,0,7,,0,0,0,0,0,0,0,0,0,,159,196,,0,0,0,0
1613573694522,6,1010123456009,76,,1,2,5,1,2,,10.5688,276,158,0.136,78,0,7,,0,0,0,0,0,0,0,0,0,,175,209,,0,0,0,0
1613573694772,6,1010123456009,76,,1,2,5,1,2,,11.0043,231,0,0.122976,68,0,8,,0,0,0,0,0,0,0,0,0,,144,169,,0,0,0,0
1613573695022,6,1010123456009,76,,1,2,5,1,2,,10.7792,231,158,0.113248,65,0,7,,0.1,13,0,0.1,4,0,0,6.92265,31,,148,167,,0,0,0,2.69231
1613573695272,6,1010123456009,76,,1,2,5,1,2,,11.0362,304,0,0.151552,85,0,7,,0,0,0,0,0,0,0,0,0,,193,226,,0,0,0,0
1613573695522,6,1010123456009,76,,1,2,5,1,2,,11.9636,165,0,0.0867791,45,0,7.5,,0,0,0,0,0,0,0,0,0,,102,118,,0,0,0,0
1613573695772,6,1010123456009,76,,1,2,5,1,2,,13.3179,173,0,0.118586,54,0,5,,0,0,0,0,0,0,0,0,0,,105,122,,0,0,0,0
1613573696022,6,1010123456009,76,,1,2,5,1,2,,11.9726,146,0,0.06784,35,0,7.66667,,0,12,0,0,4,100,0,0,0,,91,105,,0,0,0,0
1613573696272,6,1010123456009,76,,1,2,5,1,2,,10.8082,219,0,0.122153,69,0,7,,0.1,7,0,0.1,2,0,0,2.21433,31,,141,160,,0,0,0,2
1613573696522,6,1010123456009,76,,1,2,5,1,2,,10.7922,308,0,0.146624,82,0,7,,0,0,0,0,0,0,0,0,0,,197,231,,0,0,0,0
1613573696772,6,1010123456009,76,,1,2,5,1,2,,7.26023,342,254,0.124288,95,0,5.25,,0,0,0,0,0,0,0,0,0,,278,299,,0,0,0,0
1613573697022,6,1010123456009,76,,1,2,5,1,2,,9.38281,256,158,0.134976,84,0,9.33333,,0.1,23,0,0.1,6,33.3333,0,1.09825,31,,179,203,,0,0,0,5.43478
1613573697272,6,1010123456009,76,,1,2,5,1,2,,10.9121,182,158,0.09728,53,0,7,,0,0,0,0,0,0,0,0,0,,121,145,,0,0,0,0
1613573697522,6,1010123456009,76,,1,2,5,1,2,,7.44807,337,0,0.158683,97,0,7,,0,0,0,0,0,0,0,0,0,,288,320,,0,0,0,0
1613573697772,6,1010123456009,76,,1,2,5,1,2,,10.442,276,246,0.135744,80,0,6.75,,0,0,0,0,0,0,0,0,0,,178,211,,0,0,0,0
1613573698022,6,1010123456009,76,,1,2,5,1,2,,10.4881,252,0,0.118944,68,0,7,,0.1,11,0,0.1,3,0,0,10.3702,31,,153,192,,0,0,0,1.72727
1613573698272,6,1010123456009,76,,1,2,5,1,2,,10.6646,158,0,0.0925622,52,0,6.75,,0,0,0,0,0,0,0,0,0,,105,124,,0,0,0,0
1613573698522,6,1010123456009,76,,1,2,5,1,2,,11.8345,139,0,0.080768,40,0,7.4,,0,0,0,0,0,0,0,0,0,,84,104,,0,0,0,0
1613573698772,6,1010123456009,76,,1,2,5,1,2,,10.0045,224,0,0.0880964,58,0,6.83333,,0,0,0,0,0,0,0,0,0,,146,162,,0,0,0,0
1613573699022,6,1010123456009,76,,1,2,5,1,2,,10.8707,317,0,0.174112,98,0,7.5,,0,12,0,0,4,100,0,0,0,,195,237,,0,0,0,0
1613573699272,6,1010123456009,76,,1,2,5,1,2,,11.825,200,0,0.113735,57,0,7,,0,3,0,0.1,1,0,0,0,31,,128,146,,0,0,0,0
1613573699522,6,1010123456009,76,,1,2,5,1,2,,11.77,287,158,0.145088,77,0,7.75,,0,0,0,0,0,0,0,0,0,,179,205,,0,0,0,0
1613573699772,6,1010123456009,76,,1,2,5,1,2,,10.8095,252,0,0.135776,78,0,7,,0,0,0,0,0,0,0,0,0,,164,183,,0,0,0,0
1613573700022,6,1010123456009,76,,1,2,5,1,2,,10.9749,239,0,0.12448,69,0,7,,0.1,15,0,0.1,4,0,0,8.30755,31,,150,179,,0,0,0,1.53333
1613573700272,6,1010123456009,76,,1,2,5,1,2,,10.3138,239,158,0.11424,69,0,6,,0,0,0,0,0,0,0,0,0,,160,178,,0,0,0,0
1613573700522,6,1010123456009,76,,1,2,5,1,2,,9.09474,285,0,0.126208,82,0,0.1,,0,0,0,0,0,0,0,0,0,,218,227,,0,0,0,0
1613573700772,6,1010123456009,76,,1,2,5,1,2,,7.03909,307,0,0.11152,85,0,6,,0,0,0,0,0,0,0,0,0,,238,271,,0,0,0,0
1613573701022,6,1010123456009,76,,1,2,5,1,2,,10.8452,168,0,0.092128,52,0,7,,0.1,32,0,0.1,9,55.5556,0,0.737162,31,,118,127,,0,0,0,5.625
1613573701272,6,1010123456009,76,,1,2,5,1,2,,10.7444,266,0,0.125205,73,0,7,,0,0,0,0,0,0,0,0,0,,166,193,,0,0,0,0
1613573701522,6,1010123456009,76,,1,2,5,1,2,,11.069,290,51,0.140305,79,0,7,,0,0,0,0,0,0,0,0,0,,182,211,,0,0,0,0
1613573701772,6,1010123456009,76,,1,2,5,1,2,,4.76303,422,0,0.137024,128,0,5.16667,,0,0,0,0,0,0,0,0,0,,381,394,,0,0,0,0
1613573702022,6,1010123456009,76,,1,2,5,1,2,,7.10082,367,20,0.130944,99,0,5.5,,0.1,15,0,0,4,100,0,0.455829,0,,291,319,,0,0,0,10
1613573702272,6,1010123456009,76,,1,2,5,1,2,,10.7209,172,0,0.098048,55,0,6.5,,0.1,7,0,0.1,2,0,0,0.81067,31,,101,129,,0,0,0,3
1613573702522,6,1010123456009,76,,1,2,5,1,2,,11.1339,239,0,0.126784,70,0,7,,0,0,0,0,0,0,0,0,0,,149,179,,0,0,0,0
1613573702772,6,1010123456009,76,,1,2,5,1,2,,11.1133,203,0,0.102048,55,0,8.75,,0,0,0,0,0,0,0,0,0,,123,146,,0,0,0,0
1613573703022,6,1010123456009,76,,1,2,5,1,2,,10.1056,341,0,0.163904,102,0,6.75,,7.7381,42,0,0.1,12,66.6667,0,3.11847,31,,226,256,,0,0,0,7.38095
1613573703272,6,1010123456009,76,,1,2,5,1,2,,10.5982,224,0,0.098784,59,0,7,,0,0,0,0,0,0,0,0,0,,144,165,,0,0,0,0
1613573703522,6,1010123456009,76,,1,2,5,1,2,,11.1512,172,0,0.097536,55,0,8.75,,0,0,0,0,0,0,0,0,0,,110,123,,0,0,0,0
1613573703772,6,1010123456009,76,,1,2,5,1,2,,10.3091,165,0,0.078528,46,0,7,,0,0,0,0,0,0,0,0,0,,105,125,,0,0,0,0
1613573704022,6,1010123456009,76,,1,2,5,1,2,,10.6085,212,72,0.106217,62,0,7,,2.95238,84,0,0.1,24,58.3333,0,4.84144,31,,136,156,,0,0,0,6.91667
1613573704272,6,1010123456009,76,,1,2,5,1,2,,11.6768,164,0,0.09712,49,0,7.5,,0,0,0,0,0,0,0,0,0,,106,125,,0,0,0,0
1613573704522,6,1010123456009,76,,1,2,5,1,2,,11.2206,204,0,0.107776,59,0,7.33333,,0,0,0,0,0,0,0,0,0,,133,150,,0,0,0,0
1613573704772,6,1010123456009,76,,1,2,5,1,2,,11.4974,189,22,0.093792,47,0,7,,0,0,0,0,0,0,0,0,0,,112,138,,0,0,0,0
1613573705022,6,1010123456009,76,,1,2,5,1,2,,10.8133,316,0,0.171776,95,0,7,,0.1,15,0,0.1,4,0,0,7.30379,31,,199,241,,0,0,0,3.4
1613573705272,6,1010123456009,76,,1,2,5,1,2,,10.3957,278,0,0.130464,77,0,7,,0,3,0,0.1,1,0,0,0,31,,180,208,,0,0,0,0
1613573705522,6,1010123456009,76,,1,2,5,1,2,,7.45143,175,0,0.0780402,57,0,4.66667,,0,0,0,0,0,0,0,0,0,,148,149,,0,0,0,0
1613573705772,6,1010123456009,76,,1,2,5,1,2,,11.3523,176,0,0.10288,50,0,7.5,,0,0,0,0,0,0,0,0,0,,105,134,,0,0,0,0
1613573706022,6,1010123456009,76,,1,2,5,1,2,,10.0494,243,0,0.125792,74,0,6.4,,15.45,80,0,0.1,27,88.8889,0,2.82231,31,,177,203,,0,0,0,9.2125
1613573706272,6,1010123456009,76,,1,2,5,1,2,,11.6119,134,0,0.0702008,36,0,7.2,,0,0,0,0,0,0,0,0,0,,84,100,,0,0,0,0
1613573706522,6,1010123456009,76,,1,2,5,1,2,,7.17369,380,0,0.155888,113,0,7,,0,0,0,0,0,0,0,0,0,,290,330,,0,0,0,0
1613573706772,6,1010123456009,76,,1,2,5,1,2,,13.5656,122,14,0.079712,33,0,8.66667,,0,0,0,0,0,0,0,0,0,,74,90,,0,0,0,0
1613573707022,6,1010123456009,76,,1,2,5,1,2,,6.5743,249,0,0.11568,75,0,4.66667,,0.1,14,0,0.1,4,25,0,1.1493,31,,199,212,,0,0,0,4.5
1613573707272,6,1010123456009,76,,1,2,5,1,2,,10.8264,242,0,0.124512,70,0,7,,0,0,0,0,0,0,0,0,0,,152,183,,0,0,0,0
1613573707522,6,1010123456009,76,,1,2,5,1,2,,10.7336,274,0,0.146016,78,0,7.2,,0.1,8,0,0.1,2,50,0,0.521755,31,,166,209,,0,0,0,6.5
1613573707772,6,1010123456009,76,,1,2,5,1,2,,11.1361,338,0,0.163872,92,0,7,,0,0,0,0,0,0,0,0,0,,222,246,,0,0,0,0
1613573708022,6,1010123456009,76,,1,2,5,1,2,,10.9,260,0,0.141728,78,0,7,,7.23077,26,0,0.1,7,57.1429,0,10.1061,31,,167,196,,0,0,0,6.53846
1613573708272,6,1010123456009,76,,1,2,5,1,2,,10.1902,305,0,0.150176,90,0,6.8,,15,16,0,0,4,100,0,2.47116,0,,198,231,,0,0,0,10
1613573708522,6,1010123456009,76,,1,2,5,1,2,,11.6384,224,0,0.118432,62,0,8,,0,0,0,0,0,0,0,0,0,,140,164,,0,0,0,0
1613573708772,6,1010123456009,76,,1,2,5,1,2,,10.1832,273,291,0.13264,75,0,7,,0,0,0,0,0,0,0,0,0,,170,203,,0,0,0,0
1613573709022,6,1010123456009,76,,1,2,5,1,2,,10.233,309,0,0.155328,92,0,7,,0.1,33,0,0.1,9,77.7778,0,0.980903,31,,200,233,,0,0,0,9.18182
1613573709272,6,1010123456009,76,,1,2,5,1,2,,11.52,250,158,0.135136,71,0,7.6,,0,0,0,0,0,0,0,0,0,,153,182,,0,0,0,0
1613573709522,6,1010123456009,76,,1,2,5,1,2,,10.9784,231,0,0.118528,67,0,7,,0,0,0,0,0,0,0,0,0,,145,172,,0,0,0,0
1613573709772,6,1010123456009,76,,1,2,5,1,2,,10.8636,242,0,0.120032,70,0,7,,0,0,0,0,0,0,0,0,0,,156,174,,0,0,0,0
1613573710022,6,1010123456009,76,,1,2,5,1,2,,10.6476,210,0,0.110784,63,0,7.25,,0.1,15,0,0.1,4,0,0,5.83935,31,,137,162,,0,0,0,3.66667
1613573710272,6,1010123456009,76,,1,2,5,1,2,,11.3394,274,0,0.137056,73,0,7.33333,,0,0,0,0,0,0,0,0,0,,165,199,,0,0,0,0
1613573710522,6,1010123456009,76,,1,2,5,1,2,,10.8486,317,0,0.16896,94,0,7,,0,0,0,0,0,0,0,0,0,,189,236,,0,0,0,0
1613573710772,6,1010123456009,76,,1,2,5,1,2,,3.49385,569,29,0.122624,157,0,4,,0,0,0,0,0,0,0,0,0,,571,568,,0,0,0,0
1613573711022,6,1010123456009,76,,1,2,5,1,2,,10.8278,273,0,0.15744,84,0,7,,8.63158,38,0,0.1,11,72.7273,0,2.76071,31,,174,207,,0,0,0,7.73684
1613573711272,6,1010123456009,76,,1,2,5,1,2,,10.5707,184,0,0.092224,53,0,8.2,,0,0,0,0,0,0,0,0,0,,115,137,,0,0,0,0
1613573711522,6,1010123456009,76,,1,2,5,1,2,,5.18587,269,158,0.0858153,80,0,5,,0,0,0,0,0,0,0,0,0,,265,277,,0,0,0,0
1613573711772,6,1010123456009,76,,1,2,5,1,2,,11.9053,190,0,0.107392,54,0,11.3333,,0,0,0,0,0,0,0,0,0,,118,133,,0,0,0,0
1613573712022,6,1010123456009,76,,1,2,5,1,2,,12.1844,179,0,0.097888,45,0,7.33333,,0.1,13,0,0.1,4,0,0,12.2514,31,,110,129,,0,0,0,1.46154
1613573712272,6,1010123456009,76,,1,2,5,1,2,,7.44186,258,0,0.109568,79,0,6.66667,,0,0,0,0,0,0,0,0,0,,183,198,,0,0,0,0
1613573712522,6,1010123456009,76,,1,2,5,1,2,,10.9082,196,0,0.0976,56,0,7,,0,0,0,0,0,0,0,0,0,,121,143,,0,0,0,0
1613573712772,6,1010123456009,76,,1,2,5,1,2,,6.56698,321,0,0.11728,92,0,5.5,,0,0,0,0,0,0,0,0,0,,275,297,,0,0,0,0
1613573713022,6,1010123456009,76,,1,2,5,1,2,,10.1964,168,0,0.076672,47,0,7.6,,2.78824,85,0,0.1,23,82.6087,0,1.93362,31,,120,134,,0,0,0,8.51765
1613573713272,6,1010123456009,76,,1,2,5,1,2,,11.4646,226,0,0.128992,67,0,7,,0,0,0,0,0,0,0,0,0,,140,165,,0,0,0,0
1613573713522,6,1010123456009,76,,1,2,5,1,2,,6.93204,309,0,0.106752,89,0,5.66667,,0,0,0,0,0,0,0,0,0,,237,255,,0,0,0,0
1613573713772,6,1010123456009,76,,1,2,5,1,2,,11.1336,262,89,0.135904,72,0,7.25,,0,0,0,0,0,0,0,0,0,,171,201,,0,0,0,0
1613573714022,6,1010123456009,76,,1,2,5,1,2,,11.5029,173,0,0.091808,49,0,8.2,,0.1,18,0,0.1,5,20,0,1.28846,31,,118,127,,0,0,0,2.83333
1613573714272,6,1010123456009,76,,1,2,5,1,2,,11.0684,263,0,0.147776,78,0,7,,0,0,0,0,0,0,0,0,0,,173,207,,0,0,0,0
1613573714522,6,1010123456009,76,,1,2,5,1,2,,10.6904,197,115,0.106378,61,0,7,,0,0,0,0,0,0,0,0,0,,128,148,,0,0,0,0
1613573714772,6,1010123456009,76,,1,2,5,1,2,,10.8934,366,89,0.170313,100,0,7,,0,0,0,0,0,0,0,0,0,,237,263,,0,0,0,0
1613573715022,6,1010123456009,76,,1,2,5,1,2,,10.5574,183,0,0.096096,54,0,7,,0.1,13,0,0.1,4,25,0,1.58483,31,,116,145,,0,0,0,3.61538
1613573715272,6,1010123456009,76,,1,2,5,1,2,,10.5064,312,0,0.16304,92,0,6.8,,0,0,0,0,0,0,0,0,0,,189,233,,0,0,0,0
1613573715522,6,1010123456009,76,,1,2,5,1,2,,6.73371,353,766,0.126811,96,0,6.16667,,0.1,4,0,0.1,1,0,0,0.564946,31,,275,289,,0,0,0,3
1613573715772,6,1010123456009,76,,1,2,5,1,2,,13.3452,197,0,0.162656,64,0,9,,0,0,0,0,0,0,0,0,0,,127,157,,0,0,0,0
1613573716022,6,1010123456009,76,,1,2,5,1,2,,8.76547,307,205,0.131566,84,0,6.33333,,3.25,52,0,0.1,15,66.6667,0,3.15908,31,,250,266,,0,0,0,7.38462
1613573716272,6,1010123456009,76,,1,2,5,1,2,,11.4684,301,158,0.17902,90,0,8.4,,0,0,0,0,0,0,0,0,0,,185,228,,0,0,0,0
1613573716522,6,1010123456009,76,,1,2,5,1,2,,11.1164,275,0,0.151456,82,0,7.25,,0,0,0,0,0,0,0,0,0,,172,205,,0,0,0,0
1613573716772,6,1010123456009,76,,1,2,5,1,2,,11.0935,214,0,0.102848,58,0,7,,0,0,0,0,0,0,0,0,0,,132,154,,0,0,0,0
1613573717022,6,1010123456009,76,,1,2,5,1,2,,7.3375,240,89,0.089088,70,0,5.5,,0.1,27,0,0.1,8,37.5,0,4.78781,31,,171,194,,0,0,0,4.77778
1613573717272,6,1010123456009,76,,1,2,5,1,2,,10.7783,230,0,0.125044,70,0,7,,0.1,4,0,0.1,1,0,0,1.62639,31,,146,173,,0,0,0,6
1613573717522,6,1010123456009,76,,1,2,5,1,2,,7.62712,295,0,0.116608,86,0,6.6,,0,0,0,0,0,0,0,0,0,,248,262,,0,0,0,0
1613573717772,6,1010123456009,76,,1,2,5,1,2,,10.2037,270,46,0.12048,73,0,6.75,,0,0,0,0,0,0,0,0,0,,170,202,,0,0,0,0
1613573718022,6,1010123456009,76,,1,2,5,1,2,,8.90235,256,89,0.113216,76,0,6.5,,0.1,17,0,0.1,5,20,0,1.3876,31,,168,197,,0,0,0,3.35294
1613573718272,6,1010123456009,76,,1,2,5,1,2,,7.04032,248,0,0.086912,71,0,7.75,,0,0,0,0,0,0,0,0,0,,202,210,,0,0,0,0
1613573718522,6,1010123456009,76,,1,2,5,1,2,,10.7519,266,89,0.120768,71,0,7,,0,0,0,0,0,0,0,0,0,,169,194,,0,0,0,0
1613573718772,6,1010123456009,76,,1,2,5,1,2,,10.5714,322,0,0.177792,101,0,7.75,,0,0,0,0,0,0,0,0,0,,202,240,,0,0,0,0
1613573719022,6,1010123456009,76,,1,2,5,1,2,,10.9336,286,0,0.162112,84,0,8.2,,0.1,47,0,0.1,14,71.4286,0,0.911575,31,,193,226,,0,0,0,8.08511
1613573719272,6,1010123456009,76,,1,2,5,1,2,,10.8505,301,0,0.151679,83,0,7,,0,0,0,0,0,0,0,0,0,,198,228,,0,0,0,0
1613573719522,6,1010123456009,76,,1,2,5,1,2,,10.7752,298,0,0.151744,88,0,7,,0,0,0,0,0,0,0,0,0,,181,214,,0,0,0,0
1613573719772,6,1010123456009,76,,1,2,5,1,2,,10.5498,271,0,0.13568,78,0,6,,0,0,0,0,0,0,0,0,0,,168,203,,0,0,0,0
1613573720022,6,1010123456009,76,,1,2,5,1,2,,7.20545,404,158,0.148466,117,0,5.6,,15.0952,84,0,0.159165,28,82.1429,0,5.16816,31,,303,350,,0,0,0,8.39286
1613573720272,6,1010123456009,76,,1,2,5,1,2,,11.3098,255,0,0.149237,77,0,8.66667,,0,0,0,0,0,0,0,0,0,,151,190,,0,0,0,0
1613573720522,6,1010123456009,76,,1,2,5,1,2,,10.4811,185,0,0.0872,51,0,6.8,,0,0,0,0,0,0,0,0,0,,118,141,,0,0,0,0
1613573720772,6,1010123456009,76,,1,2,5,1,2,,11.0546,238,158,0.129664,71,0,7,,0,0,0,0,0,0,0,0,0,,147,177,,0,0,0,0
1613573721022,6,1010123456009,76,,1,2,5,1,2,,10.7644,174,0,0.092128,51,0,8,,8.86957,23,0,0.1,7,57.1429,0,5.04224,31,,112,131,,0,0,0,6.69565
1613573721272,6,1010123456009,76,,1,2,5,1,2,,8.19551,312,0,0.134336,86,0,7.5,,0,0,0,0,0,0,0,0,0,,233,250,,0,0,0,0
1613573721522,6,1010123456009,76,,1,2,5,1,2,,7.00597,335,541,0.12528,92,0,5.5,,0,0,0,0,0,0,0,0,0,,266,287,,0,0,0,0
1613573721772,6,1010123456009,76,,1,2,5,1,2,,10.3716,261,72,0.130848,81,0,6.66667,,0,0,0,0,0,0,0,0,0,,183,206,,0,0,0,0
1613573722022,6,1010123456009,76,,1,2,5,1,2,,10.5622,249,0,0.12543,72,0,8.4,,0.1,34,0,0.1,9,33.3333,0,9.10406,31,,151,189,,0,0,0,5.23529
1613573722272,6,1010123456009,76,,1,2,5,1,2,,10.2312,186,0,0.091968,54,0,7,,0,0,0,0,0,0,0,0,0,,119,135,,0,0,0,0
1613573722522,6,1010123456009,76,,1,2,5,1,2,,11.1659,205,0,0.113632,60,0,7.33333,,0,0,0,0,0,0,0,0,0,,128,159,,0,0,0,0
1613573722772,6,1010123456009,76,,1,2,5,1,2,,10.83,247,158,0.115456,66,0,7,,0,0,0,0,0,0,0,0,0,,155,182,,0,0,0,0
1613573723022,6,1010123456009,76,,1,2,5,1,2,,11.4258,209,0,0.133152,66,0,8.25,,16,15,0,0,4,100,0,1.46602,0,,134,162,,0,0,0,10
1613573723272,6,1010123456009,76,,1,2,5,1,2,,11.807,285,0,0.154112,78,0,7.5,,0.1,9,0,0,3,100,0,0.743548,0,,179,222,,0,0,0,10
1613573723522,6,1010123456009,76,,1,2,5,1,2,,10.7288,177,55,0.10944,53,0,8.33333,,0.1,4,0,0,1,100,0,0.558927,0,,108,131,,0,0,0,10
1613573723772,6,1010123456009,76,,1,2,5,1,2,,10.8678,227,0,0.119711,68,0,7,,0,0,0,0,0,0,0,0,0,,145,169,,0,0,0,0
1613573724022,6,1010123456009,76,,1,2,5,1,2,,10.6446,242,0,0.12496,73,0,7,,8.63158,38,0,0.1,11,72.7273,0,4.15472,31,,155,180,,0,0,0,7.84211
1613573724272,6,1010123456009,76,,1,2,5,1,2,,10.9721,215,0,0.113152,62,0,7.4,,0,0,0,0,0,0,0,0,0,,134,162,,0,0,0,0
1613573724522,6,1010123456009,76,,1,2,5,1,2,,10.6667,114,0,0.0593735,33,0,7,,0,0,0,0,0,0,0,0,0,,69,87,,0,0,0,0
1613573724772,6,1010123456009,76,,1,2,5,1,2,,5.84328,268,0,0.084992,73,0,7.6,,0,0,0,0,0,0,0,0,0,,230,255,,0,0,0,0
1613573725022,6,1010123456009,76,,1,2,5,1,2,,11.5781,192,0,0.123552,60,0,9.25,,0.1,11,0,0.1,3,0,0,1.55515,31,,133,146,,0,0,0,3.09091
1613573725272,6,1010123456009,76,,1,2,5,1,2,,10.6302,192,89,0.092224,54,0,7,,0,0,0,0,0,0,0,0,0,,125,147,,0,0,0,0
1613573725522,6,1010123456009,76,,1,2,5,1,2,,10.6579,228,46,0.11424,65,0,7,,0,0,0,0,0,0,0,0,0,,147,172,,0,0,0,0
1613573725772,6,1010123456009,76,,1,2,5,1,2,,10.8611,252,115,0.125856,71,0,7,,0,0,0,0,0,0,0,0,0,,152,184,,0,0,0,0
1613573726022,6,1010123456009,76,,1,2,5,1,2,,10.3735,324,0,0.160544,95,0,7,,6.97872,47,0,0.1,14,85.7143,0,2.23037,31,,206,239,,0,0,0,9
1613573726272,6,1010123456009,76,,1,2,5,1,2,,10.7416,178,0,0.093376,53,0,7,,0,0,0,0,0,0,0,0,0,,110,135,,0,0,0,0
1613573726523,6,1010123456009,76,,1,2,5,1,2,,10.8732,339,0,0.167458,95,0,7,,0,0,0,0,0,0,0,0,0,,210,251,,0,0,0,0
1613573726772,6,1010123456009,76,,1,2,5,1,2,,11.3537,246,0,0.12061,66,0,8.66667,,0,0,0,0,0,0,0,0,0,,156,178,,0,0,0,0
1613573727022,6,1010123456009,76,,1,2,5,1,2,,11.0803,274,19,0.155808,84,0,7,,0.1,22,0,0.1,7,71.4286,0,0.701589,31,,180,206,,0,0,0,7.31818
1613573727272,6,1010123456009,76,,1,2,5,1,2,,10.5611,221,0,0.11344,66,0,7,,0,0,0,0,0,0,0,0,0,,136,163,,0,0,0,0
1613573727522,6,1010123456009,76,,1,2,5,1,2,,10.7136,213,0,0.109944,61,0,5.5,,0,0,0,0,0,0,0,0,0,,145,170,,0,0,0,0
1613573727772,6,1010123456009,76,,1,2,5,1,2,,10.4949,198,0,0.102361,58,0,7,,0,0,0,0,0,0,0,0,0,,116,145,,0,0,0,0
1613573728022,6,1010123456009,76,,1,2,5,1,2,,11.1186,253,0,0.133076,72,0,7,,0.1,10,0,0.1,3,0,0,11.371,31,,164,195,,0,0,0,1.6
1613573728272,6,1010123456009,76,,1,2,5,1,2,,10.9139,302,134,0.150297,85,0,7,,0,0,0,0,0,0,0,0,0,,182,219,,0,0,0,0
1613573728522,6,1010123456009,76,,1,2,5,1,2,,11.1087,184,0,0.097472,52,0,7,,0,0,0,0,0,0,0,0,0,,111,136,,0,0,0,0
1613573728772,6,1010123456009,76,,1,2,5,1,2,,10.1595,163,0,0.079584,48,0,6.85714,,0,0,0,0,0,0,0,0,0,,102,118,,0,0,0,0
1613573729022,6,1010123456009,76,,1,2,5,1,2,,10.7044,203,0,0.105024,61,0,7,,0.538462,26,0,0.1,7,71.4286,0,4.01416,31,,138,154,,0,0,0,8.5
1613573729272,6,1010123456009,76,,1,2,5,1,2,,11.0306,229,0,0.124576,66,0,8,,0,0,0,0,0,0,0,0,0,,140,173,,0,0,0,0
1613573729522,6,1010123456009,76,,1,2,5,1,2,,10.756,168,0,0.0736,41,0,7,,0,0,0,0,0,0,0,0,0,,108,125,,0,0,0,0
1613573729772,6,1010123456009,76,,1,2,5,1,2,,10.4595,222,0,0.119712,69,0,7,,0,0,0,0,0,0,0,0,0,,136,164,,0,0,0,0
1613573730022,6,1010123456009,76,,1,2,5,1,2,,10.8372,215,0,0.099136,57,0,7,,0.1,28,0,0.1,8,37.5,0,4.61767,31,,136,160,,0,0,0,5.07143
1613573730272,6,1010123456009,76,,1,2,5,1,2,,11.107,215,0,0.119293,67,0,7,,15,14,0,0,4,100,0,0.876202,0,,138,154,,0,0,0,10
1613573730522,6,1010123456009,76,,1,2,5,1,2,,10.3439,221,115,0.10832,62,0,7,,0,0,0,0,0,0,0,0,0,,137,164,,0,0,0,0
1613573730772,6,1010123456009,76,,1,2,5,1,2,,11.0347,288,0,0.147584,82,0,7,,0,0,0,0,0,0,0,0,0,,183,214,,0,0,0,0
1613573731022,6,1010123456009,76,,1,2,5,1,2,,10.7719,171,227,0.0853333,47,0,6.8,,0.1,15,0,0.1,4,25,0,1.2731,31,,107,132,,0,0,0,5.06667
1613573731272,6,1010123456009,76,,1,2,5,1,2,,9.31019,216,0,0.104352,67,0,6.5,,0,0,0,0,0,0,0,0,0,,140,167,,0,0,0,0
1613573731522,6,1010123456009,76,,1,2,5,1,2,,11.8839,112,0,0.06448,32,0,8.25,,0,0,0,0,0,0,0,0,0,,67,82,,0,0,0,0
1613573731772,6,1010123456009,76,,1,2,5,1,2,,11.449,245,158,0.124948,69,0,8,,0,0,0,0,0,0,0,0,0,,145,171,,0,0,0,0
1613573732022,6,1010123456009,76,,1,2,5,1,2,,11.8099,242,186,0.140096,69,0,7,,0.1,11,0,0.1,3,0,0,0.791116,31,,151,188,,0,0,0,3.54545
1613573732272,6,1010123456009,76,,1,2,5,1,2,,7.09428,297,751,0.105928,80,0,5.6,,0,0,0,0,0,0,0,0,0,,221,234,,0,0,0,0
1613573732522,6,1010123456009,76,,1,2,5,1,2,,9.30029,343,177,0.16256,104,0,6.83333,,0,0,0,0,0,0,0,0,0,,271,299,,0,0,0,0
1613573732772,6,1010123456009,76,,1,2,5,1,2,,11.4898,196,0,0.121056,60,0,8.5,,0,0,0,0,0,0,0,0,0,,115,143,,0,0,0,0
1613573733022,6,1010123456009,76,,1,2,5,1,2,,11.6203,187,20,0.097376,52,0,8.5,,0.1,34,0,0.1,11,63.6364,0,4.14118,31,,115,137,,0,0,0,6.64706
1613573733272,6,1010123456009,76,,1,2,5,1,2,,11.3535,198,55,0.0945542,52,0,7.33333,,15,16,0,0,4,100,0,1.49437,0,,125,139,,0,0,0,10
1613573733522,6,1010123456009,76,,1,2,5,1,2,,5.32927,410,0,0.139616,122,0,5.66667,,0,0,0,0,0,0,0,0,0,,419,416,,0,0,0,0
1613573733772,6,1010123456009,76,,1,2,5,1,2,,6.75,312,0,0.107168,90,0,5.4,,0,0,0,0,0,0,0,0,0,,238,253,,0,0,0,0
1613573734022,6,1010123456009,76,,1,2,5,1,2,,9.49133,173,0,0.076256,48,0,6.5,,0.1,17,0,0.1,5,40,0,1.03568,31,,110,132,,0,0,0,6.29412
1613573734272,6,1010123456009,76,,1,2,5,1,2,,9.95361,194,0,0.087168,53,0,6.5,,0,0,0,0,0,0,0,0,0,,124,147,,0,0,0,0
1613573734522,6,1010123456009,76,,1,2,5,1,2,,4.75541,462,0,0.14912,138,0,5.6,,0,0,0,0,0,0,0,0,0,,438,451,,0,0,0,0
1613573734772,6,1010123456009,76,,1,2,5,1,2,,11.7755,245,0,0.150016,74,0,7.8,,0,0,0,0,0,0,0,0,0,,168,183,,0,0,0,0
1613573735022,6,1010123456009,76,,1,2,5,1,2,,6.56164,292,0,0.107872,83,0,5.5,,2.88889,18,0,0.1,5,20,0,15.0261,31,,276,281,,0,0,0,3.94444
1613573735272,6,1010123456009,76,,1,2,5,1,2,,10.7353,170,0,0.084992,48,0,7,,0,0,0,0,0,0,0,0,0,,105,127,,0,0,0,0
1613573735522,6,1010123456009,76,,1,2,5,1,2,,12.2797,261,0,0.151614,75,0,8.6,,0,0,0,0,0,0,0,0,0,,162,189,,0,0,0,0
1613573735772,6,1010123456009,76,,1,2,5,1,2,,11.5631,222,0,0.136096,66,0,7,,0,0,0,0,0,0,0,0,0,,138,169,,0,0,0,0
1613573736022,6,1010123456009,76,,1,2,5,1,2,,10.7619,168,0,0.0844337,48,0,7.33333,,15,16,0,0,4,100,0,1.47359,0,,105,124,,0,0,0,10
1613573736272,6,1010123456009,76,,1,2,5,1,2,,11.0641,343,0,0.183328,101,0,7,,0,9,0,0,3,100,0,0,0,,219,253,,0,0,0,0
1613573736522,6,1010123456009,76,,1,2,5,1,2,,9.27309,249,0,0.115598,71,0,7.2,,0,9,0,0.1,3,33.3333,0,0,31,,171,187,,0,0,0,0
1613573736772,6,1010123456009,76,,1,2,5,1,2,,7.19062,341,114,0.110592,89,0,6,,0,0,0,0,0,0,0,0,0,,266,288,,0,0,0,0
1613573737022,6,1010123456009,76,,1,2,5,1,2,,10.4717,265,0,0.146345,84,0,7,,0.1,16,0,0.1,5,20,0,0.971216,31,,179,198,,0,0,0,3.6875
1613573737272,6,1010123456009,76,,1,2,5,1,2,,10.8533,259,0,0.12608,72,0,7,,0,0,0,0,0,0,0,0,0,,162,188,,0,0,0,0
1613573737522,6,1010123456009,76,,1,2,5,1,2,,10.6733,300,0,0.145664,83,0,7,,0.1,8,0,0.1,2,50,0,1.42491,31,,185,226,,0,0,0,5.5
1613573737772,6,1010123456009,76,,1,2,5,1,2,,7.21818,330,158,0.128224,98,0,5.6,,0,0,0,0,0,0,0,0,0,,267,287,,0,0,0,0
1613573738022,6,1010123456009,76,,1,2,5,1,2,,10.761,251,158,0.12512,72,0,7,,0.1,31,0,0.1,9,77.7778,0,1.00118,31,,159,191,,0,0,0,8.09677
1613573738272,6,1010123456009,76,,1,2,5,1,2,,11.38,200,0,0.12498,61,0,8.75,,0,0,0,0,0,0,0,0,0,,126,150,,0,0,0,0
1613573738522,6,1010123456009,76,,1,2,5,1,2,,5.24318,403,39,0.118784,111,0,5,,0,3,0,0.1,1,0,0,0,31,,349,380,,0,0,0,0
1613573738772,6,1010123456009,76,,1,2,5,1,2,,12.3876,258,72,0.164992,78,0,7.8,,0,0,0,0,0,0,0,0,0,,159,185,,0,0,0,0
1613573739022,6,1010123456009,76,,1,2,5,1,2,,9.72937,303,0,0.139456,88,0,7,,3.89231,65,0,0.1,20,60,0,4.57278,31,,193,228,,0,0,0,7.32308
1613573739272,6,1010123456009,76,,1,2,5,1,2,,8.84783,322,261,0.14096,87,0,5.25,,0,0,0,0,0,0,0,0,0,,213,245,,0,0,0,0
1613573739522,6,1010123456009,76,,1,2,5,1,2,,9.40643,342,115,0.151776,101,0,7,,0,0,0,0,0,0,0,0,0,,227,272,,0,0,0,0
1613573739772,6,1010123456009,76,,1,2,5,1,2,,10.5286,280,0,0.141696,81,0,6.66667,,0,0,0,0,0,0,0,0,0,,171,208,,0,0,0,0
1613573740022,6,1010123456009,76,,1,2,5,1,2,,10.6359,217,91,0.103264,62,0,7,,0.1,13,0,0,4,100,0,0.827113,0,,133,157,,0,0,0,10
1613573740272,6,1010123456009,76,,1,2,5,1,2,,8.34194,310,89,0.131904,91,0,5.66667,,0.1,11,0,0.1,3,0,0,1.6069,31,,206,236,,0,0,0,1.27273
1613573740522,6,1010123456009,76,,1,2,5,1,2,,10.7563,119,0,0.059552,35,0,7,,0,0,0,0,0,0,0,0,0,,74,85,,0,0,0,0
1613573740772,6,1010123456009,76,,1,2,5,1,2,,10.9885,261,0,0.124384,71,0,7,,0,0,0,0,0,0,0,0,0,,166,186,,0,0,0,0
1613573741022,6,1010123456009,76,,1,2,5,1,2,,10.4793,242,113,0.116096,67,0,7,,0.387097,31,0,0.1,9,66.6667,0,2.94275,31,,147,182,,0,0,0,6.80645
1613573741272,6,1010123456009,76,,1,2,5,1,2,,10.6224,241,0,0.12736,74,0,7,,0,0,0,0,0,0,0,0,0,,155,177,,0,0,0,0
1613573741522,6,1010123456009,76,,1,2,5,1,2,,10.7582,244,0,0.118464,67,0,7,,0,0,0,0,0,0,0,0,0,,150,180,,0,0,0,0
1613573741772,6,1010123456009,76,,1,2,5,1,2,,9.96335,191,0,0.092384,55,0,6.8,,0,0,0,0,0,0,0,0,0,,124,149,,0,0,0,0
1613573742022,6,1010123456009,76,,1,2,5,1,2,,10.0582,189,0,0.08992,56,0,6.75,,0.1,14,0,0.1,4,0,0,7.24495,31,,122,141,,0,0,0,2.35714
1613573742272,6,1010123456009,76,,1,2,5,1,2,,11.6069,262,0,0.148096,77,0,8.5,,0,0,0,0,0,0,0,0,0,,169,188,,0,0,0,0
1613573742522,6,1010123456009,76,,1,2,5,1,2,,11.5286,297,0,0.160992,82,0,7.25,,0,0,0,0,0,0,0,0,0,,178,220,,0,0,0,0
1613573742772,6,1010123456009,76,,1,2,5,1,2,,7.75439,285,0,0.115264,82,0,6,,2,4,0,0.1,1,0,0,1.55829,31,,208,240,,0,0,0,3
1613573743022,6,1010123456009,76,,1,2,5,1,2,,10.8346,254,65,0.126048,72,0,7,,0.1,20,0,0.1,6,66.6667,0,0.854508,31,,169,193,,0,0,0,7.2
1613573743272,6,1010123456009,76,,1,2,5,1,2,,11.3062,258,0,0.145728,75,0,8.2,,0,0,0,0,0,0,0,0,0,,164,193,,0,0,0,0
1613573743522,6,1010123456009,76,,1,2,5,1,2,,8.32602,319,158,0.13648,94,0,6.2,,0,0,0,0,0,0,0,0,0,,219,248,,0,0,0,0
1613573743772,6,1010123456009,76,,1,2,5,1,2,,10.2239,268,0,0.130528,79,0,6.83333,,0,0,0,0,0,0,0,0,0,,192,209,,0,0,0,0
1613573744022,6,1010123456009,76,,1,2,5,1,2,,11.1036,222,0,0.119232,67,0,7,,0.1,21,0,0.1,6,66.6667,0,6.49494,31,,142,161,,0,0,0,6.95238
1613573744272,6,1010123456009,76,,1,2,5,1,2,,10.25,164,0,0.076384,47,0,6.75,,0,0,0,0,0,0,0,0,0,,107,120,,0,0,0,0
1613573744522,6,1010123456009,76,,1,2,5,1,2,,11.0829,205,177,0.09728,54,0,7,,0,0,0,0,0,0,0,0,0,,137,154,,0,0,0,0
1613573744772,6,1010123456009,76,,1,2,5,1,2,,10.6749,283,0,0.146816,83,0,7,,0,0,0,0,0,0,0,0,0,,173,212,,0,0,0,0
1613573745022,6,1010123456009,76,,1,2,5,1,2,,10.5181,193,0,0.092416,52,0,7,,0.1,16,0,0,4,100,0,0.197471,0,,116,148,,0,0,0,10
1613573745272,6,1010123456009,76,,1,2,5,1,2,,9.9932,147,0,0.081344,48,0,5.66667,,0,9,0,0,3,100,0,0,0,,89,111,,0,0,0,0
1613573745522,6,1010123456009,76,,1,2,5,1,2,,10.7668,283,0,0.130368,77,0,7,,0.1,7,0,0.1,2,50,0,0.586135,31,,176,208,,0,0,0,5.42857
1613573745772,6,1010123456009,76,,1,2,5,1,2,,10.7773,256,203,0.129792,73,0,7,,0,0,0,0,0,0,0,0,0,,159,186,,0,0,0,0
1613573746022,6,1010123456009,76,,1,2,5,1,2,,11.1062,292,0,0.146112,83,0,7,,0.1,16,0,0,4,100,0,0.361218,0,,197,212,,0,0,0,10
1613573746272,6,1010123456009,76,,1,2,5,1,2,,7.45338,311,0,0.112736,87,0,6,,0,0,0,0,0,0,0,0,0,,230,261,,0,0,0,0
1613573746522,6,1010123456009,76,,1,2,5,1,2,,5.3322,295,89,0.10032,91,0,5.5,,0.1,8,0,0.1,2,50,0,0.98405,31,,232,254,,0,0,0,7
1613573746772,6,1010123456009,76,,1,2,5,1,2,,11.6872,227,0,0.12432,66,0,7.5,,0,0,0,0,0,0,0,0,0,,136,162,,0,0,0,0
1613573747022,6,1010123456009,76,,1,2,5,1,2,,6.57508,313,0,0.101664,86,0,6.66667,,8.22222,72,0,0.1,23,73.913,0,1.30262,31,,221,247,,0,0,0,8.04167
1613573747272,6,1010123456009,76,,1,2,5,1,2,,9.61725,371,0,0.175072,111,0,6.75,,0,0,0,0,0,0,0,0,0,,276,284,,0,0,0,0
1613573747522,6,1010123456009,76,,1,2,5,1,2,,10.177,226,0,0.106688,63,0,6.83333,,0,0,0,0,0,0,0,0,0,,148,169,,0,0,0,0
1613573747772,6,1010123456009,76,,1,2,5,1,2,,10.7353,238,0,0.116,67,0,7,,0,0,0,0,0,0,0,0,0,,149,176,,0,0,0,0
1613573748022,6,1010123456009,76,,1,2,5,1,2,,10.9048,189,0,0.1024,54,0,7.25,,0.1,24,0,0.1,7,57.1429,0,0.739451,31,,118,145,,0,0,0,6.83333
1613573748272,6,1010123456009,76,,1,2,5,1,2,,11.3947,190,0,0.103104,54,0,7,,0,0,0,0,0,0,0,0,0,,114,135,,0,0,0,0
1613573748522,6,1010123456009,76,,1,2,5,1,2,,10.7871,202,0,0.102848,58,0,7,,0,0,0,0,0,0,0,0,0,,124,152,,0,0,0,0
1613573748772,6,1010123456009,76,,1,2,5,1,2,,10.8103,311,0,0.162048,92,0,7,,0,0,0,0,0,0,0,0,0,,184,229,,0,0,0,0
1613573749022,6,1010123456009,76,,1,2,5,1,2,,7.23237,383,0,0.142688,110,0,5.6,,13.3651,63,0,0.1,21,76.1905,0,3.91225,31,,310,340,,0,0,0,7.90476
1613573749272,6,1010123456009,76,,1,2,5,1,2,,9.46686,347,0,0.153157,99,0,5.6,,0,0,0,0,0,0,0,0,0,,233,259,,0,0,0,0
1613573749522,6,1010123456009,76,,1,2,5,1,2,,11.1302,315,86,0.153792,88,0,7,,0,0,0,0,0,0,0,0,0,,196,232,,0,0,0,0
1613573749772,6,1010123456009,76,,1,2,5,1,2,,10.1441,236,0,0.126144,75,0,6.83333,,0,0,0,0,0,0,0,0,0,,142,175,,0,0,0,0
1613573750022,6,1010123456009,76,,1,2,5,1,2,,10.6316,209,46,0.10816,60,0,6.66667,,0.1,35,0,0.1,10,60,0,2.91455,31,,133,167,,0,0,0,6.6
1613573750272,6,1010123456009,76,,1,2,5,1,2,,10.3212,193,0,0.092224,54,0,7,,0,0,0,0,0,0,0,0,0,,119,143,,0,0,0,0
1613573750522,6,1010123456009,76,,1,2,5,1,2,,10.6448,259,19,0.129856,74,0,6.66667,,0,0,0,0,0,0,0,0,0,,157,193,,0,0,0,0
1613573750772,6,1010123456009,76,,1,2,5,1,2,,10.6779,208,0,0.09984,58,0,7,,0,0,0,0,0,0,0,0,0,,127,153,,0,0,0,0
1613573751022,6,1010123456009,76,,1,2,5,1,2,,10.6616,328,158,0.170944,100,0,7,,6.23684,38,0,0.1,10,80,0,3.12561,31,,203,243,,0,0,0,8.44737
1613573751272,6,1010123456009,76,,1,2,5,1,2,,10.8939,179,0,0.08656,51,0,7,,0,0,0,0,0,0,0,0,0,,109,126,,0,0,0,0
1613573751522,6,1010123456009,76,,1,2,5,1,2,,6.84673,398,0,0.145056,114,0,5,,0,0,0,0,0,0,0,0,0,,296,325,,0,0,0,0
1613573751772,6,1010123456009,76,,1,2,5,1,2,,10.495,301,0,0.14128,83,0,6.8,,0,0,0,0,0,0,0,0,0,,190,221,,0,0,0,0
1613573752022,6,1010123456009,76,,1,2,5,1,2,,6.55473,402,0,0.125696,117,0,5.66667,,3.54545,66,0,0.1,19,78.9474,0,7.84615,31,,290,318,,0,0,0,8.13636
1613573752272,6,1010123456009,76,,1,2,5,1,2,,10.4905,316,0,0.160832,92,0,7,,5.8481,79,0,0.1,22,72.7273,0,8.07564,31,,204,230,,0,0,0,8.12658
1613573752522,6,1010123456009,76,,1,2,5,1,2,,10.6184,228,0,0.105792,64,0,6.66667,,0,12,0,0,4,100,0,0,0,,145,166,,0,0,0,0
1613573752772,6,1010123456009,76,,1,2,5,1,2,,10.6179,246,0,0.124672,72,0,7,,0,0,0,0,0,0,0,0,0,,156,186,,0,0,0,0
1613573753022,6,1010123456009,76,,1,2,5,1,2,,10.7072,222,231,0.108544,62,0,7,,0.1,15,0,0.1,5,40,0,1.0593,31,,140,164,,0,0,0,6
1613573753272,6,1010123456009,76,,1,2,5,1,2,,10.7056,214,0,0.113184,63,0,7,,0,0,0,0,0,0,0,0,0,,134,163,,0,0,0,0
1613573753522,6,1010123456009,76,,1,2,5,1,2,,10.1702,282,158,0.136256,80,0,7,,0,0,0,0,0,0,0,0,0,,176,210,,0,0,0,0
1613573753772,6,1010123456009,76,,1,2,5,1,2,,10.7759,348,0,0.170345,98,0,7,,0,0,0,0,0,0,0,0,0,,213,256,,0,0,0,0
1613573754022,6,1010123456009,76,,1,2,5,1,2,,10.9143,175,0,0.09584,55,0,7.75,,0,12,0,0,4,100,0,0,0,,106,125,,0,0,0,0
1613573754272,6,1010123456009,76,,1,2,5,1,2,,10.1012,257,0,0.12061,73,0,7.5,,0.1,10,0,0.1,3,33.3333,0,1.66815,31,,166,190,,0,0,0,5.3
1613573754522,6,1010123456009,76,,1,2,5,1,2,,12.0103,194,0,0.103552,52,0,7,,0,0,0,0,0,0,0,0,0,,123,144,,0,0,0,0
1613573754772,6,1010123456009,76,,1,2,5,1,2,,10.9313,233,0,0.12256,68,0,7,,0,0,0,0,0,0,0,0,0,,151,172,,0,0,0,0
1613573755022,6,1010123456009,76,,1,2,5,1,2,,10.6948,213,0,0.101856,60,0,7,,7.23077,26,0,0.1,7,57.1429,0,9.71591,31,,146,163,,0,0,0,7.61538
1613573755272,6,1010123456009,76,,1,2,5,1,2,,10.5341,249,0,0.136544,77,0,7,,0,0,0,0,0,0,0,0,0,,157,188,,0,0,0,0
1613573755522,6,1010123456009,76,,1,2,5,1,2,,10.6941,219,0,0.108576,63,0,7,,0,0,0,0,0,0,0,0,0,,138,162,,0,0,0,0
1613573755772,6,1010123456009,76,,1,2,5,1,2,,11.5314,239,0,0.139744,68,0,8.4,,0,0,0,0,0,0,0,0,0,,152,182,,0,0,0,0
1613573756022,6,1010123456009,76,,1,2,5,1,2,,11.3333,189,0,0.103168,55,0,7.33333,,0,12,0,0,4,100,0,0,0,,121,138,,0,0,0,0
1613573756272,6,1010123456009,76,,1,2,5,1,2,,10.7368,152,0,0.0761446,44,0,7,,0,0,0,0,0,0,0,0,0,,101,113,,0,0,0,0
1613573756522,6,1010123456009,76,,1,2,5,1,2,,11.6189,244,0,0.129216,70,0,8,,0,0,0,0,0,0,0,0,0,,154,175,,0,0,0,0
1613573756772,6,1010123456009,76,,1,2,5,1,2,,11.3988,163,0,0.097056,47,0,8.16667,,0,0,0,0,0,0,0,0,0,,103,130,,0,0,0,0
1613573757022,6,1010123456009,76,,1,2,5,1,2,,11.7266,278,0,0.15168,80,0,8,,0.1,19,0,0.1,6,50,0,0.897176,31,,169,201,,0,0,0,6.68421
1613573757272,6,1010123456009,76,,1,2,5,1,2,,10.0674,267,0,0.119872,73,0,6.8,,0,0,0,0,0,0,0,0,0,,180,204,,0,0,0,0
1613573757522,6,1010123456009,76,,1,2,5,1,2,,10.3974,234,0,0.119424,70,0,7,,0,0,0,0,0,0,0,0,0,,145,172,,0,0,0,0
1613573757772,6,1010123456009,76,,1,2,5,1,2,,11.006,168,0,0.086464,48,0,7.33333,,0,0,0,0,0,0,0,0,0,,106,122,,0,0,0,0
1613573758022,6,1010123456009,76,,1,2,5,1,2,,10.1757,148,0,0.075584,43,0,7,,0.1,20,0,0.1,6,66.6667,0,5.27543,31,,95,118,,0,0,0,7.6
1613573758272,6,1010123456009,76,,1,2,5,1,2,,10.8153,249,0,0.124928,71,0,7,,0,0,0,0,0,0,0,0,0,,160,183,,0,0,0,0
1613573758522,6,1010123456009,76,,1,2,5,1,2,,10.9368,190,0,0.0921125,51,0,7,,0,0,0,0,0,0,0,0,0,,117,138,,0,0,0,0
1613573758772,6,1010123456009,76,,1,2,5,1,2,,10.7552,290,46,0.140576,80,0,7,,0,0,0,0,0,0,0,0,0,,180,212,,0,0,0,0
1613573759022,6,1010123456009,76,,1,2,5,1,2,,10.3805,205,0,0.108064,62,0,7,,15,14,0,0,4,100,0,0.668001,0,,132,158,,0,0,0,10
1613573759272,6,1010123456009,76,,1,2,5,1,2,,10.5278,324,158,0.16752,96,0,7,,0,3,0,0.1,1,0,0,0,31,,207,241,,0,0,0,0
1613573759522,6,1010123456009,76,,1,2,5,1,2,,10.996,253,0,0.129408,72,0,7.75,,0,0,0,0,0,0,0,0,0,,152,184,,0,0,0,0
1613573759772,6,1010123456009,76,,1,2,5,1,2,,6.57692,260,0,0.08464,71,0,5.25,,0,0,0,0,0,0,0,0,0,,184,204,,0,0,0,0
1613573760022,6,1010123456009,76,,1,2,5,1,2,,11.0769,156,0,0.081088,45,0,7.5,,0.1,33,0,0.1,9,44.4444,0,4.34389,31,,98,113,,0,0,0,5.30303
1613573760272,6,1010123456009,76,,1,2,5,1,2,,11.3959,197,0,0.102912,56,0,7.2,,0,0,0,0,0,0,0,0,0,,128,141,,0,0,0,0
1613573760522,6,1010123456009,76,,1,2,5,1,2,,10.125,240,0,0.119392,72,0,7,,0,0,0,0,0,0,0,0,0,,157,177,,0,0,0,0
1613573760772,6,1010123456009,76,,1,2,5,1,2,,11.2539,386,46,0.200128,108,0,7,,0,0,0,0,0,0,0,0,0,,249,285,,0,0,0,0
1613573761022,6,1010123456009,76,,1,2,5,1,2,,10.5727,227,0,0.118912,69,0,7,,0,12,0,0,4,100,0,0,0,,153,177,,0,0,0,0
1613573761272,6,1010123456009,76,,1,2,5,1,2,,4.95973,447,150,0.126528,126,0,5.66667,,0,0,0,0,0,0,0,0,0,,395,425,,0,0,0,0
1613573761522,6,1010123456009,76,,1,2,5,1,2,,12.5333,120,244,0.077536,35,0,9.5,,0,0,0,0,0,0,0,0,0,,72,90,,0,0,0,0
1613573761772,6,1010123456009,76,,1,2,5,1,2,,11.2825,223,0,0.122538,63,0,7.5,,0,0,0,0,0,0,0,0,0,,133,166,,0,0,0,0
1613573762022,6,1010123456009,76,,1,2,5,1,2,,10.7152,309,0,0.157056,90,0,7,,0.1,16,0,0,4,100,0,0.1,0,,211,243,,0,0,0,10
1613573762272,6,1010123456009,76,,1,2,5,1,2,,10.8523,298,0,0.157536,91,0,7,,0.1,25,0,0.1,7,71.4286,0,0.556318,31,,191,215,,0,0,0,8.96
1613573762522,6,1010123456009,76,,1,2,5,1,2,,6.79452,292,65,0.090144,77,0,6,,0.1,11,0,0.1,3,0,0,1.80113,31,,227,250,,0,0,0,1.63636
1613573762772,6,1010123456009,76,,1,2,5,1,2,,8.48396,343,0,0.1536,102,0,6.5,,0,0,0,0,0,0,0,0,0,,241,274,,0,0,0,0
1613573763022,6,1010123456009,76,,1,2,5,1,2,,10.6772,189,0,0.097408,57,0,7,,7.80952,42,0,0.1,12,66.6667,0,4.75065,31,,118,137,,0,0,0,7.38095
1613573763272,6,1010123456009,76,,1,2,5,1,2,,10.4199,181,0,0.081056,48,0,7,,0.1,4,0,0.1,1,0,0,2.69739,31,,112,131,,0,0,0,1
1613573763522,6,1010123456009,76,,1,2,5,1,2,,10.852,223,0,0.118752,66,0,7,,0,0,0,0,0,0,0,0,0,,140,166,,0,0,0,0
1613573763772,6,1010123456009,76,,1,2,5,1,2,,11.8371,178,39,0.097472,48,0,7.33333,,0,0,0,0,0,0,0,0,0,,113,135,,0,0,0,0
1613573764022,6,1010123456009,76,,1,2,5,1,2,,10.3557,253,91,0.11968,72,0,7,,11.0556,18,0,0.1,5,0,0,27.5882,31,,155,189,,0,0,0,1
1613573764272,6,1010123456009,76,,1,2,5,1,2,,10.6652,221,0,0.119296,68,0,9,,0,12,0,0,4,100,0,0,0,,142,164,,0,0,0,0
1613573764522,6,1010123456009,76,,1,2,5,1,2,,8.30282,284,0,0.110912,80,0,5.25,,0,0,0,0,0,0,0,0,0,,202,211,,0,0,0,0
1613573764772,6,1010123456009,76,,1,2,5,1,2,,9.91818,330,0,0.15312,95,0,6.6,,0,3,0,0.1,1,0,0,0,31,,213,246,,0,0,0,0
1613573765022,6,1010123456009,76,,1,2,5,1,2,,10.8216,241,0,0.123328,68,0,7,,0.1,13,0,0.1,4,0,0,15.4702,31,,158,181,,0,0,0,1.46154
1613573765272,6,1010123456009,76,,1,2,5,1,2,,10.9298,285,46,0.135808,77,0,7,,0,0,0,0,0,0,0,0,0,,177,208,,0,0,0,0
1613573765522,6,1010123456009,76,,1,2,5,1,2,,10.775,240,0,0.130144,74,0,7,,0,0,0,0,0,0,0,0,0,,150,178,,0,0,0,0
1613573765772,6,1010123456009,76,,1,2,5,1,2,,10.0863,278,0,0.1256,76,0,6.75,,0,0,0,0,0,0,0,0,0,,172,206,,0,0,0,0
1613573766022,6,1010123456009,76,,1,2,5,1,2,,10.1154,260,0,0.123072,75,0,7,,15,14,0,0,4,100,0,0.693394,0,,165,197,,0,0,0,10
1613573766272,6,1010123456009,76,,1,2,5,1,2,,10.8727,275,158,0.148256,83,0,0.1,,0,0,0,0,0,0,0,0,0,,182,204,,0,0,0,0
1613573766522,6,1010123456009,76,,1,2,5,1,2,,9.99738,381,108,0.168864,102,0,6.75,,0,0,0,0,0,0,0,0,0,,238,291,,0,0,0,0
1613573766772,6,1010123456009,76,,1,2,5,1,2,,10.6825,359,0,0.190747,112,0,7,,0,0,0,0,0,0,0,0,0,,238,266,,0,0,0,0
1613573767022,6,1010123456009,76,,1,2,5,1,2,,10.7355,242,0,0.114442,69,0,7,,0.1,15,0,0.1,4,25,0,1.00964,31,,157,171,,0,0,0,4.93333
1613573767272,6,1010123456009,76,,1,2,5,1,2,,10.5714,231,0,0.11024,64,0,7,,0,0,0,0,0,0,0,0,0,,140,170,,0,0,0,0
1613573767522,6,1010123456009,76,,1,2,5,1,2,,11.0705,227,0,0.117664,67,0,7,,0,0,0,0,0,0,0,0,0,,139,162,,0,0,0,0
1613573767772,6,1010123456009,76,,1,2,5,1,2,,10.8293,205,0,0.107968,59,0,7,,0,0,0,0,0,0,0,0,0,,128,156,,0,0,0,0
1613573768022,6,1010123456009,76,,1,2,5,1,2,,9.14885,262,271,0.120352,70,0,5.8,,0.1,25,0,0.1,7,42.8571,0,0.960707,31,,174,211,,0,0,0,5.48
1613573768272,6,1010123456009,76,,1,2,5,1,2,,8.04348,299,0,0.122048,90,0,7,,0,3,0,0.1,1,0,0,0,31,,244,269,,0,0,0,0
1613573768522,6,1010123456009,76,,1,2,5,1,2,,10.8934,244,113,0.124337,69,0,7,,0,0,0,0,0,0,0,0,0,,151,180,,0,0,0,0
1613573768772,6,1010123456009,76,,1,2,5,1,2,,11.0311,193,158,0.108192,59,0,7,,0,0,0,0,0,0,0,0,0,,117,143,,0,0,0,0
1613573769022,6,1010123456009,76,,1,2,5,1,2,,10.659,173,0,0.076384,46,0,7.4,,0.1,28,0,0.1,8,37.5,0,1.10865,31,,113,131,,0,0,0,5.42857
1613573769272,6,1010123456009,76,,1,2,5,1,2,,11.4032,253,0,0.15088,76,0,8.5,,0,0,0,0,0,0,0,0,0,,155,187,,0,0,0,0
1613573769522,6,1010123456009,76,,1,2,5,1,2,,6.53257,261,115,0.0951325,73,0,6.83333,,0,0,0,0,0,0,0,0,0,,228,250,,0,0,0,0
1613573769772,6,1010123456009,76,,1,2,5,1,2,,10.8255,212,0,0.103168,59,0,7,,0,0,0,0,0,0,0,0,0,,130,156,,0,0,0,0
1613573770023,6,1010123456009,76,,1,2,5,1,2,,10.9181,281,0,0.145402,82,0,7,,0.473684,38,0,0.1,11,63.6364,0,5.91237,31,,186,213,,0,0,0,7.31579
1613573770272,6,1010123456009,76,,1,2,5,1,2,,11.479,167,0,0.0974779,52,0,6.75,,0,0,0,0,0,0,0,0,0,,123,125,,0,0,0,0
1613573770522,6,1010123456009,76,,1,2,5,1,2,,10.4882,170,0,0.08624,49,0,7,,0,0,0,0,0,0,0,0,0,,103,128,,0,0,0,0
1613573770772,6,1010123456009,76,,1,2,5,1,2,,12.5241,166,0,0.09712,47,0,7.4,,0,0,0,0,0,0,0,0,0,,99,119,,0,0,0,0
1613573771022,6,1010123456009,76,,1,2,5,1,2,,10.2567,187,0,0.092544,55,0,7,,15,14,0,0,4,100,0,0.83125,0,,123,144,,0,0,0,10
1613573771272,6,1010123456009,76,,1,2,5,1,2,,10.6804,194,0,0.0925622,53,0,7,,0,0,0,0,0,0,0,0,0,,124,145,,0,0,0,0
1613573771522,6,1010123456009,76,,1,2,5,1,2,,10.2418,182,0,0.096736,55,0,7,,0,0,0,0,0,0,0,0,0,,106,141,,0,0,0,0
1613573771772,6,1010123456009,76,,1,2,5,1,2,,7.06445,512,0,0.163488,140,0,6.25,,0.1,4,0,0.1,1,0,0,0.594708,31,,377,403,,0,0,0,2
1613573772022,6,1010123456009,76,,1,2,5,1,2,,8.92135,89,0,0.049536,33,0,6.75,,9.65517,29,0,0.1,8,50,0,12.8043,31,,59,70,,0,0,0,6.34483
1613573772272,6,1010123456009,76,,1,2,5,1,2,,10.1296,270,0,0.12464,71,0,7,,0,0,0,0,0,0,0,0,0,,164,208,,0,0,0,0
1613573772522,6,1010123456009,76,,1,2,5,1,2,,9.20721,333,89,0.148016,96,0,6.8,,0,0,0,0,0,0,0,0,0,,239,262,,0,0,0,0
1613573772772,6,1010123456009,76,,1,2,5,1,2,,10.7913,345,0,0.189696,106,0,8.25,,0,0,0,0,0,0,0,0,0,,223,261,,0,0,0,0
1613573773022,6,1010123456009,76,,1,2,5,1,2,,9.60435,230,158,0.103296,63,0,6.25,,0,12,0,0,4,100,0,0,0,,149,175,,0,0,0,0
1613573773272,6,1010123456009,76,,1,2,5,1,2,,11.632,125,0,0.074816,38,0,8.75,,0,0,0,0,0,0,0,0,0,,83,90,,0,0,0,0
1613573773522,6,1010123456009,76,,1,2,5,1,2,,10.5707,184,0,0.09296,53,0,7.33333,,0.1,4,0,0.1,1,0,0,2.0631,31,,115,137,,0,0,0,1
1613573773772,6,1010123456009,76,,1,2,5,1,2,,10.3158,209,0,0.103392,60,0,6.66667,,0,0,0,0,0,0,0,0,0,,131,161,,0,0,0,0
1613573774022,6,1010123456009,76,,1,2,5,1,2,,10.9016,254,0,0.124608,71,0,8,,0.1,13,0,0.1,4,25,0,8.75434,31,,165,192,,0,0,0,3.30769
1613573774272,6,1010123456009,76,,1,2,5,1,2,,7.18529,367,0,0.14736,107,0,5.8,,0,6,0,0.1,2,50,0,0,31,,293,312,,0,0,0,0
1613573774522,6,1010123456009,76,,1,2,5,1,2,,10.7594,291,20,0.137216,79,0,7,,0,0,0,0,0,0,0,0,0,,179,215,,0,0,0,0
1613573774772,6,1010123456009,76,,1,2,5,1,2,,11.1021,284,0,0.16288,86,0,7.25,,0,0,0,0,0,0,0,0,0,,176,215,,0,0,0,0
1613573775022,6,1010123456009,76,,1,2,5,1,2,,11.8071,197,0,0.120992,56,0,8.75,,0.1,27,0,0.1,7,42.8571,0,0.921779,31,,125,149,,0,0,0,6.2963
1613573775272,6,1010123456009,76,,1,2,5,1,2,,10.32,250,0,0.127296,75,0,7,,0,0,0,0,0,0,0,0,0,,160,191,,0,0,0,0
1613573775522,6,1010123456009,76,,1,2,5,1,2,,8.11031,417,0,0.160768,119,0,5.6,,0,0,0,0,0,0,0,0,0,,286,315,,0,0,0,0
1613573775772,6,1010123456009,76,,1,2,5,1,2,,10.9401,267,0,0.131072,72,0,7,,0,0,0,0,0,0,0,0,0,,177,201,,0,0,0,0
1613573776022,6,1010123456009,76,,1,2,5,1,2,,10.1548,239,72,0.11824,71,0,6.5,,0.1,14,0,0.1,4,25,0,0.814189,31,,157,179,,0,0,0,3.71429
1613573776272,6,1010123456009,76,,1,2,5,1,2,,10.5093,269,0,0.135808,79,0,7,,0.1,4,0,0.1,1,0,0,0.436033,31,,171,200,,0,0,0,2
1613573776522,6,1010123456009,76,,1,2,5,1,2,,11.0695,331,0,0.159614,90,0,7,,0,15,0,0.1,5,80,0,0,31,,215,240,,0,0,0,0
1613573776772,6,1010123456009,76,,1,2,5,1,2,,10.756,291,0,0.155232,88,0,7,,0,12,0,0.1,4,50,0,0,31,,188,221,,0,0,0,0
1613573777022,6,1010123456009,76,,1,2,5,1,2,,10.9741,270,0,0.13504,75,0,7,,4.39024,41,0,0.1,12,66.6667,0,3.55429,31,,174,202,,0,0,0,7.43902
1613573777272,6,1010123456009,76,,1,2,5,1,2,,11.4247,219,0,0.118144,63,0,8.2,,0,0,0,0,0,0,0,0,0,,132,156,,0,0,0,0
1613573777522,6,1010123456009,76,,1,2,5,1,2,,11.1687,249,115,0.134464,73,0,7,,0,0,0,0,0,0,0,0,0,,154,185,,0,0,0,0
1613573777772,6,1010123456009,76,,1,2,5,1,2,,6.65878,296,277,0.097536,78,0,6.33333,,0,0,0,0,0,0,0,0,0,,215,243,,0,0,0,0
1613573778022,6,1010123456009,76,,1,2,5,1,2,,8.95666,323,0,0.179296,101,0,8.75,,0,12,0,0,4,100,0,0,0,,267,289,,0,0,0,0
1613573778272,6,1010123456009,76,,1,2,5,1,2,,10.8363,281,0,0.140928,81,0,7,,0.1,7,0,0.1,2,0,0,0.550895,31,,175,206,,0,0,0,2
1613573778522,6,1010123456009,76,,1,2,5,1,2,,10.9153,248,115,0.12448,70,0,7,,0,0,0,0,0,0,0,0,0,,153,183,,0,0,0,0
1613573778772,6,1010123456009,76,,1,2,5,1,2,,10.9296,199,46,0.092755,53,0,7,,0,0,0,0,0,0,0,0,0,,125,146,,0,0,0,0
1613573779022,6,1010123456009,76,,1,2,5,1,2,,10.9337,196,115,0.108064,60,0,7,,0.1,16,0,0,4,100,0,0.657526,0,,131,144,,0,0,0,10
1613573779272,6,1010123456009,76,,1,2,5,1,2,,10.3352,176,20,0.0872,51,0,6.8,,0.1,7,0,0.1,2,0,0,0.919549,31,,111,137,,0,0,0,2
1613573779522,6,1010123456009,76,,1,2,5,1,2,,10.5525,181,0,0.096992,53,0,7.2,,0,0,0,0,0,0,0,0,0,,109,137,,0,0,0,0
1613573779772,6,1010123456009,76,,1,2,5,1,2,,6.2428,243,0,0.089504,70,0,5.5,,0,0,0,0,0,0,0,0,0,,205,228,,0,0,0,0
1613573780022,6,1010123456009,76,,1,2,5,1,2,,10.3556,225,158,0.10898,64,0,6.8,,0.1,39,0,0.1,11,63.6364,0,3.34002,31,,138,168,,0,0,0,7.15385
1613573780272,6,1010123456009,76,,1,2,5,1,2,,12.6871,147,0,0.086368,42,0,8,,0,0,0,0,0,0,0,0,0,,90,103,,0,0,0,0
1613573780522,6,1010123456009,76,,1,2,5,1,2,,10.6,210,0,0.103264,59,0,6.66667,,0,0,0,0,0,0,0,0,0,,142,154,,0,0,0,0
1613573780772,6,1010123456009,76,,1,2,5,1,2,,10.6067,178,0,0.091744,51,0,7,,0,0,0,0,0,0,0,0,0,,110,136,,0,0,0,0
1613573781022,6,1010123456009,76,,1,2,5,1,2,,11.7435,191,0,0.107968,56,0,8,,0,11,0,0,4,100,0,0,0,,117,144,,0,0,0,0
1613573781272,6,1010123456009,76,,1,2,5,1,2,,10.6073,219,0,0.109141,63,0,7,,0,0,0,0,0,0,0,0,0,,142,165,,0,0,0,0
1613573781522,6,1010123456009,76,,1,2,5,1,2,,13.9313,233,0,0.165696,67,0,9.5,,0,0,0,0,0,0,0,0,0,,141,169,,0,0,0,0
1613573781772,6,1010123456009,76,,1,2,5,1,2,,10.5111,225,0,0.113792,64,0,6.8,,0,0,0,0,0,0,0,0,0,,136,170,,0,0,0,0
1613573782022,6,1010123456009,76,,1,2,5,1,2,,10.1812,276,0,0.13147,80,0,7,,0.1,13,0,0.1,4,25,0,1.35996,31,,170,207,,0,0,0,4.46154
1613573782272,6,1010123456009,76,,1,2,5,1,2,,10.8321,280,0,0.140288,80,0,7,,0,0,0,0,0,0,0,0,0,,179,204,,0,0,0,0
1613573782522,6,1010123456009,76,,1,2,5,1,2,,10.7478,226,0,0.102816,60,0,7,,0,0,0,0,0,0,0,0,0,,143,168,,0,0,0,0
1613573782772,6,1010123456009,76,,1,2,5,1,2,,11.6476,227,0,0.137984,71,0,7.5,,0,0,0,0,0,0,0,0,0,,138,173,,0,0,0,0
1613573783022,6,1010123456009,76,,1,2,5,1,2,,9.46729,214,289,0.100627,56,0,7,,0.1,14,0,0.1,4,0,0,0.841384,31,,146,166,,0,0,0,2.5
1613573783272,6,1010123456009,76,,1,2,5,1,2,,7.67787,357,0,0.134112,107,0,6.8,,0,0,0,0,0,0,0,0,0,,272,307,,0,0,0,0
1613573783522,6,1010123456009,76,,1,2,5,1,2,,10.682,217,0,0.108256,63,0,7.25,,0,0,0,0,0,0,0,0,0,,137,161,,0,0,0,0
1613573783772,6,1010123456009,76,,1,2,5,1,2,,10.75,184,0,0.092128,51,0,7,,0,0,0,0,0,0,0,0,0,,119,134,,0,0,0,0
1613573784022,6,1010123456009,76,,1,2,5,1,2,,6.57003,307,0,0.101504,88,0,6.2,,4.275,40,0,0.1,12,66.6667,0,8.89878,31,,214,242,,0,0,0,7.375
1613573784272,6,1010123456009,76,,1,2,5,1,2,,9.23321,283,0,0.1368,83,0,7.6,,0,0,0,0,0,0,0,0,0,,196,233,,0,0,0,0
1613573784522,6,1010123456009,76,,1,2,5,1,2,,10.8618,217,229,0.10224,57,0,7,,0,0,0,0,0,0,0,0,0,,134,160,,0,0,0,0
1613573784772,6,1010123456009,76,,1,2,5,1,2,,11.0936,267,158,0.14808,79,0,8,,0,0,0,0,0,0,0,0,0,,163,199,,0,0,0,0
1613573785022,6,1010123456009,76,,1,2,5,1,2,,10.2851,228,0,0.113124,69,0,7.25,,15,16,0,0,4,100,0,1.30221,0,,145,168,,0,0,0,10
1613573785272,6,1010123456009,76,,1,2,5,1,2,,10.6237,186,0,0.09744,53,0,7,,0,0,0,0,0,0,0,0,0,,117,140,,0,0,0,0
1613573785522,6,1010123456009,76,,1,2,5,1,2,,10.8756,193,0,0.10288,58,0,7,,0,0,0,0,0,0,0,0,0,,119,142,,0,0,0,0
1613573785772,6,1010123456009,76,,1,2,5,1,2,,10.628,250,87,0.123168,70,0,7,,0,0,0,0,0,0,0,0,0,,157,189,,0,0,0,0
1613573786022,6,1010123456009,76,,1,2,5,1,2,,11.0472,212,0,0.107084,59,0,7,,0.1,14,0,0.1,4,0,0,1.84058,31,,130,159,,0,0,0,2
1613573786272,6,1010123456009,76,,1,2,5,1,2,,2.59395,463,0,0.1008,139,0,4.5,,0,0,0,0,0,0,0,0,0,,438,459,,0,0,0,0
1613573786522,6,1010123456009,76,,1,2,5,1,2,,8.51748,286,44,0.115808,78,0,6,,0,0,0,0,0,0,0,0,0,,203,229,,0,0,0,0
1613573786772,6,1010123456009,76,,1,2,5,1,2,,6.56364,330,72,0.116416,94,0,5.8,,0.1,4,0,0.1,1,0,0,0.502734,31,,279,309,,0,0,0,3
1613573787022,6,1010123456009,76,,1,2,5,1,2,,10.1954,307,0,0.159232,91,0,7,,0.1,37,0,0.1,11,54.5455,0,1.02494,31,,186,237,,0,0,0,6.35135
1613573787272,6,1010123456009,76,,1,2,5,1,2,,10.8929,196,0,0.098336,53,0,8,,0,0,0,0,0,0,0,0,0,,125,147,,0,0,0,0
1613573787522,6,1010123456009,76,,1,2,5,1,2,,6.56544,382,315,0.135,112,0,6.4,,0,0,0,0,0,0,0,0,0,,316,331,,0,0,0,0
1613573787772,6,1010123456009,76,,1,2,5,1,2,,11.3313,166,89,0.081152,44,0,7.25,,0,0,0,0,0,0,0,0,0,,110,124,,0,0,0,0
1613573788022,6,1010123456009,76,,1,2,5,1,2,,9.84896,192,0,0.097856,60,0,7,,0.1,18,0,0.1,5,20,0,1.51986,31,,126,145,,0,0,0,4.22222
1613573788272,6,1010123456009,76,,1,2,5,1,2,,11.7565,230,0,0.123776,62,0,9.33333,,0,0,0,0,0,0,0,0,0,,141,165,,0,0,0,0
1613573788522,6,1010123456009,76,,1,2,5,1,2,,11.5771,201,0,0.117856,60,0,8,,0,0,0,0,0,0,0,0,0,,126,149,,0,0,0,0
1613573788772,6,1010123456009,76,,1,2,5,1,2,,10.7117,274,0,0.140948,79,0,7,,0,0,0,0,0,0,0,0,0,,172,207,,0,0,0,0
1613573789022,6,1010123456009,76,,1,2,5,1,2,,11.9068,118,0,0.0700402,34,0,7.5,,0,12,0,0,4,100,0,0,0,,71,87,,0,0,0,0
1613573789272,6,1010123456009,76,,1,2,5,1,2,,10.6646,158,0,0.0767229,45,0,7,,0.1,7,0,0.1,2,0,0,1.35671,31,,96,115,,0,0,0,1.57143
1613573789522,6,1010123456009,76,,1,2,5,1,2,,10.6034,179,0,0.086912,51,0,7,,0,0,0,0,0,0,0,0,0,,115,131,,0,0,0,0
1613573789772,6,1010123456009,76,,1,2,5,1,2,,10.5806,186,0,0.092128,53,0,7,,0,0,0,0,0,0,0,0,0,,115,135,,0,0,0,0
1613573790022,6,1010123456009,76,,1,2,5,1,2,,5.74204,314,0,0.097024,92,0,5.8,,0.1,25,0,0.1,7,57.1429,0,0.954363,31,,228,251,,0,0,0,6.8
1613573790272,6,1010123456009,76,,1,2,5,1,2,,10.8672,241,0,0.124544,70,0,7,,0.1,12,0,0.1,3,66.6667,0,1.5955,31,,160,185,,0,0,0,7.66667
1613573790522,6,1010123456009,76,,1,2,5,1,2,,10.6289,194,0,0.10256,56,0,7.6,,0,0,0,0,0,0,0,0,0,,125,148,,0,0,0,0
1613573790772,6,1010123456009,76,,1,2,5,1,2,,6.68826,247,0,0.079168,68,0,5.8,,0,0,0,0,0,0,0,0,0,,175,196,,0,0,0,0
1613573791022,6,1010123456009,76,,1,2,5,1,2,,5.17091,275,158,0.09104,83,0,5,,0.1,11,0,0.1,3,0,0,16.0828,31,,225,250,,0,0,0,1.36364
1613573791272,6,1010123456009,76,,1,2,5,1,2,,11.9051,137,0,0.08064,40,0,7.8,,0,0,0,0,0,0,0,0,0,,83,106,,0,0,0,0
1613573791522,6,1010123456009,76,,1,2,5,1,2,,11.4012,167,20,0.091424,46,0,8.4,,15,15,0,0,4,100,0,0.183899,0,,103,126,,0,0,0,10
1613573791772,6,1010123456009,76,,1,2,5,1,2,,10.6197,284,0,0.151296,83,0,7,,0,0,0,0,0,0,0,0,0,,166,214,,0,0,0,0
1613573792022,6,1010123456009,76,,1,2,5,1,2,,10.8863,211,0,0.103072,58,0,7.25,,11.7632,38,0,0.1,12,75,0,6.70473,31,,129,154,,0,0,0,7.71053
1613573792272,6,1010123456009,76,,1,2,5,1,2,,10.4771,262,0,0.11936,71,0,7,,0,0,0,0,0,0,0,0,0,,160,189,,0,0,0,0
1613573792522,6,1010123456009,76,,1,2,5,1,2,,10.9337,211,0,0.119197,67,0,7,,0,0,0,0,0,0,0,0,0,,131,155,,0,0,0,0
1613573792772,6,1010123456009,76,,1,2,5,1,2,,10.9569,255,72,0.129664,71,0,7,,0,0,0,0,0,0,0,0,0,,166,191,,0,0,0,0
1613573793022,6,1010123456009,76,,1,2,5,1,2,,10.5675,252,0,0.119904,72,0,7,,0.1,15,0,0,4,100,0,0.664545,0,,160,182,,0,0,0,10
1613573793272,6,1010123456009,76,,1,2,5,1,2,,10.4815,189,0,0.09216,55,0,7,,0.1,17,0,0.1,5,40,0,1.7542,31,,119,139,,0,0,0,5.47059
1613573793522,6,1010123456009,76,,1,2,5,1,2,,11.8962,183,0,0.102176,52,0,9,,0,0,0,0,0,0,0,0,0,,110,129,,0,0,0,0
1613573793772,6,1010123456009,76,,1,2,5,1,2,,10.17,253,315,0.125152,76,0,6.6,,0,0,0,0,0,0,0,0,0,,169,195,,0,0,0,0
1613573794022,6,1010123456009,76,,1,2,5,1,2,,6.19241,395,255,0.140048,105,0,4.6,,0.1,20,0,0.1,6,33.3333,0,1.1064,31,,327,347,,0,0,0,4.3
1613573794272,6,1010123456009,76,,1,2,5,1,2,,5.38462,403,0,0.12096,120,0,5.8,,0,0,0,0,0,0,0,0,0,,346,371,,0,0,0,0
1613573794522,6,1010123456009,76,,1,2,5,1,2,,10.6085,281,0,0.147072,83,0,7,,0,0,0,0,0,0,0,0,0,,177,204,,0,0,0,0
1613573794772,6,1010123456009,76,,1,2,5,1,2,,8.65273,311,0,0.135264,85,0,6.6,,0.1,16,0,0,4,100,0,0.245349,0,,253,258,,0,0,0,10
1613573795022,6,1010123456009,76,,1,2,5,1,2,,10.8842,311,0,0.159293,88,0,7,,0.1,15,0,0.1,4,25,0,1.19704,31,,186,234,,0,0,0,5.8
1613573795272,6,1010123456009,76,,1,2,5,1,2,,11.3441,279,0,0.158784,84,0,8,,0,0,0,0,0,0,0,0,0,,174,205,,0,0,0,0
1613573795522,6,1010123456009,76,,1,2,5,1,2,,8.0966,383,158,0.157376,105,0,6.2,,0,0,0,0,0,0,0,0,0,,299,334,,0,0,0,0
1613573795772,6,1010123456009,76,,1,2,5,1,2,,10.725,240,0,0.12928,74,0,7,,0,0,0,0,0,0,0,0,0,,153,176,,0,0,0,0
1613573796022,6,1010123456009,76,,1,2,5,1,2,,10.3471,193,186,0.087232,53,0,7,,0.1,13,0,0.1,4,0,0,1.51857,31,,122,145,,0,0,0,1.92308
1613573796272,6,1010123456009,76,,1,2,5,1,2,,10.6364,253,0,0.130336,75,0,7,,0,0,0,0,0,0,0,0,0,,158,188,,0,0,0,0
1613573796522,6,1010123456009,76,,1,2,5,1,2,,13.0047,213,6,0.127904,57,0,9.33333,,0,0,0,0,0,0,0,0,0,,127,149,,0,0,0,0
1613573796772,6,1010123456009,76,,1,2,5,1,2,,13.0625,192,0,0.143036,57,0,8.66667,,0,0,0,0,0,0,0,0,0,,119,140,,0,0,0,0
1613573797022,6,1010123456009,76,,1,2,5,1,2,,10.7782,275,0,0.142208,81,0,7,,0.1,17,0,0.1,5,40,0,6.42303,31,,181,207,,0,0,0,5.23529
1613573797272,6,1010123456009,76,,1,2,5,1,2,,10.5551,236,0,0.11408,67,0,7,,0,0,0,0,0,0,0,0,0,,143,171,,0,0,0,0
1613573797522,6,1010123456009,76,,1,2,5,1,2,,10.7075,359,0,0.174048,102,0,7,,0,0,0,0,0,0,0,0,0,,222,258,,0,0,0,0
1613573797772,6,1010123456009,76,,1,2,5,1,2,,10.7905,315,155,0.157536,89,0,5.25,,0,0,0,0,0,0,0,0,0,,206,231,,0,0,0,0
1613573798022,6,1010123456009,76,,1,2,5,1,2,,6.54348,322,0,0.101408,90,0,7,,0,12,0,0,4,100,0,0,0,,232,252,,0,0,0,0
1613573798272,6,1010123456009,76,,1,2,5,1,2,,10.8902,164,72,0.087264,48,0,7,,0,0,0,0,0,0,0,0,0,,102,122,,0,0,0,0
1613573798522,6,1010123456009,76,,1,2,5,1,2,,9.74884,215,52,0.0990201,61,0,6.75,,0,0,0,0,0,0,0,0,0,,139,162,,0,0,0,0
1613573798772,6,1010123456009,76,,1,2,5,1,2,,10.1947,190,72,0.086816,54,0,7,,0,0,0,0,0,0,0,0,0,,118,134,,0,0,0,0
1613573799022,6,1010123456009,76,,1,2,5,1,2,,10.5801,281,20,0.136,80,0,6.8,,0.1,16,0,0.1,5,40,0,1.36344,31,,187,206,,0,0,0,5.1875
1613573799272,6,1010123456009,76,,1,2,5,1,2,,10.5526,228,46,0.119839,66,0,7,,0,0,0,0,0,0,0,0,0,,140,176,,0,0,0,0
1613573799522,6,1010123456009,76,,1,2,5,1,2,,11.0879,182,0,0.091552,51,0,7,,0,0,0,0,0,0,0,0,0,,112,133,,0,0,0,0
1613573799772,6,1010123456009,76,,1,2,5,1,2,,10.0894,302,45,0.13632,83,0,6.66667,,0,0,0,0,0,0,0,0,0,,207,231,,0,0,0,0
1613573800022,6,1010123456009,76,,1,2,5,1,2,,10.5782,211,0,0.124576,69,0,7.25,,0.1,33,0,0.1,9,55.5556,0,0.938108,31,,140,164,,0,0,0,6.78788
1613573800272,6,1010123456009,76,,1,2,5,1,2,,11.0918,196,0,0.0976,53,0,7,,0,0,0,0,0,0,0,0,0,,124,144,,0,0,0,0
1613573800522,6,1010123456009,76,,1,2,5,1,2,,9.97917,240,0,0.114474,68,0,6.75,,0.1,4,0,0.1,1,0,0,1.93531,31,,156,182,,0,0,0,1
1613573800772,6,1010123456009,76,,1,2,5,1,2,,10.6507,272,0,0.140544,81,0,6,,0,0,0,0,0,0,0,0,0,,171,201,,0,0,0,0
1613573801022,6,1010123456009,76,,1,2,5,1,2,,8.97029,404,39,0.163424,111,0,6.66667,,1.14706,34,0,0.1,10,60,0,5.01859,31,,293,316,,0,0,0,6.76471
1613573801272,6,1010123456009,76,,1,2,5,1,2,,10.2704,196,0,0.109952,63,0,7,,0,0,0,0,0,0,0,0,0,,120,149,,0,0,0,0
1613573801522,6,1010123456009,76,,1,2,5,1,2,,10.8739,230,0,0.110908,61,0,7,,0,0,0,0,0,0,0,0,0,,141,173,,0,0,0,0
1613573801772,6,1010123456009,76,,1,2,5,1,2,,10.0909,242,0,0.120736,72,0,6.66667,,0,0,0,0,0,0,0,0,0,,158,182,,0,0,0,0
1613573802022,6,1010123456009,76,,1,2,5,1,2,,10.64,200,0,0.099584,59,0,7,,15,14,0,0,4,100,0,1.21346,0,,130,146,,0,0,0,10
1613573802272,6,1010123456009,76,,1,2,5,1,2,,10.5858,239,0,0.118848,68,0,7,,0,0,0,0,0,0,0,0,0,,146,177,,0,0,0,0
1613573802522,6,1010123456009,76,,1,2,5,1,2,,13.1767,215,0,0.142265,57,0,9,,0,0,0,0,0,0,0,0,0,,130,160,,0,0,0,0
1613573802772,6,1010123456009,76,,1,2,5,1,2,,10.3955,220,0,0.119136,67,0,7,,0,0,0,0,0,0,0,0,0,,133,164,,0,0,0,0
1613573803022,6,1010123456009,76,,1,2,5,1,2,,10.7108,287,0,0.146016,83,0,7,,0.1,23,0,0.1,6,66.6667,0,0.691729,31,,173,219,,0,0,0,7.91304
1613573803272,6,1010123456009,76,,1,2,5,1,2,,10.5992,252,140,0.118912,69,0,7,,0,0,0,0,0,0,0,0,0,,158,187,,0,0,0,0
1613573803522,6,1010123456009,76,,1,2,5,1,2,,10.6927,205,0,0.108562,62,0,7,,0,0,0,0,0,0,0,0,0,,132,153,,0,0,0,0
1613573803772,6,1010123456009,76,,1,2,5,1,2,,11.0455,220,0,0.102528,56,0,7,,0,0,0,0,0,0,0,0,0,,131,161,,0,0,0,0
1613573804022,6,1010123456009,76,,1,2,5,1,2,,10.1066,197,0,0.098144,60,0,6.8,,9.40541,37,0,0.1,11,72.7273,0,2.80906,31,,127,150,,0,0,0,7.81081
1613573804272,6,1010123456009,76,,1,2,5,1,2,,12.6822,236,0,0.134272,67,0,8.5,,0,0,0,0,0,0,0,0,0,,146,168,,0,0,0,0
1613573804522,6,1010123456009,76,,1,2,5,1,2,,7.89423,208,0,0.093984,63,0,5.8,,0,0,0,0,0,0,0,0,0,,156,168,,0,0,0,0
1613573804772,6,1010123456009,76,,1,2,5,1,2,,11.6258,155,0,0.0867149,44,0,8.2,,0,0,0,0,0,0,0,0,0,,94,112,,0,0,0,0
1613573805022,6,1010123456009,76,,1,2,5,1,2,,14.3025,162,0,0.111808,43,0,8.75,,0.1,35,0,0.1,10,60,0,0.965772,31,,94,116,,0,0,0,7.08571
1613573805272,6,1010123456009,76,,1,2,5,1,2,,10.8075,187,0,0.102272,56,0,7,,0,0,0,0,0,0,0,0,0,,115,139,,0,0,0,0
1613573805522,6,1010123456009,76,,1,2,5,1,2,,10.4178,213,46,0.097536,57,0,7,,0,0,0,0,0,0,0,0,0,,136,161,,0,0,0,0
1613573805772,6,1010123456009,76,,1,2,5,1,2,,4.51907,472,0,0.129189,140,0,5.8,,0,0,0,0,0,0,0,0,0,,420,454,,0,0,0,0
1613573806022,6,1010123456009,76,,1,2,5,1,2,,11.5728,206,0,0.118176,59,0,8,,8.05263,38,0,0.1,11,72.7273,0,3.68374,31,,129,156,,0,0,0,7.5
1613573806272,6,1010123456009,76,,1,2,5,1,2,,11.0302,232,0,0.129088,68,0,7,,0,0,0,0,0,0,0,0,0,,136,174,,0,0,0,0
1613573806522,6,1010123456009,76,,1,2,5,1,2,,11.1488,242,0,0.127904,68,0,8,,0,0,0,0,0,0,0,0,0,,151,179,,0,0,0,0
1613573806772,6,1010123456009,76,,1,2,5,1,2,,11.3058,242,48,0.12608,66,0,8.33333,,0,0,0,0,0,0,0,0,0,,152,179,,0,0,0,0
1613573807022,6,1010123456009,76,,1,2,5,1,2,,9.59471,227,0,0.109632,69,0,6.66667,,0.1,27,0,0.1,8,50,0,3.3197,31,,143,168,,0,0,0,5.2963
1613573807272,6,1010123456009,76,,1,2,5,1,2,,11.0093,215,0,0.114048,62,0,7.33333,,0,0,0,0,0,0,0,0,0,,138,163,,0,0,0,0
1613573807522,6,1010123456009,76,,1,2,5,1,2,,10.9415,376,0,0.18384,105,0,7,,0,0,0,0,0,0,0,0,0,,244,278,,0,0,0,0
1613573807772,6,1010123456009,76,,1,2,5,1,2,,11.0453,309,147,0.156608,86,0,7,,0,0,0,0,0,0,0,0,0,,192,230,,0,0,0,0
1613573808022,6,1010123456009,76,,1,2,5,1,2,,11.0348,287,0,0.157976,86,0,7.2,,15,14,0,0,4,100,0,2.9314,0,,185,215,,0,0,0,10
1613573808272,6,1010123456009,76,,1,2,5,1,2,,5.98592,284,0,0.100896,84,0,5.6,,0,0,0,0,0,0,0,0,0,,248,250,,0,0,0,0
1613573808522,6,1010123456009,76,,1,2,5,1,2,,11.2773,220,0,0.11856,63,0,7.33333,,0,3,0,0.1,1,0,0,0,31,,147,166,,0,0,0,0
1613573808772,6,1010123456009,76,,1,2,5,1,2,,12.3478,161,0,0.09648,46,0,8,,0,0,0,0,0,0,0,0,0,,100,120,,0,0,0,0
1613573809022,6,1010123456009,76,,1,2,5,1,2,,15.5446,101,10,0.087648,29,0,10,,5.11111,45,0,0.1,15,46.6667,0,7.93625,31,,65,77,,0,0,0,5.48889
1613573809272,6,1010123456009,76,,1,2,5,1,2,,12.8417,139,0,0.091104,41,0,9,,0,0,0,0,0,0,0,0,0,,80,97,,0,0,0,0
1613573809522,6,1010123456009,76,,1,2,5,1,2,,11.206,233,0,0.110048,59,0,7,,0,0,0,0,0,0,0,0,0,,147,174,,0,0,0,0
1613573809772,6,1010123456009,76,,1,2,5,1,2,,11.0515,272,89,0.154892,84,0,7,,0,0,0,0,0,0,0,0,0,,165,203,,0,0,0,0
1613573810022,6,1010123456009,76,,1,2,5,1,2,,10.9513,267,0,0.146688,79,0,7,,0.1,16,0,0,4,100,0,0.696138,0,,183,210,,0,0,0,10
1613573810272,6,1010123456009,76,,1,2,5,1,2,,10.9955,223,0,0.113408,64,0,7.66667,,0.1,11,0,0.1,3,33.3333,0,0.711182,31,,143,163,,0,0,0,4.90909
1613573810522,6,1010123456009,76,,1,2,5,1,2,,11.0061,163,87,0.078112,44,0,7,,0,0,0,0,0,0,0,0,0,,105,120,,0,0,0,0
1613573810772,6,1010123456009,76,,1,2,5,1,2,,10.7568,259,0,0.13104,75,0,7,,0,0,0,0,0,0,0,0,0,,163,188,,0,0,0,0
1613573811022,6,1010123456009,76,,1,2,5,1,2,,11.7079,178,20,0.10445,51,0,9,,0.1,28,0,0.1,9,55.5556,0,0.717027,31,,123,134,,0,0,0,6.25
1613573811272,6,1010123456009,76,,1,2,5,1,2,,10.987,230,0,0.124256,69,0,7,,0,0,0,0,0,0,0,0,0,,152,172,,0,0,0,0
1613573811522,6,1010123456009,76,,1,2,5,1,2,,10.6108,185,0,0.086336,50,0,7,,0,0,0,0,0,0,0,0,0,,109,136,,0,0,0,0
1613573811772,6,1010123456009,76,,1,2,5,1,2,,10.4539,141,0,0.07056,43,0,7,,0,0,0,0,0,0,0,0,0,,89,100,,0,0,0,0
1613573812022,6,1010123456009,76,,1,2,5,1,2,,11.3642,302,0,0.15804,85,0,7.2,,0.1,16,0,0,4,100,0,0.514853,0,,188,223,,0,0,0,10
1613573812272,6,1010123456009,76,,1,2,5,1,2,,6.05023,219,0,0.098784,63,0,7.33333,,0,0,0,0,0,0,0,0,0,,224,228,,0,0,0,0
1613573812522,6,1010123456009,76,,1,2,5,1,2,,10.4753,263,0,0.127808,74,0,7,,0,0,0,0,0,0,0,0,0,,165,194,,0,0,0,0
1613573812772,6,1010123456009,76,,1,2,5,1,2,,10.9399,183,0,0.099552,56,0,6.33333,,0,0,0,0,0,0,0,0,0,,114,134,,0,0,0,0
1613573813022,6,1010123456009,76,,1,2,5,1,2,,9.95299,234,0,0.114304,68,0,5.66667,,0.1,28,0,0.1,9,55.5556,0,2.19749,31,,163,182,,0,0,0,6.67857
1613573813272,6,1010123456009,76,,1,2,5,1,2,,8.41447,304,46,0.11616,83,0,7,,0,0,0,0,0,0,0,0,0,,202,238,,0,0,0,0
1613573813522,6,1010123456009,76,,1,2,5,1,2,,11.4893,233,0,0.139808,72,0,9.33333,,0,0,0,0,0,0,0,0,0,,142,167,,0,0,0,0
1613573813772,6,1010123456009,76,,1,2,5,1,2,,11.0943,212,0,0.099872,57,0,7.6,,0,0,0,0,0,0,0,0,0,,135,151,,0,0,0,0
1613573814022,6,1010123456009,76,,1,2,5,1,2,,11.5731,253,115,0.142496,75,0,8,,10.75,52,0,0.1,15,73.3333,0,8.14487,31,,167,187,,0,0,0,7.57692
1613573814272,6,1010123456009,76,,1,2,5,1,2,,6.75538,372,0,0.128992,108,0,5,,0,0,0,0,0,0,0,0,0,,273,290,,0,0,0,0
1613573814522,6,1010123456009,76,,1,2,5,1,2,,6.4136,353,0,0.113799,99,0,6,,0,0,0,0,0,0,0,0,0,,251,281,,0,0,0,0
1613573814772,6,1010123456009,76,,1,2,5,1,2,,10.9955,222,0,0.11396,66,0,7,,0,0,0,0,0,0,0,0,0,,142,158,,0,0,0,0
1613573815022,6,1010123456009,76,,1,2,5,1,2,,11.0436,275,0,0.1456,81,0,7,,5.09091,22,0,0.1,7,57.1429,0,8.07593,31,,186,211,,0,0,0,5.77273
1613573815272,6,1010123456009,76,,1,2,5,1,2,,10.1429,294,0,0.141216,84,0,6.8,,0,0,0,0,0,0,0,0,0,,179,219,,0,0,0,0
1613573815522,6,1010123456009,76,,1,2,5,1,2,,10.6538,156,115,0.070176,40,0,6.8,,0,0,0,0,0,0,0,0,0,,96,114,,0,0,0,0
1613573815772,6,1010123456009,76,,1,2,5,1,2,,10.4024,169,0,0.08672,50,0,7.5,,0,0,0,0,0,0,0,0,0,,106,128,,0,0,0,0
1613573816022,6,1010123456009,76,,1,2,5,1,2,,7.94186,258,254,0.109984,78,0,5.5,,15,16,0,0,4,100,0,0.926541,0,,203,220,,0,0,0,10
1613573816272,6,1010123456009,76,,1,2,5,1,2,,10.7866,239,0,0.119614,69,0,7,,0,0,0,0,0,0,0,0,0,,150,173,,0,0,0,0
1613573816522,6,1010123456009,76,,1,2,5,1,2,,10.4453,247,0,0.12498,72,0,7,,0,0,0,0,0,0,0,0,0,,158,191,,0,0,0,0
1613573816772,6,1010123456009,76,,1,2,5,1,2,,11.634,153,0,0.0807068,41,0,8.2,,0,0,0,0,0,0,0,0,0,,95,113,,0,0,0,0
1613573817022,6,1010123456009,76,,1,2,5,1,2,,8.53782,238,222,0.099104,68,0,6.5,,0.1,18,0,0.1,5,20,0,5.01575,31,,177,199,,0,0,0,3.66667
1613573817272,6,1010123456009,76,,1,2,5,1,2,,7.05195,385,0,0.145092,111,0,5.5,,0,0,0,0,0,0,0,0,0,,297,331,,0,0,0,0
1613573817522,6,1010123456009,76,,1,2,5,1,2,,6.66239,234,0,0.0896,70,0,5.5,,0,0,0,0,0,0,0,0,0,,196,216,,0,0,0,0
1613573817772,6,1010123456009,76,,1,2,5,1,2,,11.4428,201,0,0.102048,54,0,7,,0,0,0,0,0,0,0,0,0,,123,146,,0,0,0,0
1613573818022,6,1010123456009,76,,1,2,5,1,2,,12.5109,184,0,0.123616,57,0,8.5,,15,14,0,0,4,100,0,1.45763,0,,116,140,,0,0,0,10
1613573818272,6,1010123456009,76,,1,2,5,1,2,,6.29545,308,0,0.111104,88,0,4.66667,,0,0,0,0,0,0,0,0,0,,272,271,,0,0,0,0
1613573818522,6,1010123456009,76,,1,2,5,1,2,,10.6442,208,0,0.105157,61,0,7.75,,0,0,0,0,0,0,0,0,0,,135,154,,0,0,0,0
1613573818772,6,1010123456009,76,,1,2,5,1,2,,10.4295,156,0,0.070528,40,0,8,,0,0,0,0,0,0,0,0,0,,94,122,,0,0,0,0
1613573819022,6,1010123456009,76,,1,2,5,1,2,,10.9095,199,0,0.114024,62,0,7,,0.1,25,0,0.1,8,50,0,1.13661,31,,119,148,,0,0,0,6.2
1613573819272,6,1010123456009,76,,1,2,5,1,2,,6.3444,241,0,0.0793253,70,0,5.5,,0,3,0,0.1,1,0,0,0,31,,178,192,,0,0,0,0
1613573819522,6,1010123456009,76,,1,2,5,1,2,,10.214,243,0,0.114088,66,0,7,,0,0,0,0,0,0,0,0,0,,151,182,,0,0,0,0
1613573819772,6,1010123456009,76,,1,2,5,1,2,,11.1641,256,0,0.134528,73,0,7,,0,0,0,0,0,0,0,0,0,,159,191,,0,0,0,0
1613573820022,6,1010123456009,76,,1,2,5,1,2,,10.3472,216,158,0.108576,65,0,7,,3.43902,41,0,0.1,12,50,0,7.93729,31,,140,168,,0,0,0,5.58537
1613573820272,6,1010123456009,76,,1,2,5,1,2,,10.9647,283,0,0.145952,80,0,7.25,,0,0,0,0,0,0,0,0,0,,179,213,,0,0,0,0
1613573820522,6,1010123456009,76,,1,2,5,1,2,,10.556,241,0,0.125044,72,0,7,,0,0,0,0,0,0,0,0,0,,154,183,,0,0,0,0
1613573820772,6,1010123456009,76,,1,2,5,1,2,,13.6967,277,0,0.199968,76,0,10.5,,0,0,0,0,0,0,0,0,0,,167,201,,0,0,0,0
1613573821022,6,1010123456009,76,,1,2,5,1,2,,11.6839,193,0,0.119968,60,0,8.75,,15,15,0,0,4,100,0,0.247351,0,,122,145,,0,0,0,10
1613573821272,6,1010123456009,76,,1,2,5,1,2,,10.81,221,0,0.108512,63,0,7.33333,,0,0,0,0,0,0,0,0,0,,135,156,,0,0,0,0
1613573821522,6,1010123456009,76,,1,2,5,1,2,,10.9102,245,0,0.119104,67,0,7,,0,0,0,0,0,0,0,0,0,,153,180,,0,0,0,0
1613573821772,6,1010123456009,76,,1,2,5,1,2,,10.9283,279,0,0.145856,81,0,7,,0,0,0,0,0,0,0,0,0,,174,211,,0,0,0,0
1613573822022,6,1010123456009,76,,1,2,5,1,2,,12.1538,195,0,0.118336,58,0,9.5,,0.1,29,0,0.1,9,55.5556,0,0.984796,31,,122,141,,0,0,0,7.10345
1613573822272,6,1010123456009,76,,1,2,5,1,2,,10.6875,128,158,0.059552,34,0,7,,0,0,0,0,0,0,0,0,0,,80,96,,0,0,0,0
1613573822522,6,1010123456009,76,,1,2,5,1,2,,10.05,220,0,0.107823,64,0,7,,0,0,0,0,0,0,0,0,0,,137,166,,0,0,0,0
1613573822772,6,1010123456009,76,,1,2,5,1,2,,6.64456,377,14,0.121408,101,0,5.5,,0,0,0,0,0,0,0,0,0,,283,321,,0,0,0,0
1613573823022,6,1010123456009,76,,1,2,5,1,2,,10.7927,246,0,0.139264,80,0,7,,0.1,32,0,0.1,9,66.6667,0,0.929161,31,,156,184,,0,0,0,8.21875
1613573823272,6,1010123456009,76,,1,2,5,1,2,,10.2379,206,0,0.097152,55,0,7,,0,0,0,0,0,0,0,0,0,,126,155,,0,0,0,0
1613573823522,6,1010123456009,76,,1,2,5,1,2,,11.4217,249,69,0.135968,71,0,8,,0,0,0,0,0,0,0,0,0,,161,190,,0,0,0,0
1613573823772,6,1010123456009,76,,1,2,5,1,2,,10.3671,237,155,0.124576,71,0,5.5,,0,0,0,0,0,0,0,0,0,,149,176,,0,0,0,0
1613573824022,6,1010123456009,76,,1,2,5,1,2,,8.93069,303,0,0.147616,86,0,9.6,,5.46377,69,0,0.1,21,71.4286,0,3.65053,31,,244,260,,0,0,0,7.3913
1613573824272,6,1010123456009,76,,1,2,5,1,2,,12.2236,161,115,0.096736,48,0,7.6,,0,0,0,0,0,0,0,0,0,,94,116,,0,0,0,0
1613573824522,6,1010123456009,76,,1,2,5,1,2,,11.0798,213,0,0.108594,59,0,8.33333,,0,0,0,0,0,0,0,0,0,,130,155,,0,0,0,0
1613573824772,6,1010123456009,76,,1,2,5,1,2,,10.6441,236,0,0.113767,65,0,7,,0,0,0,0,0,0,0,0,0,,148,175,,0,0,0,0
1613573825022,6,1010123456009,76,,1,2,5,1,2,,10.0037,273,22,0.130944,80,0,6.5,,0.1,10,0,0.1,3,0,0,12.1117,31,,171,210,,0,0,0,1.3
1613573825272,6,1010123456009,76,,1,2,5,1,2,,7.73984,369,115,0.151711,106,0,5.25,,0,0,0,0,0,0,0,0,0,,302,325,,0,0,0,0
1613573825522,6,1010123456009,76,,1,2,5,1,2,,10.6122,214,0,0.116884,66,0,7,,0,0,0,0,0,0,0,0,0,,139,166,,0,0,0,0
1613573825772,6,1010123456009,76,,1,2,5,1,2,,11.2762,210,0,0.113703,63,0,7,,0,0,0,0,0,0,0,0,0,,132,152,,0,0,0,0
1613573826022,6,1010123456009,76,,1,2,5,1,2,,10.2857,245,0,0.119168,68,0,7,,0.1,13,0,0.1,4,0,0,1.53849,31,,150,188,,0,0,0,3.61538
1613573826272,6,1010123456009,76,,1,2,5,1,2,,10.937,127,0,0.0704,39,0,7,,0,0,0,0,0,0,0,0,0,,78,94,,0,0,0,0
1613573826522,6,1010123456009,76,,1,2,5,1,2,,10.4012,324,0,0.148896,90,0,7,,0,0,0,0,0,0,0,0,0,,216,247,,0,0,0,0
1613573826772,6,1010123456009,76,,1,2,5,1,2,,10.5365,192,0,0.095552,55,0,7,,0,0,0,0,0,0,0,0,0,,108,136,,0,0,0,0
1613573827022,6,1010123456009,76,,1,2,5,1,2,,10.4272,206,0,0.104064,62,0,7,,0.1,17,0,0.1,5,40,0,1.58454,31,,134,154,,0,0,0,5.11765
1613573827272,6,1010123456009,76,,1,2,5,1,2,,10.3243,222,0,0.103424,63,0,6.75,,0,0,0,0,0,0,0,0,0,,142,160,,0,0,0,0
1613573827522,6,1010123456009,76,,1,2,5,1,2,,6.94851,369,0,0.129184,106,0,6,,0,0,0,0,0,0,0,0,0,,277,304,,0,0,0,0
1613573827772,6,1010123456009,76,,1,2,5,1,2,,10.4678,233,0,0.118784,67,0,5,,0,0,0,0,0,0,0,0,0,,143,178,,0,0,0,0
1613573828022,6,1010123456009,76,,1,2,5,1,2,,7.83333,264,0,0.115776,76,0,8.4,,0.1,24,0,0.1,6,33.3333,0,1.15086,31,,205,222,,0,0,0,4.33333
1613573828272,6,1010123456009,76,,1,2,5,1,2,,7.41799,378,0,0.130848,103,0,6,,0,6,0,0.1,2,50,0,0,31,,262,296,,0,0,0,0
1613573828522,6,1010123456009,76,,1,2,5,1,2,,10.3502,217,0,0.108224,63,0,7.33333,,0,0,0,0,0,0,0,0,0,,139,164,,0,0,0,0
1613573828772,6,1010123456009,76,,1,2,5,1,2,,10.6038,265,0,0.140832,79,0,6.2,,0,6,0,0.1,2,50,0,0,31,,169,202,,0,0,0,0
1613573829022,6,1010123456009,76,,1,2,5,1,2,,11.0663,181,113,0.110208,55,0,8,,0.1,16,0,0,4,100,0,0.817279,0,,118,146,,0,0,0,10
1613573829272,6,1010123456009,76,,1,2,5,1,2,,11.0349,315,72,0.15728,89,0,7,,0.1,7,0,0.1,2,0,0,1.58644,31,,192,228,,0,0,0,1.42857
1613573829522,6,1010123456009,76,,1,2,5,1,2,,10.5281,267,0,0.129856,72,0,7.25,,0,0,0,0,0,0,0,0,0,,168,199,,0,0,0,0
1613573829772,6,1010123456009,76,,1,2,5,1,2,,10.9624,186,0,0.103008,59,0,8,,0,0,0,0,0,0,0,0,0,,116,135,,0,0,0,0
1613573830022,6,1010123456009,76,,1,2,5,1,2,,9.95684,139,0,0.070368,41,0,9,,0.1,19,0,0.1,5,20,0,1.02626,31,,98,110,,0,0,0,4.36842
1613573830272,6,1010123456009,76,,1,2,5,1,2,,11.9386,114,0,0.064032,29,0,8.5,,0,0,0,0,0,0,0,0,0,,66,85,,0,0,0,0
1613573830522,6,1010123456009,76,,1,2,5,1,2,,7.44181,421,296,0.157984,115,0,5.25,,0,0,0,0,0,0,0,0,0,,340,375,,0,0,0,0
1613573830772,6,1010123456009,76,,1,2,5,1,2,,10.507,359,0,0.171552,107,0,7,,0,0,0,0,0,0,0,0,0,,237,264,,0,0,0,0
1613573831022,6,1010123456009,76,,1,2,5,1,2,,10.7308,156,163,0.072544,42,0,6.75,,0.1,10,0,0.1,3,0,0,1.31988,31,,99,113,,0,0,0,1
1613573831272,6,1010123456009,76,,1,2,5,1,2,,10.0069,288,119,0.136289,83,0,7,,0,0,0,0,0,0,0,0,0,,205,223,,0,0,0,0
1613573831522,6,1010123456009,76,,1,2,5,1,2,,11.5124,242,0,0.140627,71,0,7.5,,0,0,0,0,0,0,0,0,0,,155,179,,0,0,0,0
1613573831772,6,1010123456009,76,,1,2,5,1,2,,11.3798,129,0,0.074368,41,0,8.25,,0,0,0,0,0,0,0,0,0,,78,95,,0,0,0,0
1613573832022,6,1010123456009,76,,1,2,5,1,2,,10.9823,226,0,0.111904,62,0,7,,0.1,14,0,0,4,100,0,0.887151,0,,147,176,,0,0,0,10
1613573832272,6,1010123456009,76,,1,2,5,1,2,,10.4847,163,0,0.084064,47,0,7,,0.1,7,0,0.1,2,0,0,0.755659,31,,97,122,,0,0,0,2
1613573832522,6,1010123456009,76,,1,2,5,1,2,,11.0303,165,0,0.091648,50,0,7.75,,0,3,0,0.1,1,0,0,0,0,,102,123,,0,0,0,0
1613573832772,6,1010123456009,76,,1,2,5,1,2,,3.65195,385,102,0.081952,103,0,5.6,,0,0,0,0,0,0,0,0,0,,378,410,,0,0,0,0
1613573833022,6,1010123456009,76,,1,2,5,1,2,,10.4275,269,0,0.147648,83,0,7,,5.53846,26,0,0.1,8,62.5,0,4.80285,31,,173,206,,0,0,0,6.76923
1613573833272,6,1010123456009,76,,1,2,5,1,2,,11.3107,177,0,0.107904,54,0,9.4,,0,0,0,0,0,0,0,0,0,,113,135,,0,0,0,0
1613573833522,6,1010123456009,76,,1,2,5,1,2,,7.84987,393,0,0.170688,114,0,5.8,,0,0,0,0,0,0,0,0,0,,334,364,,0,0,0,0
1613573833772,6,1010123456009,76,,1,2,5,1,2,,7.90769,455,0,0.16944,122,0,6,,0,0,0,0,0,0,0,0,0,,377,374,,0,0,0,0
1613573834022,6,1010123456009,76,,1,2,5,1,2,,9.94318,264,0,0.138592,86,0,7,,1.73333,30,0,0.1,9,55.5556,0,7.38115,31,,175,203,,0,0,0,6.06667
1613573834272,6,1010123456009,76,,1,2,5,1,2,,10.6262,206,0,0.099584,56,0,7,,0,0,0,0,0,0,0,0,0,,124,152,,0,0,0,0
1613573834522,6,1010123456009,76,,1,2,5,1,2,,11.3053,226,0,0.119197,62,0,10,,0,0,0,0,0,0,0,0,0,,144,168,,0,0,0,0
1613573834772,6,1010123456009,76,,1,2,5,1,2,,4.07328,232,0,0.050592,65,0,5.6,,0,0,0,0,0,0,0,0,0,,183,191,,0,0,0,0
1613573835022,6,1010123456009,76,,1,2,5,1,2,,10.4615,286,0,0.149984,86,0,7,,15,15,0,0,4,100,0,1.55417,0,,177,212,,0,0,0,10
1613573835272,6,1010123456009,76,,1,2,5,1,2,,10.634,235,0,0.114592,66,0,7,,0,0,0,0,0,0,0,0,0,,149,178,,0,0,0,0
1613573835522,6,1010123456009,76,,1,2,5,1,2,,10.7572,243,0,0.131808,74,0,7,,0,0,0,0,0,0,0,0,0,,153,182,,0,0,0,0
1613573835772,6,1010123456009,76,,1,2,5,1,2,,12.1635,208,0,0.122816,59,0,8.2,,0,0,0,0,0,0,0,0,0,,125,146,,0,0,0,0
1613573836022,6,1010123456009,76,,1,2,5,1,2,,9.69333,300,90,0.131759,83,0,6,,5.98765,81,0,0.1,23,91.3043,0,4.23597,31,,200,230,,0,0,0,9.33333
1613573836272,6,1010123456009,76,,1,2,5,1,2,,10.0182,275,0,0.131663,80,0,7,,0,0,0,0,0,0,0,0,0,,174,204,,0,0,0,0
1613573836522,6,1010123456009,76,,1,2,5,1,2,,11.5155,258,0,0.142208,72,0,9,,0,0,0,0,0,0,0,0,0,,160,191,,0,0,0,0
1613573836772,6,1010123456009,76,,1,2,5,1,2,,10.1893,206,0,0.0971245,58,0,6.66667,,0,0,0,0,0,0,0,0,0,,141,156,,0,0,0,0
1613573837022,6,1010123456009,76,,1,2,5,1,2,,9.93162,234,0,0.114474,74,0,7,,0,12,0,0,4,100,0,0,0,,149,168,,0,0,0,0
1613573837272,6,1010123456009,76,,1,2,5,1,2,,10.7884,189,0,0.097216,54,0,7,,0,0,0,0,0,0,0,0,0,,116,141,,0,0,0,0
1613573837522,6,1010123456009,76,,1,2,5,1,2,,7.78643,398,0,0.15216,112,0,6,,0,0,0,0,0,0,0,0,0,,303,333,,0,0,0,0
1613573837772,6,1010123456009,76,,1,2,5,1,2,,10.7442,129,0,0.068224,39,0,7,,0,0,0,0,0,0,0,0,0,,77,95,,0,0,0,0
1613573838022,6,1010123456009,76,,1,2,5,1,2,,12.0506,158,0,0.0869719,45,0,7.75,,0.571429,14,0,0.1,4,25,0,9.79681,31,,98,113,,0,0,0,4.42857
1613573838272,6,1010123456009,76,,1,2,5,1,2,,10.5364,220,0,0.095552,56,0,7,,15,16,0,0,4,100,0,1.26821,0,,140,165,,0,0,0,10
1613573838522,6,1010123456009,76,,1,2,5,1,2,,10.3987,158,115,0.088544,51,0,7,,0,0,0,0,0,0,0,0,0,,105,121,,0,0,0,0
1613573838772,6,1010123456009,76,,1,2,5,1,2,,10.9049,326,19,0.16752,92,0,6.83333,,0,0,0,0,0,0,0,0,0,,208,247,,0,0,0,0
1613573839022,6,1010123456009,76,,1,2,5,1,2,,11.4274,241,0,0.134912,71,0,8,,13.9048,21,0,0.1,6,66.6667,0,6.63717,31,,162,185,,0,0,0,7.85714
1613573839272,6,1010123456009,76,,1,2,5,1,2,,11.3011,186,0,0.102272,55,0,7,,0,0,0,0,0,0,0,0,0,,119,134,,0,0,0,0
1613573839522,6,1010123456009,76,,1,2,5,1,2,,10.8973,224,0,0.11648,63,0,8.66667,,0,0,0,0,0,0,0,0,0,,147,169,,0,0,0,0
1613573839772,6,1010123456009,76,,1,2,5,1,2,,6.60076,263,771,0.083456,71,0,6,,0,0,0,0,0,0,0,0,0,,233,233,,0,0,0,0
1613573840022,6,1010123456009,76,,1,2,5,1,2,,10.6379,243,0,0.148544,78,0,7,,0,12,0,0,4,100,0,0,0,,179,205,,0,0,0,0
1613573840272,6,1010123456009,76,,1,2,5,1,2,,10.84,175,0,0.091776,50,0,7.2,,0,0,0,0,0,0,0,0,0,,104,129,,0,0,0,0
1613573840522,6,1010123456009,76,,1,2,5,1,2,,7.02488,402,0,0.150656,119,0,6,,0,0,0,0,0,0,0,0,0,,283,318,,0,0,0,0
1613573840772,6,1010123456009,76,,1,2,5,1,2,,10.8692,237,0,0.11936,68,0,7,,0,0,0,0,0,0,0,0,0,,144,173,,0,0,0,0
1613573841022,6,1010123456009,76,,1,2,5,1,2,,9.42912,261,0,0.115552,77,0,6.5,,3,30,0,0.1,9,66.6667,0,8.19351,31,,170,200,,0,0,0,8.1
1613573841272,6,1010123456009,76,,1,2,5,1,2,,10.6524,187,153,0.0925944,55,0,5,,0,0,0,0,0,0,0,0,0,,120,143,,0,0,0,0
1613573841522,6,1010123456009,76,,1,2,5,1,2,,9.01487,269,0,0.120704,77,0,7,,0,0,0,0,0,0,0,0,0,,172,207,,0,0,0,0
1613573841772,6,1010123456009,76,,1,2,5,1,2,,11.6856,229,115,0.124337,61,0,7.5,,0,0,0,0,0,0,0,0,0,,137,174,,0,0,0,0
1613573842022,6,1010123456009,76,,1,2,5,1,2,,10.5668,247,0,0.129792,75,0,7,,0.1,22,0,0.1,6,50,0,1.03113,31,,155,186,,0,0,0,6.59091
1613573842272,6,1010123456009,76,,1,2,5,1,2,,11.0578,294,0,0.15152,84,0,8.5,,0,0,0,0,0,0,0,0,0,,189,214,,0,0,0,0
1613573842522,6,1010123456009,76,,1,2,5,1,2,,11.681,210,0,0.123584,60,0,8.2,,0,0,0,0,0,0,0,0,0,,127,157,,0,0,0,0
1613573842772,6,1010123456009,76,,1,2,5,1,2,,10.2962,260,0,0.124723,71,0,7,,0,0,0,0,0,0,0,0,0,,161,196,,0,0,0,0
1613573843022,6,1010123456009,76,,1,2,5,1,2,,11.7769,130,0,0.0812209,42,0,8.6,,6.90244,41,0,0.1,13,61.5385,0,5.80044,31,,83,99,,0,0,0,6.58537
1613573843272,6,1010123456009,76,,1,2,5,1,2,,6.86184,304,0,0.106528,87,0,6,,0,0,0,0,0,0,0,0,0,,235,250,,0,0,0,0
1613573843522,6,1010123456009,76,,1,2,5,1,2,,7.91919,198,0,0.082784,59,0,5,,7,7,0,0.1,2,50,0,2.55797,31,,138,162,,0,0,0,6.57143
1613573843772,6,1010123456009,76,,1,2,5,1,2,,11.0139,287,158,0.145472,82,0,7,,0,0,0,0,0,0,0,0,0,,186,207,,0,0,0,0
1613573844022,6,1010123456009,76,,1,2,5,1,2,,10.7578,351,266,0.165856,95,0,6.75,,0.1,15,0,0.1,4,25,0,0.412949,31,,233,269,,0,0,0,4.4
1613573844272,6,1010123456009,76,,1,2,5,1,2,,10.3855,179,0,0.100402,58,0,6.75,,0,6,0,0.1,2,50,0,0,31,,121,132,,0,0,0,0
1613573844522,6,1010123456009,76,,1,2,5,1,2,,9.92607,257,0,0.120096,73,0,6.75,,0,0,0,0,0,0,0,0,0,,160,192,,0,0,0,0
1613573844772,6,1010123456009,76,,1,2,5,1,2,,13.986,143,158,0.101216,41,0,7.66667,,0,0,0,0,0,0,0,0,0,,84,107,,0,0,0,0
1613573845022,6,1010123456009,76,,1,2,5,1,2,,10.5377,199,0,0.096736,56,0,7,,0,12,0,0,4,100,0,0,0,,121,146,,0,0,0,0
1613573845272,6,1010123456009,76,,1,2,5,1,2,,10.5932,118,0,0.060352,35,0,7,,0.1,7,0,0.1,2,0,0,0.987734,31,,74,88,,0,0,0,2
1613573845522,6,1010123456009,76,,1,2,5,1,2,,10.6358,151,0,0.070112,41,0,7,,0,0,0,0,0,0,0,0,0,,96,113,,0,0,0,0
1613573845772,6,1010123456009,76,,1,2,5,1,2,,10.6711,301,0,0.151488,86,0,7,,0,0,0,0,0,0,0,0,0,,190,223,,0,0,0,0
1613573846022,6,1010123456009,76,,1,2,5,1,2,,10.7876,259,0,0.135744,77,0,7,,0.1,33,0,0.1,10,60,0,0.695867,31,,161,191,,0,0,0,7.06061
1613573846272,6,1010123456009,76,,1,2,5,1,2,,11.1762,193,0,0.102458,55,0,8.66667,,0,0,0,0,0,0,0,0,0,,121,142,,0,0,0,0
1613573846522,6,1010123456009,76,,1,2,5,1,2,,10.7983,238,0,0.118944,68,0,7.6,,0,0,0,0,0,0,0,0,0,,150,175,,0,0,0,0
1613573846772,6,1010123456009,76,,1,2,5,1,2,,10.4294,163,0,0.0768193,45,0,7,,0,3,0,0.1,1,0,0,0,31,,104,125,,0,0,0,0
1613573847022,6,1010123456009,76,,1,2,5,1,2,,8.80471,297,0,0.127936,86,0,7.33333,,0.1,15,0,0.1,4,25,0,0.970869,31,,220,238,,0,0,0,6.73333
1613573847272,6,1010123456009,76,,1,2,5,1,2,,10.5043,230,0,0.119168,69,0,7,,0,0,0,0,0,0,0,0,0,,148,171,,0,0,0,0
1613573847522,6,1010123456009,76,,1,2,5,1,2,,11.092,250,89,0.125248,71,0,7,,0,0,0,0,0,0,0,0,0,,151,182,,0,0,0,0
1613573847772,6,1010123456009,76,,1,2,5,1,2,,5.1385,426,0,0.130912,120,0,5.8,,0,0,0,0,0,0,0,0,0,,411,411,,0,0,0,0
1613573848022,6,1010123456009,76,,1,2,5,1,2,,11.0263,304,0,0.157088,88,0,7,,0.1,23,0,0.1,6,33.3333,0,0.85218,31,,206,225,,0,0,0,5.6087
1613573848272,6,1010123456009,76,,1,2,5,1,2,,10.6453,172,0,0.092064,52,0,7,,0,0,0,0,0,0,0,0,0,,102,129,,0,0,0,0
1613573848522,6,1010123456009,76,,1,2,5,1,2,,7.25128,390,0,0.149376,109,0,6,,0,0,0,0,0,0,0,0,0,,320,362,,0,0,0,0
1613573848772,6,1010123456009,76,,1,2,5,1,2,,7.56931,404,0,0.155616,118,0,6,,0,12,0,0,4,100,0,0,0,,309,330,,0,0,0,0
1613573849022,6,1010123456009,76,,1,2,5,1,2,,10.6576,184,0,0.0906024,51,0,7,,0.1,23,0,0.1,7,28.5714,0,1.02111,31,,112,137,,0,0,0,5.47826
1613573849272,6,1010123456009,76,,1,2,5,1,2,,11.0568,229,125,0.110908,63,0,7,,0,0,0,0,0,0,0,0,0,,140,163,,0,0,0,0
1613573849522,6,1010123456009,76,,1,2,5,1,2,,10.6457,254,0,0.13568,76,0,7,,0,0,0,0,0,0,0,0,0,,158,196,,0,0,0,0
1613573849773,6,1010123456009,76,,1,2,5,1,2,,11.6812,207,6,0.112446,58,0,8.2,,0,0,0,0,0,0,0,0,0,,130,154,,0,0,0,0
1613573850022,6,1010123456009,76,,1,2,5,1,2,,10.7662,201,1,0.108884,58,0,7,,0.1,16,0,0.1,5,40,0,0.913014,31,,131,155,,0,0,0,6.9375
1613573850272,6,1010123456009,76,,1,2,5,1,2,,10.6931,202,0,0.10816,59,0,7,,0,0,0,0,0,0,0,0,0,,116,151,,0,0,0,0
1613573850522,6,1010123456009,76,,1,2,5,1,2,,10.8483,402,0,0.1976,113,0,7,,0,0,0,0,0,0,0,0,0,,262,294,,0,0,0,0
1613573850772,6,1010123456009,76,,1,2,5,1,2,,10.5895,190,0,0.100768,57,0,7.33333,,0,0,0,0,0,0,0,0,0,,117,146,,0,0,0,0
1613573851022,6,1010123456009,76,,1,2,5,1,2,,10.9955,222,0,0.119743,66,0,6.75,,0.1,10,0,0.1,3,0,0,9.007,31,,143,170,,0,0,0,1.3
1613573851272,6,1010123456009,76,,1,2,5,1,2,,10.9354,294,0,0.152578,85,0,6.8,,0,0,0,0,0,0,0,0,0,,207,222,,0,0,0,0
1613573851522,6,1010123456009,76,,1,2,5,1,2,,10.65,200,158,0.096256,55,0,7,,0,0,0,0,0,0,0,0,0,,122,144,,0,0,0,0
1613573851772,6,1010123456009,76,,1,2,5,1,2,,11.2902,255,294,0.125792,66,0,8.75,,0,0,0,0,0,0,0,0,0,,160,190,,0,0,0,0
1613573852022,6,1010123456009,76,,1,2,5,1,2,,7.42216,379,0,0.176353,121,0,5.25,,15.1111,90,0,0.121221,29,86.2069,0,4.06646,31,,355,353,,0,0,0,8.6
1613573852272,6,1010123456009,76,,1,2,5,1,2,,10.1993,281,46,0.120192,76,0,6.75,,0,0,0,0,0,0,0,0,0,,181,206,,0,0,0,0
1613573852522,6,1010123456009,76,,1,2,5,1,2,,10.9223,193,0,0.1088,60,0,7.75,,0,0,0,0,0,0,0,0,0,,130,149,,0,0,0,0
1613573852772,6,1010123456009,76,,1,2,5,1,2,,12.6062,226,0,0.136672,64,0,11,,0,0,0,0,0,0,0,0,0,,133,164,,0,0,0,0
1613573853022,6,1010123456009,76,,1,2,5,1,2,,11.6918,292,0,0.168896,83,0,7,,6.26087,23,0,0.1,7,57.1429,0,8.94682,31,,188,215,,0,0,0,5.86957
1613573853272,6,1010123456009,76,,1,2,5,1,2,,12.7232,112,0,0.0871647,35,0,10,,0,0,0,0,0,0,0,0,0,,69,83,,0,0,0,0
1613573853522,6,1010123456009,76,,1,2,5,1,2,,11.1181,237,46,0.129606,68,0,7,,0,0,0,0,0,0,0,0,0,,143,185,,0,0,0,0
1613573853772,6,1010123456009,76,,1,2,5,1,2,,10.625,248,0,0.11344,65,0,7,,0,0,0,0,0,0,0,0,0,,151,178,,0,0,0,0
1613573854022,6,1010123456009,76,,1,2,5,1,2,,11.5645,186,0,0.118592,60,0,7.66667,,0.1,18,0,0.1,5,40,0,1.88786,31,,114,143,,0,0,0,5.27778
1613573854272,6,1010123456009,76,,1,2,5,1,2,,12.1403,221,0,0.123744,61,0,7,,0,0,0,0,0,0,0,0,0,,136,164,,0,0,0,0
1613573854522,6,1010123456009,76,,1,2,5,1,2,,9.56981,265,0,0.114656,73,0,6.5,,0,0,0,0,0,0,0,0,0,,169,199,,0,0,0,0
1613573854772,6,1010123456009,76,,1,2,5,1,2,,10.7956,137,0,0.0754378,42,0,7,,0,0,0,0,0,0,0,0,0,,89,102,,0,0,0,0
1613573855022,6,1010123456009,76,,1,2,5,1,2,,11.0249,201,18,0.113824,60,0,8.5,,0.1,19,0,0.1,5,40,0,1.18934,31,,130,155,,0,0,0,5.89474
1613573855272,6,1010123456009,76,,1,2,5,1,2,,10.8295,217,20,0.108384,59,0,7,,0,0,0,0,0,0,0,0,0,,131,165,,0,0,0,0
1613573855522,6,1010123456009,76,,1,2,5,1,2,,8.18996,279,0,0.14192,84,0,7.8,,0,0,0,0,0,0,0,0,0,,235,260,,0,0,0,0
1613573855772,6,1010123456009,76,,1,2,5,1,2,,10.9509,163,0,0.075296,41,0,7,,0,0,0,0,0,0,0,0,0,,98,123,,0,0,0,0
1613573856022,6,1010123456009,76,,1,2,5,1,2,,10.0792,265,0,0.130924,78,0,6.6,,0.1,23,0,0.1,6,33.3333,0,6.73448,31,,170,201,,0,0,0,5.47826
1613573856272,6,1010123456009,76,,1,2,5,1,2,,11.369,271,0,0.151296,80,0,7.5,,0,0,0,0,0,0,0,0,0,,162,198,,0,0,0,0
1613573856522,6,1010123456009,76,,1,2,5,1,2,,10.5859,128,0,0.064864,37,0,7,,0,0,0,0,0,0,0,0,0,,78,98,,0,0,0,0
1613573856772,6,1010123456009,76,,1,2,5,1,2,,10.5089,224,0,0.109076,65,0,7,,0,0,0,0,0,0,0,0,0,,141,163,,0,0,0,0
1613573857022,6,1010123456009,76,,1,2,5,1,2,,10.8106,322,0,0.167424,93,0,7,,0.1,30,0,0.1,9,77.7778,0,0.665657,31,,213,243,,0,0,0,8.93333
1613573857272,6,1010123456009,76,,1,2,5,1,2,,7.105,200,486,0.06928,50,0,5.5,,0,0,0,0,0,0,0,0,0,,158,168,,0,0,0,0
1613573857522,6,1010123456009,76,,1,2,5,1,2,,9.15589,263,0,0.120128,78,0,7,,0,0,0,0,0,0,0,0,0,,216,228,,0,0,0,0
1613573857772,6,1010123456009,76,,1,2,5,1,2,,9.92754,276,46,0.134908,83,0,6.75,,0,0,0,0,0,0,0,0,0,,183,210,,0,0,0,0
1613573858022,6,1010123456009,76,,1,2,5,1,2,,10.9133,323,0,0.162667,91,0,7,,0.1,19,0,0.1,5,80,0,0.75189,31,,211,249,,0,0,0,8.31579
1613573858272,6,1010123456009,76,,1,2,5,1,2,,11.0123,244,113,0.13312,72,0,7,,0.1,11,0,0.1,3,66.6667,0,1.58239,31,,158,189,,0,0,0,7.09091
1613573858522,6,1010123456009,76,,1,2,5,1,2,,11.2,255,0,0.138024,77,0,7,,0,9,0,0.1,3,66.6667,0,0,0,,162,182,,0,0,0,0
1613573858772,6,1010123456009,76,,1,2,5,1,2,,10.2915,199,0,0.0936546,54,0,7,,0,0,0,0,0,0,0,0,0,,121,149,,0,0,0,0
1613573859022,6,1010123456009,76,,1,2,5,1,2,,10.6973,185,0,0.096,52,0,7.5,,0.1,22,0,0.1,7,42.8571,0,4.23628,31,,118,141,,0,0,0,6.59091
1613573859272,6,1010123456009,76,,1,2,5,1,2,,10.7657,239,0,0.125312,73,0,7,,0,0,0,0,0,0,0,0,0,,149,176,,0,0,0,0
1613573859522,6,1010123456009,76,,1,2,5,1,2,,10.6808,213,0,0.103264,59,0,7,,0,0,0,0,0,0,0,0,0,,140,160,,0,0,0,0
1613573859772,6,1010123456009,76,,1,2,5,1,2,,10.7298,322,0,0.168739,95,0,6.8,,0,0,0,0,0,0,0,0,0,,221,249,,0,0,0,0
1613573860022,6,1010123456009,76,,1,2,5,1,2,,10.6232,207,0,0.102944,60,0,7,,0.1,20,0,0.1,6,50,0,1.28268,31,,128,152,,0,0,0,6.7
1613573860272,6,1010123456009,76,,1,2,5,1,2,,10.8848,165,0,0.081248,47,0,6.75,,0,0,0,0,0,0,0,0,0,,103,120,,0,0,0,0
1613573860522,6,1010123456009,76,,1,2,5,1,2,,5.44938,563,0,0.161312,161,0,5.75,,0,0,0,0,0,0,0,0,0,,441,464,,0,0,0,0
1613573860772,6,1010123456009,76,,1,2,5,1,2,,4.52926,393,0,0.0997269,111,0,5.16667,,0,3,0,0.1,1,0,0,0,31,,307,325,,0,0,0,0
1613573861022,6,1010123456009,76,,1,2,5,1,2,,12.0638,141,0,0.080704,39,0,9,,0.1,18,0,0.1,5,40,0,0.674866,31,,89,107,,0,0,0,5.94444
1613573861272,6,1010123456009,76,,1,2,5,1,2,,10.7175,177,0,0.096992,53,0,7,,0,0,0,0,0,0,0,0,0,,104,132,,0,0,0,0
1613573861522,6,1010123456009,76,,1,2,5,1,2,,10.8918,305,0,0.156576,88,0,7,,0,0,0,0,0,0,0,0,0,,188,227,,0,0,0,0
1613573861772,6,1010123456009,76,,1,2,5,1,2,,10.9167,228,0,0.118816,66,0,7,,0,0,0,0,0,0,0,0,0,,151,172,,0,0,0,0
1613573862022,6,1010123456009,76,,1,2,5,1,2,,10.314,242,0,0.119936,71,0,6.8,,4.5,32,0,0.1,10,80,0,3.96905,31,,152,185,,0,0,0,8.25
1613573862272,6,1010123456009,76,,1,2,5,1,2,,8.45865,399,0,0.171116,113,0,5,,0,0,0,0,0,0,0,0,0,,297,324,,0,0,0,0
1613573862522,6,1010123456009,76,,1,2,5,1,2,,10.9493,217,0,0.108723,62,0,7,,0,0,0,0,0,0,0,0,0,,136,156,,0,0,0,0
1613573862772,6,1010123456009,76,,1,2,5,1,2,,10.5052,192,0,0.097728,55,0,7,,0,0,0,0,0,0,0,0,0,,121,147,,0,0,0,0
1613573863022,6,1010123456009,76,,1,2,5,1,2,,10.3279,305,88,0.141216,84,0,6.75,,0,15,0,0.1,5,40,0,0,31,,189,231,,0,0,0,0
1613573863272,6,1010123456009,76,,1,2,5,1,2,,7.73661,224,70,0.08912,68,0,6.5,,0,0,0,0,0,0,0,0,0,,144,178,,0,0,0,0
1613573863522,6,1010123456009,76,,1,2,5,1,2,,11.0354,198,0,0.102496,58,0,7,,0,0,0,0,0,0,0,0,0,,120,144,,0,0,0,0
1613573863772,6,1010123456009,76,,1,2,5,1,2,,12.6991,226,115,0.139296,60,0,9.25,,0,0,0,0,0,0,0,0,0,,137,162,,0,0,0,0
1613573864022,6,1010123456009,76,,1,2,5,1,2,,9.76812,207,0,0.103744,64,0,6.66667,,0.1,17,0,0.1,5,20,0,5.19287,31,,136,164,,0,0,0,3.88235
1613573864272,6,1010123456009,76,,1,2,5,1,2,,12.05,260,0,0.150944,74,0,8.75,,0,0,0,0,0,0,0,0,0,,160,188,,0,0,0,0
1613573864522,6,1010123456009,76,,1,2,5,1,2,,11.356,191,0,0.109012,55,0,7.66667,,0,0,0,0,0,0,0,0,0,,119,146,,0,0,0,0
1613573864772,6,1010123456009,76,,1,2,5,1,2,,6.86297,343,0,0.123534,99,0,5,,0,0,0,0,0,0,0,0,0,,275,280,,0,0,0,0
1613573865022,6,1010123456009,76,,1,2,5,1,2,,11.2026,232,0,0.113767,63,0,7,,0,12,0,0,4,100,0,0,0,,142,167,,0,0,0,0
1613573865272,6,1010123456009,76,,1,2,5,1,2,,11.8486,185,37,0.094688,48,0,8,,0,0,0,0,0,0,0,0,0,,121,137,,0,0,0,0
1613573865522,6,1010123456009,76,,1,2,5,1,2,,10.9167,156,0,0.087968,49,0,7,,0,0,0,0,0,0,0,0,0,,91,110,,0,0,0,0
1613573865772,6,1010123456009,76,,1,2,5,1,2,,13.5172,145,113,0.103232,43,0,10.6667,,0,0,0,0,0,0,0,0,0,,92,108,,0,0,0,0
1613573866022,6,1010123456009,76,,1,2,5,1,2,,10.3604,222,143,0.099872,60,0,7,,0.1,18,0,0.1,5,40,0,1.13236,31,,139,165,,0,0,0,5.11111
1613573866272,6,1010123456009,76,,1,2,5,1,2,,10.5532,188,0,0.099648,57,0,7,,0,0,0,0,0,0,0,0,0,,120,137,,0,0,0,0
1613573866522,6,1010123456009,76,,1,2,5,1,2,,10.8875,311,0,0.16224,91,0,7.5,,0,6,0,0.1,2,50,0,0,31,,201,233,,0,0,0,0
1613573866772,6,1010123456009,76,,1,2,5,1,2,,10.9073,259,0,0.130144,72,0,7,,0,3,0,0.1,1,0,0,0,31,,161,188,,0,0,0,0
1613573867022,6,1010123456009,76,,1,2,5,1,2,,10.995,198,0,0.108384,59,0,8,,0.1,42,0,0.1,13,46.1538,0,4.04174,31,,126,155,,0,0,0,5.71429
1613573867272,6,1010123456009,76,,1,2,5,1,2,,11.7252,131,0,0.070048,38,0,8.25,,0,0,0,0,0,0,0,0,0,,80,94,,0,0,0,0
1613573867522,6,1010123456009,76,,1,2,5,1,2,,6.83088,272,161,0.109248,73,0,5.33333,,0,0,0,0,0,0,0,0,0,,198,218,,0,0,0,0
1613573867772,6,1010123456009,76,,1,2,5,1,2,,9.8985,266,115,0.13216,86,0,7,,0,0,0,0,0,0,0,0,0,,177,208,,0,0,0,0
1613573868022,6,1010123456009,76,,1,2,5,1,2,,10.6,335,89,0.163213,95,0,7,,9.11539,26,0,0.1,7,57.1429,0,6.68072,31,,224,247,,0,0,0,6.69231
1613573868272,6,1010123456009,76,,1,2,5,1,2,,11.0556,306,0,0.150848,83,0,7,,0,0,0,0,0,0,0,0,0,,203,228,,0,0,0,0
1613573868522,6,1010123456009,76,,1,2,5,1,2,,10.9173,254,0,0.137184,76,0,7.25,,0,0,0,0,0,0,0,0,0,,158,186,,0,0,0,0
1613573868772,6,1010123456009,76,,1,2,5,1,2,,13.3846,195,108,0.13616,56,0,8.6,,0,0,0,0,0,0,0,0,0,,126,145,,0,0,0,0
1613573869022,6,1010123456009,76,,1,2,5,1,2,,9.58333,228,263,0.118368,63,0,7.2,,0.1,19,0,0.1,5,20,0,1.17168,31,,167,191,,0,0,0,4.94737
1613573869272,6,1010123456009,76,,1,2,5,1,2,,8.22159,352,0,0.154592,108,0,7,,0,0,0,0,0,0,0,0,0,,295,303,,0,0,0,0
1613573869522,6,1010123456009,76,,1,2,5,1,2,,8.25517,290,158,0.132192,87,0,5.25,,0,0,0,0,0,0,0,0,0,,234,242,,0,0,0,0
1613573869772,6,1010123456009,76,,1,2,5,1,2,,6.62162,259,0,0.080512,69,0,5.6,,0,0,0,0,0,0,0,0,0,,212,229,,0,0,0,0
1613573870022,6,1010123456009,76,,1,2,5,1,2,,10.5843,267,93,0.12896,76,0,7,,0.1,12,0,0,4,100,0,0.241126,0,,167,201,,0,0,0,10
1613573870272,6,1010123456009,76,,1,2,5,1,2,,9.996,250,0,0.125056,75,0,6.5,,0.1,7,0,0.1,2,0,0,0.191548,31,,165,189,,0,0,0,2.57143
1613573870522,6,1010123456009,76,,1,2,5,1,2,,10.4299,321,0,0.167072,95,0,6.75,,0,0,0,0,0,0,0,0,0,,208,246,,0,0,0,0
1613573870772,6,1010123456009,76,,1,2,5,1,2,,10.6923,182,0,0.093152,53,0,7.2,,0,0,0,0,0,0,0,0,0,,112,134,,0,0,0,0
1613573871022,6,1010123456009,76,,1,2,5,1,2,,10.7551,294,0,0.136386,78,0,7,,4.46154,26,0,0.1,7,57.1429,0,5.86293,31,,184,213,,0,0,0,6.96154
1613573871272,6,1010123456009,76,,1,2,5,1,2,,10.2609,138,0,0.080992,45,0,7,,0,0,0,0,0,0,0,0,0,,82,106,,0,0,0,0
1613573871522,6,1010123456009,76,,1,2,5,1,2,,10.2231,242,0,0.114795,69,0,6.75,,0,0,0,0,0,0,0,0,0,,162,180,,0,0,0,0
1613573871772,6,1010123456009,76,,1,2,5,1,2,,9.88664,247,0,0.109526,67,0,6.33333,,0,0,0,0,0,0,0,0,0,,157,185,,0,0,0,0
1613573872022,6,1010123456009,76,,1,2,5,1,2,,10.0581,310,0,0.153024,93,0,6.8,,10.1698,53,0,0.1,15,80,0,2.52476,31,,206,237,,0,0,0,8.20755
1613573872272,6,1010123456009,76,,1,2,5,1,2,,10.6627,255,1,0.118752,67,0,7,,0,0,0,0,0,0,0,0,0,,167,199,,0,0,0,0
1613573872522,6,1010123456009,76,,1,2,5,1,2,,10.2654,211,0,0.116659,65,0,7,,0,0,0,0,0,0,0,0,0,,131,158,,0,0,0,0
1613573872772,6,1010123456009,76,,1,2,5,1,2,,10.6071,280,0,0.13776,78,0,6.83333,,0,0,0,0,0,0,0,0,0,,170,208,,0,0,0,0
1613573873022,6,1010123456009,76,,1,2,5,1,2,,9.96029,277,0,0.136932,84,0,7,,0.1,34,0,0.1,9,77.7778,0,0.811847,31,,188,212,,0,0,0,8.11765
1613573873272,6,1010123456009,76,,1,2,5,1,2,,10.7102,176,212,0.086624,50,0,7.66667,,0,0,0,0,0,0,0,0,0,,116,134,,0,0,0,0
1613573873522,6,1010123456009,76,,1,2,5,1,2,,12.7453,212,0,0.142169,60,0,7.33333,,0,0,0,0,0,0,0,0,0,,124,157,,0,0,0,0
1613573873772,6,1010123456009,76,,1,2,5,1,2,,5.02053,487,0,0.159614,139,0,5.5,,0,0,0,0,0,0,0,0,0,,498,487,,0,0,0,0
1613573874022,6,1010123456009,76,,1,2,5,1,2,,11.052,250,0,0.131808,74,0,7,,3.57447,47,0,0.1,14,50,0,9.20239,31,,155,187,,0,0,0,6.14894
1613573874272,6,1010123456009,76,,1,2,5,1,2,,12.5672,238,0,0.146688,68,0,9.2,,0,0,0,0,0,0,0,0,0,,151,175,,0,0,0,0
1613573874522,6,1010123456009,76,,1,2,5,1,2,,10.2229,175,0,0.08704,50,0,8,,0,0,0,0,0,0,0,0,0,,117,134,,0,0,0,0
1613573874772,6,1010123456009,76,,1,2,5,1,2,,9.58723,235,0,0.098944,64,0,6.66667,,0,3,0,0.1,1,0,0,0,31,,154,176,,0,0,0,0
1613573875022,6,1010123456009,76,,1,2,5,1,2,,10.5197,254,158,0.130112,76,0,7,,1.63636,44,0,0.1,13,69.2308,0,4.11078,31,,167,191,,0,0,0,7.25
1613573875272,6,1010123456009,76,,1,2,5,1,2,,12.7753,227,0,0.144928,65,0,8,,0,0,0,0,0,0,0,0,0,,137,169,,0,0,0,0
1613573875522,6,1010123456009,76,,1,2,5,1,2,,11.7235,170,0,0.096832,48,0,7,,0,0,0,0,0,0,0,0,0,,100,125,,0,0,0,0
1613573875772,6,1010123456009,76,,1,2,5,1,2,,11.7863,262,89,0.145472,75,0,8,,0,0,0,0,0,0,0,0,0,,168,190,,0,0,0,0
1613573876022,6,1010123456009,76,,1,2,5,1,2,,8.68807,218,46,0.088032,62,0,5.5,,0.1,24,0,0.1,7,57.1429,0,4.41167,31,,154,163,,0,0,0,7.41667
1613573876272,6,1010123456009,76,,1,2,5,1,2,,10.4077,233,0,0.119486,68,0,7,,0,0,0,0,0,0,0,0,0,,143,176,,0,0,0,0
1613573876522,6,1010123456009,76,,1,2,5,1,2,,10.9433,194,0,0.0978635,53,0,7.25,,0,0,0,0,0,0,0,0,0,,120,146,,0,0,0,0
1613573876772,6,1010123456009,76,,1,2,5,1,2,,11.06,250,0,0.129664,72,0,7,,0,0,0,0,0,0,0,0,0,,152,186,,0,0,0,0
1613573877022,6,1010123456009,76,,1,2,5,1,2,,10.7845,181,167,0.0970602,53,0,7,,15,13,0,0,4,100,0,0.615107,0,,125,149,,0,0,0,10
1613573877272,6,1010123456009,76,,1,2,5,1,2,,11.2026,227,0,0.124736,69,0,8.75,,0,0,0,0,0,0,0,0,0,,145,167,,0,0,0,0
1613573877522,6,1010123456009,76,,1,2,5,1,2,,7.01713,467,119,0.178112,133,0,6,,0,0,0,0,0,0,0,0,0,,412,406,,0,0,0,0
1613573877772,6,1010123456009,76,,1,2,5,1,2,,10.769,316,0,0.163277,91,0,7,,0,0,0,0,0,0,0,0,0,,192,234,,0,0,0,0
1613573878022,6,1010123456009,76,,1,2,5,1,2,,10.9801,201,0,0.103036,56,0,7,,0.1,23,0,0.1,7,28.5714,0,1.1416,31,,123,146,,0,0,0,4.26087
1613573878272,6,1010123456009,76,,1,2,5,1,2,,10.9857,210,0,0.108384,62,0,8,,0,0,0,0,0,0,0,0,0,,136,156,,0,0,0,0
1613573878522,6,1010123456009,76,,1,2,5,1,2,,10.3369,279,123,0.130816,77,0,6.8,,0,0,0,0,0,0,0,0,0,,178,211,,0,0,0,0
1613573878772,6,1010123456009,76,,1,2,5,1,2,,10.2367,169,0,0.0868434,54,0,5.5,,0,0,0,0,0,0,0,0,0,,107,120,,0,0,0,0
1613573879022,6,1010123456009,76,,1,2,5,1,2,,8.9562,274,35,0.120608,78,0,8.66667,,0.1,22,0,0.1,6,33.3333,0,1.62979,31,,181,211,,0,0,0,4.40909
1613573879272,6,1010123456009,76,,1,2,5,1,2,,7.79464,448,0,0.177152,127,0,6.33333,,0,0,0,0,0,0,0,0,0,,372,372,,0,0,0,0
1613573879522,6,1010123456009,76,,1,2,5,1,2,,10.8451,226,0,0.11424,63,0,6.5,,0,3,0,0.1,1,0,0,0,31,,148,167,,0,0,0,0
1613573879772,6,1010123456009,76,,1,2,5,1,2,,11.1707,123,0,0.0653494,38,0,7.6,,0,0,0,0,0,0,0,0,0,,78,92,,0,0,0,0
1613573880022,6,1010123456009,76,,1,2,5,1,2,,11.7174,138,0,0.0865221,42,0,7,,0,12,0,0,4,100,0,0,0,,84,105,,0,0,0,0
1613573880272,6,1010123456009,76,,1,2,5,1,2,,11.098,245,0,0.12384,69,0,7,,0,9,0,0,3,100,0,0,0,,144,175,,0,0,0,0
1613573880522,6,1010123456009,76,,1,2,5,1,2,,10.8081,198,0,0.086528,50,0,7,,0,3,0,0,1,100,0,0,0,,124,150,,0,0,0,0
1613573880772,6,1010123456009,76,,1,2,5,1,2,,10.2218,239,175,0.116768,68,0,6.5,,0,0,0,0,0,0,0,0,0,,161,177,,0,0,0,0
1613573881022,6,1010123456009,76,,1,2,5,1,2,,10.5837,257,0,0.144739,81,0,8.25,,0.1,24,0,0.1,7,71.4286,0,0.364887,31,,166,197,,0,0,0,7.33333
1613573881272,6,1010123456009,76,,1,2,5,1,2,,7.11321,265,108,0.0944257,72,0,6,,0,0,0,0,0,0,0,0,0,,229,233,,0,0,0,0
1613573881522,6,1010123456009,76,,1,2,5,1,2,,12.4391,271,0,0.171904,80,0,9,,0,0,0,0,0,0,0,0,0,,173,201,,0,0,0,0
1613573881772,6,1010123456009,76,,1,2,5,1,2,,10.6644,149,46,0.075552,42,0,7,,0,0,0,0,0,0,0,0,0,,93,110,,0,0,0,0
1613573882022,6,1010123456009,76,,1,2,5,1,2,,10.8615,296,0,0.152353,84,0,7.5,,14.8214,84,0,0.1,28,85.7143,0,3.78009,31,,199,228,,0,0,0,8.82143
1613573882272,6,1010123456009,76,,1,2,5,1,2,,11.4203,207,0,0.128896,64,0,8.66667,,0,3,0,0.1,1,0,0,0,31,,125,158,,0,0,0,0
1613573882522,6,1010123456009,76,,1,2,5,1,2,,11.1333,180,46,0.091552,49,0,7,,0,0,0,0,0,0,0,0,0,,105,133,,0,0,0,0
1613573882772,6,1010123456009,76,,1,2,5,1,2,,11.1915,188,158,0.09184,49,0,7.75,,0,0,0,0,0,0,0,0,0,,119,140,,0,0,0,0
1613573883022,6,1010123456009,76,,1,2,5,1,2,,12.0588,170,0,0.12224,55,0,9.25,,0.1,17,0,0.1,5,20,0,14.7131,31,,115,142,,0,0,0,4
1613573883272,6,1010123456009,76,,1,2,5,1,2,,13.0628,223,0,0.15245,68,0,9.66667,,0,0,0,0,0,0,0,0,0,,141,162,,0,0,0,0
1613573883522,6,1010123456009,76,,1,2,5,1,2,,12.0706,269,113,0.149792,73,0,7,,0,0,0,0,0,0,0,0,0,,170,195,,0,0,0,0
1613573883772,6,1010123456009,76,,1,2,5,1,2,,10.6899,287,158,0.14096,82,0,7,,0,0,0,0,0,0,0,0,0,,181,207,,0,0,0,0
1613573884022,6,1010123456009,76,,1,2,5,1,2,,10.6809,235,0,0.124064,71,0,6.66667,,0,12,0,0,4,100,0,0,0,,150,178,,0,0,0,0
1613573884272,6,1010123456009,76,,1,2,5,1,2,,10.3985,271,0,0.132896,76,0,7,,0,0,0,0,0,0,0,0,0,,168,205,,0,0,0,0
1613573884522,6,1010123456009,76,,1,2,5,1,2,,10.957,279,0,0.138538,78,0,7,,0,0,0,0,0,0,0,0,0,,175,203,,0,0,0,0
1613573884772,6,1010123456009,76,,1,2,5,1,2,,3.97585,414,131,0.103584,114,0,5.57143,,0.1,4,0,0.1,1,0,0,2.75546,31,,450,456,,0,0,0,1
1613573885022,6,1010123456009,76,,1,2,5,1,2,,9.98246,285,70,0.145632,84,0,6.5,,0.1,35,0,0.1,10,60,0,0.818769,31,,193,222,,0,0,0,7.28571
1613573885272,6,1010123456009,76,,1,2,5,1,2,,10.3315,178,132,0.084736,53,0,7,,0,0,0,0,0,0,0,0,0,,111,130,,0,0,0,0
1613573885522,6,1010123456009,76,,1,2,5,1,2,,10.7047,254,0,0.131168,71,0,7.33333,,0,0,0,0,0,0,0,0,0,,150,185,,0,0,0,0
1613573885772,6,1010123456009,76,,1,2,5,1,2,,10.3952,210,0,0.107008,63,0,7,,0,0,0,0,0,0,0,0,0,,133,158,,0,0,0,0
1613573886022,6,1010123456009,76,,1,2,5,1,2,,11.2431,325,0,0.183456,99,0,7,,0.1,16,0,0.1,5,40,0,1.20565,31,,209,249,,0,0,0,5.375
1613573886272,6,1010123456009,76,,1,2,5,1,2,,10.4656,247,0,0.125301,70,0,7,,0,0,0,0,0,0,0,0,0,,165,190,,0,0,0,0
1613573886522,6,1010123456009,76,,1,2,5,1,2,,11.6436,202,0,0.108128,57,0,7.5,,0,0,0,0,0,0,0,0,0,,124,150,,0,0,0,0
1613573886772,6,1010123456009,76,,1,2,5,1,2,,8.54511,266,0,0.14143,76,0,7.33333,,0,0,0,0,0,0,0,0,0,,188,215,,0,0,0,0
1613573887022,6,1010123456009,76,,1,2,5,1,2,,13.5118,170,0,0.138956,53,0,9,,0.1,10,0,0.1,3,0,0,2.11416,31,,105,128,,0,0,0,1.3
1613573887272,6,1010123456009,76,,1,2,5,1,2,,10.8812,202,0,0.097504,55,0,7,,0,0,0,0,0,0,0,0,0,,121,149,,0,0,0,0
1613573887522,6,1010123456009,76,,1,2,5,1,2,,11.0372,269,115,0.141536,78,0,7,,0,0,0,0,0,0,0,0,0,,174,202,,0,0,0,0
1613573887772,6,1010123456009,76,,1,2,5,1,2,,10.8755,273,272,0.128771,73,0,7,,0,0,0,0,0,0,0,0,0,,164,197,,0,0,0,0
1613573888022,6,1010123456009,76,,1,2,5,1,2,,10.8926,242,0,0.124928,72,0,6.5,,0,12,0,0,4,100,0,0,0,,148,183,,0,0,0,0
1613573888272,6,1010123456009,76,,1,2,5,1,2,,10.2996,227,0,0.130336,71,0,6,,0.1,7,0,0.1,2,0,0,0.912145,31,,143,173,,0,0,0,2.57143
1613573888522,6,1010123456009,76,,1,2,5,1,2,,9.99598,249,0,0.108352,67,0,7,,0,0,0,0,0,0,0,0,0,,154,179,,0,0,0,0
1613573888772,6,1010123456009,76,,1,2,5,1,2,,10.8736,174,0,0.086496,49,0,7,,0,0,0,0,0,0,0,0,0,,105,127,,0,0,0,0
1613573889022,6,1010123456009,76,,1,2,5,1,2,,8.39349,338,70,0.138988,101,0,4.33333,,15.3778,90,0,0.1,31,90.3226,0,2.87821,31,,233,264,,0,0,0,9.2
1613573889272,6,1010123456009,76,,1,2,5,1,2,,9.56951,223,0,0.0993092,65,0,7,,0,0,0,0,0,0,0,0,0,,140,163,,0,0,0,0
1613573889522,6,1010123456009,76,,1,2,5,1,2,,6.72515,342,0,0.117408,96,0,5.8,,0,0,0,0,0,0,0,0,0,,298,326,,0,0,0,0
1613573889772,6,1010123456009,76,,1,2,5,1,2,,10.0535,299,0,0.141664,83,0,8.2,,0,0,0,0,0,0,0,0,0,,191,221,,0,0,0,0
1613573890022,6,1010123456009,76,,1,2,5,1,2,,10.5359,237,0,0.12448,70,0,7,,0.1,26,0,0.1,7,71.4286,0,0.57819,31,,154,178,,0,0,0,7.80769
1613573890272,6,1010123456009,76,,1,2,5,1,2,,10.8875,240,0,0.13012,72,0,7,,0,0,0,0,0,0,0,0,0,,151,180,,0,0,0,0
1613573890522,6,1010123456009,76,,1,2,5,1,2,,10.6006,318,158,0.157248,92,0,6.8,,0,0,0,0,0,0,0,0,0,,197,237,,0,0,0,0
1613573890772,6,1010123456009,76,,1,2,5,1,2,,9.8069,145,92,0.06032,38,0,6.66667,,0,0,0,0,0,0,0,0,0,,96,112,,0,0,0,0
1613573891022,6,1010123456009,76,,1,2,5,1,2,,9.95547,247,0,0.126426,76,0,7,,0.444444,27,0,0.1,8,50,0,4.09845,31,,164,191,,0,0,0,5.66667
1613573891272,6,1010123456009,76,,1,2,5,1,2,,11.0803,274,0,0.141141,78,0,7,,0,0,0,0,0,0,0,0,0,,167,200,,0,0,0,0
1613573891522,6,1010123456009,76,,1,2,5,1,2,,12.9594,197,0,0.122912,57,0,8.4,,0,0,0,0,0,0,0,0,0,,125,139,,0,0,0,0
1613573891772,6,1010123456009,76,,1,2,5,1,2,,11.3397,209,0,0.107116,60,0,7.4,,0,0,0,0,0,0,0,0,0,,136,152,,0,0,0,0
1613573892022,6,1010123456009,76,,1,2,5,1,2,,11.4359,234,0,0.127552,66,0,7,,7.34884,43,0,0.1,12,66.6667,0,6.09397,31,,144,173,,0,0,0,6.93023
1613573892272,6,1010123456009,76,,1,2,5,1,2,,10.9706,238,0,0.128608,70,0,7,,0,0,0,0,0,0,0,0,0,,156,180,,0,0,0,0
1613573892522,6,1010123456009,76,,1,2,5,1,2,,10.8059,237,0,0.12896,67,0,8.66667,,0,0,0,0,0,0,0,0,0,,155,177,,0,0,0,0
1613573892772,6,1010123456009,76,,1,2,5,1,2,,10.4381,210,46,0.0994699,59,0,7,,0,0,0,0,0,0,0,0,0,,128,155,,0,0,0,0
1613573893022,6,1010123456009,76,,1,2,5,1,2,,11.2174,138,143,0.0759197,41,0,8.4,,0,12,0,0,4,100,0,0,0,,85,105,,0,0,0,0
1613573893272,6,1010123456009,76,,1,2,5,1,2,,10.6352,392,0,0.1904,111,0,8,,0,0,0,0,0,0,0,0,0,,241,293,,0,0,0,0
1613573893522,6,1010123456009,76,,1,2,5,1,2,,9.99167,240,0,0.114688,67,0,7.25,,0,0,0,0,0,0,0,0,0,,147,180,,0,0,0,0
1613573893772,6,1010123456009,76,,1,2,5,1,2,,11.3383,201,0,0.108128,58,0,7.6,,0,0,0,0,0,0,0,0,0,,123,146,,0,0,0,0
1613573894022,6,1010123456009,76,,1,2,5,1,2,,10.1416,233,0,0.120193,72,0,6.8,,0.1,17,0,0.1,5,20,0,1.12511,31,,154,182,,0,0,0,4.05882
1613573894272,6,1010123456009,76,,1,2,5,1,2,,10.3541,305,0,0.146538,84,0,6.66667,,0,0,0,0,0,0,0,0,0,,186,232,,0,0,0,0
1613573894522,6,1010123456009,76,,1,2,5,1,2,,10.7222,198,0,0.103936,61,0,7,,0,0,0,0,0,0,0,0,0,,128,145,,0,0,0,0
1613573894772,6,1010123456009,76,,1,2,5,1,2,,7.90429,303,0,0.126688,87,0,5.75,,0,0,0,0,0,0,0,0,0,,255,268,,0,0,0,0
1613573895022,6,1010123456009,76,,1,2,5,1,2,,11.1124,258,0,0.141152,75,0,7.6,,0.1,18,0,0.1,5,20,0,1.38284,31,,171,194,,0,0,0,4.22222
1613573895272,6,1010123456009,76,,1,2,5,1,2,,11.881,168,4,0.109494,49,0,9.8,,0,6,0,0.1,2,0,0,0,31,,118,135,,0,0,0,0
1613573895522,6,1010123456009,76,,1,2,5,1,2,,11.15,240,108,0.113992,63,0,7.25,,0,0,0,0,0,0,0,0,0,,150,175,,0,0,0,0
1613573895772,6,1010123456009,76,,1,2,5,1,2,,10.6603,365,0,0.184416,106,0,6.8,,0.1,4,0,0.1,1,0,0,1.99646,31,,229,266,,0,0,0,1
1613573896022,6,1010123456009,76,,1,2,5,1,2,,8.45283,265,203,0.112512,73,0,6,,0.1,13,0,0.1,4,0,0,1.93997,31,,173,205,,0,0,0,1.76923
1613573896272,6,1010123456009,76,,1,2,5,1,2,,7.97305,334,0,0.136,105,0,7,,0,0,0,0,0,0,0,0,0,,252,281,,0,0,0,0
1613573896522,6,1010123456009,76,,1,2,5,1,2,,7.70833,192,113,0.076672,52,0,5.5,,0,3,0,0.1,1,0,0,0,0,,157,169,,0,0,0,0
1613573896772,6,1010123456009,76,,1,2,5,1,2,,12.9891,184,0,0.123296,55,0,9,,0,0,0,0,0,0,0,0,0,,106,134,,0,0,0,0
1613573897022,6,1010123456009,76,,1,2,5,1,2,,10.5649,154,0,0.08096,45,0,7,,0.1,19,0,0.1,5,20,0,1.43237,31,,109,123,,0,0,0,4
1613573897272,6,1010123456009,76,,1,2,5,1,2,,10.6491,228,0,0.09792,59,0,7,,0,0,0,0,0,0,0,0,0,,150,163,,0,0,0,0
1613573897522,6,1010123456009,76,,1,2,5,1,2,,10.8207,251,0,0.137664,76,0,7,,0,0,0,0,0,0,0,0,0,,157,189,,0,0,0,0
1613573897772,6,1010123456009,76,,1,2,5,1,2,,11.2302,252,0,0.138016,74,0,7.2,,0,0,0,0,0,0,0,0,0,,153,188,,0,0,0,0
1613573898022,6,1010123456009,76,,1,2,5,1,2,,7.06944,360,0,0.125728,99,0,6,,0.1,11,0,0.1,3,0,0,16.1427,31,,295,307,,0,0,0,1.36364
1613573898272,6,1010123456009,76,,1,2,5,1,2,,10.9615,260,0,0.140096,77,0,7,,0,0,0,0,0,0,0,0,0,,158,193,,0,0,0,0
1613573898522,6,1010123456009,76,,1,2,5,1,2,,11.0429,233,158,0.115872,67,0,7,,15,16,0,0,4,100,0,0.860669,0,,149,172,,0,0,0,10
1613573898772,6,1010123456009,76,,1,2,5,1,2,,9.74429,219,0,0.103936,64,0,8,,0,0,0,0,0,0,0,0,0,,144,165,,0,0,0,0
1613573899022,6,1010123456009,76,,1,2,5,1,2,,11.3237,241,0,0.134784,69,0,7.25,,0.1,28,0,0.1,8,62.5,0,0.9562,31,,157,180,,0,0,0,6.71429
1613573899272,6,1010123456009,76,,1,2,5,1,2,,10.483,294,0,0.151616,86,0,7,,0,0,0,0,0,0,0,0,0,,179,220,,0,0,0,0
1613573899522,6,1010123456009,76,,1,2,5,1,2,,10.9474,247,44,0.120768,68,0,7,,0,0,0,0,0,0,0,0,0,,152,185,,0,0,0,0
1613573899772,6,1010123456009,76,,1,2,5,1,2,,10.4724,290,0,0.145446,84,0,7,,0,0,0,0,0,0,0,0,0,,183,216,,0,0,0,0
1613573900022,6,1010123456009,76,,1,2,5,1,2,,9.0061,328,0,0.148896,100,0,6.33333,,0.1,35,0,0.1,10,60,0,0.981492,31,,239,259,,0,0,0,7.42857
1613573900272,6,1010123456009,76,,1,2,5,1,2,,11.3375,320,0,0.16768,92,0,9,,0,0,0,0,0,0,0,0,0,,203,236,,0,0,0,0
1613573900522,6,1010123456009,76,,1,2,5,1,2,,9.96,350,0,0.164864,99,0,6.5,,0,0,0,0,0,0,0,0,0,,233,262,,0,0,0,0
1613573900772,6,1010123456009,76,,1,2,5,1,2,,11.5435,184,0,0.106048,54,0,8.75,,0,0,0,0,0,0,0,0,0,,110,130,,0,0,0,0
1613573901022,6,1010123456009,76,,1,2,5,1,2,,10.6225,151,0,0.075744,44,0,7,,0.1,24,0,0.1,7,71.4286,0,1.48684,31,,99,115,,0,0,0,7.33333
1613573901272,6,1010123456009,76,,1,2,5,1,2,,11.7009,224,0,0.118688,64,0,7.5,,0,0,0,0,0,0,0,0,0,,138,157,,0,0,0,0
1613573901522,6,1010123456009,76,,1,2,5,1,2,,11.1336,232,0,0.11872,66,0,7,,0,0,0,0,0,0,0,0,0,,146,168,,0,0,0,0
1613573901772,6,1010123456009,76,,1,2,5,1,2,,10.7164,134,0,0.05984,35,0,7.5,,0,0,0,0,0,0,0,0,0,,85,96,,0,0,0,0
1613573902022,6,1010123456009,76,,1,2,5,1,2,,10.6883,247,158,0.12976,72,0,7,,0.1,13,0,0.1,4,0,0,2.22268,31,,153,189,,0,0,0,2.23077
1613573902272,6,1010123456009,76,,1,2,5,1,2,,10.9245,212,0,0.119168,65,0,7,,0,0,0,0,0,0,0,0,0,,134,164,,0,0,0,0
1613573902522,6,1010123456009,76,,1,2,5,1,2,,9.70428,257,0,0.120256,73,0,6.66667,,0,0,0,0,0,0,0,0,0,,178,200,,0,0,0,0
1613573902772,6,1010123456009,76,,1,2,5,1,2,,11.2073,164,0,0.081504,48,0,7,,0,0,0,0,0,0,0,0,0,,105,116,,0,0,0,0
1613573903022,6,1010123456009,76,,1,2,5,1,2,,11.199,206,0,0.107888,59,0,7.75,,6.20895,67,0,0.1,19,68.4211,0,2.43618,31,,133,156,,0,0,0,7.55224
1613573903272,6,1010123456009,76,,1,2,5,1,2,,11.6085,189,0,0.108544,55,0,7.33333,,0,0,0,0,0,0,0,0,0,,112,142,,0,0,0,0
1613573903522,6,1010123456009,76,,1,2,5,1,2,,12.3609,230,0,0.133568,61,0,8.75,,0,0,0,0,0,0,0,0,0,,147,173,,0,0,0,0
1613573903772,6,1010123456009,76,,1,2,5,1,2,,10.4863,255,0,0.129632,74,0,7,,0,0,0,0,0,0,0,0,0,,161,186,,0,0,0,0
1613573904022,6,1010123456009,76,,1,2,5,1,2,,10.5656,221,0,0.100337,60,0,7,,0.1,39,0,0.1,11,72.7273,0,3.21099,31,,141,164,,0,0,0,7.74359
1613573904272,6,1010123456009,76,,1,2,5,1,2,,11.0109,276,1,0.149184,82,0,7,,0,0,0,0,0,0,0,0,0,,178,201,,0,0,0,0
1613573904522,6,1010123456009,76,,1,2,5,1,2,,11.3714,210,0,0.119486,60,0,8.6,,0,0,0,0,0,0,0,0,0,,126,155,,0,0,0,0
1613573904772,6,1010123456009,76,,1,2,5,1,2,,11.0758,277,0,0.141248,81,0,7,,0,0,0,0,0,0,0,0,0,,191,202,,0,0,0,0
1613573905022,6,1010123456009,76,,1,2,5,1,2,,10.8528,265,48,0.13408,73,0,7,,0.1,21,0,0.1,6,66.6667,0,0.878923,31,,165,200,,0,0,0,7.85714
1613573905272,6,1010123456009,76,,1,2,5,1,2,,11.2566,265,66,0.135968,74,0,7,,0,0,0,0,0,0,0,0,0,,162,196,,0,0,0,0
1613573905522,6,1010123456009,76,,1,2,5,1,2,,9.32567,261,0,0.125398,80,0,6.75,,0,0,0,0,0,0,0,0,0,,173,205,,0,0,0,0
1613573905772,6,1010123456009,76,,1,2,5,1,2,,10.6022,181,0,0.0978956,56,0,7,,0,0,0,0,0,0,0,0,0,,116,138,,0,0,0,0
1613573906022,6,1010123456009,76,,1,2,5,1,2,,3.38298,376,0,0.095136,108,0,5,,14.2805,82,0,0.1,27,88.8889,0,3.20406,31,,413,402,,0,0,0,9.12195
1613573906272,6,1010123456009,76,,1,2,5,1,2,,10.9942,172,0,0.091759,52,0,7,,0,0,0,0,0,0,0,0,0,,108,125,,0,0,0,0
1613573906522,6,1010123456009,76,,1,2,5,1,2,,7.0641,312,0,0.122752,89,0,7,,0,0,0,0,0,0,0,0,0,,218,244,,0,0,0,0
1613573906772,6,1010123456009,76,,1,2,5,1,2,,11,177,0,0.086688,49,0,7,,0,0,0,0,0,0,0,0,0,,112,133,,0,0,0,0
1613573907022,6,1010123456009,76,,1,2,5,1,2,,11.1965,285,0,0.156256,85,0,7,,0.1,45,0,0.1,13,69.2308,0,4.44695,31,,184,214,,0,0,0,7.28889
1613573907272,6,1010123456009,76,,1,2,5,1,2,,10.953,234,203,0.115712,64,0,7,,0,0,0,0,0,0,0,0,0,,146,176,,0,0,0,0
1613573907522,6,1010123456009,76,,1,2,5,1,2,,10.6779,267,0,0.130506,74,0,7,,0,0,0,0,0,0,0,0,0,,163,194,,0,0,0,0
1613573907772,6,1010123456009,76,,1,2,5,1,2,,10.9101,267,0,0.141152,80,0,7,,0,0,0,0,0,0,0,0,0,,167,199,,0,0,0,0
1613573908022,6,1010123456009,76,,1,2,5,1,2,,10.2973,296,0,0.144707,85,0,7.33333,,15,14,0,0,4,100,0,2.24553,0,,184,217,,0,0,0,10
1613573908272,6,1010123456009,76,,1,2,5,1,2,,10.6981,212,0,0.0988916,57,0,7,,0,0,0,0,0,0,0,0,0,,129,162,,0,0,0,0
1613573908522,6,1010123456009,76,,1,2,5,1,2,,10.7143,182,0,0.103168,57,0,7,,0,0,0,0,0,0,0,0,0,,111,136,,0,0,0,0
1613573908772,6,1010123456009,76,,1,2,5,1,2,,11.3051,177,0,0.097632,51,0,7.2,,0,0,0,0,0,0,0,0,0,,110,134,,0,0,0,0
1613573909022,6,1010123456009,76,,1,2,5,1,2,,10.2876,299,0,0.147264,88,0,7,,0.1,13,0,0.1,4,0,0,10.1256,31,,198,230,,0,0,0,2.38462
1613573909272,6,1010123456009,76,,1,2,5,1,2,,10.89,309,0,0.1624,89,0,7,,0,0,0,0,0,0,0,0,0,,193,234,,0,0,0,0
1613573909522,6,1010123456009,76,,1,2,5,1,2,,10.6257,187,0,0.086976,49,0,7,,0,0,0,0,0,0,0,0,0,,116,138,,0,0,0,0
1613573909772,6,1010123456009,76,,1,2,5,1,2,,12.5069,217,0,0.145184,67,0,9,,0,0,0,0,0,0,0,0,0,,129,164,,0,0,0,0
1613573910022,6,1010123456009,76,,1,2,5,1,2,,10.5689,225,115,0.113664,64,0,7,,0.1,43,0,0.1,12,66.6667,0,0.97562,31,,149,176,,0,0,0,7.48837
1613573910272,6,1010123456009,76,,1,2,5,1,2,,7.95167,269,54,0.0984,72,0,6.33333,,0.1,4,0,0.1,1,0,0,2.74425,31,,189,211,,0,0,0,1
1613573910522,6,1010123456009,76,,1,2,5,1,2,,6.55401,287,87,0.103614,85,0,7.8,,0.1,4,0,0.1,1,0,0,2.35754,31,,202,230,,0,0,0,1
1613573910772,6,1010123456009,76,,1,2,5,1,2,,11.8557,194,0,0.118048,58,0,8,,0,0,0,0,0,0,0,0,0,,115,140,,0,0,0,0
1613573911022,6,1010123456009,76,,1,2,5,1,2,,10.6491,228,0,0.108787,63,0,7,,2.63636,33,0,0.1,9,66.6667,0,2.29285,31,,144,168,,0,0,0,7.75758
1613573911272,6,1010123456009,76,,1,2,5,1,2,,10.7303,241,0,0.130378,72,0,7,,0,0,0,0,0,0,0,0,0,,147,183,,0,0,0,0
1613573911522,6,1010123456009,76,,1,2,5,1,2,,6.05904,271,0,0.09504,78,0,5,,0,0,0,0,0,0,0,0,0,,251,264,,0,0,0,0
1613573911772,6,1010123456009,76,,1,2,5,1,2,,12.2204,186,0,0.117687,53,0,8.5,,0,12,0,0,4,100,0,0,0,,114,138,,0,0,0,0
1613573912022,6,1010123456009,76,,1,2,5,1,2,,11.3975,161,0,0.086304,46,0,8.4,,0.1,20,0,0.1,6,66.6667,0,0.811663,31,,105,116,,0,0,0,7.4
1613573912272,6,1010123456009,76,,1,2,5,1,2,,11.1672,293,87,0.150329,83,0,7.25,,0,0,0,0,0,0,0,0,0,,185,215,,0,0,0,0
1613573912522,6,1010123456009,76,,1,2,5,1,2,,10.5955,267,0,0.13248,78,0,7,,0,0,0,0,0,0,0,0,0,,172,196,,0,0,0,0
1613573912772,6,1010123456009,76,,1,2,5,1,2,,10.4789,190,0,0.086784,49,0,6.83333,,0,0,0,0,0,0,0,0,0,,121,139,,0,0,0,0
1613573913022,6,1010123456009,76,,1,2,5,1,2,,9.45652,276,0,0.115648,78,0,6.75,,0.1,28,0,0.1,7,57.1429,0,1.04056,31,,181,210,,0,0,0,6.71429
1613573913272,6,1010123456009,76,,1,2,5,1,2,,11.3443,212,0,0.119357,66,0,7,,0,0,0,0,0,0,0,0,0,,133,150,,0,0,0,0
1613573913522,6,1010123456009,76,,1,2,5,1,2,,12.0482,166,0,0.101696,47,0,8.6,,0,0,0,0,0,0,0,0,0,,101,123,,0,0,0,0
1613573913772,6,1010123456009,76,,1,2,5,1,2,,11.003,329,134,0.162144,92,0,7,,0,0,0,0,0,0,0,0,0,,198,242,,0,0,0,0
1613573914022,6,1010123456009,76,,1,2,5,1,2,,15.8621,116,0,0.111072,38,0,12,,8,41,0,0.1,13,69.2308,0,5.3617,31,,70,87,,0,0,0,7.46341
1613573914272,6,1010123456009,76,,1,2,5,1,2,,8.38016,363,0,0.159424,104,0,6.2,,0.1,4,0,0.1,1,0,0,2.74168,31,,277,300,,0,0,0,1
1613573914522,6,1010123456009,76,,1,2,5,1,2,,10.8824,255,0,0.118976,68,0,7,,0,0,0,0,0,0,0,0,0,,158,190,,0,0,0,0
1613573914772,6,1010123456009,76,,1,2,5,1,2,,10.5017,295,158,0.146784,86,0,7,,0,0,0,0,0,0,0,0,0,,192,221,,0,0,0,0
1613573915022,6,1010123456009,76,,1,2,5,1,2,,10.8259,316,0,0.162656,92,0,7,,0.1,25,0,0.1,7,28.5714,0,2.52916,31,,192,230,,0,0,0,4.88
1613573915272,6,1010123456009,76,,1,2,5,1,2,,11.8014,146,0,0.086496,45,0,7.75,,0,0,0,0,0,0,0,0,0,,91,106,,0,0,0,0
1613573915522,6,1010123456009,76,,1,2,5,1,2,,11.9632,190,28,0.11306,53,0,8,,0,0,0,0,0,0,0,0,0,,118,150,,0,0,0,0
1613573915772,6,1010123456009,76,,1,2,5,1,2,,11.2418,153,0,0.086496,45,0,7.25,,0,0,0,0,0,0,0,0,0,,89,109,,0,0,0,0
1613573916022,6,1010123456009,76,,1,2,5,1,2,,10.7102,245,99,0.12432,70,0,7,,12.0556,18,0,0.1,6,66.6667,0,11.237,31,,167,185,,0,0,0,6.5
1613573916272,6,1010123456009,76,,1,2,5,1,2,,11.2909,220,89,0.114506,64,0,7,,0,0,0,0,0,0,0,0,0,,138,160,,0,0,0,0
1613573916522,6,1010123456009,76,,1,2,5,1,2,,11.8467,137,0,0.080288,38,0,11,,0,0,0,0,0,0,0,0,0,,80,103,,0,0,0,0
1613573916772,6,1010123456009,76,,1,2,5,1,2,,10.3158,190,0,0.092128,53,0,7,,0,0,0,0,0,0,0,0,0,,131,150,,0,0,0,0
1613573917022,6,1010123456009,76,,1,2,5,1,2,,12.1925,161,0,0.112512,51,0,8.5,,0,12,0,0,4,100,0,0,0,,98,124,,0,0,0,0
1613573917272,6,1010123456009,76,,1,2,5,1,2,,11.7719,228,0,0.122208,61,0,7.6,,0,0,0,0,0,0,0,0,0,,141,167,,0,0,0,0
1613573917522,6,1010123456009,76,,1,2,5,1,2,,11.0983,234,158,0.125856,71,0,7,,0,0,0,0,0,0,0,0,0,,147,168,,0,0,0,0
1613573917772,6,1010123456009,76,,1,2,5,1,2,,10.5979,281,0,0.140177,79,0,7,,0,0,0,0,0,0,0,0,0,,181,207,,0,0,0,0
1613573918022,6,1010123456009,76,,1,2,5,1,2,,11.5106,141,0,0.076192,40,0,8.25,,0.1,17,0,0.1,5,40,0,0.877426,31,,97,107,,0,0,0,7
1613573918272,6,1010123456009,76,,1,2,5,1,2,,11.1654,254,0,0.134528,72,0,7.5,,0,0,0,0,0,0,0,0,0,,153,188,,0,0,0,0
1613573918522,6,1010123456009,76,,1,2,5,1,2,,11.0398,201,0,0.108096,61,0,7.16667,,0,0,0,0,0,0,0,0,0,,130,148,,0,0,0,0
1613573918772,6,1010123456009,76,,1,2,5,1,2,,10.3217,258,0,0.145056,74,0,6.5,,0,0,0,0,0,0,0,0,0,,184,207,,0,0,0,0
1613573919022,6,1010123456009,76,,1,2,5,1,2,,10.7374,198,0,0.097088,55,0,7,,0.1,17,0,0.1,5,40,0,1.13838,31,,127,150,,0,0,0,5.41176
1613573919272,6,1010123456009,76,,1,2,5,1,2,,10.8869,221,244,0.118528,67,0,7,,0,3,0,0.1,1,0,0,0,31,,143,167,,0,0,0,0
1613573919522,6,1010123456009,76,,1,2,5,1,2,,6.80563,355,0,0.12128,100,0,5.8,,0,3,0,0.1,1,0,0,0,31,,270,298,,0,0,0,0
1613573919772,6,1010123456009,76,,1,2,5,1,2,,10.6,245,0,0.12096,71,0,8.25,,0,0,0,0,0,0,0,0,0,,158,179,,0,0,0,0
1613573920022,6,1010123456009,76,,1,2,5,1,2,,14.2205,195,0,0.154024,52,0,7,,0.1,12,0,0,4,100,0,0.908943,0,,114,149,,0,0,0,10
1613573920272,6,1010123456009,76,,1,2,5,1,2,,10.0526,190,0,0.092672,57,0,6.8,,0.1,17,0,0.1,5,20,0,0.555627,31,,125,142,,0,0,0,5
1613573920522,6,1010123456009,76,,1,2,5,1,2,,10.9115,260,0,0.135357,74,0,8.66667,,0,0,0,0,0,0,0,0,0,,161,193,,0,0,0,0
1613573920772,6,1010123456009,76,,1,2,5,1,2,,10.6,255,0,0.129824,73,0,7,,0,0,0,0,0,0,0,0,0,,156,193,,0,0,0,0
1613573921022,6,1010123456009,76,,1,2,5,1,2,,11.0236,127,0,0.069728,36,0,7.75,,0.1,15,0,0.1,4,0,0,11.2602,31,,74,94,,0,0,0,2.33333
1613573921272,6,1010123456009,76,,1,2,5,1,2,,14.3406,229,0,0.16151,66,0,7,,0,0,0,0,0,0,0,0,0,,134,165,,0,0,0,0
1613573921522,6,1010123456009,76,,1,2,5,1,2,,10.7824,193,87,0.097152,55,0,7,,0,0,0,0,0,0,0,0,0,,120,146,,0,0,0,0
1613573921772,6,1010123456009,76,,1,2,5,1,2,,7.00251,399,0,0.145408,114,0,6,,0,0,0,0,0,0,0,0,0,,289,324,,0,0,0,0
1613573922022,6,1010123456009,76,,1,2,5,1,2,,11.0573,192,0,0.103165,58,0,7,,0,12,0,0,4,100,0,0,0,,126,148,,0,0,0,0
1613573922272,6,1010123456009,76,,1,2,5,1,2,,10.2971,276,0,0.130144,76,0,6.75,,0,0,0,0,0,0,0,0,0,,172,209,,0,0,0,0
1613573922522,6,1010123456009,76,,1,2,5,1,2,,10.7525,202,0,0.096928,54,0,7,,0,0,0,0,0,0,0,0,0,,125,148,,0,0,0,0
1613573922772,6,1010123456009,76,,1,2,5,1,2,,10.3125,240,0,0.119712,70,0,6.83333,,0,0,0,0,0,0,0,0,0,,156,178,,0,0,0,0
1613573923022,6,1010123456009,76,,1,2,5,1,2,,7.79888,358,0,0.14808,106,0,6.75,,0.1,17,0,0.1,5,40,0,1.06268,31,,270,303,,0,0,0,5.52941
1613573923272,6,1010123456009,76,,1,2,5,1,2,,10.2512,211,0,0.107181,62,0,7,,0,0,0,0,0,0,0,0,0,,131,158,,0,0,0,0
1613573923522,6,1010123456009,76,,1,2,5,1,2,,13.1229,179,0,0.10528,48,0,8.4,,0,0,0,0,0,0,0,0,0,,111,131,,0,0,0,0
1613573923772,6,1010123456009,76,,1,2,5,1,2,,8.84647,241,0,0.110112,70,0,6.25,,0,0,0,0,0,0,0,0,0,,163,181,,0,0,0,0
1613573924022,6,1010123456009,76,,1,2,5,1,2,,11.7483,147,0,0.086112,45,0,8,,0.1,18,0,0.1,6,33.3333,0,9.15523,31,,89,107,,0,0,0,5.66667
1613573924272,6,1010123456009,76,,1,2,5,1,2,,11.9132,265,0,0.150848,76,0,7.66667,,0,0,0,0,0,0,0,0,0,,162,196,,0,0,0,0
1613573924522,6,1010123456009,76,,1,2,5,1,2,,10.7975,163,158,0.081568,47,0,6.75,,0,0,0,0,0,0,0,0,0,,100,121,,0,0,0,0
1613573924772,6,1010123456009,76,,1,2,5,1,2,,8.44578,249,0,0.100112,71,0,7,,0,0,0,0,0,0,0,0,0,,178,200,,0,0,0,0
1613573925022,6,1010123456009,76,,1,2,5,1,2,,11.7067,225,0,0.13012,64,0,7,,15,13,0,0,4,100,0,2.45576,0,,141,164,,0,0,0,10
1613573925272,6,1010123456009,76,,1,2,5,1,2,,11.1143,175,0,0.092096,53,0,7,,0,0,0,0,0,0,0,0,0,,110,124,,0,0,0,0
1613573925522,6,1010123456009,76,,1,2,5,1,2,,10.7013,298,0,0.13936,80,0,7,,0,0,0,0,0,0,0,0,0,,193,223,,0,0,0,0
1613573925772,6,1010123456009,76,,1,2,5,1,2,,10.2519,266,0,0.135712,80,0,7,,0,0,0,0,0,0,0,0,0,,165,195,,0,0,0,0
1613573926022,6,1010123456009,76,,1,2,5,1,2,,10.3502,257,0,0.117141,71,0,7.25,,6.37255,51,0,0.1,14,85.7143,0,2.18839,31,,165,193,,0,0,0,8.84314
1613573926272,6,1010123456009,76,,1,2,5,1,2,,11.5025,197,0,0.12408,63,0,9.33333,,0,0,0,0,0,0,0,0,0,,131,152,,0,0,0,0
1613573926522,6,1010123456009,76,,1,2,5,1,2,,10.9409,203,0,0.101248,56,0,7,,0,0,0,0,0,0,0,0,0,,125,146,,0,0,0,0
1613573926772,6,1010123456009,76,,1,2,5,1,2,,6.69118,340,0,0.112864,93,0,5.8,,0,0,0,0,0,0,0,0,0,,300,312,,0,0,0,0
1613573927022,6,1010123456009,76,,1,2,5,1,2,,10.9838,308,0,0.185504,99,0,9.5,,0.1,13,0,0,4,100,0,0.3667,0,,196,241,,0,0,0,10
1613573927272,6,1010123456009,76,,1,2,5,1,2,,10.908,250,179,0.113504,64,0,7,,0.1,18,0,0.1,5,60,0,0.910141,31,,161,183,,0,0,0,6.66667
1613573927522,6,1010123456009,76,,1,2,5,1,2,,10.5018,283,46,0.14688,84,0,7,,0,0,0,0,0,0,0,0,0,,180,215,,0,0,0,0
1613573927772,6,1010123456009,76,,1,2,5,1,2,,10.8406,345,0,0.178592,101,0,7,,0,0,0,0,0,0,0,0,0,,220,256,,0,0,0,0
1613573928022,6,1010123456009,76,,1,2,5,1,2,,10.7993,279,158,0.14143,79,0,6.75,,2.66667,45,0,0.1,13,69.2308,0,4.26194,31,,179,210,,0,0,0,8.02222
1613573928272,6,1010123456009,76,,1,2,5,1,2,,9.50676,296,0,0.131456,86,0,6.8,,0,0,0,0,0,0,0,0,0,,189,222,,0,0,0,0
1613573928522,6,1010123456009,76,,1,2,5,1,2,,10.7738,252,0,0.130153,73,0,8,,0,0,0,0,0,0,0,0,0,,156,187,,0,0,0,0
1613573928772,6,1010123456009,76,,1,2,5,1,2,,11.0077,260,0,0.14032,76,0,7,,0,0,0,0,0,0,0,0,0,,159,194,,0,0,0,0
1613573929022,6,1010123456009,76,,1,2,5,1,2,,5.57862,318,384,0.09856,84,0,5.8,,0,12,0,0,4,100,0,0,0,,254,281,,0,0,0,0
1613573929272,6,1010123456009,76,,1,2,5,1,2,,5.46239,452,0,0.146208,137,0,6,,0,0,0,0,0,0,0,0,0,,389,410,,0,0,0,0
1613573929522,6,1010123456009,76,,1,2,5,1,2,,10.7249,309,89,0.156544,88,0,7,,0,0,0,0,0,0,0,0,0,,199,232,,0,0,0,0
1613573929772,6,1010123456009,76,,1,2,5,1,2,,10.9385,260,0,0.130144,73,0,7,,0,0,0,0,0,0,0,0,0,,159,194,,0,0,0,0
1613573930022,6,1010123456009,76,,1,2,5,1,2,,11.1707,328,0,0.17088,93,0,7,,0.1,26,0,0.1,7,42.8571,0,3.84405,31,,220,244,,0,0,0,7.07692
1613573930272,6,1010123456009,76,,1,2,5,1,2,,10.8591,220,0,0.109783,63,0,7,,0,0,0,0,0,0,0,0,0,,135,159,,0,0,0,0
1613573930522,6,1010123456009,76,,1,2,5,1,2,,11.4672,244,0,0.128224,68,0,7.33333,,0,0,0,0,0,0,0,0,0,,152,175,,0,0,0,0
1613573930772,6,1010123456009,76,,1,2,5,1,2,,12.3982,226,0,0.136128,66,0,9,,0,0,0,0,0,0,0,0,0,,140,158,,0,0,0,0
1613573931022,6,1010123456009,76,,1,2,5,1,2,,10.9421,190,0,0.102464,56,0,7.2,,0,9,0,0.1,3,33.3333,0,0,31,,120,146,,0,0,0,0
1613573931272,6,1010123456009,76,,1,2,5,1,2,,10.644,250,0,0.125365,72,0,7,,0,0,0,0,0,0,0,0,0,,160,188,,0,0,0,0
1613573931522,6,1010123456009,76,,1,2,5,1,2,,9.60667,300,0,0.134618,85,0,6.25,,0,12,0,0,4,100,0,0,0,,204,229,,0,0,0,0
1613573931772,6,1010123456009,76,,1,2,5,1,2,,12.2009,219,0,0.136992,66,0,8,,0,0,0,0,0,0,0,0,0,,130,159,,0,0,0,0
1613573932022,6,1010123456009,76,,1,2,5,1,2,,11.9618,262,0,0.15216,74,0,7.75,,0.1,41,0,0.1,12,66.6667,0,3.86496,31,,174,197,,0,0,0,7.73171
1613573932272,6,1010123456009,76,,1,2,5,1,2,,11.0118,255,0,0.133536,75,0,7,,0,0,0,0,0,0,0,0,0,,162,186,,0,0,0,0
1613573932522,6,1010123456009,76,,1,2,5,1,2,,11.2044,225,87,0.1096,62,0,7,,0,0,0,0,0,0,0,0,0,,150,163,,0,0,0,0
1613573932772,6,1010123456009,76,,1,2,5,1,2,,10.6857,280,0,0.139759,79,0,7,,0,0,0,0,0,0,0,0,0,,173,206,,0,0,0,0
1613573933022,6,1010123456009,76,,1,2,5,1,2,,10.9258,256,0,0.140608,79,0,7,,15,14,0,0,4,100,0,2.01211,0,,173,207,,0,0,0,10
1613573933272,6,1010123456009,76,,1,2,5,1,2,,10.7112,187,0,0.0976,56,0,7,,0,0,0,0,0,0,0,0,0,,114,136,,0,0,0,0
1613573933522,6,1010123456009,76,,1,2,5,1,2,,10.7192,406,0,0.21088,117,0,7,,0,0,0,0,0,0,0,0,0,,274,309,,0,0,0,0
1613573933772,6,1010123456009,76,,1,2,5,1,2,,4.3577,383,0,0.099456,109,0,5.6,,0,0,0,0,0,0,0,0,0,,293,323,,0,0,0,0
1613573934022,6,1010123456009,76,,1,2,5,1,2,,10.7286,280,0,0.1464,83,0,7,,11.4348,23,0,0.1,6,66.6667,0,9.18771,31,,186,215,,0,0,0,7.26087
1613573934272,6,1010123456009,76,,1,2,5,1,2,,10.8303,218,115,0.108851,63,0,7,,0,0,0,0,0,0,0,0,0,,141,161,,0,0,0,0
1613573934522,6,1010123456009,76,,1,2,5,1,2,,10.9312,218,113,0.094688,55,0,7,,0,0,0,0,0,0,0,0,0,,138,157,,0,0,0,0
1613573934772,6,1010123456009,76,,1,2,5,1,2,,13.8315,184,0,0.137253,60,0,8,,0,0,0,0,0,0,0,0,0,,108,130,,0,0,0,0
1613573935022,6,1010123456009,76,,1,2,5,1,2,,10.5361,263,0,0.135584,78,0,6.8,,15,13,0,0,4,100,0,1.42293,0,,167,205,,0,0,0,10
1613573935272,6,1010123456009,76,,1,2,5,1,2,,11.4444,135,0,0.070304,36,0,7.4,,0,0,0,0,0,0,0,0,0,,79,101,,0,0,0,0
1613573935522,6,1010123456009,76,,1,2,5,1,2,,10.3767,215,0,0.113024,63,0,7,,0,0,0,0,0,0,0,0,0,,129,162,,0,0,0,0
1613573935772,6,1010123456009,76,,1,2,5,1,2,,10.5805,236,0,0.114442,68,0,7,,0,0,0,0,0,0,0,0,0,,145,171,,0,0,0,0
1613573936022,6,1010123456009,76,,1,2,5,1,2,,10.8582,261,0,0.135392,75,0,7,,0.1,39,0,0.1,12,66.6667,0,0.561843,31,,166,195,,0,0,0,7.76923
1613573936272,6,1010123456009,76,,1,2,5,1,2,,3.66817,443,0,0.115968,124,0,5,,0,0,0,0,0,0,0,0,0,,480,492,,0,0,0,0
1613573936522,6,1010123456009,76,,1,2,5,1,2,,12.2361,144,0,0.086656,44,0,8,,0,0,0,0,0,0,0,0,0,,85,101,,0,0,0,0
1613573936772,6,1010123456009,76,,1,2,5,1,2,,9.79717,212,113,0.09248,57,0,7,,0,0,0,0,0,0,0,0,0,,138,164,,0,0,0,0
1613573937022,6,1010123456009,76,,1,2,5,1,2,,10.5763,262,0,0.141076,80,0,8.25,,4.25,64,0,0.1,19,84.2105,0,3.51755,31,,165,196,,0,0,0,8.65625
1613573937272,6,1010123456009,76,,1,2,5,1,2,,11.3894,208,0,0.118272,59,0,7,,0,0,0,0,0,0,0,0,0,,128,158,,0,0,0,0
1613573937522,6,1010123456009,76,,1,2,5,1,2,,10.5523,277,0,0.136257,79,0,7,,0,0,0,0,0,0,0,0,0,,165,203,,0,0,0,0
1613573937772,6,1010123456009,76,,1,2,5,1,2,,11.0827,266,158,0.135357,73,0,7,,0,0,0,0,0,0,0,0,0,,164,197,,0,0,0,0
1613573938022,6,1010123456009,76,,1,2,5,1,2,,11.0939,277,0,0.145856,84,0,7,,0.1,10,0,0.1,3,0,0,1.81881,31,,187,209,,0,0,0,1
1613573938272,6,1010123456009,76,,1,2,5,1,2,,6.93122,378,0,0.144256,107,0,5.5,,0,0,0,0,0,0,0,0,0,,336,344,,0,0,0,0
1613573938522,6,1010123456009,76,,1,2,5,1,2,,6.89869,306,0,0.112386,90,0,6.2,,0.1,4,0,0.1,1,0,0,0.468358,31,,217,240,,0,0,0,3
1613573938772,6,1010123456009,76,,1,2,5,1,2,,13.3581,215,46,0.144675,61,0,8.6,,0,0,0,0,0,0,0,0,0,,129,161,,0,0,0,0
1613573939022,6,1010123456009,76,,1,2,5,1,2,,10.1647,346,0,0.169221,99,0,6.8,,13.4444,27,0,0.1,8,50,0,14.2959,31,,247,271,,0,0,0,5.66667
1613573939272,6,1010123456009,76,,1,2,5,1,2,,10.7874,174,0,0.092192,52,0,8,,0,0,0,0,0,0,0,0,0,,107,125,,0,0,0,0
1613573939522,6,1010123456009,76,,1,2,5,1,2,,11.5445,191,0,0.102908,53,0,8.75,,0,0,0,0,0,0,0,0,0,,119,139,,0,0,0,0
1613573939772,6,1010123456009,76,,1,2,5,1,2,,13.0167,180,0,0.10672,49,0,8.66667,,0,0,0,0,0,0,0,0,0,,109,129,,0,0,0,0
1613573940022,6,1010123456009,76,,1,2,5,1,2,,7.6109,257,0,0.116448,81,0,5.5,,12.8,15,0,0.1,5,80,0,1.1068,31,,189,208,,0,0,0,8.2
1613573940272,6,1010123456009,76,,1,2,5,1,2,,8.45704,291,0,0.109184,76,0,5.6,,0.1,4,0,0.1,1,0,0,0.286887,0,,203,228,,0,0,0,3
1613573940522,6,1010123456009,76,,1,2,5,1,2,,12.5961,203,0,0.135456,65,0,8.33333,,0,0,0,0,0,0,0,0,0,,127,150,,0,0,0,0
1613573940772,6,1010123456009,76,,1,2,5,1,2,,10.9479,288,0,0.146249,82,0,7.4,,0,0,0,0,0,0,0,0,0,,188,212,,0,0,0,0
1613573941022,6,1010123456009,76,,1,2,5,1,2,,10.839,267,0,0.135711,74,0,6.75,,0.1,17,0,0.1,5,20,0,1.42819,31,,181,208,,0,0,0,4.41176
1613573941272,6,1010123456009,76,,1,2,5,1,2,,10.0943,212,20,0.098336,61,0,7,,0,0,0,0,0,0,0,0,0,,137,162,,0,0,0,0
1613573941522,6,1010123456009,76,,1,2,5,1,2,,10.9375,288,0,0.15547,85,0,7,,0,0,0,0,0,0,0,0,0,,172,211,,0,0,0,0
1613573941772,6,1010123456009,76,,1,2,5,1,2,,10.6092,174,0,0.08848,51,0,6.66667,,0,0,0,0,0,0,0,0,0,,122,131,,0,0,0,0
1613573942022,6,1010123456009,76,,1,2,5,1,2,,8.09459,296,0,0.110688,81,0,6,,4.15625,64,0,0.1,20,60,0,5.65896,31,,200,231,,0,0,0,6.875
1613573942272,6,1010123456009,76,,1,2,5,1,2,,10.949,294,0,0.151424,85,0,7,,0,0,0,0,0,0,0,0,0,,190,218,,0,0,0,0
1613573942522,6,1010123456009,76,,1,2,5,1,2,,10.787,230,0,0.118976,69,0,7,,0,0,0,0,0,0,0,0,0,,148,166,,0,0,0,0
1613573942772,6,1010123456009,76,,1,2,5,1,2,,10.5915,235,0,0.114281,67,0,7,,0,0,0,0,0,0,0,0,0,,143,170,,0,0,0,0
1613573943022,6,1010123456009,76,,1,2,5,1,2,,9.57051,156,132,0.070688,37,0,6.25,,0,12,0,0,4,100,0,0,0,,100,116,,0,0,0,0
1613573943272,6,1010123456009,76,,1,2,5,1,2,,8.3625,240,0,0.101558,71,0,9.6,,0.1,32,0,0.1,9,66.6667,0,1.09765,31,,161,182,,0,0,0,7.6875
1613573943522,6,1010123456009,76,,1,2,5,1,2,,10.7952,210,0,0.11232,65,0,7,,0,0,0,0,0,0,0,0,0,,134,152,,0,0,0,0
1613573943772,6,1010123456009,76,,1,2,5,1,2,,10.6434,272,0,0.1248,72,0,7,,0,0,0,0,0,0,0,0,0,,174,203,,0,0,0,0
1613573944022,6,1010123456009,76,,1,2,5,1,2,,10.776,366,0,0.195616,112,0,6.8,,0,12,0,0,4,100,0,0,0,,228,273,,0,0,0,0
1613573944272,6,1010123456009,76,,1,2,5,1,2,,10.8161,310,0,0.152448,90,0,7,,0.1,7,0,0.1,2,0,0,0.75118,31,,190,226,,0,0,0,3
1613573944522,6,1010123456009,76,,1,2,5,1,2,,11.0104,192,0,0.0936225,53,0,7,,0,0,0,0,0,0,0,0,0,,120,140,,0,0,0,0
1613573944772,6,1010123456009,76,,1,2,5,1,2,,10.7518,274,0,0.132064,75,0,6.8,,0,0,0,0,0,0,0,0,0,,189,209,,0,0,0,0
1613573945022,6,1010123456009,76,,1,2,5,1,2,,10.847,281,0,0.14592,81,0,7,,4.18605,43,0,0.1,13,69.2308,0,2.71204,31,,179,208,,0,0,0,7.16279
1613573945272,6,1010123456009,76,,1,2,5,1,2,,10.6318,220,0,0.11008,64,0,7,,0,0,0,0,0,0,0,0,0,,138,162,,0,0,0,0
1613573945522,6,1010123456009,76,,1,2,5,1,2,,10.9816,272,0,0.147488,79,0,7.33333,,0,0,0,0,0,0,0,0,0,,182,208,,0,0,0,0
1613573945772,6,1010123456009,76,,1,2,5,1,2,,11.1087,276,203,0.139744,81,0,7,,0,0,0,0,0,0,0,0,0,,172,201,,0,0,0,0
1613573946022,6,1010123456009,76,,1,2,5,1,2,,10.887,239,0,0.120996,68,0,7,,0.1,42,0,0.1,12,66.6667,0,3.1239,31,,147,177,,0,0,0,7.45238
1613573946272,6,1010123456009,76,,1,2,5,1,2,,10.9363,204,0,0.106784,60,0,7,,0,0,0,0,0,0,0,0,0,,126,149,,0,0,0,0
1613573946522,6,1010123456009,76,,1,2,5,1,2,,10.902,153,158,0.076224,44,0,7,,0,0,0,0,0,0,0,0,0,,97,114,,0,0,0,0
1613573946772,6,1010123456009,76,,1,2,5,1,2,,10.5744,289,0,0.141824,82,0,8.2,,0,0,0,0,0,0,0,0,0,,184,212,,0,0,0,0
1613573947022,6,1010123456009,76,,1,2,5,1,2,,11.5041,242,18,0.130592,68,0,7,,15,16,0,0,4,100,0,1.158,0,,156,188,,0,0,0,10
1613573947272,6,1010123456009,76,,1,2,5,1,2,,5.67432,479,0,0.143264,133,0,5.66667,,0.1,12,0,0.1,3,66.6667,0,0.845364,31,,383,411,,0,0,0,7.66667
1613573947522,6,1010123456009,76,,1,2,5,1,2,,10.4,210,0,0.111168,64,0,7,,0,0,0,0,0,0,0,0,0,,129,155,,0,0,0,0
1613573947772,6,1010123456009,76,,1,2,5,1,2,,10.2798,243,0,0.120129,72,0,7,,0,0,0,0,0,0,0,0,0,,149,177,,0,0,0,0
1613573948022,6,1010123456009,76,,1,2,5,1,2,,10.6425,221,0,0.102944,60,0,7,,0.1,11,0,0.1,3,0,0,0.793516,31,,136,162,,0,0,0,3.27273
1613573948272,6,1010123456009,76,,1,2,5,1,2,,8.34286,420,0,0.171277,122,0,5.8,,0,0,0,0,0,0,0,0,0,,296,326,,0,0,0,0
1613573948522,6,1010123456009,76,,1,2,5,1,2,,10.3943,246,0,0.117376,68,0,8,,0,0,0,0,0,0,0,0,0,,157,182,,0,0,0,0
1613573948772,6,1010123456009,76,,1,2,5,1,2,,11.901,202,46,0.121888,60,0,8.75,,0,6,0,0.1,2,50,0,0,31,,126,153,,0,0,0,0
1613573949022,6,1010123456009,76,,1,2,5,1,2,,11.0128,313,158,0.159968,90,0,7,,0.1,19,0,0.1,5,40,0,1.01642,31,,205,230,,0,0,0,6.68421
1613573949272,6,1010123456009,76,,1,2,5,1,2,,11.2033,241,0,0.133141,73,0,7,,0.1,4,0,0.1,1,0,0,1.58215,31,,158,176,,0,0,0,1
1613573949522,6,1010123456009,76,,1,2,5,1,2,,11.0591,186,0,0.0977992,54,0,7.25,,0,0,0,0,0,0,0,0,0,,113,139,,0,0,0,0
1613573949772,6,1010123456009,76,,1,2,5,1,2,,11.7857,168,0,0.096768,49,0,7.5,,0,0,0,0,0,0,0,0,0,,104,125,,0,0,0,0
1613573950023,6,1010123456009,76,,1,2,5,1,2,,14.3832,167,0,0.124271,45,0,8.66667,,0.1,23,0,0.1,7,57.1429,0,0.381007,31,,102,125,,0,0,0,7.26087
1613573950272,6,1010123456009,76,,1,2,5,1,2,,10.834,235,0,0.125173,70,0,7,,0,0,0,0,0,0,0,0,0,,149,174,,0,0,0,0
1613573950522,6,1010123456009,76,,1,2,5,1,2,,10.8223,287,0,0.146304,82,0,7.5,,0,0,0,0,0,0,0,0,0,,189,212,,0,0,0,0
1613573950772,6,1010123456009,76,,1,2,5,1,2,,11.0133,150,0,0.064832,37,0,7,,0,0,0,0,0,0,0,0,0,,90,109,,0,0,0,0
1613573951022,6,1010123456009,76,,1,2,5,1,2,,6.56302,357,0,0.129472,106,0,5.25,,0.1,36,0,0.1,9,66.6667,0,0.911917,31,,290,327,,0,0,0,7.44444
1613573951272,6,1010123456009,76,,1,2,5,1,2,,10.9514,288,0,0.148145,82,0,7.33333,,0,0,0,0,0,0,0,0,0,,170,208,,0,0,0,0
1613573951522,6,1010123456009,76,,1,2,5,1,2,,11.01,299,0,0.154056,85,0,7,,0,0,0,0,0,0,0,0,0,,189,220,,0,0,0,0
1613573951772,6,1010123456009,76,,1,2,5,1,2,,10.8316,196,0,0.105408,59,0,7,,0,0,0,0,0,0,0,0,0,,118,149,,0,0,0,0
1613573952022,6,1010123456009,76,,1,2,5,1,2,,10.6962,260,0,0.124672,73,0,7,,0.1,13,0,0,4,100,0,0.644898,0,,168,192,,0,0,0,10
1613573952272,6,1010123456009,76,,1,2,5,1,2,,6.38397,237,0,0.084032,69,0,5.83333,,0.1,11,0,0.1,3,33.3333,0,0.954091,31,,191,222,,0,0,0,4.81818
1613573952522,6,1010123456009,76,,1,2,5,1,2,,10.4469,273,0,0.135552,79,0,6.66667,,0,0,0,0,0,0,0,0,0,,174,205,,0,0,0,0
1613573952772,6,1010123456009,76,,1,2,5,1,2,,10.9553,291,89,0.146345,79,0,7,,0,0,0,0,0,0,0,0,0,,181,220,,0,0,0,0
1613573953022,6,1010123456009,76,,1,2,5,1,2,,10.9288,267,110,0.141024,82,0,6.66667,,0.1,29,0,0.1,8,50,0,3.44905,31,,178,199,,0,0,0,6.41379
1613573953272,6,1010123456009,76,,1,2,5,1,2,,11.1373,233,0,0.12432,68,0,7.5,,0,0,0,0,0,0,0,0,0,,146,171,,0,0,0,0
1613573953522,6,1010123456009,76,,1,2,5,1,2,,10.4324,259,0,0.135904,77,0,7,,0,0,0,0,0,0,0,0,0,,157,194,,0,0,0,0
1613573953772,6,1010123456009,76,,1,2,5,1,2,,10.5912,274,87,0.135584,76,0,7.33333,,0,0,0,0,0,0,0,0,0,,182,210,,0,0,0,0
1613573954022,6,1010123456009,76,,1,2,5,1,2,,10.5025,203,0,0.103072,59,0,8.5,,15,13,0,0,4,100,0,1.37554,0,,131,152,,0,0,0,10
1613573954272,6,1010123456009,76,,1,2,5,1,2,,4.05777,502,0,0.129024,147,0,6,,0,6,0,0.1,2,50,0,0,31,,444,463,,0,0,0,0
1613573954522,6,1010123456009,76,,1,2,5,1,2,,6.65493,284,1,0.0910201,80,0,5.4,,0,0,0,0,0,0,0,0,0,,207,227,,0,0,0,0
1613573954772,6,1010123456009,76,,1,2,5,1,2,,10.4605,215,0,0.108448,64,0,7,,0,0,0,0,0,0,0,0,0,,134,156,,0,0,0,0
1613573955022,6,1010123456009,76,,1,2,5,1,2,,10.4651,172,0,0.086912,50,0,8.4,,3.14583,48,0,0.1,14,64.2857,0,6.44357,31,,107,133,,0,0,0,6.77083
1613573955272,6,1010123456009,76,,1,2,5,1,2,,12.1186,253,46,0.150747,72,0,8.4,,0,0,0,0,0,0,0,0,0,,160,188,,0,0,0,0
1613573955522,6,1010123456009,76,,1,2,5,1,2,,10.25,228,158,0.100064,59,0,7,,15,16,0,0,4,100,0,0.689935,0,,143,169,,0,0,0,10
1613573955772,6,1010123456009,76,,1,2,5,1,2,,10.744,207,0,0.109152,63,0,7,,0,0,0,0,0,0,0,0,0,,128,146,,0,0,0,0
1613573956022,6,1010123456009,76,,1,2,5,1,2,,10.8628,277,0,0.133632,76,0,7,,0.1,14,0,0,4,100,0,0.492528,0,,174,208,,0,0,0,10
1613573956272,6,1010123456009,76,,1,2,5,1,2,,11.1881,202,0,0.113344,63,0,7.75,,0.1,12,0,0.1,3,66.6667,0,0.960488,31,,127,145,,0,0,0,7
1613573956522,6,1010123456009,76,,1,2,5,1,2,,11.1183,186,0,0.096928,53,0,7,,0.1,7,0,0.1,2,0,0,2.14541,0,,112,137,,0,0,0,1.42857
1613573956772,6,1010123456009,76,,1,2,5,1,2,,10.234,188,0,0.0870683,51,0,7.5,,0,0,0,0,0,0,0,0,0,,115,143,,0,0,0,0
1613573957023,6,1010123456009,76,,1,2,5,1,2,,10.8861,202,0,0.113248,61,0,6.75,,0.1,18,0,0.1,5,20,0,1.71472,31,,126,152,,0,0,0,3.72222
1613573957273,6,1010123456009,76,,1,2,5,1,2,,10.545,222,0,0.101184,60,0,7.33333,,0,0,0,0,0,0,0,0,0,,140,165,,0,0,0,0
1613573957522,6,1010123456009,76,,1,2,5,1,2,,10.8736,269,115,0.143165,82,0,7,,0,0,0,0,0,0,0,0,0,,166,197,,0,0,0,0
1613573957772,6,1010123456009,76,,1,2,5,1,2,,10.5552,308,89,0.156832,89,0,7,,0,0,0,0,0,0,0,0,0,,192,239,,0,0,0,0
1613573958022,6,1010123456009,76,,1,2,5,1,2,,10.2132,258,0,0.128932,74,0,6,,0.1,10,0,0.1,3,0,0,8.85637,31,,183,199,,0,0,0,2.4
1613573958272,6,1010123456009,76,,1,2,5,1,2,,10.6908,262,0,0.132851,77,0,7,,0,0,0,0,0,0,0,0,0,,166,193,,0,0,0,0
1613573958522,6,1010123456009,76,,1,2,5,1,2,,11.6627,252,0,0.140402,70,0,9,,0,0,0,0,0,0,0,0,0,,189,193,,0,0,0,0
1613573958772,6,1010123456009,76,,1,2,5,1,2,,7.83444,302,0,0.128193,90,0,6,,0,0,0,0,0,0,0,0,0,,218,241,,0,0,0,0
1613573959023,6,1010123456009,76,,1,2,5,1,2,,10.8246,211,270,0.102624,58,0,7,,0.1,36,0,0.1,11,63.6364,0,0.872442,31,,136,168,,0,0,0,7.22222
1613573959272,6,1010123456009,76,,1,2,5,1,2,,10.4332,307,0,0.159261,95,0,6.75,,0,0,0,0,0,0,0,0,0,,202,227,,0,0,0,0
1613573959522,6,1010123456009,76,,1,2,5,1,2,,10.7441,211,0,0.102752,57,0,7,,0,0,0,0,0,0,0,0,0,,134,160,,0,0,0,0
1613573959772,6,1010123456009,76,,1,2,5,1,2,,6.0132,303,0,0.112064,90,0,5.83333,,0,0,0,0,0,0,0,0,0,,273,284,,0,0,0,0
1613573960022,6,1010123456009,76,,1,2,5,1,2,,10.995,199,0,0.102816,57,0,8.75,,0.1,25,0,0.1,7,28.5714,0,1.15804,31,,120,148,,0,0,0,4.68
1613573960272,6,1010123456009,76,,1,2,5,1,2,,11.8125,176,0,0.0972851,47,0,7,,0,0,0,0,0,0,0,0,0,,109,125,,0,0,0,0
1613573960522,6,1010123456009,76,,1,2,5,1,2,,18.1154,130,0,0.136736,39,0,13,,0,0,0,0,0,0,0,0,0,,74,93,,0,0,0,0
1613573960772,6,1010123456009,76,,1,2,5,1,2,,11.5563,142,0,0.0859116,42,0,8.5,,0.1,4,0,0.1,1,0,0,0.604988,31,,93,105,,0,0,0,2
1613573961022,6,1010123456009,76,,1,2,5,1,2,,7.44643,280,0,0.116402,80,0,5.8,,0.1,10,0,0.1,3,0,0,0.946457,31,,212,246,,0,0,0,5.6
1613573961272,6,1010123456009,76,,1,2,5,1,2,,6.7355,431,0,0.17152,126,0,6,,0,0,0,0,0,0,0,0,0,,384,395,,0,0,0,0
1613573961522,6,1010123456009,76,,1,2,5,1,2,,11.082,244,44,0.123936,68,0,7,,0.1,8,0,0.1,2,50,0,0.870169,31,,153,177,,0,0,0,6
1613573961772,6,1010123456009,76,,1,2,5,1,2,,10.8584,233,229,0.119328,67,0,7,,0,0,0,0,0,0,0,0,0,,144,173,,0,0,0,0
1613573962022,6,1010123456009,76,,1,2,5,1,2,,11.2832,173,0,0.092032,51,0,8,,0.1,15,0,0.1,4,25,0,0.945321,31,,110,126,,0,0,0,4.6
1613573962272,6,1010123456009,76,,1,2,5,1,2,,10.84,200,0,0.091808,52,0,7.2,,0,0,0,0,0,0,0,0,0,,125,149,,0,0,0,0
1613573962522,6,1010123456009,76,,1,2,5,1,2,,10.9778,180,89,0.102304,56,0,7,,0,0,0,0,0,0,0,0,0,,130,145,,0,0,0,0
1613573962772,6,1010123456009,76,,1,2,5,1,2,,10.178,191,0,0.103486,60,0,7,,0,0,0,0,0,0,0,0,0,,121,147,,0,0,0,0
1613573963022,6,1010123456009,76,,1,2,5,1,2,,6.83713,307,0,0.112032,90,0,6.6,,0.1,10,0,0.1,3,0,0,7.81277,31,,220,242,,0,0,0,1.4
1613573963272,6,1010123456009,76,,1,2,5,1,2,,10.8352,267,0,0.14096,76,0,7.66667,,0,0,0,0,0,0,0,0,0,,166,201,,0,0,0,0
1613573963522,6,1010123456009,76,,1,2,5,1,2,,13.2989,87,0,0.0639036,25,0,9,,0,0,0,0,0,0,0,0,0,,55,65,,0,0,0,0
1613573963772,6,1010123456009,76,,1,2,5,1,2,,11.4275,262,46,0.124864,68,0,8.4,,0,0,0,0,0,0,0,0,0,,165,191,,0,0,0,0
1613573964022,6,1010123456009,76,,1,2,5,1,2,,11.8,265,0,0.156288,81,0,8.6,,0.1,44,0,0.1,12,41.6667,0,3.0274,31,,169,195,,0,0,0,6.29545
1613573964272,6,1010123456009,76,,1,2,5,1,2,,12.8976,205,0,0.144193,58,0,7,,0.1,4,0,0.1,1,0,0,1.86957,31,,127,147,,0,0,0,1
1613573964522,6,1010123456009,76,,1,2,5,1,2,,6.8716,257,0,0.105024,77,0,6.25,,0,0,0,0,0,0,0,0,0,,244,247,,0,0,0,0
1613573964772,6,1010123456009,76,,1,2,5,1,2,,12.1429,182,0,0.105221,50,0,7.66667,,0,0,0,0,0,0,0,0,0,,109,134,,0,0,0,0
1613573965022,6,1010123456009,76,,1,2,5,1,2,,11.6057,175,35,0.111293,53,0,8.25,,8.25641,39,0,0.1,11,72.7273,0,4.06428,31,,113,139,,0,0,0,7.5641
1613573965272,6,1010123456009,76,,1,2,5,1,2,,10.6735,291,294,0.14612,77,0,5.8,,0,0,0,0,0,0,0,0,0,,181,214,,0,0,0,0
1613573965522,6,1010123456009,76,,1,2,5,1,2,,6.82403,233,44,0.0850442,72,0,6.33333,,0,0,0,0,0,0,0,0,0,,189,204,,0,0,0,0
1613573965772,6,1010123456009,76,,1,2,5,1,2,,11.3929,196,44,0.103293,54,0,8.66667,,0,0,0,0,0,0,0,0,0,,127,145,,0,0,0,0
1613573966022,6,1010123456009,76,,1,2,5,1,2,,4.94344,389,0,0.130144,116,0,6,,0,12,0,0,4,100,0,0,0,,352,373,,0,0,0,0
1613573966272,6,1010123456009,76,,1,2,5,1,2,,13.848,125,0,0.095104,36,0,9.5,,0.1,12,0,0,3,100,0,0.436006,0,,77,90,,0,0,0,10
1613573966522,6,1010123456009,76,,1,2,5,1,2,,10.8421,171,0,0.0814458,46,0,7,,0.1,4,0,0,1,100,0,0.918634,0,,108,126,,0,0,0,10
1613573966772,6,1010123456009,76,,1,2,5,1,2,,10.6413,329,0,0.173152,97,0,6.8,,0.1,7,0,0.1,2,0,0,0.652002,31,,203,248,,0,0,0,2
1613573967022,6,1010123456009,76,,1,2,5,1,2,,10.1902,184,0,0.0932691,54,0,7,,4.16,50,0,0.1,15,60,0,2.4731,31,,118,148,,0,0,0,6.7
1613573967272,6,1010123456009,76,,1,2,5,1,2,,11.4772,241,0,0.135104,69,0,7.66667,,0,12,0,0,4,100,0,0,0,,151,180,,0,0,0,0
1613573967523,6,1010123456009,76,,1,2,5,1,2,,9.79457,258,0,0.119744,74,0,7,,0,0,0,0,0,0,0,0,0,,168,196,,0,0,0,0
1613573967772,6,1010123456009,76,,1,2,5,1,2,,12.4615,169,44,0.106474,45,0,9.8,,0,0,0,0,0,0,0,0,0,,107,133,,0,0,0,0
1613573968022,6,1010123456009,76,,1,2,5,1,2,,10.5298,151,0,0.0737671,44,0,7,,0.1,14,0,0.1,4,0,0,5.67495,31,,95,109,,0,0,0,1.78571
1613573968272,6,1010123456009,76,,1,2,5,1,2,,11.5651,269,0,0.143008,75,0,7.5,,0,0,0,0,0,0,0,0,0,,167,196,,0,0,0,0
1613573968522,6,1010123456009,76,,1,2,5,1,2,,10.6875,256,0,0.135232,79,0,7,,0,0,0,0,0,0,0,0,0,,161,185,,0,0,0,0
1613573968772,6,1010123456009,76,,1,2,5,1,2,,10.5083,242,0,0.123776,70,0,6.66667,,0,0,0,0,0,0,0,0,0,,152,185,,0,0,0,0
1613573969022,6,1010123456009,76,,1,2,5,1,2,,10.6511,278,175,0.134848,78,0,7,,0.1,23,0,0.1,6,33.3333,0,0.781532,31,,185,212,,0,0,0,5.52174
1613573969272,6,1010123456009,76,,1,2,5,1,2,,6.9142,338,18,0.122528,94,0,5.5,,0,0,0,0,0,0,0,0,0,,294,313,,0,0,0,0
1613573969522,6,1010123456009,76,,1,2,5,1,2,,11.199,191,0,0.108562,59,0,7.4,,0,0,0,0,0,0,0,0,0,,114,137,,0,0,0,0
1613573969772,6,1010123456009,76,,1,2,5,1,2,,11.1162,241,0,0.124369,66,0,6.8,,0,0,0,0,0,0,0,0,0,,150,183,,0,0,0,0
1613573970022,6,1010123456009,76,,1,2,5,1,2,,10.8038,316,0,0.167872,95,0,7,,0.1,46,0,0.1,15,73.3333,0,0.471343,31,,208,241,,0,0,0,8.28261
1613573970272,6,1010123456009,76,,1,2,5,1,2,,10.6337,202,0,0.0978313,55,0,7,,0,0,0,0,0,0,0,0,0,,127,153,,0,0,0,0
1613573970522,6,1010123456009,76,,1,2,5,1,2,,10.7625,240,0,0.130153,72,0,7,,0,0,0,0,0,0,0,0,0,,152,182,,0,0,0,0
1613573970772,6,1010123456009,76,,1,2,5,1,2,,10.5084,299,18,0.14304,82,0,7,,0,0,0,0,0,0,0,0,0,,190,223,,0,0,0,0
1613573971022,6,1010123456009,76,,1,2,5,1,2,,10.2056,107,0,0.051776,31,0,6.75,,2.11765,17,0,0.1,5,20,0,7.12678,31,,67,77,,0,0,0,3.11765
1613573971272,6,1010123456009,76,,1,2,5,1,2,,10.6144,236,0,0.119488,70,0,6.66667,,0,0,0,0,0,0,0,0,0,,146,172,,0,0,0,0
1613573971522,6,1010123456009,76,,1,2,5,1,2,,6.28134,327,48,0.102265,87,0,6.25,,0,0,0,0,0,0,0,0,0,,269,296,,0,0,0,0
1613573971772,6,1010123456009,76,,1,2,5,1,2,,10.635,263,0,0.140896,80,0,7,,0,0,0,0,0,0,0,0,0,,166,197,,0,0,0,0
1613573972022,6,1010123456009,76,,1,2,5,1,2,,10.3797,316,215,0.152803,89,0,6.8,,0.1,21,0,0.1,6,50,0,0.650511,31,,201,246,,0,0,0,7.14286
1613573972272,6,1010123456009,76,,1,2,5,1,2,,10.8898,245,0,0.137536,76,0,7,,0.1,13,0,0,4,100,0,0.1,0,,150,183,,0,0,0,10
1613573972522,6,1010123456009,76,,1,2,5,1,2,,10.9373,255,0,0.138635,76,0,7,,0,0,0,0,0,0,0,0,0,,163,197,,0,0,0,0
1613573972772,6,1010123456009,76,,1,2,5,1,2,,10.8718,273,0,0.140608,80,0,7,,0,0,0,0,0,0,0,0,0,,179,205,,0,0,0,0
1613573973022,6,1010123456009,76,,1,2,5,1,2,,10.4914,291,87,0.129728,77,0,7,,0.1,29,0,0.1,8,50,0,4.28079,31,,191,216,,0,0,0,6.17241
1613573973272,6,1010123456009,76,,1,2,5,1,2,,10.5,186,113,0.102976,60,0,7,,0,0,0,0,0,0,0,0,0,,115,137,,0,0,0,0
1613573973522,6,1010123456009,76,,1,2,5,1,2,,10.6298,262,66,0.11968,71,0,7.2,,0,0,0,0,0,0,0,0,0,,166,195,,0,0,0,0
1613573973772,6,1010123456009,76,,1,2,5,1,2,,6.62898,345,37,0.113568,98,0,6,,0,0,0,0,0,0,0,0,0,,248,285,,0,0,0,0
1613573974022,6,1010123456009,76,,1,2,5,1,2,,10.6452,279,0,0.152096,84,0,7,,15,16,0,0,4,100,0,0.942207,0,,183,216,,0,0,0,10
1613573974272,6,1010123456009,76,,1,2,5,1,2,,11.084,250,0,0.135261,75,0,7,,0,0,0,0,0,0,0,0,0,,159,184,,0,0,0,0
1613573974522,6,1010123456009,76,,1,2,5,1,2,,11.3939,231,0,0.118816,65,0,7,,0,0,0,0,0,0,0,0,0,,142,163,,0,0,0,0
1613573974772,6,1010123456009,76,,1,2,5,1,2,,10.6465,198,0,0.0920161,54,0,7,,0,0,0,0,0,0,0,0,0,,123,145,,0,0,0,0
1613573975022,6,1010123456009,76,,1,2,5,1,2,,10.7778,234,0,0.118592,66,0,7,,0.1,19,0,0.1,6,33.3333,0,1.61962,31,,138,172,,0,0,0,4.68421
1613573975272,6,1010123456009,76,,1,2,5,1,2,,10.8661,224,0,0.112576,65,0,6.75,,0,3,0,0.1,1,0,0,0,31,,140,158,,0,0,0,0
1613573975522,6,1010123456009,76,,1,2,5,1,2,,10.3365,211,46,0.099616,59,0,7,,0,0,0,0,0,0,0,0,0,,139,166,,0,0,0,0
1613573975772,6,1010123456009,76,,1,2,5,1,2,,11.8707,263,0,0.161414,80,0,8.6,,0,0,0,0,0,0,0,0,0,,165,193,,0,0,0,0
1613573976022,6,1010123456009,76,,1,2,5,1,2,,9.65939,229,0,0.0990201,62,0,6.33333,,0,12,0,0,4,100,0,0,0,,161,181,,0,0,0,0
1613573976273,6,1010123456009,76,,1,2,5,1,2,,10.4667,255,0,0.124704,73,0,7,,0.1,7,0,0.1,2,0,0,0.91613,31,,159,190,,0,0,0,2.85714
1613573976522,6,1010123456009,76,,1,2,5,1,2,,4.49398,415,203,0.121446,120,0,5,,0,0,0,0,0,0,0,0,0,,408,415,,0,0,0,0
1613573976772,6,1010123456009,76,,1,2,5,1,2,,11.9052,232,0,0.150816,72,0,8.4,,0,0,0,0,0,0,0,0,0,,142,174,,0,0,0,0
1613573977022,6,1010123456009,76,,1,2,5,1,2,,10.7956,181,0,0.0926586,52,0,7.2,,0.1,22,0,0.1,6,50,0,0.868816,31,,111,133,,0,0,0,7.59091
1613573977272,6,1010123456009,76,,1,2,5,1,2,,5.98225,169,249,0.052,42,0,4.66667,,0,0,0,0,0,0,0,0,0,,120,137,,0,0,0,0
1613573977522,6,1010123456009,76,,1,2,5,1,2,,8.41057,246,0,0.093056,72,0,7,,0,0,0,0,0,0,0,0,0,,178,196,,0,0,0,0
1613573977772,6,1010123456009,76,,1,2,5,1,2,,10.8644,236,0,0.125504,70,0,7,,0,0,0,0,0,0,0,0,0,,144,170,,0,0,0,0
1613573978022,6,1010123456009,76,,1,2,5,1,2,,10.9167,252,0,0.139502,75,0,7,,0.1,15,0,0,4,100,0,0.703027,0,,172,196,,0,0,0,10
1613573978272,6,1010123456009,76,,1,2,5,1,2,,3.92927,410,0,0.116209,118,0,3.75,,4.09091,22,0,0.1,7,57.1429,0,10.2508,31,,416,418,,0,0,0,6.95455
1613573978522,6,1010123456009,76,,1,2,5,1,2,,7.56989,186,0,0.066688,51,0,6.6,,0,0,0,0,0,0,0,0,0,,135,147,,0,0,0,0
1613573978772,6,1010123456009,76,,1,2,5,1,2,,10.8536,239,87,0.124466,70,0,7,,0,0,0,0,0,0,0,0,0,,151,175,,0,0,0,0
1613573979022,6,1010123456009,76,,1,2,5,1,2,,11.3303,218,0,0.114602,63,0,9,,15,14,0,0,4,100,0,1.60141,0,,131,160,,0,0,0,10
1613573979273,6,1010123456009,76,,1,2,5,1,2,,10.9713,174,0,0.085992,47,0,7,,0,0,0,0,0,0,0,0,0,,112,122,,0,0,0,0
1613573979522,6,1010123456009,76,,1,2,5,1,2,,10.7012,241,0,0.13012,72,0,6.75,,0,0,0,0,0,0,0,0,0,,149,182,,0,0,0,0
1613573979772,6,1010123456009,76,,1,2,5,1,2,,10.5297,219,0,0.113632,63,0,6.8,,0,0,0,0,0,0,0,0,0,,134,169,,0,0,0,0
1613573980022,6,1010123456009,76,,1,2,5,1,2,,10.1535,215,0,0.10352,60,0,6.8,,0.1,14,0,0.1,4,25,0,0.87573,31,,140,172,,0,0,0,4.21429
1613573980272,6,1010123456009,76,,1,2,5,1,2,,10.8869,336,0,0.168482,97,0,7,,0,0,0,0,0,0,0,0,0,,222,245,,0,0,0,0
1613573980522,6,1010123456009,76,,1,2,5,1,2,,11.4105,324,0,0.172736,90,0,7.33333,,0,0,0,0,0,0,0,0,0,,200,238,,0,0,0,0
1613573980773,6,1010123456009,76,,1,2,5,1,2,,9.18621,290,0,0.140303,87,0,6.66667,,0,0,0,0,0,0,0,0,0,,197,227,,0,0,0,0
1613573981022,6,1010123456009,76,,1,2,5,1,2,,8.2518,278,184,0.113606,74,0,8.2,,0.1,14,0,0.1,4,0,0,8.5977,31,,204,226,,0,0,0,1.42857
1613573981272,6,1010123456009,76,,1,2,5,1,2,,10.744,207,0,0.111743,64,0,7,,0,0,0,0,0,0,0,0,0,,134,153,,0,0,0,0
1613573981522,6,1010123456009,76,,1,2,5,1,2,,11.1925,239,0,0.125173,69,0,7.33333,,0,0,0,0,0,0,0,0,0,,151,177,,0,0,0,0
1613573981773,6,1010123456009,76,,1,2,5,1,2,,4.70545,404,0,0.114996,117,0,5,,0,0,0,0,0,0,0,0,0,,330,349,,0,0,0,0
1613573982022,6,1010123456009,76,,1,2,5,1,2,,6.13615,426,0,0.152578,118,0,7,,5.41935,31,0,0.1,9,44.4444,0,15.2976,31,,410,420,,0,0,0,5.64516
1613573982272,6,1010123456009,76,,1,2,5,1,2,,10.4698,215,0,0.112739,64,0,7,,0,0,0,0,0,0,0,0,0,,141,164,,0,0,0,0
1613573982523,6,1010123456009,76,,1,2,5,1,2,,10.8243,239,22,0.115442,65,0,7,,0,0,0,0,0,0,0,0,0,,148,178,,0,0,0,0
1613573982772,6,1010123456009,76,,1,2,5,1,2,,10.2989,271,138,0.144257,79,0,7,,0,0,0,0,0,0,0,0,0,,179,205,,0,0,0,0
1613573983022,6,1010123456009,76,,1,2,5,1,2,,5.52119,236,0,0.074496,73,0,7,,5.80645,31,0,0.1,10,80,0,0.736939,31,,185,205,,0,0,0,8.09677
1613573983272,6,1010123456009,76,,1,2,5,1,2,,10.7619,189,0,0.091808,54,0,7,,0,0,0,0,0,0,0,0,0,,117,134,,0,0,0,0
1613573983522,6,1010123456009,76,,1,2,5,1,2,,11.3426,216,0,0.118688,62,0,7.5,,0,0,0,0,0,0,0,0,0,,133,159,,0,0,0,0
1613573983772,6,1010123456009,76,,1,2,5,1,2,,4.26801,347,0,0.082752,97,0,5.83333,,0,0,0,0,0,0,0,0,0,,275,295,,0,0,0,0
1613573984023,6,1010123456009,76,,1,2,5,1,2,,11,303,0,0.162072,89,0,7.25,,0.1,11,0,0.1,3,0,0,0.454317,31,,188,233,,0,0,0,3.54545
1613573984272,6,1010123456009,76,,1,2,5,1,2,,10.7667,210,89,0.108916,63,0,7,,0,0,0,0,0,0,0,0,0,,133,160,,0,0,0,0
1613573984522,6,1010123456009,76,,1,2,5,1,2,,11.1943,247,0,0.13041,71,0,7,,0,0,0,0,0,0,0,0,0,,156,180,,0,0,0,0
1613573984772,6,1010123456009,76,,1,2,5,1,2,,10.3083,266,0,0.122924,73,0,6.83333,,0,6,0,0.1,2,50,0,0,31,,168,204,,0,0,0,0
1613573985022,6,1010123456009,76,,1,2,5,1,2,,10.8616,318,0,0.166426,94,0,8.75,,0.1,18,0,0.1,5,40,0,1.7791,31,,200,232,,0,0,0,4.66667
1613573985272,6,1010123456009,76,,1,2,5,1,2,,4.03676,272,216,0.077312,72,0,5,,0,0,0,0,0,0,0,0,0,,225,242,,0,0,0,0
1613573985522,6,1010123456009,76,,1,2,5,1,2,,8.34978,223,44,0.095261,68,0,7.16667,,0,0,0,0,0,0,0,0,0,,172,189,,0,0,0,0
1613573985772,6,1010123456009,76,,1,2,5,1,2,,10.5692,253,113,0.131888,75,0,7,,0,6,0,0.1,2,50,0,0,31,,162,188,,0,0,0,0
1613573986022,6,1010123456009,76,,1,2,5,1,2,,6.34576,295,0,0.096192,85,0,5.66667,,0.1,30,0,0.1,8,37.5,0,1.64677,31,,244,253,,0,0,0,5.5
1613573986272,6,1010123456009,76,,1,2,5,1,2,,11.4676,139,0,0.069792,37,0,7.33333,,0,0,0,0,0,0,0,0,0,,84,104,,0,0,0,0
1613573986522,6,1010123456009,76,,1,2,5,1,2,,10.8449,187,0,0.102528,57,0,7,,0,0,0,0,0,0,0,0,0,,118,139,,0,0,0,0
1613573986772,6,1010123456009,76,,1,2,5,1,2,,10.3701,254,0,0.12543,73,0,6.75,,0,0,0,0,0,0,0,0,0,,160,190,,0,0,0,0
1613573987022,6,1010123456009,76,,1,2,5,1,2,,10.6517,290,0,0.140544,81,0,7,,0.428571,49,0,0.1,14,71.4286,0,5.30607,31,,182,216,,0,0,0,8.12245
1613573987272,6,1010123456009,76,,1,2,5,1,2,,9.70417,240,0,0.114752,72,0,6.5,,0,0,0,0,0,0,0,0,0,,157,183,,0,0,0,0
1613573987523,6,1010123456009,76,,1,2,5,1,2,,12.0281,178,70,0.096608,46,0,7.5,,0,0,0,0,0,0,0,0,0,,115,135,,0,0,0,0
1613573987772,6,1010123456009,76,,1,2,5,1,2,,12.8132,182,0,0.12408,58,0,8.83333,,0,0,0,0,0,0,0,0,0,,109,130,,0,0,0,0
1613573988022,6,1010123456009,76,,1,2,5,1,2,,10.2921,202,0,0.09232,56,0,6.75,,0,12,0,0,4,100,0,0,0,,143,160,,0,0,0,0
1613573988272,6,1010123456009,76,,1,2,5,1,2,,6,330,0,0.113703,98,0,5,,0,0,0,0,0,0,0,0,0,,281,288,,0,0,0,0
1613573988522,6,1010123456009,76,,1,2,5,1,2,,10.7823,294,0,0.140672,79,0,7,,0,0,0,0,0,0,0,0,0,,194,221,,0,0,0,0
1613573988772,6,1010123456009,76,,1,2,5,1,2,,10.4756,225,87,0.119296,69,0,7,,0,0,0,0,0,0,0,0,0,,136,166,,0,0,0,0
1613573989022,6,1010123456009,76,,1,2,5,1,2,,11.7429,140,0,0.0858153,40,0,9,,0.1,13,0,0.1,4,25,0,1.34652,31,,85,100,,0,0,0,3.84615
1613573989272,6,1010123456009,76,,1,2,5,1,2,,7.2512,418,0,0.151584,120,0,5.75,,0,0,0,0,0,0,0,0,0,,319,330,,0,0,0,0
1613573989523,6,1010123456009,76,,1,2,5,1,2,,10.9067,193,115,0.09651,54,0,7.4,,0,0,0,0,0,0,0,0,0,,122,141,,0,0,0,0
1613573989772,6,1010123456009,76,,1,2,5,1,2,,10.7343,286,0,0.141558,82,0,7,,0,0,0,0,0,0,0,0,0,,168,205,,0,0,0,0
1613573990022,6,1010123456009,76,,1,2,5,1,2,,11.975,200,0,0.118336,56,0,8.5,,0.1,14,0,0.1,4,25,0,0.901951,31,,126,154,,0,0,0,4.57143
1613573990272,6,1010123456009,76,,1,2,5,1,2,,10.2239,259,0,0.130272,77,0,7,,0,0,0,0,0,0,0,0,0,,166,192,,0,0,0,0
1613573990522,6,1010123456009,76,,1,2,5,1,2,,11.8121,314,0,0.173847,89,0,8,,0,0,0,0,0,0,0,0,0,,192,227,,0,0,0,0
1613573990773,6,1010123456009,76,,1,2,5,1,2,,11.0875,297,0,0.145856,80,0,7,,0,0,0,0,0,0,0,0,0,,193,223,,0,0,0,0
1613573991022,6,1010123456009,76,,1,2,5,1,2,,7.55814,344,0,0.139309,104,0,5.6,,13.9268,41,0,0.1,12,66.6667,0,10.2374,31,,256,284,,0,0,0,7.02439
1613573991272,6,1010123456009,76,,1,2,5,1,2,,10.7092,251,0,0.119711,69,0,7,,0,3,0,0.1,1,0,0,0,31,,173,184,,0,0,0,0
1613573991522,6,1010123456009,76,,1,2,5,1,2,,7.24138,232,0,0.100145,72,0,6.33333,,0,0,0,0,0,0,0,0,0,,162,182,,0,0,0,0
1613573991772,6,1010123456009,76,,1,2,5,1,2,,10.3077,221,0,0.10352,61,0,7,,0,0,0,0,0,0,0,0,0,,140,167,,0,0,0,0
1613573992022,6,1010123456009,76,,1,2,5,1,2,,10.7028,286,0,0.151488,86,0,7,,0.1,20,0,0.1,6,50,0,0.428366,31,,190,215,,0,0,0,6.9
1613573992272,6,1010123456009,76,,1,2,5,1,2,,11.1217,230,177,0.113472,63,0,7,,0,0,0,0,0,0,0,0,0,,157,174,,0,0,0,0
1613573992522,6,1010123456009,76,,1,2,5,1,2,,10.844,282,0,0.146506,82,0,7,,0,0,0,0,0,0,0,0,0,,171,205,,0,0,0,0
1613573992772,6,1010123456009,76,,1,2,5,1,2,,10.8823,272,46,0.140896,80,0,7,,0,0,0,0,0,0,0,0,0,,172,203,,0,0,0,0
1613573993022,6,1010123456009,76,,1,2,5,1,2,,10.5473,201,0,0.10272,59,0,7,,2.57143,35,0,0.1,10,80,0,3.52535,31,,124,150,,0,0,0,9.2
1613573993272,6,1010123456009,76,,1,2,5,1,2,,10.4919,246,0,0.12498,71,0,7,,0,3,0,0.1,1,0,0,0,0,,151,187,,0,0,0,0
1613573993522,6,1010123456009,76,,1,2,5,1,2,,11.0458,284,0,0.15698,81,0,8,,15,16,0,0,4,100,0,1.51852,0,,181,213,,0,0,0,10
1613573993772,6,1010123456009,76,,1,2,5,1,2,,10.6034,237,93,0.108352,62,0,6.8,,0,0,0,0,0,0,0,0,0,,150,180,,0,0,0,0
1613573994023,6,1010123456009,76,,1,2,5,1,2,,10.3824,306,60,0.153696,90,0,7,,0.1,18,0,0.1,5,20,0,1.52322,31,,201,231,,0,0,0,4.5
1613573994272,6,1010123456009,76,,1,2,5,1,2,,10.0383,287,0,0.140402,85,0,6.66667,,0,0,0,0,0,0,0,0,0,,184,212,,0,0,0,0
1613573994522,6,1010123456009,76,,1,2,5,1,2,,10.2143,294,0,0.12304,77,0,6.75,,0,9,0,0.1,3,66.6667,0,0,31,,194,216,,0,0,0,0
1613573994772,6,1010123456009,76,,1,2,5,1,2,,10.5042,236,0,0.124416,71,0,7,,0,0,0,0,0,0,0,0,0,,147,179,,0,0,0,0
1613573995022,6,1010123456009,76,,1,2,5,1,2,,10.7233,206,0,0.104544,59,0,7,,0,12,0,0,4,100,0,0,0,,132,153,,0,0,0,0
1613573995273,6,1010123456009,76,,1,2,5,1,2,,10.7893,261,0,0.135458,75,0,7.33333,,0.1,7,0,0.1,2,0,0,1.32904,31,,157,191,,0,0,0,2.57143
1613573995522,6,1010123456009,76,,1,2,5,1,2,,8.00304,329,0,0.13343,97,0,6.2,,0,0,0,0,0,0,0,0,0,,231,254,,0,0,0,0
1613573995772,6,1010123456009,76,,1,2,5,1,2,,10.928,236,0,0.124787,68,0,7,,0,0,0,0,0,0,0,0,0,,152,176,,0,0,0,0
1613573996022,6,1010123456009,76,,1,2,5,1,2,,7.16111,360,0,0.129671,104,0,4,,0.1,17,0,0.1,5,40,0,5.94993,31,,257,286,,0,0,0,6.47059
1613573996272,6,1010123456009,76,,1,2,5,1,2,,10.8554,249,0,0.119647,67,0,7.25,,0,0,0,0,0,0,0,0,0,,161,186,,0,0,0,0
1613573996522,6,1010123456009,76,,1,2,5,1,2,,10.672,250,0,0.131245,76,0,7,,0,0,0,0,0,0,0,0,0,,160,184,,0,0,0,0
1613573996772,6,1010123456009,76,,1,2,5,1,2,,6.30864,324,0,0.107616,93,0,5.5,,0,0,0,0,0,0,0,0,0,,233,258,,0,0,0,0
1613573997022,6,1010123456009,76,,1,2,5,1,2,,10.7797,177,0,0.0873574,51,0,7,,0.1,15,0,0.1,4,25,0,0.822413,31,,113,129,,0,0,0,4.33333
1613573997272,6,1010123456009,76,,1,2,5,1,2,,12.8379,253,0,0.175616,73,0,8.75,,0,0,0,0,0,0,0,0,0,,161,192,,0,0,0,0
1613573997522,6,1010123456009,76,,1,2,5,1,2,,10.8051,236,0,0.124704,68,0,6.8,,0,0,0,0,0,0,0,0,0,,149,179,,0,0,0,0
1613573997772,6,1010123456009,76,,1,2,5,1,2,,10.3824,136,0,0.070747,39,0,7.25,,0,0,0,0,0,0,0,0,0,,82,104,,0,0,0,0
1613573998022,6,1010123456009,76,,1,2,5,1,2,,11.0162,185,0,0.09776,53,0,7.5,,0.375,24,0,0.1,7,42.8571,0,4.19909,31,,122,139,,0,0,0,4.75
1613573998272,6,1010123456009,76,,1,2,5,1,2,,11.5024,207,0,0.113248,59,0,8.66667,,0,0,0,0,0,0,0,0,0,,135,153,,0,0,0,0
1613573998522,6,1010123456009,76,,1,2,5,1,2,,12,135,113,0.07849,37,0,9.33333,,0,0,0,0,0,0,0,0,0,,82,100,,0,0,0,0
1613573998772,6,1010123456009,76,,1,2,5,1,2,,11.2857,133,0,0.0782008,40,0,9.5,,0,0,0,0,0,0,0,0,0,,82,95,,0,0,0,0
1613573999022,6,1010123456009,76,,1,2,5,1,2,,10.8493,219,89,0.108704,61,0,7,,0.1,24,0,0.1,7,42.8571,0,1.48307,31,,147,170,,0,0,0,6.16667
1613573999272,6,1010123456009,76,,1,2,5,1,2,,7.91503,306,315,0.14208,88,0,6.8,,0,0,0,0,0,0,0,0,0,,251,262,,0,0,0,0
1613573999522,6,1010123456009,76,,1,2,5,1,2,,11.311,254,72,0.127136,69,0,8,,0,0,0,0,0,0,0,0,0,,179,186,,0,0,0,0
1613573999772,6,1010123456009,76,,1,2,5,1,2,,11.1106,217,0,0.11698,67,0,7,,0,3,0,0.1,1,0,0,0,31,,133,151,,0,0,0,0
1613574000022,6,1010123456009,76,,1,2,5,1,2,,10.2015,273,113,0.130816,79,0,6.66667,,4,33,0,0.1,10,80,0,2.55433,31,,177,206,,0,0,0,8.21212
1613574000272,6,1010123456009,76,,1,2,5,1,2,,10.9045,157,0,0.080768,46,0,7,,0,0,0,0,0,0,0,0,0,,99,115,,0,0,0,0
1613574000522,6,1010123456009,76,,1,2,5,1,2,,11.0749,227,0,0.12453,65,0,7.33333,,0,3,0,0.1,1,0,0,0,31,,148,172,,0,0,0,0
1613574000772,6,1010123456009,76,,1,2,5,1,2,,10.8636,242,0,0.124627,70,0,7,,0,0,0,0,0,0,0,0,0,,150,179,,0,0,0,0
1613574001022,6,1010123456009,76,,1,2,5,1,2,,11.904,250,0,0.151328,72,0,7.5,,0.1,10,0,0.1,3,0,0,3.10549,31,,161,198,,0,0,0,3.1
1613574001272,6,1010123456009,76,,1,2,5,1,2,,10.9571,280,0,0.140608,80,0,7,,0,0,0,0,0,0,0,0,0,,175,205,,0,0,0,0
1613574001522,6,1010123456009,76,,1,2,5,1,2,,10.787,230,0,0.125237,69,0,7,,0,0,0,0,0,0,0,0,0,,141,174,,0,0,0,0
1613574001772,6,1010123456009,76,,1,2,5,1,2,,10.1228,171,0,0.0787149,47,0,7,,0,0,0,0,0,0,0,0,0,,107,129,,0,0,0,0
1613574002022,6,1010123456009,76,,1,2,5,1,2,,11.5102,147,67,0.084416,45,0,7.25,,0,12,0,0,4,100,0,0,0,,100,111,,0,0,0,0
1613574002272,6,1010123456009,76,,1,2,5,1,2,,11.6322,242,0,0.135679,69,0,7.5,,0,0,0,0,0,0,0,0,0,,149,171,,0,0,0,0
1613574002522,6,1010123456009,76,,1,2,5,1,2,,10.9519,208,0,0.103261,59,0,7,,0,12,0,0,4,100,0,0,0,,127,149,,0,0,0,0
1613574002772,6,1010123456009,76,,1,2,5,1,2,,10.5466,247,0,0.113792,66,0,7,,0,0,0,0,0,0,0,0,0,,155,186,,0,0,0,0
1613574003022,6,1010123456009,76,,1,2,5,1,2,,7.51943,283,0,0.122538,88,0,8.2,,10.3793,29,0,0.1,8,50,0,13.0937,31,,209,224,,0,0,0,5.96552
1613574003272,6,1010123456009,76,,1,2,5,1,2,,12.118,195,87,0.123341,56,0,6.66667,,0,0,0,0,0,0,0,0,0,,130,149,,0,0,0,0
1613574003522,6,1010123456009,76,,1,2,5,1,2,,10.8221,208,0,0.0983133,58,0,7,,0,0,0,0,0,0,0,0,0,,131,149,,0,0,0,0
1613574003772,6,1010123456009,76,,1,2,5,1,2,,10.2227,238,0,0.124192,72,0,6.75,,0,0,0,0,0,0,0,0,0,,152,183,,0,0,0,0
1613574004022,6,1010123456009,76,,1,2,5,1,2,,9.56398,211,0,0.0937189,58,0,6.75,,0,12,0,0,4,100,0,0,0,,146,161,,0,0,0,0
1613574004272,6,1010123456009,76,,1,2,5,1,2,,5.83469,369,365,0.116672,103,0,5.6,,0,0,0,0,0,0,0,0,0,,313,318,,0,0,0,0
1613574004522,6,1010123456009,76,,1,2,5,1,2,,10.3762,319,0,0.157622,90,0,8,,0,0,0,0,0,0,0,0,0,,230,263,,0,0,0,0
1613574004772,6,1010123456009,76,,1,2,5,1,2,,6.27726,321,0,0.129285,98,0,6,,0,0,0,0,0,0,0,0,0,,277,292,,0,0,0,0
1613574005022,6,1010123456009,76,,1,2,5,1,2,,10.0186,161,0,0.0791968,46,0,6.75,,0.1,14,0,0.1,4,25,0,1.31304,31,,101,127,,0,0,0,4.57143
1613574005272,6,1010123456009,76,,1,2,5,1,2,,10.7917,264,87,0.140755,78,0,7,,0,3,0,0.1,1,0,0,0,31,,168,201,,0,0,0,0
1613574005522,6,1010123456009,76,,1,2,5,1,2,,11.3235,238,20,0.130345,70,0,7.66667,,0,0,0,0,0,0,0,0,0,,157,184,,0,0,0,0
1613574005772,6,1010123456009,76,,1,2,5,1,2,,10.9718,142,70,0.0758233,42,0,7,,0,0,0,0,0,0,0,0,0,,89,107,,0,0,0,0
1613574006022,6,1010123456009,76,,1,2,5,1,2,,7.0744,336,0,0.113792,94,0,5.2,,0.788732,71,0,0.1,20,60,0,4.90531,31,,249,267,,0,0,0,6.5493
1613574006272,6,1010123456009,76,,1,2,5,1,2,,10.4646,226,0,0.117824,70,0,7,,0,0,0,0,0,0,0,0,0,,142,166,,0,0,0,0
1613574006523,6,1010123456009,76,,1,2,5,1,2,,10.8286,175,0,0.0923347,51,0,7.33333,,0,0,0,0,0,0,0,0,0,,108,132,,0,0,0,0
1613574006772,6,1010123456009,76,,1,2,5,1,2,,10.9366,268,0,0.13539,76,0,7,,0,0,0,0,0,0,0,0,0,,165,193,,0,0,0,0
1613574007022,6,1010123456009,76,,1,2,5,1,2,,10.3515,202,0,0.0986024,60,0,6.75,,0.1,10,0,0.1,3,0,0,10.5431,31,,136,153,,0,0,0,1.8
1613574007272,6,1010123456009,76,,1,2,5,1,2,,10.5991,222,0,0.105414,60,0,7,,0,0,0,0,0,0,0,0,0,,137,169,,0,0,0,0
1613574007522,6,1010123456009,76,,1,2,5,1,2,,12.6887,212,0,0.141568,64,0,8.25,,0,0,0,0,0,0,0,0,0,,129,152,,0,0,0,0
1613574007772,6,1010123456009,76,,1,2,5,1,2,,15.9426,122,246,0.100192,32,0,7,,0,0,0,0,0,0,0,0,0,,73,89,,0,0,0,0
1613574008022,6,1010123456009,76,,1,2,5,1,2,,10.7968,187,0,0.103136,57,0,7.25,,0.1,8,0,0.1,2,50,0,2.0015,0,,121,140,,0,0,0,6
1613574008272,6,1010123456009,76,,1,2,5,1,2,,10.747,249,0,0.119229,68,0,6.8,,0,0,0,0,0,0,0,0,0,,158,184,,0,0,0,0
1613574008522,6,1010123456009,76,,1,2,5,1,2,,10.2566,343,50,0.153056,94,0,6.6,,0,0,0,0,0,0,0,0,0,,230,259,,0,0,0,0
1613574008772,6,1010123456009,76,,1,2,5,1,2,,6.22973,444,0,0.171373,130,0,7.25,,0,0,0,0,0,0,0,0,0,,406,422,,0,0,0,0
1613574009022,6,1010123456009,76,,1,2,5,1,2,,10.9076,238,0,0.133269,75,0,7,,0.1,22,0,0.1,6,33.3333,0,1.02568,31,,154,178,,0,0,0,4.86364
1613574009273,6,1010123456009,76,,1,2,5,1,2,,12.757,214,20,0.12832,58,0,8.75,,0,3,0,0.1,1,0,0,0,31,,132,159,,0,0,0,0
1613574009522,6,1010123456009,76,,1,2,5,1,2,,10.5508,256,46,0.135807,76,0,7,,0,0,0,0,0,0,0,0,0,,174,193,,0,0,0,0
1613574009772,6,1010123456009,76,,1,2,5,1,2,,11.2403,233,0,0.129896,70,0,7,,0,0,0,0,0,0,0,0,0,,145,176,,0,0,0,0
1613574010022,6,1010123456009,76,,1,2,5,1,2,,10.7519,266,0,0.140736,78,0,6.66667,,0.1,25,0,0.1,7,57.1429,0,1.32933,31,,177,208,,0,0,0,7.16
1613574010272,6,1010123456009,76,,1,2,5,1,2,,10.6524,233,0,0.114217,67,0,7,,0,0,0,0,0,0,0,0,0,,144,171,,0,0,0,0
1613574010522,6,1010123456009,76,,1,2,5,1,2,,12.0204,147,0,0.080832,40,0,7.75,,0,0,0,0,0,0,0,0,0,,91,110,,0,0,0,0
1613574010772,6,1010123456009,76,,1,2,5,1,2,,10.3087,230,1,0.108576,64,0,7,,0,3,0,0.1,1,0,0,0,31,,146,173,,0,0,0,0
1613574011022,6,1010123456009,76,,1,2,5,1,2,,11.0498,301,70,0.16176,90,0,7,,0.1,20,0,0.1,5,80,0,0.641713,31,,200,222,,0,0,0,8.4
1613574011272,6,1010123456009,76,,1,2,5,1,2,,10.8817,338,0,0.17359,98,0,7,,0,9,0,0.1,3,66.6667,0,0,0,,210,248,,0,0,0,0
1613574011522,6,1010123456009,76,,1,2,5,1,2,,11.313,246,0,0.130153,70,0,9,,0,0,0,0,0,0,0,0,0,,154,177,,0,0,0,0
1613574011772,6,1010123456009,76,,1,2,5,1,2,,11.1088,239,46,0.114185,64,0,7,,0,0,0,0,0,0,0,0,0,,156,174,,0,0,0,0
1613574012022,6,1010123456009,76,,1,2,5,1,2,,8.01081,370,28,0.154784,114,0,6.2,,14.7789,95,0,0.1,31,90.3226,0,3.61638,31,,288,304,,0,0,0,9.05263
1613574012272,6,1010123456009,76,,1,2,5,1,2,,11.1899,237,0,0.130313,67,0,8.25,,0,0,0,0,0,0,0,0,0,,145,177,,0,0,0,0
1613574012522,6,1010123456009,76,,1,2,5,1,2,,10.3306,242,115,0.124352,70,0,6.8,,0,0,0,0,0,0,0,0,0,,161,182,,0,0,0,0
1613574012772,6,1010123456009,76,,1,2,5,1,2,,11.6126,253,0,0.141141,71,0,7.66667,,0,0,0,0,0,0,0,0,0,,160,190,,0,0,0,0
1613574013022,6,1010123456009,76,,1,2,5,1,2,,11.8133,150,0,0.0922088,47,0,8,,0.1,11,0,0.1,3,0,0,1.64686,31,,97,113,,0,0,0,1.54545
1613574013272,6,1010123456009,76,,1,2,5,1,2,,10.8608,237,0,0.119743,68,0,7,,0,0,0,0,0,0,0,0,0,,153,174,,0,0,0,0
1613574013523,6,1010123456009,76,,1,2,5,1,2,,10.3641,217,0,0.094247,57,0,6.75,,0,0,0,0,0,0,0,0,0,,137,159,,0,0,0,0
1613574013772,6,1010123456009,76,,1,2,5,1,2,,10.6481,233,0,0.122538,70,0,7,,0,0,0,0,0,0,0,0,0,,147,175,,0,0,0,0
1613574014022,6,1010123456009,76,,1,2,5,1,2,,10.6483,290,0,0.157333,89,0,7,,0.1,28,0,0.1,8,37.5,0,1.08655,31,,187,225,,0,0,0,5.03571
1613574014272,6,1010123456009,76,,1,2,5,1,2,,10.9962,264,0,0.135232,74,0,7,,0,0,0,0,0,0,0,0,0,,167,201,,0,0,0,0
1613574014522,6,1010123456009,76,,1,2,5,1,2,,11.0485,227,0,0.123968,68,0,7.2,,0.1,4,0,0.1,1,0,0,1.95818,31,,143,167,,0,0,0,1
1613574014772,6,1010123456009,76,,1,2,5,1,2,,10.3257,261,0,0.125333,72,0,6.8,,0,0,0,0,0,0,0,0,0,,163,201,,0,0,0,0
1613574015022,6,1010123456009,76,,1,2,5,1,2,,10.5687,211,89,0.108016,60,0,7,,0.1,30,0,0.1,9,66.6667,0,1.50409,31,,131,162,,0,0,0,7.23333
1613574015272,6,1010123456009,76,,1,2,5,1,2,,10.5336,238,0,0.125462,73,0,7,,0,0,0,0,0,0,0,0,0,,148,176,,0,0,0,0
1613574015522,6,1010123456009,76,,1,2,5,1,2,,10.5758,165,201,0.081253,47,0,7,,0,0,0,0,0,0,0,0,0,,108,126,,0,0,0,0
1613574015772,6,1010123456009,76,,1,2,5,1,2,,10.6638,232,0,0.116884,65,0,7,,0,0,0,0,0,0,0,0,0,,140,170,,0,0,0,0
1613574016023,6,1010123456009,76,,1,2,5,1,2,,9.97664,214,882,0.115936,58,0,7.4,,3.84211,76,0,0.1,22,68.1818,0,5.64418,31,,155,170,,0,0,0,7.52632
1613574016272,6,1010123456009,76,,1,2,5,1,2,,8.68475,295,0,0.157687,91,0,8.75,,0.1,4,0,0.1,1,0,0,0.534999,31,,236,262,,0,0,0,2
1613574016522,6,1010123456009,76,,1,2,5,1,2,,10.7062,211,0,0.108576,61,0,7,,0,0,0,0,0,0,0,0,0,,131,161,,0,0,0,0
1613574016772,6,1010123456009,76,,1,2,5,1,2,,10.9532,171,0,0.086496,49,0,7,,0,0,0,0,0,0,0,0,0,,109,125,,0,0,0,0
1613574017022,6,1010123456009,76,,1,2,5,1,2,,10.9478,134,0,0.0705542,38,0,7.66667,,4.17143,70,0,0.1,20,65,0,5.87832,31,,83,101,,0,0,0,7.21429
1613574017272,6,1010123456009,76,,1,2,5,1,2,,7.15269,334,0,0.123759,96,0,6.6,,0.1,4,0,0.1,1,0,0,0.575804,31,,253,278,,0,0,0,2
1613574017522,6,1010123456009,76,,1,2,5,1,2,,7.62846,253,0,0.0946827,70,0,5,,0.1,12,0,0.1,3,66.6667,0,1.19151,31,,171,200,,0,0,0,7.33333
1613574017772,6,1010123456009,76,,1,2,5,1,2,,12.169,219,89,0.130827,64,0,8.25,,0,0,0,0,0,0,0,0,0,,140,164,,0,0,0,0
1613574018022,6,1010123456009,76,,1,2,5,1,2,,10.7417,240,0,0.12906,71,0,8.25,,0.1,14,0,0,4,100,0,0.182628,0,,147,177,,0,0,0,10
1613574018272,6,1010123456009,76,,1,2,5,1,2,,7.21466,382,0,0.134811,109,0,6,,0.1,7,0,0.1,2,0,0,0.683442,31,,265,297,,0,0,0,2.42857
1613574018522,6,1010123456009,76,,1,2,5,1,2,,10.9511,184,0,0.096832,51,0,7.25,,0,0,0,0,0,0,0,0,0,,115,139,,0,0,0,0
1613574018772,6,1010123456009,76,,1,2,5,1,2,,9.95767,189,0,0.0879036,55,0,6.83333,,0,0,0,0,0,0,0,0,0,,117,139,,0,0,0,0
1613574019022,6,1010123456009,76,,1,2,5,1,2,,11.9898,197,0,0.118458,55,0,8.25,,1.47368,57,0,0.1,17,70.5882,0,3.86367,31,,126,160,,0,0,0,7.85965
1613574019272,6,1010123456009,76,,1,2,5,1,2,,11.773,185,39,0.118651,56,0,8.75,,0,0,0,0,0,0,0,0,0,,115,137,,0,0,0,0
1613574019522,6,1010123456009,76,,1,2,5,1,2,,11.9711,173,0,0.113285,53,0,8.75,,0,0,0,0,0,0,0,0,0,,111,130,,0,0,0,0
1613574019772,6,1010123456009,76,,1,2,5,1,2,,10.9331,299,0,0.146272,83,0,8.25,,0,0,0,0,0,0,0,0,0,,192,221,,0,0,0,0
1613574020023,6,1010123456009,76,,1,2,5,1,2,,12.4516,217,0,0.141769,66,0,7,,15,16,0,0,4,100,0,0.538918,0,,139,165,,0,0,0,10
1613574020272,6,1010123456009,76,,1,2,5,1,2,,10.9583,240,0,0.127903,70,0,7.5,,0,0,0,0,0,0,0,0,0,,156,179,,0,0,0,0
1613574020522,6,1010123456009,76,,1,2,5,1,2,,5.81387,274,0,0.0855582,77,0,6.25,,0,0,0,0,0,0,0,0,0,,214,245,,0,0,0,0
1613574020772,6,1010123456009,76,,1,2,5,1,2,,10.5208,240,0,0.119616,71,0,6.75,,0,0,0,0,0,0,0,0,0,,150,176,,0,0,0,0
1613574021022,6,1010123456009,76,,1,2,5,1,2,,10.0288,208,0,0.09808,59,0,7,,7.23077,26,0,0.1,7,57.1429,0,10.72,31,,135,156,,0,0,0,6.96154
1613574021273,6,1010123456009,76,,1,2,5,1,2,,10.3455,246,0,0.124112,70,0,9,,0,0,0,0,0,0,0,0,0,,158,190,,0,0,0,0
1613574021522,6,1010123456009,76,,1,2,5,1,2,,11.0957,303,72,0.149365,85,0,7,,15,16,0,0,4,100,0,1.26574,0,,198,222,,0,0,0,10
1613574021772,6,1010123456009,76,,1,2,5,1,2,,11.7059,170,0,0.0946506,49,0,8,,0,0,0,0,0,0,0,0,0,,103,123,,0,0,0,0
1613574022023,6,1010123456009,76,,1,2,5,1,2,,10.3513,316,377,0.16064,92,0,6.5,,11,40,0,0.1,12,75,0,11.1136,31,,209,250,,0,0,0,7.975
1613574022272,6,1010123456009,76,,1,2,5,1,2,,8.15086,232,0,0.0921125,71,0,7.25,,0,0,0,0,0,0,0,0,0,,161,177,,0,0,0,0
1613574022522,6,1010123456009,76,,1,2,5,1,2,,11.1483,236,0,0.125173,67,0,7.5,,0,0,0,0,0,0,0,0,0,,142,171,,0,0,0,0
1613574022772,6,1010123456009,76,,1,2,5,1,2,,11.0227,264,0,0.141173,77,0,7.75,,0,0,0,0,0,0,0,0,0,,166,199,,0,0,0,0
1613574023022,6,1010123456009,76,,1,2,5,1,2,,9.95273,275,0,0.122827,77,0,6.75,,15,14,0,0,4,100,0,1.74414,0,,176,204,,0,0,0,10
1613574023272,6,1010123456009,76,,1,2,5,1,2,,10.7879,231,0,0.111871,65,0,7,,0,0,0,0,0,0,0,0,0,,146,167,,0,0,0,0
1613574023522,6,1010123456009,76,,1,2,5,1,2,,10.558,224,0,0.114602,67,0,6.8,,0,0,0,0,0,0,0,0,0,,140,165,,0,0,0,0
1613574023772,6,1010123456009,76,,1,2,5,1,2,,7.53374,326,46,0.133076,93,0,6.4,,0,0,0,0,0,0,0,0,0,,243,279,,0,0,0,0
1613574024023,6,1010123456009,76,,1,2,5,1,2,,10.4265,204,83,0.102912,60,0,7.4,,9,36,0,0.1,11,72.7273,0,3.94555,31,,131,151,,0,0,0,7.11111
1613574024273,6,1010123456009,76,,1,2,5,1,2,,10.7124,233,130,0.109312,61,0,6.33333,,0.1,4,0,0.1,1,0,0,1.86949,31,,148,172,,0,0,0,1
1613574024523,6,1010123456009,76,,1,2,5,1,2,,6.8399,406,0,0.154304,118,0,6,,0,0,0,0,0,0,0,0,0,,347,375,,0,0,0,0
1613574024772,6,1010123456009,76,,1,2,5,1,2,,10.6793,184,0,0.102908,56,0,7.16667,,0,3,0,0.1,1,0,0,0,31,,109,143,,0,0,0,0
1613574025022,6,1010123456009,76,,1,2,5,1,2,,10.6892,222,146,0.114088,63,0,5,,7,24,0,0.1,7,57.1429,0,7.11374,31,,155,172,,0,0,0,6.375
1613574025272,6,1010123456009,76,,1,2,5,1,2,,7.87619,315,0,0.132448,93,0,7,,0,0,0,0,0,0,0,0,0,,252,264,,0,0,0,0
1613574025522,6,1010123456009,76,,1,2,5,1,2,,10.6391,230,0,0.10272,61,0,7,,0,0,0,0,0,0,0,0,0,,148,170,,0,0,0,0
1613574025772,6,1010123456009,76,,1,2,5,1,2,,7.56342,339,177,0.127486,96,0,5.75,,0,0,0,0,0,0,0,0,0,,262,277,,0,0,0,0
1613574026022,6,1010123456009,76,,1,2,5,1,2,,11.3432,271,0,0.174104,88,0,8.4,,0.1,26,0,0.1,8,50,0,5.49032,31,,194,216,,0,0,0,5.96154
1613574026272,6,1010123456009,76,,1,2,5,1,2,,10.2037,270,0,0.126169,75,0,6.8,,0,0,0,0,0,0,0,0,0,,177,206,,0,0,0,0
1613574026522,6,1010123456009,76,,1,2,5,1,2,,10.8342,193,0,0.0977028,55,0,7,,0,0,0,0,0,0,0,0,0,,120,141,,0,0,0,0
1613574026772,6,1010123456009,76,,1,2,5,1,2,,5.64032,506,0,0.168803,145,0,5,,0,0,0,0,0,0,0,0,0,,495,489,,0,0,0,0
1613574027022,6,1010123456009,76,,1,2,5,1,2,,10.2386,264,0,0.127165,78,0,6.8,,2.16667,18,0,0.1,5,20,0,11.6926,31,,169,197,,0,0,0,3.66667
1613574027272,6,1010123456009,76,,1,2,5,1,2,,10.8342,193,0,0.0976707,55,0,7,,0,0,0,0,0,0,0,0,0,,114,141,,0,0,0,0
1613574027522,6,1010123456009,76,,1,2,5,1,2,,11.1897,195,0,0.108128,57,0,8,,0,0,0,0,0,0,0,0,0,,123,143,,0,0,0,0
1613574027772,6,1010123456009,76,,1,2,5,1,2,,10.7839,236,0,0.119197,68,0,7,,0,0,0,0,0,0,0,0,0,,144,167,,0,0,0,0
1613574028022,6,1010123456009,76,,1,2,5,1,2,,10.8711,225,0,0.106667,60,0,7,,15,14,0,0,4,100,0,1.37536,0,,140,166,,0,0,0,10
1613574028272,6,1010123456009,76,,1,2,5,1,2,,10.7381,294,0,0.149205,88,0,7,,0,0,0,0,0,0,0,0,0,,191,218,,0,0,0,0
1613574028522,6,1010123456009,76,,1,2,5,1,2,,10.6028,214,0,0.1072,62,0,7,,0,0,0,0,0,0,0,0,0,,130,153,,0,0,0,0
1613574028773,6,1010123456009,76,,1,2,5,1,2,,9.96131,336,0,0.148384,93,0,6.6,,0,0,0,0,0,0,0,0,0,,222,259,,0,0,0,0
1613574029023,6,1010123456009,76,,1,2,5,1,2,,10.2619,210,67,0.105344,62,0,6.8,,0.1,20,0,0.1,6,33.3333,0,0.588429,31,,139,164,,0,0,0,5.7
1613574029272,6,1010123456009,76,,1,2,5,1,2,,10.0823,328,87,0.157719,97,0,7,,0,0,0,0,0,0,0,0,0,,222,253,,0,0,0,0
1613574029522,6,1010123456009,76,,1,2,5,1,2,,7.63746,331,363,0.129285,91,0,5.8,,0,0,0,0,0,0,0,0,0,,226,259,,0,0,0,0
1613574029772,6,1010123456009,76,,1,2,5,1,2,,9.94979,239,0,0.117984,74,0,7,,0,3,0,0.1,1,0,0,0,31,,157,193,,0,0,0,0
1613574030022,6,1010123456009,76,,1,2,5,1,2,,10.8744,223,0,0.119488,68,0,8,,0.1,11,0,0.1,3,0,0,9.39641,31,,139,165,,0,0,0,1.36364
1613574030272,6,1010123456009,76,,1,2,5,1,2,,12.0569,246,0,0.141792,68,0,10,,0,0,0,0,0,0,0,0,0,,148,179,,0,0,0,0
1613574030522,6,1010123456009,76,,1,2,5,1,2,,10.3837,245,0,0.123149,73,0,7,,0,0,0,0,0,0,0,0,0,,164,188,,0,0,0,0
1613574030773,6,1010123456009,76,,1,2,5,1,2,,10.3366,202,0,0.097824,57,0,7,,0,0,0,0,0,0,0,0,0,,125,149,,0,0,0,0
1613574031022,6,1010123456009,76,,1,2,5,1,2,,10.9106,246,0,0.12996,71,0,7,,0.1,13,0,0.1,4,0,0,8.06117,31,,160,186,,0,0,0,1.84615
1613574031272,6,1010123456009,76,,1,2,5,1,2,,10.1913,230,44,0.109076,64,0,6.75,,0,0,0,0,0,0,0,0,0,,148,173,,0,0,0,0
1613574031522,6,1010123456009,76,,1,2,5,1,2,,10.3441,247,20,0.125333,72,0,6.8,,2,4,0,0.1,1,0,0,0.570323,31,,163,196,,0,0,0,6
1613574031772,6,1010123456009,76,,1,2,5,1,2,,10.4444,243,0,0.119839,71,0,7,,0,0,0,0,0,0,0,0,0,,152,176,,0,0,0,0
1613574032022,6,1010123456009,76,,1,2,5,1,2,,11.7234,188,0,0.0976707,51,0,7.4,,7.71429,7,0,0.1,2,0,0,28.1227,31,,118,137,,0,0,0,1
1613574032272,6,1010123456009,76,,1,2,5,1,2,,10.4141,198,0,0.103454,59,0,7,,0,0,0,0,0,0,0,0,0,,124,150,,0,0,0,0
1613574032522,6,1010123456009,76,,1,2,5,1,2,,10.3148,108,0,0.0541365,31,0,7,,0,0,0,0,0,0,0,0,0,,66,81,,0,0,0,0
1613574032772,6,1010123456009,76,,1,2,5,1,2,,10.5367,218,0,0.108448,63,0,6.83333,,0,0,0,0,0,0,0,0,0,,146,163,,0,0,0,0
1613574033022,6,1010123456009,76,,1,2,5,1,2,,10.0963,135,115,0.0596305,35,0,7,,15,15,0,0,4,100,0,1.2434,0,,87,105,,0,0,0,10
1613574033273,6,1010123456009,76,,1,2,5,1,2,,12.3264,239,0,0.138912,70,0,7.5,,0,0,0,0,0,0,0,0,0,,141,166,,0,0,0,0
1613574033522,6,1010123456009,76,,1,2,5,1,2,,13.0565,124,0,0.0869398,36,0,8.66667,,0,0,0,0,0,0,0,0,0,,75,99,,0,0,0,0
1613574033772,6,1010123456009,76,,1,2,5,1,2,,11.1037,241,0,0.14048,73,0,9.33333,,0,0,0,0,0,0,0,0,0,,153,189,,0,0,0,0
1613574034023,6,1010123456009,76,,1,2,5,1,2,,10.1585,246,0,0.12032,71,0,7.25,,0.1,20,0,0.1,6,66.6667,0,1.22869,31,,153,186,,0,0,0,6.8
1613574034272,6,1010123456009,76,,1,2,5,1,2,,11.4167,156,175,0.08151,41,0,7.5,,0.1,7,0,0.1,2,50,0,1.09667,31,,103,122,,0,0,0,7.85714
1613574034523,6,1010123456009,76,,1,2,5,1,2,,10.625,224,0,0.11904,68,0,7,,0,0,0,0,0,0,0,0,0,,132,162,,0,0,0,0
1613574034772,6,1010123456009,76,,1,2,5,1,2,,9.85864,191,0,0.0882249,55,0,6.5,,0,0,0,0,0,0,0,0,0,,118,142,,0,0,0,0
1613574035023,6,1010123456009,76,,1,2,5,1,2,,11.435,223,0,0.118528,65,0,7,,0,12,0,0,4,100,0,0,0,,141,164,,0,0,0,0
1613574035273,6,1010123456009,76,,1,2,5,1,2,,10.7543,293,0,0.1464,84,0,7,,0.1,7,0,0.1,2,0,0,0.739227,31,,182,216,,0,0,0,2.42857
1613574035522,6,1010123456009,76,,1,2,5,1,2,,11.4881,336,0,0.188884,95,0,9,,0,0,0,0,0,0,0,0,0,,222,256,,0,0,0,0
1613574035772,6,1010123456009,76,,1,2,5,1,2,,15.6919,185,85,0.165205,55,0,9.75,,0,0,0,0,0,0,0,0,0,,109,129,,0,0,0,0
1613574036022,6,1010123456009,76,,1,2,5,1,2,,9.47482,139,0,0.060512,42,0,7,,0.157895,38,0,0.1,10,70,0,1.87742,31,,91,97,,0,0,0,8.21053
1613574036273,6,1010123456009,76,,1,2,5,1,2,,10.8643,199,89,0.102279,57,0,7,,0,0,0,0,0,0,0,0,0,,124,152,,0,0,0,0
1613574036522,6,1010123456009,76,,1,2,5,1,2,,11.2249,209,0,0.0976707,54,0,7,,0,0,0,0,0,0,0,0,0,,134,149,,0,0,0,0
1613574036772,6,1010123456009,76,,1,2,5,1,2,,10.4975,201,0,0.108691,60,0,7,,0,3,0,0.1,1,0,0,0,31,,122,152,,0,0,0,0
1613574037022,6,1010123456009,76,,1,2,5,1,2,,10.7851,242,0,0.1248,71,0,7,,7.23077,26,0,0.1,7,57.1429,0,10.3987,31,,160,183,,0,0,0,6.53846
1613574037272,6,1010123456009,76,,1,2,5,1,2,,10.242,281,44,0.136161,81,0,7,,0,0,0,0,0,0,0,0,0,,174,206,,0,0,0,0
1613574037522,6,1010123456009,76,,1,2,5,1,2,,10.181,210,0,0.0981526,59,0,7,,0,0,0,0,0,0,0,0,0,,134,154,,0,0,0,0
1613574037773,6,1010123456009,76,,1,2,5,1,2,,10.7778,153,1,0.0792988,45,0,7,,0,0,0,0,0,0,0,0,0,,100,118,,0,0,0,0
1613574038022,6,1010123456009,76,,1,2,5,1,2,,10.441,229,0,0.121767,70,0,7,,15,13,0,0,4,100,0,2.35018,0,,150,173,,0,0,0,10
1613574038272,6,1010123456009,76,,1,2,5,1,2,,10.7976,168,0,0.080736,45,0,7,,0,0,0,0,0,0,0,0,0,,102,124,,0,0,0,0
1613574038522,6,1010123456009,76,,1,2,5,1,2,,10.65,300,0,0.149824,86,0,6.66667,,0,0,0,0,0,0,0,0,0,,189,227,,0,0,0,0
1613574038772,6,1010123456009,76,,1,2,5,1,2,,13.3443,212,0,0.156337,65,0,8,,0,0,0,0,0,0,0,0,0,,132,158,,0,0,0,0
1613574039022,6,1010123456009,76,,1,2,5,1,2,,10.9796,245,0,0.130635,73,0,7,,0.1,10,0,0.1,3,0,0,11.7317,31,,169,189,,0,0,0,1.6
1613574039273,6,1010123456009,76,,1,2,5,1,2,,10.4636,151,70,0.066112,38,0,7,,0,0,0,0,0,0,0,0,0,,97,118,,0,0,0,0
1613574039522,6,1010123456009,76,,1,2,5,1,2,,11.0137,292,0,0.161446,90,0,7,,0,0,0,0,0,0,0,0,0,,181,213,,0,0,0,0
1613574039772,6,1010123456009,76,,1,2,5,1,2,,5.97152,316,0,0.0905703,86,0,5.8,,0,0,0,0,0,0,0,0,0,,226,250,,0,0,0,0
1613574040023,6,1010123456009,76,,1,2,5,1,2,,10.6757,148,0,0.082144,48,0,7.66667,,2,13,0,0,4,100,0,0.967789,0,,99,112,,0,0,0,10
1613574040272,6,1010123456009,76,,1,2,5,1,2,,12.9015,203,0,0.133783,58,0,8.75,,0,0,0,0,0,0,0,0,0,,127,148,,0,0,0,0
1613574040522,6,1010123456009,76,,1,2,5,1,2,,8.9607,229,0,0.0943293,67,0,6.5,,0.1,6,0,0.1,2,50,0,0.255442,31,,162,172,,0,0,0,10
1613574040772,6,1010123456009,76,,1,2,5,1,2,,10.2464,349,0,0.168771,97,0,7,,0,0,0,0,0,0,0,0,0,,265,273,,0,0,0,0
1613574041022,6,1010123456009,76,,1,2,5,1,2,,10.6424,165,99,0.087261,51,0,7,,0.1,30,0,0.1,9,33.3333,0,8.80095,31,,110,125,,0,0,0,4.4
1613574041272,6,1010123456009,76,,1,2,5,1,2,,10.7857,126,0,0.0652209,37,0,7,,0,0,0,0,0,0,0,0,0,,75,92,,0,0,0,0
1613574041523,6,1010123456009,76,,1,2,5,1,2,,10.4894,235,0,0.113728,64,0,7,,0,0,0,0,0,0,0,0,0,,140,178,,0,0,0,0
1613574041773,6,1010123456009,76,,1,2,5,1,2,,11.0072,279,0,0.141664,80,0,7,,0,0,0,0,0,0,0,0,0,,187,212,,0,0,0,0
1613574042023,6,1010123456009,76,,1,2,5,1,2,,11.7277,213,0,0.138688,67,0,8.5,,15,14,0,0,4,100,0,0.98779,0,,143,166,,0,0,0,10
1613574042272,6,1010123456009,76,,1,2,5,1,2,,11.044,182,0,0.0887068,49,0,7,,0,0,0,0,0,0,0,0,0,,112,131,,0,0,0,0
1613574042522,6,1010123456009,76,,1,2,5,1,2,,12.1379,116,0,0.0799036,38,0,10.25,,0,0,0,0,0,0,0,0,0,,71,84,,0,0,0,0
1613574042772,6,1010123456009,76,,1,2,5,1,2,,11.1728,191,0,0.0881285,49,0,7,,0,0,0,0,0,0,0,0,0,,124,140,,0,0,0,0
1613574043023,6,1010123456009,76,,1,2,5,1,2,,10.774,177,0,0.106359,58,0,7.33333,,0.1,19,0,0.1,6,66.6667,0,3.95253,31,,111,141,,0,0,0,8
1613574043272,6,1010123456009,76,,1,2,5,1,2,,7.93569,311,171,0.120643,82,0,5.8,,0,0,0,0,0,0,0,0,0,,219,242,,0,0,0,0
1613574043522,6,1010123456009,76,,1,2,5,1,2,,8.54687,256,89,0.106892,77,0,7,,0,12,0,0,4,100,0,0,0,,171,207,,0,0,0,0
1613574043772,6,1010123456009,76,,1,2,5,1,2,,10.783,318,0,0.157815,91,0,7,,0,0,0,0,0,0,0,0,0,,202,229,,0,0,0,0
1613574044023,6,1010123456009,76,,1,2,5,1,2,,9.16431,353,508,0.162016,99,0,5.6,,0,12,0,0.1,4,0,0,0,31,,242,273,,0,0,0,0
1613574044272,6,1010123456009,76,,1,2,5,1,2,,9.17188,320,0,0.15608,98,0,8,,0,0,0,0,0,0,0,0,0,,287,289,,0,0,0,0
1613574044522,6,1010123456009,76,,1,2,5,1,2,,11.716,162,0,0.0918554,47,0,7.75,,0,0,0,0,0,0,0,0,0,,97,110,,0,0,0,0
1613574044772,6,1010123456009,76,,1,2,5,1,2,,10.7839,236,89,0.109076,61,0,7.33333,,0,0,0,0,0,0,0,0,0,,151,177,,0,0,0,0
1613574045022,6,1010123456009,76,,1,2,5,1,2,,6.47059,357,0,0.130153,110,0,5.8,,0,12,0,0,4,100,0,0,0,,265,279,,0,0,0,0
1613574045273,6,1010123456009,76,,1,2,5,1,2,,7.25791,411,115,0.155232,117,0,5.5,,0,0,0,0,0,0,0,0,0,,324,355,,0,0,0,0
1613574045522,6,1010123456009,76,,1,2,5,1,2,,10.8994,169,0,0.0827309,47,0,7,,0,0,0,0,0,0,0,0,0,,106,125,,0,0,0,0
1613574045772,6,1010123456009,76,,1,2,5,1,2,,10.2692,234,65,0.113863,66,0,6.75,,0,0,0,0,0,0,0,0,0,,149,180,,0,0,0,0
1613574046022,6,1010123456009,76,,1,2,5,1,2,,10.1574,216,0,0.109494,63,0,8,,4,13,0,0,4,100,0,0.419254,0,,136,162,,0,0,0,10
1613574046272,6,1010123456009,76,,1,2,5,1,2,,10.4368,190,0,0.097253,55,0,7,,0,0,0,0,0,0,0,0,0,,117,146,,0,0,0,0
1613574046522,6,1010123456009,76,,1,2,5,1,2,,10.7371,175,0,0.0974137,53,0,7,,0,0,0,0,0,0,0,0,0,,104,133,,0,0,0,0
1613574046772,6,1010123456009,76,,1,2,5,1,2,,13.0761,197,89,0.11939,52,0,8.33333,,0,0,0,0,0,0,0,0,0,,122,152,,0,0,0,0
1613574047022,6,1010123456009,76,,1,2,5,1,2,,11.5444,180,110,0.108787,53,0,7.66667,,0.1,14,0,0.1,4,0,0,5.06944,31,,117,142,,0,0,0,2.07143
1613574047272,6,1010123456009,76,,1,2,5,1,2,,9.41555,450,0,0.200192,133,0,6.5,,0.1,4,0,0.1,1,0,0,0.418744,31,,306,334,,0,0,0,2
1613574047522,6,1010123456009,76,,1,2,5,1,2,,11.0747,308,0,0.15049,85,0,7.5,,0,12,0,0,4,100,0,0,0,,198,224,,0,0,0,0
1613574047772,6,1010123456009,76,,1,2,5,1,2,,11.3989,178,0,0.113664,58,0,7.66667,,0,0,0,0,0,0,0,0,0,,110,140,,0,0,0,0
1613574048023,6,1010123456009,76,,1,2,5,1,2,,11.2514,179,0,0.102208,52,0,8.2,,6.26087,23,0,0.1,7,57.1429,0,8.72936,31,,108,138,,0,0,0,5.82609
1613574048272,6,1010123456009,76,,1,2,5,1,2,,11.5541,231,0,0.123727,63,0,8.25,,0,0,0,0,0,0,0,0,0,,146,167,,0,0,0,0
1613574048522,6,1010123456009,76,,1,2,5,1,2,,9.53439,189,196,0.0881285,56,0,6.5,,0,0,0,0,0,0,0,0,0,,118,147,,0,0,0,0
1613574048773,6,1010123456009,76,,1,2,5,1,2,,10.7357,227,0,0.118976,67,0,7,,0,0,0,0,0,0,0,0,0,,144,170,,0,0,0,0
1613574049022,6,1010123456009,76,,1,2,5,1,2,,10.6569,204,0,0.103743,59,0,7,,0.1,18,0,0.1,5,40,0,1.17981,31,,126,150,,0,0,0,6.05556
1613574049272,6,1010123456009,76,,1,2,5,1,2,,17.9794,97,0,0.104288,28,0,9.5,,0,0,0,0,0,0,0,0,0,,56,72,,0,0,0,0
1613574049522,6,1010123456009,76,,1,2,5,1,2,,11.3495,289,0,0.151357,78,0,8.5,,0,0,0,0,0,0,0,0,0,,177,211,,0,0,0,0
1613574049773,6,1010123456009,76,,1,2,5,1,2,,4.26154,390,134,0.109888,112,0,7,,0,3,0,0.1,1,0,0,0,31,,361,376,,0,0,0,0
1613574050023,6,1010123456009,76,,1,2,5,1,2,,12.4689,209,201,0.1296,61,0,8,,0.1,17,0,0.1,5,40,0,0.854603,31,,121,156,,0,0,0,5.58824
1613574050272,6,1010123456009,76,,1,2,5,1,2,,10.9948,191,0,0.108562,60,0,9.33333,,0,0,0,0,0,0,0,0,0,,123,143,,0,0,0,0
1613574050522,6,1010123456009,76,,1,2,5,1,2,,10.6471,255,0,0.124498,70,0,7,,0,0,0,0,0,0,0,0,0,,174,191,,0,0,0,0
1613574050772,6,1010123456009,76,,1,2,5,1,2,,10.5505,287,0,0.141462,82,0,7,,0,0,0,0,0,0,0,0,0,,181,212,,0,0,0,0
1613574051022,6,1010123456009,76,,1,2,5,1,2,,10.437,254,0,0.126104,74,0,6.75,,4.0625,48,0,0.1,14,50,0,4.86678,31,,168,192,,0,0,0,5.8125
1613574051272,6,1010123456009,76,,1,2,5,1,2,,10.9223,206,0,0.108224,59,0,7,,0,0,0,0,0,0,0,0,0,,126,157,,0,0,0,0
1613574051522,6,1010123456009,76,,1,2,5,1,2,,11.0947,190,0,0.103197,58,0,7,,0,2,0,0.1,1,0,0,0,31,,122,140,,0,0,0,0
1613574051772,6,1010123456009,76,,1,2,5,1,2,,10.3029,208,115,0.097536,59,0,7,,0,0,0,0,0,0,0,0,0,,128,152,,0,0,0,0
1613574052022,6,1010123456009,76,,1,2,5,1,2,,11.7805,246,0,0.140851,71,0,9,,7.39286,84,0,0.1,25,76,0,3.05936,31,,156,173,,0,0,0,7.79762
1613574052273,6,1010123456009,76,,1,2,5,1,2,,4.42569,397,0,0.103809,113,0,5,,0,0,0,0,0,0,0,0,0,,314,344,,0,0,0,0
1613574052523,6,1010123456009,76,,1,2,5,1,2,,10.4839,186,0,0.098304,55,0,7,,0,0,0,0,0,0,0,0,0,,122,146,,0,0,0,0
1613574052773,6,1010123456009,76,,1,2,5,1,2,,7.07632,380,89,0.144512,109,0,6,,0,6,0,0.1,2,50,0,0,31,,329,341,,0,0,0,0
1613574053022,6,1010123456009,76,,1,2,5,1,2,,10.3896,326,0,0.164016,97,0,6.75,,3.2,45,0,0.1,13,69.2308,0,2.71558,31,,223,250,,0,0,0,7.42222
1613574053272,6,1010123456009,76,,1,2,5,1,2,,10.9048,210,227,0.103293,59,0,7,,0,0,0,0,0,0,0,0,0,,134,154,,0,0,0,0
1613574053522,6,1010123456009,76,,1,2,5,1,2,,10.9931,288,0,0.146272,81,0,7,,0,0,0,0,0,0,0,0,0,,183,213,,0,0,0,0
1613574053773,6,1010123456009,76,,1,2,5,1,2,,11.5741,270,0,0.149482,76,0,7.8,,0,0,0,0,0,0,0,0,0,,158,195,,0,0,0,0
1613574054022,6,1010123456009,76,,1,2,5,1,2,,10.9037,218,0,0.113574,62,0,7,,0.1,17,0,0.1,5,40,0,0.628248,31,,133,163,,0,0,0,5.35294
1613574054273,6,1010123456009,76,,1,2,5,1,2,,10.7876,226,0,0.111488,65,0,7,,0,0,0,0,0,0,0,0,0,,145,168,,0,0,0,0
1613574054523,6,1010123456009,76,,1,2,5,1,2,,10.9003,311,72,0.170208,94,0,7,,0,0,0,0,0,0,0,0,0,,211,240,,0,0,0,0
1613574054772,6,1010123456009,76,,1,2,5,1,2,,10.4504,242,110,0.114506,66,0,7,,0,0,0,0,0,0,0,0,0,,156,185,,0,0,0,0
1613574055022,6,1010123456009,76,,1,2,5,1,2,,11.5729,199,0,0.124594,63,0,7.83333,,0.1,11,0,0,4,100,0,0.152314,0,,123,148,,0,0,0,10
1613574055272,6,1010123456009,76,,1,2,5,1,2,,10.3188,229,0,0.114313,66,0,7,,0.1,23,0,0.1,6,50,0,5.5909,31,,145,173,,0,0,0,6.21739
1613574055522,6,1010123456009,76,,1,2,5,1,2,,10.1749,263,0,0.120289,73,0,6.8,,0,0,0,0,0,0,0,0,0,,174,198,,0,0,0,0
1613574055772,6,1010123456009,76,,1,2,5,1,2,,8.33548,310,0,0.1424,89,0,6.4,,0,0,0,0,0,0,0,0,0,,289,287,,0,0,0,0
1613574056022,6,1010123456009,76,,1,2,5,1,2,,10.2369,249,0,0.125365,74,0,7,,10.16,50,0,0.1,15,80,0,2.60131,0,,168,187,,0,0,0,8.36
1613574056272,6,1010123456009,76,,1,2,5,1,2,,10.7297,111,0,0.0592129,31,0,8.8,,0,0,0,0,0,0,0,0,0,,67,86,,0,0,0,0
1613574056522,6,1010123456009,76,,1,2,5,1,2,,10.8517,236,0,0.111486,63,0,7,,0,0,0,0,0,0,0,0,0,,155,174,,0,0,0,0
1613574056773,6,1010123456009,76,,1,2,5,1,2,,10.3687,160,0,0.084096,48,0,7.16667,,0,0,0,0,0,0,0,0,0,,100,122,,0,0,0,0
1613574057023,6,1010123456009,76,,1,2,5,1,2,,10.2904,334,0,0.168384,100,0,6.75,,0.1,15,0,0,4,100,0,0.1,0,,224,253,,0,0,0,10
1613574057273,6,1010123456009,76,,1,2,5,1,2,,12.0483,269,0,0.144352,72,0,8.25,,0.1,7,0,0.1,2,0,0,1.5009,31,,174,201,,0,0,0,1.57143
1613574057523,6,1010123456009,76,,1,2,5,1,2,,11.1275,298,0,0.162848,84,0,7,,0,0,0,0,0,0,0,0,0,,185,212,,0,0,0,0
1613574057772,6,1010123456009,76,,1,2,5,1,2,,12.2119,118,0,0.0849799,40,0,9.2,,0,0,0,0,0,0,0,0,0,,75,89,,0,0,0,0
1613574058022,6,1010123456009,76,,1,2,5,1,2,,7.70567,282,0,0.125888,80,0,6.75,,1.34483,29,0,0.1,8,37.5,0,7.54692,31,,230,256,,0,0,0,5.17241
1613574058272,6,1010123456009,76,,1,2,5,1,2,,11.1745,212,0,0.108192,61,0,7,,0,0,0,0,0,0,0,0,0,,134,153,,0,0,0,0
1613574058522,6,1010123456009,76,,1,2,5,1,2,,10.7233,253,134,0.130217,73,0,7,,0,0,0,0,0,0,0,0,0,,155,189,,0,0,0,0
1613574058772,6,1010123456009,76,,1,2,5,1,2,,10.8,340,0,0.179213,99,0,7,,0,0,0,0,0,0,0,0,0,,213,252,,0,0,0,0
1613574059022,6,1010123456009,76,,1,2,5,1,2,,10.9479,211,0,0.108627,59,0,7.33333,,0,12,0,0,4,100,0,0,0,,138,162,,0,0,0,0
1613574059273,6,1010123456009,76,,1,2,5,1,2,,12.1163,215,0,0.133344,62,0,9.33333,,0,0,0,0,0,0,0,0,0,,135,161,,0,0,0,0
1613574059522,6,1010123456009,76,,1,2,5,1,2,,6.79614,363,0,0.133719,101,0,4.66667,,0,0,0,0,0,0,0,0,0,,316,337,,0,0,0,0
1613574059772,6,1010123456009,76,,1,2,5,1,2,,11.0323,186,0,0.113928,61,0,7,,0,0,0,0,0,0,0,0,0,,135,148,,0,0,0,0
1613574060022,6,1010123456009,76,,1,2,5,1,2,,10.3625,240,113,0.119616,70,0,6.5,,0,12,0,0,4,100,0,0,0,,156,185,,0,0,0,0
1613574060273,6,1010123456009,76,,1,2,5,1,2,,11.1263,190,0,0.097344,56,0,7,,0,0,0,0,0,0,0,0,0,,122,140,,0,0,0,0
1613574060522,6,1010123456009,76,,1,2,5,1,2,,10.446,213,65,0.103422,58,0,7,,0,0,0,0,0,0,0,0,0,,133,167,,0,0,0,0
1613574060772,6,1010123456009,76,,1,2,5,1,2,,11.5207,290,0,0.167839,87,0,7.75,,0,0,0,0,0,0,0,0,0,,181,215,,0,0,0,0
1613574061022,6,1010123456009,76,,1,2,5,1,2,,11.8477,197,0,0.102272,53,0,7.5,,7.11111,27,0,0.1,7,57.1429,0,7.28078,31,,119,141,,0,0,0,6.48148
1613574061273,6,1010123456009,76,,1,2,5,1,2,,10.684,288,0,0.151872,87,0,7,,0,0,0,0,0,0,0,0,0,,183,216,,0,0,0,0
1613574061522,6,1010123456009,76,,1,2,5,1,2,,14.0517,116,0,0.0849799,30,0,10.5,,0,0,0,0,0,0,0,0,0,,69,81,,0,0,0,0
1613574061772,6,1010123456009,76,,1,2,5,1,2,,10.7873,315,134,0.162956,92,0,7,,0,0,0,0,0,0,0,0,0,,205,242,,0,0,0,0
1613574062022,6,1010123456009,76,,1,2,5,1,2,,10.6276,333,0,0.168707,95,0,7,,0.1,11,0,0.1,4,25,0,0.953443,31,,214,252,,0,0,0,4.81818
1613574062272,6,1010123456009,76,,1,2,5,1,2,,13.1294,201,0,0.134072,58,0,8,,0,0,0,0,0,0,0,0,0,,121,145,,0,0,0,0
1613574062522,6,1010123456009,76,,1,2,5,1,2,,10.8026,309,0,0.157056,91,0,7,,0,0,0,0,0,0,0,0,0,,195,224,,0,0,0,0
1613574062772,6,1010123456009,76,,1,2,5,1,2,,10.9031,227,0,0.118908,66,0,7,,0,0,0,0,0,0,0,0,0,,144,171,,0,0,0,0
1613574063022,6,1010123456009,76,,1,2,5,1,2,,11.2774,310,53,0.149751,82,0,7,,0.1,19,0,0.1,6,66.6667,0,0.37475,31,,207,231,,0,0,0,7.42105
1613574063273,6,1010123456009,76,,1,2,5,1,2,,11.4777,247,0,0.153728,77,0,8.33333,,0,0,0,0,0,0,0,0,0,,148,179,,0,0,0,0
1613574063522,6,1010123456009,76,,1,2,5,1,2,,10.6626,246,46,0.119582,67,0,7,,0,0,0,0,0,0,0,0,0,,157,188,,0,0,0,0
1613574063772,6,1010123456009,76,,1,2,5,1,2,,10.8947,209,0,0.1111,62,0,7,,0,0,0,0,0,0,0,0,0,,127,153,,0,0,0,0
1613574064023,6,1010123456009,76,,1,2,5,1,2,,11.7233,159,0,0.089184,45,0,7.66667,,0,12,0,0,4,100,0,0,0,,97,119,,0,0,0,0
1613574064272,6,1010123456009,76,,1,2,5,1,2,,10.6017,344,0,0.174072,101,0,7,,0.1,8,0,0.1,2,0,0,1.41463,31,,212,252,,0,0,0,1.5
1613574064522,6,1010123456009,76,,1,2,5,1,2,,10.7476,210,0,0.102816,60,0,7,,0,0,0,0,0,0,0,0,0,,129,152,,0,0,0,0
1613574064772,6,1010123456009,76,,1,2,5,1,2,,10.7882,255,0,0.123136,70,0,7,,0,0,0,0,0,0,0,0,0,,171,198,,0,0,0,0
1613574065022,6,1010123456009,76,,1,2,5,1,2,,9.65922,179,0,0.0898635,56,0,6.75,,13.1429,21,0,0.1,6,66.6667,0,7.44399,31,,118,134,,0,0,0,7.42857
1613574065273,6,1010123456009,76,,1,2,5,1,2,,10.7154,246,0,0.118912,70,0,7,,0,0,0,0,0,0,0,0,0,,162,176,,0,0,0,0
1613574065522,6,1010123456009,76,,1,2,5,1,2,,11.7128,195,0,0.102715,53,0,8,,0,0,0,0,0,0,0,0,0,,122,139,,0,0,0,0
1613574065772,6,1010123456009,76,,1,2,5,1,2,,11.6567,233,0,0.134876,67,0,9.25,,0,0,0,0,0,0,0,0,0,,140,174,,0,0,0,0
1613574066022,6,1010123456009,76,,1,2,5,1,2,,10.4932,146,0,0.0811245,45,0,7,,0.1,11,0,0.1,3,0,0,8.88965,31,,86,112,,0,0,0,1.72727
1613574066272,6,1010123456009,76,,1,2,5,1,2,,7.06138,391,0,0.145253,112,0,6.16667,,0,0,0,0,0,0,0,0,0,,297,323,,0,0,0,0
1613574066523,6,1010123456009,76,,1,2,5,1,2,,11.6335,191,18,0.095968,49,0,7.6,,0,0,0,0,0,0,0,0,0,,118,142,,0,0,0,0
1613574066772,6,1010123456009,76,,1,2,5,1,2,,10.6616,198,0,0.109301,62,0,7,,0,0,0,0,0,0,0,0,0,,122,145,,0,0,0,0
1613574067022,6,1010123456009,76,,1,2,5,1,2,,10.8467,300,0,0.146859,82,0,7,,0.1,13,0,0.1,4,25,0,14.264,31,,188,227,,0,0,0,4.69231
1613574067272,6,1010123456009,76,,1,2,5,1,2,,10.8161,174,0,0.0918554,52,0,7,,0,0,0,0,0,0,0,0,0,,107,125,,0,0,0,0
1613574067522,6,1010123456009,76,,1,2,5,1,2,,10.5195,256,0,0.124884,73,0,7,,0,0,0,0,0,0,0,0,0,,158,187,,0,0,0,0
1613574067772,6,1010123456009,76,,1,2,5,1,2,,11.2069,174,0,0.092241,50,0,7,,0,0,0,0,0,0,0,0,0,,105,130,,0,0,0,0
1613574068022,6,1010123456009,76,,1,2,5,1,2,,10.7033,182,0,0.092241,53,0,7,,15,13,0,0,4,100,0,0.577917,0,,116,136,,0,0,0,10
1613574068272,6,1010123456009,76,,1,2,5,1,2,,11.0638,235,0,0.125333,67,0,7.25,,0,0,0,0,0,0,0,0,0,,152,173,,0,0,0,0
1613574068522,6,1010123456009,76,,1,2,5,1,2,,11.7579,285,0,0.156787,81,0,7.33333,,0,0,0,0,0,0,0,0,0,,196,203,,0,0,0,0
1613574068772,6,1010123456009,76,,1,2,5,1,2,,10.4646,254,20,0.119679,68,0,7,,0,0,0,0,0,0,0,0,0,,159,193,,0,0,0,0
1613574069022,6,1010123456009,76,,1,2,5,1,2,,10.887,301,0,0.161632,90,0,7,,0.1,28,0,0.1,8,37.5,0,5.30546,31,,186,222,,0,0,0,5.07143
1613574069272,6,1010123456009,76,,1,2,5,1,2,,6.67812,320,0,0.117536,91,0,6,,0,0,0,0,0,0,0,0,0,,245,272,,0,0,0,0
1613574069522,6,1010123456009,76,,1,2,5,1,2,,10.1105,181,0,0.0818635,49,0,7,,15,15,0,0,4,100,0,1.47767,0,,114,135,,0,0,0,10
1613574069772,6,1010123456009,76,,1,2,5,1,2,,10.734,282,0,0.148851,82,0,7.5,,0,0,0,0,0,0,0,0,0,,179,212,,0,0,0,0
1613574070022,6,1010123456009,76,,1,2,5,1,2,,11.9959,246,0,0.143454,70,0,7,,0.1,16,0,0.1,5,40,0,0.563704,31,,159,182,,0,0,0,6.4375
1613574070273,6,1010123456009,76,,1,2,5,1,2,,10.8643,221,0,0.119104,66,0,7,,0,0,0,0,0,0,0,0,0,,141,166,,0,0,0,0
1613574070522,6,1010123456009,76,,1,2,5,1,2,,10.4596,322,0,0.156627,92,0,7,,0,0,0,0,0,0,0,0,0,,218,242,,0,0,0,0
1613574070772,6,1010123456009,76,,1,2,5,1,2,,8.07419,310,0,0.12045,88,0,6.66667,,0,0,0,0,0,0,0,0,0,,230,252,,0,0,0,0
1613574071022,6,1010123456009,76,,1,2,5,1,2,,10.7089,213,0,0.108723,63,0,7,,0.1,22,0,0.1,6,50,0,0.789519,31,,140,163,,0,0,0,7.09091
1613574071272,6,1010123456009,76,,1,2,5,1,2,,11.052,269,0,0.139406,79,0,7,,0,0,0,0,0,0,0,0,0,,174,195,,0,0,0,0
1613574071522,6,1010123456009,76,,1,2,5,1,2,,10.7333,255,0,0.1304,72,0,7,,0,0,0,0,0,0,0,0,0,,161,186,,0,0,0,0
1613574071772,6,1010123456009,76,,1,2,5,1,2,,10.5736,197,0,0.0977671,57,0,7,,0,0,0,0,0,0,0,0,0,,125,146,,0,0,0,0
1613574072022,6,1010123456009,76,,1,2,5,1,2,,10.5894,207,0,0.0982811,60,0,6.66667,,0.1,13,0,0.1,4,0,0,2.01471,31,,142,147,,0,0,0,1.53846
1613574072272,6,1010123456009,76,,1,2,5,1,2,,10.0172,291,0,0.146859,85,0,7,,0,0,0,0,0,0,0,0,0,,189,228,,0,0,0,0
1613574072523,6,1010123456009,76,,1,2,5,1,2,,10.2663,323,0,0.146304,90,0,6.66667,,0,0,0,0,0,0,0,0,0,,199,239,,0,0,0,0
1613574072772,6,1010123456009,76,,1,2,5,1,2,,10.7748,222,0,0.125398,68,0,8,,0,0,0,0,0,0,0,0,0,,139,167,,0,0,0,0
1613574073022,6,1010123456009,76,,1,2,5,1,2,,10.0191,262,73,0.116594,69,0,6.75,,0,17,0,0.1,6,66.6667,0,0,31,,168,201,,0,0,0,0
1613574073272,6,1010123456009,76,,1,2,5,1,2,,7.33559,295,294,0.11728,86,0,5,,0,3,0,0.1,1,0,0,0,31,,225,254,,0,0,0,0
1613574073522,6,1010123456009,76,,1,2,5,1,2,,9.12579,318,0,0.151197,99,0,7,,0,6,0,0.1,2,50,0,0,31,,229,255,,0,0,0,0
1613574073772,6,1010123456009,76,,1,2,5,1,2,,10.5214,140,0,0.0706506,41,0,7,,0,0,0,0,0,0,0,0,0,,91,106,,0,0,0,0
1613574074023,6,1010123456009,76,,1,2,5,1,2,,10.5294,204,89,0.103008,58,0,7.5,,7.61667,60,0,0.1,18,66.6667,0,5.62777,31,,124,154,,0,0,0,7.8
1613574074272,6,1010123456009,76,,1,2,5,1,2,,11.1364,308,0,0.16408,87,0,7.66667,,0,0,0,0,0,0,0,0,0,,194,231,,0,0,0,0
1613574074522,6,1010123456009,76,,1,2,5,1,2,,12.0761,184,87,0.116337,54,0,8,,0,0,0,0,0,0,0,0,0,,109,139,,0,0,0,0
1613574074773,6,1010123456009,76,,1,2,5,1,2,,11.254,248,0,0.126848,67,0,7.6,,0,0,0,0,0,0,0,0,0,,154,181,,0,0,0,0
1613574075023,6,1010123456009,76,,1,2,5,1,2,,9.41479,311,0,0.150656,96,0,8.6,,0,10,0,0,4,100,0,0,0,,201,249,,0,0,0,0
1613574075272,6,1010123456009,76,,1,2,5,1,2,,11.9032,217,0,0.13012,64,0,7.33333,,0.1,7,0,0.1,2,0,0,0.757536,31,,141,164,,0,0,0,2
1613574075522,6,1010123456009,76,,1,2,5,1,2,,11.2317,164,115,0.086112,47,0,7,,0,0,0,0,0,0,0,0,0,,101,123,,0,0,0,0
1613574075772,6,1010123456009,76,,1,2,5,1,2,,10.6012,336,0,0.168739,97,0,7,,0,0,0,0,0,0,0,0,0,,201,246,,0,0,0,0
1613574076023,6,1010123456009,76,,1,2,5,1,2,,10.7416,267,0,0.134916,77,0,7,,0.1,13,0,0.1,4,0,0,6.92273,31,,175,200,,0,0,0,2.15385
1613574076272,6,1010123456009,76,,1,2,5,1,2,,11.242,281,0,0.151486,80,0,7,,0,3,0,0.1,1,0,0,0,31,,190,213,,0,0,0,0
1613574076522,6,1010123456009,76,,1,2,5,1,2,,10.6305,249,0,0.125622,72,0,6.66667,,0,0,0,0,0,0,0,0,0,,161,189,,0,0,0,0
1613574076772,6,1010123456009,76,,1,2,5,1,2,,10.7931,319,133,0.148851,85,0,6.75,,0,0,0,0,0,0,0,0,0,,207,239,,0,0,0,0
1613574077023,6,1010123456009,76,,1,2,5,1,2,,10.187,246,0,0.118336,73,0,7,,0.1,20,0,0.1,6,50,0,1.11411,31,,153,180,,0,0,0,6.05
1613574077273,6,1010123456009,76,,1,2,5,1,2,,10.6327,324,0,0.162016,91,0,6.66667,,0,0,0,0,0,0,0,0,0,,228,254,,0,0,0,0
1613574077522,6,1010123456009,76,,1,2,5,1,2,,11.5429,140,0,0.081253,42,0,8.5,,0,0,0,0,0,0,0,0,0,,84,99,,0,0,0,0
1613574077773,6,1010123456009,76,,1,2,5,1,2,,11.0101,198,0,0.107968,60,0,7,,0,0,0,0,0,0,0,0,0,,137,148,,0,0,0,0
1613574078023,6,1010123456009,76,,1,2,5,1,2,,10.5773,194,0,0.091968,54,0,7,,0.1,18,0,0.1,5,20,0,1.30166,31,,129,139,,0,0,0,3.77778
1613574078272,6,1010123456009,76,,1,2,5,1,2,,12.1573,178,0,0.102651,52,0,8.6,,0,0,0,0,0,0,0,0,0,,105,126,,0,0,0,0
1613574078522,6,1010123456009,76,,1,2,5,1,2,,10.3333,201,0,0.103036,58,0,7.25,,0,0,0,0,0,0,0,0,0,,121,156,,0,0,0,0
1613574078773,6,1010123456009,76,,1,2,5,1,2,,10.8288,257,0,0.115424,67,0,7.4,,0,0,0,0,0,0,0,0,0,,174,196,,0,0,0,0
1613574079023,6,1010123456009,76,,1,2,5,1,2,,8.89474,247,410,0.119104,71,0,5.5,,0.1,11,0,0.1,3,0,0,0.908273,31,,170,192,,0,0,0,3.36364
1613574079272,6,1010123456009,76,,1,2,5,1,2,,6.0207,483,0,0.179213,146,0,7,,0.1,8,0,0.1,2,50,0,1.17973,31,,459,483,,0,0,0,7.5
1613574079522,6,1010123456009,76,,1,2,5,1,2,,10.5251,219,0,0.108448,63,0,7,,0,0,0,0,0,0,0,0,0,,131,164,,0,0,0,0
1613574079772,6,1010123456009,76,,1,2,5,1,2,,11.3615,296,20,0.156576,83,0,7.83333,,0,0,0,0,0,0,0,0,0,,189,216,,0,0,0,0
1613574080022,6,1010123456009,76,,1,2,5,1,2,,10.3889,252,46,0.120064,71,0,6.75,,0.1,21,0,0.1,6,50,0,0.980455,31,,156,183,,0,0,0,7.28571
1613574080272,6,1010123456009,76,,1,2,5,1,2,,10.5294,289,89,0.141398,83,0,7,,0,0,0,0,0,0,0,0,0,,181,210,,0,0,0,0
1613574080522,6,1010123456009,76,,1,2,5,1,2,,10.3887,283,214,0.135711,79,0,6.66667,,0,0,0,0,0,0,0,0,0,,184,211,,0,0,0,0
1613574080773,6,1010123456009,76,,1,2,5,1,2,,2.57782,514,20,0.11552,150,0,5.8,,0,0,0,0,0,0,0,0,0,,598,629,,0,0,0,0
1613574081022,6,1010123456009,76,,1,2,5,1,2,,10.6844,282,0,0.137606,80,0,7,,7.23077,26,0,0.1,7,57.1429,0,10.8615,31,,184,204,,0,0,0,6.65385
1613574081273,6,1010123456009,76,,1,2,5,1,2,,12.1391,151,0,0.090336,46,0,7.66667,,0,0,0,0,0,0,0,0,0,,92,109,,0,0,0,0
1613574081523,6,1010123456009,76,,1,2,5,1,2,,10.4875,281,0,0.133952,79,0,6.8,,0,0,0,0,0,0,0,0,0,,178,209,,0,0,0,0
1613574081772,6,1010123456009,76,,1,2,5,1,2,,10.8152,184,0,0.0918554,51,0,7,,0,12,0,0,4,100,0,0,0,,111,135,,0,0,0,0
1613574082022,6,1010123456009,76,,1,2,5,1,2,,11.026,231,0,0.117141,65,0,7,,2.42373,59,0,0.1,18,66.6667,0,2.37802,31,,141,170,,0,0,0,7.83051
1613574082273,6,1010123456009,76,,1,2,5,1,2,,11.0405,74,0,0.037696,21,0,7,,0,0,0,0,0,0,0,0,0,,43,54,,0,0,0,0
1613574082522,6,1010123456009,76,,1,2,5,1,2,,9.80365,219,0,0.093494,62,0,7,,0,0,0,0,0,0,0,0,0,,146,167,,0,0,0,0
1613574082772,6,1010123456009,76,,1,2,5,1,2,,9.66788,274,0,0.137285,83,0,6.8,,0,0,0,0,0,0,0,0,0,,184,210,,0,0,0,0
1613574083022,6,1010123456009,76,,1,2,5,1,2,,10.9899,198,0,0.1031,58,0,7,,0.1,22,0,0.1,6,50,0,0.681308,31,,124,147,,0,0,0,6.90909
1613574083272,6,1010123456009,76,,1,2,5,1,2,,10.9295,241,0,0.125076,69,0,7,,0,0,0,0,0,0,0,0,0,,159,180,,0,0,0,0
1613574083523,6,1010123456009,76,,1,2,5,1,2,,11.592,250,0,0.129376,69,0,13,,0,0,0,0,0,0,0,0,0,,155,183,,0,0,0,0
1613574083772,6,1010123456009,76,,1,2,5,1,2,,10.0794,315,0,0.157751,90,0,6.8,,0,0,0,0,0,0,0,0,0,,196,238,,0,0,0,0
1613574084022,6,1010123456009,76,,1,2,5,1,2,,10.8776,286,70,0.152225,85,0,7,,0.1,23,0,0.1,7,42.8571,0,1.31589,31,,183,216,,0,0,0,6.91304
1613574084273,6,1010123456009,76,,1,2,5,1,2,,8.61628,258,113,0.104191,68,0,5.5,,0,0,0,0,0,0,0,0,0,,172,195,,0,0,0,0
1613574084523,6,1010123456009,76,,1,2,5,1,2,,7.79167,216,0,0.088064,68,0,7,,0,0,0,0,0,0,0,0,0,,150,167,,0,0,0,0
1613574084772,6,1010123456009,76,,1,2,5,1,2,,12.0482,166,103,0.0964498,44,0,8.8,,0,0,0,0,0,0,0,0,0,,104,123,,0,0,0,0
1613574085022,6,1010123456009,76,,1,2,5,1,2,,8.78402,338,24,0.147534,96,0,5.5,,0.1,13,0,0,4,100,0,0.429331,0,,238,264,,0,0,0,10
1613574085272,6,1010123456009,76,,1,2,5,1,2,,8.53061,392,0,0.162827,118,0,7.16667,,0.1,10,0,0.1,3,33.3333,0,1.86785,31,,275,297,,0,0,0,4.1
1613574085523,6,1010123456009,76,,1,2,5,1,2,,10.9361,266,0,0.135168,76,0,7,,0,0,0,0,0,0,0,0,0,,171,197,,0,0,0,0
1613574085772,6,1010123456009,76,,1,2,5,1,2,,12.3485,132,0,0.0806104,36,0,8.5,,0,0,0,0,0,0,0,0,0,,85,99,,0,0,0,0
1613574086022,6,1010123456009,76,,1,2,5,1,2,,11.019,158,0,0.0864578,48,0,7.33333,,7.38462,26,0,0.1,7,57.1429,0,6.8165,31,,96,113,,0,0,0,6.69231
1613574086272,6,1010123456009,76,,1,2,5,1,2,,10.8442,199,0,0.0975743,55,0,7,,0,0,0,0,0,0,0,0,0,,131,152,,0,0,0,0
1613574086523,6,1010123456009,76,,1,2,5,1,2,,4.18527,448,0,0.121275,130,0,5.25,,0,0,0,0,0,0,0,0,0,,405,427,,0,0,0,0
1613574086772,6,1010123456009,76,,1,2,5,1,2,,10.6512,281,115,0.14159,81,0,7,,0,0,0,0,0,0,0,0,0,,170,209,,0,0,0,0
1613574087022,6,1010123456009,76,,1,2,5,1,2,,7.71379,290,0,0.111454,81,0,5.5,,15,13,0,0,4,100,0,1.02859,0,,211,234,,0,0,0,10
1613574087272,6,1010123456009,76,,1,2,5,1,2,,11.006,331,46,0.170988,95,0,7,,0,0,0,0,0,0,0,0,0,,227,246,,0,0,0,0
1613574087522,6,1010123456009,76,,1,2,5,1,2,,10.2985,268,0,0.133462,77,0,7,,0,0,0,0,0,0,0,0,0,,164,201,,0,0,0,0
1613574087773,6,1010123456009,76,,1,2,5,1,2,,10.7056,180,0,0.096928,54,0,7,,0,0,0,0,0,0,0,0,0,,107,135,,0,0,0,0
1613574088022,6,1010123456009,76,,1,2,5,1,2,,11.1651,212,0,0.10747,60,0,7,,0.1,10,0,0.1,3,0,0,0.669347,31,,139,163,,0,0,0,5.8
1613574088272,6,1010123456009,76,,1,2,5,1,2,,10.8584,219,113,0.116337,66,0,6.5,,0,0,0,0,0,0,0,0,0,,136,161,,0,0,0,0
1613574088523,6,1010123456009,76,,1,2,5,1,2,,10.6221,172,0,0.081408,46,0,7,,0,0,0,0,0,0,0,0,0,,101,126,,0,0,0,0
1613574088773,6,1010123456009,76,,1,2,5,1,2,,10.9212,330,0,0.173792,97,0,7.33333,,0,0,0,0,0,0,0,0,0,,224,252,,0,0,0,0
1613574089023,6,1010123456009,76,,1,2,5,1,2,,11.5865,208,0,0.118144,59,0,7,,0.1,13,0,0.1,4,0,0,1.80977,31,,129,158,,0,0,0,1.23077
1613574089273,6,1010123456009,76,,1,2,5,1,2,,10.8627,233,0,0.124192,70,0,7,,0,0,0,0,0,0,0,0,0,,148,172,,0,0,0,0
1613574089522,6,1010123456009,76,,1,2,5,1,2,,11.1433,335,0,0.170699,95,0,7,,0,0,0,0,0,0,0,0,0,,211,247,,0,0,0,0
1613574089772,6,1010123456009,76,,1,2,5,1,2,,10.35,300,0,0.150233,88,0,6.66667,,0,0,0,0,0,0,0,0,0,,189,225,,0,0,0,0
1613574090022,6,1010123456009,76,,1,2,5,1,2,,10.8628,226,0,0.104418,58,0,7,,8.55263,38,0,0.1,11,72.7273,0,2.96723,31,,148,172,,0,0,0,7.68421
1613574090272,6,1010123456009,76,,1,2,5,1,2,,10.7534,219,0,0.118201,67,0,7,,0,0,0,0,0,0,0,0,0,,130,158,,0,0,0,0
1613574090522,6,1010123456009,76,,1,2,5,1,2,,10.55,160,48,0.075968,45,0,7,,0,0,0,0,0,0,0,0,0,,102,119,,0,0,0,0
1613574090772,6,1010123456009,76,,1,2,5,1,2,,11.1855,248,30,0.140928,76,0,7.57143,,0,3,0,0.1,1,0,0,0,31,,165,189,,0,0,0,0
1613574091022,6,1010123456009,76,,1,2,5,1,2,,10.9612,206,0,0.108273,59,0,7.5,,0.1,20,0,0.1,6,66.6667,0,0.903626,31,,130,148,,0,0,0,6.8
1613574091272,6,1010123456009,76,,1,2,5,1,2,,11.4254,181,0,0.096896,52,0,7,,0,0,0,0,0,0,0,0,0,,118,133,,0,0,0,0
1613574091523,6,1010123456009,76,,1,2,5,1,2,,10.5623,297,0,0.146432,83,0,7,,0,0,0,0,0,0,0,0,0,,187,227,,0,0,0,0
1613574091773,6,1010123456009,76,,1,2,5,1,2,,10.6034,116,0,0.059552,35,0,7,,0,0,0,0,0,0,0,0,0,,68,80,,0,0,0,0
1613574092022,6,1010123456009,76,,1,2,5,1,2,,9.89904,208,0,0.0932048,58,0,6.5,,0.1,13,0,0.1,4,0,0,2.66765,31,,138,158,,0,0,0,2.84615
1613574092273,6,1010123456009,76,,1,2,5,1,2,,11.0467,214,0,0.113728,65,0,7,,0,0,0,0,0,0,0,0,0,,137,157,,0,0,0,0
1613574092522,6,1010123456009,76,,1,2,5,1,2,,8.6594,367,265,0.149655,97,0,6,,0,0,0,0,0,0,0,0,0,,276,307,,0,0,0,0
1613574092772,6,1010123456009,76,,1,2,5,1,2,,7.33815,346,0,0.133536,108,0,6.33333,,0,0,0,0,0,0,0,0,0,,246,268,,0,0,0,0
1613574093022,6,1010123456009,76,,1,2,5,1,2,,10.5789,285,0,0.141815,82,0,7,,0,12,0,0,4,100,0,0,0,,180,213,,0,0,0,0
1613574093272,6,1010123456009,76,,1,2,5,1,2,,11.5719,313,203,0.163373,83,0,8.5,,0.16,25,0,0.1,7,57.1429,0,3.93054,31,,205,232,,0,0,0,6.84
1613574093523,6,1010123456009,76,,1,2,5,1,2,,10.7277,191,0,0.10144,57,0,7,,0,0,0,0,0,0,0,0,0,,115,137,,0,0,0,0
1613574093772,6,1010123456009,76,,1,2,5,1,2,,11.1093,247,0,0.135133,73,0,7,,0,0,0,0,0,0,0,0,0,,149,183,,0,0,0,0
1613574094023,6,1010123456009,76,,1,2,5,1,2,,10.7706,231,0,0.108576,64,0,7,,0.1,23,0,0.1,6,33.3333,0,3.61662,31,,153,169,,0,0,0,5.34783
1613574094272,6,1010123456009,76,,1,2,5,1,2,,10.2655,275,0,0.136643,81,0,6.66667,,0,0,0,0,0,0,0,0,0,,173,203,,0,0,0,0
1613574094522,6,1010123456009,76,,1,2,5,1,2,,5.4102,451,0,0.147631,127,0,4.75,,0,0,0,0,0,0,0,0,0,,432,435,,0,0,0,0
1613574094772,6,1010123456009,76,,1,2,5,1,2,,13.7442,172,0,0.128224,53,0,8.5,,0,0,0,0,0,0,0,0,0,,103,128,,0,0,0,0
1613574095022,6,1010123456009,76,,1,2,5,1,2,,12.1164,189,0,0.113184,55,0,7,,15,11,0,0,4,100,0,0.972704,0,,117,142,,0,0,0,10
1613574095272,6,1010123456009,76,,1,2,5,1,2,,11.3852,244,0,0.130795,71,0,7.66667,,0,0,0,0,0,0,0,0,0,,157,179,,0,0,0,0
1613574095522,6,1010123456009,76,,1,2,5,1,2,,11.1389,252,0,0.135229,71,0,7.2,,0,0,0,0,0,0,0,0,0,,154,195,,0,0,0,0
1613574095773,6,1010123456009,76,,1,2,5,1,2,,10.28,150,89,0.076,46,0,6.75,,0,0,0,0,0,0,0,0,0,,101,113,,0,0,0,0
1613574096022,6,1010123456009,76,,1,2,5,1,2,,10.0952,231,0,0.115309,69,0,7,,3,65,0,0.1,18,66.6667,0,2.76503,31,,151,179,,0,0,0,7.32308
1613574096272,6,1010123456009,76,,1,2,5,1,2,,11.0634,268,0,0.14143,77,0,7,,0,0,0,0,0,0,0,0,0,,168,197,,0,0,0,0
1613574096523,6,1010123456009,76,,1,2,5,1,2,,10.8619,239,115,0.119392,65,0,7.33333,,0,0,0,0,0,0,0,0,0,,150,178,,0,0,0,0
1613574096772,6,1010123456009,76,,1,2,5,1,2,,10.2336,244,0,0.120129,74,0,6.8,,0,0,0,0,0,0,0,0,0,,156,178,,0,0,0,0
1613574097022,6,1010123456009,76,,1,2,5,1,2,,11.0714,238,0,0.110368,62,0,7,,0.1,19,0,0.1,6,66.6667,0,0.898421,31,,151,179,,0,0,0,7.94737
1613574097272,6,1010123456009,76,,1,2,5,1,2,,10.4286,245,0,0.128225,74,0,7,,0,0,0,0,0,0,0,0,0,,153,180,,0,0,0,0
1613574097522,6,1010123456009,76,,1,2,5,1,2,,10.6494,251,0,0.124819,69,0,7,,0,0,0,0,0,0,0,0,0,,161,191,,0,0,0,0
1613574097772,6,1010123456009,76,,1,2,5,1,2,,11.2654,162,46,0.0975743,52,0,7.66667,,0,0,0,0,0,0,0,0,0,,102,124,,0,0,0,0
1613574098022,6,1010123456009,76,,1,2,5,1,2,,10.8147,232,0,0.124948,69,0,7,,5.18919,37,0,0.1,10,60,0,4.66609,31,,148,181,,0,0,0,7.48649
1613574098272,6,1010123456009,76,,1,2,5,1,2,,6.92428,383,0,0.135454,109,0,5.5,,0,0,0,0,0,0,0,0,0,,310,336,,0,0,0,0
1613574098523,6,1010123456009,76,,1,2,5,1,2,,11.2259,270,0,0.13472,75,0,7,,0,0,0,0,0,0,0,0,0,,168,199,,0,0,0,0
1613574098772,6,1010123456009,76,,1,2,5,1,2,,10.8349,327,0,0.157912,90,0,7.2,,0,0,0,0,0,0,0,0,0,,215,239,,0,0,0,0
1613574099022,6,1010123456009,76,,1,2,5,1,2,,10.8697,284,0,0.152707,88,0,7,,7.55769,52,0,0.1,16,81.25,0,4.7788,31,,189,207,,0,0,0,8.17308
1613574099272,6,1010123456009,76,,1,2,5,1,2,,10.7031,229,0,0.109012,62,0,7,,0,0,0,0,0,0,0,0,0,,142,169,,0,0,0,0
1613574099522,6,1010123456009,76,,1,2,5,1,2,,10.7695,269,0,0.135839,78,0,7,,0,0,0,0,0,0,0,0,0,,171,200,,0,0,0,0
1613574099772,6,1010123456009,76,,1,2,5,1,2,,10.3714,210,20,0.109173,62,0,7,,0,0,0,0,0,0,0,0,0,,133,164,,0,0,0,0
1613574100023,6,1010123456009,76,,1,2,5,1,2,,7.38602,329,0,0.128288,96,0,6,,0.1,14,0,0.1,4,25,0,1.36809,31,,255,268,,0,0,0,7.35714
1613574100272,6,1010123456009,76,,1,2,5,1,2,,10.964,250,0,0.135165,72,0,9.33333,,0,0,0,0,0,0,0,0,0,,160,188,,0,0,0,0
1613574100522,6,1010123456009,76,,1,2,5,1,2,,11.2304,204,0,0.102811,58,0,7,,0,0,0,0,0,0,0,0,0,,131,145,,0,0,0,0
1613574100773,6,1010123456009,76,,1,2,5,1,2,,11.4759,145,89,0.069888,38,0,7,,0,0,0,0,0,0,0,0,0,,98,107,,0,0,0,0
1613574101022,6,1010123456009,76,,1,2,5,1,2,,10.7368,171,0,0.0865221,49,0,7,,0,12,0,0,4,100,0,0,0,,101,124,,0,0,0,0
1613574101272,6,1010123456009,76,,1,2,5,1,2,,10.608,199,0,0.09408,55,0,6.75,,0.1,16,0,0,4,100,0,0.1,0,,133,146,,0,0,0,10
1613574101522,6,1010123456009,76,,1,2,5,1,2,,9.94953,317,0,0.156384,97,0,6.75,,0,0,0,0,0,0,0,0,0,,213,239,,0,0,0,0
1613574101772,6,1010123456009,76,,1,2,5,1,2,,10.9296,341,110,0.162924,93,0,7,,0,0,0,0,0,0,0,0,0,,224,255,,0,0,0,0
1613574102022,6,1010123456009,76,,1,2,5,1,2,,10.5799,219,0,0.111486,63,0,7,,0.1,28,0,0.1,8,50,0,4.26374,31,,130,161,,0,0,0,6
1613574102272,6,1010123456009,76,,1,2,5,1,2,,8.95057,263,23,0.118651,73,0,7.25,,0,0,0,0,0,0,0,0,0,,189,213,,0,0,0,0
1613574102523,6,1010123456009,76,,1,2,5,1,2,,10.25,356,0,0.179328,109,0,7,,0,0,0,0,0,0,0,0,0,,229,261,,0,0,0,0
1613574102772,6,1010123456009,76,,1,2,5,1,2,,11.0904,177,11,0.0820562,48,0,8.75,,0,0,0,0,0,0,0,0,0,,111,130,,0,0,0,0
1613574103022,6,1010123456009,76,,1,2,5,1,2,,12.0466,279,0,0.163712,76,0,7,,15,15,0,0,4,100,0,1.82812,0,,174,205,,0,0,0,10
1613574103272,6,1010123456009,76,,1,2,5,1,2,,10.6962,237,0,0.133526,75,0,7,,0,0,0,0,0,0,0,0,0,,155,177,,0,0,0,0
1613574103522,6,1010123456009,76,,1,2,5,1,2,,11.6698,106,0,0.0594699,29,0,8.8,,0,0,0,0,0,0,0,0,0,,66,81,,0,0,0,0
1613574103772,6,1010123456009,76,,1,2,5,1,2,,7.19074,367,0,0.135552,100,0,5.8,,0,0,0,0,0,0,0,0,0,,281,312,,0,0,0,0
1613574104022,6,1010123456009,76,,1,2,5,1,2,,10.5497,322,0,0.167486,98,0,7,,0.1,18,0,0.1,5,0,0,4.96953,31,,196,240,,0,0,0,3.38889
1613574104272,6,1010123456009,76,,1,2,5,1,2,,10.6342,257,0,0.130956,75,0,7,,0,0,0,0,0,0,0,0,0,,165,196,,0,0,0,0
1613574104522,6,1010123456009,76,,1,2,5,1,2,,12.4796,221,0,0.129124,60,0,8.66667,,0,0,0,0,0,0,0,0,0,,135,157,,0,0,0,0
1613574104772,6,1010123456009,76,,1,2,5,1,2,,10.0923,130,0,0.0708112,41,0,6.75,,0.1,4,0,0.1,1,0,0,0.448071,31,,84,102,,0,0,0,3
1613574105023,6,1010123456009,76,,1,2,5,1,2,,10.7909,220,0,0.113984,64,0,7,,0.1,12,0,0.1,3,66.6667,0,0.673207,0,,137,168,,0,0,0,7.66667
1613574105272,6,1010123456009,76,,1,2,5,1,2,,11.1667,192,0,0.100884,54,0,7,,0,0,0,0,0,0,0,0,0,,125,145,,0,0,0,0
1613574105522,6,1010123456009,76,,1,2,5,1,2,,7.84742,426,20,0.178432,118,0,6,,0,0,0,0,0,0,0,0,0,,353,387,,0,0,0,0
1613574105772,6,1010123456009,76,,1,2,5,1,2,,7.2896,404,0,0.160192,118,0,5.6,,0,0,0,0,0,0,0,0,0,,328,356,,0,0,0,0
1613574106022,6,1010123456009,76,,1,2,5,1,2,,10.7127,275,0,0.141815,81,0,7,,8.83333,36,0,0.1,11,72.7273,0,2.00641,31,,176,208,,0,0,0,7.97222
1613574106272,6,1010123456009,76,,1,2,5,1,2,,11.7882,170,0,0.101976,48,0,8,,0,0,0,0,0,0,0,0,0,,106,126,,0,0,0,0
1613574106522,6,1010123456009,76,,1,2,5,1,2,,10.875,272,0,0.136289,77,0,7,,0,0,0,0,0,0,0,0,0,,177,197,,0,0,0,0
1613574106772,6,1010123456009,76,,1,2,5,1,2,,4.60515,233,0,0.0746024,70,0,6,,0.1,15,0,0.1,4,75,0,0.943045,31,,226,238,,0,0,0,9.4
1613574107022,6,1010123456009,76,,1,2,5,1,2,,10.4743,272,0,0.130442,76,0,7,,0.1,28,0,0.1,9,55.5556,0,0.73646,31,,178,206,,0,0,0,6.46429
1613574107272,6,1010123456009,76,,1,2,5,1,2,,10.2911,237,0,0.113312,65,0,7,,0,0,0,0,0,0,0,0,0,,143,180,,0,0,0,0
1613574107522,6,1010123456009,76,,1,2,5,1,2,,10.3445,238,0,0.130217,75,0,6.75,,0,0,0,0,0,0,0,0,0,,148,180,,0,0,0,0
1613574107772,6,1010123456009,76,,1,2,5,1,2,,11.35,220,0,0.113536,60,0,7.5,,0,0,0,0,0,0,0,0,0,,135,164,,0,0,0,0
1613574108022,6,1010123456009,76,,1,2,5,1,2,,10.4734,188,0,0.108096,59,0,7,,10.4286,28,0,0.1,8,62.5,0,5.79963,31,,119,154,,0,0,0,7.42857
1613574108272,6,1010123456009,76,,1,2,5,1,2,,10.6757,259,20,0.114667,67,0,6.75,,0,0,0,0,0,0,0,0,0,,168,191,,0,0,0,0
1613574108522,6,1010123456009,76,,1,2,5,1,2,,10.9004,241,20,0.134233,75,0,7,,15,12,0,0,4,100,0,1.27774,0,,150,183,,0,0,0,10
1613574108772,6,1010123456009,76,,1,2,5,1,2,,10.6368,201,0,0.104321,59,0,7,,0,0,0,0,0,0,0,0,0,,123,145,,0,0,0,0
1613574109023,6,1010123456009,76,,1,2,5,1,2,,6.84571,350,0,0.122976,98,0,5.8,,0.1,18,0,0.1,5,40,0,0.931879,31,,287,320,,0,0,0,5.88889
1613574109273,6,1010123456009,76,,1,2,5,1,2,,11.0227,264,0,0.13232,74,0,7,,0,0,0,0,0,0,0,0,0,,155,192,,0,0,0,0
1613574109522,6,1010123456009,76,,1,2,5,1,2,,9.43777,233,0,0.103839,65,0,6.33333,,0,0,0,0,0,0,0,0,0,,157,178,,0,0,0,0
1613574109772,6,1010123456009,76,,1,2,5,1,2,,10.0172,233,0,0.118522,75,0,7,,0,0,0,0,0,0,0,0,0,,150,174,,0,0,0,0
1613574110022,6,1010123456009,76,,1,2,5,1,2,,11.0752,133,0,0.0648,36,0,7,,0.1,16,0,0.1,5,40,0,1.24427,31,,84,100,,0,0,0,5.1875
1613574110273,6,1010123456009,76,,1,2,5,1,2,,11.0475,295,155,0.1568,88,0,4,,0.1,4,0,0.1,1,0,0,1.96887,31,,193,220,,0,0,0,1
1613574110523,6,1010123456009,76,,1,2,5,1,2,,9.41195,318,87,0.1368,89,0,7,,0,0,0,0,0,0,0,0,0,,220,245,,0,0,0,0
1613574110772,6,1010123456009,76,,1,2,5,1,2,,7.27411,394,0,0.150972,113,0,5.5,,0,3,0,0.1,1,0,0,0,31,,304,338,,0,0,0,0
1613574111022,6,1010123456009,76,,1,2,5,1,2,,10.4207,164,0,0.0798715,46,0,7,,0.1,25,0,0.1,7,71.4286,0,1.29838,31,,99,125,,0,0,0,8.08
1613574111272,6,1010123456009,76,,1,2,5,1,2,,7.53398,412,72,0.168707,121,0,5.4,,0,0,0,0,0,0,0,0,0,,364,366,,0,0,0,0
1613574111523,6,1010123456009,76,,1,2,5,1,2,,7.14833,209,11,0.067712,59,0,7.25,,0,0,0,0,0,0,0,0,0,,151,161,,0,0,0,0
1613574111773,6,1010123456009,76,,1,2,5,1,2,,11.7596,287,291,0.166208,80,0,7,,0,0,0,0,0,0,0,0,0,,175,215,,0,0,0,0
1613574112022,6,1010123456009,76,,1,2,5,1,2,,10.1362,367,207,0.174811,103,0,6.66667,,0.1,10,0,0.1,3,0,0,1.1017,31,,246,282,,0,0,0,2.9
1613574112272,6,1010123456009,76,,1,2,5,1,2,,11.254,189,0,0.11328,59,0,9.33333,,0.1,4,0,0.1,1,0,0,2.73036,31,,118,138,,0,0,0,1
1613574112522,6,1010123456009,76,,1,2,5,1,2,,10.4661,251,0,0.130185,72,0,7,,0,0,0,0,0,0,0,0,0,,150,195,,0,0,0,0
1613574112773,6,1010123456009,76,,1,2,5,1,2,,6.09195,348,55,0.107936,97,0,5.6,,0,0,0,0,0,0,0,0,0,,272,301,,0,0,0,0
1613574113022,6,1010123456009,76,,1,2,5,1,2,,11.7574,202,0,0.135068,66,0,9.33333,,0.1,28,0,0.1,8,62.5,0,0.837709,31,,130,148,,0,0,0,8.28571
1613574113272,6,1010123456009,76,,1,2,5,1,2,,10.9689,257,0,0.132145,72,0,7,,0,0,0,0,0,0,0,0,0,,165,193,,0,0,0,0
1613574113522,6,1010123456009,76,,1,2,5,1,2,,10.4892,323,0,0.158426,92,0,7,,0,0,0,0,0,0,0,0,0,,206,236,,0,0,0,0
1613574113772,6,1010123456009,76,,1,2,5,1,2,,10.3466,251,0,0.119454,69,0,7,,0,0,0,0,0,0,0,0,0,,157,190,,0,0,0,0
1613574114022,6,1010123456009,76,,1,2,5,1,2,,11.0508,256,0,0.133333,76,0,7,,0.1,20,0,0.1,6,50,0,5.1787,31,,163,189,,0,0,0,5.9
1613574114272,6,1010123456009,76,,1,2,5,1,2,,12.4909,220,115,0.128512,62,0,9.33333,,0,0,0,0,0,0,0,0,0,,141,155,,0,0,0,0
1613574114522,6,1010123456009,76,,1,2,5,1,2,,10.7778,306,0,0.148832,86,0,7,,0,2,0,0.1,1,0,0,0,31,,190,220,,0,0,0,0
1613574114773,6,1010123456009,76,,1,2,5,1,2,,11.1648,182,0,0.10544,58,0,7.57143,,0,0,0,0,0,0,0,0,0,,127,139,,0,0,0,0
1613574115022,6,1010123456009,76,,1,2,5,1,2,,10.2287,188,89,0.0932369,55,0,7,,8.10256,39,0,0.1,11,72.7273,0,3.6339,31,,124,148,,0,0,0,7.46154
1613574115272,6,1010123456009,76,,1,2,5,1,2,,10.575,280,0,0.130474,74,0,7,,0,0,0,0,0,0,0,0,0,,172,209,,0,0,0,0
1613574115523,6,1010123456009,76,,1,2,5,1,2,,10.1518,257,0,0.140768,80,0,6.66667,,0,0,0,0,0,0,0,0,0,,159,201,,0,0,0,0
1613574115772,6,1010123456009,76,,1,2,5,1,2,,11.1767,232,0,0.125012,67,0,7.5,,0,0,0,0,0,0,0,0,0,,147,172,,0,0,0,0
1613574116022,6,1010123456009,76,,1,2,5,1,2,,10.7877,292,0,0.151936,83,0,7,,0.1,24,0,0.1,7,28.5714,0,1.80252,31,,190,223,,0,0,0,3.41667
1613574116272,6,1010123456009,76,,1,2,5,1,2,,10.8973,224,0,0.106827,60,0,7.25,,0,0,0,0,0,0,0,0,0,,142,165,,0,0,0,0
1613574116522,6,1010123456009,76,,1,2,5,1,2,,13.2444,180,0,0.12,52,0,8.5,,0,0,0,0,0,0,0,0,0,,108,130,,0,0,0,0
1613574116773,6,1010123456009,76,,1,2,5,1,2,,8.12384,323,44,0.137052,92,0,7.14286,,0,0,0,0,0,0,0,0,0,,242,264,,0,0,0,0
1613574117022,6,1010123456009,76,,1,2,5,1,2,,6.44128,281,0,0.0990843,83,0,5.5,,0.1,18,0,0.1,5,40,0,4.27372,31,,195,224,,0,0,0,6.11111
1613574117272,6,1010123456009,76,,1,2,5,1,2,,12.0158,253,0,0.143293,74,0,10.5,,0,0,0,0,0,0,0,0,0,,160,179,,0,0,0,0
1613574117523,6,1010123456009,76,,1,2,5,1,2,,3.52196,387,744,0.089056,104,0,3.5,,0,0,0,0,0,0,0,0,0,,416,412,,0,0,0,0
1613574117773,6,1010123456009,76,,1,2,5,1,2,,10.459,244,0,0.13136,77,0,7,,0,0,0,0,0,0,0,0,0,,177,194,,0,0,0,0
1613574118022,6,1010123456009,76,,1,2,5,1,2,,10.3633,289,0,0.141912,83,0,6.75,,15,13,0,0,4,100,0,0.1,0,,193,218,,0,0,0,10
1613574118273,6,1010123456009,76,,1,2,5,1,2,,10.2482,141,0,0.0596016,34,0,7,,0,0,0,0,0,0,0,0,0,,86,107,,0,0,0,0
1613574118522,6,1010123456009,76,,1,2,5,1,2,,8.07463,268,0,0.119486,82,0,5.6,,0,0,0,0,0,0,0,0,0,,206,233,,0,0,0,0
1613574118772,6,1010123456009,76,,1,2,5,1,2,,13.1839,223,0,0.142137,63,0,8.6,,0,0,0,0,0,0,0,0,0,,136,165,,0,0,0,0
1613574119022,6,1010123456009,76,,1,2,5,1,2,,11.7553,188,0,0.112576,56,0,7,,0,12,0,0,4,100,0,0,0,,111,138,,0,0,0,0
1613574119273,6,1010123456009,76,,1,2,5,1,2,,10.5376,173,0,0.0864064,49,0,7,,0,0,0,0,0,0,0,0,0,,101,130,,0,0,0,0
1613574119522,6,1010123456009,76,,1,2,5,1,2,,7.72289,249,0,0.10612,71,0,8.8,,0,6,0,0.1,2,50,0,0,31,,217,226,,0,0,0,0
1613574119772,6,1010123456009,76,,1,2,5,1,2,,10.5714,245,87,0.120964,69,0,7,,0,0,0,0,0,0,0,0,0,,151,180,,0,0,0,0
1613574120022,6,1010123456009,76,,1,2,5,1,2,,10.65,240,0,0.124048,70,0,9,,0.1,17,0,0.1,5,40,0,1.65994,31,,154,182,,0,0,0,7
1613574120273,6,1010123456009,76,,1,2,5,1,2,,11.3556,225,0,0.129216,63,0,7,,0,0,0,0,0,0,0,0,0,,135,170,,0,0,0,0
1613574120522,6,1010123456009,76,,1,2,5,1,2,,12.2825,223,0,0.140241,65,0,9,,0,0,0,0,0,0,0,0,0,,135,167,,0,0,0,0
1613574120772,6,1010123456009,76,,1,2,5,1,2,,11.5404,198,0,0.118144,59,0,7,,0,0,0,0,0,0,0,0,0,,124,147,,0,0,0,0
1613574121022,6,1010123456009,76,,1,2,5,1,2,,9.22878,271,0,0.115808,79,0,6.6,,6.13043,23,0,0.1,7,57.1429,0,12.2469,31,,182,203,,0,0,0,6
1613574121272,6,1010123456009,76,,1,2,5,1,2,,8.2381,294,44,0.1208,83,0,5.6,,0,0,0,0,0,0,0,0,0,,231,248,,0,0,0,0
1613574121522,6,1010123456009,76,,1,2,5,1,2,,11.2705,207,0,0.124016,62,0,8.33333,,0,0,0,0,0,0,0,0,0,,127,160,,0,0,0,0
1613574121772,6,1010123456009,76,,1,2,5,1,2,,11.3506,231,0,0.118779,60,0,8,,0,0,0,0,0,0,0,0,0,,162,175,,0,0,0,0
1613574122023,6,1010123456009,76,,1,2,5,1,2,,11.5232,237,0,0.140224,73,0,8,,13.2857,7,0,0.1,2,0,0,29.1489,31,,141,176,,0,0,0,1
1613574122273,6,1010123456009,76,,1,2,5,1,2,,11.1135,185,0,0.102784,54,0,7,,0,0,0,0,0,0,0,0,0,,109,138,,0,0,0,0
1613574122522,6,1010123456009,76,,1,2,5,1,2,,11.1602,362,0,0.189622,101,0,7.2,,0,0,0,0,0,0,0,0,0,,235,271,,0,0,0,0
1613574122772,6,1010123456009,76,,1,2,5,1,2,,10.9377,273,0,0.144736,80,0,7.14286,,0,0,0,0,0,0,0,0,0,,171,200,,0,0,0,0
1613574123023,6,1010123456009,76,,1,2,5,1,2,,11.43,207,0,0.10944,59,0,7.5,,13.7143,7,0,0.1,2,0,0,31.2385,31,,132,153,,0,0,0,1
1613574123272,6,1010123456009,76,,1,2,5,1,2,,11.7167,233,0,0.135036,69,0,7.6,,0,0,0,0,0,0,0,0,0,,144,171,,0,0,0,0
1613574123522,6,1010123456009,76,,1,2,5,1,2,,11.3989,188,89,0.096896,51,0,7.8,,0,0,0,0,0,0,0,0,0,,115,142,,0,0,0,0
1613574123773,6,1010123456009,76,,1,2,5,1,2,,11.0702,228,127,0.113568,62,0,7,,0,0,0,0,0,0,0,0,0,,141,173,,0,0,0,0
1613574124022,6,1010123456009,76,,1,2,5,1,2,,10.7903,186,0,0.11396,60,0,7.66667,,0,12,0,0,4,100,0,0,0,,120,143,,0,0,0,0
1613574124272,6,1010123456009,76,,1,2,5,1,2,,10.42,150,0,0.0762088,43,0,7.25,,0,0,0,0,0,0,0,0,0,,93,112,,0,0,0,0
1613574124522,6,1010123456009,76,,1,2,5,1,2,,10.6438,233,0,0.113863,66,0,7,,0,0,0,0,0,0,0,0,0,,142,168,,0,0,0,0
1613574124773,6,1010123456009,76,,1,2,5,1,2,,11.1259,278,0,0.14128,77,0,7.2,,0,0,0,0,0,0,0,0,0,,169,205,,0,0,0,0
1613574125022,6,1010123456009,76,,1,2,5,1,2,,9.95977,174,0,0.077012,48,0,7,,0.1,20,0,0.1,6,50,0,1.26453,31,,114,132,,0,0,0,5.8
1613574125272,6,1010123456009,76,,1,2,5,1,2,,11.0747,281,0,0.156448,84,0,7,,0,0,0,0,0,0,0,0,0,,170,214,,0,0,0,0
1613574125522,6,1010123456009,76,,1,2,5,1,2,,7.22392,393,0,0.139808,112,0,5.6,,0,0,0,0,0,0,0,0,0,,312,327,,0,0,0,0
1613574125773,6,1010123456009,76,,1,2,5,1,2,,10.7715,267,0,0.151392,82,0,7.16667,,0,0,0,0,0,0,0,0,0,,173,202,,0,0,0,0
1613574126022,6,1010123456009,76,,1,2,5,1,2,,10.6707,246,0,0.119486,67,0,7,,7.90244,41,0,0.1,13,69.2308,0,3.07115,31,,153,186,,0,0,0,7.58537
1613574126272,6,1010123456009,76,,1,2,5,1,2,,11.8368,288,201,0.157108,79,0,7.66667,,0,0,0,0,0,0,0,0,0,,186,213,,0,0,0,0
1613574126522,6,1010123456009,76,,1,2,5,1,2,,7.01804,388,89,0.152161,117,0,5.83333,,0,0,0,0,0,0,0,0,0,,309,346,,0,0,0,0
1613574126773,6,1010123456009,76,,1,2,5,1,2,,12.148,196,0,0.11439,54,0,7.83333,,0,0,0,0,0,0,0,0,0,,119,142,,0,0,0,0
1613574127022,6,1010123456009,76,,1,2,5,1,2,,10.5769,234,0,0.121799,72,0,7,,0.1,17,0,0.1,5,40,0,0.981073,31,,147,172,,0,0,0,6.47059
1613574127272,6,1010123456009,76,,1,2,5,1,2,,11.1181,237,0,0.117024,63,0,7,,0,0,0,0,0,0,0,0,0,,146,178,,0,0,0,0
1613574127522,6,1010123456009,76,,1,2,5,1,2,,10.9408,287,0,0.147936,84,0,7,,0,0,0,0,0,0,0,0,0,,174,213,,0,0,0,0
1613574127773,6,1010123456009,76,,1,2,5,1,2,,10.3204,181,0,0.092416,55,0,6.83333,,0,0,0,0,0,0,0,0,0,,115,135,,0,0,0,0
1613574128022,6,1010123456009,76,,1,2,5,1,2,,11.0886,158,0,0.0869398,49,0,9,,0.1,23,0,0.1,7,42.8571,0,6.84156,31,,112,122,,0,0,0,5.08696
1613574128272,6,1010123456009,76,,1,2,5,1,2,,10.8768,211,0,0.102908,59,0,7,,0,0,0,0,0,0,0,0,0,,138,158,,0,0,0,0
1613574128523,6,1010123456009,76,,1,2,5,1,2,,10.542,238,0,0.109376,67,0,7.25,,0,0,0,0,0,0,0,0,0,,149,167,,0,0,0,0
1613574128772,6,1010123456009,76,,1,2,5,1,2,,10.795,200,158,0.108177,61,0,7,,0,0,0,0,0,0,0,0,0,,124,149,,0,0,0,0
1613574129022,6,1010123456009,76,,1,2,5,1,2,,12.1522,184,0,0.114345,52,0,8.66667,,16,15,0,0,4,100,0,0.475427,0,,111,142,,0,0,0,10
1613574129272,6,1010123456009,76,,1,2,5,1,2,,10.236,178,0,0.08752,51,0,7,,0.1,7,0,0.1,2,0,0,0.982851,31,,109,134,,0,0,0,2.14286
1613574129522,6,1010123456009,76,,1,2,5,1,2,,10.8178,236,0,0.126848,70,0,7,,0,0,0,0,0,0,0,0,0,,150,181,,0,0,0,0
1613574129772,6,1010123456009,76,,1,2,5,1,2,,10.4739,249,0,0.11824,67,0,7.4,,0,0,0,0,0,0,0,0,0,,155,186,,0,0,0,0
1613574130022,6,1010123456009,76,,1,2,5,1,2,,10.8388,273,0,0.141056,80,0,7,,0.1,19,0,0.1,5,40,0,1.55653,31,,180,207,,0,0,0,5.42105
1613574130272,6,1010123456009,76,,1,2,5,1,2,,10.4433,194,0,0.0931406,55,0,7,,0,0,0,0,0,0,0,0,0,,123,150,,0,0,0,0
1613574130522,6,1010123456009,76,,1,2,5,1,2,,10.8552,297,0,0.159133,89,0,7,,0,0,0,0,0,0,0,0,0,,183,221,,0,0,0,0
1613574130772,6,1010123456009,76,,1,2,5,1,2,,10.9493,276,115,0.14506,82,0,7,,0,0,0,0,0,0,0,0,0,,173,206,,0,0,0,0
1613574131023,6,1010123456009,76,,1,2,5,1,2,,9.80934,257,108,0.114784,72,0,6.6,,9.60526,38,0,0.1,11,72.7273,0,5.7139,31,,174,199,,0,0,0,7.39474
1613574131272,6,1010123456009,76,,1,2,5,1,2,,10.7204,186,0,0.0980241,57,0,7,,0,0,0,0,0,0,0,0,0,,115,134,,0,0,0,0
1613574131522,6,1010123456009,76,,1,2,5,1,2,,9.91667,420,72,0.186217,114,0,6,,0,0,0,0,0,0,0,0,0,,289,319,,0,0,0,0
1613574131772,6,1010123456009,76,,1,2,5,1,2,,10.8246,211,0,0.108224,61,0,7,,0,0,0,0,0,0,0,0,0,,133,158,,0,0,0,0
1613574132022,6,1010123456009,76,,1,2,5,1,2,,10.97,267,0,0.146859,82,0,7.25,,0,12,0,0,4,100,0,0,0,,175,200,,0,0,0,0
1613574132273,6,1010123456009,76,,1,2,5,1,2,,10.371,248,0,0.119616,73,0,6.75,,0,0,0,0,0,0,0,0,0,,164,181,,0,0,0,0
1613574132522,6,1010123456009,76,,1,2,5,1,2,,7.85015,347,277,0.132916,94,0,6.2,,0.1,13,0,0,4,100,0,0.1,0,,243,272,,0,0,0,10
1613574132772,6,1010123456009,76,,1,2,5,1,2,,10.4305,295,0,0.143293,90,0,6.25,,0,0,0,0,0,0,0,0,0,,195,216,,0,0,0,0
1613574133023,6,1010123456009,76,,1,2,5,1,2,,9.90763,249,83,0.11088,68,0,6.83333,,0.1,29,0,0.1,8,62.5,0,0.901385,31,,164,189,,0,0,0,7.31034
1613574133272,6,1010123456009,76,,1,2,5,1,2,,11.0109,184,0,0.0961928,53,0,8.25,,0,0,0,0,0,0,0,0,0,,112,130,,0,0,0,0
1613574133522,6,1010123456009,76,,1,2,5,1,2,,10.6602,256,0,0.130538,74,0,6.66667,,0,0,0,0,0,0,0,0,0,,169,194,,0,0,0,0
1613574133773,6,1010123456009,76,,1,2,5,1,2,,11.1023,215,0,0.119296,65,0,7.25,,0,0,0,0,0,0,0,0,0,,134,157,,0,0,0,0
1613574134023,6,1010123456009,76,,1,2,5,1,2,,7.82264,265,125,0.092384,70,0,7.2,,0.1,11,0,0.1,3,0,0,0.943503,31,,191,210,,0,0,0,4.72727
1613574134272,6,1010123456009,76,,1,2,5,1,2,,9.9801,201,0,0.106185,64,0,6.66667,,0,0,0,0,0,0,0,0,0,,125,145,,0,0,0,0
1613574134522,6,1010123456009,76,,1,2,5,1,2,,11.2105,133,0,0.070304,38,0,7.66667,,0,0,0,0,0,0,0,0,0,,84,99,,0,0,0,0
1613574134772,6,1010123456009,76,,1,2,5,1,2,,10.6327,226,0,0.113896,65,0,5.8,,0,0,0,0,0,0,0,0,0,,146,169,,0,0,0,0
1613574135022,6,1010123456009,76,,1,2,5,1,2,,4.71515,330,0,0.103647,96,0,7.25,,0.1,14,0,0.1,4,0,0,2.14527,31,,327,331,,0,0,0,2.5
1613574135272,6,1010123456009,76,,1,2,5,1,2,,11.4191,241,0,0.136032,70,0,9,,0,6,0,0.1,2,50,0,0,31,,158,186,,0,0,0,0
1613574135522,6,1010123456009,76,,1,2,5,1,2,,11.2088,182,0,0.102554,50,0,8.66667,,0,0,0,0,0,0,0,0,0,,119,138,,0,0,0,0
1613574135772,6,1010123456009,76,,1,2,5,1,2,,10.6814,226,158,0.108948,62,0,7,,0,0,0,0,0,0,0,0,0,,135,171,,0,0,0,0
1613574136022,6,1010123456009,76,,1,2,5,1,2,,10.4,200,0,0.113088,62,0,7,,0.1,29,0,0.1,8,50,0,4.40744,31,,125,162,,0,0,0,6.27586
1613574136272,6,1010123456009,76,,1,2,5,1,2,,11.1731,283,122,0.137992,76,0,7.25,,0,0,0,0,0,0,0,0,0,,179,211,,0,0,0,0
1613574136523,6,1010123456009,76,,1,2,5,1,2,,10.7609,230,0,0.132832,74,0,7,,0,0,0,0,0,0,0,0,0,,146,171,,0,0,0,0
1613574136772,6,1010123456009,76,,1,2,5,1,2,,10.6017,231,0,0.11412,63,0,8,,0,0,0,0,0,0,0,0,0,,158,175,,0,0,0,0
1613574137023,6,1010123456009,76,,1,2,5,1,2,,10.525,120,89,0.06496,38,0,7,,15,16,0,0,4,100,0,1.22751,0,,79,93,,0,0,0,10
1613574137272,6,1010123456009,76,,1,2,5,1,2,,10.9375,256,0,0.135582,72,0,7.75,,0,0,0,0,0,0,0,0,0,,152,194,,0,0,0,0
1613574137522,6,1010123456009,76,,1,2,5,1,2,,8.84445,270,0,0.115888,79,0,6.33333,,0,0,0,0,0,0,0,0,0,,197,220,,0,0,0,0
1613574137772,6,1010123456009,76,,1,2,5,1,2,,5.87814,279,0,0.09056,80,0,5.6,,0,0,0,0,0,0,0,0,0,,220,254,,0,0,0,0
1613574138022,6,1010123456009,76,,1,2,5,1,2,,10.7073,246,0,0.125024,71,0,6.66667,,0,3,0,0.1,1,0,0,0,0,,157,184,,0,0,0,0
1613574138272,6,1010123456009,76,,1,2,5,1,2,,13.7476,210,0,0.146924,58,0,9.25,,0,0,0,0,0,0,0,0,0,,130,151,,0,0,0,0
1613574138522,6,1010123456009,76,,1,2,5,1,2,,10.4933,300,0,0.147712,88,0,7,,0,0,0,0,0,0,0,0,0,,193,215,,0,0,0,0
1613574138773,6,1010123456009,76,,1,2,5,1,2,,9.61832,262,0,0.1229,78,0,6.75,,0,0,0,0,0,0,0,0,0,,177,203,,0,0,0,0
1613574139022,6,1010123456009,76,,1,2,5,1,2,,11.5138,181,87,0.109944,53,0,8.8,,13.2857,7,0,0.1,2,0,0,24.8846,31,,113,140,,0,0,0,1
1613574139272,6,1010123456009,76,,1,2,5,1,2,,11.1379,174,0,0.091759,50,0,7,,0,12,0,0,4,100,0,0,0,,113,135,,0,0,0,0
1613574139522,6,1010123456009,76,,1,2,5,1,2,,5.3064,594,0,0.175839,166,0,5.5,,0,0,0,0,0,0,0,0,0,,542,554,,0,0,0,0
1613574139772,6,1010123456009,76,,1,2,5,1,2,,11.7155,239,0,0.138281,70,0,8,,0,0,0,0,0,0,0,0,0,,154,177,,0,0,0,0
1613574140022,6,1010123456009,76,,1,2,5,1,2,,10.6389,180,158,0.102464,55,0,7,,0.1,13,0,0,4,100,0,0.916956,0,,111,145,,0,0,0,10
1613574140272,6,1010123456009,76,,1,2,5,1,2,,7.06061,396,0,0.15056,117,0,5.5,,1.44444,27,0,0.1,8,50,0,4.28883,31,,315,330,,0,0,0,6.33333
1613574140522,6,1010123456009,76,,1,2,5,1,2,,6.62081,298,0,0.101076,82,0,5.5,,5.85,20,0,0.1,6,50,0,1.55,31,,229,260,,0,0,0,5.25
1613574140773,6,1010123456009,76,,1,2,5,1,2,,10.6667,309,115,0.1549,91,0,6.83333,,0,12,0,0,4,100,0,0,0,,204,230,,0,0,0,0
1613574141022,6,1010123456009,76,,1,2,5,1,2,,11.0358,307,0,0.15396,86,0,7,,0.1,13,0,0.1,4,25,0,1.42114,31,,200,225,,0,0,0,6.23077
1613574141272,6,1010123456009,76,,1,2,5,1,2,,10.508,187,0,0.0981847,57,0,7,,0,0,0,0,0,0,0,0,0,,121,138,,0,0,0,0
1613574141522,6,1010123456009,76,,1,2,5,1,2,,10.7707,157,0,0.0810924,46,0,7,,0,6,0,0.1,2,50,0,0,31,,102,119,,0,0,0,0
1613574141773,6,1010123456009,76,,1,2,5,1,2,,11.0496,262,0,0.125131,68,0,8.33333,,0,0,0,0,0,0,0,0,0,,167,198,,0,0,0,0
1613574142022,6,1010123456009,76,,1,2,5,1,2,,11.0395,329,0,0.177124,97,0,7.4,,0.1,17,0,0.1,5,40,0,1.12367,31,,208,243,,0,0,0,6
1613574142272,6,1010123456009,76,,1,2,5,1,2,,10.4631,244,0,0.130208,77,0,6.8,,0,0,0,0,0,0,0,0,0,,152,181,,0,0,0,0
1613574142522,6,1010123456009,76,,1,2,5,1,2,,10.9871,232,0,0.114144,63,0,7,,0,0,0,0,0,0,0,0,0,,141,169,,0,0,0,0
1613574142772,6,1010123456009,76,,1,2,5,1,2,,11.0043,233,0,0.129349,70,0,7,,0,3,0,0.1,1,0,0,0,31,,154,178,,0,0,0,0
1613574143023,6,1010123456009,76,,1,2,5,1,2,,10.6073,247,0,0.123857,72,0,6.66667,,0.1,16,0,0,4,100,0,1.46466,0,,152,186,,0,0,0,10
1613574143272,6,1010123456009,76,,1,2,5,1,2,,11.8248,234,0,0.130635,65,0,9.5,,0.1,11,0,0.1,3,0,0,1.2461,31,,148,175,,0,0,0,2.27273
1613574143522,6,1010123456009,76,,1,2,5,1,2,,10.7932,237,0,0.130217,71,0,7,,0,0,0,0,0,0,0,0,0,,148,180,,0,0,0,0
1613574143773,6,1010123456009,76,,1,2,5,1,2,,11.2407,241,0,0.120896,65,0,8.4,,0,0,0,0,0,0,0,0,0,,155,179,,0,0,0,0
1613574144023,6,1010123456009,76,,1,2,5,1,2,,8.3109,312,0,0.130464,92,0,5.5,,0.1,11,0,0.1,3,0,0,0.907547,31,,214,239,,0,0,0,4.09091
1613574144272,6,1010123456009,76,,1,2,5,1,2,,10.5959,292,0,0.145735,85,0,7,,0,0,0,0,0,0,0,0,0,,191,214,,0,0,0,0
1613574144522,6,1010123456009,76,,1,2,5,1,2,,6.6263,289,0,0.097184,82,0,6,,0,0,0,0,0,0,0,0,0,,230,251,,0,0,0,0
1613574144772,6,1010123456009,76,,1,2,5,1,2,,11,190,0,0.097536,58,0,7,,0,0,0,0,0,0,0,0,0,,120,135,,0,0,0,0
1613574145022,6,1010123456009,76,,1,2,5,1,2,,11.3718,312,0,0.167136,88,0,10,,0.1,13,0,0.1,4,0,0,1.7337,31,,193,236,,0,0,0,3.38462
1613574145273,6,1010123456009,76,,1,2,5,1,2,,11.142,176,0,0.101673,53,0,7,,0,0,0,0,0,0,0,0,0,,114,133,,0,0,0,0
1613574145523,6,1010123456009,76,,1,2,5,1,2,,10.6988,259,22,0.124224,71,0,7,,0,0,0,0,0,0,0,0,0,,168,199,,0,0,0,0
1613574145772,6,1010123456009,76,,1,2,5,1,2,,10.6697,333,0,0.173687,97,0,7,,0,0,0,0,0,0,0,0,0,,209,247,,0,0,0,0
1613574146023,6,1010123456009,76,,1,2,5,1,2,,10.897,165,0,0.09728,53,0,7,,0.1,22,0,0.1,6,50,0,1.03453,31,,108,133,,0,0,0,7.81818
1613574146272,6,1010123456009,76,,1,2,5,1,2,,10.8153,249,0,0.124305,68,0,7.2,,0,0,0,0,0,0,0,0,0,,153,188,,0,0,0,0
1613574146523,6,1010123456009,76,,1,2,5,1,2,,16.9671,152,0,0.141896,45,0,11,,0,0,0,0,0,0,0,0,0,,88,105,,0,0,0,0
1613574146772,6,1010123456009,76,,1,2,5,1,2,,10.9813,268,0,0.147213,80,0,7.16667,,0,0,0,0,0,0,0,0,0,,170,203,,0,0,0,0
1613574147022,6,1010123456009,76,,1,2,5,1,2,,10.6647,170,0,0.086304,49,0,5.5,,0.1,12,0,0.1,4,0,0,9.91187,31,,103,127,,0,0,0,1.75
1613574147272,6,1010123456009,76,,1,2,5,1,2,,8.49528,212,0,0.108608,60,0,8.5,,0,0,0,0,0,0,0,0,0,,169,187,,0,0,0,0
1613574147523,6,1010123456009,76,,1,2,5,1,2,,11.0538,223,1,0.108064,62,0,7,,0,0,0,0,0,0,0,0,0,,144,162,,0,0,0,0
1613574147773,6,1010123456009,76,,1,2,5,1,2,,11.018,334,0,0.170176,93,0,7,,0,0,0,0,0,0,0,0,0,,204,248,,0,0,0,0
1613574148023,6,1010123456009,76,,1,2,5,1,2,,6.83668,349,20,0.13104,101,0,5.25,,0.272727,22,0,0.1,6,66.6667,0,1.12919,31,,291,322,,0,0,0,7.81818
1613574148273,6,1010123456009,76,,1,2,5,1,2,,10.831,284,0,0.151424,86,0,7,,0,0,0,0,0,0,0,0,0,,176,208,,0,0,0,0
1613574148522,6,1010123456009,76,,1,2,5,1,2,,6.94175,309,0,0.101558,85,0,4,,0,0,0,0,0,0,0,0,0,,248,269,,0,0,0,0
1613574148772,6,1010123456009,76,,1,2,5,1,2,,10.8929,168,0,0.088864,51,0,7,,0,0,0,0,0,0,0,0,0,,106,129,,0,0,0,0
1613574149022,6,1010123456009,76,,1,2,5,1,2,,11.3013,302,0,0.160864,87,0,7,,0.1,19,0,0.1,5,20,0,5.72604,31,,199,228,,0,0,0,2.89474
1613574149272,6,1010123456009,76,,1,2,5,1,2,,10.6188,223,0,0.11888,68,0,7,,0,9,0,0,3,100,0,0,0,,140,171,,0,0,0,0
1613574149522,6,1010123456009,76,,1,2,5,1,2,,11.0944,180,0,0.0916305,52,0,7,,0,3,0,0,1,100,0,0,0,,115,130,,0,0,0,0
1613574149772,6,1010123456009,76,,1,2,5,1,2,,10.5736,197,0,0.0979277,56,0,6.2,,0.1,4,0,0.1,1,0,0,1.80424,31,,121,146,,0,0,0,1
1613574150022,6,1010123456009,76,,1,2,5,1,2,,8.55799,457,0,0.182972,129,0,7,,7.90909,11,0,0.1,3,0,0,31.716,31,,316,348,,0,0,0,1
1613574150272,6,1010123456009,76,,1,2,5,1,2,,10.9193,223,0,0.116627,65,0,7,,0,1,0,0.1,1,0,0,0,31,,140,165,,0,0,0,0
1613574150522,6,1010123456009,76,,1,2,5,1,2,,10.6913,230,177,0.113189,64,0,7,,0,0,0,0,0,0,0,0,0,,143,177,,0,0,0,0
1613574150772,6,1010123456009,76,,1,2,5,1,2,,10.7069,174,0,0.0963534,54,0,7,,0,0,0,0,0,0,0,0,0,,115,127,,0,0,0,0
1613574151022,6,1010123456009,76,,1,2,5,1,2,,11.4911,169,72,0.092128,48,0,7,,15,13,0,0,4,100,0,0.877197,0,,109,128,,0,0,0,10
1613574151272,6,1010123456009,76,,1,2,5,1,2,,10.1864,295,177,0.136704,85,0,6.75,,0,0,0,0,0,0,0,0,0,,198,220,,0,0,0,0
1613574151522,6,1010123456009,76,,1,2,5,1,2,,5.75733,375,0,0.119936,110,0,5,,0,12,0,0,4,100,0,0,0,,354,363,,0,0,0,0
1613574151772,6,1010123456009,76,,1,2,5,1,2,,11.4293,198,0,0.117984,57,0,9,,0,0,0,0,0,0,0,0,0,,122,153,,0,0,0,0
1613574152022,6,1010123456009,76,,1,2,5,1,2,,10.8986,296,0,0.147598,84,0,7,,0.1,42,0,0.1,12,66.6667,0,1.42822,31,,192,226,,0,0,0,7.2381
1613574152272,6,1010123456009,76,,1,2,5,1,2,,10.6667,240,0,0.125108,68,0,7,,0,0,0,0,0,0,0,0,0,,148,182,,0,0,0,0
1613574152522,6,1010123456009,76,,1,2,5,1,2,,10.9683,221,0,0.113606,63,0,7,,0,0,0,0,0,0,0,0,0,,136,162,,0,0,0,0
1613574152772,6,1010123456009,76,,1,2,5,1,2,,10.8974,234,0,0.123984,67,0,7,,0,0,0,0,0,0,0,0,0,,143,177,,0,0,0,0
1613574153022,6,1010123456009,76,,1,2,5,1,2,,10.4878,246,0,0.120353,71,0,7.25,,0.857143,28,0,0.1,7,57.1429,0,1.27347,31,,162,184,,0,0,0,7.14286
1613574153272,6,1010123456009,76,,1,2,5,1,2,,10.3421,228,0,0.11408,66,0,7.33333,,0.1,12,0,0,3,100,0,0.183456,0,,151,174,,0,0,0,10
1613574153522,6,1010123456009,76,,1,2,5,1,2,,10.6491,265,89,0.132352,76,0,7,,0,0,0,0,0,0,0,0,0,,168,197,,0,0,0,0
1613574153772,6,1010123456009,76,,1,2,5,1,2,,10.792,250,158,0.133408,77,0,8.5,,0,0,0,0,0,0,0,0,0,,158,187,,0,0,0,0
1613574154022,6,1010123456009,76,,1,2,5,1,2,,12.7538,195,158,0.12816,55,0,7,,6.78261,23,0,0.1,7,57.1429,0,7.95401,31,,124,148,,0,0,0,6.47826
1613574154272,6,1010123456009,76,,1,2,5,1,2,,11.096,250,0,0.135422,74,0,7,,0,0,0,0,0,0,0,0,0,,160,183,,0,0,0,0
1613574154523,6,1010123456009,76,,1,2,5,1,2,,10.5844,231,89,0.114016,67,0,7,,0,0,0,0,0,0,0,0,0,,158,177,,0,0,0,0
1613574154773,6,1010123456009,76,,1,2,5,1,2,,9.81459,329,0,0.148032,94,0,6.75,,0,0,0,0,0,0,0,0,0,,194,240,,0,0,0,0
1613574155022,6,1010123456009,76,,1,2,5,1,2,,10.2403,258,0,0.12,70,0,6.75,,0.1,33,0,0.1,10,60,0,0.795453,31,,172,204,,0,0,0,6.39394
1613574155272,6,1010123456009,76,,1,2,5,1,2,,8.31379,290,232,0.125751,80,0,6.6,,0,0,0,0,0,0,0,0,0,,203,232,,0,0,0,0
1613574155522,6,1010123456009,76,,1,2,5,1,2,,9.46154,364,310,0.160416,108,0,6.75,,0,0,0,0,0,0,0,0,0,,260,283,,0,0,0,0
1613574155772,6,1010123456009,76,,1,2,5,1,2,,10.7772,202,0,0.113344,63,0,7,,0,6,0,0.1,2,50,0,0,31,,129,151,,0,0,0,0
1613574156022,6,1010123456009,76,,1,2,5,1,2,,6.59136,301,0,0.11216,92,0,6,,14.561,82,0,0.177568,25,80,0,5.14591,31,,270,295,,0,0,0,8.36585
1613574156273,6,1010123456009,76,,1,2,5,1,2,,9.66242,157,0,0.06576,42,0,6.5,,0,0,0,0,0,0,0,0,0,,104,126,,0,0,0,0
1613574156522,6,1010123456009,76,,1,2,5,1,2,,10.1287,101,0,0.0493494,32,0,6.75,,0,0,0,0,0,0,0,0,0,,63,68,,0,0,0,0
1613574156772,6,1010123456009,76,,1,2,5,1,2,,0,0,0,0,0,0,4,,0,0,0,0,0,0,0,0,0,,0,0,,0,0,0,0
1613574157022,6,1010123456009,76,,1,2,5,1,2,,0,0,0,0,0,0,7,,0,0,0,0,0,0,0,0,0,,0,0,,0,0,0,0
1613574157272,6,1010123456009,76,,1,2,5,1,2,,0,0,0,0,0,0,6.5,,0,0,0,0,0,0,0,0,0,,0,0,,0,0,0,0
1613574157522,6,1010123456009,76,,1,2,5,1,2,,0,0,0,0,0,0,7,,0,0,0,0,0,0,0,0,0,,0,0,,0,0,0,0
1613574157772,6,1010123456009,76,,1,2,5,1,2,,0,0,0,0,0,0,7,,0,0,0,0,0,0,0,0,0,,0,0,,0,0,0,0
1613574158022,6,1010123456009,76,,1,2,5,1,2,,0,0,0,0,0,0,7,,0,0,0,0,0,0,0,0,0,,0,0,,0,0,0,0
1613574158272,6,1010123456009,76,,1,2,5,1,2,,0,0,0,0,0,0,7,,0,0,0,0,0,0,0,0,0,,0,0,,0,0,0,0
1613574158522,6,1010123456009,76,,1,2,5,1,2,,0,0,0,0,0,0,7,,0,0,0,0,0,0,0,0,0,,0,0,,0,0,0,0
1613574158772,6,1010123456009,76,,1,2,5,1,2,,0,0,0,0,0,0,7,,0,0,0,0,0,0,0,0,0,,0,0,,0,0,0,0
1613574159022,6,1010123456009,76,,1,2,5,1,2,,0,0,0,0,0,0,4,,0,0,0,0,0,0,0,0,0,,0,0,,0,0,0,0
1613574159272,6,1010123456009,76,,1,2,5,1,2,,0,0,0,0,0,0,7,,0,0,0,0,0,0,0,0,0,,0,0,,0,0,0,0
1613574159522,6,1010123456009,76,,1,2,5,1,2,,0,0,0,0,0,0,7,,0,0,0,0,0,0,0,0,0,,0,0,,0,0,0,0
1613574159772,6,1010123456009,76,,1,2,5,1,2,,0,0,0,0,0,0,8.5,,0,0,0,0,0,0,0,0,0,,0,0,,0,0,0,0
1613574160022,6,1010123456009,76,,1,2,5,1,2,,0,0,0,0,0,0,9,,0,0,0,0,0,0,0,0,0,,0,0,,0,0,0,0
1613574160272,6,1010123456009,76,,1,2,5,1,2,,0,0,0,0,0,0,7,,0,0,0,0,0,0,0,0,0,,0,0,,0,0,0,0
1613574160522,6,1010123456009,76,,1,2,5,1,2,,0,0,0,0,0,0,7,,0,0,0,0,0,0,0,0,0,,0,0,,0,0,0,0
1613574160772,6,1010123456009,76,,1,2,5,1,2,,0,0,0,0,0,0,8,,0,0,0,0,0,0,0,0,0,,0,0,,0,0,0,0
1613574161022,6,1010123456009,76,,1,2,5,1,2,,0,0,0,0,0,0,7,,0,0,0,0,0,0,0,0,0,,0,0,,0,0,0,0
1613574161272,6,1010123456009,76,,1,2,5,1,2,,0,0,0,0,0,0,0.5,,0,0,0,0,0,0,0,0,0,,0,0,,0,0,0,0
1613574161522,6,1010123456009,76,,1,2,5,1,2,,0,0,0,0,0,0,7,,0,0,0,0,0,0,0,0,0,,0,0,,0,0,0,0
1613574161772,6,1010123456009,76,,1,2,5,1,2,,0,0,0,0,0,0,7,,0,0,0,0,0,0,0,0,0,,0,0,,0,0,0,0
1613574162022,6,1010123456009,76,,1,2,5,1,2,,0,0,0,0,0,0,7,,0,0,0,0,0,0,0,0,0,,0,0,,0,0,0,0
1613574162272,6,1010123456009,76,,1,2,5,1,2,,0,0,0,0,0,0,13,,0,0,0,0,0,0,0,0,0,,0,0,,0,0,0,0
1613574162522,6,1010123456009,76,,1,2,5,1,2,,0,0,0,0,0,0,15,,0,0,0,0,0,0,0,0,0,,0,0,,0,0,0,0
1613574162772,6,1010123456009,76,,1,2,5,1,2,,0,0,0,0,0,0,0.1,,0,0,0,0,0,0,0,0,0,,0,0,,0,0,0,0
1613574163022,6,1010123456009,76,,1,2,5,1,2,,0,0,0,0,0,0,0.1,,0,0,0,0,0,0,0,0,0,,0,0,,0,0,0,0
1613574163272,6,1010123456009,76,,1,2,5,1,2,,0,0,0,0,0,0,0.1,,0,0,0,0,0,0,0,0,0,,0,0,,0,0,0,0
1613574163522,6,1010123456009,76,,1,2,5,1,2,,0,0,0,0,0,0,0.1,,0,0,0,0,0,0,0,0,0,,0,0,,0,0,0,0
1613574163772,6,1010123456009,76,,1,2,5,1,2,,0,0,0,0,0,0,0.1,,0,0,0,0,0,0,0,0,0,,0,0,,0,0,0,0
1613574164022,6,1010123456009,76,,1,2,5,1,2,,0,0,0,0,0,0,0.1,,0,0,0,0,0,0,0,0,0,,0,0,,0,0,0,0
1613574164272,6,1010123456009,76,,1,2,5,1,2,,0,0,0,0,0,0,0.1,,0,0,0,0,0,0,0,0,0,,0,0,,0,0,0,0
1613574164522,6,1010123456009,76,,1,2,5,1,2,,0,0,0,0,0,0,0.1,,0,0,0,0,0,0,0,0,0,,0,0,,0,0,0,0
1613574164772,6,1010123456009,76,,1,2,5,1,2,,0,0,0,0,0,0,5,,0,0,0,0,0,0,0,0,0,,0,0,,0,0,0,0
1613574165022,6,1010123456009,76,,1,2,5,1,2,,0,0,0,0,0,0,0.1,,0,0,0,0,0,0,0,0,0,,0,0,,0,0,0,0
1613574165272,6,1010123456009,76,,1,2,5,1,2,,0,0,0,0,0,0,0.1,,0,0,0,0,0,0,0,0,0,,0,0,,0,0,0,0
1613574165522,6,1010123456009,76,,1,2,5,1,2,,0,0,0,0,0,0,0.1,,0,0,0,0,0,0,0,0,0,,0,0,,0,0,0,0
