Timestamp,num_ues,IMSI,RNTI,,slicing_enabled,slice_id,slice_prb,power_multiplier,scheduling_policy,,dl_mcs,dl_n_samples,dl_buffer [bytes],tx_brate downlink [Mbps],tx_pkts downlink,tx_errors downlink (%),dl_cqi,,ul_mcs,ul_n_samples,ul_buffer [bytes],rx_brate uplink [Mbps],rx_pkts uplink,rx_errors uplink (%),ul_rssi,ul_sinr,phr,,sum_requested_prbs,sum_granted_prbs,,dl_pmi,dl_ri,ul_n,ul_turbo_iters
1613617996596,4,1010123456020,70,,1,0,24,1,2,,2.30303,33,0,0.00767871,9,0,8,,9.92727,55,0,0.106442,16,0,0,33.8763,31,,7,30,,0,0,0,1.14545
1613617996846,4,1010123456020,70,,1,0,24,1,2,,0,3,0,0.00183133,1,0,7.83333,,10.6364,11,0,0.1,3,0,0,37.1802,31,,0,3,,0,0,0,1
1613617997096,4,1010123456020,70,,1,0,24,1,2,,0,0,0,0,0,0,8.16667,,0,0,0,0,0,0,0,0,0,,0,0,,0,0,0,0
1613617997346,4,1010123456020,70,,1,0,24,1,2,,0,0,0,0,0,0,7.83333,,0,0,0,0,0,0,0,0,0,,0,0,,0,0,0,0
1613617997596,3,1010123456020,70,,1,0,24,1,2,,0,0,0,0,0,0,7.71429,,0,0,0,0,0,0,0,0,0,,0,0,,0,0,0,0
1613617997846,3,1010123456020,70,,1,0,24,1,2,,0,0,0,0,0,0,8.16667,,0,0,0,0,0,0,0,0,0,,0,0,,0,0,0,0
1613617998096,3,1010123456020,70,,1,0,24,1,2,,0,0,0,0,0,0,8,,0,0,0,0,0,0,0,0,0,,0,0,,0,0,0,0
1613617998346,3,1010123456020,70,,1,0,24,1,2,,0,0,0,0,0,0,8,,0,0,0,0,0,0,0,0,0,,0,0,,0,0,0,0
1613617998596,3,1010123456020,70,,1,0,24,1,2,,0,0,0,0,0,0,8,,0,0,0,0,0,0,0,0,0,,0,0,,0,0,0,0
1613617998846,3,1010123456020,70,,1,0,24,1,2,,0,0,0,0,0,0,8.83333,,0,0,0,0,0,0,0,0,0,,0,0,,0,0,0,0
1613617999096,5,1010123456020,70,,1,0,24,1,2,,0,0,0,0,0,0,7.83333,,0,0,0,0,0,0,0,0,0,,0,0,,0,0,0,0
1613617999346,5,1010123456020,70,,1,0,24,1,2,,0,0,0,0,0,0,8,,0,0,0,0,0,0,0,0,0,,0,0,,0,0,0,0
1613617999596,5,1010123456020,70,,1,0,24,1,2,,0,0,0,0,0,0,9,,0,0,0,0,0,0,0,0,0,,0,0,,0,0,0,0
1613617999874,6,1010123456020,70,,1,0,24,1,2,,0,0,0,0,0,0,8.14286,,0,0,0,0,0,0,0,0,0,,0,0,,0,0,0,0
1613618000096,6,1010123456020,70,,1,0,24,1,2,,0,0,0,0,0,0,7.8,,0,0,0,0,0,0,0,0,0,,0,0,,0,0,0,0
1613618000346,6,1010123456020,70,,1,0,24,1,2,,0,0,0,0,0,0,7.83333,,0,0,0,0,0,0,0,0,0,,0,0,,0,0,0,0
1613618000596,6,1010123456020,70,,1,0,24,1,2,,0,0,0,0,0,0,8.14286,,0,0,0,0,0,0,0,0,0,,0,0,,0,0,0,0
1613618000846,5,1010123456020,70,,1,0,24,1,2,,0,0,0,0,0,0,8,,0,0,0,0,0,0,0,0,0,,0,0,,0,0,0,0
1613618001096,5,1010123456020,70,,1,0,24,1,2,,0,0,0,0,0,0,8,,0,0,0,0,0,0,0,0,0,,0,0,,0,0,0,0
1613618001346,5,1010123456020,70,,1,0,24,1,2,,0,0,0,0,0,0,8,,0,0,0,0,0,0,0,0,0,,0,0,,0,0,0,0
1613618001596,6,1010123456020,70,,1,0,24,1,2,,0,0,0,0,0,0,8.85714,,0,0,0,0,0,0,0,0,0,,0,0,,0,0,0,0
1613618001846,6,1010123456020,70,,1,0,24,1,2,,0,0,0,0,0,0,8,,0,0,0,0,0,0,0,0,0,,0,0,,0,0,0,0
1613618002096,6,1010123456020,70,,1,0,24,1,2,,0,0,0,0,0,0,7.16667,,0,0,0,0,0,0,0,0,0,,0,0,,0,0,0,0
1613618002346,6,1010123456020,70,,1,0,24,1,2,,0,0,0,0,0,0,6.6,,0,0,0,0,0,0,0,0,0,,0,0,,0,0,0,0
1613618002596,6,1010123456020,70,,1,0,24,1,2,,0,0,0,0,0,0,7,,0,0,0,0,0,0,0,0,0,,0,0,,0,0,0,0
1613618002846,6,1010123456020,70,,1,0,24,1,2,,0,0,0,0,0,0,7.66667,,0,0,0,0,0,0,0,0,0,,0,0,,0,0,0,0
1613618003096,6,1010123456020,70,,1,0,24,1,2,,0,0,0,0,0,0,7,,0,0,0,0,0,0,0,0,0,,0,0,,0,0,0,0
1613618003346,6,1010123456020,70,,1,0,24,1,2,,0,0,0,0,0,0,7.75,,0,0,0,0,0,0,0,0,0,,0,0,,0,0,0,0
1613618003596,6,1010123456020,70,,1,0,24,1,2,,0,0,0,0,0,0,7.66667,,0,0,0,0,0,0,0,0,0,,0,0,,0,0,0,0
1613618003847,6,1010123456020,70,,1,0,24,1,2,,0,0,0,0,0,0,7.83333,,0,0,0,0,0,0,0,0,0,,0,0,,0,0,0,0
1613618004096,6,1010123456020,70,,1,0,24,1,2,,0,0,0,0,0,0,9.4,,0,0,0,0,0,0,0,0,0,,0,0,,0,0,0,0
1613618004346,6,1010123456020,70,,1,0,24,1,2,,0,0,0,0,0,0,8.66667,,0,0,0,0,0,0,0,0,0,,0,0,,0,0,0,0
1613618004596,6,1010123456020,70,,1,0,24,1,2,,0,0,0,0,0,0,7.57143,,0,0,0,0,0,0,0,0,0,,0,0,,0,0,0,0
1613618004846,6,1010123456020,70,,1,0,24,1,2,,0,0,0,0,0,0,7,,0,0,0,0,0,0,0,0,0,,0,0,,0,0,0,0
1613618005096,6,1010123456020,70,,1,0,24,1,2,,0,0,0,0,0,0,8.66667,,0,0,0,0,0,0,0,0,0,,0,0,,0,0,0,0
1613618005346,6,1010123456020,70,,1,0,24,1,2,,0,0,0,0,0,0,8,,0,0,0,0,0,0,0,0,0,,0,0,,0,0,0,0
1613618005596,6,1010123456020,70,,1,0,24,1,2,,0,0,0,0,0,0,7.14286,,0,0,0,0,0,0,0,0,0,,0,0,,0,0,0,0
1613618005846,6,1010123456020,70,,1,0,24,1,2,,0,0,0,0,0,0,8,,0,0,0,0,0,0,0,0,0,,0,0,,0,0,0,0
1613618006096,6,1010123456020,70,,1,0,24,1,2,,0,0,0,0,0,0,8,,0,0,0,0,0,0,0,0,0,,0,0,,0,0,0,0
1613618006346,6,1010123456020,70,,1,0,24,1,2,,0,0,0,0,0,0,8,,0,0,0,0,0,0,0,0,0,,0,0,,0,0,0,0
1613618006596,6,1010123456020,70,,1,0,24,1,2,,0,0,0,0,0,0,8,,0,0,0,0,0,0,0,0,0,,0,0,,0,0,0,0
1613618006846,6,1010123456020,70,,1,0,24,1,2,,0,0,0,0,0,0,8,,0,0,0,0,0,0,0,0,0,,0,0,,0,0,0,0
1613618007096,6,1010123456020,70,,1,0,24,1,2,,0,0,0,0,0,0,8.83333,,0,0,0,0,0,0,0,0,0,,0,0,,0,0,0,0
1613618007346,6,1010123456020,70,,1,0,24,1,2,,0,0,0,0,0,0,8.4,,0,0,0,0,0,0,0,0,0,,0,0,,0,0,0,0
1613618007596,6,1010123456020,70,,1,0,24,1,2,,0,0,0,0,0,0,8,,0,0,0,0,0,0,0,0,0,,0,0,,0,0,0,0
1613618007846,6,1010123456020,70,,1,0,24,1,2,,0,0,0,0,0,0,9.16667,,0,0,0,0,0,0,0,0,0,,0,0,,0,0,0,0
1613618008096,6,1010123456020,70,,1,0,24,1,2,,0,0,0,0,0,0,7.33333,,0,0,0,0,0,0,0,0,0,,0,0,,0,0,0,0
1613618008346,6,1010123456020,70,,1,0,24,1,2,,0,0,0,0,0,0,7.83333,,0,0,0,0,0,0,0,0,0,,0,0,,0,0,0,0
1613618008596,6,1010123456020,70,,1,0,24,1,2,,0,0,0,0,0,0,7.57143,,0,0,0,0,0,0,0,0,0,,0,0,,0,0,0,0
1613618008846,6,1010123456020,70,,1,0,24,1,2,,0,0,0,0,0,0,8,,0,0,0,0,0,0,0,0,0,,0,0,,0,0,0,0
1613618009096,6,1010123456020,70,,1,0,24,1,2,,0,0,0,0,0,0,7.8,,0,0,0,0,0,0,0,0,0,,0,0,,0,0,0,0
1613618009346,6,1010123456020,70,,1,0,24,1,2,,0,0,0,0,0,0,11,,0,0,0,0,0,0,0,0,0,,0,0,,0,0,0,0
1613618009596,6,1010123456020,70,,1,0,24,1,2,,0,0,0,0,0,0,8.85714,,0,0,0,0,0,0,0,0,0,,0,0,,0,0,0,0
1613618009846,6,1010123456020,70,,1,0,24,1,2,,0,0,0,0,0,0,7.83333,,0,0,0,0,0,0,0,0,0,,0,0,,0,0,0,0
1613618010097,6,1010123456020,70,,1,0,24,1,2,,0,0,0,0,0,0,8.4,,0,0,0,0,0,0,0,0,0,,0,0,,0,0,0,0
1613618010346,6,1010123456020,70,,1,0,24,1,2,,0,0,0,0,0,0,8,,0,0,0,0,0,0,0,0,0,,0,0,,0,0,0,0
1613618010596,6,1010123456020,70,,1,0,24,1,2,,0,0,0,0,0,0,8.14286,,0,0,0,0,0,0,0,0,0,,0,0,,0,0,0,0
1613618010846,6,1010123456020,70,,1,0,24,1,2,,0,0,0,0,0,0,7.83333,,0,0,0,0,0,0,0,0,0,,0,0,,0,0,0,0
1613618011097,6,1010123456020,70,,1,0,24,1,2,,0,0,0,0,0,0,8,,0,0,0,0,0,0,0,0,0,,0,0,,0,0,0,0
1613618011346,6,1010123456020,70,,1,0,24,1,2,,0,0,0,0,0,0,9,,0,0,0,0,0,0,0,0,0,,0,0,,0,0,0,0
1613618011596,6,1010123456020,70,,1,0,24,1,2,,0,0,0,0,0,0,8.71429,,0,0,0,0,0,0,0,0,0,,0,0,,0,0,0,0
1613618011846,6,1010123456020,70,,1,0,24,1,2,,0,0,0,0,0,0,8,,0,0,0,0,0,0,0,0,0,,0,0,,0,0,0,0
1613618012097,6,1010123456020,70,,1,0,24,1,2,,0,0,0,0,0,0,8,,0,0,0,0,0,0,0,0,0,,0,0,,0,0,0,0
1613618012346,6,1010123456020,70,,1,0,24,1,2,,0,0,0,0,0,0,8,,0,0,0,0,0,0,0,0,0,,0,0,,0,0,0,0
1613618012596,6,1010123456020,70,,1,0,24,1,2,,0,0,0,0,0,0,8,,0,0,0,0,0,0,0,0,0,,0,0,,0,0,0,0
1613618012846,6,1010123456020,70,,1,0,24,1,2,,0,0,0,0,0,0,8,,0,0,0,0,0,0,0,0,0,,0,0,,0,0,0,0
1613618013096,6,1010123456020,70,,1,0,24,1,2,,0,0,0,0,0,0,7.8,,0,0,0,0,0,0,0,0,0,,0,0,,0,0,0,0
1613618013346,6,1010123456020,70,,1,0,24,1,2,,0,0,0,0,0,0,9.16667,,0,0,0,0,0,0,0,0,0,,0,0,,0,0,0,0
1613618013596,6,1010123456020,70,,1,0,24,1,2,,0,0,0,0,0,0,8,,0,0,0,0,0,0,0,0,0,,0,0,,0,0,0,0
1613618013846,6,1010123456020,70,,1,0,24,1,2,,0,0,0,0,0,0,8.83333,,0,0,0,0,0,0,0,0,0,,0,0,,0,0,0,0
1613618014096,6,1010123456020,70,,1,0,24,1,2,,0,0,0,0,0,0,8,,0,0,0,0,0,0,0,0,0,,0,0,,0,0,0,0
1613618014346,6,1010123456020,70,,1,0,24,1,2,,0,0,0,0,0,0,8.2,,0,0,0,0,0,0,0,0,0,,0,0,,0,0,0,0
1613618014596,6,1010123456020,70,,1,0,24,1,2,,0,0,0,0,0,0,8.85714,,0,0,0,0,0,0,0,0,0,,0,0,,0,0,0,0
1613618014846,6,1010123456020,70,,1,0,24,1,2,,0,0,0,0,0,0,8,,0,0,0,0,0,0,0,0,0,,0,0,,0,0,0,0
1613618015098,6,1010123456020,70,,1,0,24,1,2,,0,0,0,0,0,0,8,,0,0,0,0,0,0,0,0,0,,0,0,,0,0,0,0
1613618015347,6,1010123456020,70,,1,0,24,1,2,,0,0,0,0,0,0,7,,0,0,0,0,0,0,0,0,0,,0,0,,0,0,0,0
1613618015596,6,1010123456020,70,,1,0,24,1,2,,0,0,0,0,0,0,8.28571,,0,0,0,0,0,0,0,0,0,,0,0,,0,0,0,0
1613618015846,6,1010123456020,70,,1,0,24,1,2,,0,0,0,0,0,0,8.2,,0,0,0,0,0,0,0,0,0,,0,0,,0,0,0,0
1613618016096,6,1010123456020,70,,1,0,24,1,2,,0,0,0,0,0,0,8.83333,,0,0,0,0,0,0,0,0,0,,0,0,,0,0,0,0
1613618016346,6,1010123456020,70,,1,0,24,1,2,,0,0,0,0,0,0,8,,0,0,0,0,0,0,0,0,0,,0,0,,0,0,0,0
1613618016596,6,1010123456020,70,,1,0,24,1,2,,0,0,0,0,0,0,9.42857,,0,0,0,0,0,0,0,0,0,,0,0,,0,0,0,0
1613618016846,6,1010123456020,70,,1,0,24,1,2,,0,0,0,0,0,0,7.6,,0,0,0,0,0,0,0,0,0,,0,0,,0,0,0,0
1613618017096,6,1010123456020,70,,1,0,24,1,2,,0,0,0,0,0,0,8,,0,0,0,0,0,0,0,0,0,,0,0,,0,0,0,0
1613618017346,6,1010123456020,70,,1,0,24,1,2,,0,0,0,0,0,0,8,,0,0,0,0,0,0,0,0,0,,0,0,,0,0,0,0
1613618017596,6,1010123456020,70,,1,0,24,1,2,,0,0,0,0,0,0,8,,0,0,0,0,0,0,0,0,0,,0,0,,0,0,0,0
1613618017846,6,1010123456020,70,,1,0,24,1,2,,0,0,0,0,0,0,8,,0,0,0,0,0,0,0,0,0,,0,0,,0,0,0,0
1613618018096,6,1010123456020,70,,1,0,24,1,2,,0,0,0,0,0,0,9.66667,,0,0,0,0,0,0,0,0,0,,0,0,,0,0,0,0
1613618018346,6,1010123456020,70,,1,0,24,1,2,,0,0,0,0,0,0,9,,0,0,0,0,0,0,0,0,0,,0,0,,0,0,0,0
1613618018596,6,1010123456020,70,,1,0,24,1,2,,0,0,0,0,0,0,6.85714,,0,0,0,0,0,0,0,0,0,,0,0,,0,0,0,0
1613618018846,6,1010123456020,70,,1,0,24,1,2,,0,0,0,0,0,0,8,,0,0,0,0,0,0,0,0,0,,0,0,,0,0,0,0
1613618019097,6,1010123456020,70,,1,0,24,1,2,,0,0,0,0,0,0,8,,0,0,0,0,0,0,0,0,0,,0,0,,0,0,0,0
1613618019346,6,1010123456020,70,,1,0,24,1,2,,0,0,0,0,0,0,8,,0,0,0,0,0,0,0,0,0,,0,0,,0,0,0,0
1613618019596,6,1010123456020,70,,1,0,24,1,2,,0,0,0,0,0,0,7.71429,,0,0,0,0,0,0,0,0,0,,0,0,,0,0,0,0
1613618019846,6,1010123456020,70,,1,0,24,1,2,,0,0,0,0,0,0,8.5,,0,0,0,0,0,0,0,0,0,,0,0,,0,0,0,0
1613618020096,6,1010123456020,70,,1,0,24,1,2,,0,0,0,0,0,0,8,,0,0,0,0,0,0,0,0,0,,0,0,,0,0,0,0
1613618020346,6,1010123456020,70,,1,0,24,1,2,,0,0,0,0,0,0,7.8,,0,0,0,0,0,0,0,0,0,,0,0,,0,0,0,0
1613618020596,6,1010123456020,70,,1,0,24,1,2,,0,0,0,0,0,0,9,,0,0,0,0,0,0,0,0,0,,0,0,,0,0,0,0
1613618020846,6,1010123456020,70,,1,0,24,1,2,,0,0,0,0,0,0,8,,0,0,0,0,0,0,0,0,0,,0,0,,0,0,0,0
1613618021096,6,1010123456020,70,,1,0,24,1,2,,0,0,0,0,0,0,8,,0,0,0,0,0,0,0,0,0,,0,0,,0,0,0,0
1613618021346,6,1010123456020,70,,1,0,24,1,2,,0,0,0,0,0,0,7.83333,,0,0,0,0,0,0,0,0,0,,0,0,,0,0,0,0
1613618021596,6,1010123456020,70,,1,0,24,1,2,,0,0,0,0,0,0,8,,0,0,0,0,0,0,0,0,0,,0,0,,0,0,0,0
1613618021846,6,1010123456020,70,,1,0,24,1,2,,0,0,0,0,0,0,7.6,,0,0,0,0,0,0,0,0,0,,0,0,,0,0,0,0
1613618022096,6,1010123456020,70,,1,0,24,1,2,,0,0,0,0,0,0,7.6,,0,0,0,0,0,0,0,0,0,,0,0,,0,0,0,0
1613618022346,6,1010123456020,70,,1,0,24,1,2,,0,0,0,0,0,0,8,,0,0,0,0,0,0,0,0,0,,0,0,,0,0,0,0
1613618022596,6,1010123456020,70,,1,0,24,1,2,,0,0,0,0,0,0,8.71429,,0,0,0,0,0,0,0,0,0,,0,0,,0,0,0,0
1613618022846,6,1010123456020,70,,1,0,24,1,2,,0,0,0,0,0,0,8,,0,0,0,0,0,0,0,0,0,,0,0,,0,0,0,0
1613618023096,6,1010123456020,70,,1,0,24,1,2,,0,0,0,0,0,0,8,,0,0,0,0,0,0,0,0,0,,0,0,,0,0,0,0
1613618023346,6,1010123456020,70,,1,0,24,1,2,,0,0,0,0,0,0,7.83333,,0,0,0,0,0,0,0,0,0,,0,0,,0,0,0,0
1613618023596,6,1010123456020,70,,1,0,24,1,2,,0,0,0,0,0,0,8,,0,0,0,0,0,0,0,0,0,,0,0,,0,0,0,0
1613618023846,6,1010123456020,70,,1,0,24,1,2,,0,0,0,0,0,0,7.8,,0,0,0,0,0,0,0,0,0,,0,0,,0,0,0,0
1613618024096,6,1010123456020,70,,1,0,24,1,2,,0,0,0,0,0,0,8,,0,0,0,0,0,0,0,0,0,,0,0,,0,0,0,0
1613618024346,6,1010123456020,70,,1,0,24,1,2,,0,0,0,0,0,0,8,,0,0,0,0,0,0,0,0,0,,0,0,,0,0,0,0
1613618024596,6,1010123456020,70,,1,0,24,1,2,,0,0,0,0,0,0,8,,0,0,0,0,0,0,0,0,0,,0,0,,0,0,0,0
1613618024846,6,1010123456020,70,,1,0,24,1,2,,0,0,0,0,0,0,7.83333,,0,0,0,0,0,0,0,0,0,,0,0,,0,0,0,0
1613618025096,6,1010123456020,70,,1,0,24,1,2,,0,0,0,0,0,0,8,,0,0,0,0,0,0,0,0,0,,0,0,,0,0,0,0
1613618025346,6,1010123456020,70,,1,0,24,1,2,,0,0,0,0,0,0,9.16667,,0,0,0,0,0,0,0,0,0,,0,0,,0,0,0,0
1613618025596,6,1010123456020,70,,1,0,24,1,2,,0,0,0,0,0,0,8,,0,0,0,0,0,0,0,0,0,,0,0,,0,0,0,0
1613618025846,6,1010123456020,70,,1,0,24,1,2,,0,0,0,0,0,0,8.8,,0,0,0,0,0,0,0,0,0,,0,0,,0,0,0,0
1613618026096,6,1010123456020,70,,1,0,24,1,2,,0,0,0,0,0,0,7,,0,0,0,0,0,0,0,0,0,,0,0,,0,0,0,0
1613618026346,6,1010123456020,70,,1,0,24,1,2,,0,0,0,0,0,0,7.5,,0,0,0,0,0,0,0,0,0,,0,0,,0,0,0,0
1613618026596,6,1010123456020,70,,1,0,24,1,2,,0,0,0,0,0,0,8,,0,0,0,0,0,0,0,0,0,,0,0,,0,0,0,0
1613618026846,6,1010123456020,70,,1,0,24,1,2,,0,0,0,0,0,0,7,,0,0,0,0,0,0,0,0,0,,0,0,,0,0,0,0
1613618027098,6,1010123456020,70,,1,0,24,1,2,,0,0,0,0,0,0,8,,0,0,0,0,0,0,0,0,0,,0,0,,0,0,0,0
1613618027346,6,1010123456020,70,,1,0,24,1,2,,0,0,0,0,0,0,7.8,,0,0,0,0,0,0,0,0,0,,0,0,,0,0,0,0
1613618027596,6,1010123456020,70,,1,0,24,1,2,,0,0,0,0,0,0,8,,0,0,0,0,0,0,0,0,0,,0,0,,0,0,0,0
1613618027846,6,1010123456020,70,,1,0,24,1,2,,0,0,0,0,0,0,7.4,,0,0,0,0,0,0,0,0,0,,0,0,,0,0,0,0
1613618028096,6,1010123456020,70,,1,0,24,1,2,,0,0,0,0,0,0,8,,0,0,0,0,0,0,0,0,0,,0,0,,0,0,0,0
1613618028346,6,1010123456020,70,,1,0,24,1,2,,0,0,0,0,0,0,8,,0,0,0,0,0,0,0,0,0,,0,0,,0,0,0,0
1613618028596,6,1010123456020,70,,1,0,24,1,2,,0,0,0,0,0,0,7.57143,,0,0,0,0,0,0,0,0,0,,0,0,,0,0,0,0
1613618028846,6,1010123456020,70,,1,0,24,1,2,,0,0,0,0,0,0,8,,0,0,0,0,0,0,0,0,0,,0,0,,0,0,0,0
1613618029096,6,1010123456020,70,,1,0,24,1,2,,0,0,0,0,0,0,6.2,,0,0,0,0,0,0,0,0,0,,0,0,,0,0,0,0
1613618029346,6,1010123456020,70,,1,0,24,1,2,,0,0,0,0,0,0,8,,15,4,0,0.1,1,0,0,32.6542,31,,0,0,,0,0,0,1
1613618029596,6,1010123456020,70,,1,0,24,1,2,,0,0,0,0,0,0,8,,0,0,0,0,0,0,0,0,0,,0,0,,0,0,0,0
1613618029846,6,1010123456020,70,,1,0,24,1,2,,0,0,0,0,0,0,7.4,,0,0,0,0,0,0,0,0,0,,0,0,,0,0,0,0
1613618030097,6,1010123456020,70,,1,0,24,1,2,,0,0,0,0,0,0,9,,0,0,0,0,0,0,0,0,0,,0,0,,0,0,0,0
1613618030346,6,1010123456020,70,,1,0,24,1,2,,0,0,0,0,0,0,8,,0,0,0,0,0,0,0,0,0,,0,0,,0,0,0,0
1613618030596,6,1010123456020,70,,1,0,24,1,2,,0,0,0,0,0,0,8,,0,0,0,0,0,0,0,0,0,,0,0,,0,0,0,0
1613618030846,6,1010123456020,70,,1,0,24,1,2,,0,0,0,0,0,0,8,,0,0,0,0,0,0,0,0,0,,0,0,,0,0,0,0
1613618031096,6,1010123456020,70,,1,0,24,1,2,,0,0,0,0,0,0,9.2,,0,0,0,0,0,0,0,0,0,,0,0,,0,0,0,0
1613618031346,6,1010123456020,70,,1,0,24,1,2,,0,0,0,0,0,0,8,,0,0,0,0,0,0,0,0,0,,0,0,,0,0,0,0
1613618031596,6,1010123456020,70,,1,0,24,1,2,,0,0,0,0,0,0,8,,0,0,0,0,0,0,0,0,0,,0,0,,0,0,0,0
1613618031846,6,1010123456020,70,,1,0,24,1,2,,0,0,0,0,0,0,8,,0,0,0,0,0,0,0,0,0,,0,0,,0,0,0,0
1613618032096,6,1010123456020,70,,1,0,24,1,2,,0,0,0,0,0,0,8,,0,0,0,0,0,0,0,0,0,,0,0,,0,0,0,0
1613618032347,6,1010123456020,70,,1,0,24,1,2,,0,0,0,0,0,0,8,,0,0,0,0,0,0,0,0,0,,0,0,,0,0,0,0
1613618032596,6,1010123456020,70,,1,0,24,1,2,,0,0,0,0,0,0,8,,0,0,0,0,0,0,0,0,0,,0,0,,0,0,0,0
1613618032846,6,1010123456020,70,,1,0,24,1,2,,0,0,0,0,0,0,7,,0,0,0,0,0,0,0,0,0,,0,0,,0,0,0,0
1613618033096,6,1010123456020,70,,1,0,24,1,2,,0,0,0,0,0,0,8.16667,,0,0,0,0,0,0,0,0,0,,0,0,,0,0,0,0
1613618033346,6,1010123456020,70,,1,0,24,1,2,,0,0,0,0,0,0,7.66667,,0,0,0,0,0,0,0,0,0,,0,0,,0,0,0,0
1613618033596,6,1010123456020,70,,1,0,24,1,2,,0,0,0,0,0,0,7.16667,,0,0,0,0,0,0,0,0,0,,0,0,,0,0,0,0
1613618033846,6,1010123456020,70,,1,0,24,1,2,,0,0,0,0,0,0,7.83333,,0,0,0,0,0,0,0,0,0,,0,0,,0,0,0,0
1613618034096,6,1010123456020,70,,1,0,24,1,2,,0,0,0,0,0,0,9.33333,,0,0,0,0,0,0,0,0,0,,0,0,,0,0,0,0
1613618034346,6,1010123456020,70,,1,0,24,1,2,,0,0,0,0,0,0,8,,0,0,0,0,0,0,0,0,0,,0,0,,0,0,0,0
1613618034596,6,1010123456020,70,,1,0,24,1,2,,0,0,0,0,0,0,8,,0,0,0,0,0,0,0,0,0,,0,0,,0,0,0,0
1613618034846,6,1010123456020,70,,1,0,24,1,2,,0,0,0,0,0,0,9.4,,0,0,0,0,0,0,0,0,0,,0,0,,0,0,0,0
1613618035096,6,1010123456020,70,,1,0,24,1,2,,0,0,0,0,0,0,8.33333,,0,0,0,0,0,0,0,0,0,,0,0,,0,0,0,0
1613618035346,6,1010123456020,70,,1,0,24,1,2,,0,0,0,0,0,0,8,,0,0,0,0,0,0,0,0,0,,0,0,,0,0,0,0
1613618035596,6,1010123456020,70,,1,0,24,1,2,,0,0,0,0,0,0,7.85714,,0,0,0,0,0,0,0,0,0,,0,0,,0,0,0,0
1613618035846,6,1010123456020,70,,1,0,24,1,2,,0,0,0,0,0,0,8,,0,0,0,0,0,0,0,0,0,,0,0,,0,0,0,0
1613618036096,6,1010123456020,70,,1,0,24,1,2,,0,0,0,0,0,0,7.16667,,0,0,0,0,0,0,0,0,0,,0,0,,0,0,0,0
1613618036346,6,1010123456020,70,,1,0,24,1,2,,0,0,0,0,0,0,7.66667,,0,0,0,0,0,0,0,0,0,,0,0,,0,0,0,0
1613618036596,6,1010123456020,70,,1,0,24,1,2,,0,0,0,0,0,0,8,,0,0,0,0,0,0,0,0,0,,0,0,,0,0,0,0
1613618036846,6,1010123456020,70,,1,0,24,1,2,,0,0,0,0,0,0,8.33333,,0,0,0,0,0,0,0,0,0,,0,0,,0,0,0,0
1613618037096,6,1010123456020,70,,1,0,24,1,2,,0,0,0,0,0,0,7.5,,0,0,0,0,0,0,0,0,0,,0,0,,0,0,0,0
1613618037346,6,1010123456020,70,,1,0,24,1,2,,0,0,0,0,0,0,8.5,,0,0,0,0,0,0,0,0,0,,0,0,,0,0,0,0
1613618037596,6,1010123456020,70,,1,0,24,1,2,,0,0,0,0,0,0,8,,0,0,0,0,0,0,0,0,0,,0,0,,0,0,0,0
1613618037846,6,1010123456020,70,,1,0,24,1,2,,0,0,0,0,0,0,7.8,,0,0,0,0,0,0,0,0,0,,0,0,,0,0,0,0
1613618038096,6,1010123456020,70,,1,0,24,1,2,,0,0,0,0,0,0,9,,0,0,0,0,0,0,0,0,0,,0,0,,0,0,0,0
1613618038346,6,1010123456020,70,,1,0,24,1,2,,0,0,0,0,0,0,8,,0,0,0,0,0,0,0,0,0,,0,0,,0,0,0,0
1613618038596,6,1010123456020,70,,1,0,24,1,2,,0,0,0,0,0,0,8.28571,,0,0,0,0,0,0,0,0,0,,0,0,,0,0,0,0
1613618038847,6,1010123456020,70,,1,0,24,1,2,,0,0,0,0,0,0,7,,0,0,0,0,0,0,0,0,0,,0,0,,0,0,0,0
1613618039096,6,1010123456020,70,,1,0,24,1,2,,0,0,0,0,0,0,8,,0,0,0,0,0,0,0,0,0,,0,0,,0,0,0,0
1613618039346,6,1010123456020,70,,1,0,24,1,2,,0,0,0,0,0,0,8.4,,0,0,0,0,0,0,0,0,0,,0,0,,0,0,0,0
1613618039596,6,1010123456020,70,,1,0,24,1,2,,0,0,0,0,0,0,8,,0,0,0,0,0,0,0,0,0,,0,0,,0,0,0,0
1613618039846,6,1010123456020,70,,1,0,24,1,2,,0,0,0,0,0,0,8,,0,0,0,0,0,0,0,0,0,,0,0,,0,0,0,0
1613618040096,6,1010123456020,70,,1,0,24,1,2,,0,0,0,0,0,0,8,,0,0,0,0,0,0,0,0,0,,0,0,,0,0,0,0
1613618040346,6,1010123456020,70,,1,0,24,1,2,,0,0,0,0,0,0,8.16667,,0,0,0,0,0,0,0,0,0,,0,0,,0,0,0,0
1613618040596,6,1010123456020,70,,1,0,24,1,2,,0,0,0,0,0,0,7.28571,,0,0,0,0,0,0,0,0,0,,0,0,,0,0,0,0
1613618040846,6,1010123456020,70,,1,0,24,1,2,,0,0,0,0,0,0,7.5,,0,0,0,0,0,0,0,0,0,,0,0,,0,0,0,0
1613618041096,6,1010123456020,70,,1,0,24,1,2,,0,0,0,0,0,0,7.66667,,0,0,0,0,0,0,0,0,0,,0,0,,0,0,0,0
1613618041346,6,1010123456020,70,,1,0,24,1,2,,0,0,0,0,0,0,7.5,,0,0,0,0,0,0,0,0,0,,0,0,,0,0,0,0
1613618041596,6,1010123456020,70,,1,0,24,1,2,,0,0,0,0,0,0,7.85714,,0,0,0,0,0,0,0,0,0,,0,0,,0,0,0,0
1613618041846,6,1010123456020,70,,1,0,24,1,2,,0,0,0,0,0,0,8,,0,0,0,0,0,0,0,0,0,,0,0,,0,0,0,0
1613618042096,6,1010123456020,70,,1,0,24,1,2,,0,0,0,0,0,0,7.66667,,0,0,0,0,0,0,0,0,0,,0,0,,0,0,0,0
1613618042346,6,1010123456020,70,,1,0,24,1,2,,0,0,0,0,0,0,8,,0,0,0,0,0,0,0,0,0,,0,0,,0,0,0,0
1613618042596,6,1010123456020,70,,1,0,24,1,2,,0,0,0,0,0,0,8,,0,0,0,0,0,0,0,0,0,,0,0,,0,0,0,0
1613618042846,6,1010123456020,70,,1,0,24,1,2,,0,0,0,0,0,0,8.66667,,0,0,0,0,0,0,0,0,0,,0,0,,0,0,0,0
1613618043096,6,1010123456020,70,,1,0,24,1,2,,0,0,0,0,0,0,8.16667,,15,4,0,0.1,1,0,0,33.048,31,,0,0,,0,0,0,1
1613618043347,6,1010123456020,70,,1,0,24,1,2,,0,0,0,0,0,0,8,,0,0,0,0,0,0,0,0,0,,0,0,,0,0,0,0
1613618043596,6,1010123456020,70,,1,0,24,1,2,,0,0,0,0,0,0,8,,0,0,0,0,0,0,0,0,0,,0,0,,0,0,0,0
1613618043846,6,1010123456020,70,,1,0,24,1,2,,0,0,0,0,0,0,8,,0,0,0,0,0,0,0,0,0,,0,0,,0,0,0,0
1613618044096,6,1010123456020,70,,1,0,24,1,2,,0,0,0,0,0,0,7.83333,,0,0,0,0,0,0,0,0,0,,0,0,,0,0,0,0
1613618044346,6,1010123456020,70,,1,0,24,1,2,,0,0,0,0,0,0,8,,0,0,0,0,0,0,0,0,0,,0,0,,0,0,0,0
1613618044596,6,1010123456020,70,,1,0,24,1,2,,0,0,0,0,0,0,9.71429,,0,0,0,0,0,0,0,0,0,,0,0,,0,0,0,0
1613618044847,6,1010123456020,70,,1,0,24,1,2,,13.4874,515,25806,2.12742,148,0,7.83333,,15.4444,27,0,0.1,8,50,0,18.187,31,,1730,2472,,0,0,0,5
1613618045096,6,1010123456020,70,,1,0,24,1,2,,13.2364,829,70071,2.75679,241,0,7.66667,,0,0,0,0,0,0,0,0,0,,3000,3000,,0,0,0,0
1613618045346,6,1010123456020,70,,1,0,24,1,2,,13.5146,855,109041,2.88758,244,0,7.83333,,0,0,0,0,0,0,0,0,0,,3000,3000,,0,0,0,0
1613618045597,6,1010123456020,70,,1,0,24,1,2,,13.4836,823,150867,2.77277,237,0,7.85714,,0,0,0,0,0,0,0,0,0,,3000,3000,,0,0,0,0
1613618045846,6,1010123456020,70,,1,0,24,1,2,,13.3565,833,183727,2.82763,242,0,7.66667,,1.875,24,0,0.1,7,0,0,11.3751,31,,3000,3000,,0,0,0,1.5
1613618046096,6,1010123456020,70,,1,0,24,1,2,,13.0959,834,183363,2.66741,239,0,7.66667,,15,16,0,0,4,100,0,2.18892,0,,3000,2994,,0,0,0,10
1613618046347,6,1010123456020,70,,1,0,24,1,2,,13.8066,848,182914,2.91898,242,0,8,,0,0,0,0,0,0,0,0,0,,3000,3000,,0,0,0,0
1613618046596,6,1010123456020,70,,1,0,24,1,2,,13.8859,841,184225,2.94076,239,0,8,,0,0,0,0,0,0,0,0,0,,3000,3000,,0,0,0,0
1613618046847,6,1010123456020,70,,1,0,24,1,2,,13.5613,816,183313,2.82762,239,0,7.83333,,6.66667,36,0,0.1,10,40,0,4.30494,31,,3000,3000,,0,0,0,5.16667
1613618047096,6,1010123456020,70,,1,0,24,1,2,,13.4202,840,182826,2.80855,240,0,7.83333,,0,0,0,0,0,0,0,0,0,,3000,3000,,0,0,0,0
1613618047346,6,1010123456020,70,,1,0,24,1,2,,13.494,836,184385,2.83801,241,0,7.83333,,0,0,0,0,0,0,0,0,0,,3000,3000,,0,0,0,0
1613618047596,6,1010123456020,70,,1,0,24,1,2,,13.5969,831,184161,2.849,239,0,7.85714,,0,0,0,0,0,0,0,0,0,,3000,3000,,0,0,0,0
1613618047846,6,1010123456020,70,,1,0,24,1,2,,12.9739,806,183781,2.6508,238,0,7.5,,3.5,60,0,0.1,18,38.8889,0,6.71091,31,,3000,3000,,0,0,0,5.26667
1613618048096,6,1010123456020,70,,1,0,24,1,2,,13.0178,844,183062,2.68318,242,0,7.66667,,0,0,0,0,0,0,0,0,0,,3000,3000,,0,0,0,0
1613618048346,6,1010123456020,70,,1,0,24,1,2,,13.0108,831,184281,2.60026,237,0,7.66667,,0,15,0,0.1,5,80,0,0,31,,3000,3000,,0,0,0,0
1613618048596,6,1010123456020,70,,1,0,24,1,2,,13.8432,842,183074,2.95206,239,0,7.85714,,0,0,0,0,0,0,0,0,0,,3000,3000,,0,0,0,0
1613618048846,6,1010123456020,70,,1,0,24,1,2,,13.2348,822,183497,2.76215,244,0,7.83333,,5.27027,37,0,0.1,13,38.4615,0,7.10972,31,,3000,3000,,0,0,0,4.67568
1613618049097,6,1010123456020,70,,1,0,24,1,2,,13.4731,818,184213,2.76582,236,0,7.83333,,0.1,4,0,0.1,1,0,0,1.49395,31,,3000,3000,,0,0,0,3
1613618049346,6,1010123456020,70,,1,0,24,1,2,,13.5298,838,183499,2.82021,239,0,7.83333,,0,0,0,0,0,0,0,0,0,,3000,3000,,0,0,0,0
1613618049596,6,1010123456020,70,,1,0,24,1,2,,13.916,845,182606,2.96585,240,0,8,,0,0,0,0,0,0,0,0,0,,3000,3000,,0,0,0,0
1613618049846,6,1010123456020,70,,1,0,24,1,2,,13.231,853,183981,2.75669,242,0,7.66667,,0.1,35,0,0.1,10,10,0,8.45739,31,,3000,3000,,0,0,0,2.11429
1613618050096,6,1010123456020,70,,1,0,24,1,2,,13.2595,840,182742,2.7484,240,0,7.66667,,0,0,0,0,0,0,0,0,0,,3000,3000,,0,0,0,0
1613618050346,6,1010123456020,70,,1,0,24,1,2,,13.513,846,183365,2.8684,243,0,7.83333,,0,0,0,0,0,0,0,0,0,,3000,3000,,0,0,0,0
1613618050596,6,1010123456020,70,,1,0,24,1,2,,13.8972,827,183245,2.94059,238,0,8,,0,0,0,0,0,0,0,0,0,,3000,3000,,0,0,0,0
1613618050846,6,1010123456020,70,,1,0,24,1,2,,13.7055,832,183867,2.95219,243,0,7.83333,,14.5263,19,0,0.1,6,50,0,18.5389,31,,3000,3000,,0,0,0,5.73684
1613618051096,6,1010123456020,70,,1,0,24,1,2,,12.7099,841,183317,2.51187,238,0,7.66667,,0,12,0,0,4,100,0,0,0,,3000,2994,,0,0,0,0
1613618051346,6,1010123456020,70,,1,0,24,1,2,,14.4609,844,183861,3.05298,240,0,8.16667,,0,6,0,0.1,2,0,0,0,31,,3000,3000,,0,0,0,0
1613618051597,6,1010123456020,70,,1,0,24,1,2,,13.6014,833,183283,2.85363,240,0,7.85714,,0,3,0,0.1,1,0,0,0,31,,3000,3000,,0,0,0,0
1613618051847,6,1010123456020,70,,1,0,24,1,2,,13.9415,838,183261,2.92406,237,0,8,,1.27273,33,0,0.1,10,0,0,9.56431,31,,3000,3000,,0,0,0,1.90909
1613618052096,6,1010123456020,70,,1,0,24,1,2,,13.841,849,183565,2.97533,243,0,8,,15,13,0,0,4,100,0,2.2896,0,,3000,3000,,0,0,0,10
1613618052346,6,1010123456020,70,,1,0,24,1,2,,13.9203,841,183014,2.95309,239,0,8,,0,3,0,0.1,1,0,0,0,31,,3000,3000,,0,0,0,0
1613618052596,6,1010123456020,70,,1,0,24,1,2,,13.7538,845,183565,2.93198,242,0,8,,0,12,0,0,4,100,0,0,0,,3000,3000,,0,0,0,0
1613618052847,6,1010123456020,70,,1,0,24,1,2,,13.3978,817,183321,2.75789,236,0,7.66667,,1.40625,32,0,0.1,9,0,0,6.9153,31,,3000,3000,,0,0,0,1.25
1613618053096,6,1010123456020,70,,1,0,24,1,2,,12.7243,838,183114,2.50965,237,0,7.5,,0,0,0,0,0,0,0,0,0,,3000,3000,,0,0,0,0
1613618053346,6,1010123456020,70,,1,0,24,1,2,,13.8979,842,182802,2.94384,239,0,8,,0,0,0,0,0,0,0,0,0,,3000,3000,,0,0,0,0
1613618053596,6,1010123456020,70,,1,0,24,1,2,,13.3868,848,182946,2.82361,241,0,7.71429,,0,0,0,0,0,0,0,0,0,,3000,3000,,0,0,0,0
1613618053847,6,1010123456020,70,,1,0,24,1,2,,13.3458,827,183599,2.73792,240,0,7.83333,,15,13,0,0,4,100,0,1.06745,0,,3000,3000,,0,0,0,10
1613618054097,6,1010123456020,70,,1,0,24,1,2,,13.3254,842,183937,2.75347,238,0,7.66667,,0.1,13,0,0.1,4,0,0,7.63158,31,,3000,3000,,0,0,0,1
1613618054346,6,1010123456020,70,,1,0,24,1,2,,13.2105,841,183218,2.70753,240,0,7.66667,,0,12,0,0,4,100,0,0,0,,3000,3000,,0,0,0,0
1613618054596,6,1010123456020,70,,1,0,24,1,2,,13.7098,827,183769,2.87762,238,0,8,,0.1,4,0,0.1,1,0,0,0.835965,31,,3000,3000,,0,0,0,2
1613618054846,6,1010123456020,70,,1,0,24,1,2,,14.7023,833,182554,3.21436,243,0,8.33333,,15.029,69,0,0.1,20,80,0,6.46144,31,,3000,3000,,0,0,0,8.43478
1613618055096,6,1010123456020,70,,1,0,24,1,2,,13.9371,842,182855,2.96235,239,0,8,,0,0,0,0,0,0,0,0,0,,3000,3000,,0,0,0,0
1613618055347,6,1010123456020,70,,1,0,24,1,2,,13.2064,843,183777,2.71565,240,0,7.66667,,0,0,0,0,0,0,0,0,0,,3000,3000,,0,0,0,0
1613618055596,6,1010123456020,70,,1,0,24,1,2,,13.769,840,183553,2.895,239,0,8,,0,3,0,0.1,1,0,0,0,31,,3000,3000,,0,0,0,0
1613618055846,6,1010123456020,70,,1,0,24,1,2,,13.5752,831,182362,2.83563,239,0,7.83333,,0.1,26,0,0.1,8,0,0,4.81936,31,,3000,3000,,0,0,0,1.5
1613618056097,6,1010123456020,70,,1,0,24,1,2,,13.9039,853,183375,2.98493,243,0,8,,0,3,0,0.1,1,0,0,0,31,,3000,3000,,0,0,0,0
1613618056346,6,1010123456020,70,,1,0,24,1,2,,12.5903,842,182810,2.51881,238,0,7.33333,,0,0,0,0,0,0,0,0,0,,3000,3000,,0,0,0,0
1613618056596,6,1010123456020,70,,1,0,24,1,2,,13.8539,842,183074,2.90451,239,0,8,,0,0,0,0,0,0,0,0,0,,3000,3000,,0,0,0,0
1613618056846,6,1010123456020,70,,1,0,24,1,2,,13.8539,835,183569,2.96745,242,0,8,,0.1,30,0,0.1,9,0,0,2.05166,31,,3000,3000,,0,0,0,1.83333
1613618057096,6,1010123456020,70,,1,0,24,1,2,,13.2159,829,183513,2.7085,238,0,7.66667,,0.1,11,0,0.1,3,0,0,1.71113,31,,3000,3000,,0,0,0,1
1613618057346,6,1010123456020,70,,1,0,24,1,2,,13.2589,842,182392,2.74609,240,0,7.66667,,0,3,0,0.1,1,0,0,0,31,,3000,3000,,0,0,0,0
1613618057596,6,1010123456020,70,,1,0,24,1,2,,13.8287,823,184377,2.87097,235,0,8,,0,9,0,0.1,3,0,0,0,31,,3000,3000,,0,0,0,0
1613618057846,6,1010123456020,70,,1,0,24,1,2,,13.7661,838,184351,2.9618,242,0,7.83333,,0.1,29,0,0.1,9,11.1111,0,4.00775,31,,3000,3000,,0,0,0,2.96552
1613618058097,6,1010123456020,70,,1,0,24,1,2,,12.8619,818,183245,2.52707,235,0,7.66667,,13.4483,29,0,0.1,9,88.8889,0,4.74066,0,,3000,3000,,0,0,0,9.06897
1613618058347,6,1010123456020,70,,1,0,24,1,2,,13.2399,838,182564,2.78474,243,0,7.66667,,0.1,8,0,0.1,2,0,0,14.2816,31,,3000,3000,,0,0,0,1
1613618058596,6,1010123456020,70,,1,0,24,1,2,,13.2548,840,183741,2.73622,241,0,7.71429,,15,16,0,0,4,100,0,2.60765,0,,3000,3000,,0,0,0,10
1613618058846,6,1010123456020,70,,1,0,24,1,2,,13.5857,823,182950,2.88469,242,0,7.83333,,8.53061,49,0,0.1,15,53.3333,0,8.26425,31,,3000,3000,,0,0,0,5.85714
1613618059097,6,1010123456020,70,,1,0,24,1,2,,13.6928,830,182694,2.85248,236,0,7.83333,,0,0,0,0,0,0,0,0,0,,3000,3000,,0,0,0,0
1613618059347,6,1010123456020,70,,1,0,24,1,2,,13.4493,839,184069,2.8152,243,0,7.83333,,0,0,0,0,0,0,0,0,0,,3000,3000,,0,0,0,0
1613618059597,6,1010123456020,70,,1,0,24,1,2,,13.8744,844,183230,2.94954,241,0,8,,0.1,7,0,0.1,2,0,0,16.2068,31,,3000,3000,,0,0,0,1.85714
1613618059846,6,1010123456020,70,,1,0,24,1,2,,13.6151,821,182982,2.87393,239,0,7.83333,,5.87234,47,0,0.1,14,35.7143,0,9.80624,31,,3000,3000,,0,0,0,4.61702
1613618060097,6,1010123456020,70,,1,0,24,1,2,,13.451,836,182982,2.78896,239,0,7.83333,,0,0,0,0,0,0,0,0,0,,3000,3000,,0,0,0,0
1613618060347,6,1010123456020,70,,1,0,24,1,2,,13.2679,840,182610,2.73642,241,0,7.83333,,0.1,4,0,0.1,1,0,0,0.832463,31,,3000,3000,,0,0,0,2
1613618060597,6,1010123456020,70,,1,0,24,1,2,,13.7257,853,182386,2.93312,244,0,8,,0,0,0,0,0,0,0,0,0,,3000,3000,,0,0,0,0
1613618060846,6,1010123456020,70,,1,0,24,1,2,,12.2749,822,183269,2.5112,241,0,7.16667,,1.55172,29,0,0.1,8,0,0,7.66987,31,,3000,3000,,0,0,0,1.82759
1613618061096,6,1010123456020,70,,1,0,24,1,2,,13.3727,821,182582,2.75544,239,0,7.83333,,0,0,0,0,0,0,0,0,0,,3000,3000,,0,0,0,0
1613618061346,6,1010123456020,70,,1,0,24,1,2,,13.8115,838,182310,2.9475,241,0,8,,0,0,0,0,0,0,0,0,0,,3000,3000,,0,0,0,0
1613618061596,6,1010123456020,70,,1,0,24,1,2,,13.5656,831,183869,2.83769,239,0,7.85714,,0,0,0,0,0,0,0,0,0,,3000,3000,,0,0,0,0
1613618061846,6,1010123456020,70,,1,0,24,1,2,,14.6552,844,184069,3.25349,245,0,8.33333,,14.64,50,0,0.191293,14,57.1429,0,13.8019,31,,3000,3000,,0,0,0,6.04
1613618062096,6,1010123456020,70,,1,0,24,1,2,,13.7993,822,183413,2.86378,235,0,8,,0,3,0,0.1,1,0,0,0,31,,3000,3000,,0,0,0,0
1613618062346,6,1010123456020,70,,1,0,24,1,2,,13.4172,839,183170,2.80704,241,0,7.83333,,0,0,0,0,0,0,0,0,0,,3000,3000,,0,0,0,0
1613618062596,6,1010123456020,70,,1,0,24,1,2,,13.876,847,182810,2.95017,240,0,8,,0,3,0,0.1,1,0,0,0,31,,3000,3000,,0,0,0,0
1613618062847,6,1010123456020,70,,1,0,24,1,2,,13.4704,829,182712,2.80755,240,0,7.83333,,0.1,32,0,0.1,9,22.2222,0,5.12899,31,,3000,3000,,0,0,0,3.6875
1613618063096,6,1010123456020,70,,1,0,24,1,2,,13.8905,840,184313,2.91293,237,0,8,,0,6,0,0.1,2,0,0,0,31,,3000,3000,,0,0,0,0
1613618063346,6,1010123456020,70,,1,0,24,1,2,,13.859,851,183801,3.00016,244,0,8,,0.1,8,0,0.1,2,0,0,16.0398,31,,3000,3000,,0,0,0,1
1613618063596,6,1010123456020,70,,1,0,24,1,2,,13.6233,831,183345,2.85953,239,0,7.85714,,15,16,0,0,4,100,0,2.97867,0,,3000,3000,,0,0,0,10
1613618063846,6,1010123456020,70,,1,0,24,1,2,,13.2554,830,183513,2.74763,240,0,7.66667,,0.1,39,0,0.1,11,0,0,3.83474,31,,3000,3000,,0,0,0,1.61538
1613618064096,6,1010123456020,70,,1,0,24,1,2,,13.576,842,183234,2.86304,240,0,7.83333,,0.1,4,0,0.1,1,0,0,21.68,31,,3000,3000,,0,0,0,1
1613618064347,6,1010123456020,70,,1,0,24,1,2,,13.8553,836,182922,2.92941,240,0,8,,15,16,0,0,4,100,0,3.13919,0,,3000,3000,,0,0,0,10
1613618064597,6,1010123456020,70,,1,0,24,1,2,,13.6118,845,182368,2.90717,245,0,8,,0.1,8,0,0.1,2,50,0,1.04609,31,,3000,3000,,0,0,0,6
1613618064846,6,1010123456020,70,,1,0,24,1,2,,13.5409,832,183154,2.80704,237,0,7.83333,,0.1,29,0,0.1,8,0,0,1.6505,31,,3000,3000,,0,0,0,1.89655
1613618065096,6,1010123456020,70,,1,0,24,1,2,,13.895,838,182935,2.94384,239,0,8,,0,0,0,0,0,0,0,0,0,,3000,3000,,0,0,0,0
1613618065346,6,1010123456020,70,,1,0,24,1,2,,13.7611,854,183146,2.9307,242,0,8,,0,0,0,0,0,0,0,0,0,,3000,3000,,0,0,0,0
1613618065596,6,1010123456020,70,,1,0,24,1,2,,13.2697,823,183114,2.70895,236,0,7.71429,,0,0,0,0,0,0,0,0,0,,3000,3000,,0,0,0,0
1613618065846,6,1010123456020,70,,1,0,24,1,2,,13.8724,831,183601,2.96601,241,0,8,,1.75,32,0,0.1,9,0,0,11.6291,31,,3000,3000,,0,0,0,1.5625
1613618066096,6,1010123456020,70,,1,0,24,1,2,,13.8734,853,183381,2.99232,244,0,8,,0,12,0,0,4,100,0,0,0,,3000,2994,,0,0,0,0
1613618066346,6,1010123456020,70,,1,0,24,1,2,,13.1826,838,183030,2.74069,240,0,7.66667,,0,0,0,0,0,0,0,0,0,,3000,3000,,0,0,0,0
1613618066596,6,1010123456020,70,,1,0,24,1,2,,13.7556,855,183285,2.95483,245,0,8,,0,0,0,0,0,0,0,0,0,,3000,3000,,0,0,0,0
1613618066846,6,1010123456020,70,,1,0,24,1,2,,13.2608,836,182390,2.74506,240,0,7.66667,,1.77778,36,0,0.100498,10,10,0,8.20402,31,,3000,3000,,0,0,0,1.75
1613618067096,6,1010123456020,70,,1,0,24,1,2,,13.8917,840,184221,2.95788,240,0,8,,0,12,0,0,4,100,0,0,0,,3000,3000,,0,0,0,0
1613618067346,6,1010123456020,70,,1,0,24,1,2,,13.5793,851,183333,2.87698,242,0,7.83333,,0,0,0,0,0,0,0,0,0,,3000,3000,,0,0,0,0
1613618067596,6,1010123456020,70,,1,0,24,1,2,,13.5203,838,182530,2.82333,240,0,7.85714,,0,3,0,0.1,1,0,0,0,31,,3000,2994,,0,0,0,0
1613618067846,6,1010123456020,70,,1,0,24,1,2,,13.5282,833,183721,2.81892,239,0,7.83333,,0.1,27,0,0.1,8,0,0,1.30992,31,,3000,3000,,0,0,0,1.96296
1613618068096,6,1010123456020,70,,1,0,24,1,2,,13.2482,846,182986,2.76312,242,0,7.66667,,0.1,4,0,0.1,1,0,0,1.02001,31,,3000,3000,,0,0,0,3
1613618068347,6,1010123456020,70,,1,0,24,1,2,,13.5635,827,183545,2.81696,238,0,7.83333,,0.1,4,0,0.1,1,0,0,1.26311,31,,3000,3000,,0,0,0,2
1613618068596,6,1010123456020,70,,1,0,24,1,2,,13.3976,835,183873,2.80254,241,0,7.85714,,0,3,0,0.1,1,0,0,0,31,,3000,3000,,0,0,0,0
1613618068846,6,1010123456020,70,,1,0,24,1,2,,13.4421,837,183673,2.79296,239,0,7.83333,,0.1,26,0,0.1,7,0,0,5.96702,31,,3000,3000,,0,0,0,1.5
1613618069097,6,1010123456020,70,,1,0,24,1,2,,13.827,844,182594,2.95728,243,0,8,,0,0,0,0,0,0,0,0,0,,3000,3000,,0,0,0,0
1613618069346,6,1010123456020,70,,1,0,24,1,2,,13.4575,835,183553,2.8142,240,0,7.83333,,0.1,12,0,0.1,3,0,0,2.06869,31,,3000,3000,,0,0,0,1.33333
1613618069596,6,1010123456020,70,,1,0,24,1,2,,13.1337,830,184293,2.70554,238,0,7.57143,,0,0,0,0,0,0,0,0,0,,3000,3000,,0,0,0,0
1613618069847,6,1010123456020,70,,1,0,24,1,2,,13.2315,838,183014,2.71786,241,0,7.83333,,6,42,0,0.1,12,41.6667,0,7.75066,31,,3000,3000,,0,0,0,5.38095
1613618070096,6,1010123456020,70,,1,0,24,1,2,,13.8541,836,182798,2.94246,240,0,8,,0.1,4,0,0.1,1,0,0,0.986147,31,,3000,3000,,0,0,0,5
1613618070347,6,1010123456020,70,,1,0,24,1,2,,14.5095,840,183893,3.04758,241,0,8.16667,,0,0,0,0,0,0,0,0,0,,3000,3000,,0,0,0,0
1613618070596,6,1010123456020,70,,1,0,24,1,2,,13.5719,855,183733,2.92305,244,0,7.85714,,0,0,0,0,0,0,0,0,0,,3000,3000,,0,0,0,0
1613618070847,6,1010123456020,70,,1,0,24,1,2,,13.646,822,182750,2.88237,242,0,8,,5.72727,44,0,0.1,13,38.4615,0,10.8549,31,,3000,3000,,0,0,0,4.61364
1613618071097,6,1010123456020,70,,1,0,24,1,2,,12.9282,849,183659,2.6552,243,0,7.66667,,0,0,0,0,0,0,0,0,0,,3000,3000,,0,0,0,0
1613618071346,6,1010123456020,70,,1,0,24,1,2,,12.9548,841,183653,2.67933,242,0,7.66667,,0.1,12,0,0.1,3,0,0,1.20937,31,,3000,3000,,0,0,0,1.66667
1613618071597,6,1010123456020,70,,1,0,24,1,2,,13.2283,841,183381,2.72723,242,0,7.71429,,0,6,0,0.1,2,50,0,0,31,,3000,3000,,0,0,0,0
1613618071847,6,1010123456020,70,,1,0,24,1,2,,13.525,819,182918,2.80237,238,0,7.83333,,6.77419,31,0,0.1,9,44.4444,0,7.95693,31,,3000,3000,,0,0,0,5.64516
1613618072097,6,1010123456020,70,,1,0,24,1,2,,13.8558,839,183557,2.95235,241,0,8,,0.1,4,0,0.1,1,0,0,27.3589,31,,3000,3000,,0,0,0,1
1613618072346,6,1010123456020,70,,1,0,24,1,2,,15.9295,837,168127,3.38297,239,0,8.66667,,0,15,0,0.1,5,80,0,0,31,,3000,3000,,0,0,0,0
1613618072597,6,1010123456020,70,,1,0,24,1,2,,13.5067,821,183863,2.94445,238,0,7.85714,,0.1,4,0,0.1,1,0,0,0.975412,31,,3000,3000,,0,0,0,2
1613618072846,6,1010123456020,70,,1,0,24,1,2,,13.1669,839,182970,2.719,241,0,7.66667,,0.1,31,0,0.1,9,0,0,9.75596,31,,3000,3000,,0,0,0,1.93548
1613618073097,6,1010123456020,70,,1,0,24,1,2,,13.5139,827,183591,2.81661,239,0,7.83333,,0,0,0,0,0,0,0,0,0,,3000,3000,,0,0,0,0
1613618073346,6,1010123456020,70,,1,0,24,1,2,,13.8461,851,184089,2.96437,242,0,8,,0,0,0,0,0,0,0,0,0,,3000,3000,,0,0,0,0
1613618073596,6,1010123456020,70,,1,0,24,1,2,,13.5894,828,182927,2.83598,238,0,7.85714,,0,0,0,0,0,0,0,0,0,,3000,3000,,0,0,0,0
1613618073846,6,1010123456020,70,,1,0,24,1,2,,13.1005,846,183507,2.74275,244,0,7.66667,,0.1,34,0,0.1,10,10,0,1.78011,31,,3000,3000,,0,0,0,2.47059
1613618074096,6,1010123456020,70,,1,0,24,1,2,,13.3178,856,182374,2.78847,243,0,7.83333,,0,6,0,0.1,2,0,0,0,31,,3000,3000,,0,0,0,0
1613618074346,6,1010123456020,70,,1,0,24,1,2,,13.432,831,183901,2.81497,240,0,7.83333,,0,0,0,0,0,0,0,0,0,,3000,3000,,0,0,0,0
1613618074596,6,1010123456020,70,,1,0,24,1,2,,13.5904,835,183389,2.83631,240,0,7.85714,,0,0,0,0,0,0,0,0,0,,3000,3000,,0,0,0,0
1613618074846,6,1010123456020,70,,1,0,24,1,2,,13.1669,827,183066,2.74519,240,0,7.66667,,0.1,27,0,0.1,8,0,0,5.42051,31,,3000,3000,,0,0,0,1.51852
1613618075097,6,1010123456020,70,,1,0,24,1,2,,13.6868,843,183218,2.84698,240,0,8,,0,3,0,0.1,1,0,0,0,31,,3000,3000,,0,0,0,0
1613618075346,6,1010123456020,70,,1,0,24,1,2,,12.8652,831,183753,2.59746,238,0,7.5,,0,0,0,0,0,0,0,0,0,,3000,3000,,0,0,0,0
1613618075596,6,1010123456020,70,,1,0,24,1,2,,12.966,823,183281,2.62985,238,0,7.57143,,0,0,0,0,0,0,0,0,0,,3000,3000,,0,0,0,0
1613618075848,6,1010123456020,70,,1,0,24,1,2,,13.2315,812,183487,2.72462,241,0,7.66667,,1.81818,33,0,0.1,9,0,0,11.5335,31,,3012,3012,,0,0,0,1.42424
1613618076097,6,1010123456020,70,,1,0,24,1,2,,13.8318,850,183321,2.94262,241,0,8,,0,0,0,0,0,0,0,0,0,,2988,2988,,0,0,0,0
1613618076346,6,1010123456020,70,,1,0,24,1,2,,13.8489,847,183463,2.98355,243,0,8,,0,12,0,0,4,100,0,0,0,,3000,3000,,0,0,0,0
1613618076596,6,1010123456020,70,,1,0,24,1,2,,13.5275,836,183593,2.80231,238,0,7.85714,,0,6,0,0.1,2,0,0,0,31,,3000,3000,,0,0,0,0
1613618076846,6,1010123456020,70,,1,0,24,1,2,,13.0118,847,183985,2.70631,242,0,7.5,,8.46512,43,0,0.1,13,69.2308,0,3.79709,31,,3000,3000,,0,0,0,7.16279
1613618077096,6,1010123456020,70,,1,0,24,1,2,,13.7485,839,182802,2.8604,238,0,8,,0.1,14,0,0.1,4,25,0,1.34589,31,,3000,3000,,0,0,0,5.42857
1613618077346,6,1010123456020,70,,1,0,24,1,2,,13.8955,842,183631,2.95634,240,0,8,,0,0,0,0,0,0,0,0,0,,3000,3000,,0,0,0,0
1613618077596,6,1010123456020,70,,1,0,24,1,2,,13.4458,848,183421,2.80431,240,0,7.85714,,0,0,0,0,0,0,0,0,0,,3000,3000,,0,0,0,0
1613618077846,6,1010123456020,70,,1,0,24,1,2,,13.8502,841,183861,2.96925,242,0,8,,5.38095,42,0,0.1,13,30.7692,0,6.38128,31,,3000,3000,,0,0,0,4.40476
1613618078096,6,1010123456020,70,,1,0,24,1,2,,13.3183,842,183949,2.78361,240,0,7.66667,,0,0,0,0,0,0,0,0,0,,3000,3000,,0,0,0,0
1613618078346,6,1010123456020,70,,1,0,24,1,2,,13.7464,828,182670,2.85227,237,0,8,,0.1,4,0,0.1,1,0,0,2.20431,31,,3000,3000,,0,0,0,1
1613618078596,6,1010123456020,70,,1,0,24,1,2,,13.6055,839,183118,2.8799,241,0,7.85714,,0.1,8,0,0.1,2,0,0,15.379,31,,3000,3000,,0,0,0,1
1613618078846,6,1010123456020,70,,1,0,24,1,2,,13.5458,808,183725,2.8346,239,0,7.83333,,12.127,63,0,0.1,21,61.9048,0,9.92364,31,,3000,3000,,0,0,0,6.69841
1613618079096,6,1010123456020,70,,1,0,24,1,2,,14.488,830,182918,3.04238,238,0,8.16667,,0.1,4,0,0.1,1,0,0,1.25381,31,,3000,3000,,0,0,0,1
1613618079346,6,1010123456020,70,,1,0,24,1,2,,13.3151,841,183741,2.77272,241,0,7.83333,,9.23077,26,0,0.1,7,57.1429,0,6.4742,31,,3000,3000,,0,0,0,7.11538
1613618079597,6,1010123456020,70,,1,0,24,1,2,,13.6128,847,183059,2.90189,244,0,7.85714,,0.1,7,0,0.1,2,0,0,15.1224,31,,3000,3000,,0,0,0,1.85714
1613618079847,6,1010123456020,70,,1,0,24,1,2,,13.605,838,183661,2.86061,242,0,7.83333,,14.0789,38,0,0.1,12,66.6667,0,10.6495,31,,3000,2988,,0,0,0,7.15789
1613618080097,6,1010123456020,70,,1,0,24,1,2,,13.5706,836,183139,2.85046,241,0,7.83333,,0.1,7,0,0.1,2,0,0,1.29962,31,,3000,3000,,0,0,0,1.85714
1613618080346,6,1010123456020,70,,1,0,24,1,2,,13.9259,837,183587,2.97176,240,0,8,,0,0,0,0,0,0,0,0,0,,3000,3000,,0,0,0,0
1613618080596,6,1010123456020,70,,1,0,24,1,2,,13.4265,830,183269,2.76283,237,0,7.85714,,0,9,0,0.1,3,33.3333,0,0,31,,3000,3000,,0,0,0,0
1613618080846,6,1010123456020,70,,1,0,24,1,2,,13.2114,842,182994,2.78191,243,0,7.66667,,5.45455,33,0,0.1,10,40,0,8.56553,31,,3000,3000,,0,0,0,4.27273
1613618081096,6,1010123456020,70,,1,0,24,1,2,,13.071,845,183449,2.66991,241,0,7.66667,,0,3,0,0.1,1,0,0,0,31,,3000,3000,,0,0,0,0
1613618081347,6,1010123456020,70,,1,0,24,1,2,,13.7877,843,183601,2.92214,241,0,8,,0,0,0,0,0,0,0,0,0,,3000,3000,,0,0,0,0
1613618081597,6,1010123456020,70,,1,0,24,1,2,,13.5293,820,182480,2.77568,236,0,7.85714,,0,3,0,0.1,1,0,0,0,31,,3000,3000,,0,0,0,0
1613618081846,6,1010123456020,70,,1,0,24,1,2,,13.6366,831,182906,2.90149,241,0,7.83333,,0.1,25,0,0.1,8,0,0,4.84837,31,,3000,3000,,0,0,0,1.92
1613618082096,6,1010123456020,70,,1,0,24,1,2,,13.4172,839,184071,2.80768,241,0,7.83333,,0.1,7,0,0.1,2,0,0,2.77971,31,,3000,3000,,0,0,0,1.57143
1613618082346,6,1010123456020,70,,1,0,24,1,2,,13.7387,842,183673,2.88771,240,0,8,,0,0,0,0,0,0,0,0,0,,3000,3000,,0,0,0,0
1613618082597,6,1010123456020,70,,1,0,24,1,2,,13.5817,851,183058,2.84586,241,0,7.85714,,0,12,0,0.1,4,0,0,0,31,,3000,3000,,0,0,0,0
1613618082846,6,1010123456020,70,,1,0,24,1,2,,13.7327,823,184193,2.92575,240,0,7.83333,,3.10345,58,0,0.1,18,38.8889,0,5.55162,31,,3000,3000,,0,0,0,4.63793
1613618083097,6,1010123456020,70,,1,0,24,1,2,,13.5012,846,182760,2.83398,242,0,7.83333,,0,0,0,0,0,0,0,0,0,,3000,3000,,0,0,0,0
1613618083347,6,1010123456020,70,,1,0,24,1,2,,13.7437,831,182466,2.86832,239,0,8,,0.1,4,0,0.1,1,0,0,1.72084,31,,3000,2994,,0,0,0,1
1613618083597,6,1010123456020,70,,1,0,24,1,2,,13.4958,837,183729,2.83936,242,0,7.85714,,0,0,0,0,0,0,0,0,0,,3000,3000,,0,0,0,0
1613618083846,6,1010123456020,70,,1,0,24,1,2,,13.8501,814,182966,2.91219,238,0,8,,5.81818,44,0,0.124916,13,30.7692,0,10.4107,31,,3000,2994,,0,0,0,3.81818
1613618084096,6,1010123456020,70,,1,0,24,1,2,,13.4625,826,183533,2.82696,241,0,7.83333,,15,14,0,0,4,100,0,1.30973,0,,3000,3000,,0,0,0,10
1613618084346,6,1010123456020,70,,1,0,24,1,2,,13.2625,842,184477,2.72546,238,0,7.66667,,0,3,0,0.1,1,0,0,0,31,,3000,3000,,0,0,0,0
1613618084597,6,1010123456020,70,,1,0,24,1,2,,13.5238,842,182630,2.84883,242,0,7.85714,,0,0,0,0,0,0,0,0,0,,3000,3000,,0,0,0,0
1613618084846,6,1010123456020,70,,1,0,24,1,2,,13.4542,830,183102,2.78201,238,0,7.83333,,0.1,32,0,0.1,10,0,0,1.48193,31,,3000,3000,,0,0,0,1.71875
1613618085096,6,1010123456020,70,,1,0,24,1,2,,13.3522,832,182542,2.76607,238,0,7.66667,,0,0,0,0,0,0,0,0,0,,3000,3000,,0,0,0,0
1613618085346,6,1010123456020,70,,1,0,24,1,2,,13.1647,850,184157,2.74914,243,0,7.66667,,0.1,4,0,0.1,1,0,0,1.03559,31,,3000,2994,,0,0,0,2
1613618085596,6,1010123456020,70,,1,0,24,1,2,,13.2802,828,183797,2.71965,237,0,7.71429,,0.1,4,0,0.1,1,0,0,26.7134,31,,3000,3000,,0,0,0,1
1613618085846,6,1010123456020,70,,1,0,24,1,2,,13.0329,822,182950,2.65443,239,0,7.66667,,15,15,0,0,4,100,0,2.75941,0,,3000,3000,,0,0,0,10
1613618086096,6,1010123456020,70,,1,0,24,1,2,,13.8549,841,183733,2.944,240,0,8,,0.1,15,0,0.1,4,25,0,1.98951,31,,3000,3000,,0,0,0,3.93333
1613618086346,6,1010123456020,70,,1,0,24,1,2,,13.5976,850,182614,2.88289,242,0,7.83333,,0,3,0,0.1,1,0,0,0,31,,3000,3000,,0,0,0,0
1613618086597,6,1010123456020,70,,1,0,24,1,2,,13.4691,842,183339,2.8327,242,0,7.85714,,0,9,0,0.1,3,0,0,0,31,,3000,3000,,0,0,0,0
1613618086847,6,1010123456020,70,,1,0,24,1,2,,13.0987,821,183371,2.70368,242,0,7.66667,,3.5,30,0,0.1,10,0,0,15.7933,31,,3000,3000,,0,0,0,1
1613618087096,6,1010123456020,70,,1,0,24,1,2,,13.3909,839,183206,2.77102,240,0,7.83333,,0,0,0,0,0,0,0,0,0,,3000,3000,,0,0,0,0
1613618087346,6,1010123456020,70,,1,0,24,1,2,,12.9305,834,183475,2.65243,241,0,7.5,,0,0,0,0,0,0,0,0,0,,3000,3000,,0,0,0,0
1613618087596,6,1010123456020,70,,1,0,24,1,2,,13.0592,844,183635,2.70683,242,0,7.71429,,12,20,0,0.1,5,80,0,2.53332,31,,3000,3000,,0,0,0,8.4
1613618087846,6,1010123456020,70,,1,0,24,1,2,,13.253,826,183345,2.72045,238,0,7.83333,,0.1,33,0,0.1,10,10,0,1.40528,31,,3000,3000,,0,0,0,4
1613618088097,6,1010123456020,70,,1,0,24,1,2,,13.5601,832,183111,2.8369,241,0,8,,0.1,7,0,0.1,2,0,0,1.74661,31,,3000,3000,,0,0,0,1.57143
1613618088346,6,1010123456020,70,,1,0,24,1,2,,12.8517,843,184063,2.67521,242,0,7.66667,,0.1,8,0,0.1,2,0,0,2.8517,31,,3000,3000,,0,0,0,1.5
1613618088596,6,1010123456020,70,,1,0,24,1,2,,13.0931,859,183313,2.73198,245,0,7.71429,,0.1,16,0,0.1,4,25,0,1.0604,31,,3000,3000,,0,0,0,5
1613618088847,6,1010123456020,70,,1,0,24,1,2,,13.0552,834,182772,2.66765,240,0,7.66667,,1.93548,31,0,0.1,9,0,0,8.22853,31,,3000,3000,,0,0,0,1.35484
1613618089097,6,1010123456020,70,,1,0,24,1,2,,13.2695,835,183381,2.73485,240,0,7.83333,,0.1,16,0,0.1,4,50,0,1.98661,31,,3000,3000,,0,0,0,5.75
1613618089346,6,1010123456020,70,,1,0,24,1,2,,13.4672,854,183869,2.88578,244,0,7.83333,,0.1,8,0,0.1,2,0,0,3.44326,31,,3000,3000,,0,0,0,1
1613618089596,6,1010123456020,70,,1,0,24,1,2,,13.8765,826,182558,2.90769,238,0,8,,0.1,8,0,0.1,2,0,0,13.2576,31,,3000,3000,,0,0,0,1
1613618089846,6,1010123456020,70,,1,0,24,1,2,,13.5103,827,183333,2.8666,243,0,7.83333,,14.1,10,0,0.1,3,0,0,29.9139,31,,3000,3000,,0,0,0,1
1613618090097,6,1010123456020,70,,1,0,24,1,2,,13.7414,847,183973,2.90653,241,0,8,,12,20,0,0.1,5,80,0,2.8956,0,,3000,3000,,0,0,0,8.2
1613618090346,6,1010123456020,70,,1,0,24,1,2,,13.8985,847,182942,2.97038,241,0,8,,0,3,0,0.1,1,0,0,0,31,,3000,3000,,0,0,0,0
1613618090596,6,1010123456020,70,,1,0,24,1,2,,13.795,839,183443,2.94451,240,0,7.85714,,0.1,13,0,0.1,4,0,0,1.54439,31,,3000,3000,,0,0,0,1.92308
1613618090847,6,1010123456020,70,,1,0,24,1,2,,13.6036,830,183987,2.83715,241,0,8,,0.1,41,0,0.1,13,38.4615,0,3.67974,31,,3000,3000,,0,0,0,4.36585
1613618091096,6,1010123456020,70,,1,0,24,1,2,,13.881,832,182862,2.92851,238,0,8,,0,0,0,0,0,0,0,0,0,,3000,3000,,0,0,0,0
1613618091346,6,1010123456020,70,,1,0,24,1,2,,13.8194,847,183733,2.887,242,0,7.83333,,0,3,0,0.1,1,0,0,0,31,,3000,3000,,0,0,0,0
1613618091596,6,1010123456020,70,,1,0,24,1,2,,13.5699,851,183421,2.87653,244,0,7.85714,,0,0,0,0,0,0,0,0,0,,3000,3000,,0,0,0,0
1613618091846,6,1010123456020,70,,1,0,24,1,2,,15.0073,825,181246,3.33089,242,0,8.5,,14.8144,97,0,0.1,32,87.5,0,3.96297,31,,3000,3000,,0,0,0,8.8866
1613618092096,6,1010123456020,70,,1,0,24,1,2,,13.8726,848,183365,2.95958,241,0,8,,0,0,0,0,0,0,0,0,0,,3000,3000,,0,0,0,0
1613618092346,6,1010123456020,70,,1,0,24,1,2,,13.9126,847,183573,2.97655,241,0,8,,0,0,0,0,0,0,0,0,0,,3000,3000,,0,0,0,0
1613618092596,6,1010123456020,70,,1,0,24,1,2,,13.5047,848,183837,2.86063,241,0,7.71429,,0,0,0,0,0,0,0,0,0,,3000,3000,,0,0,0,0
1613618092846,6,1010123456020,70,,1,0,24,1,2,,13.4871,815,183046,2.70744,233,0,8,,0.1,40,0,0.1,11,0,0,4.33507,31,,3000,3000,,0,0,0,1.875
1613618093097,6,1010123456020,70,,1,0,24,1,2,,13.7224,814,184211,2.84301,236,0,8,,0,0,0,0,0,0,0,0,0,,3000,3000,,0,0,0,0
1613618093347,6,1010123456020,70,,1,0,24,1,2,,13.0439,842,182588,2.65498,240,0,7.66667,,0,0,0,0,0,0,0,0,0,,3000,3000,,0,0,0,0
1613618093596,6,1010123456020,70,,1,0,24,1,2,,13.483,822,182690,2.75194,234,0,7.85714,,0,0,0,0,0,0,0,0,0,,3000,3000,,0,0,0,0
1613618093846,6,1010123456020,70,,1,0,24,1,2,,13.3905,822,184197,2.79367,241,0,7.83333,,5.2093,43,0,0.1,12,33.3333,0,6.77814,31,,3000,3000,,0,0,0,3.96899
1613618094096,6,1010123456020,70,,1,0,24,1,2,,13.5298,838,183941,2.85651,241,0,7.83333,,0.1,4,0,0.1,1,0,0,1.74342,31,,3000,3000,,0,0,0,1
1613618094346,6,1010123456020,70,,1,0,24,1,2,,13.2533,841,183763,2.76013,241,0,7.66667,,0,3,0,0.1,1,0,0,0,31,,3000,3000,,0,0,0,0
1613618094597,6,1010123456020,70,,1,0,24,1,2,,13.2566,838,183717,2.69443,237,0,7.71429,,0,12,0,0,4,100,0,0,0,,3000,3000,,0,0,0,0
1613618094846,6,1010123456020,70,,1,0,24,1,2,,13.8643,840,183501,2.95496,241,0,8,,5.48837,43,0,0.1,13,30.7692,0,8.87062,31,,3000,3000,,0,0,0,3.67442
1613618095096,6,1010123456020,70,,1,0,24,1,2,,13.5689,849,182678,2.86243,241,0,7.83333,,0,3,0,0.1,1,0,0,0,31,,3000,3000,,0,0,0,0
1613618095346,6,1010123456020,70,,1,0,24,1,2,,13.8588,843,184309,2.97388,242,0,8,,0,0,0,0,0,0,0,0,0,,3000,3000,,0,0,0,0
1613618095597,6,1010123456020,70,,1,0,24,1,2,,13.8217,830,184235,2.92915,240,0,8,,0,0,0,0,0,0,0,0,0,,3000,3000,,0,0,0,0
1613618095846,6,1010123456020,70,,1,0,24,1,2,,13.8237,828,183070,2.9565,241,0,8,,1.37681,69,0,0.1,20,5,0,12.4478,31,,3000,3000,,0,0,0,1.63768
1613618096096,6,1010123456020,70,,1,0,24,1,2,,13.5574,836,183014,2.81722,238,0,7.83333,,0.1,4,0,0.1,1,0,0,1.58692,31,,3000,3000,,0,0,0,1
1613618096346,6,1010123456020,70,,1,0,24,1,2,,13.5161,837,183845,2.82278,239,0,7.83333,,0,3,0,0.1,1,0,0,0,31,,3000,3000,,0,0,0,0
1613618096596,6,1010123456020,70,,1,0,24,1,2,,13.4321,803,183747,2.71669,233,0,7.85714,,0.1,4,0,0.1,1,0,0,0.711952,31,,3000,3000,,0,0,0,2
1613618096846,6,1010123456020,70,,1,0,24,1,2,,13.8509,825,183054,2.95325,240,0,8,,0.1,30,0,0.1,8,0,0,5.57062,31,,3000,3000,,0,0,0,1.73333
1613618097096,6,1010123456020,70,,1,0,24,1,2,,13.3301,833,183677,2.75023,237,0,7.66667,,0,3,0,0.1,1,0,0,0,31,,3000,3000,,0,0,0,0
1613618097346,6,1010123456020,70,,1,0,24,1,2,,13.828,849,182998,2.94149,242,0,8,,0,0,0,0,0,0,0,0,0,,3000,3000,,0,0,0,0
1613618097597,6,1010123456020,70,,1,0,24,1,2,,13.4627,845,183365,2.8176,242,0,7.85714,,0,0,0,0,0,0,0,0,0,,3000,3000,,0,0,0,0
1613618097846,6,1010123456020,70,,1,0,24,1,2,,12.9427,820,183245,2.617,238,0,7.5,,3.67347,49,0,0.1,14,28.5714,0,5.17956,31,,3000,3000,,0,0,0,3.77551
1613618098096,6,1010123456020,70,,1,0,24,1,2,,13.1336,831,182534,2.68973,238,0,7.66667,,0,0,0,0,0,0,0,0,0,,3000,3000,,0,0,0,0
1613618098346,6,1010123456020,70,,1,0,24,1,2,,13.7326,834,182558,2.88549,239,0,8,,0.1,10,0,0.1,3,33.3333,0,1.30821,31,,3000,3000,,0,0,0,4.9
1613618098597,6,1010123456020,70,,1,0,24,1,2,,13.6845,821,183899,2.86211,237,0,7.85714,,0,0,0,0,0,0,0,0,0,,3000,3000,,0,0,0,0
1613618098847,6,1010123456020,70,,1,0,24,1,2,,12.8455,809,183677,2.55021,238,0,7.66667,,6.25,36,0,0.1,11,36.3636,0,4.3894,31,,3000,3000,,0,0,0,5.33333
1613618099096,6,1010123456020,70,,1,0,24,1,2,,13.5647,827,183453,2.84283,239,0,7.83333,,0.1,4,0,0.1,1,0,0,1.64598,31,,3000,3000,,0,0,0,1
1613618099346,6,1010123456020,70,,1,0,24,1,2,,13.5527,845,184245,2.86284,242,0,7.83333,,0,0,0,0,0,0,0,0,0,,3000,3000,,0,0,0,0
1613618099597,6,1010123456020,70,,1,0,24,1,2,,13.4748,832,183845,2.76032,236,0,7.85714,,0,3,0,0.1,1,0,0,0,31,,3000,3000,,0,0,0,0
1613618099846,6,1010123456020,70,,1,0,24,1,2,,12.7201,829,183543,2.60183,242,0,7.5,,10.5652,23,0,0.1,7,57.1429,0,11.3504,31,,3000,3000,,0,0,0,6.08696
1613618100097,6,1010123456020,70,,1,0,24,1,2,,13.1616,848,184017,2.72083,242,0,7.66667,,0,0,0,0,0,0,0,0,0,,3000,3000,,0,0,0,0
1613618100347,6,1010123456020,70,,1,0,24,1,2,,13.5532,846,183697,2.82307,241,0,7.83333,,0,0,0,0,0,0,0,0,0,,3000,3000,,0,0,0,0
1613618100597,6,1010123456020,70,,1,0,24,1,2,,13.389,838,182618,2.77504,240,0,7.85714,,0,0,0,0,0,0,0,0,0,,3000,3000,,0,0,0,0
1613618100846,6,1010123456020,70,,1,0,24,1,2,,14.3964,835,183873,3.14985,243,0,8.16667,,15.2154,65,0,0.1,20,80,0,7.07477,31,,3000,3000,,0,0,0,8.06154
1613618101096,6,1010123456020,70,,1,0,24,1,2,,13.5906,833,183417,2.79059,237,0,8,,0,0,0,0,0,0,0,0,0,,3000,3000,,0,0,0,0
1613618101346,6,1010123456020,70,,1,0,24,1,2,,13.8989,841,183106,2.94692,239,0,8,,0,0,0,0,0,0,0,0,0,,3000,3000,,0,0,0,0
1613618101596,6,1010123456020,70,,1,0,24,1,2,,13.8995,836,182746,2.94847,239,0,8,,0,0,0,0,0,0,0,0,0,,3000,3000,,0,0,0,0
1613618101846,6,1010123456020,70,,1,0,24,1,2,,13.4554,830,183393,2.82747,241,0,7.83333,,0.1,25,0,0.1,7,14.2857,0,9.35033,31,,3000,3000,,0,0,0,3.2
1613618102096,6,1010123456020,70,,1,0,24,1,2,,13.9213,851,183122,2.98904,242,0,8,,0,0,0,0,0,0,0,0,0,,3000,3000,,0,0,0,0
1613618102347,6,1010123456020,70,,1,0,24,1,2,,13.9157,842,182234,2.95526,240,0,8,,0,12,0,0,4,100,0,0,0,,3000,3000,,0,0,0,0
1613618102596,6,1010123456020,70,,1,0,24,1,2,,13.5593,851,183018,2.86464,242,0,7.85714,,0,0,0,0,0,0,0,0,0,,3000,3000,,0,0,0,0
1613618102846,6,1010123456020,70,,1,0,24,1,2,,13.3954,827,183138,2.82037,240,0,7.66667,,4.6,40,0,0.103197,11,18.1818,0,7.01554,31,,3000,3000,,0,0,0,2.8
1613618103097,6,1010123456020,70,,1,0,24,1,2,,13.6793,842,182514,2.87622,242,0,8,,8,15,0,0.1,4,50,0,2.23285,31,,3000,3000,,0,0,0,6.06667
1613618103347,6,1010123456020,70,,1,0,24,1,2,,13.2884,839,184281,2.73264,239,0,7.66667,,0,6,0,0.1,2,0,0,0,31,,3000,3000,,0,0,0,0
1613618103596,6,1010123456020,70,,1,0,24,1,2,,13.5042,841,182770,2.80283,238,0,7.85714,,0,0,0,0,0,0,0,0,0,,3000,3000,,0,0,0,0
1613618103846,6,1010123456020,70,,1,0,24,1,2,,13.564,812,183074,2.78384,235,0,7.8,,0.1,26,0,0.1,8,12.5,0,4.10419,31,,3000,3000,,0,0,0,2.84615
1613618104096,6,1010123456020,70,,1,0,24,1,2,,13.8161,832,183481,2.92533,239,0,8,,0,0,0,0,0,0,0,0,0,,3000,3000,,0,0,0,0
1613618104346,6,1010123456020,70,,1,0,24,1,2,,13.5718,829,183377,2.80019,236,0,7.83333,,0.1,10,0,0.1,3,0,0,1.45791,31,,3000,3000,,0,0,0,1.6
1613618104596,6,1010123456020,70,,1,0,24,1,2,,13.8812,842,183249,2.95351,240,0,8,,0,0,0,0,0,0,0,0,0,,3000,3000,,0,0,0,0
1613618104846,6,1010123456020,70,,1,0,24,1,2,,13.6061,825,184305,2.79798,235,0,7.83333,,5.47368,38,0,0.1,11,36.3636,0,3.64313,31,,3000,3000,,0,0,0,4.52632
1613618105096,6,1010123456020,70,,1,0,24,1,2,,13.541,830,184177,2.80421,237,0,7.83333,,0,0,0,0,0,0,0,0,0,,3000,3000,,0,0,0,0
1613618105346,6,1010123456020,70,,1,0,24,1,2,,13.8697,844,183865,2.9548,240,0,8,,0,0,0,0,0,0,0,0,0,,3000,3000,,0,0,0,0
1613618105597,6,1010123456020,70,,1,0,24,1,2,,13.7834,831,184089,2.87968,238,0,8,,0,6,0,0.1,2,0,0,0,31,,3000,3000,,0,0,0,0
1613618105847,6,1010123456020,70,,1,0,24,1,2,,13.3845,840,183833,2.78851,241,0,7.83333,,4.28571,42,0,0.1,13,38.4615,0,3.91942,31,,3000,3000,,0,0,0,5.40476
1613618106097,6,1010123456020,70,,1,0,24,1,2,,13.5468,823,183463,2.78992,237,0,7.83333,,0,0,0,0,0,0,0,0,0,,3000,3000,,0,0,0,0
1613618106346,6,1010123456020,70,,1,0,24,1,2,,13.2721,838,184313,2.727,238,0,7.66667,,0,0,0,0,0,0,0,0,0,,3000,3000,,0,0,0,0
1613618106597,6,1010123456020,70,,1,0,24,1,2,,13.171,848,183785,2.71478,241,0,7.71429,,0,0,0,0,0,0,0,0,0,,3000,3000,,0,0,0,0
1613618106846,6,1010123456020,70,,1,0,24,1,2,,14.9641,807,182442,3.22043,236,0,8.5,,14.9692,65,0,0.118618,20,80,0,6.07661,31,,3000,3000,,0,0,0,8.2
1613618107096,6,1010123456020,70,,1,0,24,1,2,,13.0623,835,183070,2.70275,239,0,7.66667,,0.1,8,0,0.1,2,0,0,1.14931,31,,3000,3000,,0,0,0,4
1613618107346,6,1010123456020,70,,1,0,24,1,2,,14.4241,837,182910,2.97944,239,0,8.16667,,0.1,4,0,0.1,1,0,0,1.73208,0,,3000,3000,,0,0,0,2
1613618107597,6,1010123456020,70,,1,0,24,1,2,,13.5662,846,182484,2.87827,242,0,8,,0.1,23,0,0.1,7,57.1429,0,0.755807,31,,3000,3000,,0,0,0,6.56522
1613618107846,6,1010123456020,70,,1,0,24,1,2,,14.754,821,183030,3.21192,239,0,8.4,,14.7273,66,0,0.124177,21,76.1905,0,6.76314,31,,3000,3000,,0,0,0,8
1613618108096,6,1010123456020,70,,1,0,24,1,2,,13.3983,841,183589,2.75827,239,0,7.83333,,0,15,0,0.1,5,80,0,0,31,,3000,3000,,0,0,0,0
1613618108347,6,1010123456020,70,,1,0,24,1,2,,13.2273,836,182995,2.71498,239,0,7.66667,,0,0,0,0,0,0,0,0,0,,3000,3000,,0,0,0,0
1613618108597,6,1010123456020,70,,1,0,24,1,2,,13.3779,807,182694,2.67094,231,0,7.85714,,0,0,0,0,0,0,0,0,0,,3000,3000,,0,0,0,0
1613618108846,6,1010123456020,70,,1,0,24,1,2,,13.0328,822,183142,2.65899,237,0,7.5,,0.1,33,0,0.1,9,0,0,7.01908,31,,3000,3000,,0,0,0,1.21212
1613618109097,6,1010123456020,70,,1,0,24,1,2,,13.1399,829,183142,2.69363,240,0,7.66667,,0,0,0,0,0,0,0,0,0,,3000,3000,,0,0,0,0
1613618109346,6,1010123456020,70,,1,0,24,1,2,,13.4418,833,182846,2.79492,240,0,7.83333,,0,2,0,0.1,1,0,0,0,31,,3000,3000,,0,0,0,0
1613618109596,6,1010123456020,70,,1,0,24,1,2,,13.2894,843,183198,2.77921,243,0,7.85714,,0.1,7,0,0.1,2,0,0,0.957466,31,,3000,3000,,0,0,0,2
1613618109847,6,1010123456020,70,,1,0,24,1,2,,13.5644,831,183608,2.86678,243,0,7.83333,,4.7451,51,0,0.10288,15,26.6667,0,8.91621,31,,3000,2994,,0,0,0,3.86275
1613618110097,6,1010123456020,70,,1,0,24,1,2,,13.1182,812,183872,2.66909,237,0,7.66667,,0.1,4,0,0.1,1,0,0,1.28682,31,,3000,3000,,0,0,0,4
1613618110346,6,1010123456020,70,,1,0,24,1,2,,13.8874,844,183880,2.95505,240,0,8,,0,3,0,0.1,1,0,0,0,31,,3000,3000,,0,0,0,0
1613618110597,6,1010123456020,70,,1,0,24,1,2,,13.1998,831,183310,2.73946,240,0,7.57143,,11.25,16,0,0.1,5,80,0,8.18576,31,,3000,3000,,0,0,0,7.75
1613618110847,6,1010123456020,70,,1,0,24,1,2,,13.0215,837,183956,2.68554,243,0,7.66667,,0.1,29,0,0.1,8,0,0,5.71489,31,,3000,3000,,0,0,0,1.37931
1613618111096,6,1010123456020,70,,1,0,24,1,2,,12.9388,850,183484,2.6418,242,0,7.66667,,0,0,0,0,0,0,0,0,0,,3000,3000,,0,0,0,0
1613618111346,6,1010123456020,70,,1,0,24,1,2,,13.9493,829,182885,2.9591,238,0,8,,0.1,4,0,0.1,1,0,0,1.5795,31,,3000,3000,,0,0,0,1
1613618111596,6,1010123456020,70,,1,0,24,1,2,,13.7957,837,183858,2.97285,242,0,7.85714,,0,0,0,0,0,0,0,0,0,,3000,3000,,0,0,0,0
1613618111846,6,1010123456020,70,,1,0,24,1,2,,13.3397,836,183021,2.75611,240,0,7.83333,,1.35484,31,0,0.1,9,0,0,11.4592,31,,3000,3000,,0,0,0,1.87097
1613618112096,6,1010123456020,70,,1,0,24,1,2,,13.3969,829,183628,2.75659,235,0,7.8,,0,0,0,0,0,0,0,0,0,,3000,3000,,0,0,0,0
1613618112346,6,1010123456020,70,,1,0,24,1,2,,13.4757,843,183173,2.79287,240,0,7.83333,,0,0,0,0,0,0,0,0,0,,3000,3000,,0,0,0,0
1613618112597,6,1010123456020,70,,1,0,24,1,2,,12.8599,842,182515,2.62707,240,0,7.57143,,0,3,0,0.1,1,0,0,0,31,,3000,3000,,0,0,0,0
1613618112846,6,1010123456020,70,,1,0,24,1,2,,13.4606,812,183033,2.78214,238,0,7.83333,,9.46512,43,0,0.1,14,57.1429,0,8.79455,31,,3000,2994,,0,0,0,6.51163
1613618113097,6,1010123456020,70,,1,0,24,1,2,,13.3527,808,183588,2.6784,232,0,7.83333,,0,0,0,0,0,0,0,0,0,,3000,3000,,0,0,0,0
1613618113346,6,1010123456020,70,,1,0,24,1,2,,13.53,851,182557,2.87602,244,0,7.83333,,0,0,0,0,0,0,0,0,0,,3000,3000,,0,0,0,0
1613618113596,6,1010123456020,70,,1,0,24,1,2,,13.5798,840,184092,2.84154,239,0,7.85714,,12,20,0,0.1,5,80,0,1.52916,31,,3000,3000,,0,0,0,8.2
1613618113846,6,1010123456020,70,,1,0,24,1,2,,13.3662,822,183468,2.79502,239,0,7.66667,,1.40625,32,0,0.1,9,0,0,6.4062,31,,3000,3000,,0,0,0,2.3125
1613618114096,6,1010123456020,70,,1,0,24,1,2,,13.4029,839,182597,2.75878,239,0,7.83333,,0,0,0,0,0,0,0,0,0,,3000,3000,,0,0,0,0
1613618114346,6,1010123456020,70,,1,0,24,1,2,,13.0526,836,184168,2.70439,242,0,7.66667,,0.1,4,0,0.1,1,0,0,0.952515,31,,3000,3000,,0,0,0,3
1613618114596,6,1010123456020,70,,1,0,24,1,2,,12.87,831,183065,2.62615,239,0,7.42857,,0,0,0,0,0,0,0,0,0,,3000,3000,,0,0,0,0
1613618114847,6,1010123456020,70,,1,0,24,1,2,,13.119,840,182927,2.70906,242,0,7.66667,,0.1,27,0,0.1,8,0,0,4.75469,31,,3000,3000,,0,0,0,1.11111
1613618115097,6,1010123456020,70,,1,0,24,1,2,,12.6623,838,183846,2.51837,239,0,7.5,,0,9,0,0.1,3,66.6667,0,0,31,,3000,3000,,0,0,0,0
1613618115346,6,1010123456020,70,,1,0,24,1,2,,13.7374,834,183230,2.84353,237,0,8,,0,0,0,0,0,0,0,0,0,,3000,3000,,0,0,0,0
1613618115596,6,1010123456020,70,,1,0,24,1,2,,13.9127,848,183824,2.96405,240,0,8,,0,0,0,0,0,0,0,0,0,,3000,3000,,0,0,0,0
1613618115846,6,1010123456020,70,,1,0,24,1,2,,13.3742,815,183272,2.79014,239,0,7.66667,,2.14286,21,0,0.1,6,0,0,12.5808,31,,3000,3000,,0,0,0,1.19048
1613618116096,6,1010123456020,70,,1,0,24,1,2,,13.1278,845,183528,2.67618,240,0,7.8,,0,15,0,0.1,5,80,0,0,31,,3000,3000,,0,0,0,0
1613618116346,6,1010123456020,70,,1,0,24,1,2,,13.2747,841,182529,2.74053,239,0,7.8,,0,0,0,0,0,0,0,0,0,,3000,3000,,0,0,0,0
1613618116597,6,1010123456020,70,,1,0,24,1,2,,13.5974,842,182135,2.84621,240,0,7.85714,,0,0,0,0,0,0,0,0,0,,3000,3000,,0,0,0,0
1613618116847,6,1010123456020,70,,1,0,24,1,2,,13.8847,824,183782,2.91808,238,0,8,,0.1,32,0,0.1,10,10,0,4.62493,31,,3000,3000,,0,0,0,3.15625
1613618117096,6,1010123456020,70,,1,0,24,1,2,,13.8118,829,183320,2.90564,238,0,8,,0,0,0,0,0,0,0,0,0,,3000,3000,,0,0,0,0
1613618117346,6,1010123456020,70,,1,0,24,1,2,,13.5682,850,182873,2.86114,241,0,7.83333,,0,3,0,0.1,1,0,0,0,31,,3000,3000,,0,0,0,0
1613618117596,6,1010123456020,70,,1,0,24,1,2,,13.587,833,183233,2.83007,238,0,7.83333,,0,12,0,0,4,100,0,0,0,,3000,3000,,0,0,0,0
1613618117846,6,1010123456020,70,,1,0,24,1,2,,14.777,825,182537,3.23579,242,0,8.33333,,14.2524,103,0,0.1,33,84.8485,0,5.24082,31,,3000,3000,,0,0,0,8.31068
1613618118096,6,1010123456020,70,,1,0,24,1,2,,13.8919,851,182601,2.98288,242,0,8,,0,6,0,0.1,2,0,0,0,31,,3000,3000,,0,0,0,0
1613618118346,6,1010123456020,70,,1,0,24,1,2,,13.8878,847,183145,2.96575,241,0,8,,0,3,0,0.1,1,0,0,0,0,,3000,3000,,0,0,0,0
1613618118597,6,1010123456020,70,,1,0,24,1,2,,13.0037,819,183698,2.59056,235,0,7.71429,,0,3,0,0.1,1,0,0,0,31,,3000,3000,,0,0,0,0
1613618118847,6,1010123456020,70,,1,0,24,1,2,,12.6352,847,183117,2.58605,246,0,7.5,,0.1,29,0,0.1,8,12.5,0,3.50893,31,,3000,3000,,0,0,0,3.37931
1613618119096,6,1010123456020,70,,1,0,24,1,2,,13.8979,823,182997,2.92655,237,0,8,,0.1,4,0,0.1,1,0,0,1.40096,31,,3000,3000,,0,0,0,2
1613618119347,6,1010123456020,70,,1,0,24,1,2,,13.9099,821,183826,2.94589,239,0,8,,0,0,0,0,0,0,0,0,0,,3000,3000,,0,0,0,0
1613618119597,6,1010123456020,70,,1,0,24,1,2,,13.5372,834,183484,2.8433,241,0,7.85714,,7.5,8,0,0.1,2,0,0,28.1629,31,,3000,3000,,0,0,0,1
1613618119847,6,1010123456020,70,,1,0,24,1,2,,13.8609,827,183268,2.9353,240,0,8,,5.5814,43,0,0.1,13,46.1538,0,4.8614,31,,3000,3000,,0,0,0,5.60465
1613618120096,6,1010123456020,70,,1,0,24,1,2,,13.8823,841,183149,2.93921,239,0,8,,0,0,0,0,0,0,0,0,0,,3000,3000,,0,0,0,0
1613618120347,6,1010123456020,70,,1,0,24,1,2,,13.9228,829,183069,2.97539,241,0,8,,0,0,0,0,0,0,0,0,0,,3000,3000,,0,0,0,0
1613618120596,6,1010123456020,70,,1,0,24,1,2,,13.5781,839,182941,2.86165,241,0,7.85714,,0,3,0,0.1,1,0,0,0,31,,3000,3000,,0,0,0,0
1613618120846,6,1010123456020,70,,1,0,24,1,2,,13.2479,843,183796,2.76414,242,0,7.83333,,1.54839,31,0,0.1,9,11.1111,0,9.61382,31,,3000,3000,,0,0,0,3.03226
1613618121097,6,1010123456020,70,,1,0,24,1,2,,12.9524,840,183832,2.6,238,0,7.66667,,0,0,0,0,0,0,0,0,0,,3000,3000,,0,0,0,0
1613618121346,6,1010123456020,70,,1,0,24,1,2,,13.0314,829,184332,2.67229,239,0,7.66667,,15,13,0,0,4,100,0,2.37215,0,,3000,3000,,0,0,0,10
1613618121596,6,1010123456020,70,,1,0,24,1,2,,13.2509,841,183236,2.71431,239,0,7.71429,,0,15,0,0.1,5,80,0,0,31,,3000,3000,,0,0,0,0
1613618121846,6,1010123456020,70,,1,0,24,1,2,,13.5962,842,183890,2.86577,241,0,7.83333,,5.29412,34,0,0.1,11,36.3636,0,4.12032,31,,3000,3000,,0,0,0,4.82353
1613618122096,6,1010123456020,70,,1,0,24,1,2,,13.3269,832,183508,2.74519,236,0,7.66667,,0,9,0,0.1,3,66.6667,0,0,0,,3000,3000,,0,0,0,0
1613618122346,6,1010123456020,70,,1,0,24,1,2,,13.4455,844,183954,2.80604,242,0,7.83333,,0,3,0,0.1,1,0,0,0,31,,3000,3000,,0,0,0,0
1613618122597,6,1010123456020,70,,1,0,24,1,2,,13.8365,838,182749,2.94154,239,0,7.85714,,0.1,4,0,0.1,1,0,0,26.1981,31,,3000,3000,,0,0,0,1
1613618122846,6,1010123456020,70,,1,0,24,1,2,,13.2876,838,182317,2.75592,242,0,8,,15,15,0,0,4,100,0,2.11478,0,,3000,3000,,0,0,0,10
1613618123096,6,1010123456020,70,,1,0,24,1,2,,13.8689,839,183053,2.95325,240,0,8,,0.1,7,0,0.1,2,0,0,1.54882,31,,3000,3000,,0,0,0,1.42857
1613618123346,6,1010123456020,70,,1,0,24,1,2,,13.3574,831,183792,2.79274,240,0,7.83333,,0,0,0,0,0,0,0,0,0,,3000,3000,,0,0,0,0
1613618123596,6,1010123456020,70,,1,0,24,1,2,,13.3072,817,183025,2.664,233,0,7.85714,,0.1,12,0,0.1,3,0,0,1.12845,31,,3000,3000,,0,0,0,3
1613618123846,6,1010123456020,70,,1,0,24,1,2,,13.622,820,183832,2.86047,240,0,8,,5,42,0,0.1,12,33.3333,0,4.75724,31,,3000,3000,,0,0,0,4.35714
1613618124097,6,1010123456020,70,,1,0,24,1,2,,13.5328,839,183550,2.84432,241,0,7.83333,,0.1,8,0,0.1,2,0,0,3.1255,31,,3000,3000,,0,0,0,1
1613618124346,6,1010123456020,70,,1,0,24,1,2,,13.8938,838,183240,2.94692,239,0,8,,0,0,0,0,0,0,0,0,0,,3000,3000,,0,0,0,0
1613618124596,6,1010123456020,70,,1,0,24,1,2,,13.2287,835,183560,2.70876,238,0,7.66667,,0,0,0,0,0,0,0,0,0,,3000,3000,,0,0,0,0
1613618124846,6,1010123456020,70,,1,0,24,1,2,,13.8807,830,183776,2.91884,237,0,8,,5.91111,45,0,0.1,13,30.7692,0,6.73806,31,,3000,3000,,0,0,0,4.73333
1613618125097,6,1010123456020,70,,1,0,24,1,2,,13.546,826,183057,2.81056,238,0,7.83333,,0.1,4,0,0.1,1,0,0,3.66633,31,,3000,3000,,0,0,0,1
1613618125346,6,1010123456020,70,,1,0,24,1,2,,12.9405,823,183046,2.63447,238,0,7.5,,0.1,4,0,0.1,1,0,0,1.6201,31,,3000,3000,,0,0,0,1
1613618125596,6,1010123456020,70,,1,0,24,1,2,,13.8958,835,182929,2.91798,238,0,8,,0.1,4,0,0.1,1,0,0,1.24664,31,,3000,3000,,0,0,0,1
1613618125847,6,1010123456020,70,,1,0,24,1,2,,13.7416,805,182665,2.84301,236,0,8,,0.1,31,0,0.1,9,11.1111,0,5.21465,31,,3000,3000,,0,0,0,2.64516
1613618126097,6,1010123456020,70,,1,0,24,1,2,,13.0275,835,183896,2.64221,237,0,7.5,,0,0,0,0,0,0,0,0,0,,3000,3000,,0,0,0,0
1613618126347,6,1010123456020,70,,1,0,24,1,2,,13.7441,840,183534,2.87309,240,0,8,,0,9,0,0.1,3,0,0,0,31,,3000,3000,,0,0,0,0
1613618126596,6,1010123456020,70,,1,0,24,1,2,,13.04,850,183888,2.70307,241,0,7.57143,,0.1,12,0,0.1,3,0,0,2.18743,31,,3000,3000,,0,0,0,1
1613618126846,6,1010123456020,70,,1,0,24,1,2,,13.438,831,183944,2.79708,239,0,7.83333,,5.625,32,0,0.1,10,40,0,6.52042,31,,3000,3000,,0,0,0,4.84375
1613618127097,6,1010123456020,70,,1,0,24,1,2,,13.1854,847,184272,2.73312,242,0,7.66667,,0.1,7,0,0.1,2,50,0,0.565984,31,,3000,3000,,0,0,0,7
1613618127346,6,1010123456020,70,,1,0,24,1,2,,13.7995,823,183776,2.88585,238,0,8,,0,0,0,0,0,0,0,0,0,,3000,3000,,0,0,0,0
1613618127597,6,1010123456020,70,,1,0,24,1,2,,13.9006,835,182791,2.95373,240,0,8,,0.1,8,0,0.1,2,0,0,1.59732,31,,3000,3000,,0,0,0,1.5
1613618127846,6,1010123456020,70,,1,0,24,1,2,,13.4926,812,184262,2.80051,238,0,7.83333,,0.1,30,0,0.1,8,0,0,5.79782,31,,3000,2994,,0,0,0,1.1
1613618128096,6,1010123456020,70,,1,0,24,1,2,,13.6306,831,182673,2.8694,238,0,7.83333,,12,20,0,0.1,5,80,0,7.17011,31,,3000,3000,,0,0,0,8.2
1613618128346,6,1010123456020,70,,1,0,24,1,2,,13.8193,841,182361,2.92617,241,0,8,,0,9,0,0.1,3,0,0,0,31,,3000,3000,,0,0,0,0
1613618128596,6,1010123456020,70,,1,0,24,1,2,,13.4436,834,183296,2.78561,238,0,7.85714,,0,3,0,0.1,1,0,0,0,31,,3000,3000,,0,0,0,0
1613618128846,6,1010123456020,70,,1,0,24,1,2,,13.6728,813,183169,2.90056,240,0,7.83333,,15,18,0,0.1,5,80,0,8.96989,31,,3000,3000,,0,0,0,8
1613618129097,6,1010123456020,70,,1,0,24,1,2,,13.303,825,183470,2.71123,238,0,7.83333,,0.1,7,0,0.1,2,0,0,2.54456,31,,3000,3000,,0,0,0,1
1613618129346,6,1010123456020,70,,1,0,24,1,2,,13.5404,853,183089,2.90419,245,0,7.83333,,0.1,10,0,0.1,3,33.3333,0,0.778709,31,,3000,3000,,0,0,0,5.6
1613618129597,6,1010123456020,70,,1,0,24,1,2,,13.6734,848,182495,2.90045,243,0,8,,0,3,0,0.1,1,0,0,0,31,,3000,3000,,0,0,0,0
1613618129847,6,1010123456020,70,,1,0,24,1,2,,13.0514,836,182599,2.69181,243,0,7.66667,,0.1,33,0,0.1,10,10,0,3.67022,31,,3000,3000,,0,0,0,2.78788
1613618130097,6,1010123456020,70,,1,0,24,1,2,,13.6088,836,184248,2.84845,238,0,7.83333,,0,0,0,0,0,0,0,0,0,,3000,3000,,0,0,0,0
1613618130347,6,1010123456020,70,,1,0,24,1,2,,13.5043,823,183880,2.77574,238,0,7.83333,,0,0,0,0,0,0,0,0,0,,3000,3000,,0,0,0,0
1613618130596,6,1010123456020,70,,1,0,24,1,2,,13.8255,831,182279,2.944,240,0,8,,0,0,0,0,0,0,0,0,0,,3000,3000,,0,0,0,0
1613618130846,6,1010123456020,70,,1,0,24,1,2,,13.8327,831,183304,2.95974,242,0,8,,4.83673,49,0,0.1,14,28.5714,0,11.3219,31,,3000,3000,,0,0,0,3.93878
1613618131097,6,1010123456020,70,,1,0,24,1,2,,13.5899,834,183864,2.84928,240,0,7.83333,,0,0,0,0,0,0,0,0,0,,3000,3000,,0,0,0,0
1613618131346,6,1010123456020,70,,1,0,24,1,2,,13.8723,830,182401,2.93793,239,0,8,,0,0,0,0,0,0,0,0,0,,3000,3000,,0,0,0,0
1613618131596,6,1010123456020,70,,1,0,24,1,2,,13.807,834,182993,2.91788,239,0,8,,0,12,0,0,4,100,0,0,0,,3000,3000,,0,0,0,0
1613618131847,6,1010123456020,70,,1,0,24,1,2,,13.7198,828,184360,2.90646,239,0,7.83333,,3.48214,56,0,0.1,16,43.75,0,6.14959,31,,3000,3000,,0,0,0,5.51786
1613618132097,6,1010123456020,70,,1,0,24,1,2,,13.7272,843,182735,2.90685,243,0,8,,0.1,4,0,0.1,1,0,0,3.62681,31,,3000,3000,,0,0,0,1
1613618132346,6,1010123456020,70,,1,0,24,1,2,,13.8032,823,184424,2.89777,237,0,8,,0,0,0,0,0,0,0,0,0,,3000,3000,,0,0,0,0
1613618132597,6,1010123456020,70,,1,0,24,1,2,,13.5103,825,183966,2.78659,237,0,7.85714,,0.1,4,0,0.1,1,0,0,1.97267,31,,3000,3000,,0,0,0,1
1613618132847,6,1010123456020,70,,1,0,24,1,2,,13.2676,822,183398,2.76205,242,0,7.66667,,6.15385,39,0,0.1,13,38.4615,0,10.1623,31,,3000,3000,,0,0,0,4.64103
1613618133096,6,1010123456020,70,,1,0,24,1,2,,13.3337,842,182913,2.79235,240,0,7.66667,,0,3,0,0.1,1,0,0,0,31,,3000,3000,,0,0,0,0
1613618133346,6,1010123456020,70,,1,0,24,1,2,,13.4905,844,182913,2.82172,242,0,7.83333,,0,3,0,0.1,1,0,0,0,31,,3000,3000,,0,0,0,0
1613618133596,6,1010123456020,70,,1,0,24,1,2,,13.8671,835,183320,2.92517,238,0,8,,0,3,0,0.1,1,0,0,0,31,,3000,3000,,0,0,0,0
1613618133846,6,1010123456020,70,,1,0,24,1,2,,13.8582,811,182297,2.92055,238,0,8,,0.1,26,0,0.1,8,0,0,5.16738,31,,3000,3000,,0,0,0,1.23077
1613618134096,6,1010123456020,70,,1,0,24,1,2,,13.5799,826,184024,2.83521,238,0,7.8,,0,0,0,0,0,0,0,0,0,,3000,3000,,0,0,0,0
1613618134346,6,1010123456020,70,,1,0,24,1,2,,13.8466,854,183896,2.99091,244,0,8,,0,3,0,0.1,1,0,0,0,31,,3000,3000,,0,0,0,0
1613618134597,6,1010123456020,70,,1,0,24,1,2,,13.3716,845,183440,2.77846,239,0,7.71429,,0,0,0,0,0,0,0,0,0,,3000,3000,,0,0,0,0
1613618134847,6,1010123456020,70,,1,0,24,1,2,,14.5,806,183526,3.05258,237,0,8.33333,,14.3088,68,0,0.1,21,76.1905,0,6.16545,31,,3000,3000,,0,0,0,8.05882
1613618135096,6,1010123456020,70,,1,0,24,1,2,,13.8454,854,183776,2.95717,242,0,8,,0,12,0,0.1,4,75,0,0,31,,3000,3000,,0,0,0,0
1613618135346,6,1010123456020,70,,1,0,24,1,2,,13.872,844,182937,2.96421,241,0,8,,4.09091,11,0,0.1,3,33.3333,0,1.62096,31,,3000,3000,,0,0,0,3.45455
1613618135596,6,1010123456020,70,,1,0,24,1,2,,13.4634,848,183824,2.86316,244,0,7.85714,,0.1,12,0,0.1,3,0,0,9.52839,31,,3000,3000,,0,0,0,1
1613618135846,6,1010123456020,70,,1,0,24,1,2,,13.3409,842,182665,2.79062,242,0,7.83333,,7.75,60,0,0.1,17,47.0588,0,9.56888,31,,3000,3000,,0,0,0,6.18333
1613618136097,6,1010123456020,70,,1,0,24,1,2,,13.8647,828,182535,2.92925,239,0,8,,0,0,0,0,0,0,0,0,0,,3000,3000,,0,0,0,0
1613618136346,6,1010123456020,70,,1,0,24,1,2,,13.1205,830,184172,2.65382,236,0,7.66667,,0,12,0,0.1,4,50,0,0,31,,3000,3000,,0,0,0,0
1613618136596,6,1010123456020,70,,1,0,24,1,2,,13.6122,851,183213,2.89009,242,0,7.85714,,0,0,0,0,0,0,0,0,0,,3000,3000,,0,0,0,0
1613618136847,6,1010123456020,70,,1,0,24,1,2,,13.0968,837,182755,2.67334,238,0,7.6,,4.86486,37,0,0.1,11,36.3636,0,6.63888,31,,3000,3000,,0,0,0,4.45946
1613618137097,6,1010123456020,70,,1,0,24,1,2,,13.7305,835,184436,2.86115,239,0,8,,0,0,0,0,0,0,0,0,0,,3000,3000,,0,0,0,0
1613618137346,6,1010123456020,70,,1,0,24,1,2,,13.5405,851,182709,2.89195,244,0,7.83333,,0,0,0,0,0,0,0,0,0,,3000,3000,,0,0,0,0
1613618137596,6,1010123456020,70,,1,0,24,1,2,,13.1995,827,183404,2.70484,236,0,7.57143,,0.1,4,0,0.1,1,0,0,1.60575,31,,3000,3000,,0,0,0,1
1613618137847,6,1010123456020,70,,1,0,24,1,2,,13.6247,850,183452,2.85446,242,0,8,,0.1,35,0,0.1,10,20,0,2.79614,31,,3000,3000,,0,0,0,3.62857
1613618138097,6,1010123456020,70,,1,0,24,1,2,,13.6183,841,183117,2.84579,239,0,7.83333,,0,0,0,0,0,0,0,0,0,,3000,3000,,0,0,0,0
1613618138346,6,1010123456020,70,,1,0,24,1,2,,13.2698,834,183133,2.75251,240,0,7.8,,0.1,4,0,0.1,1,0,0,1.44437,31,,3000,3000,,0,0,0,1
1613618138597,6,1010123456020,70,,1,0,24,1,2,,13.4039,827,184344,2.74858,237,0,7.85714,,0.1,8,0,0.1,2,0,0,13.6471,31,,3000,3000,,0,0,0,2.5
1613618138847,6,1010123456020,70,,1,0,24,1,2,,13.4053,824,182998,2.80858,240,0,7.66667,,14.76,25,0,0.1,8,50,0,17.3704,31,,3000,3000,,0,0,0,5.8
1613618139096,6,1010123456020,70,,1,0,24,1,2,,13.7444,845,183814,2.88874,240,0,8,,0,9,0,0.1,3,66.6667,0,0,31,,3000,3000,,0,0,0,0
1613618139346,6,1010123456020,70,,1,0,24,1,2,,13.2272,845,182998,2.73169,240,0,7.66667,,0,3,0,0.1,1,0,0,0,31,,3000,3000,,0,0,0,0
1613618139596,6,1010123456020,70,,1,0,24,1,2,,13.8864,845,182881,2.94076,239,0,8,,0,6,0,0.1,2,0,0,0,31,,3000,3000,,0,0,0,0
1613618139846,6,1010123456020,70,,1,0,24,1,2,,13.2367,845,183137,2.74496,241,0,7.66667,,0.1,43,0,0.1,13,23.0769,0,3.15178,31,,3000,3000,,0,0,0,4.51163
1613618140097,6,1010123456020,70,,1,0,24,1,2,,12.9857,840,183518,2.65907,240,0,7.5,,0,0,0,0,0,0,0,0,0,,3000,3000,,0,0,0,0
1613618140347,6,1010123456020,70,,1,0,24,1,2,,12.875,816,183061,2.55334,236,0,7.5,,0.1,4,0,0.1,1,0,0,1.45991,31,,3000,3000,,0,0,0,1
1613618140597,6,1010123456020,70,,1,0,24,1,2,,13.5525,829,182547,2.84714,241,0,7.85714,,0.1,4,0,0.1,1,0,0,1.17343,31,,3000,3000,,0,0,0,2
1613618140846,6,1010123456020,70,,1,0,24,1,2,,14.8225,817,182621,3.21063,239,0,8.33333,,14.9032,62,0,0.129703,20,80,0,6.69779,31,,3000,3000,,0,0,0,8.25806
1613618141097,6,1010123456020,70,,1,0,24,1,2,,13.3138,838,183118,2.76515,239,0,7.66667,,0,6,0,0.1,2,0,0,0,31,,3000,3000,,0,0,0,0
1613618141346,6,1010123456020,70,,1,0,24,1,2,,13.2867,858,182841,2.81555,246,0,7.66667,,0.1,4,0,0.1,1,0,0,26.842,31,,3000,3000,,0,0,0,1
1613618141597,6,1010123456020,70,,1,0,24,1,2,,13.605,838,182241,2.85286,240,0,7.85714,,0,0,0,0,0,0,0,0,0,,3000,3000,,0,0,0,0
1613618141846,6,1010123456020,70,,1,0,24,1,2,,13.4836,821,184296,2.79547,237,0,7.83333,,15,16,0,0,4,100,0,2.10632,0,,3000,3000,,0,0,0,10
1613618142096,6,1010123456020,70,,1,0,24,1,2,,13.5428,829,183193,2.81876,238,0,7.83333,,0.1,7,0,0.1,2,0,0,2.71316,31,,3000,3000,,0,0,0,1
1613618142347,6,1010123456020,70,,1,0,24,1,2,,12.9146,831,182593,2.62528,240,0,7.6,,0,0,0,0,0,0,0,0,0,,3000,3000,,0,0,0,0
1613618142596,6,1010123456020,70,,1,0,24,1,2,,13.6794,839,184656,2.91724,243,0,8,,0.1,4,0,0.1,1,0,0,1.14955,31,,3000,3000,,0,0,0,2
1613618142847,6,1010123456020,70,,1,0,24,1,2,,13.4457,819,182761,2.82358,241,0,7.66667,,0.1,35,0,0.1,10,10,0,1.07333,31,,3000,3000,,0,0,0,3.11429
1613618143097,6,1010123456020,70,,1,0,24,1,2,,13.2312,852,183352,2.76826,244,0,7.66667,,0,0,0,0,0,0,0,0,0,,3000,3000,,0,0,0,0
1613618143346,6,1010123456020,70,,1,0,24,1,2,,12.8171,842,182447,2.57542,240,0,7.5,,0,0,0,0,0,0,0,0,0,,3000,3000,,0,0,0,0
1613618143597,6,1010123456020,70,,1,0,24,1,2,,13.4589,828,184134,2.78547,238,0,7.85714,,0.1,4,0,0.1,1,0,0,1.78211,31,,3000,3000,,0,0,0,1
1613618143847,6,1010123456020,70,,1,0,24,1,2,,13.5714,840,183374,2.87469,242,0,7.83333,,0.1,30,0,0.1,9,0,0,4.32688,31,,3000,3000,,0,0,0,3.46667
1613618144096,6,1010123456020,70,,1,0,24,1,2,,13.3695,839,182233,2.76716,240,0,7.83333,,0,0,0,0,0,0,0,0,0,,3000,3000,,0,0,0,0
1613618144346,6,1010123456020,70,,1,0,24,1,2,,13.8452,814,183454,2.90018,236,0,8,,0,0,0,0,0,0,0,0,0,,3000,3000,,0,0,0,0
1613618144597,6,1010123456020,70,,1,0,24,1,2,,13.6558,831,182862,2.85398,239,0,8,,0,0,0,0,0,0,0,0,0,,3000,3000,,0,0,0,0
1613618144847,6,1010123456020,70,,1,0,24,1,2,,13.3822,811,182577,2.70138,234,0,7.83333,,0.1,32,0,0.1,9,0,0,1.41947,31,,3000,3000,,0,0,0,2.0625
1613618145096,6,1010123456020,70,,1,0,24,1,2,,13.3759,846,183954,2.80411,242,0,7.83333,,0,3,0,0.1,1,0,0,0,31,,3000,3000,,0,0,0,0
1613618145346,6,1010123456020,70,,1,0,24,1,2,,12.8397,817,183314,2.54275,235,0,7.66667,,0,3,0,0.1,1,0,0,0,31,,3000,3000,,0,0,0,0
1613618145597,6,1010123456020,70,,1,0,24,1,2,,13.6847,831,182443,2.8568,239,0,8,,0.1,18,0,0.1,5,0,0,1.74662,31,,3000,3000,,0,0,0,2.5
1613618145846,6,1010123456020,70,,1,0,24,1,2,,13.881,832,183324,2.95788,240,0,8,,5.33333,30,0,0.1,10,40,0,7.20098,31,,3000,3000,,0,0,0,5.06667
1613618146097,6,1010123456020,70,,1,0,24,1,2,,13.9142,839,183252,2.9273,238,0,8,,0,0,0,0,0,0,0,0,0,,3000,3000,,0,0,0,0
1613618146346,6,1010123456020,70,,1,0,24,1,2,,12.932,824,182915,2.58101,238,0,7.66667,,0,27,0,0.1,9,66.6667,0,0,31,,3000,2976,,0,0,0,0
1613618146596,6,1010123456020,70,,1,0,24,1,2,,13.6754,841,183553,2.86895,240,0,8,,0,9,0,0.1,3,0,0,0,31,,3000,3000,,0,0,0,0
1613618146847,6,1010123456020,70,,1,0,24,1,2,,12.1539,851,183657,2.40262,242,0,7,,0.1,30,0,0.1,9,0,0,1.69087,31,,3000,3000,,0,0,0,1
1613618147096,6,1010123456020,70,,1,0,24,1,2,,13.0508,826,183034,2.62618,236,0,7.66667,,0,0,0,0,0,0,0,0,0,,3000,3000,,0,0,0,0
1613618147346,6,1010123456020,70,,1,0,24,1,2,,13.1573,839,183505,2.69925,238,0,7.66667,,0,12,0,0.1,4,0,0,0,31,,3000,3000,,0,0,0,0
1613618147597,6,1010123456020,70,,1,0,24,1,2,,13.5329,837,183441,2.82691,241,0,7.71429,,0,0,0,0,0,0,0,0,0,,3000,3000,,0,0,0,0
1613618147847,6,1010123456020,70,,1,0,24,1,2,,12.9635,821,183199,2.59101,237,0,7.66667,,15,16,0,0,4,100,0,2.63179,0,,3000,3000,,0,0,0,10
1613618148096,6,1010123456020,70,,1,0,24,1,2,,13.5504,834,183609,2.83023,239,0,7.83333,,0,0,0,0,0,0,0,0,0,,3000,3000,,0,0,0,0
1613618148346,6,1010123456020,70,,1,0,24,1,2,,13.5614,839,183385,2.85378,240,0,7.83333,,0.1,7,0,0.1,2,0,0,2.61273,31,,3000,3000,,0,0,0,1
1613618148596,6,1010123456020,70,,1,0,24,1,2,,13.6161,831,182578,2.88042,241,0,7.85714,,0.1,4,0,0.1,1,0,0,1.76802,31,,3000,3000,,0,0,0,1
1613618148846,6,1010123456020,70,,1,0,24,1,2,,12.6089,836,182362,2.51743,239,0,7.4,,0.1,41,0,0.1,11,27.2727,0,3.6397,31,,3000,3000,,0,0,0,3.41463
1613618149096,6,1010123456020,70,,1,0,24,1,2,,13.5149,837,183733,2.84713,241,0,7.83333,,0.1,7,0,0.1,2,0,0,1.55789,31,,3000,3000,,0,0,0,1
1613618149347,6,1010123456020,70,,1,0,24,1,2,,13.588,835,183653,2.8376,239,0,7.83333,,0,0,0,0,0,0,0,0,0,,3000,3000,,0,0,0,0
1613618149596,6,1010123456020,70,,1,0,24,1,2,,13.2552,819,183427,2.7181,237,0,7.71429,,0,0,0,0,0,0,0,0,0,,3000,3000,,0,0,0,0
1613618149846,6,1010123456020,70,,1,0,24,1,2,,13.5514,836,183355,2.8881,244,0,7.83333,,0.1,30,0,0.1,8,0,0,4.94673,31,,3000,3000,,0,0,0,1
1613618150097,6,1010123456020,70,,1,0,24,1,2,,13.8992,853,183027,2.98518,243,0,8,,0,15,0,0.1,5,80,0,0,31,,3000,3000,,0,0,0,0
1613618150346,6,1010123456020,70,,1,0,24,1,2,,13.919,839,182859,2.93905,238,0,8,,0,3,0,0.1,1,0,0,0,31,,3000,3000,,0,0,0,0
1613618150597,6,1010123456020,70,,1,0,24,1,2,,13.3071,827,184215,2.70106,236,0,7.85714,,0.1,20,0,0.1,6,33.3333,0,1.31908,31,,3000,3000,,0,0,0,4.95
1613618150847,6,1010123456020,70,,1,0,24,1,2,,13.1918,829,183977,2.73296,241,0,7.66667,,0.1,33,0,0.1,10,20,0,3.29094,31,,3000,2994,,0,0,0,4.69697
1613618151096,6,1010123456020,70,,1,0,24,1,2,,12.7373,830,182634,2.53372,238,0,7.5,,0,0,0,0,0,0,0,0,0,,3000,3000,,0,0,0,0
1613618151346,6,1010123456020,70,,1,0,24,1,2,,13.8208,848,183545,2.95409,242,0,8,,0,0,0,0,0,0,0,0,0,,3000,3000,,0,0,0,0
1613618151597,6,1010123456020,70,,1,0,24,1,2,,13.5896,848,182863,2.85712,241,0,7.85714,,0,15,0,0.1,5,80,0,0,31,,3000,3000,,0,0,0,0
1613618151846,6,1010123456020,70,,1,0,24,1,2,,13.4111,832,183481,2.80273,239,0,7.66667,,3.39623,53,0,0.1,16,31.25,0,4.32938,31,,3000,3000,,0,0,0,4.15094
1613618152096,6,1010123456020,70,,1,0,24,1,2,,13.7086,858,182911,2.93838,245,0,8,,0,9,0,0.1,3,33.3333,0,0,31,,3000,3000,,0,0,0,0
1613618152347,6,1010123456020,70,,1,0,24,1,2,,13.8054,848,182840,2.92342,241,0,8,,0,9,0,0.1,3,33.3333,0,0,31,,3000,3000,,0,0,0,0
1613618152596,6,1010123456020,70,,1,0,24,1,2,,13.9071,840,183855,2.95968,240,0,8,,0,0,0,0,0,0,0,0,0,,3000,3000,,0,0,0,0
1613618152846,6,1010123456020,70,,1,0,24,1,2,,13.4975,816,183529,2.79846,238,0,7.83333,,3.48837,43,0,0.1,12,16.6667,0,9.05447,31,,3000,2994,,0,0,0,2.44186
1613618153096,6,1010123456020,70,,1,0,24,1,2,,13.5497,835,183409,2.80087,237,0,7.83333,,0,6,0,0,2,100,0,0,0,,3000,3000,,0,0,0,0
1613618153346,6,1010123456020,70,,1,0,24,1,2,,13.5665,842,183761,2.83357,239,0,7.83333,,0,0,0,0,0,0,0,0,0,,3000,3000,,0,0,0,0
1613618153596,6,1010123456020,70,,1,0,24,1,2,,13.1448,829,184369,2.71235,238,0,7.57143,,0,3,0,0.1,1,0,0,0,31,,3000,3000,,0,0,0,0
1613618153846,6,1010123456020,70,,1,0,24,1,2,,13.6578,830,183191,2.86072,240,0,8,,0.1,29,0,0.1,8,0,0,4.39527,31,,3000,3000,,0,0,0,2.75862
1613618154097,6,1010123456020,70,,1,0,24,1,2,,13.2427,824,183361,2.73357,240,0,7.66667,,11.25,16,0,0.1,4,75,0,8.29663,31,,3000,3000,,0,0,0,7.75
1613618154347,6,1010123456020,70,,1,0,24,1,2,,13.4374,839,182280,2.82579,242,0,7.83333,,15,4,0,0,1,100,0,1.72639,0,,3000,3000,,0,0,0,10
1613618154597,6,1010123456020,70,,1,0,24,1,2,,13.3709,833,183267,2.75914,239,0,7.85714,,0.1,4,0,0.1,1,0,0,1.59166,31,,3000,3000,,0,0,0,1
1613618154847,6,1010123456020,70,,1,0,24,1,2,,13.1364,843,183451,2.6857,240,0,7.6,,1.3,30,0,0.1,9,0,0,9.89821,31,,3000,3000,,0,0,0,1.2
1613618155097,6,1010123456020,70,,1,0,24,1,2,,13.7906,850,183251,2.93203,242,0,8,,0,0,0,0,0,0,0,0,0,,3000,3000,,0,0,0,0
1613618155347,6,1010123456020,70,,1,0,24,1,2,,12.9479,845,183869,2.65165,240,0,7.5,,0,0,0,0,0,0,0,0,0,,3000,3000,,0,0,0,0
1613618155597,6,1010123456020,70,,1,0,24,1,2,,13.8164,839,183461,2.91907,241,0,8,,0,0,0,0,0,0,0,0,0,,3000,3000,,0,0,0,0
1613618155847,6,1010123456020,70,,1,0,24,1,2,,13.8768,820,182294,2.91347,238,0,8,,4.53333,45,0,0.1,13,23.0769,0,13.4374,31,,3000,3000,,0,0,0,2.8
1613618156096,6,1010123456020,70,,1,0,24,1,2,,13.6993,848,182971,2.94072,242,0,7.83333,,0,0,0,0,0,0,0,0,0,,3000,3000,,0,0,0,0
1613618156346,6,1010123456020,70,,1,0,24,1,2,,13.5279,841,183517,2.8053,239,0,8,,0,0,0,0,0,0,0,0,0,,3000,3000,,0,0,0,0
1613618156597,6,1010123456020,70,,1,0,24,1,2,,13.903,845,183206,2.93206,239,0,8,,0,0,0,0,0,0,0,0,0,,3000,3000,,0,0,0,0
1613618156847,6,1010123456020,70,,1,0,24,1,2,,13.9417,824,184179,2.93958,238,0,8,,14.5789,19,0,0.1,5,20,0,24.8757,31,,3000,3000,,0,0,0,3.10526
1613618157096,6,1010123456020,70,,1,0,24,1,2,,13.59,839,183477,2.82426,237,0,7.83333,,0,9,0,0,3,100,0,0,0,,3000,3000,,0,0,0,0
1613618157347,6,1010123456020,70,,1,0,24,1,2,,13.6889,823,183397,2.83267,237,0,8,,0,3,0,0,1,100,0,0,0,,3000,3000,,0,0,0,0
1613618157596,6,1010123456020,70,,1,0,24,1,2,,13.9857,842,181162,2.87071,241,0,8.57143,,0.1,4,0,0.1,1,0,0,25.6596,31,,3000,3000,,0,0,0,1
1613618157846,6,1010123456020,70,,1,0,24,1,2,,15.345,832,183713,3.56813,240,0,7.83333,,15.5143,70,0,0.1,22,81.8182,0,7.11944,31,,3000,3000,,0,0,0,8.37143
1613618158097,6,1010123456020,70,,1,0,24,1,2,,13.3964,835,183431,2.77597,241,0,7.83333,,0,0,0,0,0,0,0,0,0,,3000,3000,,0,0,0,0
1613618158347,6,1010123456020,70,,1,0,24,1,2,,13.5405,840,183127,2.84202,241,0,7.83333,,0,0,0,0,0,0,0,0,0,,3000,3000,,0,0,0,0
1613618158597,6,1010123456020,70,,1,0,24,1,2,,13.4584,853,183279,2.85437,243,0,7.71429,,0,6,0,0.1,2,0,0,0,31,,3000,3000,,0,0,0,0
1613618158847,6,1010123456020,70,,1,0,24,1,2,,12.8605,817,182990,2.57725,239,0,7.6,,7.74419,43,0,0.1,13,38.4615,0,12.2921,31,,3000,2994,,0,0,0,4.44186
1613618159096,6,1010123456020,70,,1,0,24,1,2,,13.3007,838,182111,2.70011,237,0,7.83333,,0,0,0,0,0,0,0,0,0,,3000,3000,,0,0,0,0
1613618159346,6,1010123456020,70,,1,0,24,1,2,,13.9436,851,183368,2.99197,241,0,8,,0,3,0,0.1,1,0,0,0,31,,3000,3000,,0,0,0,0
1613618159596,6,1010123456020,70,,1,0,24,1,2,,13.7411,842,183472,2.88601,239,0,8,,0,12,0,0.1,4,25,0,0,31,,3000,3000,,0,0,0,0
1613618159846,6,1010123456020,70,,1,0,24,1,2,,13.6375,847,182409,2.90047,241,0,7.83333,,8.78049,41,0,0.1,13,61.5385,0,3.37066,31,,3000,3000,,0,0,0,6.26829
1613618160097,6,1010123456020,70,,1,0,24,1,2,,12.8735,854,184328,2.63779,243,0,7.6,,0,0,0,0,0,0,0,0,0,,3000,3000,,0,0,0,0
1613618160346,6,1010123456020,70,,1,0,24,1,2,,13.1722,842,182657,2.71345,240,0,7.66667,,0,0,0,0,0,0,0,0,0,,3000,3000,,0,0,0,0
1613618160596,6,1010123456020,70,,1,0,24,1,2,,13.9082,839,182631,2.91669,238,0,8,,0,3,0,0.1,1,0,0,0,31,,3000,3000,,0,0,0,0
1613618160846,6,1010123456020,70,,1,0,24,1,2,,13.2916,854,184350,2.81382,244,0,7.66667,,9.81818,22,0,0.1,7,71.4286,0,8.72245,31,,3000,2994,,0,0,0,7.54545
1613618161097,6,1010123456020,70,,1,0,24,1,2,,13.3738,848,183022,2.7583,241,0,7.83333,,6.63158,38,0,0.1,10,70,0,4.30034,0,,3000,3000,,0,0,0,7.63158
1613618161347,6,1010123456020,70,,1,0,24,1,2,,13.5585,838,182559,2.84867,241,0,7.83333,,0,0,0,0,0,0,0,0,0,,3000,3000,,0,0,0,0
1613618161597,6,1010123456020,70,,1,0,24,1,2,,13.8873,843,184006,2.97094,242,0,8,,0.1,4,0,0.1,1,0,0,1.88812,31,,3000,3000,,0,0,0,1
1613618161846,6,1010123456020,70,,1,0,24,1,2,,13.2405,840,182889,2.74455,240,0,7.66667,,4.78723,47,0,0.1,14,35.7143,0,10.4312,31,,3000,3000,,0,0,0,4.06383
1613618162097,6,1010123456020,70,,1,0,24,1,2,,13.2825,839,183256,2.75107,239,0,7.66667,,0,3,0,0.1,1,0,0,0,31,,3000,3000,,0,0,0,0
1613618162346,6,1010123456020,70,,1,0,24,1,2,,13.2043,847,183384,2.72662,242,0,7.66667,,0,15,0,0.1,5,80,0,0,31,,3000,3000,,0,0,0,0
1613618162597,6,1010123456020,70,,1,0,24,1,2,,14.2426,845,183422,2.96986,240,0,8,,0,12,0,0,4,100,0,0,0,,3000,3000,,0,0,0,0
1613618162846,6,1010123456020,70,,1,0,24,1,2,,13.6164,816,182609,2.8728,240,0,7.83333,,1.66667,27,0,0.1,9,0,0,6.99922,31,,3000,3000,,0,0,0,1.25926
1613618163096,6,1010123456020,70,,1,0,24,1,2,,13.4922,835,183256,2.82268,240,0,7.83333,,0,0,0,0,0,0,0,0,0,,3000,3000,,0,0,0,0
1613618163346,6,1010123456020,70,,1,0,24,1,2,,13.8409,836,182703,2.95804,241,0,8,,15,16,0,0,4,100,0,2.51449,0,,3000,3000,,0,0,0,10
1613618163597,6,1010123456020,70,,1,0,24,1,2,,13.0165,846,182819,2.68989,243,0,7.71429,,0.1,8,0,0.1,2,0,0,1.05964,31,,3000,3000,,0,0,0,4.5
1613618163846,6,1010123456020,70,,1,0,24,1,2,,14.2123,829,183708,3.10076,243,0,8.16667,,15.029,69,0,0.216257,22,72.7273,0,9.51358,31,,3000,3000,,0,0,0,7.13043
1613618164097,6,1010123456020,70,,1,0,24,1,2,,13.5424,837,183258,2.84048,241,0,7.83333,,0,0,0,0,0,0,0,0,0,,3000,3000,,0,0,0,0
1613618164347,6,1010123456020,70,,1,0,24,1,2,,12.5571,840,182850,2.52902,240,0,7.33333,,0,0,0,0,0,0,0,0,0,,3000,3000,,0,0,0,0
1613618164597,6,1010123456020,70,,1,0,24,1,2,,13.3087,852,183604,2.78355,242,0,7.71429,,0,9,0,0.1,3,0,0,0,31,,3000,3000,,0,0,0,0
1613618164846,6,1010123456020,70,,1,0,24,1,2,,13.2763,836,183340,2.73905,241,0,7.83333,,4.92308,39,0,0.1,12,33.3333,0,5.87953,31,,3000,2994,,0,0,0,3.87179
1613618165097,6,1010123456020,70,,1,0,24,1,2,,13.2171,843,182890,2.75635,240,0,7.66667,,0,15,0,0.1,5,80,0,0,31,,3000,3000,,0,0,0,0
1613618165347,6,1010123456020,70,,1,0,24,1,2,,13.8417,840,182962,2.93376,240,0,8,,0,3,0,0.1,1,0,0,0,31,,3000,3000,,0,0,0,0
1613618165596,6,1010123456020,70,,1,0,24,1,2,,13.4404,831,183034,2.81369,240,0,7.83333,,0.1,4,0,0.1,1,0,0,4.94832,31,,3000,2994,,0,0,0,1
1613618165847,6,1010123456020,70,,1,0,24,1,2,,14.128,828,183298,2.98102,241,0,8.16667,,14.0659,91,0,0.114592,29,82.7586,0,5.27177,31,,3000,2994,,0,0,0,8.16483
1613618166097,6,1010123456020,70,,1,0,24,1,2,,13.8953,831,183370,2.92269,238,0,8,,0,0,0,0,0,0,0,0,0,,3000,3000,,0,0,0,0
1613618166346,6,1010123456020,70,,1,0,24,1,2,,13.8273,851,184156,2.9582,242,0,8,,0,0,0,0,0,0,0,0,0,,3000,3000,,0,0,0,0
1613618166597,6,1010123456020,70,,1,0,24,1,2,,13.7976,825,183506,2.90467,239,0,8,,0.1,4,0,0.1,1,0,0,0.80783,31,,3000,3000,,0,0,0,2
1613618166847,6,1010123456020,70,,1,0,24,1,2,,12.5721,825,183754,2.53379,241,0,7.33333,,0.1,39,0,0.1,12,41.6667,0,3.63705,31,,3000,3000,,0,0,0,5.5641
1613618167097,6,1010123456020,70,,1,0,24,1,2,,13.015,865,183125,2.70774,245,0,7.66667,,0,3,0,0.1,1,0,0,0,31,,3000,3000,,0,0,0,0
1613618167346,6,1010123456020,70,,1,0,24,1,2,,13.4852,845,183506,2.81205,241,0,7.83333,,0,9,0,0.1,3,0,0,0,31,,3000,3000,,0,0,0,0
1613618167597,6,1010123456020,70,,1,0,24,1,2,,13.8987,849,182477,2.95696,241,0,8,,0,0,0,0,0,0,0,0,0,,3000,3000,,0,0,0,0
1613618167846,6,1010123456020,70,,1,0,24,1,2,,13.564,805,183122,2.77571,234,0,7.83333,,0.115385,26,0,0.1,8,0,0,8.39711,31,,3000,3000,,0,0,0,1.38462
1613618168097,6,1010123456020,70,,1,0,24,1,2,,13.5563,852,183852,2.85651,242,0,7.83333,,0,0,0,0,0,0,0,0,0,,3000,3000,,0,0,0,0
1613618168346,6,1010123456020,70,,1,0,24,1,2,,13.5804,827,182765,2.85629,238,0,7.83333,,0,0,0,0,0,0,0,0,0,,3000,3000,,0,0,0,0
1613618168597,6,1010123456020,70,,1,0,24,1,2,,12.9012,830,184020,2.61392,241,0,7.57143,,0,0,0,0,0,0,0,0,0,,3000,3000,,0,0,0,0
1613618168847,6,1010123456020,70,,1,0,24,1,2,,13.7611,837,182557,2.9033,240,0,8,,7.14894,47,0,0.1,13,30.7692,0,10.0074,31,,3000,3000,,0,0,0,4.3617
1613618169097,6,1010123456020,70,,1,0,24,1,2,,13.0231,822,182870,2.59517,235,0,7.66667,,0,3,0,0.1,1,0,0,0,31,,3000,3000,,0,0,0,0
1613618169346,6,1010123456020,70,,1,0,24,1,2,,13.8748,831,184088,2.93921,239,0,8,,0,0,0,0,0,0,0,0,0,,3000,3000,,0,0,0,0
1613618169597,6,1010123456020,70,,1,0,24,1,2,,13.4838,831,183702,2.8015,239,0,7.85714,,0.1,4,0,0.1,1,0,0,2.57042,31,,3000,3000,,0,0,0,1
1613618169847,6,1010123456020,70,,1,0,24,1,2,,13.7101,852,183022,2.96886,245,0,7.83333,,3.82979,47,0,0.1,14,57.1429,0,6.80567,31,,3000,3000,,0,0,0,5.87234
1613618170097,6,1010123456020,70,,1,0,24,1,2,,13.6528,841,182103,2.84058,240,0,8,,0,0,0,0,0,0,0,0,0,,3000,3000,,0,0,0,0
1613618170346,6,1010123456020,70,,1,0,24,1,2,,13.2648,846,183744,2.74635,240,0,7.66667,,0,0,0,0,0,0,0,0,0,,3000,3000,,0,0,0,0
1613618170596,6,1010123456020,70,,1,0,24,1,2,,13.1119,831,183049,2.68476,239,0,7.71429,,0,0,0,0,0,0,0,0,0,,3000,3000,,0,0,0,0
1613618170847,6,1010123456020,70,,1,0,24,1,2,,14.6273,829,183336,3.17712,241,0,8.16667,,14.377,61,0,0.13472,21,76.1905,0,5.49372,31,,3000,3000,,0,0,0,8.08197
1613618171097,6,1010123456020,70,,1,0,24,1,2,,13.3534,849,184046,2.78269,243,0,7.83333,,0,0,0,0,0,0,0,0,0,,3000,3000,,0,0,0,0
1613618171346,6,1010123456020,70,,1,0,24,1,2,,13.3601,822,183358,2.72694,236,0,7.83333,,0,0,0,0,0,0,0,0,0,,3000,2994,,0,0,0,0
1613618171596,6,1010123456020,70,,1,0,24,1,2,,13.5553,823,183010,2.80819,237,0,7.85714,,0,0,0,0,0,0,0,0,0,,3000,2994,,0,0,0,0
1613618171847,6,1010123456020,70,,1,0,24,1,2,,14.4194,813,184154,3.07491,239,0,8.16667,,14.96,50,0,0.118144,16,75,0,7.22718,31,,3000,3000,,0,0,0,8.02
1613618172096,6,1010123456020,70,,1,0,24,1,2,,13.8026,841,183644,2.95229,242,0,8,,0,0,0,0,0,0,0,0,0,,3000,3000,,0,0,0,0
1613618172347,6,1010123456020,70,,1,0,24,1,2,,13.1813,822,183210,2.68061,237,0,7.66667,,0,0,0,0,0,0,0,0,0,,3000,3000,,0,0,0,0
1613618172596,6,1010123456020,70,,1,0,24,1,2,,13.5311,836,183820,2.82072,239,0,7.85714,,0,6,0,0.1,2,0,0,0,31,,3000,3000,,0,0,0,0
1613618172846,6,1010123456020,70,,1,0,24,1,2,,13.6142,845,184082,2.89378,241,0,7.83333,,5.45455,33,0,0.1,10,40,0,4.83306,31,,3000,3000,,0,0,0,4.69697
1613618173097,6,1010123456020,70,,1,0,24,1,2,,13.7069,846,183458,2.87632,241,0,8,,0,0,0,0,0,0,0,0,0,,3000,3000,,0,0,0,0
1613618173346,6,1010123456020,70,,1,0,24,1,2,,12.8028,847,183354,2.63836,243,0,7.5,,0,0,0,0,0,0,0,0,0,,3000,3000,,0,0,0,0
1613618173597,6,1010123456020,70,,1,0,24,1,2,,13.7676,839,183466,2.89936,241,0,8,,0.1,4,0,0.1,1,0,0,1.65807,31,,3000,3000,,0,0,0,1
1613618173846,6,1010123456020,70,,1,0,24,1,2,,13.848,855,182906,3.00341,245,0,8,,0.1,33,0,0.1,10,0,0,6.85347,31,,3000,3000,,0,0,0,3.09091
1613618174096,6,1010123456020,70,,1,0,24,1,2,,13.4746,845,183968,2.85748,243,0,7.83333,,12.5,24,0,0.1,6,66.6667,0,6.92373,31,,3000,3000,,0,0,0,7
1613618174346,6,1010123456020,70,,1,0,24,1,2,,13.588,847,183326,2.86577,241,0,7.83333,,0,0,0,0,0,0,0,0,0,,3000,3000,,0,0,0,0
1613618174596,6,1010123456020,70,,1,0,24,1,2,,13.7671,850,183736,2.94519,241,0,7.85714,,0,0,0,0,0,0,0,0,0,,3000,3000,,0,0,0,0
1613618174846,6,1010123456020,70,,1,0,24,1,2,,13.1986,831,183984,2.69873,238,0,7.66667,,12.2727,22,0,0.1,7,57.1429,0,16.3999,31,,3000,3000,,0,0,0,6.45455
1613618175097,6,1010123456020,70,,1,0,24,1,2,,13.4745,843,183025,2.82,241,0,7.83333,,0,0,0,0,0,0,0,0,0,,3000,3000,,0,0,0,0
1613618175347,6,1010123456020,70,,1,0,24,1,2,,13.5048,826,183230,2.7569,237,0,7.83333,,0,0,0,0,0,0,0,0,0,,3000,3000,,0,0,0,0
1613618175597,6,1010123456020,70,,1,0,24,1,2,,13.5379,844,184448,2.84074,241,0,7.85714,,0,0,0,0,0,0,0,0,0,,3000,3000,,0,0,0,0
1613618175846,6,1010123456020,70,,1,0,24,1,2,,13.7497,811,183225,2.90667,238,0,7.83333,,13.4133,75,0,0.1,24,79.1667,0,4.98738,31,,3000,3000,,0,0,0,8.12
1613618176097,6,1010123456020,70,,1,0,24,1,2,,13.7442,856,182673,2.83251,244,0,7.83333,,0,0,0,0,0,0,0,0,0,,3000,3000,,0,0,0,0
1613618176346,6,1010123456020,70,,1,0,24,1,2,,13.2309,853,183710,2.78692,243,0,7.66667,,0,0,0,0,0,0,0,0,0,,3000,3000,,0,0,0,0
1613618176596,6,1010123456020,70,,1,0,24,1,2,,13.9037,841,183870,2.96668,242,0,8,,0,0,0,0,0,0,0,0,0,,3000,3000,,0,0,0,0
1613618176847,6,1010123456020,70,,1,0,24,1,2,,13.8976,820,183174,2.93514,239,0,8,,0.1,55,0,0.1,17,17.6471,0,3.31741,31,,3000,3000,,0,0,0,4
1613618177097,6,1010123456020,70,,1,0,24,1,2,,13.3934,844,183566,2.80038,240,0,7.66667,,0,0,0,0,0,0,0,0,0,,3000,3000,,0,0,0,0
1613618177346,6,1010123456020,70,,1,0,24,1,2,,13.1468,831,184102,2.66737,238,0,7.66667,,0,0,0,0,0,0,0,0,0,,3000,3000,,0,0,0,0
1613618177597,6,1010123456020,70,,1,0,24,1,2,,13.4222,829,182982,2.77462,239,0,7.85714,,0,0,0,0,0,0,0,0,0,,3000,3000,,0,0,0,0
1613618177847,6,1010123456020,70,,1,0,24,1,2,,13.8721,829,182575,2.93837,240,0,8,,7.02,50,0,0.1,15,53.3333,0,8.49714,31,,3000,3000,,0,0,0,5.32
1613618178096,6,1010123456020,70,,1,0,24,1,2,,13.134,821,183330,2.68241,238,0,7.66667,,0,5,0,0.1,2,50,0,0,31,,3000,3000,,0,0,0,0
1613618178347,6,1010123456020,70,,1,0,24,1,2,,13.16,831,183402,2.69373,239,0,7.66667,,0,0,0,0,0,0,0,0,0,,3000,3000,,0,0,0,0
1613618178597,6,1010123456020,70,,1,0,24,1,2,,13.5108,836,182475,2.81754,240,0,7.85714,,0,0,0,0,0,0,0,0,0,,3000,3000,,0,0,0,0
1613618178847,6,1010123456020,70,,1,0,24,1,2,,13.8701,839,183766,2.94378,241,0,8,,0.1,42,0,0.1,12,16.6667,0,9.65654,31,,3000,2994,,0,0,0,2.54762
1613618179097,6,1010123456020,70,,1,0,24,1,2,,13.9046,839,183790,2.91331,237,0,8,,0,3,0,0.1,1,0,0,0,31,,3000,3000,,0,0,0,0
1613618179346,6,1010123456020,70,,1,0,24,1,2,,13.5448,848,182207,2.847,241,0,7.83333,,0,0,0,0,0,0,0,0,0,,3000,3000,,0,0,0,0
1613618179596,6,1010123456020,70,,1,0,24,1,2,,13.5156,834,184496,2.83142,240,0,7.85714,,0,0,0,0,0,0,0,0,0,,3000,3000,,0,0,0,0
1613618179847,6,1010123456020,70,,1,0,24,1,2,,13.8852,845,184216,2.96813,242,0,8,,0.1,29,0,0.1,9,11.1111,0,4.72275,31,,3000,3000,,0,0,0,3.51724
1613618180096,6,1010123456020,70,,1,0,24,1,2,,13.612,848,183233,2.87528,241,0,7.83333,,0,0,0,0,0,0,0,0,0,,3000,3000,,0,0,0,0
1613618180346,6,1010123456020,70,,1,0,24,1,2,,13.5706,822,182977,2.80662,236,0,7.83333,,0,0,0,0,0,0,0,0,0,,3000,3000,,0,0,0,0
1613618180596,6,1010123456020,70,,1,0,24,1,2,,13.5526,836,182926,2.86217,241,0,7.85714,,0,0,0,0,0,0,0,0,0,,3000,3000,,0,0,0,0
1613618180847,6,1010123456020,70,,1,0,24,1,2,,13.7248,843,182982,2.9177,242,0,8,,0.1,33,0,0.1,9,11.1111,0,4.22176,31,,3000,3000,,0,0,0,2.66667
1613618181097,6,1010123456020,70,,1,0,24,1,2,,13.7329,850,183510,2.90259,242,0,8,,0,3,0,0.1,1,0,0,0,31,,3000,3000,,0,0,0,0
1613618181346,6,1010123456020,70,,1,0,24,1,2,,13.6081,860,182945,2.90686,244,0,7.83333,,0,0,0,0,0,0,0,0,0,,3000,3000,,0,0,0,0
1613618181597,6,1010123456020,70,,1,0,24,1,2,,13.8269,832,183448,2.91056,239,0,8,,0.1,4,0,0.1,1,0,0,3.71521,31,,3000,3000,,0,0,0,1
1613618181846,6,1010123456020,70,,1,0,24,1,2,,12.9617,835,182781,2.63476,239,0,7.5,,8.52174,46,0,0.1,13,61.5385,0,6.38023,31,,3000,3000,,0,0,0,6.63043
1613618182096,6,1010123456020,70,,1,0,24,1,2,,12.8389,838,183205,2.60138,240,0,7.5,,0,3,0,0.1,1,0,0,0,31,,3000,3000,,0,0,0,0
1613618182346,6,1010123456020,70,,1,0,24,1,2,,13.9252,829,183890,2.96389,239,0,8,,0,0,0,0,0,0,0,0,0,,3000,3000,,0,0,0,0
1613618182597,6,1010123456020,70,,1,0,24,1,2,,13.3176,825,183150,2.724,237,0,7.85714,,0.1,4,0,0.1,1,0,0,1.64632,31,,3000,3000,,0,0,0,1
1613618182847,6,1010123456020,70,,1,0,24,1,2,,13.2527,843,183038,2.74438,242,0,7.83333,,0.1,42,0,0.1,12,0,0,4.65022,31,,3000,3000,,0,0,0,1.47619
1613618183097,6,1010123456020,70,,1,0,24,1,2,,13.9061,831,182887,2.84256,238,0,8,,0.1,10,0,0.1,3,0,0,1.11023,31,,3000,3000,,0,0,0,2.3
1613618183347,6,1010123456020,70,,1,0,24,1,2,,13.7165,836,183145,2.86064,239,0,8,,0.1,4,0,0.1,1,0,0,1.73803,31,,3000,3000,,0,0,0,1
1613618183597,6,1010123456020,70,,1,0,24,1,2,,13.164,823,183430,2.68819,238,0,7.71429,,0.1,16,0,0.1,4,0,0,7.41403,31,,3000,3000,,0,0,0,1.25
1613618183846,6,1010123456020,70,,1,0,24,1,2,,15.0766,822,180535,3.31036,239,0,8.5,,15.1765,85,0,0.10355,27,85.1852,0,5.79254,31,,3000,3000,,0,0,0,8.51765
1613618184097,6,1010123456020,70,,1,0,24,1,2,,13.5619,856,183326,2.8855,244,0,7.83333,,0,0,0,0,0,0,0,0,0,,3000,3000,,0,0,0,0
1613618184346,6,1010123456020,70,,1,0,24,1,2,,13.8815,844,182870,2.94426,240,0,8,,0,0,0,0,0,0,0,0,0,,3000,3000,,0,0,0,0
1613618184596,6,1010123456020,70,,1,0,24,1,2,,14.2178,845,183206,2.98477,241,0,8,,0,3,0,0.1,1,0,0,0,31,,3000,3000,,0,0,0,0
1613618184846,6,1010123456020,70,,1,0,24,1,2,,13.574,831,182982,2.8382,239,0,7.83333,,5.625,40,0,0.1,11,36.3636,0,3.6257,31,,3000,3000,,0,0,0,4.375
1613618185097,6,1010123456020,70,,1,0,24,1,2,,13.7885,818,183832,2.86707,236,0,8,,0,0,0,0,0,0,0,0,0,,3000,3000,,0,0,0,0
1613618185347,6,1010123456020,70,,1,0,24,1,2,,13.3534,832,183574,2.73453,238,0,7.83333,,0,0,0,0,0,0,0,0,0,,3000,3000,,0,0,0,0
1613618185597,6,1010123456020,70,,1,0,24,1,2,,13.8007,848,183238,2.93792,242,0,8,,0,3,0,0.1,1,0,0,0,31,,3000,3000,,0,0,0,0
1613618185847,6,1010123456020,70,,1,0,24,1,2,,13.2503,843,182447,2.76938,243,0,7.66667,,0.5,28,0,0.1,8,0,0,4.4925,31,,3000,3000,,0,0,0,1.92857
1613618186097,6,1010123456020,70,,1,0,24,1,2,,13.5609,845,184092,2.82688,240,0,7.83333,,0,3,0,0.1,1,0,0,0,31,,3000,2994,,0,0,0,0
1613618186346,6,1010123456020,70,,1,0,24,1,2,,13.7421,853,183338,2.96357,245,0,8,,0,3,0,0.1,1,0,0,0,31,,3000,3000,,0,0,0,0
1613618186597,6,1010123456020,70,,1,0,24,1,2,,12.9594,813,183330,2.57706,233,0,7.57143,,0.1,8,0,0.1,2,0,0,4.38099,31,,3000,3000,,0,0,0,1
1613618186846,6,1010123456020,70,,1,0,24,1,2,,13.5966,823,183610,2.82586,239,0,8,,0.1,26,0,0.1,8,12.5,0,4.89563,31,,3000,3000,,0,0,0,3.15385
1613618187097,6,1010123456020,70,,1,0,24,1,2,,13.6523,834,183010,2.86381,238,0,7.83333,,0,0,0,0,0,0,0,0,0,,3000,3000,,0,0,0,0
1613618187347,6,1010123456020,70,,1,0,24,1,2,,13.5738,833,182811,2.76867,237,0,8,,0,12,0,0,4,100,0,0,0,,3000,3000,,0,0,0,0
1613618187597,6,1010123456020,70,,1,0,24,1,2,,13.8527,835,184034,2.95706,240,0,7.85714,,0.1,4,0,0.1,1,0,0,1.45325,31,,3000,3000,,0,0,0,3
1613618187846,6,1010123456020,70,,1,0,24,1,2,,12.5237,844,183940,2.52382,242,0,7.33333,,8.04444,45,0,0.1,13,61.5385,0,4.12174,31,,3000,3000,,0,0,0,6.6
1613618188097,6,1010123456020,70,,1,0,24,1,2,,13.1073,839,183197,2.65302,239,0,7.66667,,0,3,0,0.1,1,0,0,0,31,,3000,3000,,0,0,0,0
1613618188346,6,1010123456020,70,,1,0,24,1,2,,13.5643,840,183794,2.8721,242,0,7.83333,,0,0,0,0,0,0,0,0,0,,3000,3000,,0,0,0,0
1613618188597,6,1010123456020,70,,1,0,24,1,2,,13.8174,827,183186,2.92925,239,0,7.85714,,0,0,0,0,0,0,0,0,0,,3000,3000,,0,0,0,0
1613618188846,6,1010123456020,70,,1,0,24,1,2,,13.2533,829,183502,2.71213,239,0,7.83333,,0.1,28,0,0.1,8,0,0,12.9458,31,,3000,2994,,0,0,0,1
1613618189096,6,1010123456020,70,,1,0,24,1,2,,13.5676,851,184070,2.87621,242,0,7.83333,,0,0,0,0,0,0,0,0,0,,3000,3000,,0,0,0,0
1613618189347,6,1010123456020,70,,1,0,24,1,2,,13.583,813,183774,2.75498,233,0,8,,0,0,0,0,0,0,0,0,0,,3000,3000,,0,0,0,0
1613618189597,6,1010123456020,70,,1,0,24,1,2,,13.7619,798,182431,2.78035,230,0,8,,0,0,0,0,0,0,0,0,0,,3000,3000,,0,0,0,0
1613618189847,6,1010123456020,70,,1,0,24,1,2,,13.3194,839,184278,2.79251,242,0,7.66667,,15.0357,28,0,0.1,8,62.5,0,13.7124,31,,3000,3000,,0,0,0,6.60714
1613618190097,6,1010123456020,70,,1,0,24,1,2,,13.7482,834,183856,2.86909,239,0,8,,0,0,0,0,0,0,0,0,0,,3000,3000,,0,0,0,0
1613618190346,6,1010123456020,70,,1,0,24,1,2,,13.8489,827,183870,2.93639,239,0,8,,0,0,0,0,0,0,0,0,0,,3000,3000,,0,0,0,0
1613618190596,6,1010123456020,70,,1,0,24,1,2,,13.5844,835,183504,2.85995,240,0,7.85714,,0,0,0,0,0,0,0,0,0,,3000,3000,,0,0,0,0
1613618190847,6,1010123456020,70,,1,0,24,1,2,,13.5412,837,183126,2.84278,241,0,7.83333,,8.36364,44,0,0.1,13,61.5385,0,4.48791,31,,3000,3000,,0,0,0,6.72727
1613618191097,6,1010123456020,70,,1,0,24,1,2,,13.8406,828,183334,2.9185,239,0,8,,0.1,4,0,0.1,1,0,0,1.67285,31,,3000,3000,,0,0,0,1
1613618191347,6,1010123456020,70,,1,0,24,1,2,,13.8372,817,182879,2.89514,237,0,8,,0.1,4,0,0.1,1,0,0,1.67385,31,,3000,3000,,0,0,0,1
1613618191596,6,1010123456020,70,,1,0,24,1,2,,12.8665,839,183798,2.63007,241,0,7.57143,,0,0,0,0,0,0,0,0,0,,3000,3000,,0,0,0,0
1613618191847,6,1010123456020,70,,1,0,24,1,2,,13.7257,835,183038,2.90397,241,0,8,,0.1,29,0,0.1,8,0,0,1.7197,31,,3000,3000,,0,0,0,1.24138
1613618192097,6,1010123456020,70,,1,0,24,1,2,,13.5709,846,182857,2.84109,240,0,7.83333,,0,0,0,0,0,0,0,0,0,,3000,3000,,0,0,0,0
1613618192346,6,1010123456020,70,,1,0,24,1,2,,13.5243,845,183264,2.83039,240,0,7.83333,,0,3,0,0.1,1,0,0,0,31,,3000,3000,,0,0,0,0
1613618192596,6,1010123456020,70,,1,0,24,1,2,,13.5871,850,183304,2.90275,244,0,7.85714,,0,0,0,0,0,0,0,0,0,,3000,3000,,0,0,0,0
1613618192846,6,1010123456020,70,,1,0,24,1,2,,13.8945,844,182313,2.96122,240,0,8,,2.22222,27,0,0.1,8,0,0,10.0709,31,,3000,3000,,0,0,0,1.55556
1613618193097,6,1010123456020,70,,1,0,24,1,2,,14.0799,839,183858,2.91853,240,0,8,,0,0,0,0,0,0,0,0,0,,3000,3000,,0,0,0,0
1613618193346,6,1010123456020,70,,1,0,24,1,2,,13.4772,832,183548,2.80736,239,0,7.83333,,0,0,0,0,0,0,0,0,0,,3000,2994,,0,0,0,0
1613618193596,6,1010123456020,70,,1,0,24,1,2,,12.9929,841,182719,2.68778,241,0,7.57143,,0,3,0,0.1,1,0,0,0,31,,3000,3000,,0,0,0,0
1613618193846,6,1010123456020,70,,1,0,24,1,2,,13.6967,831,183702,2.92822,241,0,7.83333,,0.1,26,0,0.1,8,12.5,0,4.87396,31,,3000,3000,,0,0,0,2.53846
1613618194097,6,1010123456020,70,,1,0,24,1,2,,13.0845,840,182769,2.65933,240,0,7.66667,,0,0,0,0,0,0,0,0,0,,3000,3000,,0,0,0,0
1613618194346,6,1010123456020,70,,1,0,24,1,2,,12.9285,839,182591,2.70435,241,0,7.5,,0,6,0,0.1,2,50,0,0,31,,3000,3000,,0,0,0,0
1613618194597,6,1010123456020,70,,1,0,24,1,2,,13.8366,826,182902,2.8761,238,0,8,,0,3,0,0.1,1,0,0,0,31,,3000,3000,,0,0,0,0
1613618194847,6,1010123456020,70,,1,0,24,1,2,,13.54,824,183142,2.83843,241,0,7.83333,,5.29412,34,0,0.1,10,40,0,8.34421,31,,3000,3000,,0,0,0,4.85294
1613618195096,6,1010123456020,70,,1,0,24,1,2,,13.3711,838,183089,2.7672,237,0,7.66667,,0,3,0,0.1,1,0,0,0,31,,3000,3000,,0,0,0,0
1613618195347,6,1010123456020,70,,1,0,24,1,2,,13.0754,836,183346,2.61971,238,0,7.66667,,0,9,0,0.1,3,0,0,0,31,,3000,2994,,0,0,0,0
1613618195597,6,1010123456020,70,,1,0,24,1,2,,13.1318,850,183522,2.73549,244,0,7.71429,,0.1,11,0,0.1,3,0,0,1.38094,31,,3000,3000,,0,0,0,1.63636
1613618195847,6,1010123456020,70,,1,0,24,1,2,,13.8617,810,183114,2.8919,236,0,8,,1.37143,35,0,0.1,10,0,0,7.50519,31,,3000,3000,,0,0,0,1.51429
1613618196096,6,1010123456020,70,,1,0,24,1,2,,13.935,831,182227,2.96389,239,0,8,,12,20,0,0.1,5,80,0,1.92245,0,,3000,3000,,0,0,0,8.2
1613618196347,6,1010123456020,70,,1,0,24,1,2,,13.9145,819,184114,2.91008,236,0,8,,0,0,0,0,0,0,0,0,0,,3000,3000,,0,0,0,0
1613618196597,6,1010123456020,70,,1,0,24,1,2,,13.5608,847,183189,2.86368,242,0,7.85714,,0.1,4,0,0.1,1,0,0,1.53802,31,,3000,3000,,0,0,0,1
1613618196846,6,1010123456020,70,,1,0,24,1,2,,14.7645,811,182547,3.18904,239,0,8.33333,,15.1728,81,0,0.180369,26,80.7692,0,6.19858,31,,3000,3000,,0,0,0,8.44444
1613618197097,6,1010123456020,70,,1,0,24,1,2,,13.5786,833,183026,2.81798,238,0,7.83333,,0,3,0,0.1,1,0,0,0,31,,3000,3000,,0,0,0,0
1613618197346,6,1010123456020,70,,1,0,24,1,2,,13.7669,841,183426,2.92437,241,0,8,,0,3,0,0.1,1,0,0,0,31,,3000,3000,,0,0,0,0
1613618197597,6,1010123456020,70,,1,0,24,1,2,,13.8759,814,183218,2.88381,235,0,8,,0,0,0,0,0,0,0,0,0,,3000,3000,,0,0,0,0
1613618197848,6,1010123456020,70,,1,0,24,1,2,,13.1842,825,183114,2.73794,243,0,7.66667,,4.18182,44,0,0.1,14,42.8571,0,6.61224,31,,3012,3012,,0,0,0,4.95455
1613618198096,6,1010123456020,70,,1,0,24,1,2,,13.8964,840,183234,2.94316,238,0,8,,0,0,0,0,0,0,0,0,0,,2988,2988,,0,0,0,0
1613618198347,6,1010123456020,70,,1,0,24,1,2,,13.881,857,182675,2.9897,244,0,8,,0,12,0,0,4,100,0,0,0,,3000,3000,,0,0,0,0
1613618198599,6,1010123456020,70,,1,0,24,1,2,,14.5331,831,184162,2.99365,236,0,8.14286,,0,0,0,0,0,0,0,0,0,,3000,3000,,0,0,0,0
1613618198846,6,1010123456020,70,,1,0,24,1,2,,13.7418,821,183612,2.94028,241,0,8,,5.26667,45,0,0.1,14,42.8571,0,10.0728,31,,2988,2988,,0,0,0,4.77778
1613618199096,6,1010123456020,70,,1,0,24,1,2,,13.8953,831,182101,2.92835,237,0,8,,0,0,0,0,0,0,0,0,0,,3000,3000,,0,0,0,0
1613618199346,6,1010123456020,70,,1,0,24,1,2,,12.9739,842,183218,2.66982,242,0,7.5,,0,3,0,0.1,1,0,0,0,31,,3000,3000,,0,0,0,0
1613618199596,6,1010123456020,70,,1,0,24,1,2,,13.8123,847,182965,2.96935,241,0,7.85714,,0.1,10,0,0.1,3,0,0,2.07234,31,,3000,3000,,0,0,0,1
1613618199847,6,1010123456020,70,,1,0,24,1,2,,13.6017,831,183014,2.81264,239,0,8,,0.1,41,0,0.1,12,33.3333,0,1.54405,31,,3000,2994,,0,0,0,5.36585
1613618200097,6,1010123456020,70,,1,0,24,1,2,,13.3483,847,183514,2.77046,241,0,7.83333,,0,3,0,0.1,1,0,0,0,31,,3000,3000,,0,0,0,0
1613618200347,6,1010123456020,70,,1,0,24,1,2,,13.3241,830,182949,2.74339,239,0,7.83333,,0,9,0,0.1,3,66.6667,0,0,31,,3000,3000,,0,0,0,0
1613618200596,6,1010123456020,70,,1,0,24,1,2,,13.27,837,183722,2.70757,237,0,7.71429,,0,0,0,0,0,0,0,0,0,,3000,3000,,0,0,0,0
1613618200846,6,1010123456020,70,,1,0,24,1,2,,13.9109,853,184212,3.00154,243,0,8,,7.40909,44,0,0.1,13,30.7692,0,13.9657,31,,3000,3000,,0,0,0,4.13636
1613618201097,6,1010123456020,70,,1,0,24,1,2,,13.931,840,182739,2.98154,241,0,8,,0,0,0,0,0,0,0,0,0,,3000,3000,,0,0,0,0
1613618201346,6,1010123456020,70,,1,0,24,1,2,,13.617,825,182475,2.81629,237,0,8,,0,0,0,0,0,0,0,0,0,,3000,3000,,0,0,0,0
1613618201597,6,1010123456020,70,,1,0,24,1,2,,13.5133,828,182763,2.76134,236,0,7.85714,,15,13,0,0,4,100,0,2.84052,0,,3000,3000,,0,0,0,10
1613618201846,6,1010123456020,70,,1,0,24,1,2,,13.4832,803,182882,2.74667,234,0,7.83333,,5.04545,44,0,0.1,14,28.5714,0,14.602,31,,3000,3000,,0,0,0,4.11364
1613618202096,6,1010123456020,70,,1,0,24,1,2,,13.1572,827,183506,2.68819,238,0,7.66667,,0,18,0,0.1,6,83.3333,0,0,0,,3000,3000,,0,0,0,0
1613618202346,6,1010123456020,70,,1,0,24,1,2,,13.9339,847,183378,2.98734,241,0,8,,0,3,0,0.1,1,0,0,0,31,,3000,3000,,0,0,0,0
1613618202596,6,1010123456020,70,,1,0,24,1,2,,13.7732,851,183394,2.93687,242,0,8,,0,12,0,0.1,4,0,0,0,31,,3000,3000,,0,0,0,0
1613618202847,6,1010123456020,70,,1,0,24,1,2,,13.6005,816,182107,2.83965,239,0,7.83333,,13.5918,49,0,0.140992,15,60,0,10.8627,31,,3000,3000,,0,0,0,6.32653
1613618203096,6,1010123456020,70,,1,0,24,1,2,,13.9371,842,182365,2.96389,239,0,8,,8,33,0,0.1,11,54.5455,0,1.11849,31,,3000,3000,,0,0,0,5.42424
1613618203346,6,1010123456020,70,,1,0,24,1,2,,13.2977,833,183316,2.74304,237,0,7.66667,,0,3,0,0.1,1,0,0,0,31,,3000,3000,,0,0,0,0
1613618203597,6,1010123456020,70,,1,0,24,1,2,,12.9523,839,183506,2.62493,241,0,7.57143,,0.1,7,0,0.1,2,0,0,1.63912,31,,3000,3000,,0,0,0,1.57143
1613618203846,6,1010123456020,70,,1,0,24,1,2,,13.238,836,183173,2.71441,238,0,7.66667,,5.85366,41,0,0.1,11,45.4545,0,5.61542,31,,3000,3000,,0,0,0,5.58537
1613618204097,6,1010123456020,70,,1,0,24,1,2,,13.8007,843,184004,2.90006,239,0,8,,0,0,0,0,0,0,0,0,0,,3000,3000,,0,0,0,0
1613618204347,6,1010123456020,70,,1,0,24,1,2,,13.9108,830,182499,2.92576,238,0,8,,0,0,0,0,0,0,0,0,0,,3000,3000,,0,0,0,0
1613618204596,6,1010123456020,70,,1,0,24,1,2,,13.3457,833,182906,2.79981,240,0,7.71429,,0,3,0,0.1,1,0,0,0,31,,3000,3000,,0,0,0,0
1613618204847,6,1010123456020,70,,1,0,24,1,2,,13.9146,820,183786,2.92883,238,0,8,,0.1,31,0,0.1,9,0,0,4.72335,31,,3000,3000,,0,0,0,1.09677
1613618205097,6,1010123456020,70,,1,0,24,1,2,,13.5226,817,183482,2.80339,238,0,7.83333,,0,0,0,0,0,0,0,0,0,,3000,3000,,0,0,0,0
1613618205346,6,1010123456020,70,,1,0,24,1,2,,13.8641,846,182645,2.95804,241,0,8,,0,0,0,0,0,0,0,0,0,,3000,3000,,0,0,0,0
1613618205596,6,1010123456020,70,,1,0,24,1,2,,13.4714,838,183916,2.85067,243,0,7.85714,,0,3,0,0.1,1,0,0,0,31,,3000,3000,,0,0,0,0
1613618205846,6,1010123456020,70,,1,0,24,1,2,,13.7006,835,183770,2.91958,240,0,7.83333,,0.1,40,0,0.1,11,18.1818,0,1.2776,31,,3000,3000,,0,0,0,3.525
1613618206097,6,1010123456020,70,,1,0,24,1,2,,13.3682,850,182083,2.77254,242,0,7.83333,,0,0,0,0,0,0,0,0,0,,3000,3000,,0,0,0,0
1613618206347,6,1010123456020,70,,1,0,24,1,2,,13.2923,845,183460,2.74842,240,0,7.66667,,0,0,0,0,0,0,0,0,0,,3000,3000,,0,0,0,0
1613618206596,6,1010123456020,70,,1,0,24,1,2,,13.7589,842,182970,2.92472,240,0,7.85714,,0,3,0,0.1,1,0,0,0,31,,3000,3000,,0,0,0,0
1613618206847,6,1010123456020,70,,1,0,24,1,2,,13.6298,832,183162,2.86342,242,0,8,,6.2439,41,0,0.1,11,36.3636,0,6.20265,31,,3000,3000,,0,0,0,4.68293
1613618207097,6,1010123456020,70,,1,0,24,1,2,,13.903,845,182419,2.93667,239,0,8,,0,0,0,0,0,0,0,0,0,,3000,3000,,0,0,0,0
1613618207347,6,1010123456020,70,,1,0,24,1,2,,13.8671,843,183205,2.94774,241,0,8,,0,0,0,0,0,0,0,0,0,,3000,3000,,0,0,0,0
1613618207596,6,1010123456020,70,,1,0,24,1,2,,13.8744,836,183130,2.9423,239,0,8,,0,0,0,0,0,0,0,0,0,,3012,3012,,0,0,0,0
1613618207847,6,1010123456020,70,,1,0,24,1,2,,13.5905,845,183250,2.88768,243,0,8,,10.9615,26,0,0.1,8,50,0,9.09914,31,,2988,2988,,0,0,0,6.38462
1613618208096,6,1010123456020,70,,1,0,24,1,2,,13.4063,832,183842,2.77523,239,0,7.83333,,0,0,0,0,0,0,0,0,0,,3000,3000,,0,0,0,0
1613618208346,6,1010123456020,70,,1,0,24,1,2,,13.5184,843,182909,2.83065,240,0,7.83333,,0,0,0,0,0,0,0,0,0,,3000,3000,,0,0,0,0
1613618208597,6,1010123456020,70,,1,0,24,1,2,,13.3726,832,182874,2.75363,239,0,7.85714,,0.1,11,0,0.1,3,0,0,2.09725,31,,3000,3000,,0,0,0,2.81818
1613618208847,6,1010123456020,70,,1,0,24,1,2,,12.1397,809,184138,2.3473,237,0,7,,0.1,29,0,0.1,9,11.1111,0,1.05082,31,,3000,3000,,0,0,0,2.82759
1613618209097,6,1010123456020,70,,1,0,24,1,2,,13.1295,826,183394,2.60246,235,0,7.83333,,0,12,0,0.1,4,50,0,0,31,,3000,3000,,0,0,0,0
1613618209347,6,1010123456020,70,,1,0,24,1,2,,13.2847,822,183042,2.73078,237,0,7.66667,,0,0,0,0,0,0,0,0,0,,3000,3000,,0,0,0,0
1613618209597,6,1010123456020,70,,1,0,24,1,2,,13.7485,835,183674,2.88128,240,0,8,,0,0,0,0,0,0,0,0,0,,3000,3000,,0,0,0,0
1613618209846,6,1010123456020,70,,1,0,24,1,2,,13.2014,829,183396,2.71586,239,0,7.66667,,7.42553,47,0,0.1,14,50,0,7.28866,31,,3000,3000,,0,0,0,5.68085
1613618210097,6,1010123456020,70,,1,0,24,1,2,,13.9126,835,182227,2.91946,237,0,8,,0,0,0,0,0,0,0,0,0,,3000,3000,,0,0,0,0
1613618210346,6,1010123456020,70,,1,0,24,1,2,,13.5281,854,182986,2.86403,243,0,7.83333,,0,3,0,0.1,1,0,0,0,31,,3000,3000,,0,0,0,0
1613618210597,6,1010123456020,70,,1,0,24,1,2,,13.9206,831,183586,2.90547,236,0,8,,0,9,0,0.1,3,0,0,0,31,,3000,3000,,0,0,0,0
1613618210847,6,1010123456020,70,,1,0,24,1,2,,13.4323,835,182817,2.78893,238,0,7.66667,,1.41176,34,0,0.105632,10,0,0,5.94979,31,,3000,2994,,0,0,0,2.5
1613618211097,6,1010123456020,70,,1,0,24,1,2,,13.1321,848,184392,2.6815,241,0,7.66667,,0,0,0,0,0,0,0,0,0,,3000,3000,,0,0,0,0
1613618211347,6,1010123456020,70,,1,0,24,1,2,,13.9265,844,182974,2.95834,240,0,8,,0,0,0,0,0,0,0,0,0,,3000,3000,,0,0,0,0
1613618211597,6,1010123456020,70,,1,0,24,1,2,,13.9033,848,183280,2.96157,241,0,8,,0,0,0,0,0,0,0,0,0,,3000,3000,,0,0,0,0
1613618211846,6,1010123456020,70,,1,0,24,1,2,,13.4234,822,183182,2.77953,237,0,7.66667,,15,13,0,0,4,100,0,2.53444,0,,3000,3000,,0,0,0,10
1613618212096,6,1010123456020,70,,1,0,24,1,2,,13.1307,834,182862,2.65478,238,0,7.83333,,0.1,7,0,0.1,2,0,0,2.00745,31,,3000,3000,,0,0,0,1.42857
1613618212347,6,1010123456020,70,,1,0,24,1,2,,13.4331,845,183086,2.8239,243,0,7.8,,0,0,0,0,0,0,0,0,0,,3000,3000,,0,0,0,0
1613618212596,6,1010123456020,70,,1,0,24,1,2,,13.5378,833,183198,2.84145,240,0,7.85714,,0,0,0,0,0,0,0,0,0,,3000,3000,,0,0,0,0
1613618212846,6,1010123456020,70,,1,0,24,1,2,,13.537,838,183322,2.83798,240,0,7.83333,,0.1,37,0,0.1,10,20,0,1.25049,31,,3000,3000,,0,0,0,3.18919
1613618213097,6,1010123456020,70,,1,0,24,1,2,,13.1883,839,183762,2.68179,238,0,7.66667,,0,9,0,0.1,3,0,0,0,31,,3000,3000,,0,0,0,0
1613618213347,6,1010123456020,70,,1,0,24,1,2,,13.4648,837,182421,2.81283,241,0,7.83333,,0,12,0,0,4,100,0,0,0,,3000,3000,,0,0,0,0
1613618213597,6,1010123456020,70,,1,0,24,1,2,,13.8359,847,183098,2.92019,240,0,8,,0,6,0,0.1,2,0,0,0,31,,3000,3000,,0,0,0,0
1613618213847,6,1010123456020,70,,1,0,24,1,2,,13.863,854,183346,3.00998,246,0,8,,0.1,30,0,0.1,9,0,0,4.41109,31,,3000,3000,,0,0,0,1.5
1613618214096,6,1010123456020,70,,1,0,24,1,2,,12.8463,833,182229,2.60652,240,0,7.5,,0,0,0,0,0,0,0,0,0,,3000,3000,,0,0,0,0
1613618214346,6,1010123456020,70,,1,0,24,1,2,,13.2238,831,182938,2.73153,239,0,7.66667,,0,0,0,0,0,0,0,0,0,,3000,3000,,0,0,0,0
1613618214597,6,1010123456020,70,,1,0,24,1,2,,13.8886,835,183626,2.94605,240,0,8,,10,24,0,0.1,6,66.6667,0,6.67717,31,,3000,3000,,0,0,0,7
1613618214847,6,1010123456020,70,,1,0,24,1,2,,13.4227,828,182683,2.8055,240,0,7.66667,,8.67347,49,0,0.1,15,53.3333,0,6.72144,31,,3000,3000,,0,0,0,6.02041
1613618215096,6,1010123456020,70,,1,0,24,1,2,,13.3369,834,183250,2.74876,239,0,7.83333,,0,0,0,0,0,0,0,0,0,,3000,3000,,0,0,0,0
1613618215347,6,1010123456020,70,,1,0,24,1,2,,13.7772,844,183210,2.92538,242,0,8,,0,0,0,0,0,0,0,0,0,,3000,3000,,0,0,0,0
1613618215597,6,1010123456020,70,,1,0,24,1,2,,13.503,835,183754,2.83878,240,0,7.71429,,0.1,4,0,0.1,1,0,0,1.33041,31,,3000,3000,,0,0,0,3
1613618215847,6,1010123456020,70,,1,0,24,1,2,,12.528,820,182954,2.44749,236,0,7.33333,,6.10526,38,0,0.1,11,45.4545,0,10.5477,31,,3000,2994,,0,0,0,4.65789
1613618216097,6,1010123456020,70,,1,0,24,1,2,,13.3361,842,182850,2.72291,239,0,7.83333,,0,0,0,0,0,0,0,0,0,,3000,3000,,0,0,0,0
1613618216346,6,1010123456020,70,,1,0,24,1,2,,13.4687,847,183030,2.83804,242,0,7.83333,,0,3,0,0.1,1,0,0,0,31,,3000,3000,,0,0,0,0
1613618216596,6,1010123456020,70,,1,0,24,1,2,,13.2343,845,183664,2.74522,241,0,7.71429,,0,3,0,0.1,1,0,0,0,31,,3000,3000,,0,0,0,0
1613618216846,6,1010123456020,70,,1,0,24,1,2,,13.5889,844,183334,2.84463,239,0,7.83333,,7.05882,51,0,0.1,16,50,0,5.82653,31,,3000,3000,,0,0,0,5.31373
1613618217096,6,1010123456020,70,,1,0,24,1,2,,13.8298,840,182447,2.91788,239,0,8,,0,0,0,0,0,0,0,0,0,,3000,3000,,0,0,0,0
1613618217347,6,1010123456020,70,,1,0,24,1,2,,13.3026,836,182942,2.72582,238,0,7.66667,,0,6,0,0.1,2,0,0,0,31,,3000,3000,,0,0,0,0
1613618217597,6,1010123456020,70,,1,0,24,1,2,,13.8571,840,183582,2.95389,241,0,8,,0,0,0,0,0,0,0,0,0,,3000,3000,,0,0,0,0
1613618217847,6,1010123456020,70,,1,0,24,1,2,,13.4175,836,182783,2.8345,242,0,7.66667,,10.8545,55,0,0.1,15,60,0,9.68182,31,,3000,3000,,0,0,0,6.8
1613618218097,6,1010123456020,70,,1,0,24,1,2,,13.416,839,182767,2.76762,240,0,7.83333,,0,6,0,0.1,2,0,0,0,31,,3000,3000,,0,0,0,0
1613618218346,6,1010123456020,70,,1,0,24,1,2,,13.8426,826,183262,2.92235,238,0,8,,15,16,0,0,4,100,0,1.68441,0,,3000,3000,,0,0,0,10
1613618218597,6,1010123456020,70,,1,0,24,1,2,,13.5521,826,183878,2.80902,238,0,7.85714,,0.1,8,0,0.1,2,0,0,1.64196,31,,3000,3000,,0,0,0,1
1613618218848,6,1010123456020,70,,1,0,24,1,2,,13.9161,822,184094,2.92175,238,0,8,,1.6,35,0,0.1,10,0,0,8.9775,31,,3000,3000,,0,0,0,1.25714
1613618219097,6,1010123456020,70,,1,0,24,1,2,,12.846,831,184230,2.59968,239,0,7.5,,0.1,4,0,0.1,1,0,0,1.38821,31,,3000,3000,,0,0,0,2
1613618219347,6,1010123456020,70,,1,0,24,1,2,,13.5421,832,183638,2.80186,238,0,7.83333,,0.1,4,0,0.1,1,0,0,1.62416,31,,3000,3000,,0,0,0,1
1613618219597,6,1010123456020,70,,1,0,24,1,2,,13.8628,838,182711,2.91501,238,0,8,,0,12,0,0.1,4,25,0,0,31,,3000,3000,,0,0,0,0
1613618219846,6,1010123456020,70,,1,0,24,1,2,,13.5166,846,182894,2.83312,241,0,7.83333,,3.75,36,0,0.1,11,27.2727,0,2.10759,31,,3000,3000,,0,0,0,3.25
1613618220097,6,1010123456020,70,,1,0,24,1,2,,13.3046,857,182966,2.80998,244,0,7.66667,,0,3,0,0.1,1,0,0,0,31,,3000,3000,,0,0,0,0
1613618220347,6,1010123456020,70,,1,0,24,1,2,,13.7138,849,183046,2.9025,243,0,8,,0,3,0,0.1,1,0,0,0,31,,3000,3000,,0,0,0,0
1613618220596,6,1010123456020,70,,1,0,24,1,2,,13.8303,831,183264,2.93937,240,0,8,,0,0,0,0,0,0,0,0,0,,3000,3000,,0,0,0,0
1613618220846,6,1010123456020,70,,1,0,24,1,2,,13.8345,828,182671,2.8988,237,0,8,,3.55556,54,0,0.1,16,43.75,0,2.74516,31,,3000,3000,,0,0,0,5.33333
1613618221096,6,1010123456020,70,,1,0,24,1,2,,13.553,839,182137,2.81439,238,0,7.83333,,0,0,0,0,0,0,0,0,0,,3000,3000,,0,0,0,0
1613618221347,6,1010123456020,70,,1,0,24,1,2,,13.5414,846,183518,2.86173,241,0,7.83333,,0,3,0,0.1,1,0,0,0,31,,3000,3000,,0,0,0,0
1613618221597,6,1010123456020,70,,1,0,24,1,2,,12.6935,845,183594,2.55389,241,0,7.42857,,0.1,4,0,0.1,1,0,0,0.1,31,,3000,3000,,0,0,0,2
1613618221847,6,1010123456020,70,,1,0,24,1,2,,12.8026,841,183434,2.61126,242,0,7.5,,0.1,30,0,0.1,8,12.5,0,4.88082,31,,3000,3000,,0,0,0,2.8
1613618222097,6,1010123456020,70,,1,0,24,1,2,,13.2214,813,184168,2.64688,235,0,7.83333,,0,0,0,0,0,0,0,0,0,,3000,3000,,0,0,0,0
1613618222347,6,1010123456020,70,,1,0,24,1,2,,13.8429,834,183878,2.93453,240,0,8,,0,0,0,0,0,0,0,0,0,,3000,3000,,0,0,0,0
1613618222597,6,1010123456020,70,,1,0,24,1,2,,13.5623,827,182966,2.81824,238,0,7.85714,,0,0,0,0,0,0,0,0,0,,3000,3000,,0,0,0,0
1613618222847,6,1010123456020,70,,1,0,24,1,2,,13.6756,817,181991,2.83088,237,0,8,,7.05882,34,0,0.1,9,44.4444,0,7.09291,31,,3000,3000,,0,0,0,5.23529
1613618223096,6,1010123456020,70,,1,0,24,1,2,,13.6559,837,182825,2.87402,238,0,7.83333,,0,3,0,0.1,1,0,0,0,31,,3000,3000,,0,0,0,0
1613618223346,6,1010123456020,70,,1,0,24,1,2,,13.3766,839,183262,2.761,240,0,7.83333,,0,3,0,0.1,1,0,0,0,31,,3000,3000,,0,0,0,0
1613618223597,6,1010123456020,70,,1,0,24,1,2,,13.503,843,183038,2.84269,242,0,7.85714,,0.1,16,0,0.1,4,25,0,1.50151,31,,3000,3000,,0,0,0,3.5
1613618223846,6,1010123456020,70,,1,0,24,1,2,,13.8773,831,184254,2.9423,239,0,8,,7.38462,39,0,0.1,11,36.3636,0,8.53594,31,,3000,3000,,0,0,0,4.69231
1613618224097,6,1010123456020,70,,1,0,24,1,2,,13.8293,832,183046,2.87936,236,0,8,,0,9,0,0.1,3,33.3333,0,0,31,,3000,3000,,0,0,0,0
1613618224347,6,1010123456020,70,,1,0,24,1,2,,13.172,837,183114,2.69402,240,0,7.83333,,0.1,14,0,0.1,4,50,0,1.32011,31,,3000,3000,,0,0,0,5.42857
1613618224597,6,1010123456020,70,,1,0,24,1,2,,13.5576,850,183874,2.86179,243,0,7.85714,,0,0,0,0,0,0,0,0,0,,3000,3000,,0,0,0,0
1613618224847,6,1010123456020,70,,1,0,24,1,2,,13.7917,840,182994,2.8952,239,0,8,,0.762712,59,0,0.1,17,11.7647,0,6.73104,31,,3000,3000,,0,0,0,2.94915
1613618225097,6,1010123456020,70,,1,0,24,1,2,,14.0158,823,182411,2.82528,234,0,8,,0,6,0,0.1,2,0,0,0,31,,3000,3000,,0,0,0,0
1613618225347,6,1010123456020,70,,1,0,24,1,2,,13.2976,850,183946,2.76666,242,0,7.66667,,0,0,0,0,0,0,0,0,0,,3000,3000,,0,0,0,0
1613618225597,6,1010123456020,70,,1,0,24,1,2,,12.9365,834,183530,2.6177,239,0,7.57143,,0,12,0,0,4,100,0,0,0,,3000,3000,,0,0,0,0
1613618225846,6,1010123456020,70,,1,0,24,1,2,,13.8629,839,183402,2.98458,243,0,8,,5.07317,41,0,0.1,12,50,0,3.73917,31,,3000,3000,,0,0,0,5.53659
1613618226097,6,1010123456020,70,,1,0,24,1,2,,13.8727,833,184146,2.9041,237,0,8,,0,0,0,0,0,0,0,0,0,,3000,3000,,0,0,0,0
1613618226347,6,1010123456020,70,,1,0,24,1,2,,13.6548,843,183010,2.87018,241,0,8,,0,3,0,0.1,1,0,0,0,31,,3000,3000,,0,0,0,0
1613618226597,6,1010123456020,70,,1,0,24,1,2,,13.2764,843,183130,2.74141,241,0,7.85714,,0,6,0,0.1,2,50,0,0,31,,3000,3000,,0,0,0,0
1613618226847,6,1010123456020,70,,1,0,24,1,2,,13.2629,814,183454,2.73165,240,0,7.83333,,3.90244,41,0,0.1,13,46.1538,0,5.69501,31,,3000,3000,,0,0,0,5.29268
1613618227096,6,1010123456020,70,,1,0,24,1,2,,13.34,856,182663,2.8222,245,0,7.83333,,0,3,0,0.1,1,0,0,0,31,,3000,3000,,0,0,0,0
1613618227346,6,1010123456020,70,,1,0,24,1,2,,13.5976,840,182593,2.84411,239,0,7.83333,,0,0,0,0,0,0,0,0,0,,3000,3000,,0,0,0,0
1613618227597,6,1010123456020,70,,1,0,24,1,2,,13.8759,830,183760,2.9336,239,0,8,,0,0,0,0,0,0,0,0,0,,3000,3000,,0,0,0,0
1613618227847,6,1010123456020,70,,1,0,24,1,2,,12.9963,814,183894,2.60416,236,0,7.66667,,0.1,41,0,0.1,12,33.3333,0,1.64876,31,,3000,2994,,0,0,0,4.4878
1613618228097,6,1010123456020,70,,1,0,24,1,2,,13.9112,833,182910,2.95373,240,0,8,,1.33333,12,0,0.1,3,33.3333,0,1.76992,31,,3000,3000,,0,0,0,4
1613618228347,6,1010123456020,70,,1,0,24,1,2,,14.0994,835,182791,2.93376,240,0,8,,0,0,0,0,0,0,0,0,0,,3000,3000,,0,0,0,0
1613618228597,6,1010123456020,70,,1,0,24,1,2,,13.4746,826,184230,2.79664,239,0,7.85714,,0.1,12,0,0.1,3,33.3333,0,1.04745,31,,3000,3000,,0,0,0,6.33333
1613618228847,6,1010123456020,70,,1,0,24,1,2,,15.4523,838,182868,3.46067,240,0,8.66667,,0.1,46,0,0.1,14,21.4286,0,5.37607,31,,3000,3000,,0,0,0,3.1087
1613618229097,6,1010123456020,70,,1,0,24,1,2,,13.8597,834,184278,2.92285,239,0,8,,0.1,8,0,0.1,2,0,0,16.7396,31,,3000,3000,,0,0,0,1
1613618229346,6,1010123456020,70,,1,0,24,1,2,,13.562,847,183816,2.85998,241,0,7.83333,,0,12,0,0,4,100,0,0,0,,3000,3000,,0,0,0,0
1613618229596,6,1010123456020,70,,1,0,24,1,2,,13.2252,835,182669,2.69741,237,0,7.71429,,0,0,0,0,0,0,0,0,0,,3000,3000,,0,0,0,0
1613618229846,6,1010123456020,70,,1,0,24,1,2,,13.1782,836,182485,2.7191,240,0,7.66667,,0.1,37,0,0.1,12,50,0,2.7098,31,,3000,3000,,0,0,0,6.54054
1613618230096,6,1010123456020,70,,1,0,24,1,2,,13.5419,823,183590,2.80292,237,0,7.83333,,0.1,8,0,0.1,2,0,0,1.77286,31,,3000,3000,,0,0,0,1
1613618230347,6,1010123456020,70,,1,0,24,1,2,,12.918,841,182725,2.65744,241,0,7.5,,0,3,0,0.1,1,0,0,0,31,,3000,3000,,0,0,0,0
1613618230597,6,1010123456020,70,,1,0,24,1,2,,12.8503,835,183772,2.57197,238,0,7.57143,,0,15,0,0.1,5,40,0,0,31,,3000,3000,,0,0,0,0
1613618230847,6,1010123456020,70,,1,0,24,1,2,,12.5084,830,183407,2.48563,240,0,7.33333,,7.85185,54,0,0.1,16,56.25,0,6.66049,31,,3000,2994,,0,0,0,6.07407
1613618231097,6,1010123456020,70,,1,0,24,1,2,,13.3493,813,182871,2.6791,234,0,7.83333,,0.1,8,0,0.1,2,0,0,14.0826,31,,3000,3000,,0,0,0,2.5
1613618231347,6,1010123456020,70,,1,0,24,1,2,,13.8793,845,182416,2.94298,240,0,8,,0,0,0,0,0,0,0,0,0,,3000,3000,,0,0,0,0
1613618231596,6,1010123456020,70,,1,0,24,1,2,,13.2233,851,183823,2.75258,242,0,7.71429,,0,0,0,0,0,0,0,0,0,,3000,3000,,0,0,0,0
1613618231846,6,1010123456020,70,,1,0,24,1,2,,13.9133,830,182656,2.92655,237,0,8,,5.94444,54,0,0.1,15,40,0,7.47427,31,,3000,3000,,0,0,0,5.59259
1613618232096,6,1010123456020,70,,1,0,24,1,2,,13.1481,837,182572,2.70972,240,0,7.66667,,10.4348,23,0,0.1,6,66.6667,0,7.29002,31,,3000,3000,,0,0,0,7.26087
1613618232347,6,1010123456020,70,,1,0,24,1,2,,12.9331,822,184259,2.59741,237,0,7.5,,0.1,8,0,0.1,2,0,0,1.47764,31,,3000,3000,,0,0,0,1.5
1613618232597,6,1010123456020,70,,1,0,24,1,2,,13.147,830,182708,2.73066,241,0,7.57143,,0.1,8,0,0.1,2,0,0,1.65393,31,,3000,3000,,0,0,0,1
1613618232847,6,1010123456020,70,,1,0,24,1,2,,13.599,838,183253,2.8393,240,0,8,,1.5,40,0,0.1,11,0,0,13.0004,31,,3000,3000,,0,0,0,1.45
1613618233097,6,1010123456020,70,,1,0,24,1,2,,13.2057,841,184273,2.7463,242,0,7.66667,,11.4706,17,0,0.1,5,80,0,1.06738,31,,3000,3000,,0,0,0,7.88235
1613618233347,6,1010123456020,70,,1,0,24,1,2,,13.8559,826,183199,2.91347,238,0,8,,0,0,0,0,0,0,0,0,0,,3000,3000,,0,0,0,0
1613618233597,6,1010123456020,70,,1,0,24,1,2,,13.2566,834,183887,2.71984,239,0,7.71429,,0,0,0,0,0,0,0,0,0,,3000,3000,,0,0,0,0
1613618233846,6,1010123456020,70,,1,0,24,1,2,,13.7123,848,183591,2.97256,245,0,7.83333,,5.07317,41,0,0.1,13,30.7692,0,3.52106,31,,3000,3000,,0,0,0,4.60976
1613618234097,6,1010123456020,70,,1,0,24,1,2,,11.9177,838,184071,2.4297,240,0,7.16667,,0,0,0,0,0,0,0,0,0,,3000,3000,,0,0,0,0
1613618234346,6,1010123456020,70,,1,0,24,1,2,,13.517,851,183135,2.87422,244,0,7.83333,,0,0,0,0,0,0,0,0,0,,3000,3000,,0,0,0,0
1613618234597,6,1010123456020,70,,1,0,24,1,2,,13.8263,835,182496,2.90118,238,0,8,,0,0,0,0,0,0,0,0,0,,3000,3000,,0,0,0,0
1613618234847,6,1010123456020,70,,1,0,24,1,2,,13.3872,842,183507,2.82362,242,0,7.66667,,7.05882,34,0,0.1,10,40,0,11.4902,31,,3000,3000,,0,0,0,4.17647
1613618235097,6,1010123456020,70,,1,0,24,1,2,,13.6265,854,183251,2.86461,243,0,8,,0,3,0,0.1,1,0,0,0,31,,3000,3000,,0,0,0,0
1613618235347,6,1010123456020,70,,1,0,24,1,2,,13.5403,831,182092,2.77696,236,0,7.83333,,0,0,0,0,0,0,0,0,0,,3000,3000,,0,0,0,0
1613618235597,6,1010123456020,70,,1,0,24,1,2,,13.561,836,183435,2.83648,240,0,7.85714,,0,0,0,0,0,0,0,0,0,,3000,3000,,0,0,0,0
1613618235847,6,1010123456020,70,,1,0,24,1,2,,13.9061,831,182780,2.96182,241,0,8,,10.2273,22,0,0.1,6,66.6667,0,3.12384,31,,3000,3000,,0,0,0,7.13636
1613618236096,6,1010123456020,70,,1,0,24,1,2,,13.2354,841,182464,2.751,241,0,7.83333,,0.1,12,0,0.1,3,0,0,0.975677,31,,3000,3000,,0,0,0,4
1613618236346,6,1010123456020,70,,1,0,24,1,2,,13.7072,823,183409,2.8587,237,0,8,,0.1,12,0,0.1,3,66.6667,0,0.951135,31,,3000,3000,,0,0,0,9
1613618236597,6,1010123456020,70,,1,0,24,1,2,,13.9169,842,183519,2.96618,241,0,8,,0,3,0,0.1,1,0,0,0,31,,3000,3000,,0,0,0,0
1613618236847,6,1010123456020,70,,1,0,24,1,2,,13.8235,816,183071,2.8935,238,0,8,,0.1,29,0,0.1,9,0,0,4.23108,31,,3000,3000,,0,0,0,2.17241
1613618237097,6,1010123456020,70,,1,0,24,1,2,,12.981,842,184247,2.68269,242,0,7.5,,0,0,0,0,0,0,0,0,0,,3000,3000,,0,0,0,0
1613618237347,6,1010123456020,70,,1,0,24,1,2,,13.6861,841,183431,2.83734,239,0,8,,0,0,0,0,0,0,0,0,0,,3000,3000,,0,0,0,0
1613618237597,6,1010123456020,70,,1,0,24,1,2,,13.5424,837,182440,2.81789,239,0,7.85714,,0,0,0,0,0,0,0,0,0,,3000,3000,,0,0,0,0
1613618237847,6,1010123456020,70,,1,0,24,1,2,,13.5709,839,183367,2.85149,241,0,7.83333,,4.07843,51,0,0.1,15,40,0,4.90042,31,,3000,3000,,0,0,0,5.7451
1613618238097,6,1010123456020,70,,1,0,24,1,2,,13.1718,838,183931,2.67782,238,0,7.66667,,0,0,0,0,0,0,0,0,0,,3000,3000,,0,0,0,0
1613618238347,6,1010123456020,70,,1,0,24,1,2,,13.4321,854,183347,2.85315,245,0,7.83333,,0,0,0,0,0,0,0,0,0,,3000,3000,,0,0,0,0
1613618238597,6,1010123456020,70,,1,0,24,1,2,,13.9329,834,183035,2.93498,238,0,8,,0,3,0,0.1,1,0,0,0,31,,3000,3000,,0,0,0,0
1613618238846,6,1010123456020,70,,1,0,24,1,2,,13.9048,840,183339,2.97192,241,0,8,,0.1,71,0,0.1,21,19.0476,0,5.38352,31,,3000,3000,,0,0,0,3.46479
1613618239096,6,1010123456020,70,,1,0,24,1,2,,13.3863,831,183979,2.80093,239,0,7.66667,,0,0,0,0,0,0,0,0,0,,3000,3000,,0,0,0,0
1613618239347,6,1010123456020,70,,1,0,24,1,2,,13.7746,843,182148,2.91898,242,0,8,,0,0,0,0,0,0,0,0,0,,3000,3000,,0,0,0,0
1613618239597,6,1010123456020,70,,1,0,24,1,2,,13.292,815,184235,2.69754,234,0,7.71429,,0.1,10,0,0.1,3,33.3333,0,0.882259,31,,3000,3000,,0,0,0,5.3
1613618239847,6,1010123456020,70,,1,0,24,1,2,,13.612,835,183027,2.85072,241,0,8,,7.27273,33,0,0.1,9,44.4444,0,5.09383,31,,3000,3000,,0,0,0,6.21212
1613618240097,6,1010123456020,70,,1,0,24,1,2,,13.5611,843,183627,2.87981,242,0,7.83333,,0.1,4,0,0.1,1,0,0,0.750177,31,,3000,3000,,0,0,0,5
1613618240346,6,1010123456020,70,,1,0,24,1,2,,12.8833,831,183611,2.59145,239,0,7.5,,0,0,0,0,0,0,0,0,0,,3000,3000,,0,0,0,0
1613618240596,6,1010123456020,70,,1,0,24,1,2,,13.796,843,183155,2.95666,242,0,8,,0,0,0,0,0,0,0,0,0,,3000,3000,,0,0,0,0
1613618240847,6,1010123456020,70,,1,0,24,1,2,,13.6342,831,182532,2.87283,240,0,7.83333,,1.55172,29,0,0.1,9,0,0,8.95465,31,,3000,3000,,0,0,0,1.10345
1613618241097,6,1010123456020,70,,1,0,24,1,2,,12.7048,830,184367,2.54819,239,0,7.5,,0.1,4,0,0.1,1,0,0,26.3541,31,,3000,3000,,0,0,0,1
1613618241347,6,1010123456020,70,,1,0,24,1,2,,13.5054,839,183767,2.78205,239,0,7.83333,,0,15,0,0.1,5,80,0,0,0,,3000,3000,,0,0,0,0
1613618241597,6,1010123456020,70,,1,0,24,1,2,,13.5263,838,182610,2.8265,240,0,7.85714,,0.1,7,0,0.1,2,0,0,16.9643,31,,3000,3000,,0,0,0,1
1613618241847,6,1010123456020,70,,1,0,24,1,2,,13.5993,831,183767,2.91453,243,0,7.83333,,15.8696,23,0,0.1,6,66.6667,0,17.0851,31,,3000,3000,,0,0,0,7.26087
1613618242097,6,1010123456020,70,,1,0,24,1,2,,13.661,829,182704,2.84032,240,0,8,,0,0,0,0,0,0,0,0,0,,3000,3000,,0,0,0,0
1613618242347,6,1010123456020,70,,1,0,24,1,2,,13.5845,840,182800,2.8289,239,0,7.83333,,0,0,0,0,0,0,0,0,0,,3000,3000,,0,0,0,0
1613618242597,6,1010123456020,70,,1,0,24,1,2,,13.8395,835,184007,2.93248,240,0,8,,0,0,0,0,0,0,0,0,0,,3000,3000,,0,0,0,0
1613618242846,6,1010123456020,70,,1,0,24,1,2,,13.8893,813,183303,2.97218,241,0,8,,14.443,79,0,0.1,25,76,0,5.27752,31,,3000,3000,,0,0,0,8.53165
1613618243097,6,1010123456020,70,,1,0,24,1,2,,13.3625,847,182848,2.81427,242,0,7.66667,,0.1,4,0,0.1,1,0,0,1.01496,31,,3000,3000,,0,0,0,2
1613618243346,6,1010123456020,70,,1,0,24,1,2,,13.7641,852,183249,2.95945,245,0,8,,0,0,0,0,0,0,0,0,0,,3000,3000,,0,0,0,0
1613618243597,6,1010123456020,70,,1,0,24,1,2,,13.2696,831,183615,2.71763,238,0,7.71429,,0,0,0,0,0,0,0,0,0,,3000,3000,,0,0,0,0
1613618243847,6,1010123456020,70,,1,0,24,1,2,,13.0732,847,182824,2.70096,241,0,7.5,,0.1,30,0,0.1,9,11.1111,0,4.18069,31,,3000,3000,,0,0,0,3.6
1613618244097,6,1010123456020,70,,1,0,24,1,2,,12.7859,850,183079,2.59667,242,0,7.5,,0,3,0,0.1,1,0,0,0,31,,3000,3000,,0,0,0,0
1613618244347,6,1010123456020,70,,1,0,24,1,2,,13.8365,850,183591,2.92998,242,0,8,,0,0,0,0,0,0,0,0,0,,3000,3000,,0,0,0,0
1613618244597,6,1010123456020,70,,1,0,24,1,2,,13.5059,844,183839,2.84141,242,0,7.85714,,0.1,10,0,0.1,3,0,0,2.42151,31,,3000,3000,,0,0,0,1
1613618244846,6,1010123456020,70,,1,0,24,1,2,,13.0449,847,183479,2.72884,243,0,7.5,,0.1,32,0,0.1,9,22.2222,0,1.79653,31,,3000,3000,,0,0,0,3.4375
1613618245096,6,1010123456020,70,,1,0,24,1,2,,13.6922,848,184007,2.89523,242,0,8,,0,3,0,0.1,1,0,0,0,31,,3000,3000,,0,0,0,0
1613618245347,6,1010123456020,70,,1,0,24,1,2,,13.4664,834,183363,2.80845,240,0,7.83333,,11.25,16,0,0.1,5,80,0,2.15167,31,,3000,3000,,0,0,0,8
1613618245597,6,1010123456020,70,,1,0,24,1,2,,13.9018,845,182716,2.94758,240,0,8,,0,0,0,0,0,0,0,0,0,,3000,3000,,0,0,0,0
1613618245847,6,1010123456020,70,,1,0,24,1,2,,13.871,837,183635,2.9417,240,0,8,,1,48,0,0.1,14,14.2857,0,4.35991,31,,3000,3000,,0,0,0,3.375
1613618246097,6,1010123456020,70,,1,0,24,1,2,,12.8902,838,183003,2.62646,241,0,7.5,,0,0,0,0,0,0,0,0,0,,3000,3000,,0,0,0,0
1613618246347,6,1010123456020,70,,1,0,24,1,2,,13.1312,846,183235,2.73984,244,0,7.66667,,10.9091,22,0,0.1,6,66.6667,0,6.00524,31,,3000,3000,,0,0,0,7.54545
1613618246597,6,1010123456020,70,,1,0,24,1,2,,13.4479,835,184227,2.80038,240,0,7.83333,,0.1,16,0,0.1,4,0,0,1.60367,31,,3000,3000,,0,0,0,1.25
1613618246846,6,1010123456020,70,,1,0,24,1,2,,13.7957,842,182907,2.93995,242,0,8,,0.1,30,0,0.1,9,0,0,1.70332,31,,3000,3000,,0,0,0,1.66667
1613618247096,6,1010123456020,70,,1,0,24,1,2,,13.0118,847,183239,2.68588,242,0,7.66667,,0.1,4,0,0.1,1,0,0,1.46209,31,,3000,3000,,0,0,0,1
1613618247347,6,1010123456020,70,,1,0,24,1,2,,13.8544,845,183119,2.93069,240,0,8,,0,0,0,0,0,0,0,0,0,,3000,3000,,0,0,0,0
1613618247596,6,1010123456020,70,,1,0,24,1,2,,13.1803,832,182728,2.74172,240,0,7.57143,,0,3,0,0.1,1,0,0,0,31,,3000,3000,,0,0,0,0
1613618247847,6,1010123456020,70,,1,0,24,1,2,,12.8303,825,182696,2.57018,238,0,7.5,,0.1,27,0,0.1,8,12.5,0,8.01789,31,,3000,3000,,0,0,0,2.22222
1613618248097,6,1010123456020,70,,1,0,24,1,2,,11.9866,823,183919,2.3073,235,0,7.33333,,0,0,0,0,0,0,0,0,0,,3000,3000,,0,0,0,0
1613618248347,6,1010123456020,70,,1,0,24,1,2,,13.673,844,183503,2.88698,242,0,8,,0.1,12,0,0.1,3,0,0,2.92624,31,,3000,3000,,0,0,0,2
1613618248597,6,1010123456020,70,,1,0,24,1,2,,12.5406,849,183119,2.55629,244,0,7.28571,,0,0,0,0,0,0,0,0,0,,3000,3000,,0,0,0,0
1613618248847,6,1010123456020,70,,1,0,24,1,2,,13,833,182983,2.62256,239,0,7.66667,,5.73529,34,0,0.1,10,40,0,4.3814,31,,3000,3000,,0,0,0,4.44118
1613618249096,6,1010123456020,70,,1,0,24,1,2,,12.9904,831,183401,2.67139,239,0,7.5,,0.1,4,0,0.1,1,0,0,4.09565,31,,3000,3000,,0,0,0,1
1613618249347,6,1010123456020,70,,1,0,24,1,2,,13.7846,831,182528,2.88342,239,0,8,,0.1,4,0,0.1,1,0,0,1.13947,31,,3000,3000,,0,0,0,3
1613618249597,6,1010123456020,70,,1,0,24,1,2,,13.8987,819,183175,2.90547,236,0,8,,0.1,16,0,0.1,4,0,0,7.89415,31,,3000,3000,,0,0,0,1.25
1613618249847,6,1010123456020,70,,1,0,24,1,2,,12.9324,843,183087,2.67466,243,0,7.5,,10.2632,19,0,0.1,6,66.6667,0,2.2926,31,,3000,3000,,0,0,0,7.78947
1613618250097,6,1010123456020,70,,1,0,24,1,2,,12.8782,821,183751,2.56182,237,0,7.66667,,0.1,16,0,0.1,4,0,0,1.41973,31,,3000,3000,,0,0,0,1.75
1613618250347,6,1010123456020,70,,1,0,24,1,2,,13.5904,835,183199,2.84979,240,0,7.83333,,0.1,8,0,0.1,2,0,0,1.90619,31,,3000,3000,,0,0,0,1.5
1613618250597,6,1010123456020,70,,1,0,24,1,2,,13.9368,839,183455,2.96294,240,0,8,,10.9615,26,0,0.1,7,57.1429,0,10.3217,31,,3000,3000,,0,0,0,6.65385
1613618250847,6,1010123456020,70,,1,0,24,1,2,,12.676,824,183771,2.52611,237,0,7.33333,,6.48718,39,0,0.1,12,33.3333,0,7.49563,31,,3000,3000,,0,0,0,4.66667
1613618251097,6,1010123456020,70,,1,0,24,1,2,,13.3671,839,182852,2.75226,240,0,7.83333,,0,3,0,0.1,1,0,0,0,31,,3000,3000,,0,0,0,0
1613618251346,6,1010123456020,70,,1,0,24,1,2,,13.93,828,183395,2.96235,239,0,8,,0.1,8,0,0.1,2,0,0,1.74275,31,,3000,3000,,0,0,0,1
1613618251597,6,1010123456020,70,,1,0,24,1,2,,13.5801,836,182987,2.84518,240,0,7.83333,,0.1,4,0,0.1,1,0,0,0.875467,31,,3000,3000,,0,0,0,3
1613618251847,6,1010123456020,70,,1,0,24,1,2,,13.6976,840,182572,2.91805,241,0,7.83333,,0.1,65,0,0.1,18,27.7778,0,4.60872,31,,3000,3000,,0,0,0,3.67692
1613618252096,6,1010123456020,70,,1,0,24,1,2,,12.7131,854,183347,2.56537,243,0,7.5,,0,0,0,0,0,0,0,0,0,,3000,3000,,0,0,0,0
1613618252347,6,1010123456020,70,,1,0,24,1,2,,13.911,831,182772,2.85347,239,0,7.83333,,0,0,0,0,0,0,0,0,0,,3000,3000,,0,0,0,0
1613618252597,6,1010123456020,70,,1,0,24,1,2,,13.8622,820,183427,2.86998,235,0,8,,0,0,0,0,0,0,0,0,0,,3000,3000,,0,0,0,0
1613618252847,6,1010123456020,70,,1,0,24,1,2,,13.7611,837,183915,2.90509,240,0,8,,0.1,34,0,0.1,10,10,0,9.78639,31,,3000,3000,,0,0,0,2.20588
1613618253097,6,1010123456020,70,,1,0,24,1,2,,13.5347,836,182484,2.77814,237,0,7.83333,,0,0,0,0,0,0,0,0,0,,3000,3000,,0,0,0,0
1613618253346,6,1010123456020,70,,1,0,24,1,2,,13.7131,854,182404,2.94027,244,0,8,,0,0,0,0,0,0,0,0,0,,3000,3000,,0,0,0,0
1613618253596,6,1010123456020,70,,1,0,24,1,2,,13.2149,847,183877,2.7661,243,0,7.71429,,0,0,0,0,0,0,0,0,0,,3000,3000,,0,0,0,0
1613618253846,6,1010123456020,70,,1,0,24,1,2,,13.5467,845,182859,2.86567,242,0,7.83333,,0.1,32,0,0.1,9,0,0,1.62211,31,,3000,3000,,0,0,0,1.59375
1613618254097,6,1010123456020,70,,1,0,24,1,2,,13.8998,838,182982,2.92115,238,0,8,,0,3,0,0.1,1,0,0,0,31,,3000,3000,,0,0,0,0
1613618254347,6,1010123456020,70,,1,0,24,1,2,,13.5824,850,183837,2.86624,242,0,7.83333,,0,0,0,0,0,0,0,0,0,,3000,3000,,0,0,0,0
1613618254597,6,1010123456020,70,,1,0,24,1,2,,13.9017,824,184147,2.89933,236,0,8,,0.1,4,0,0.1,1,0,0,1.50093,31,,3000,3000,,0,0,0,2
1613618254847,6,1010123456020,70,,1,0,24,1,2,,13.5713,835,182692,2.84058,240,0,7.83333,,0.1,27,0,0.1,8,0,0,1.41673,31,,3000,3000,,0,0,0,2.11111
1613618255097,6,1010123456020,70,,1,0,24,1,2,,12.6698,848,182800,2.55405,242,0,7.5,,0,3,0,0.1,1,0,0,0,31,,3000,3000,,0,0,0,0
1613618255347,6,1010123456020,70,,1,0,24,1,2,,13.6791,832,183023,2.82294,237,0,8,,0,0,0,0,0,0,0,0,0,,3000,3000,,0,0,0,0
1613618255597,6,1010123456020,70,,1,0,24,1,2,,13.8019,838,183879,2.92003,239,0,7.85714,,0.1,7,0,0.1,2,0,0,2.45026,31,,3000,3000,,0,0,0,1
1613618255847,6,1010123456020,70,,1,0,24,1,2,,13.6392,837,182160,2.86522,242,0,8,,1.77273,44,0,0.1,13,0,0,13.9484,31,,3000,3000,,0,0,0,1.61364
1613618256097,6,1010123456020,70,,1,0,24,1,2,,13.5652,844,183543,2.8352,240,0,7.83333,,0,0,0,0,0,0,0,0,0,,3000,3000,,0,0,0,0
1613618256347,6,1010123456020,70,,1,0,24,1,2,,13.8048,840,182520,2.91226,240,0,8,,0,15,0,0.1,5,80,0,0,31,,3000,3000,,0,0,0,0
1613618256596,6,1010123456020,70,,1,0,24,1,2,,13.8814,843,182112,2.96267,241,0,8,,0,0,0,0,0,0,0,0,0,,3000,3000,,0,0,0,0
1613618256847,6,1010123456020,70,,1,0,24,1,2,,13.2312,839,184255,2.71139,239,0,7.66667,,7.27273,33,0,0.1,9,44.4444,0,6.68699,31,,3000,3000,,0,0,0,5.36364
1613618257097,6,1010123456020,70,,1,0,24,1,2,,13.2681,843,183331,2.72858,240,0,7.83333,,0,0,0,0,0,0,0,0,0,,3000,3000,,0,0,0,0
1613618257347,6,1010123456020,70,,1,0,24,1,2,,13.7494,842,183022,2.88666,240,0,8,,0,6,0,0.1,2,0,0,0,31,,3000,3000,,0,0,0,0
1613618257597,6,1010123456020,70,,1,0,24,1,2,,13.2652,822,184251,2.65862,234,0,7.85714,,0,6,0,0.1,2,0,0,0,31,,3000,3000,,0,0,0,0
1613618257846,6,1010123456020,70,,1,0,24,1,2,,13.185,827,182660,2.72861,240,0,7.66667,,5.77778,36,0,0.1,10,40,0,4.6247,31,,3000,3000,,0,0,0,4.91667
1613618258097,6,1010123456020,70,,1,0,24,1,2,,13.7236,843,183267,2.88528,241,0,8,,0,6,0,0.1,2,50,0,0,31,,3000,3000,,0,0,0,0
1613618258347,6,1010123456020,70,,1,0,24,1,2,,13.5172,843,184179,2.84909,242,0,7.83333,,0.1,4,0,0.1,1,0,0,2.35538,31,,3000,3000,,0,0,0,1
1613618258597,6,1010123456020,70,,1,0,24,1,2,,13.8634,827,183059,2.91501,238,0,8,,0,3,0,0.1,1,0,0,0,31,,3000,3000,,0,0,0,0
1613618258847,6,1010123456020,70,,1,0,24,1,2,,13.8656,796,182923,2.74355,232,0,7.83333,,0.1,43,0,0.1,12,0,0,4.28069,31,,3000,3000,,0,0,0,1.44186
1613618259097,6,1010123456020,70,,1,0,24,1,2,,13.1871,834,183299,2.68691,238,0,7.66667,,0,0,0,0,0,0,0,0,0,,3000,3000,,0,0,0,0
1613618259347,6,1010123456020,70,,1,0,24,1,2,,13.3172,848,183211,2.75728,241,0,7.83333,,0,6,0,0.1,2,0,0,0,31,,3000,3000,,0,0,0,0
1613618259597,6,1010123456020,70,,1,0,24,1,2,,13.2743,835,182812,2.74099,240,0,7.71429,,0,0,0,0,0,0,0,0,0,,3000,3000,,0,0,0,0
1613618259847,6,1010123456020,70,,1,0,24,1,2,,13.4522,816,183781,2.80422,240,0,7.83333,,12.2667,30,0,0.1,8,62.5,0,10.1118,31,,3000,3000,,0,0,0,7.6
1613618260097,6,1010123456020,70,,1,0,24,1,2,,13.5254,847,183787,2.83357,241,0,7.83333,,0,18,0,0.1,6,83.3333,0,0,31,,3000,3000,,0,0,0,0
1613618260347,6,1010123456020,70,,1,0,24,1,2,,13.9014,832,182812,2.90717,237,0,8,,0,3,0,0.1,1,0,0,0,31,,3000,3000,,0,0,0,0
1613618260597,6,1010123456020,70,,1,0,24,1,2,,13.4223,843,182588,2.82861,242,0,7.71429,,0,6,0,0.1,2,0,0,0,31,,3000,3000,,0,0,0,0
1613618260847,6,1010123456020,70,,1,0,24,1,2,,12.9964,834,182923,2.65402,242,0,7.66667,,0.1,28,0,0.1,8,12.5,0,1.66062,31,,3000,3000,,0,0,0,2.92857
1613618261097,6,1010123456020,70,,1,0,24,1,2,,12.9005,824,182660,2.61283,239,0,7.5,,0.1,8,0,0.1,2,0,0,1.64118,31,,3000,3000,,0,0,0,1
1613618261347,6,1010123456020,70,,1,0,24,1,2,,12.956,841,183747,2.63766,239,0,7.5,,0,0,0,0,0,0,0,0,0,,3000,3000,,0,0,0,0
1613618261597,6,1010123456020,70,,1,0,24,1,2,,13.7288,848,183147,2.88272,241,0,8,,0,6,0,0.1,2,0,0,0,31,,3000,3000,,0,0,0,0
1613618261847,6,1010123456020,70,,1,0,24,1,2,,13.293,809,183541,2.68566,235,0,7.83333,,0.15,40,0,0.1,13,30.7692,0,3.46877,31,,3000,3000,,0,0,0,4.325
1613618262096,6,1010123456020,70,,1,0,24,1,2,,13.4801,831,182132,2.78895,238,0,7.83333,,0,6,0,0.1,2,0,0,0,31,,3000,3000,,0,0,0,0
1613618262347,6,1010123456020,70,,1,0,24,1,2,,13.4487,829,183443,2.78998,239,0,7.83333,,0.1,8,0,0.1,2,0,0,0.729925,31,,3000,3000,,0,0,0,6.5
1613618262597,6,1010123456020,70,,1,0,24,1,2,,13.461,820,183019,2.78003,236,0,7.71429,,11.4706,17,0,0.1,5,80,0,7.89969,31,,3000,3000,,0,0,0,7.88235
1613618262847,6,1010123456020,70,,1,0,24,1,2,,13.2685,838,182652,2.7304,241,0,7.83333,,7.46667,60,0,0.1,18,44.4444,0,7.69015,31,,3000,3000,,0,0,0,5.1
1613618263097,6,1010123456020,70,,1,0,24,1,2,,13.8836,842,184051,2.97402,242,0,8,,0,0,0,0,0,0,0,0,0,,3000,3000,,0,0,0,0
1613618263347,6,1010123456020,70,,1,0,24,1,2,,13.8422,843,182971,2.96019,242,0,8,,0,0,0,0,0,0,0,0,0,,3000,3000,,0,0,0,0
1613618263597,6,1010123456020,70,,1,0,24,1,2,,13.51,849,183331,2.86554,244,0,7.85714,,0,0,0,0,0,0,0,0,0,,3000,3000,,0,0,0,0
1613618263847,6,1010123456020,70,,1,0,24,1,2,,13.7434,830,183611,2.8953,238,0,7.83333,,7.05882,34,0,0.1,9,44.4444,0,5.08746,31,,3000,3000,,0,0,0,5.23529
1613618264097,6,1010123456020,70,,1,0,24,1,2,,13.3257,835,182934,2.75882,241,0,7.83333,,0,0,0,0,0,0,0,0,0,,3000,3000,,0,0,0,0
1613618264347,6,1010123456020,70,,1,0,24,1,2,,13.5098,816,182244,2.7431,234,0,7.83333,,0,0,0,0,0,0,0,0,0,,3000,3000,,0,0,0,0
1613618264597,6,1010123456020,70,,1,0,24,1,2,,13.1259,834,183829,2.71386,240,0,7.57143,,0,0,0,0,0,0,0,0,0,,3000,3000,,0,0,0,0
1613618264847,6,1010123456020,70,,1,0,24,1,2,,13.5882,816,183379,2.82854,240,0,8,,0.1,39,0,0.1,11,18.1818,0,8.83557,31,,3000,3000,,0,0,0,3.20513
1613618265097,6,1010123456020,70,,1,0,24,1,2,,13.5804,846,183351,2.90762,243,0,7.83333,,0.1,8,0,0.1,2,0,0,1.38439,31,,3000,3000,,0,0,0,1.5
1613618265347,6,1010123456020,70,,1,0,24,1,2,,12.8565,829,182588,2.55456,238,0,7.66667,,0.1,4,0,0.1,1,0,0,0.706244,31,,3000,3000,,0,0,0,4
1613618265597,6,1010123456020,70,,1,0,24,1,2,,13.8181,852,183139,2.97494,243,0,7.85714,,0,3,0,0.1,1,0,0,0,31,,3000,3000,,0,0,0,0
1613618265847,6,1010123456020,70,,1,0,24,1,2,,13.4952,838,183363,2.8305,241,0,7.83333,,8.29545,44,0,0.1,13,38.4615,0,13.1742,31,,3000,3000,,0,0,0,5.02273
1613618266097,6,1010123456020,70,,1,0,24,1,2,,13.5635,827,182734,2.78445,238,0,8,,0,0,0,0,0,0,0,0,0,,3000,3000,,0,0,0,0
1613618266347,6,1010123456020,70,,1,0,24,1,2,,13.8936,846,183651,2.98493,243,0,8,,10,24,0,0.1,6,66.6667,0,6.97252,31,,3000,3000,,0,0,0,7
1613618266597,6,1010123456020,70,,1,0,24,1,2,,13.5251,838,182524,2.82854,240,0,7.85714,,0.1,4,0,0.1,1,0,0,1.10812,0,,3000,3000,,0,0,0,2
1613618266847,6,1010123456020,70,,1,0,24,1,2,,13.5812,807,183179,2.82003,238,0,7.83333,,0.1,30,0,0.1,8,0,0,5.66179,31,,3000,3000,,0,0,0,1.8
1613618267097,6,1010123456020,70,,1,0,24,1,2,,13.3069,831,184187,2.71936,236,0,7.66667,,0,3,0,0.1,1,0,0,0,31,,3000,3000,,0,0,0,0
1613618267347,6,1010123456020,70,,1,0,24,1,2,,13.7518,846,183843,2.91581,243,0,8,,0,6,0,0.1,2,50,0,0,31,,3000,3000,,0,0,0,0
1613618267597,6,1010123456020,70,,1,0,24,1,2,,13.4664,834,183355,2.81088,240,0,7.85714,,0,3,0,0.1,1,0,0,0,31,,3000,3000,,0,0,0,0
1613618267847,6,1010123456020,70,,1,0,24,1,2,,13.1245,835,183747,2.69722,240,0,7.66667,,4.07843,51,0,0.1,15,33.3333,0,4.46429,31,,3000,3000,,0,0,0,4.52941
1613618268097,6,1010123456020,70,,1,0,24,1,2,,13.2097,844,183243,2.68979,240,0,7.83333,,0,6,0,0.1,2,0,0,0,31,,3000,3000,,0,0,0,0
1613618268347,6,1010123456020,70,,1,0,24,1,2,,13.9054,835,182836,2.93821,239,0,8,,0,0,0,0,0,0,0,0,0,,3000,3000,,0,0,0,0
1613618268597,6,1010123456020,70,,1,0,24,1,2,,13.4848,823,183055,2.78186,237,0,7.85714,,0.1,8,0,0.1,2,0,0,1.62745,31,,3000,3000,,0,0,0,1
1613618268847,6,1010123456020,70,,1,0,24,1,2,,13.7443,837,183743,2.90499,241,0,8,,0.1,29,0,0.1,9,0,0,4.9459,31,,3000,3000,,0,0,0,1.96552
1613618269097,6,1010123456020,70,,1,0,24,1,2,,13.87,854,182320,2.96982,243,0,8,,0,0,0,0,0,0,0,0,0,,3000,3000,,0,0,0,0
1613618269346,6,1010123456020,70,,1,0,24,1,2,,13.9163,860,183855,3.025,245,0,8,,0,6,0,0.1,2,0,0,0,31,,3000,3000,,0,0,0,0
1613618269597,6,1010123456020,70,,1,0,24,1,2,,12.8234,838,183999,2.62518,241,0,7.42857,,0,12,0,0,4,100,0,0,0,,3000,3000,,0,0,0,0
1613618269847,6,1010123456020,70,,1,0,24,1,2,,13.2257,833,182240,2.73082,242,0,7.83333,,6.5641,39,0,0.1,12,33.3333,0,8.8726,31,,3000,3000,,0,0,0,4.02564
1613618270097,6,1010123456020,70,,1,0,24,1,2,,13.7071,833,183465,2.84922,238,0,8,,0,0,0,0,0,0,0,0,0,,3000,3000,,0,0,0,0
1613618270347,6,1010123456020,70,,1,0,24,1,2,,13.4787,846,182816,2.84566,243,0,7.83333,,0,0,0,0,0,0,0,0,0,,3000,3000,,0,0,0,0
1613618270597,6,1010123456020,70,,1,0,24,1,2,,12.8582,846,183223,2.63626,243,0,7.66667,,0,0,0,0,0,0,0,0,0,,3000,3000,,0,0,0,0
1613618270847,6,1010123456020,70,,1,0,24,1,2,,14.8025,815,183023,3.21894,240,0,8.33333,,9.91177,68,0,0.1,19,42.1053,0,12.9783,31,,3000,3000,,0,0,0,5.23529
1613618271097,6,1010123456020,70,,1,0,24,1,2,,13.0554,849,183551,2.6687,241,0,7.66667,,0,12,0,0.1,4,0,0,0,31,,3000,3000,,0,0,0,0
1613618271346,6,1010123456020,70,,1,0,24,1,2,,13.8612,843,183327,2.94271,240,0,8,,0,6,0,0.1,2,0,0,0,31,,3000,3000,,0,0,0,0
1613618271597,6,1010123456020,70,,1,0,24,1,2,,13.1617,847,182544,2.74259,242,0,7.57143,,0,0,0,0,0,0,0,0,0,,3000,3000,,0,0,0,0
1613618271847,6,1010123456020,70,,1,0,24,1,2,,13.3503,845,183351,2.78576,243,0,7.83333,,0.1,30,0,0.1,8,0,0,4.24728,31,,3000,3000,,0,0,0,2.23333
1613618272097,6,1010123456020,70,,1,0,24,1,2,,13.5683,827,183879,2.81952,238,0,7.83333,,0.1,4,0,0.1,1,0,0,3.48599,31,,3000,3000,,0,0,0,1
1613618272347,6,1010123456020,70,,1,0,24,1,2,,13.7906,831,183095,2.90134,239,0,8,,0.1,8,0,0.1,2,0,0,2.93769,31,,3000,3000,,0,0,0,1
1613618272597,6,1010123456020,70,,1,0,24,1,2,,13.1856,835,184023,2.73485,240,0,7.57143,,0.1,4,0,0.1,1,0,0,0.840987,31,,3000,3000,,0,0,0,2
1613618272847,6,1010123456020,70,,1,0,24,1,2,,12.3389,844,182648,2.44323,243,0,7.33333,,0.1,27,0,0.1,8,0,0,1.46802,31,,3000,3000,,0,0,0,1.88889
1613618273097,6,1010123456020,70,,1,0,24,1,2,,13.5397,843,183375,2.86112,242,0,7.83333,,0,0,0,0,0,0,0,0,0,,3000,3000,,0,0,0,0
1613618273347,6,1010123456020,70,,1,0,24,1,2,,13.9349,845,183247,2.97386,241,0,8,,0,0,0,0,0,0,0,0,0,,3000,3000,,0,0,0,0
1613618273596,6,1010123456020,70,,1,0,24,1,2,,13.2304,829,183311,2.70448,237,0,7.71429,,0.1,7,0,0.1,2,0,0,1.96681,31,,3000,3000,,0,0,0,1
1613618273847,6,1010123456020,70,,1,0,24,1,2,,13.5697,832,182424,2.81286,238,0,7.83333,,0.1,23,0,0.1,7,0,0,5.0199,31,,3000,3000,,0,0,0,2.52174
1613618274097,6,1010123456020,70,,1,0,24,1,2,,13.3058,847,183951,2.8129,243,0,7.66667,,0.1,4,0,0.1,1,0,0,1.01585,31,,3000,3000,,0,0,0,2
1613618274347,6,1010123456020,70,,1,0,24,1,2,,13.8059,850,183815,2.95002,244,0,8,,0.1,4,0,0.1,1,0,0,1.74165,31,,3000,3000,,0,0,0,1
1613618274597,6,1010123456020,70,,1,0,24,1,2,,13.2368,815,182959,2.67542,235,0,7.71429,,0.1,4,0,0.1,1,0,0,0.939221,31,,3000,3000,,0,0,0,3
1613618274847,6,1010123456020,70,,1,0,24,1,2,,13.8002,841,183879,2.94509,242,0,8,,1.69697,33,0,0.1,9,0,0,11.9734,31,,3000,3000,,0,0,0,1
1613618275097,6,1010123456020,70,,1,0,24,1,2,,13.808,849,183503,2.93459,242,0,8,,0,0,0,0,0,0,0,0,0,,3000,3000,,0,0,0,0
1613618275347,6,1010123456020,70,,1,0,24,1,2,,13.2367,845,182752,2.74278,240,0,7.66667,,0,0,0,0,0,0,0,0,0,,3000,3000,,0,0,0,0
1613618275597,6,1010123456020,70,,1,0,24,1,2,,13.5398,854,183305,2.83978,243,0,7.85714,,0,0,0,0,0,0,0,0,0,,3000,3000,,0,0,0,0
1613618275847,6,1010123456020,70,,1,0,24,1,2,,13.9082,839,183271,2.97402,242,0,8,,2.07407,27,0,0.1,8,0,0,10.6468,31,,3000,3000,,0,0,0,1
1613618276097,6,1010123456020,70,,1,0,24,1,2,,13.324,818,183143,2.70717,235,0,7.83333,,0,0,0,0,0,0,0,0,0,,3000,3000,,0,0,0,0
1613618276347,6,1010123456020,70,,1,0,24,1,2,,12.8726,824,182584,2.56694,237,0,7.5,,0.1,4,0,0.1,1,0,0,28.5843,31,,3000,3000,,0,0,0,1
1613618276597,6,1010123456020,70,,1,0,24,1,2,,13.4663,847,182855,2.82835,242,0,7.85714,,0,12,0,0,4,100,0,0,0,,3000,3000,,0,0,0,0
1613618276847,6,1010123456020,70,,1,0,24,1,2,,12.7191,826,183003,2.51213,236,0,7.5,,0.1,26,0,0.1,8,0,0,1.22842,31,,3000,3000,,0,0,0,2.42308
1613618277097,6,1010123456020,70,,1,0,24,1,2,,12.8333,822,182804,2.55696,237,0,7.5,,0.1,8,0,0.1,2,0,0,2.41524,31,,3000,3000,,0,0,0,1
1613618277347,6,1010123456020,70,,1,0,24,1,2,,12.9367,853,183139,2.68931,245,0,7.5,,0.1,4,0,0.1,1,0,0,23.6162,31,,3000,3000,,0,0,0,1
1613618277597,6,1010123456020,70,,1,0,24,1,2,,12.2568,845,183789,2.54259,240,0,7.42857,,0,0,0,0,0,0,0,0,0,,3000,3000,,0,0,0,0
1613618277847,6,1010123456020,70,,1,0,24,1,2,,12.9134,831,182444,2.6241,239,0,7.5,,4.39024,41,0,0.1,13,30.7692,0,2.57673,31,,3000,3000,,0,0,0,3.85366
1613618278097,6,1010123456020,70,,1,0,24,1,2,,13.2151,837,183063,2.69965,240,0,7.83333,,0,0,0,0,0,0,0,0,0,,3000,3000,,0,0,0,0
1613618278347,6,1010123456020,70,,1,0,24,1,2,,12.5864,839,182844,2.54224,241,0,7.33333,,0,0,0,0,0,0,0,0,0,,3000,3000,,0,0,0,0
1613618278597,6,1010123456020,70,,1,0,24,1,2,,13.7624,825,182620,2.85805,238,0,8,,0.1,8,0,0.1,2,0,0,1.9296,31,,3000,3000,,0,0,0,2
1613618278847,6,1010123456020,70,,1,0,24,1,2,,13.4353,811,184075,2.81754,240,0,7.66667,,8.1087,46,0,0.1,14,42.8571,0,9.96416,31,,3000,3000,,0,0,0,5.34783
1613618279097,6,1010123456020,70,,1,0,24,1,2,,13.7063,841,182923,2.84282,238,0,8,,0,0,0,0,0,0,0,0,0,,3000,3000,,0,0,0,0
1613618279347,6,1010123456020,70,,1,0,24,1,2,,13.5286,838,183259,2.72666,240,0,7.66667,,15,16,0,0,4,100,0,2.12227,0,,3000,3000,,0,0,0,10
1613618279596,6,1010123456020,70,,1,0,24,1,2,,13.506,828,183867,2.80148,236,0,7.71429,,0,0,0,0,0,0,0,0,0,,3000,3000,,0,0,0,0
1613618279847,6,1010123456020,70,,1,0,24,1,2,,14.8699,830,183227,3.24573,241,0,8.5,,15.3067,75,0,0.1,24,83.3333,0,5.44131,31,,3000,3000,,0,0,0,8.68
1613618280097,6,1010123456020,70,,1,0,24,1,2,,13.6992,841,183259,2.90074,240,0,7.83333,,0.1,4,0,0.1,1,0,0,2.37478,31,,3000,3000,,0,0,0,2
1613618280347,6,1010123456020,70,,1,0,24,1,2,,13.5397,843,182939,2.82026,241,0,7.83333,,0.1,4,0,0.1,1,0,0,25.4838,0,,3000,3000,,0,0,0,1
1613618280597,6,1010123456020,70,,1,0,24,1,2,,13.3518,830,183011,2.74707,238,0,7.85714,,0,0,0,0,0,0,0,0,0,,3000,3000,,0,0,0,0
1613618280847,6,1010123456020,70,,1,0,24,1,2,,13.7491,837,182596,2.8928,240,0,8,,15,16,0,0,4,100,0,2.26352,0,,3000,3000,,0,0,0,10
1613618281097,6,1010123456020,70,,1,0,24,1,2,,13.8565,843,183853,2.9248,240,0,8,,0.1,7,0,0.1,2,0,0,2.20314,31,,3000,3000,,0,0,0,1
1613618281347,6,1010123456020,70,,1,0,24,1,2,,13.0751,826,182916,2.65629,237,0,7.66667,,0,3,0,0.1,1,0,0,0,31,,3000,3000,,0,0,0,0
1613618281597,6,1010123456020,70,,1,0,24,1,2,,13.8553,843,183115,2.94714,242,0,8,,0.1,4,0,0.1,1,0,0,26.02,31,,3000,3000,,0,0,0,1
1613618281847,6,1010123456020,70,,1,0,24,1,2,,13.5597,829,182124,2.85984,242,0,7.83333,,11,27,0,0.1,7,57.1429,0,10.6152,31,,3000,3000,,0,0,0,6.33333
1613618282097,6,1010123456020,70,,1,0,24,1,2,,13.7419,837,183685,2.87677,239,0,8,,0,6,0,0.1,2,0,0,0,31,,3000,3000,,0,0,0,0
1613618282347,6,1010123456020,70,,1,0,24,1,2,,13.8991,842,183419,2.9336,239,0,8,,0,3,0,0.1,1,0,0,0,31,,3000,3000,,0,0,0,0
1613618282597,6,1010123456020,70,,1,0,24,1,2,,13.6131,827,182398,2.81859,237,0,7.85714,,0,3,0,0.1,1,0,0,0,31,,3000,3000,,0,0,0,0
1613618282847,6,1010123456020,70,,1,0,24,1,2,,13.2619,840,183331,2.77373,243,0,7.66667,,3.65517,29,0,0.1,8,12.5,0,14.2575,31,,3000,3000,,0,0,0,2.37931
1613618283097,6,1010123456020,70,,1,0,24,1,2,,13.622,836,183635,2.8544,240,0,7.83333,,0,0,0,0,0,0,0,0,0,,3000,3000,,0,0,0,0
1613618283347,6,1010123456020,70,,1,0,24,1,2,,13.5735,844,183603,2.8393,240,0,7.83333,,0,12,0,0,4,100,0,0,0,,3000,3000,,0,0,0,0
1613618283597,6,1010123456020,70,,1,0,24,1,2,,13.494,838,183171,2.79997,239,0,7.85714,,0,9,0,0.1,3,0,0,0,31,,3000,3000,,0,0,0,0
1613618283847,6,1010123456020,70,,1,0,24,1,2,,13.2081,817,182636,2.66365,235,0,7.66667,,0.1,30,0,0.1,8,0,0,5.48803,31,,3000,2994,,0,0,0,2.06667
1613618284096,6,1010123456020,70,,1,0,24,1,2,,13.2612,823,182388,2.71605,237,0,7.66667,,0.1,4,0,0.1,1,0,0,1.12063,31,,3000,3000,,0,0,0,4
1613618284347,6,1010123456020,70,,1,0,24,1,2,,13.5475,842,183174,2.87571,242,0,7.83333,,0.1,4,0,0.1,1,0,0,0.686554,31,,3000,3000,,0,0,0,5
1613618284597,6,1010123456020,70,,1,0,24,1,2,,13.5126,833,182923,2.79306,239,0,7.85714,,0,0,0,0,0,0,0,0,0,,3000,3000,,0,0,0,0
1613618284847,6,1010123456020,70,,1,0,24,1,2,,12.919,839,183483,2.61878,241,0,7.66667,,4.53846,39,0,0.1,12,50,0,10.0064,31,,3000,3000,,0,0,0,5.64103
1613618285097,6,1010123456020,70,,1,0,24,1,2,,13.5065,845,184115,2.80883,240,0,7.83333,,0,0,0,0,0,0,0,0,0,,3000,3000,,0,0,0,0
1613618285347,6,1010123456020,70,,1,0,24,1,2,,13.2744,849,183563,2.75846,242,0,7.66667,,0,3,0,0.1,1,0,0,0,31,,3000,3000,,0,0,0,0
1613618285597,6,1010123456020,70,,1,0,24,1,2,,13.2595,844,182436,2.73536,240,0,7.71429,,0,24,0,0.1,8,50,0,0,31,,3000,3000,,0,0,0,0
1613618285847,6,1010123456020,70,,1,0,24,1,2,,13.7203,851,183715,2.95155,244,0,7.83333,,0.1,31,0,0.1,9,0,0,1.43411,31,,3000,3000,,0,0,0,1.96774
1613618286097,6,1010123456020,70,,1,0,24,1,2,,12.8122,836,183915,2.59958,241,0,7.5,,0.1,4,0,0.1,1,0,0,1.54157,0,,3000,3000,,0,0,0,1
1613618286347,6,1010123456020,70,,1,0,24,1,2,,13.4796,832,182971,2.74973,237,0,7.83333,,0,0,0,0,0,0,0,0,0,,3000,3000,,0,0,0,0
1613618286597,6,1010123456020,70,,1,0,24,1,2,,13.2722,845,183059,2.73613,240,0,7.71429,,0,0,0,0,0,0,0,0,0,,3000,3000,,0,0,0,0
1613618286847,6,1010123456020,70,,1,0,24,1,2,,13.9205,830,183179,2.93344,238,0,8,,0.1,28,0,0.1,8,0,0,1.71641,31,,3000,3000,,0,0,0,1.92857
1613618287097,6,1010123456020,70,,1,0,24,1,2,,13.2443,831,183775,2.71034,238,0,7.66667,,0.1,4,0,0.1,1,0,0,1.22965,31,,3000,3000,,0,0,0,2
1613618287347,6,1010123456020,70,,1,0,24,1,2,,13.2386,834,183527,2.70688,238,0,7.66667,,0,0,0,0,0,0,0,0,0,,3000,3000,,0,0,0,0
1613618287597,6,1010123456020,70,,1,0,24,1,2,,13.7529,858,184015,2.97834,245,0,7.85714,,0.1,7,0,0.1,2,0,0,1.60479,31,,3000,3000,,0,0,0,1.57143
1613618287847,6,1010123456020,70,,1,0,24,1,2,,13.1959,822,183599,2.68886,239,0,7.83333,,1.28571,35,0,0.1,10,0,0,8.04287,31,,3000,3000,,0,0,0,2.14286
1613618288097,6,1010123456020,70,,1,0,24,1,2,,13.3314,842,182192,2.78278,242,0,7.83333,,0.1,4,0,0.1,1,0,0,4.84165,31,,3000,3000,,0,0,0,1
1613618288347,6,1010123456020,70,,1,0,24,1,2,,13.5158,853,183111,2.85206,243,0,7.83333,,0,0,0,0,0,0,0,0,0,,3000,3000,,0,0,0,0
1613618288597,6,1010123456020,70,,1,0,24,1,2,,13.2401,837,182528,2.72717,240,0,7.71429,,0,0,0,0,0,0,0,0,0,,3000,3000,,0,0,0,0
1613618288847,6,1010123456020,70,,1,0,24,1,2,,13.5157,830,183183,2.80902,238,0,7.83333,,0.1,33,0,0.1,9,22.2222,0,1.32159,31,,3000,3000,,0,0,0,3.51515
1613618289097,6,1010123456020,70,,1,0,24,1,2,,13.7708,842,183103,2.9177,242,0,8,,0,0,0,0,0,0,0,0,0,,3000,3000,,0,0,0,0
1613618289347,6,1010123456020,70,,1,0,24,1,2,,13.2553,842,183551,2.75405,240,0,7.66667,,0,0,0,0,0,0,0,0,0,,3000,3000,,0,0,0,0
1613618289597,6,1010123456020,70,,1,0,24,1,2,,13.5919,838,182464,2.79904,238,0,7.85714,,0,0,0,0,0,0,0,0,0,,3000,3000,,0,0,0,0
1613618289847,6,1010123456020,70,,1,0,24,1,2,,13.2005,838,184195,2.76944,241,0,7.5,,0.1,32,0,0.1,9,11.1111,0,1.46575,31,,3000,3000,,0,0,0,2.6875
1613618290097,6,1010123456020,70,,1,0,24,1,2,,12.8725,847,183831,2.64893,243,0,7.66667,,0,0,0,0,0,0,0,0,0,,3000,3000,,0,0,0,0
1613618290347,6,1010123456020,70,,1,0,24,1,2,,13.4259,843,182696,2.79814,242,0,7.83333,,0,0,0,0,0,0,0,0,0,,3000,3000,,0,0,0,0
1613618290597,6,1010123456020,70,,1,0,24,1,2,,13.5352,824,183431,2.7727,235,0,7.85714,,0,0,0,0,0,0,0,0,0,,3000,3000,,0,0,0,0
1613618290847,6,1010123456020,70,,1,0,24,1,2,,13.3744,828,183807,2.75974,238,0,7.66667,,9.75,24,0,0.1,7,57.1429,0,11.7908,31,,3000,2994,,0,0,0,6.625
1613618291097,6,1010123456020,70,,1,0,24,1,2,,13.1929,840,183375,2.67363,239,0,7.83333,,0,0,0,0,0,0,0,0,0,,3000,3000,,0,0,0,0
1613618291347,6,1010123456020,70,,1,0,24,1,2,,12.3655,840,183648,2.66416,239,0,7.33333,,0,0,0,0,0,0,0,0,0,,3000,3000,,0,0,0,0
1613618291597,6,1010123456020,70,,1,0,24,1,2,,13.7898,842,183382,2.88502,241,0,7.85714,,15,4,0,0.1,1,0,0,31.3006,31,,3000,3000,,0,0,0,1
1613618291847,6,1010123456020,70,,1,0,24,1,2,,12.8406,803,183502,2.53658,236,0,7.66667,,8.57747,71,0,0.1,23,60.8696,0,6.4872,31,,3000,3000,,0,0,0,6.53521
1613618292097,6,1010123456020,70,,1,0,24,1,2,,13.5674,853,182343,2.86512,243,0,7.83333,,0,6,0,0.1,2,0,0,0,31,,3000,3000,,0,0,0,0
1613618292347,6,1010123456020,70,,1,0,24,1,2,,13.5891,847,183142,2.85405,241,0,7.83333,,0,3,0,0.1,1,0,0,0,31,,3000,3000,,0,0,0,0
1613618292597,6,1010123456020,70,,1,0,24,1,2,,13.4866,859,183702,2.8849,245,0,7.71429,,0,12,0,0,4,100,0,0,0,,3000,3000,,0,0,0,0
1613618292847,6,1010123456020,70,,1,0,24,1,2,,13.4958,831,183286,2.80227,239,0,7.83333,,1.33333,30,0,0.1,9,0,0,12.0504,31,,3000,3000,,0,0,0,1.1
1613618293097,6,1010123456020,70,,1,0,24,1,2,,13.7239,833,182950,2.81997,236,0,8,,0,6,0,0.1,2,0,0,0,31,,3000,3000,,0,0,0,0
1613618293347,6,1010123456020,70,,1,0,24,1,2,,13.2465,848,183046,2.74218,241,0,7.66667,,0,0,0,0,0,0,0,0,0,,3000,3000,,0,0,0,0
1613618293597,6,1010123456020,70,,1,0,24,1,2,,13.4329,827,183382,2.73507,235,0,7.85714,,0,0,0,0,0,0,0,0,0,,3000,3000,,0,0,0,0
1613618293847,6,1010123456020,70,,1,0,24,1,2,,13.7765,841,183742,2.90627,241,0,8,,4.92308,39,0,0.1,12,50,0,3.86938,31,,3000,3000,,0,0,0,5.69231
1613618294097,6,1010123456020,70,,1,0,24,1,2,,13.1076,846,183446,2.72867,243,0,7.66667,,0,0,0,0,0,0,0,0,0,,3000,3000,,0,0,0,0
1613618294347,6,1010123456020,70,,1,0,24,1,2,,13.8232,837,183390,2.90611,240,0,8,,0,0,0,0,0,0,0,0,0,,3000,3000,,0,0,0,0
1613618294597,6,1010123456020,70,,1,0,24,1,2,,13.9547,838,184222,2.94573,238,0,8,,0,0,0,0,0,0,0,0,0,,3000,3000,,0,0,0,0
1613618294847,6,1010123456020,70,,1,0,24,1,2,,13.1061,839,184046,2.68733,239,0,7.5,,2.22222,27,0,0.1,8,0,0,10.2482,31,,3000,3000,,0,0,0,2
1613618295097,6,1010123456020,70,,1,0,24,1,2,,12.755,845,182439,2.53117,239,0,7.5,,0,0,0,0,0,0,0,0,0,,3000,3000,,0,0,0,0
1613618295347,6,1010123456020,70,,1,0,24,1,2,,13.5483,839,184094,2.82803,240,0,7.83333,,0,0,0,0,0,0,0,0,0,,3000,3000,,0,0,0,0
1613618295597,6,1010123456020,70,,1,0,24,1,2,,12.6491,835,182575,2.51555,239,0,7.57143,,10.5,20,0,0.1,6,66.6667,0,2.20986,31,,3000,3000,,0,0,0,7.45
1613618295847,6,1010123456020,70,,1,0,24,1,2,,13.4594,825,183254,2.80899,241,0,7.83333,,5.73611,72,0,0.1,21,57.1429,0,6.10353,31,,3000,3000,,0,0,0,6.63889
1613618296097,6,1010123456020,70,,1,0,24,1,2,,13.8697,844,182942,2.9353,240,0,8,,0,0,0,0,0,0,0,0,0,,3000,3000,,0,0,0,0
1613618296347,6,1010123456020,70,,1,0,24,1,2,,13.6028,851,183174,2.87238,242,0,7.83333,,0,3,0,0.1,1,0,0,0,31,,3000,3000,,0,0,0,0
1613618296597,6,1010123456020,70,,1,0,24,1,2,,13.5571,840,183230,2.84739,241,0,7.85714,,0,12,0,0,4,100,0,0,0,,3000,3000,,0,0,0,0
1613618296847,6,1010123456020,70,,1,0,24,1,2,,13.8674,837,183872,2.94928,241,0,8,,0.865385,52,0,0.1,16,12.5,0,6.60495,31,,3000,3000,,0,0,0,2.84615
1613618297097,6,1010123456020,70,,1,0,24,1,2,,13.0644,839,182575,2.68278,241,0,7.66667,,0,0,0,0,0,0,0,0,0,,3000,3000,,0,0,0,0
1613618297347,6,1010123456020,70,,1,0,24,1,2,,13.1929,840,183078,2.74669,242,0,7.66667,,0,0,0,0,0,0,0,0,0,,3000,3000,,0,0,0,0
1613618297597,6,1010123456020,70,,1,0,24,1,2,,13.5889,844,183222,2.85011,242,0,7.85714,,0.1,8,0,0.1,2,0,0,0.89628,31,,3000,3000,,0,0,0,2
1613618297847,6,1010123456020,70,,1,0,24,1,2,,13.5921,836,184066,2.88029,241,0,7.83333,,0.1,34,0,0.1,10,0,0,1.92497,31,,3000,3000,,0,0,0,1.35294
1613618298097,6,1010123456020,70,,1,0,24,1,2,,12.5941,845,183602,2.50026,241,0,7.6,,0,0,0,0,0,0,0,0,0,,3000,3000,,0,0,0,0
1613618298347,6,1010123456020,70,,1,0,24,1,2,,13.5167,838,183310,2.79686,238,0,7.83333,,0,0,0,0,0,0,0,0,0,,3000,3000,,0,0,0,0
1613618298597,6,1010123456020,70,,1,0,24,1,2,,13.8007,848,183400,2.93162,241,0,8,,0,0,0,0,0,0,0,0,0,,3000,3000,,0,0,0,0
1613618298847,6,1010123456020,70,,1,0,24,1,2,,13.5225,844,183174,2.84925,243,0,7.83333,,5.33333,42,0,0.1,12,50,0,5.94458,31,,3000,3000,,0,0,0,5.71429
1613618299097,6,1010123456020,70,,1,0,24,1,2,,13.0524,840,182359,2.65958,240,0,7.66667,,0.1,8,0,0.1,2,0,0,2.96724,31,,3000,3000,,0,0,0,2
1613618299347,6,1010123456020,70,,1,0,24,1,2,,12.9163,824,183632,2.63331,239,0,7.5,,0.1,4,0,0.1,1,0,0,1.34295,31,,3000,3000,,0,0,0,3
1613618299597,6,1010123456020,70,,1,0,24,1,2,,13.8845,840,183878,2.94109,241,0,8,,0,3,0,0.1,1,0,0,0,31,,3000,3000,,0,0,0,0
1613618299847,6,1010123456020,70,,1,0,24,1,2,,13.9172,821,182799,2.95987,240,0,8,,2.8125,32,0,0.1,9,11.1111,0,12.6556,31,,3000,3000,,0,0,0,2.21875
1613618300097,6,1010123456020,70,,1,0,24,1,2,,13.7838,814,183974,2.84243,234,0,8,,0,0,0,0,0,0,0,0,0,,3000,3000,,0,0,0,0
1613618300347,6,1010123456020,70,,1,0,24,1,2,,13.5818,837,183614,2.84365,240,0,7.83333,,15,20,0,0.1,5,80,0,7.97583,31,,3000,3000,,0,0,0,8.2
1613618300597,6,1010123456020,70,,1,0,24,1,2,,13.8424,844,182711,2.9561,242,0,8,,0.1,4,0,0.1,1,0,0,1.51151,31,,3000,3000,,0,0,0,1
1613618300847,6,1010123456020,70,,1,0,24,1,2,,14.8071,819,183918,3.20419,239,0,8.33333,,15.1829,82,0,0.1,25,76,0,9.87115,31,,3000,3000,,0,0,0,7.58537
1613618301097,6,1010123456020,70,,1,0,24,1,2,,13.1496,849,183734,2.74854,244,0,7.66667,,0,0,0,0,0,0,0,0,0,,3000,3000,,0,0,0,0
1613618301346,6,1010123456020,70,,1,0,24,1,2,,13.9058,839,182753,2.97022,240,0,8,,0.1,4,0,0.1,1,0,0,27.4309,31,,2988,2988,,0,0,0,1
1613618301597,6,1010123456020,70,,1,0,24,1,2,,13.2741,839,184240,2.75114,241,0,7.71429,,15,16,0,0,4,100,0,2.83521,0,,3012,3012,,0,0,0,10
1613618301847,6,1010123456020,70,,1,0,24,1,2,,14.2931,836,183806,2.9976,239,0,8,,6.64286,14,0,0.1,4,0,0,25.7212,31,,3000,3000,,0,0,0,1
1613618302097,6,1010123456020,70,,1,0,24,1,2,,12.1068,843,183286,2.34624,240,0,7.16667,,0,0,0,0,0,0,0,0,0,,3000,3000,,0,0,0,0
1613618302347,6,1010123456020,70,,1,0,24,1,2,,13.4314,846,182775,2.78237,241,0,7.83333,,0,0,0,0,0,0,0,0,0,,3000,3000,,0,0,0,0
1613618302597,6,1010123456020,70,,1,0,24,1,2,,13.8389,844,182895,2.92147,240,0,8,,0,0,0,0,0,0,0,0,0,,3000,3000,,0,0,0,0
1613618302847,6,1010123456020,70,,1,0,24,1,2,,13.4307,808,182990,2.81642,241,0,7.66667,,10.8043,46,0,0.1,14,57.1429,0,9.7915,31,,3000,3000,,0,0,0,6.32609
1613618303097,6,1010123456020,70,,1,0,24,1,2,,12.8172,837,183422,2.56061,239,0,7.66667,,12.1875,16,0,0.1,5,80,0,3.02747,0,,3000,3000,,0,0,0,8.5
1613618303347,6,1010123456020,70,,1,0,24,1,2,,13.2334,844,183366,2.76205,242,0,7.66667,,0,0,0,0,0,0,0,0,0,,3000,3000,,0,0,0,0
1613618303597,6,1010123456020,70,,1,0,24,1,2,,13.7978,831,183918,2.88803,239,0,8,,0.1,4,0,0.1,1,0,0,1.78141,31,,3000,3000,,0,0,0,1
1613618303847,6,1010123456020,70,,1,0,24,1,2,,13.5903,825,182663,2.82771,238,0,7.83333,,6,30,0,0.1,9,44.4444,0,8.99979,31,,3000,3000,,0,0,0,4.6
1613618304097,6,1010123456020,70,,1,0,24,1,2,,13.244,828,183342,2.71856,239,0,7.66667,,0.1,7,0,0.1,2,0,0,2.59638,31,,3000,3000,,0,0,0,1
1613618304347,6,1010123456020,70,,1,0,24,1,2,,12.9386,831,182910,2.61821,239,0,7.5,,0,0,0,0,0,0,0,0,0,,3000,3000,,0,0,0,0
1613618304597,6,1010123456020,70,,1,0,24,1,2,,13.897,835,182503,2.93667,239,0,8,,0.1,4,0,0.1,1,0,0,0.841454,31,,3000,3000,,0,0,0,2
1613618304847,6,1010123456020,70,,1,0,24,1,2,,13.5496,817,182878,2.82301,239,0,7.83333,,2.42857,35,0,0.1,10,0,0,16.5521,31,,3000,3000,,0,0,0,1
1613618305097,6,1010123456020,70,,1,0,24,1,2,,13.9246,835,183230,2.96294,240,0,8,,0,0,0,0,0,0,0,0,0,,3000,3000,,0,0,0,0
1613618305347,6,1010123456020,70,,1,0,24,1,2,,13.4946,839,183430,2.82896,241,0,7.83333,,0.1,8,0,0.1,2,0,0,0.939593,31,,3000,3000,,0,0,0,2.5
1613618305597,6,1010123456020,70,,1,0,24,1,2,,13.3095,840,183662,2.73136,239,0,7.85714,,0,3,0,0.1,1,0,0,0,31,,3000,3000,,0,0,0,0
1613618305847,6,1010123456020,70,,1,0,24,1,2,,13.4446,839,183486,2.7904,240,0,7.83333,,0.1,38,0,0.1,11,27.2727,0,3.88988,31,,3000,3000,,0,0,0,3.78947
1613618306097,6,1010123456020,70,,1,0,24,1,2,,13.1448,829,182575,2.68077,238,0,7.66667,,0.1,8,0,0.1,2,50,0,1.15701,31,,3000,3000,,0,0,0,6
1613618306347,6,1010123456020,70,,1,0,24,1,2,,13.7352,842,184166,2.92205,242,0,8,,0.1,4,0,0.1,1,0,0,1.4658,31,,3000,3000,,0,0,0,2
1613618306597,6,1010123456020,70,,1,0,24,1,2,,13.8339,825,182895,2.87219,236,0,8,,0,6,0,0.1,2,0,0,0,31,,3000,3000,,0,0,0,0
1613618306847,6,1010123456020,70,,1,0,24,1,2,,13.7936,843,182771,2.94358,243,0,8,,0.1,31,0,0.1,9,0,0,4.00797,31,,3000,2994,,0,0,0,3.25806
1613618307097,6,1010123456020,70,,1,0,24,1,2,,13.2857,833,183094,2.72211,238,0,7.83333,,0,0,0,0,0,0,0,0,0,,3000,3000,,0,0,0,0
1613618307347,6,1010123456020,70,,1,0,24,1,2,,13.8615,823,183742,2.89795,237,0,8,,0,0,0,0,0,0,0,0,0,,3000,3000,,0,0,0,0
1613618307597,6,1010123456020,70,,1,0,24,1,2,,13.8087,831,182887,2.91133,239,0,8,,0.1,4,0,0.1,1,0,0,1.60672,31,,3000,3000,,0,0,0,1
1613618307848,6,1010123456020,70,,1,0,24,1,2,,13.724,808,182735,2.89071,240,0,7.83333,,0.1,34,0,0.1,9,0,0,4.82289,31,,3012,3012,,0,0,0,1
1613618308097,6,1010123456020,70,,1,0,24,1,2,,13.2509,837,183326,2.71894,239,0,7.83333,,0,0,0,0,0,0,0,0,0,,2988,2988,,0,0,0,0
1613618308347,6,1010123456020,70,,1,0,24,1,2,,13.6962,846,182918,2.88672,242,0,8,,0.1,13,0,0.1,4,0,0,1.39802,31,,3000,3000,,0,0,0,1.30769
1613618308597,6,1010123456020,70,,1,0,24,1,2,,13.5704,845,182743,2.85174,241,0,7.85714,,0,0,0,0,0,0,0,0,0,,3000,3000,,0,0,0,0
1613618308847,6,1010123456020,70,,1,0,24,1,2,,13.8474,819,183054,2.92131,239,0,8,,0.1,33,0,0.1,9,0,0,7.44346,31,,3000,3000,,0,0,0,1.39394
1613618309097,6,1010123456020,70,,1,0,24,1,2,,13.1444,824,182703,2.6441,236,0,7.66667,,0,0,0,0,0,0,0,0,0,,3000,3000,,0,0,0,0
1613618309347,6,1010123456020,70,,1,0,24,1,2,,13.1768,826,182543,2.6743,236,0,7.66667,,0,0,0,0,0,0,0,0,0,,3000,3000,,0,0,0,0
1613618309597,6,1010123456020,70,,1,0,24,1,2,,13.5816,827,183254,2.79094,237,0,7.85714,,0,0,0,0,0,0,0,0,0,,3000,3000,,0,0,0,0
1613618309847,6,1010123456020,70,,1,0,24,1,2,,13.7602,830,182663,2.89536,240,0,8,,9.39286,56,0,0.1,17,70.5882,0,3.45247,31,,3000,3000,,0,0,0,7.625
1613618310097,6,1010123456020,70,,1,0,24,1,2,,13.921,835,183014,2.96141,240,0,8,,0,0,0,0,0,0,0,0,0,,3000,3000,,0,0,0,0
1613618310347,6,1010123456020,70,,1,0,24,1,2,,13.8816,853,183214,3.00982,245,0,8,,0.1,4,0,0.1,1,0,0,1.57785,31,,3000,3000,,0,0,0,1
1613618310597,6,1010123456020,70,,1,0,24,1,2,,13.3476,840,183446,2.78979,241,0,7.85714,,0,0,0,0,0,0,0,0,0,,3000,3000,,0,0,0,0
1613618310847,6,1010123456020,70,,1,0,24,1,2,,14.6921,838,182551,3.23434,245,0,8.33333,,15.1392,79,0,0.114688,24,83.3333,0,6.22221,31,,3000,3000,,0,0,0,8.29114
1613618311097,6,1010123456020,70,,1,0,24,1,2,,13.2556,841,183166,2.70816,238,0,7.66667,,0,6,0,0.1,2,0,0,0,31,,3000,3000,,0,0,0,0
1613618311347,6,1010123456020,70,,1,0,24,1,2,,13.5863,846,182591,2.85226,241,0,7.83333,,0,3,0,0.1,1,0,0,0,31,,3000,3000,,0,0,0,0
1613618311597,6,1010123456020,70,,1,0,24,1,2,,13.6374,844,183078,2.88656,241,0,7.85714,,15,13,0,0,4,100,0,1.50605,0,,3000,3000,,0,0,0,10
1613618311847,6,1010123456020,70,,1,0,24,1,2,,13.4902,818,183766,2.79066,240,0,8,,15.3882,85,0,0.11264,28,85.7143,0,6.14822,31,,3000,3000,,0,0,0,8.41177
1613618312097,6,1010123456020,70,,1,0,24,1,2,,13.0594,842,183638,2.6753,239,0,7.5,,0,0,0,0,0,0,0,0,0,,3000,3000,,0,0,0,0
1613618312347,6,1010123456020,70,,1,0,24,1,2,,12.7196,863,183298,2.59386,246,0,7.5,,0,6,0,0.1,2,0,0,0,31,,3000,3000,,0,0,0,0
1613618312597,6,1010123456020,70,,1,0,24,1,2,,13.918,841,184556,2.95552,240,0,8,,0,3,0,0.1,1,0,0,0,31,,3000,3000,,0,0,0,0
1613618312847,6,1010123456020,70,,1,0,24,1,2,,13.8845,840,183234,2.94298,240,0,8,,7.74194,31,0,0.1,9,44.4444,0,7.04632,31,,3000,3000,,0,0,0,5.64516
1613618313097,6,1010123456020,70,,1,0,24,1,2,,12.9847,850,182627,2.69667,243,0,7.5,,0,0,0,0,0,0,0,0,0,,3000,3000,,0,0,0,0
1613618313347,6,1010123456020,70,,1,0,24,1,2,,13.2512,836,183418,2.69168,239,0,7.83333,,0,0,0,0,0,0,0,0,0,,3000,3000,,0,0,0,0
1613618313597,6,1010123456020,70,,1,0,24,1,2,,13.2551,831,183946,2.72342,239,0,7.71429,,0,0,0,0,0,0,0,0,0,,3000,3000,,0,0,0,0
1613618313847,6,1010123456020,70,,1,0,24,1,2,,13.5819,842,182850,2.86906,242,0,7.83333,,0.1,34,0,0.1,9,0,0,5.34528,31,,3000,3000,,0,0,0,1.35294
1613618314097,6,1010123456020,70,,1,0,24,1,2,,13.6253,838,182427,2.84861,239,0,7.83333,,0,3,0,0.1,1,0,0,0,31,,3000,3000,,0,0,0,0
1613618314346,6,1010123456020,70,,1,0,24,1,2,,13.5818,844,183524,2.8543,240,0,7.83333,,0,0,0,0,0,0,0,0,0,,2988,2988,,0,0,0,0
1613618314596,6,1010123456020,70,,1,0,24,1,2,,13.9345,840,184260,2.9733,240,0,8,,0,0,0,0,0,0,0,0,0,,3000,3000,,0,0,0,0
1613618314847,6,1010123456020,70,,1,0,24,1,2,,13.8016,852,183210,2.95011,243,0,8,,8.33333,45,0,0.1,13,38.4615,0,9.67266,31,,3012,3012,,0,0,0,5.46667
1613618315097,6,1010123456020,70,,1,0,24,1,2,,13.5528,852,183242,2.87757,244,0,7.83333,,15,14,0,0,4,100,0,2.26486,0,,3000,3000,,0,0,0,10
1613618315347,6,1010123456020,70,,1,0,24,1,2,,13.5663,837,183634,2.81789,239,0,7.83333,,0,0,0,0,0,0,0,0,0,,3000,3000,,0,0,0,0
1613618315597,6,1010123456020,70,,1,0,24,1,2,,13.1967,839,182357,2.73747,242,0,7.71429,,0.1,12,0,0.1,3,0,0,1.41955,31,,3000,3000,,0,0,0,1.33333
1613618315847,6,1010123456020,70,,1,0,24,1,2,,13.5037,816,183778,2.83562,241,0,7.83333,,5,48,0,0.1,14,28.5714,0,7.88604,31,,3000,3000,,0,0,0,4.08333
1613618316097,6,1010123456020,70,,1,0,24,1,2,,13.3044,841,183874,2.73725,239,0,7.66667,,0,0,0,0,0,0,0,0,0,,3000,3000,,0,0,0,0
1613618316347,6,1010123456020,70,,1,0,24,1,2,,13.1006,835,182914,2.68416,240,0,7.66667,,0,0,0,0,0,0,0,0,0,,3000,3000,,0,0,0,0
1613618316597,6,1010123456020,70,,1,0,24,1,2,,15.452,843,184068,3.52717,242,0,8.57143,,0,0,0,0,0,0,0,0,0,,3000,3000,,0,0,0,0
1613618316847,6,1010123456020,70,,1,0,24,1,2,,13.5891,842,183064,2.86611,242,0,7.83333,,7.05882,34,0,0.1,9,44.4444,0,4.40786,31,,3000,2994,,0,0,0,5.55882
1613618317097,6,1010123456020,70,,1,0,24,1,2,,13.1118,841,182975,2.70531,241,0,7.66667,,0,3,0,0.1,1,0,0,0,31,,3000,3000,,0,0,0,0
1613618317347,6,1010123456020,70,,1,0,24,1,2,,13.2226,858,183391,2.77379,245,0,7.66667,,0,9,0,0.1,3,33.3333,0,0,31,,3000,3000,,0,0,0,0
1613618317597,6,1010123456020,70,,1,0,24,1,2,,13.5826,829,183343,2.83043,239,0,7.85714,,0.1,11,0,0.1,3,0,0,1.47661,31,,3000,3000,,0,0,0,1.63636
1613618317847,6,1010123456020,70,,1,0,24,1,2,,13.6782,839,182664,2.9241,242,0,7.83333,,0.1,36,0,0.1,11,27.2727,0,6.47019,31,,3000,3000,,0,0,0,3.44444
1613618318097,6,1010123456020,70,,1,0,24,1,2,,13.7282,839,183098,2.89219,241,0,8,,0.1,4,0,0.1,1,0,0,1.52725,31,,3000,3000,,0,0,0,2
1613618318347,6,1010123456020,70,,1,0,24,1,2,,13.9223,849,182824,2.97862,242,0,8,,0,0,0,0,0,0,0,0,0,,3000,3000,,0,0,0,0
1613618318597,6,1010123456020,70,,1,0,24,1,2,,13.4802,835,183039,2.78061,238,0,7.85714,,0,0,0,0,0,0,0,0,0,,3000,3000,,0,0,0,0
1613618318847,6,1010123456020,70,,1,0,24,1,2,,13.5763,826,183489,2.82992,239,0,7.83333,,0.1,33,0,0.1,10,10,0,9.21655,31,,3000,3000,,0,0,0,2.09091
1613618319097,6,1010123456020,70,,1,0,24,1,2,,13.4934,831,182672,2.80918,239,0,7.83333,,0,0,0,0,0,0,0,0,0,,3000,3000,,0,0,0,0
1613618319347,6,1010123456020,70,,1,0,24,1,2,,13.5775,845,183943,2.85491,240,0,7.83333,,0,0,0,0,0,0,0,0,0,,3000,3000,,0,0,0,0
1613618319597,6,1010123456020,70,,1,0,24,1,2,,13.8502,828,183351,2.87414,237,0,8,,0,0,0,0,0,0,0,0,0,,3000,3000,,0,0,0,0
1613618319847,6,1010123456020,70,,1,0,24,1,2,,13.1067,834,183431,2.69686,241,0,7.66667,,0.1,29,0,0.1,8,0,0,5.86488,31,,3000,3000,,0,0,0,1.10345
1613618320097,6,1010123456020,70,,1,0,24,1,2,,13.6353,839,183767,2.86736,241,0,8,,12,20,0,0.1,5,80,0,1.39618,31,,3000,3000,,0,0,0,8.6
1613618320347,6,1010123456020,70,,1,0,24,1,2,,13.6082,832,183015,2.81296,237,0,7.83333,,0,3,0,0.1,1,0,0,0,31,,3000,3000,,0,0,0,0
1613618320597,6,1010123456020,70,,1,0,24,1,2,,13.7392,836,183431,2.88531,238,0,7.85714,,0,12,0,0,4,100,0,0,0,,3000,3000,,0,0,0,0
1613618320847,6,1010123456020,70,,1,0,24,1,2,,13.1031,834,183831,2.69107,240,0,7.66667,,1.93103,29,0,0.1,9,11.1111,0,10.0331,31,,3000,3000,,0,0,0,2.34483
1613618321097,6,1010123456020,70,,1,0,24,1,2,,13.3699,857,183359,2.77952,244,0,8,,0,6,0,0.1,2,0,0,0,31,,3000,3000,,0,0,0,0
1613618321347,6,1010123456020,70,,1,0,24,1,2,,13.1855,841,183039,2.7049,240,0,7.66667,,0,0,0,0,0,0,0,0,0,,3000,3000,,0,0,0,0
1613618321597,6,1010123456020,70,,1,0,24,1,2,,13.5753,850,183519,2.86138,242,0,7.85714,,0,0,0,0,0,0,0,0,0,,3000,3000,,0,0,0,0
1613618321847,6,1010123456020,70,,1,0,24,1,2,,13.2306,850,183063,2.75862,243,0,7.66667,,7.27273,33,0,0.1,9,44.4444,0,6.29309,31,,3000,3000,,0,0,0,5.81818
1613618322097,6,1010123456020,70,,1,0,24,1,2,,13.3277,830,183743,2.74051,237,0,7.66667,,0,0,0,0,0,0,0,0,0,,3000,3000,,0,0,0,0
1613618322347,6,1010123456020,70,,1,0,24,1,2,,13.8333,852,182528,2.9409,243,0,8,,0,0,0,0,0,0,0,0,0,,3000,3000,,0,0,0,0
1613618322597,6,1010123456020,70,,1,0,24,1,2,,13.2019,832,183495,2.6871,236,0,7.57143,,0,6,0,0.1,2,0,0,0,31,,3000,3000,,0,0,0,0
1613618322847,6,1010123456020,70,,1,0,24,1,2,,14.5663,830,183763,3.14842,240,0,8.33333,,15.1905,63,0,0.129184,20,80,0,6.33325,31,,3000,3000,,0,0,0,8.14286
1613618323097,6,1010123456020,70,,1,0,24,1,2,,13.3133,833,183111,2.73779,240,0,7.83333,,0.1,16,0,0.1,4,25,0,0.985799,31,,3000,3000,,0,0,0,4.25
1613618323346,6,1010123456020,70,,1,0,24,1,2,,13.9272,838,182850,2.94522,238,0,8,,0,3,0,0.1,1,0,0,0,31,,2988,2988,,0,0,0,0
1613618323597,6,1010123456020,70,,1,0,24,1,2,,13.5709,839,182296,2.85302,241,0,7.85714,,0,3,0,0.1,1,0,0,0,31,,3012,3012,,0,0,0,0
1613618323847,6,1010123456020,70,,1,0,24,1,2,,13.5523,842,182887,2.85933,242,0,7.83333,,1.6,30,0,0.1,8,0,0,13.8703,31,,3000,3000,,0,0,0,1.53333
1613618324097,6,1010123456020,70,,1,0,24,1,2,,13.5295,831,183359,2.85206,239,0,7.66667,,0,0,0,0,0,0,0,0,0,,3000,3000,,0,0,0,0
1613618324347,6,1010123456020,70,,1,0,24,1,2,,13.4065,834,183259,2.76352,240,0,7.83333,,0,0,0,0,0,0,0,0,0,,3000,3000,,0,0,0,0
1613618324597,6,1010123456020,70,,1,0,24,1,2,,12.9761,838,184135,2.65587,240,0,7.5,,0,0,0,0,0,0,0,0,0,,3000,3000,,0,0,0,0
1613618324847,6,1010123456020,70,,1,0,24,1,2,,12.9928,829,183030,2.60464,239,0,7.83333,,15.087,23,0,0.1,7,57.1429,0,14.3043,31,,3000,2994,,0,0,0,6.47826
1613618325097,6,1010123456020,70,,1,0,24,1,2,,13.5617,826,183190,2.82685,239,0,7.83333,,0.1,12,0,0.1,3,0,0,1.75999,31,,3000,3000,,0,0,0,1
1613618325347,6,1010123456020,70,,1,0,24,1,2,,13.5916,835,184038,2.84928,240,0,7.83333,,0,0,0,0,0,0,0,0,0,,3000,3000,,0,0,0,0
1613618325597,6,1010123456020,70,,1,0,24,1,2,,13.4657,831,183814,2.79638,239,0,7.85714,,0,0,0,0,0,0,0,0,0,,3000,3000,,0,0,0,0
1613618325847,6,1010123456020,70,,1,0,24,1,2,,13.5,860,183134,2.90083,247,0,7.83333,,7.47761,67,0,0.1,19,52.6316,0,9.72494,31,,3000,3000,,0,0,0,6.58209
1613618326097,6,1010123456020,70,,1,0,24,1,2,,13.0296,844,183070,2.67494,240,0,7.5,,0,0,0,0,0,0,0,0,0,,3000,3000,,0,0,0,0
1613618326347,6,1010123456020,70,,1,0,24,1,2,,13.4379,854,183310,2.83158,243,0,7.83333,,0,0,0,0,0,0,0,0,0,,3000,3000,,0,0,0,0
1613618326597,6,1010123456020,70,,1,0,24,1,2,,13.5321,842,182543,2.78614,239,0,7.85714,,0,0,0,0,0,0,0,0,0,,3000,3000,,0,0,0,0
1613618326847,6,1010123456020,70,,1,0,24,1,2,,13.8554,823,183094,2.90579,238,0,8,,14.5909,22,0,0.1,7,57.1429,0,13.3247,31,,3000,3000,,0,0,0,6.04545
1613618327097,6,1010123456020,70,,1,0,24,1,2,,12.5291,841,183402,2.50288,239,0,7.33333,,0.1,4,0,0.1,1,0,0,0.942298,31,,3000,3000,,0,0,0,5
1613618327346,6,1010123456020,70,,1,0,24,1,2,,13.9135,844,182949,2.95155,239,0,8,,0,0,0,0,0,0,0,0,0,,2988,2988,,0,0,0,0
1613618327596,6,1010123456020,70,,1,0,24,1,2,,13.717,841,184332,2.90972,241,0,8,,0.1,7,0,0.1,2,0,0,1.03958,31,,3000,3000,,0,0,0,2.42857
1613618327846,6,1010123456020,70,,1,0,24,1,2,,13.395,833,182741,2.78876,240,0,7.83333,,0.1,33,0,0.1,9,11.1111,0,4.94229,31,,3012,3012,,0,0,0,2.51515
1613618328097,6,1010123456020,70,,1,0,24,1,2,,13.2168,835,183346,2.7241,240,0,7.66667,,0,0,0,0,0,0,0,0,0,,3000,3000,,0,0,0,0
1613618328347,6,1010123456020,70,,1,0,24,1,2,,13.0919,827,182938,2.6631,238,0,7.66667,,12,20,0,0.1,5,80,0,1.22395,31,,3000,3000,,0,0,0,9
1613618328597,6,1010123456020,70,,1,0,24,1,2,,13.6853,839,183306,2.89485,240,0,7.85714,,0.1,10,0,0.1,3,0,0,1.22235,31,,3000,3000,,0,0,0,1.7
1613618328847,6,1010123456020,70,,1,0,24,1,2,,13.3838,852,183702,2.81395,244,0,7.83333,,8.37037,54,0,0.1,16,43.75,0,11.4769,31,,3000,3000,,0,0,0,5.51852
1613618329097,6,1010123456020,70,,1,0,24,1,2,,13.2906,850,183073,2.74618,242,0,7.83333,,0,0,0,0,0,0,0,0,0,,3000,3000,,0,0,0,0
1613618329347,6,1010123456020,70,,1,0,24,1,2,,13.3585,848,183130,2.78317,242,0,7.83333,,0,15,0,0.1,5,80,0,0,31,,3000,3000,,0,0,0,0
1613618329597,6,1010123456020,70,,1,0,24,1,2,,13.1894,845,182875,2.70746,240,0,7.71429,,0,6,0,0.1,2,0,0,0,31,,3000,3000,,0,0,0,0
1613618329846,6,1010123456020,70,,1,0,24,1,2,,13.8247,827,183085,2.8791,236,0,8,,4.39024,41,0,0.1,12,41.6667,0,4.14857,31,,2988,2988,,0,0,0,5.39024
1613618330097,6,1010123456020,70,,1,0,24,1,2,,13.5061,824,184282,2.79802,238,0,7.83333,,0.1,4,0,0.1,1,0,0,1.5172,31,,3012,3012,,0,0,0,2
1613618330347,6,1010123456020,70,,1,0,24,1,2,,13.9028,844,183202,2.95542,241,0,8,,0,0,0,0,0,0,0,0,0,,3000,3000,,0,0,0,0
1613618330597,6,1010123456020,70,,1,0,24,1,2,,13.8951,839,183370,2.92269,238,0,8,,0,0,0,0,0,0,0,0,0,,3000,3000,,0,0,0,0
1613618330847,6,1010123456020,70,,1,0,24,1,2,,13.5402,809,184234,2.81661,239,0,7.83333,,14.2857,49,0,0.1,15,80,0,8.18633,31,,3000,3000,,0,0,0,7.97959
1613618331097,6,1010123456020,70,,1,0,24,1,2,,13.5123,857,182962,2.87267,244,0,7.83333,,0,6,0,0.1,2,0,0,0,31,,3000,3000,,0,0,0,0
1613618331347,6,1010123456020,70,,1,0,24,1,2,,13.8144,835,182131,2.90749,239,0,8,,0,9,0,0.1,3,33.3333,0,0,31,,3000,3000,,0,0,0,0
1613618331597,6,1010123456020,70,,1,0,24,1,2,,13.864,838,184058,2.90912,238,0,8,,0,6,0,0.1,2,0,0,0,31,,3000,3000,,0,0,0,0
1613618331846,6,1010123456020,70,,1,0,24,1,2,,13.5386,830,183189,2.82843,239,0,7.83333,,0.1,70,0,0.1,20,35,0,3.88628,31,,2988,2988,,0,0,0,5.4
1613618332096,6,1010123456020,70,,1,0,24,1,2,,12.9608,841,183748,2.66898,240,0,7.5,,0,3,0,0.1,1,0,0,0,31,,3000,3000,,0,0,0,0
1613618332347,6,1010123456020,70,,1,0,24,1,2,,13.7757,838,183306,2.86448,239,0,8,,0,0,0,0,0,0,0,0,0,,3012,3012,,0,0,0,0
1613618332597,6,1010123456020,70,,1,0,24,1,2,,13.3373,845,182970,2.78493,241,0,7.71429,,0,3,0,0.1,1,0,0,0,31,,3000,3000,,0,0,0,0
1613618332847,6,1010123456020,70,,1,0,24,1,2,,12.2395,831,182807,2.41782,237,0,7.33333,,4.18605,43,0,0.1,13,30.7692,0,4.23533,31,,3000,3000,,0,0,0,3.88372
1613618333097,6,1010123456020,70,,1,0,24,1,2,,13.4982,847,183110,2.82282,241,0,7.83333,,0,3,0,0.1,1,0,0,0,31,,3000,3000,,0,0,0,0
1613618333347,6,1010123456020,70,,1,0,24,1,2,,13.8286,840,183478,2.89085,239,0,8,,0,12,0,0,4,100,0,0,0,,3000,3000,,0,0,0,0
1613618333597,6,1010123456020,70,,1,0,24,1,2,,13.6863,848,183472,2.88758,241,0,8,,0,6,0,0.1,2,0,0,0,31,,3000,3000,,0,0,0,0
1613618333846,6,1010123456020,70,,1,0,24,1,2,,13.2689,833,183049,2.71878,238,0,7.83333,,0.1,29,0,0.1,9,0,0,1.98673,31,,2988,2988,,0,0,0,1.44828
1613618334096,6,1010123456020,70,,1,0,24,1,2,,12.9275,841,183648,2.66092,241,0,7.5,,0.1,10,0,0.1,3,0,0,1.80715,31,,3000,3000,,0,0,0,3.4
1613618334347,6,1010123456020,70,,1,0,24,1,2,,13.7685,851,183294,2.91504,243,0,8,,0,0,0,0,0,0,0,0,0,,3012,3012,,0,0,0,0
1613618334597,6,1010123456020,70,,1,0,24,1,2,,13.8462,832,183462,2.9167,239,0,8,,0,0,0,0,0,0,0,0,0,,3000,3000,,0,0,0,0
1613618334847,6,1010123456020,70,,1,0,24,1,2,,13.2007,832,184222,2.72077,240,0,7.66667,,0.1,16,0,0.1,5,0,0,8.8049,31,,3000,3000,,0,0,0,1
1613618335097,6,1010123456020,70,,1,0,24,1,2,,13.9173,846,182950,2.96618,241,0,8,,0,12,0,0,4,100,0,0,0,,3000,3000,,0,0,0,0
1613618335347,6,1010123456020,70,,1,0,24,1,2,,13.9311,842,182255,2.94742,239,0,8,,0,0,0,0,0,0,0,0,0,,3000,3000,,0,0,0,0
1613618335597,6,1010123456020,70,,1,0,24,1,2,,13.9224,850,183414,2.97709,242,0,8,,0,3,0,0.1,1,0,0,0,31,,3000,3000,,0,0,0,0
1613618335846,6,1010123456020,70,,1,0,24,1,2,,13.7839,833,183344,2.93969,242,0,8,,0.1,39,0,0.1,11,0,0,7.5946,31,,2988,2988,,0,0,0,1.10256
1613618336097,6,1010123456020,70,,1,0,24,1,2,,13.6138,839,183270,2.85834,239,0,7.83333,,0,0,0,0,0,0,0,0,0,,3012,3012,,0,0,0,0
1613618336346,6,1010123456020,70,,1,0,24,1,2,,13.8272,839,184368,2.88492,237,0,8,,0,0,0,0,0,0,0,0,0,,2988,2988,,0,0,0,0
1613618336597,6,1010123456020,70,,1,0,24,1,2,,13.5614,839,183374,2.83034,240,0,7.85714,,0,9,0,0.1,3,0,0,0,31,,3012,3012,,0,0,0,0
1613618336847,6,1010123456020,70,,1,0,24,1,2,,13.4754,833,183550,2.78736,237,0,7.66667,,3.86111,72,0,0.1,21,33.3333,0,9.66126,31,,3000,3000,,0,0,0,4.30556
1613618337097,6,1010123456020,70,,1,0,24,1,2,,12.9088,822,184006,2.56694,237,0,7.66667,,15,4,0,0.1,1,0,0,32.13,31,,3000,3000,,0,0,0,1
1613618337347,6,1010123456020,70,,1,0,24,1,2,,13.1969,838,183638,2.73306,240,0,7.66667,,15,15,0,0,4,100,0,1.47104,0,,3000,3000,,0,0,0,10
1613618337597,6,1010123456020,70,,1,0,24,1,2,,13.363,843,183226,2.77779,242,0,7.85714,,0.1,8,0,0.1,2,0,0,2.73635,31,,3000,3000,,0,0,0,2
1613618337846,6,1010123456020,70,,1,0,24,1,2,,13.4976,848,183804,2.87319,244,0,7.83333,,11.4706,17,0,0.1,5,80,0,9.14306,31,,2988,2988,,0,0,0,7.88235
1613618338097,6,1010123456020,70,,1,0,24,1,2,,13.3043,838,183538,2.77658,240,0,7.66667,,0.857143,7,0,0.1,2,0,0,1.11359,31,,3012,3012,,0,0,0,1
1613618338347,6,1010123456020,70,,1,0,24,1,2,,13.1599,838,182627,2.65158,238,0,7.66667,,0,0,0,0,0,0,0,0,0,,3000,3000,,0,0,0,0
1613618338596,6,1010123456020,70,,1,0,24,1,2,,13.8825,851,183268,2.96421,241,0,8,,0,3,0,0.1,1,0,0,0,31,,2988,2988,,0,0,0,0
1613618338847,6,1010123456020,70,,1,0,24,1,2,,13.7415,824,183898,2.93587,242,0,7.83333,,0.1,41,0,0.1,13,15.3846,0,4.22648,31,,3012,3012,,0,0,0,2.92683
1613618339097,6,1010123456020,70,,1,0,24,1,2,,13.0204,834,183554,2.63229,239,0,7.66667,,9,20,0,0.1,5,60,0,7.19991,31,,3000,3000,,0,0,0,6.4
1613618339347,6,1010123456020,70,,1,0,24,1,2,,13.9288,843,182994,2.98784,242,0,8,,7.5,8,0,0.1,2,50,0,14.2258,31,,3000,3000,,0,0,0,5.5
1613618339597,6,1010123456020,70,,1,0,24,1,2,,13.4555,832,182866,2.79331,239,0,7.85714,,8,30,0,0.1,8,62.5,0,1.94401,31,,3000,3000,,0,0,0,7.16667
1613618339847,6,1010123456020,70,,1,0,24,1,2,,13.7467,837,183356,2.90678,241,0,8,,0.1,29,0,0.1,8,0,0,5.82226,31,,3000,3000,,0,0,0,1.62069
1613618340097,6,1010123456020,70,,1,0,24,1,2,,13.915,847,182179,2.9631,241,0,8,,0,0,0,0,0,0,0,0,0,,3000,3000,,0,0,0,0
1613618340347,6,1010123456020,70,,1,0,24,1,2,,13.8873,834,183394,2.93667,239,0,8,,0,0,0,0,0,0,0,0,0,,3000,3000,,0,0,0,0
1613618340596,6,1010123456020,70,,1,0,24,1,2,,12.864,838,183912,2.665,240,0,7.42857,,0,0,0,0,0,0,0,0,0,,2988,2988,,0,0,0,0
1613618340846,6,1010123456020,70,,1,0,24,1,2,,13.0628,844,183700,2.71303,243,0,7.66667,,2,30,0,0.1,9,0,0,10.9203,31,,3000,3000,,0,0,0,2.2
1613618341097,6,1010123456020,70,,1,0,24,1,2,,13.4655,825,182619,2.75859,238,0,8,,15,16,0,0,4,100,0,1.99893,0,,3012,3012,,0,0,0,10
1613618341347,6,1010123456020,70,,1,0,24,1,2,,13.8729,842,183778,2.97418,243,0,8,,0,0,0,0,0,0,0,0,0,,3000,3000,,0,0,0,0
1613618341597,6,1010123456020,70,,1,0,24,1,2,,13.8977,831,182371,2.92576,238,0,8,,11.4706,17,0,0.1,5,80,0,7.11461,31,,3000,3000,,0,0,0,7.88235
1613618341847,6,1010123456020,70,,1,0,24,1,2,,13.4692,829,183480,2.80128,240,0,7.83333,,8.20833,48,0,0.1,14,57.1429,0,4.52303,31,,3000,2988,,0,0,0,5.875
1613618342097,6,1010123456020,70,,1,0,24,1,2,,13.3398,827,183578,2.73558,239,0,7.83333,,0,0,0,0,0,0,0,0,0,,3000,2994,,0,0,0,0
1613618342347,6,1010123456020,70,,1,0,24,1,2,,13.9082,839,182211,2.96925,241,0,8,,10,24,0,0.1,6,66.6667,0,6.18246,31,,3000,3000,,0,0,0,7
1613618342596,6,1010123456020,70,,1,0,24,1,2,,13.2615,826,183780,2.71296,237,0,7.71429,,0.1,4,0,0.1,1,0,0,1.70477,31,,2988,2988,,0,0,0,1
1613618342846,6,1010123456020,70,,1,0,24,1,2,,13.3911,836,183412,2.77465,237,0,7.66667,,0.1,21,0,0.1,7,0,0,4.95754,31,,3000,3000,,0,0,0,1.66667
1613618343097,6,1010123456020,70,,1,0,24,1,2,,13.4267,846,182643,2.79021,242,0,7.83333,,0,0,0,0,0,0,0,0,0,,3012,3012,,0,0,0,0
1613618343347,6,1010123456020,70,,1,0,24,1,2,,13.7509,831,183818,2.89366,239,0,8,,0.1,4,0,0.1,1,0,0,1.68507,31,,3000,3000,,0,0,0,1
1613618343597,6,1010123456020,70,,1,0,24,1,2,,13.817,836,183834,2.92173,240,0,8,,0.1,8,0,0.1,2,50,0,1.76177,31,,3000,3000,,0,0,0,5.5
1613618343847,6,1010123456020,70,,1,0,24,1,2,,13.4176,819,182771,2.73098,235,0,7.83333,,4.36364,44,0,0.1,13,30.7692,0,2.78636,31,,3000,3000,,0,0,0,4.13636
1613618344097,6,1010123456020,70,,1,0,24,1,2,,13.5176,854,183636,2.84771,243,0,7.83333,,0,3,0,0.1,1,0,0,0,31,,3000,3000,,0,0,0,0
1613618344347,6,1010123456020,70,,1,0,24,1,2,,13.756,832,183370,2.89085,239,0,8,,0,0,0,0,0,0,0,0,0,,3000,3000,,0,0,0,0
1613618344597,6,1010123456020,70,,1,0,24,1,2,,13.5475,831,182227,2.83674,240,0,7.85714,,0,0,0,0,0,0,0,0,0,,3000,3000,,0,0,0,0
1613618344846,6,1010123456020,70,,1,0,24,1,2,,13.2241,839,182717,2.72485,239,0,7.66667,,1.86667,30,0,0.1,8,0,0,12.6295,31,,2988,2988,,0,0,0,1
1613618345096,6,1010123456020,70,,1,0,24,1,2,,13.4286,833,183812,2.78047,238,0,7.83333,,0,3,0,0.1,1,0,0,0,31,,3000,3000,,0,0,0,0
1613618345347,6,1010123456020,70,,1,0,24,1,2,,13.5289,830,182547,2.80816,239,0,7.83333,,0,0,0,0,0,0,0,0,0,,3012,3012,,0,0,0,0
1613618345597,6,1010123456020,70,,1,0,24,1,2,,15.5224,827,170689,3.44211,238,0,8.57143,,11.25,16,0,0.1,5,80,0,9.15911,31,,3000,3000,,0,0,0,7.75
1613618345847,6,1010123456020,70,,1,0,24,1,2,,13.8552,829,182493,2.96634,242,0,8,,9.4,30,0,0.1,8,50,0,11.5672,31,,3000,3000,,0,0,0,5.8
1613618346097,6,1010123456020,70,,1,0,24,1,2,,13.1357,840,182379,2.69379,241,0,7.66667,,0,3,0,0.1,1,0,0,0,31,,3000,3000,,0,0,0,0
1613618346347,6,1010123456020,70,,1,0,24,1,2,,13.7506,850,182731,2.92358,242,0,8,,0,6,0,0.1,2,0,0,0,31,,3000,3000,,0,0,0,0
1613618346597,6,1010123456020,70,,1,0,24,1,2,,13.9226,840,183564,2.93514,239,0,8,,0,0,0,0,0,0,0,0,0,,3000,3000,,0,0,0,0
1613618346847,6,1010123456020,70,,1,0,24,1,2,,13.2588,823,183029,2.72701,239,0,7.66667,,0.1,54,0,0.1,16,6.25,0,6.50399,31,,3000,3000,,0,0,0,2
1613618347096,6,1010123456020,70,,1,0,24,1,2,,13.8514,841,183804,2.95984,241,0,8,,0.1,4,0,0.1,1,0,0,24.7585,31,,2988,2988,,0,0,0,1
1613618347346,6,1010123456020,70,,1,0,24,1,2,,13.4724,832,184612,2.82869,239,0,7.83333,,0,0,0,0,0,0,0,0,0,,3000,3000,,0,0,0,0
1613618347597,6,1010123456020,70,,1,0,24,1,2,,13.8563,849,183236,2.94781,243,0,8,,0,0,0,0,0,0,0,0,0,,3012,3012,,0,0,0,0
1613618347847,6,1010123456020,70,,1,0,24,1,2,,13.5302,845,182237,2.81677,240,0,7.83333,,15.7895,19,0,0.1,6,66.6667,0,16.7375,31,,3000,3000,,0,0,0,6.68421
1613618348097,6,1010123456020,70,,1,0,24,1,2,,13.5738,833,183786,2.82966,239,0,7.83333,,0,0,0,0,0,0,0,0,0,,3000,3000,,0,0,0,0
1613618348347,6,1010123456020,70,,1,0,24,1,2,,13.8074,841,183138,2.90006,239,0,8,,0,15,0,0.1,5,80,0,0,0,,3000,3000,,0,0,0,0
1613618348597,6,1010123456020,70,,1,0,24,1,2,,13.02,849,182595,2.69318,242,0,7.57143,,0,15,0,0.1,5,80,0,0,31,,3000,3000,,0,0,0,0
1613618348847,6,1010123456020,70,,1,0,24,1,2,,13.591,824,183602,2.82522,240,0,8,,0.1,37,0,0.1,10,0,0,7.16711,31,,3000,3000,,0,0,0,1.81081
1613618349096,6,1010123456020,70,,1,0,24,1,2,,12.902,837,183133,2.64112,241,0,7.5,,0,0,0,0,0,0,0,0,0,,2988,2988,,0,0,0,0
1613618349346,6,1010123456020,70,,1,0,24,1,2,,13.926,851,183284,3.0108,243,0,8,,0,0,0,0,0,0,0,0,0,,3000,3000,,0,0,0,0
1613618349596,6,1010123456020,70,,1,0,24,1,2,,13.9046,818,183836,2.92177,236,0,8,,0,0,0,0,0,0,0,0,0,,3000,3000,,0,0,0,0
1613618349847,6,1010123456020,70,,1,0,24,1,2,,13.0403,843,183812,2.69437,243,0,7.66667,,15,14,0,0,4,100,0,4.04097,0,,3012,3012,,0,0,0,10
1613618350097,6,1010123456020,70,,1,0,24,1,2,,13.6315,844,182994,2.85978,240,0,7.83333,,0,6,0,0.1,2,0,0,0,31,,3000,3000,,0,0,0,0
1613618350347,6,1010123456020,70,,1,0,24,1,2,,13.3066,848,183772,2.7647,241,0,7.66667,,0,3,0,0.1,1,0,0,0,31,,3000,3000,,0,0,0,0
1613618350597,6,1010123456020,70,,1,0,24,1,2,,13.5162,835,184002,2.80221,237,0,7.71429,,0,0,0,0,0,0,0,0,0,,3000,3000,,0,0,0,0
1613618350847,6,1010123456020,70,,1,0,24,1,2,,13.3541,833,183890,2.73546,239,0,7.83333,,0.1,24,0,0.1,7,0,0,1.6041,31,,3000,3000,,0,0,0,2.66667
1613618351097,6,1010123456020,70,,1,0,24,1,2,,13.2185,842,183426,2.74336,242,0,7.66667,,0,3,0,0.1,1,0,0,0,31,,3000,3000,,0,0,0,0
1613618351347,6,1010123456020,70,,1,0,24,1,2,,13.2229,839,182870,2.76134,240,0,7.66667,,0,0,0,0,0,0,0,0,0,,3000,3000,,0,0,0,0
1613618351596,6,1010123456020,70,,1,0,24,1,2,,13.4982,843,183488,2.85018,240,0,7.71429,,0,0,0,0,0,0,0,0,0,,2988,2988,,0,0,0,0
1613618351847,6,1010123456020,70,,1,0,24,1,2,,13.648,841,183206,2.8624,242,0,8,,6.40541,37,0,0.1,11,18.1818,0,13.8969,31,,3012,3012,,0,0,0,2.94595
1613618352097,6,1010123456020,70,,1,0,24,1,2,,13.9044,847,183558,2.96157,241,0,8,,0,12,0,0,4,100,0,0,0,,3000,3000,,0,0,0,0
1613618352347,6,1010123456020,70,,1,0,24,1,2,,13.8331,839,182719,2.91235,239,0,8,,0,0,0,0,0,0,0,0,0,,3000,3000,,0,0,0,0
1613618352597,6,1010123456020,70,,1,0,24,1,2,,13.1041,845,183006,2.6919,242,0,7.71429,,0,0,0,0,0,0,0,0,0,,3000,3000,,0,0,0,0
1613618352847,6,1010123456020,70,,1,0,24,1,2,,13.9167,828,183886,2.93037,238,0,8,,6.2069,29,0,0.1,9,44.4444,0,4.78274,31,,3000,3000,,0,0,0,5.24138
1613618353097,6,1010123456020,70,,1,0,24,1,2,,13.5606,833,183622,2.79888,237,0,7.83333,,0,3,0,0.1,1,0,0,0,31,,3000,3000,,0,0,0,0
1613618353346,6,1010123456020,70,,1,0,24,1,2,,13.9116,848,183832,2.97655,241,0,8,,0,3,0,0.1,1,0,0,0,31,,2988,2988,,0,0,0,0
1613618353596,6,1010123456020,70,,1,0,24,1,2,,13.9171,844,184376,2.975,241,0,8,,0,0,0,0,0,0,0,0,0,,3000,3000,,0,0,0,0
1613618353846,6,1010123456020,70,,1,0,24,1,2,,13.5456,834,183928,2.84864,240,0,7.83333,,4.61538,39,0,0.1,12,58.3333,0,7.02471,31,,3000,3000,,0,0,0,6.15385
1613618354097,6,1010123456020,70,,1,0,24,1,2,,13.5211,831,182591,2.79197,237,0,7.83333,,0,0,0,0,0,0,0,0,0,,3012,3012,,0,0,0,0
1613618354346,6,1010123456020,70,,1,0,24,1,2,,12.9903,823,183936,2.60964,237,0,7.66667,,0.1,8,0,0.1,2,0,0,1.66598,31,,2988,2988,,0,0,0,1
1613618354597,6,1010123456020,70,,1,0,24,1,2,,13.466,852,183598,2.86861,244,0,7.71429,,0,3,0,0.1,1,0,0,0,31,,3012,3012,,0,0,0,0
1613618354847,6,1010123456020,70,,1,0,24,1,2,,13.5526,827,182918,2.79664,239,0,8,,15,13,0,0,4,100,0,2.91255,0,,3000,3000,,0,0,0,10
1613618355097,6,1010123456020,70,,1,0,24,1,2,,13.1625,837,183214,2.68333,238,0,7.66667,,0.1,8,0,0.1,2,0,0,1.85043,31,,3000,3000,,0,0,0,2
1613618355347,6,1010123456020,70,,1,0,24,1,2,,13.1833,840,183350,2.68554,239,0,7.66667,,0,3,0,0.1,1,0,0,0,31,,3000,3000,,0,0,0,0
1613618355596,6,1010123456020,70,,1,0,24,1,2,,13.7873,837,183656,2.93671,241,0,8,,0.1,4,0,0.1,1,0,0,3.78891,31,,2988,2988,,0,0,0,1
1613618355846,6,1010123456020,70,,1,0,24,1,2,,13.4235,824,182793,2.7983,237,0,7.66667,,0.1,32,0,0.1,9,0,0,1.94781,31,,3000,3000,,0,0,0,1.4375
1613618356096,6,1010123456020,70,,1,0,24,1,2,,13.3456,842,183728,2.75113,241,0,7.83333,,0,9,0,0.1,3,33.3333,0,0,31,,3000,3000,,0,0,0,0
1613618356347,6,1010123456020,70,,1,0,24,1,2,,13.9005,844,183646,2.9631,241,0,8,,0,0,0,0,0,0,0,0,0,,3012,3012,,0,0,0,0
1613618356597,6,1010123456020,70,,1,0,24,1,2,,13.4935,841,184216,2.84739,241,0,7.71429,,0,3,0,0.1,1,0,0,0,31,,3000,3000,,0,0,0,0
1613618356847,6,1010123456020,70,,1,0,24,1,2,,13.7445,822,181471,2.81251,239,0,8.16667,,15.4409,93,0,0.1,30,90,0,3.96347,31,,3000,3000,,0,0,0,9.12903
1613618357097,6,1010123456020,70,,1,0,24,1,2,,13.9917,840,182918,2.97504,238,0,7.83333,,0,3,0,0,1,100,0,0,0,,3000,3000,,0,0,0,0
1613618357347,6,1010123456020,70,,1,0,24,1,2,,13.5395,849,182447,2.84013,242,0,7.83333,,0,0,0,0,0,0,0,0,0,,3000,3000,,0,0,0,0
1613618357597,6,1010123456020,70,,1,0,24,1,2,,13.5983,839,184166,2.82413,238,0,7.85714,,0,0,0,0,0,0,0,0,0,,3000,3000,,0,0,0,0
1613618357846,6,1010123456020,70,,1,0,24,1,2,,13.4636,839,183832,2.81754,240,0,7.83333,,0.1,55,0,0.1,16,12.5,0,7.24159,31,,2988,2988,,0,0,0,2.72727
1613618358096,6,1010123456020,70,,1,0,24,1,2,,12.8333,840,183888,2.63794,242,0,7.5,,15,14,0,0,4,100,0,0.792461,0,,3000,3000,,0,0,0,10
1613618358346,6,1010123456020,70,,1,0,24,1,2,,13.4935,841,184592,2.79168,239,0,7.83333,,0,3,0,0.1,1,0,0,0,31,,3000,3000,,0,0,0,0
1613618358597,6,1010123456020,70,,1,0,24,1,2,,13.9011,819,183374,2.91638,237,0,8,,0.1,8,0,0.1,2,0,0,1.41486,31,,3012,3012,,0,0,0,1.5
1613618358847,6,1010123456020,70,,1,0,24,1,2,,13.8681,834,183014,2.9399,240,0,8,,6.17073,41,0,0.1,12,33.3333,0,5.9001,31,,3000,3000,,0,0,0,3.92683
1613618359097,6,1010123456020,70,,1,0,24,1,2,,12.8916,849,184158,2.65869,244,0,7.5,,0.1,4,0,0.1,1,0,0,3.97396,31,,3000,3000,,0,0,0,1
1613618359347,6,1010123456020,70,,1,0,24,1,2,,13.2605,833,182663,2.69622,237,0,7.66667,,0,3,0,0.1,1,0,0,0,31,,3000,3000,,0,0,0,0
1613618359597,6,1010123456020,70,,1,0,24,1,2,,13.8808,847,182295,2.98493,243,0,8,,0,0,0,0,0,0,0,0,0,,3000,3000,,0,0,0,0
1613618359846,6,1010123456020,70,,1,0,24,1,2,,13.9288,843,184648,2.9983,242,0,8,,6,30,0,0.1,9,44.4444,0,8.29491,31,,2988,2988,,0,0,0,5.1
1613618360096,6,1010123456020,70,,1,0,24,1,2,,13.4994,839,183328,2.84161,241,0,7.83333,,0,0,0,0,0,0,0,0,0,,3000,3000,,0,0,0,0
1613618360346,6,1010123456020,70,,1,0,24,1,2,,13.5433,832,183720,2.83537,239,0,7.83333,,0,0,0,0,0,0,0,0,0,,3000,3000,,0,0,0,0
1613618360597,6,1010123456020,70,,1,0,24,1,2,,13.5828,839,182527,2.87059,242,0,7.85714,,0,0,0,0,0,0,0,0,0,,3012,3012,,0,0,0,0
1613618360847,6,1010123456020,70,,1,0,24,1,2,,13.0941,850,183576,2.70896,243,0,7.66667,,1.60606,33,0,0.1,9,11.1111,0,7.42558,31,,3000,3000,,0,0,0,2.81818
1613618361097,6,1010123456020,70,,1,0,24,1,2,,13.0904,830,183326,2.66106,238,0,7.66667,,0,0,0,0,0,0,0,0,0,,3000,3000,,0,0,0,0
1613618361347,6,1010123456020,70,,1,0,24,1,2,,12.9421,846,183876,2.64544,242,0,7.66667,,0,15,0,0.1,5,60,0,0,31,,3000,3000,,0,0,0,0
1613618361597,6,1010123456020,70,,1,0,24,1,2,,13.874,841,183458,2.9231,239,0,8,,0,3,0,0.1,1,0,0,0,0,,3000,3000,,0,0,0,0
1613618361847,6,1010123456020,70,,1,0,24,1,2,,12.9477,842,183338,2.65299,242,0,7.5,,0.1,29,0,0.1,8,12.5,0,1.29177,31,,3000,3000,,0,0,0,2.7931
1613618362096,6,1010123456020,70,,1,0,24,1,2,,13.9344,823,183604,2.94198,237,0,8,,0,0,0,0,0,0,0,0,0,,2988,2988,,0,0,0,0
1613618362346,6,1010123456020,70,,1,0,24,1,2,,13.5578,839,184476,2.84916,240,0,7.83333,,0,0,0,0,0,0,0,0,0,,3000,3000,,0,0,0,0
1613618362596,6,1010123456020,70,,1,0,24,1,2,,13.5469,843,183684,2.87081,242,0,7.85714,,0.1,8,0,0.1,2,0,0,11.859,31,,3000,3000,,0,0,0,3.5
1613618362847,6,1010123456020,70,,1,0,24,1,2,,14.7134,827,182811,3.24416,244,0,8.33333,,15.0745,94,0,0.1,28,85.7143,0,5.93599,31,,3012,3012,,0,0,0,8.56383
1613618363097,6,1010123456020,70,,1,0,24,1,2,,13.5103,829,183514,2.79853,238,0,7.83333,,0,0,0,0,0,0,0,0,0,,3000,3000,,0,0,0,0
1613618363347,6,1010123456020,70,,1,0,24,1,2,,13.2778,828,183680,2.70976,236,0,7.66667,,0,0,0,0,0,0,0,0,0,,3000,3000,,0,0,0,0
1613618363597,6,1010123456020,70,,1,0,24,1,2,,13.6022,837,183438,2.81866,239,0,7.85714,,0,0,0,0,0,0,0,0,0,,3000,3000,,0,0,0,0
1613618363847,6,1010123456020,70,,1,0,24,1,2,,13.8929,822,184166,2.95091,240,0,8,,6.5625,32,0,0.1,9,44.4444,0,5.22282,31,,3000,3000,,0,0,0,5.0625
1613618364097,6,1010123456020,70,,1,0,24,1,2,,13.8837,843,183662,2.9399,240,0,8,,0,3,0,0.1,1,0,0,0,31,,3000,3000,,0,0,0,0
1613618364346,6,1010123456020,70,,1,0,24,1,2,,13.9001,851,182521,2.97706,241,0,8,,0,0,0,0,0,0,0,0,0,,2988,2988,,0,0,0,0
1613618364596,6,1010123456020,70,,1,0,24,1,2,,13.8592,838,184496,2.92713,239,0,8,,0,0,0,0,0,0,0,0,0,,3000,3000,,0,0,0,0
1613618364846,6,1010123456020,70,,1,0,24,1,2,,13.8108,830,184144,2.90975,238,0,8,,0,12,0,0,4,100,0,0,0,,3000,3000,,0,0,0,0
1613618365097,6,1010123456020,70,,1,0,24,1,2,,13.0229,828,182519,2.64083,238,0,7.66667,,0.1,7,0,0.1,2,0,0,1.58716,31,,3012,3012,,0,0,0,1
1613618365347,6,1010123456020,70,,1,0,24,1,2,,12.4905,844,184336,2.52141,242,0,7.33333,,11.8421,19,0,0.1,5,80,0,7.85687,31,,3000,3000,,0,0,0,8.10526
1613618365597,6,1010123456020,70,,1,0,24,1,2,,13.8746,845,182497,2.91482,240,0,8,,0,0,0,0,0,0,0,0,0,,3000,3000,,0,0,0,0
1613618365847,6,1010123456020,70,,1,0,24,1,2,,13.5646,836,182926,2.81968,239,0,7.83333,,5.76744,43,0,0.1,13,46.1538,0,8.72409,31,,3000,3000,,0,0,0,4.97674
1613618366097,6,1010123456020,70,,1,0,24,1,2,,13.6496,839,184302,2.85869,238,0,7.83333,,0,0,0,0,0,0,0,0,0,,3000,3000,,0,0,0,0
1613618366347,6,1010123456020,70,,1,0,24,1,2,,13.7697,838,183472,2.88256,240,0,8,,0.1,4,0,0.1,1,0,0,1.85333,31,,3000,3000,,0,0,0,1
1613618366597,6,1010123456020,70,,1,0,24,1,2,,12.8732,836,183198,2.56694,237,0,7.57143,,0,3,0,0.1,1,0,0,0,31,,3000,3000,,0,0,0,0
1613618366846,6,1010123456020,70,,1,0,24,1,2,,13.5167,836,182625,2.83296,240,0,7.83333,,0.1,26,0,0.1,8,12.5,0,4.96883,31,,2988,2988,,0,0,0,2.96154
1613618367096,6,1010123456020,70,,1,0,24,1,2,,13.3783,838,184108,2.81163,240,0,7.83333,,0.1,8,0,0.1,2,0,0,2.77466,31,,3000,3000,,0,0,0,1.5
1613618367347,6,1010123456020,70,,1,0,24,1,2,,13.5823,814,182858,2.75005,235,0,8,,0.1,8,0,0.1,2,0,0,1.82207,31,,3012,3012,,0,0,0,1
1613618367597,6,1010123456020,70,,1,0,24,1,2,,13.4851,839,182691,2.79766,239,0,7.85714,,0,9,0,0.1,3,0,0,0,31,,3000,3000,,0,0,0,0
1613618367847,6,1010123456020,70,,1,0,24,1,2,,13.7684,829,183466,2.89741,240,0,8,,5.15217,46,0,0.1,13,30.7692,0,8.97828,31,,3000,3000,,0,0,0,4.13043
1613618368097,6,1010123456020,70,,1,0,24,1,2,,13.1898,827,183618,2.7049,238,0,7.66667,,0,0,0,0,0,0,0,0,0,,3000,3000,,0,0,0,0
1613618368346,6,1010123456020,70,,1,0,24,1,2,,13.3208,848,182581,2.78676,242,0,7.83333,,0,0,0,0,0,0,0,0,0,,2988,2988,,0,0,0,0
1613618368596,6,1010123456020,70,,1,0,24,1,2,,12.7399,842,183920,2.58291,241,0,7.57143,,0,6,0,0.1,2,0,0,0,31,,3000,3000,,0,0,0,0
1613618368846,6,1010123456020,70,,1,0,24,1,2,,13.5696,848,184168,2.86798,242,0,7.83333,,6.15385,39,0,0.1,11,36.3636,0,5.70911,31,,3000,3000,,0,0,0,5.05128
1613618369096,6,1010123456020,70,,1,0,24,1,2,,12.5377,822,183236,2.61279,235,0,7.33333,,0,3,0,0.1,1,0,0,0,31,,3000,3000,,0,0,0,0
1613618369347,6,1010123456020,70,,1,0,24,1,2,,12.5409,843,182974,2.50864,243,0,7.5,,0,0,0,0,0,0,0,0,0,,3012,3012,,0,0,0,0
1613618369597,6,1010123456020,70,,1,0,24,1,2,,13.6012,835,183822,2.85389,240,0,7.85714,,15,4,0,0.1,1,0,0,30.8327,31,,3000,3000,,0,0,0,1
1613618369847,6,1010123456020,70,,1,0,24,1,2,,13.5432,845,182887,2.86256,243,0,7.83333,,14.3684,19,0,0.1,6,50,0,18.5827,31,,3000,3000,,0,0,0,5.26316
1613618370097,6,1010123456020,70,,1,0,24,1,2,,13.7494,846,183950,2.93603,243,0,8,,15,16,0,0,4,100,0,1.45258,0,,3000,3000,,0,0,0,10
1613618370347,6,1010123456020,70,,1,0,24,1,2,,13.5998,847,182735,2.87443,242,0,7.83333,,0,3,0,0.1,1,0,0,0,31,,3000,3000,,0,0,0,0
1613618370596,6,1010123456020,70,,1,0,24,1,2,,13.4508,843,182921,2.80546,240,0,7.85714,,0,15,0,0.1,5,80,0,0,0,,2988,2988,,0,0,0,0
1613618370846,6,1010123456020,70,,1,0,24,1,2,,13.6808,827,183624,2.85423,238,0,8,,4.16,50,0,0.1,15,33.3333,0,4.68724,31,,3000,3000,,0,0,0,4.28
1613618371096,6,1010123456020,70,,1,0,24,1,2,,13.5332,844,183464,2.86284,242,0,7.83333,,0.1,8,0,0.1,2,0,0,1.4483,31,,3000,3000,,0,0,0,3
1613618371346,6,1010123456020,70,,1,0,24,1,2,,13.6234,839,183520,2.85304,237,0,7.83333,,0,0,0,0,0,0,0,0,0,,3000,3000,,0,0,0,0
1613618371597,6,1010123456020,70,,1,0,24,1,2,,13.8729,842,183153,2.91456,240,0,8,,0,0,0,0,0,0,0,0,0,,3012,3012,,0,0,0,0
1613618371847,6,1010123456020,70,,1,0,24,1,2,,13.2235,841,183478,2.75805,241,0,7.66667,,2.2069,29,0,0.1,8,0,0,9.16699,31,,3000,3000,,0,0,0,1.41379
1613618372097,6,1010123456020,70,,1,0,24,1,2,,12.6756,854,183290,2.54653,243,0,7.66667,,0,15,0,0.1,5,80,0,0,31,,3000,3000,,0,0,0,0
1613618372347,6,1010123456020,70,,1,0,24,1,2,,13.7759,830,183322,2.87354,238,0,8,,0,3,0,0.1,1,0,0,0,31,,3000,3000,,0,0,0,0
1613618372597,6,1010123456020,70,,1,0,24,1,2,,13.2922,842,183246,2.77626,242,0,7.71429,,0,6,0,0.1,2,0,0,0,31,,3000,3000,,0,0,0,0
1613618372846,6,1010123456020,70,,1,0,24,1,2,,12.5565,850,183896,2.51534,242,0,7.5,,10.8387,31,0,0.1,9,66.6667,0,9.11704,31,,2988,2988,,0,0,0,6.80645
1613618373096,6,1010123456020,70,,1,0,24,1,2,,13.5638,839,183320,2.87467,242,0,7.83333,,0,0,0,0,0,0,0,0,0,,3000,3000,,0,0,0,0
1613618373346,6,1010123456020,70,,1,0,24,1,2,,13.2185,824,184376,2.65979,234,0,7.66667,,0,0,0,0,0,0,0,0,0,,3000,3000,,0,0,0,0
1613618373596,6,1010123456020,70,,1,0,24,1,2,,13.4373,821,184064,2.7315,234,0,7.85714,,0,0,0,0,0,0,0,0,0,,3000,3000,,0,0,0,0
1613618373847,6,1010123456020,70,,1,0,24,1,2,,14.0443,835,182595,3.03958,243,0,7.83333,,14.0909,77,0,0.179904,23,69.5652,0,6.28562,31,,3012,3012,,0,0,0,7.66234
1613618374097,6,1010123456020,70,,1,0,24,1,2,,13.4438,827,183202,2.75792,237,0,7.83333,,0,3,0,0.1,1,0,0,0,31,,3000,3000,,0,0,0,0
1613618374347,6,1010123456020,70,,1,0,24,1,2,,13.4851,839,183346,2.80438,241,0,7.83333,,0,0,0,0,0,0,0,0,0,,3000,3000,,0,0,0,0
1613618374597,6,1010123456020,70,,1,0,24,1,2,,13.2732,831,182179,2.73341,239,0,7.71429,,0,0,0,0,0,0,0,0,0,,3000,3000,,0,0,0,0
1613618374847,6,1010123456020,70,,1,0,24,1,2,,13.8556,831,183634,2.93683,240,0,8,,0.1,25,0,0.1,7,0,0,1.65773,31,,3000,3000,,0,0,0,1.72
1613618375096,6,1010123456020,70,,1,0,24,1,2,,14.1039,828,183780,2.91961,237,0,8,,0.1,8,0,0.1,2,0,0,2.6613,31,,2988,2988,,0,0,0,1
1613618375346,6,1010123456020,70,,1,0,24,1,2,,13.8379,833,183556,2.95197,240,0,8,,0,0,0,0,0,0,0,0,0,,3000,3000,,0,0,0,0
1613618375596,6,1010123456020,70,,1,0,24,1,2,,13.9033,827,183388,2.94847,239,0,8,,0.1,8,0,0.1,2,0,0,2.56055,31,,3000,3000,,0,0,0,1.5
1613618375846,6,1010123456020,70,,1,0,24,1,2,,13.521,833,183272,2.78686,237,0,7.83333,,0.1,34,0,0.1,10,30,0,1.65044,31,,3000,2994,,0,0,0,3.73529
1613618376097,6,1010123456020,70,,1,0,24,1,2,,12.2832,837,183086,2.49821,241,0,7.16667,,0,0,0,0,0,0,0,0,0,,3012,3012,,0,0,0,0
1613618376347,6,1010123456020,70,,1,0,24,1,2,,13.48,827,182910,2.76806,238,0,7.83333,,0,0,0,0,0,0,0,0,0,,3000,3000,,0,0,0,0
1613618376597,6,1010123456020,70,,1,0,24,1,2,,13.3157,833,184014,2.77632,240,0,7.71429,,0,0,0,0,0,0,0,0,0,,3000,3000,,0,0,0,0
1613618376847,6,1010123456020,70,,1,0,24,1,2,,13.3118,834,182095,2.73382,240,0,7.83333,,3.11111,36,0,0.1,10,20,0,8.46693,31,,3000,3000,,0,0,0,3.02778
1613618377096,6,1010123456020,70,,1,0,24,1,2,,13.8803,819,183272,2.91097,236,0,8,,0,0,0,0,0,0,0,0,0,,2988,2988,,0,0,0,0
1613618377346,6,1010123456020,70,,1,0,24,1,2,,12.4368,815,183396,2.43888,234,0,7.33333,,15,13,0,0,4,100,0,1.81834,0,,3000,3000,,0,0,0,10
1613618377596,6,1010123456020,70,,1,0,24,1,2,,13.5775,852,183924,2.86188,244,0,8,,0,3,0,0.1,1,0,0,0,31,,3000,3000,,0,0,0,0
1613618377846,6,1010123456020,70,,1,0,24,1,2,,13.8978,851,183173,2.99692,243,0,8,,4.73684,38,0,0.1,12,33.3333,0,4.56562,31,,3000,3000,,0,0,0,4.02632
1613618378097,6,1010123456020,70,,1,0,24,1,2,,13.6019,834,183474,2.82362,238,0,7.83333,,0,6,0,0.1,2,0,0,0,31,,3012,3012,,0,0,0,0
1613618378346,6,1010123456020,70,,1,0,24,1,2,,13.4232,853,182865,2.82365,242,0,7.83333,,0,6,0,0.1,2,0,0,0,31,,2988,2988,,0,0,0,0
1613618378597,6,1010123456020,70,,1,0,24,1,2,,13.409,841,183198,2.77094,240,0,7.85714,,0,9,0,0.1,3,0,0,0,31,,3012,3012,,0,0,0,0
1613618378847,6,1010123456020,70,,1,0,24,1,2,,13.4932,805,183998,2.76314,236,0,7.83333,,0.1,27,0,0.1,8,0,0,13.0487,31,,3000,3000,,0,0,0,1
1613618379097,6,1010123456020,70,,1,0,24,1,2,,13.8489,827,183022,2.91654,238,0,8,,0,0,0,0,0,0,0,0,0,,3000,3000,,0,0,0,0
1613618379346,6,1010123456020,70,,1,0,24,1,2,,13.8267,831,183624,2.90975,238,0,8,,15,16,0,0,4,100,0,1.68668,0,,2988,2988,,0,0,0,10
1613618379596,6,1010123456020,70,,1,0,24,1,2,,13.231,844,184232,2.74908,241,0,7.71429,,0,0,0,0,0,0,0,0,0,,3000,3000,,0,0,0,0
1613618379846,6,1010123456020,70,,1,0,24,1,2,,13.7157,830,184048,2.904,239,0,7.83333,,6.09524,42,0,0.1,12,41.6667,0,9.04266,31,,3000,3000,,0,0,0,5.07143
1613618380096,6,1010123456020,70,,1,0,24,1,2,,13.7114,849,182769,2.92562,244,0,8,,0,0,0,0,0,0,0,0,0,,3000,3000,,0,0,0,0
1613618380347,6,1010123456020,70,,1,0,24,1,2,,13.817,847,183310,2.94176,242,0,8,,0,3,0,0.1,1,0,0,0,31,,3012,3012,,0,0,0,0
1613618380597,6,1010123456020,70,,1,0,24,1,2,,13.5808,842,183502,2.83674,240,0,7.85714,,0,3,0,0.1,1,0,0,0,31,,3000,3000,,0,0,0,0
1613618380847,6,1010123456020,70,,1,0,24,1,2,,13.8732,844,183134,2.92464,239,0,8,,0.1,31,0,0.1,9,0,0,2.02495,31,,3000,3000,,0,0,0,1.09677
1613618381097,6,1010123456020,70,,1,0,24,1,2,,13.8516,829,183158,2.92592,239,0,8,,0.1,4,0,0.1,1,0,0,1.1568,31,,3000,3000,,0,0,0,3
1613618381346,6,1010123456020,70,,1,0,24,1,2,,13.5322,855,183240,2.91534,244,0,7.83333,,0.1,4,0,0.1,1,0,0,2.07091,31,,2988,2988,,0,0,0,1
1613618381596,6,1010123456020,70,,1,0,24,1,2,,13.8407,835,182633,2.929,241,0,8,,0,0,0,0,0,0,0,0,0,,3000,3000,,0,0,0,0
1613618381846,6,1010123456020,70,,1,0,24,1,2,,13.1772,824,183436,2.70975,237,0,7.66667,,0.1,73,0,0.1,21,28.5714,0,3.58254,31,,3000,3000,,0,0,0,4.54795
1613618382097,6,1010123456020,70,,1,0,24,1,2,,13.1094,850,183384,2.67386,242,0,7.83333,,0,0,0,0,0,0,0,0,0,,3000,3000,,0,0,0,0
1613618382346,6,1010123456020,70,,1,0,24,1,2,,13.5132,836,183185,2.80051,238,0,7.83333,,0,0,0,0,0,0,0,0,0,,3000,2988,,0,0,0,0
1613618382597,6,1010123456020,70,,1,0,24,1,2,,13.5437,835,182854,2.84586,241,0,7.85714,,0,0,0,0,0,0,0,0,0,,3012,3012,,0,0,0,0
1613618382847,6,1010123456020,70,,1,0,24,1,2,,13.7222,853,183678,2.95018,245,0,8,,1.76471,34,0,0.1,10,10,0,8.3428,31,,3000,3000,,0,0,0,2.85294
1613618383097,6,1010123456020,70,,1,0,24,1,2,,13.4772,832,183806,2.77728,238,0,7.83333,,0,18,0,0.1,6,83.3333,0,0,31,,3000,3000,,0,0,0,0
1613618383347,6,1010123456020,70,,1,0,24,1,2,,13.9136,833,182727,2.95987,240,0,8,,0,0,0,0,0,0,0,0,0,,3000,3000,,0,0,0,0
1613618383596,6,1010123456020,70,,1,0,24,1,2,,13.1763,834,184088,2.72167,240,0,7.71429,,0,0,0,0,0,0,0,0,0,,2988,2988,,0,0,0,0
1613618383846,6,1010123456020,70,,1,0,24,1,2,,13.3385,833,184272,2.75692,237,0,7.66667,,0.1,30,0,0.1,9,11.1111,0,1.35375,31,,3000,3000,,0,0,0,3.26667
1613618384096,6,1010123456020,70,,1,0,24,1,2,,13.6754,835,182865,2.86766,240,0,8,,0,0,0,0,0,0,0,0,0,,3000,3000,,0,0,0,0
1613618384346,6,1010123456020,70,,1,0,24,1,2,,13.5713,835,184000,2.86227,240,0,7.83333,,0,0,0,0,0,0,0,0,0,,3000,3000,,0,0,0,0
1613618384596,6,1010123456020,70,,1,0,24,1,2,,13.046,826,182969,2.67483,238,0,7.57143,,0.1,8,0,0.1,2,0,0,1.92119,31,,3000,3000,,0,0,0,1
1613618384847,6,1010123456020,70,,1,0,24,1,2,,13.2255,838,183318,2.69619,240,0,7.83333,,9.54545,22,0,0.1,7,57.1429,0,10.7041,31,,3012,3012,,0,0,0,6.09091
1613618385097,6,1010123456020,70,,1,0,24,1,2,,13.9116,848,183622,2.96157,241,0,8,,0,0,0,0,0,0,0,0,0,,3000,3000,,0,0,0,0
1613618385347,6,1010123456020,70,,1,0,24,1,2,,13.4117,838,183182,2.76653,238,0,7.83333,,0.1,4,0,0.1,1,0,0,0.556619,31,,3000,3000,,0,0,0,8
1613618385597,6,1010123456020,70,,1,0,24,1,2,,13.1391,834,183234,2.71232,240,0,7.57143,,0.1,4,0,0.1,1,0,0,3.14265,31,,3000,3000,,0,0,0,1
1613618385846,6,1010123456020,70,,1,0,24,1,2,,13.0706,821,184204,2.6471,239,0,7.83333,,0.1,36,0,0.1,10,0,0,5.71623,31,,2988,2988,,0,0,0,1.19444
1613618386096,6,1010123456020,70,,1,0,24,1,2,,13.2135,829,182941,2.70268,237,0,7.66667,,15,14,0,0,4,100,0,2.14378,0,,3000,2994,,0,0,0,10
1613618386346,6,1010123456020,70,,1,0,24,1,2,,13.8729,842,183149,2.97825,242,0,8,,0,18,0,0.1,6,66.6667,0,0,31,,3000,3000,,0,0,0,0
1613618386596,6,1010123456020,70,,1,0,24,1,2,,13.3084,830,183109,2.75724,239,0,7.85714,,0.1,8,0,0.1,2,0,0,2.80133,31,,3000,3000,,0,0,0,1.5
1613618386847,6,1010123456020,70,,1,0,24,1,2,,13.1709,819,182659,2.70608,241,0,7.66667,,0.1,27,0,0.1,8,0,0,4.88108,31,,3012,3012,,0,0,0,1.44444
1613618387097,6,1010123456020,70,,1,0,24,1,2,,13.3013,843,183130,2.79533,242,0,7.66667,,0.1,4,0,0.1,1,0,0,1.55886,31,,3000,3000,,0,0,0,1
1613618387347,6,1010123456020,70,,1,0,24,1,2,,13.0691,839,184096,2.65382,240,0,7.66667,,6.92308,26,0,0.1,8,50,0,4.66729,31,,3000,3000,,0,0,0,5.30769
1613618387597,6,1010123456020,70,,1,0,24,1,2,,13.8427,839,182631,2.91696,239,0,8,,0,3,0,0.1,1,0,0,0,31,,3000,3000,,0,0,0,0
1613618387846,6,1010123456020,70,,1,0,24,1,2,,13.0406,837,183836,2.66525,240,0,7.66667,,7.27273,33,0,0.1,9,44.4444,0,9.40315,31,,2988,2988,,0,0,0,5.36364
1613618388096,6,1010123456020,70,,1,0,24,1,2,,12.8882,841,182813,2.66227,243,0,7.5,,0.1,4,0,0.1,1,0,0,0.567792,31,,3000,3000,,0,0,0,3
1613618388346,6,1010123456020,70,,1,0,24,1,2,,13.7756,829,183412,2.90374,239,0,8,,0,0,0,0,0,0,0,0,0,,3000,3000,,0,0,0,0
1613618388596,6,1010123456020,70,,1,0,24,1,2,,13.4415,838,184148,2.8648,243,0,7.71429,,0,0,0,0,0,0,0,0,0,,3000,3000,,0,0,0,0
1613618388846,6,1010123456020,70,,1,0,24,1,2,,13.586,826,183396,2.8292,239,0,8,,13.037,27,0,0.1,7,57.1429,0,12.3954,31,,3000,3000,,0,0,0,6.33333
1613618389097,6,1010123456020,70,,1,0,24,1,2,,13.886,833,184042,2.90256,237,0,8,,0,0,0,0,0,0,0,0,0,,3012,3012,,0,0,0,0
1613618389347,6,1010123456020,70,,1,0,24,1,2,,13.7838,851,183682,2.94499,243,0,8,,0,6,0,0.1,2,0,0,0,31,,3000,3000,,0,0,0,0
1613618389597,6,1010123456020,70,,1,0,24,1,2,,12.7463,820,182799,2.48518,234,0,7.57143,,0,3,0,0.1,1,0,0,0,31,,3000,3000,,0,0,0,0
1613618389846,6,1010123456020,70,,1,0,24,1,2,,15.3018,815,183830,3.45777,241,0,8.66667,,12.5,18,0,0.1,5,80,0,8.29861,31,,2988,2988,,0,0,0,8.5
1613618390096,6,1010123456020,70,,1,0,24,1,2,,13.785,842,183990,2.94766,242,0,8,,0.1,10,0,0.1,3,33.3333,0,1.78846,31,,3000,3000,,0,0,0,3.7
1613618390346,6,1010123456020,70,,1,0,24,1,2,,13.8307,839,183526,2.93655,240,0,8,,0,0,0,0,0,0,0,0,0,,3000,3000,,0,0,0,0
1613618390596,6,1010123456020,70,,1,0,24,1,2,,13.8057,849,184166,2.96145,243,0,8,,8.57143,28,0,0.1,7,57.1429,0,6.11615,31,,3000,3000,,0,0,0,6.14286
1613618390846,6,1010123456020,70,,1,0,24,1,2,,13.4464,811,184025,2.78917,237,0,7.8,,0.1,26,0,0.1,8,0,0,4.17474,31,,3000,3000,,0,0,0,1.61538
1613618391096,6,1010123456020,70,,1,0,24,1,2,,13.657,831,182874,2.8204,237,0,8,,0,0,0,0,0,0,0,0,0,,3000,3000,,0,0,0,0
1613618391347,6,1010123456020,70,,1,0,24,1,2,,13.444,822,183527,2.75101,237,0,7.83333,,0.1,4,0,0.1,1,0,0,1.49036,31,,3012,3000,,0,0,0,1
1613618391597,6,1010123456020,70,,1,0,24,1,2,,13.7226,840,182959,2.90243,241,0,8,,0,0,0,0,0,0,0,0,0,,3000,3000,,0,0,0,0
1613618391846,6,1010123456020,70,,1,0,24,1,2,,13.0973,812,182538,2.67123,238,0,7.8,,6.77193,57,0,0.1,17,47.0588,0,5.07381,31,,2988,2988,,0,0,0,5.80702
1613618392096,6,1010123456020,70,,1,0,24,1,2,,13.2562,843,184257,2.75473,241,0,7.8,,0,12,0,0,4,100,0,0,0,,3000,3000,,0,0,0,0
1613618392346,6,1010123456020,70,,1,0,24,1,2,,13.8885,852,183505,2.99537,243,0,8,,0,0,0,0,0,0,0,0,0,,3000,3000,,0,0,0,0
1613618392596,6,1010123456020,70,,1,0,24,1,2,,13.5779,815,183545,2.83737,237,0,7.71429,,0,0,0,0,0,0,0,0,0,,3000,3000,,0,0,0,0
1613618392847,6,1010123456020,70,,1,0,24,1,2,,12.9706,817,182640,2.59306,237,0,7.66667,,4.08511,47,0,0.1,14,35.7143,0,3.35507,31,,3000,3000,,0,0,0,3.87234
1613618393096,6,1010123456020,70,,1,0,24,1,2,,13.5214,842,183389,2.83181,240,0,7.83333,,0,6,0,0.1,2,0,0,0,31,,3000,3000,,0,0,0,0
1613618393346,6,1010123456020,70,,1,0,24,1,2,,13.8943,842,183741,2.96096,240,0,8,,0,3,0,0.1,1,0,0,0,31,,3000,3000,,0,0,0,0
1613618393597,6,1010123456020,70,,1,0,24,1,2,,12.8974,838,183167,2.62301,241,0,7.71429,,0.1,4,0,0.1,1,0,0,1.21608,31,,3012,3012,,0,0,0,2
1613618393847,6,1010123456020,70,,1,0,24,1,2,,13.5103,827,183287,2.78506,237,0,7.83333,,2,28,0,0.1,8,12.5,0,13.9373,31,,3000,3000,,0,0,0,2.42857
1613618394097,6,1010123456020,70,,1,0,24,1,2,,13.706,823,183511,2.84515,235,0,7.83333,,0,3,0,0.1,1,0,0,0,31,,3000,3000,,0,0,0,0
1613618394346,6,1010123456020,70,,1,0,24,1,2,,13.351,849,183561,2.77982,242,0,7.83333,,0,0,0,0,0,0,0,0,0,,2988,2988,,0,0,0,0
1613618394596,6,1010123456020,70,,1,0,24,1,2,,12.8261,834,183921,2.60035,240,0,7.57143,,0,0,0,0,0,0,0,0,0,,3000,3000,,0,0,0,0
1613618394846,6,1010123456020,70,,1,0,24,1,2,,13.8431,835,183321,2.96745,242,0,8,,12.6316,19,0,0.1,5,80,0,6.70853,31,,3000,3000,,0,0,0,8.10526
1613618395096,6,1010123456020,70,,1,0,24,1,2,,13.8797,831,183058,2.94847,239,0,8,,0.1,22,0,0.1,6,0,0,1.54111,31,,3000,3000,,0,0,0,1.72727
1613618395346,6,1010123456020,70,,1,0,24,1,2,,13.9036,840,183649,2.94847,239,0,8,,0,0,0,0,0,0,0,0,0,,3000,3000,,0,0,0,0
1613618395597,6,1010123456020,70,,1,0,24,1,2,,13.5821,840,183367,2.84262,240,0,7.85714,,0,3,0,0.1,1,0,0,0,31,,3012,3012,,0,0,0,0
1613618395847,6,1010123456020,70,,1,0,24,1,2,,13.599,813,183051,2.79885,236,0,7.83333,,1.5,30,0,0.1,9,0,0,11.2429,31,,3000,2994,,0,0,0,1.56667
1613618396097,6,1010123456020,70,,1,0,24,1,2,,13.81,837,183307,2.91866,240,0,8,,0,12,0,0,4,100,0,0,0,,3000,3000,,0,0,0,0
1613618396346,6,1010123456020,70,,1,0,24,1,2,,13.5182,851,183949,2.87251,243,0,7.83333,,0.1,4,0,0.1,1,0,0,1.56562,31,,2988,2988,,0,0,0,1
1613618396596,6,1010123456020,70,,1,0,24,1,2,,12.8141,823,183909,2.60842,239,0,7.42857,,0.1,4,0,0.1,1,0,0,2.09146,31,,3000,3000,,0,0,0,1
1613618396846,6,1010123456020,70,,1,0,24,1,2,,13.3015,826,184381,2.74403,240,0,7.83333,,2.57143,35,0,0.1,11,18.1818,0,9.23301,31,,3000,3000,,0,0,0,3.65714
1613618397096,6,1010123456020,70,,1,0,24,1,2,,12.8826,835,182950,2.64421,241,0,7.5,,11.4706,17,0,0.1,5,80,0,1.1223,0,,3000,3000,,0,0,0,7.88235
1613618397346,6,1010123456020,70,,1,0,24,1,2,,13.7957,842,183829,2.92437,241,0,8,,0.1,8,0,0.1,2,0,0,1.27238,31,,3000,3000,,0,0,0,3
1613618397596,6,1010123456020,70,,1,0,24,1,2,,13.5304,839,182102,2.80822,238,0,7.85714,,0,0,0,0,0,0,0,0,0,,3000,3000,,0,0,0,0
1613618397847,6,1010123456020,70,,1,0,24,1,2,,13.5412,850,183723,2.87552,244,0,7.83333,,6.2069,29,0,0.1,9,44.4444,0,3.53059,31,,3012,3012,,0,0,0,6.13793
1613618398097,6,1010123456020,70,,1,0,24,1,2,,13.3896,788,183115,2.63437,228,0,7.83333,,0.1,4,0,0.1,1,0,0,25.9269,31,,3000,3000,,0,0,0,1
1613618398347,6,1010123456020,70,,1,0,24,1,2,,13.3039,839,184035,2.74611,240,0,7.83333,,0,12,0,0,4,100,0,0,0,,3000,3000,,0,0,0,0
1613618398596,6,1010123456020,70,,1,0,24,1,2,,13.2792,838,183389,2.74609,240,0,7.83333,,0,6,0,0.1,2,0,0,0,31,,2988,2988,,0,0,0,0
1613618398846,6,1010123456020,70,,1,0,24,1,2,,13.5263,817,183633,2.78156,236,0,7.83333,,1.81818,33,0,0.1,9,0,0,11.9543,31,,3000,3000,,0,0,0,1
1613618399096,6,1010123456020,70,,1,0,24,1,2,,13.2727,836,183417,2.71348,237,0,7.66667,,0,12,0,0,4,100,0,0,0,,3000,3000,,0,0,0,0
1613618399346,6,1010123456020,70,,1,0,24,1,2,,13.5896,848,184185,2.85558,240,0,7.83333,,0,0,0,0,0,0,0,0,0,,3000,3000,,0,0,0,0
1613618399597,6,1010123456020,70,,1,0,24,1,2,,13.391,844,183210,2.7903,241,0,7.83333,,0,0,0,0,0,0,0,0,0,,3000,3000,,0,0,0,0
1613618399846,6,1010123456020,70,,1,0,24,1,2,,13.1027,837,183997,2.69298,239,0,7.66667,,7.64151,53,0,0.1,16,50,0,5.74928,31,,3000,3000,,0,0,0,5.86792
1613618400097,6,1010123456020,70,,1,0,24,1,2,,13.067,836,183107,2.65219,241,0,7.83333,,0.1,8,0,0.1,2,0,0,2.8255,31,,3012,3012,,0,0,0,1.5
1613618400347,6,1010123456020,70,,1,0,24,1,2,,13.2228,835,183755,2.72128,240,0,7.83333,,0.1,8,0,0.1,2,0,0,1.36254,31,,3000,3000,,0,0,0,2
1613618400597,6,1010123456020,70,,1,0,24,1,2,,13.3135,839,182148,2.7601,241,0,7.85714,,0.1,4,0,0.1,1,0,0,4.57025,31,,3000,3000,,0,0,0,1
1613618400846,6,1010123456020,70,,1,0,24,1,2,,13.3061,820,184229,2.72418,238,0,7.83333,,0.1,29,0,0.1,9,22.2222,0,4.26496,31,,2988,2988,,0,0,0,3.86207
1613618401096,6,1010123456020,70,,1,0,24,1,2,,13.3967,847,183405,2.83078,244,0,7.83333,,0.1,8,0,0.1,2,0,0,2.93616,31,,3000,3000,,0,0,0,2
1613618401346,6,1010123456020,70,,1,0,24,1,2,,13.865,859,183509,3.01574,245,0,8,,0.1,4,0,0.1,1,0,0,1.58877,31,,3000,3000,,0,0,0,3
1613618401596,6,1010123456020,70,,1,0,24,1,2,,13.51,847,184165,2.872,243,0,7.85714,,0.1,4,0,0.1,1,0,0,1.61642,31,,3000,3000,,0,0,0,1
1613618401846,6,1010123456020,70,,1,0,24,1,2,,12.9041,845,184133,2.6596,244,0,7.5,,0.1,31,0,0.1,9,22.2222,0,4.13984,31,,3000,2994,,0,0,0,3.12903
1613618402096,6,1010123456020,70,,1,0,24,1,2,,13.8897,834,183533,2.96884,241,0,8,,0,0,0,0,0,0,0,0,0,,3000,3000,,0,0,0,0
1613618402347,6,1010123456020,70,,1,0,24,1,2,,13.8838,835,184365,2.94451,240,0,8,,0,0,0,0,0,0,0,0,0,,3000,3000,,0,0,0,0
1613618402597,6,1010123456020,70,,1,0,24,1,2,,13.9317,835,182756,2.96602,240,0,8,,0.1,12,0,0.1,3,0,0,1.58065,31,,3000,3000,,0,0,0,2
1613618402847,6,1010123456020,70,,1,0,24,1,2,,13.0984,823,182324,2.63002,236,0,7.66667,,5.61905,42,0,0.1,12,33.3333,0,9.00222,31,,3000,3000,,0,0,0,4.28571
1613618403096,6,1010123456020,70,,1,0,24,1,2,,13.7512,856,183293,2.95107,244,0,8,,0.1,14,0,0.1,4,25,0,0.791681,31,,2988,2988,,0,0,0,5.5
1613618403346,6,1010123456020,70,,1,0,24,1,2,,13.8525,834,182982,2.93459,239,0,8,,0,0,0,0,0,0,0,0,0,,3000,3000,,0,0,0,0
1613618403597,6,1010123456020,70,,1,0,24,1,2,,13.2017,843,183070,2.76205,242,0,7.5,,0,0,0,0,0,0,0,0,0,,3000,3000,,0,0,0,0
1613618403846,6,1010123456020,70,,1,0,24,1,2,,13.6242,825,182990,2.87287,242,0,8,,0.1,70,0,0.1,20,40,0,5.06374,31,,3000,3000,,0,0,0,5.32857
1613618404096,6,1010123456020,70,,1,0,24,1,2,,13.6184,836,183245,2.89549,242,0,7.83333,,0,0,0,0,0,0,0,0,0,,3000,3000,,0,0,0,0
1613618404347,6,1010123456020,70,,1,0,24,1,2,,13.9448,834,182923,2.96755,240,0,8,,0,0,0,0,0,0,0,0,0,,3012,3012,,0,0,0,0
1613618404597,6,1010123456020,70,,1,0,24,1,2,,13.7663,830,183899,2.9079,240,0,8,,0.1,12,0,0.1,3,0,0,1.69979,31,,3000,3000,,0,0,0,1
1613618404847,6,1010123456020,70,,1,0,24,1,2,,13.159,824,183939,2.68384,238,0,7.66667,,1.5,30,0,0.1,9,0,0,11.3252,31,,3000,3000,,0,0,0,1.4
1613618405096,6,1010123456020,70,,1,0,24,1,2,,13.6702,840,183493,2.87994,238,0,7.8,,0,12,0,0,4,100,0,0,0,,2988,2988,,0,0,0,0
1613618405346,6,1010123456020,70,,1,0,24,1,2,,13.4667,840,183549,2.8212,242,0,7.83333,,0,3,0,0.1,1,0,0,0,31,,3000,3000,,0,0,0,0
1613618405596,6,1010123456020,70,,1,0,24,1,2,,13.6101,831,184653,2.86946,240,0,7.85714,,0.1,8,0,0.1,2,0,0,1.3823,31,,3000,3000,,0,0,0,1.5
1613618405846,6,1010123456020,70,,1,0,24,1,2,,13.7621,845,183525,2.93449,240,0,7.83333,,4.73684,38,0,0.1,11,54.5455,0,6.51824,31,,3000,3000,,0,0,0,6.39474
1613618406096,6,1010123456020,70,,1,0,24,1,2,,11.0083,841,182854,2.3031,240,0,6.33333,,0,0,0,0,0,0,0,0,0,,3000,3000,,0,0,0,0
1613618406346,6,1010123456020,70,,1,0,24,1,2,,13.5595,849,184645,2.89137,242,0,7.83333,,0,0,0,0,0,0,0,0,0,,3000,3000,,0,0,0,0
1613618406597,6,1010123456020,70,,1,0,24,1,2,,13.8077,827,183779,2.9057,239,0,7.85714,,0.1,4,0,0.1,1,0,0,0.631026,31,,3012,3012,,0,0,0,5
1613618406847,6,1010123456020,70,,1,0,24,1,2,,13.6148,823,183391,2.88538,244,0,8,,1.55172,29,0,0.1,8,0,0,7.31271,31,,3000,2994,,0,0,0,2.65517
1613618407096,6,1010123456020,70,,1,0,24,1,2,,13.8706,850,184129,2.94554,240,0,8,,0,12,0,0,4,100,0,0,0,,2988,2988,,0,0,0,0
1613618407346,6,1010123456020,70,,1,0,24,1,2,,13.8706,850,184049,2.98612,243,0,8,,0,3,0,0.1,1,0,0,0,31,,3000,3000,,0,0,0,0
1613618407596,6,1010123456020,70,,1,0,24,1,2,,13.4835,846,183082,2.86361,242,0,7.71429,,0,15,0,0.1,5,80,0,0,31,,3000,3000,,0,0,0,0
1613618407846,6,1010123456020,70,,1,0,24,1,2,,12.872,805,184273,2.52504,232,0,7.66667,,5.2,40,0,0.1,12,33.3333,0,6.27025,31,,3000,3000,,0,0,0,4.225
1613618408096,6,1010123456020,70,,1,0,24,1,2,,13.2155,854,183853,2.74933,245,0,7.83333,,0,3,0,0.1,1,0,0,0,31,,3000,3000,,0,0,0,0
1613618408346,6,1010123456020,70,,1,0,24,1,2,,13.9269,848,183869,2.97022,240,0,8,,0,3,0,0.1,1,0,0,0,31,,3000,3000,,0,0,0,0
1613618408596,6,1010123456020,70,,1,0,24,1,2,,13.2479,831,183070,2.7591,241,0,7.71429,,0,0,0,0,0,0,0,0,0,,3000,3000,,0,0,0,0
1613618408846,6,1010123456020,70,,1,0,24,1,2,,13.2521,837,183365,2.71852,238,0,7.66667,,4.0625,48,0,0.1,14,35.7143,0,5.0997,31,,3000,3000,,0,0,0,4.33333
1613618409097,6,1010123456020,70,,1,0,24,1,2,,13.0625,832,183867,2.65475,237,0,7.5,,0,3,0,0.1,1,0,0,0,31,,3012,3012,,0,0,0,0
1613618409346,6,1010123456020,70,,1,0,24,1,2,,12.8786,857,182870,2.62962,243,0,7.66667,,0,15,0,0.1,5,80,0,0,31,,2988,2988,,0,0,0,0
1613618409596,6,1010123456020,70,,1,0,24,1,2,,13.6257,847,183381,2.89533,241,0,7.85714,,0,6,0,0.1,2,0,0,0,31,,3000,3000,,0,0,0,0
1613618409846,6,1010123456020,70,,1,0,24,1,2,,13.238,832,183757,2.7173,240,0,7.83333,,1.92,25,0,0.1,7,0,0,7.7208,31,,3000,3000,,0,0,0,1.48
1613618410096,6,1010123456020,70,,1,0,24,1,2,,13.6255,825,183685,2.84549,238,0,7.83333,,0,0,0,0,0,0,0,0,0,,3000,3000,,0,0,0,0
1613618410346,6,1010123456020,70,,1,0,24,1,2,,13.5547,860,183925,2.95309,247,0,7.83333,,0,0,0,0,0,0,0,0,0,,3000,3000,,0,0,0,0
1613618410596,6,1010123456020,70,,1,0,24,1,2,,13.7215,833,183557,2.85398,238,0,8,,15,14,0,0,4,100,0,2.06482,0,,3000,3000,,0,0,0,10
1613618410846,6,1010123456020,70,,1,0,24,1,2,,13.3645,834,182706,2.7804,240,0,7.83333,,0.1,45,0,0.1,13,23.0769,0,4.09804,31,,3000,3000,,0,0,0,3.04444
1613618411096,6,1010123456020,70,,1,0,24,1,2,,13.7041,845,184337,2.91553,242,0,8,,0.1,8,0,0.1,2,0,0,14.6237,31,,3000,3000,,0,0,0,1.5
1613618411347,6,1010123456020,70,,1,0,24,1,2,,13.5737,835,183087,2.82454,239,0,7.83333,,0,0,0,0,0,0,0,0,0,,3012,3012,,0,0,0,0
1613618411596,6,1010123456020,70,,1,0,24,1,2,,13.509,829,182738,2.84206,239,0,7.71429,,0,0,0,0,0,0,0,0,0,,2988,2988,,0,0,0,0
1613618411846,6,1010123456020,70,,1,0,24,1,2,,13.0096,833,184513,2.61622,238,0,7.66667,,15,13,0,0,4,100,0,2.52512,0,,3000,3000,,0,0,0,10
1613618412096,6,1010123456020,70,,1,0,24,1,2,,13.8986,848,183098,2.99537,243,0,8,,0,0,0,0,0,0,0,0,0,,3000,3000,,0,0,0,0
1613618412346,6,1010123456020,70,,1,0,24,1,2,,13.5256,839,182498,2.85214,241,0,7.83333,,5.53846,39,0,0.1,12,66.6667,0,7.48984,31,,3000,3000,,0,0,0,6.53846
1613618412596,6,1010123456020,70,,1,0,24,1,2,,13.3955,842,183409,2.84723,244,0,7.85714,,0.1,12,0,0.1,3,33.3333,0,9.2091,31,,3000,3000,,0,0,0,4
1613618412846,6,1010123456020,70,,1,0,24,1,2,,13.4443,808,183222,2.74284,235,0,7.83333,,11.7529,85,0,0.1,26,73.0769,0,7.44123,31,,3000,3000,,0,0,0,7.67059
1613618413097,6,1010123456020,70,,1,0,24,1,2,,13.7711,843,182668,2.93254,242,0,8,,0,0,0,0,0,0,0,0,0,,3012,3012,,0,0,0,0
1613618413347,6,1010123456020,70,,1,0,24,1,2,,13.4463,847,184075,2.8303,243,0,7.83333,,0,0,0,0,0,0,0,0,0,,3000,3000,,0,0,0,0
1613618413596,6,1010123456020,70,,1,0,24,1,2,,13.9104,848,183285,2.97655,241,0,8,,0,0,0,0,0,0,0,0,0,,2988,2988,,0,0,0,0
1613618413846,6,1010123456020,70,,1,0,24,1,2,,13.7254,852,183589,2.91373,242,0,8,,15.7895,19,0,0.1,6,66.6667,0,17.9479,31,,3000,3000,,0,0,0,6.68421
1613618414097,6,1010123456020,70,,1,0,24,1,2,,13.8895,842,183421,2.93053,239,0,8,,0,0,0,0,0,0,0,0,0,,3000,3012,,0,0,0,0
1613618414346,6,1010123456020,70,,1,0,24,1,2,,13.9422,848,183677,2.98888,241,0,8,,0,0,0,0,0,0,0,0,0,,2988,2988,,0,0,0,0
1613618414596,6,1010123456020,70,,1,0,24,1,2,,13.2604,845,183549,2.7573,241,0,7.66667,,0,15,0,0.1,5,80,0,0,31,,3000,3000,,0,0,0,0
1613618414846,6,1010123456020,70,,1,0,24,1,2,,12.9071,840,183142,2.62811,240,0,7.5,,0.1,72,0,0.1,21,28.5714,0,7.33449,31,,3000,3000,,0,0,0,4.38889
1613618415096,6,1010123456020,70,,1,0,24,1,2,,13.8069,839,182918,2.94596,241,0,8,,7.5,8,0,0.1,2,0,0,28.9922,31,,3000,3000,,0,0,0,1
1613618415347,6,1010123456020,70,,1,0,24,1,2,,13.1768,843,183355,2.71274,241,0,7.66667,,15,15,0,0,4,100,0,1.78983,0,,3012,3012,,0,0,0,10
1613618415597,6,1010123456020,70,,1,0,24,1,2,,13.832,845,183491,2.94477,240,0,7.83333,,0,3,0,0.1,1,0,0,0,31,,3000,3000,,0,0,0,0
1613618415847,6,1010123456020,70,,1,0,24,1,2,,13.1532,829,184067,2.67616,238,0,7.66667,,1.75,32,0,0.1,10,0,0,13.7525,31,,3000,3000,,0,0,0,1.28125
1613618416096,6,1010123456020,70,,1,0,24,1,2,,13.7124,824,183653,2.84919,237,0,8,,12,20,0,0.1,5,80,0,1.97222,31,,2988,2988,,0,0,0,8.2
1613618416346,6,1010123456020,70,,1,0,24,1,2,,13.239,841,183677,2.73838,240,0,7.8,,0,0,0,0,0,0,0,0,0,,3000,3000,,0,0,0,0
1613618416596,6,1010123456020,70,,1,0,24,1,2,,13.5991,848,184277,2.88443,242,0,7.85714,,0,0,0,0,0,0,0,0,0,,3000,3000,,0,0,0,0
1613618416846,6,1010123456020,70,,1,0,24,1,2,,13.578,820,183693,2.80636,236,0,7.83333,,6.16667,36,0,0.1,11,36.3636,0,9.54997,31,,3000,3000,,0,0,0,4
1613618417096,6,1010123456020,70,,1,0,24,1,2,,13.6418,843,183437,2.92196,242,0,7.83333,,0,0,0,0,0,0,0,0,0,,3000,3000,,0,0,0,0
1613618417346,6,1010123456020,70,,1,0,24,1,2,,13.1581,835,184533,2.69391,240,0,7.66667,,0,0,0,0,0,0,0,0,0,,3000,3000,,0,0,0,0
1613618417597,6,1010123456020,70,,1,0,24,1,2,,12.4904,832,184059,2.50726,240,0,7.28571,,0,3,0,0,1,100,0,0,0,,3012,3012,,0,0,0,0
1613618417846,6,1010123456020,70,,1,0,24,1,2,,13.6958,848,182518,2.87255,240,0,8,,3.64865,37,0,0.1,11,27.2727,0,6.67992,31,,2988,2988,,0,0,0,3.59459
1613618418096,6,1010123456020,70,,1,0,24,1,2,,13.6191,848,184341,2.87862,241,0,7.83333,,0,0,0,0,0,0,0,0,0,,3000,3000,,0,0,0,0
1613618418346,6,1010123456020,70,,1,0,24,1,2,,13.4567,843,184149,2.8052,240,0,7.83333,,0,0,0,0,0,0,0,0,0,,3000,3000,,0,0,0,0
1613618418596,6,1010123456020,70,,1,0,24,1,2,,12.9135,844,183525,2.63984,241,0,7.66667,,0,0,0,0,0,0,0,0,0,,3000,3000,,0,0,0,0
1613618418846,6,1010123456020,70,,1,0,24,1,2,,13.4969,815,184212,2.78108,237,0,7.83333,,1.81818,33,0,0.1,9,0,0,11.1824,31,,3000,2994,,0,0,0,1
1613618419096,6,1010123456020,70,,1,0,24,1,2,,11.6333,848,183596,2.5307,240,0,6.66667,,0,0,0,0,0,0,0,0,0,,3000,3000,,0,0,0,0
1613618419346,6,1010123456020,70,,1,0,24,1,2,,13.1146,838,183832,2.72565,240,0,7.66667,,11.25,16,0,0.1,5,80,0,1.67719,31,,3000,3000,,0,0,0,8
1613618419596,6,1010123456020,70,,1,0,24,1,2,,12.6548,817,183592,2.49963,237,0,7.66667,,0.1,8,0,0.1,2,0,0,1.34092,31,,3000,3000,,0,0,0,1.5
1613618419847,6,1010123456020,70,,1,0,24,1,2,,13.0025,798,182878,2.53859,231,0,7.66667,,0.1,51,0,0.1,15,20,0,5.41615,31,,3012,3012,,0,0,0,4
1613618420097,6,1010123456020,70,,1,0,24,1,2,,13.3314,845,183936,2.77504,240,0,7.66667,,0,3,0,0.1,1,0,0,0,31,,3000,3000,,0,0,0,0
1613618420346,6,1010123456020,70,,1,0,24,1,2,,13.4789,831,182865,2.78699,237,0,7.83333,,0,3,0,0.1,1,0,0,0,31,,2988,2988,,0,0,0,0
1613618420596,6,1010123456020,70,,1,0,24,1,2,,13.2454,815,183400,2.69137,237,0,7.71429,,0,0,0,0,0,0,0,0,0,,3000,3000,,0,0,0,0
1613618420846,6,1010123456020,70,,1,0,24,1,2,,13.3486,832,182977,2.76668,237,0,7.66667,,1.69697,33,0,0.1,9,0,0,11.7955,31,,3000,3000,,0,0,0,1.24242
1613618421096,6,1010123456020,70,,1,0,24,1,2,,13.656,843,183904,2.88829,242,0,8,,0.1,4,0,0.1,1,0,0,1.65514,31,,3000,3000,,0,0,0,1
1613618421346,6,1010123456020,70,,1,0,24,1,2,,13.7826,837,183968,2.94638,242,0,8,,0,0,0,0,0,0,0,0,0,,3000,3000,,0,0,0,0
1613618421596,6,1010123456020,70,,1,0,24,1,2,,13.3033,844,184112,2.79181,243,0,7.85714,,0,0,0,0,0,0,0,0,0,,3000,3000,,0,0,0,0
1613618421847,6,1010123456020,70,,1,0,24,1,2,,13.8607,833,183648,2.97418,243,0,8,,7.11111,54,0,0.1,17,47.0588,0,7.89027,31,,3000,3000,,0,0,0,5.05556
1613618422097,6,1010123456020,70,,1,0,24,1,2,,12.5756,820,184030,2.45245,235,0,7.33333,,0,0,0,0,0,0,0,0,0,,3012,3012,,0,0,0,0
1613618422346,6,1010123456020,70,,1,0,24,1,2,,13.5927,847,183752,2.85404,240,0,7.83333,,0,0,0,0,0,0,0,0,0,,2988,2988,,0,0,0,0
1613618422597,6,1010123456020,70,,1,0,24,1,2,,13.237,848,182561,2.74848,242,0,7.71429,,0,0,0,0,0,0,0,0,0,,3000,3000,,0,0,0,0
1613618422846,6,1010123456020,70,,1,0,24,1,2,,12.971,827,184224,2.66615,240,0,7.6,,0.1,44,0,0.1,13,30.7692,0,6.32168,31,,3000,2994,,0,0,0,5.15909
1613618423096,6,1010123456020,70,,1,0,24,1,2,,13.4903,826,183920,2.74031,236,0,8,,0,0,0,0,0,0,0,0,0,,3000,3000,,0,0,0,0
1613618423346,6,1010123456020,70,,1,0,24,1,2,,13.9276,842,183272,2.95463,239,0,8,,0,0,0,0,0,0,0,0,0,,3000,3000,,0,0,0,0
1613618423596,6,1010123456020,70,,1,0,24,1,2,,13.5264,851,184340,2.8586,242,0,7.85714,,0,0,0,0,0,0,0,0,0,,3000,3000,,0,0,0,0
1613618423846,6,1010123456020,70,,1,0,24,1,2,,13.3882,827,184052,2.76504,238,0,7.83333,,5.68966,29,0,0.1,9,44.4444,0,5.81671,31,,3000,3000,,0,0,0,4.41379
1613618424097,6,1010123456020,70,,1,0,24,1,2,,13.6283,834,182891,2.88989,241,0,7.8,,10,24,0,0.1,6,66.6667,0,5.93404,31,,3012,3012,,0,0,0,8
1613618424346,6,1010123456020,70,,1,0,24,1,2,,13.4012,835,183181,2.76752,239,0,7.83333,,0,0,0,0,0,0,0,0,0,,2988,2988,,0,0,0,0
1613618424596,6,1010123456020,70,,1,0,24,1,2,,13.1928,835,183988,2.75627,241,0,7.57143,,0,0,0,0,0,0,0,0,0,,3000,3000,,0,0,0,0
1613618424847,6,1010123456020,70,,1,0,24,1,2,,13.3025,843,182581,2.76938,243,0,7.83333,,0.1,32,0,0.1,9,11.1111,0,1.44929,31,,3012,3012,,0,0,0,3.1875
1613618425096,6,1010123456020,70,,1,0,24,1,2,,13.1691,816,182605,2.67502,236,0,7.66667,,0.1,8,0,0.1,2,0,0,1.43298,31,,2988,2988,,0,0,0,3.5
1613618425346,6,1010123456020,70,,1,0,24,1,2,,12.9059,840,183872,2.59528,238,0,7.6,,0,9,0,0.1,3,66.6667,0,0,31,,3000,3000,,0,0,0,0
1613618425596,6,1010123456020,70,,1,0,24,1,2,,13.5048,834,184144,2.81311,238,0,7.85714,,0,6,0,0.1,2,0,0,0,31,,3000,3000,,0,0,0,0
1613618425846,6,1010123456020,70,,1,0,24,1,2,,14.386,829,183552,3.06789,240,0,8.33333,,14.7111,90,0,0.120707,29,82.7586,0,4.57703,31,,3000,3000,,0,0,0,8.38889
1613618426096,6,1010123456020,70,,1,0,24,1,2,,13.5849,848,184368,2.865,241,0,7.83333,,0,3,0,0.1,1,0,0,0,31,,3000,3000,,0,0,0,0
1613618426346,6,1010123456020,70,,1,0,24,1,2,,13.36,836,184152,2.75981,239,0,7.83333,,0,0,0,0,0,0,0,0,0,,3000,3000,,0,0,0,0
1613618426596,6,1010123456020,70,,1,0,24,1,2,,13.1309,848,183264,2.76678,244,0,7.5,,12.75,20,0,0.1,6,66.6667,0,7.94456,31,,3000,3000,,0,0,0,6.85
1613618426847,6,1010123456020,70,,1,0,24,1,2,,13.5845,811,183696,2.80288,238,0,8,,0.1,26,0,0.1,8,0,0,5.29331,31,,3000,3000,,0,0,0,1.76923
1613618427096,6,1010123456020,70,,1,0,24,1,2,,13.2242,834,184148,2.73696,240,0,7.66667,,0.1,12,0,0.1,3,0,0,1.5012,31,,3000,3000,,0,0,0,1.33333
1613618427346,6,1010123456020,70,,1,0,24,1,2,,13.2078,842,183512,2.71496,239,0,7.66667,,0,3,0,0.1,1,0,0,0,31,,3000,2994,,0,0,0,0
1613618427596,6,1010123456020,70,,1,0,24,1,2,,13.1185,844,183808,2.72116,240,0,7.57143,,0,3,0,0.1,1,0,0,0,31,,3000,3000,,0,0,0,0
1613618427846,6,1010123456020,70,,1,0,24,1,2,,13.0631,824,183984,2.62985,238,0,7.83333,,6.21538,65,0,0.1,19,52.6316,0,3.18922,31,,3000,3000,,0,0,0,6.27692
1613618428096,6,1010123456020,70,,1,0,24,1,2,,13.5537,847,183752,2.86824,242,0,7.83333,,0,6,0,0.1,2,0,0,0,31,,3000,3000,,0,0,0,0
1613618428346,6,1010123456020,70,,1,0,24,1,2,,13.8644,848,184528,2.9458,240,0,8,,0,3,0,0.1,1,0,0,0,31,,3000,3000,,0,0,0,0
1613618428597,6,1010123456020,70,,1,0,24,1,2,,13.9062,842,183782,2.9585,241,0,8,,0,15,0,0.1,5,80,0,0,31,,3012,3012,,0,0,0,0
1613618428847,6,1010123456020,70,,1,0,24,1,2,,13.2919,829,182497,2.72496,239,0,7.66667,,1.71429,35,0,0.1,10,10,0,10.5562,31,,2988,2988,,0,0,0,2.42857
1613618429096,6,1010123456020,70,,1,0,24,1,2,,13.5537,838,183360,2.82946,239,0,7.8,,0,0,0,0,0,0,0,0,0,,3000,3000,,0,0,0,0
1613618429346,6,1010123456020,70,,1,0,24,1,2,,13.6687,839,183904,2.8657,239,0,8,,0.1,4,0,0.1,1,0,0,1.55597,31,,3000,3000,,0,0,0,3
1613618429596,6,1010123456020,70,,1,0,24,1,2,,13.3663,808,183065,2.71566,233,0,7.71429,,0,0,0,0,0,0,0,0,0,,3000,3000,,0,0,0,0
1613618429846,6,1010123456020,70,,1,0,24,1,2,,13.8644,826,182185,2.88745,240,0,8,,14.4167,72,0,0.135261,23,78.2609,0,6.92177,31,,3000,3000,,0,0,0,8
1613618430096,6,1010123456020,70,,1,0,24,1,2,,13.6368,848,183464,2.927,243,0,7.83333,,0,0,0,0,0,0,0,0,0,,3000,3000,,0,0,0,0
1613618430346,6,1010123456020,70,,1,0,24,1,2,,13.1454,839,183548,2.76035,240,0,7.66667,,0,0,0,0,0,0,0,0,0,,3000,3000,,0,0,0,0
1613618430597,6,1010123456020,70,,1,0,24,1,2,,13.8027,826,182881,2.89072,239,0,7.85714,,0.1,8,0,0.1,2,0,0,1.6486,31,,3000,3000,,0,0,0,1
1613618430846,6,1010123456020,70,,1,0,24,1,2,,12.8667,840,183360,2.60199,239,0,7.5,,0.1,35,0,0.1,10,20,0,6.66436,31,,3000,3000,,0,0,0,3.6
1613618431096,6,1010123456020,70,,1,0,24,1,2,,13.4581,847,182865,2.83926,244,0,7.83333,,0,0,0,0,0,0,0,0,0,,3000,3000,,0,0,0,0
1613618431346,6,1010123456020,70,,1,0,24,1,2,,13.8675,845,182593,2.98133,242,0,8,,0.1,4,0,0.1,1,0,0,1.60209,31,,3000,3000,,0,0,0,1
1613618431596,6,1010123456020,70,,1,0,24,1,2,,13.6758,839,184240,2.90904,240,0,7.85714,,0.1,7,0,0.1,2,0,0,1.57469,31,,3000,3000,,0,0,0,1
1613618431846,6,1010123456020,70,,1,0,24,1,2,,13.5771,830,183624,2.84006,241,0,8,,0.1,40,0,0.1,12,0,0,7.45513,31,,3000,3000,,0,0,0,1.075
1613618432096,6,1010123456020,70,,1,0,24,1,2,,13.222,847,182577,2.75335,242,0,7.66667,,0,0,0,0,0,0,0,0,0,,3000,3000,,0,0,0,0
1613618432346,6,1010123456020,70,,1,0,24,1,2,,13.1293,851,183500,2.70962,241,0,7.66667,,0,0,0,0,0,0,0,0,0,,3000,3000,,0,0,0,0
1613618432596,6,1010123456020,70,,1,0,24,1,2,,13.7248,854,183740,2.95637,245,0,8,,0,0,0,0,0,0,0,0,0,,3000,3000,,0,0,0,0
1613618432846,6,1010123456020,70,,1,0,24,1,2,,13.5054,831,183916,2.8161,239,0,7.83333,,16.2381,21,0,0.1,6,66.6667,0,19.7968,31,,3000,3000,,0,0,0,7
1613618433096,6,1010123456020,70,,1,0,24,1,2,,13.4892,834,183964,2.8143,239,0,7.83333,,15,14,0,0,4,100,0,1.84038,0,,3000,3000,,0,0,0,10
1613618433346,6,1010123456020,70,,1,0,24,1,2,,13.0483,829,183356,2.62002,236,0,7.66667,,0,3,0,0.1,1,0,0,0,31,,3000,3000,,0,0,0,0
1613618433596,6,1010123456020,70,,1,0,24,1,2,,13.3897,834,182685,2.78079,240,0,7.85714,,0,0,0,0,0,0,0,0,0,,3000,3000,,0,0,0,0
1613618433846,6,1010123456020,70,,1,0,24,1,2,,14.7278,823,183436,3.22432,241,0,8.33333,,15.1184,76,0,0.154956,25,80,0,6.5319,31,,3000,3000,,0,0,0,8.10526
1613618434096,6,1010123456020,70,,1,0,24,1,2,,13.8877,837,183316,2.95171,240,0,8,,0,3,0,0.1,1,0,0,0,31,,3000,3000,,0,0,0,0
1613618434346,6,1010123456020,70,,1,0,24,1,2,,13.2497,849,183652,2.799,243,0,7.66667,,0,0,0,0,0,0,0,0,0,,3000,3000,,0,0,0,0
1613618434596,6,1010123456020,70,,1,0,24,1,2,,13.1203,831,184556,2.67894,238,0,7.57143,,0,0,0,0,0,0,0,0,0,,3000,3000,,0,0,0,0
1613618434846,6,1010123456020,70,,1,0,24,1,2,,13.6759,833,184036,2.85002,239,0,8,,0.1,29,0,0.1,9,11.1111,0,1.74068,31,,3000,3000,,0,0,0,2.24138
1613618435096,6,1010123456020,70,,1,0,24,1,2,,13.8699,830,183820,2.94384,239,0,8,,0.1,4,0,0.1,1,0,0,1.27479,31,,3000,3000,,0,0,0,2
1613618435346,6,1010123456020,70,,1,0,24,1,2,,13.8693,834,183268,2.9423,239,0,8,,0,0,0,0,0,0,0,0,0,,3000,3000,,0,0,0,0
1613618435596,6,1010123456020,70,,1,0,24,1,2,,13.5828,839,183940,2.88212,242,0,7.85714,,10,24,0,0.1,6,66.6667,0,6.67952,31,,3000,3000,,0,0,0,7.33333
1613618435846,6,1010123456020,70,,1,0,24,1,2,,13.945,818,182957,2.95602,238,0,8,,4.73684,38,0,0.1,11,36.3636,0,8.7732,31,,3000,3000,,0,0,0,3.84211
1613618436096,6,1010123456020,70,,1,0,24,1,2,,13.461,833,183308,2.7999,239,0,7.83333,,0.1,10,0,0.1,3,33.3333,0,1.21918,31,,3000,3000,,0,0,0,4.9
1613618436346,6,1010123456020,70,,1,0,24,1,2,,12.6356,837,183504,2.52778,237,0,7.33333,,0,0,0,0,0,0,0,0,0,,3000,3000,,0,0,0,0
1613618436596,6,1010123456020,70,,1,0,24,1,2,,13.4096,835,182977,2.79158,240,0,7.71429,,0,3,0,0.1,1,0,0,0,31,,3000,3000,,0,0,0,0
1613618436846,6,1010123456020,70,,1,0,24,1,2,,13.786,827,183496,2.82853,238,0,8,,14.0172,58,0,0.175068,18,66.6667,0,9.16391,31,,3000,3000,,0,0,0,7
1613618437096,6,1010123456020,70,,1,0,24,1,2,,12.5893,845,183189,2.56337,241,0,7.33333,,0,6,0,0.1,2,0,0,0,31,,3000,3000,,0,0,0,0
1613618437346,6,1010123456020,70,,1,0,24,1,2,,13,836,184124,2.61387,238,0,7.66667,,0,0,0,0,0,0,0,0,0,,2976,2976,,0,0,0,0
1613618437596,6,1010123456020,70,,1,0,24,1,2,,13.1651,842,182925,2.71894,239,0,7.57143,,0,15,0,0.1,5,80,0,0,31,,3000,3000,,0,0,0,0
1613618437846,6,1010123456020,70,,1,0,24,1,2,,13.3135,842,183276,2.76697,242,0,7.83333,,0.1,33,0,0.1,9,11.1111,0,1.50886,31,,3000,3000,,0,0,0,3.84848
1613618438096,6,1010123456020,70,,1,0,24,1,2,,13.6022,822,183764,2.83984,238,0,7.83333,,12,20,0,0.1,5,80,0,6.5435,31,,3000,3000,,0,0,0,8.2
1613618438346,6,1010123456020,70,,1,0,24,1,2,,13.552,846,182549,2.8721,242,0,7.83333,,0,0,0,0,0,0,0,0,0,,3000,3000,,0,0,0,0
1613618438596,6,1010123456020,70,,1,0,24,1,2,,13.6033,842,184004,2.9031,243,0,7.85714,,0,0,0,0,0,0,0,0,0,,3000,3000,,0,0,0,0
1613618438846,6,1010123456020,70,,1,0,24,1,2,,13.5394,825,183093,2.81722,238,0,7.83333,,9.67347,49,0,0.1,14,57.1429,0,7.89038,31,,3000,3000,,0,0,0,6.44898
1613618439096,6,1010123456020,70,,1,0,24,1,2,,13.2254,834,183021,2.72305,239,0,7.66667,,0,0,0,0,0,0,0,0,0,,3000,3000,,0,0,0,0
1613618439346,6,1010123456020,70,,1,0,24,1,2,,13.6337,838,184340,2.85536,237,0,7.83333,,0,0,0,0,0,0,0,0,0,,3000,3000,,0,0,0,0
1613618439596,6,1010123456020,70,,1,0,24,1,2,,12.9191,841,184176,2.59904,239,0,7.57143,,0,6,0,0.1,2,0,0,0,31,,3000,3000,,0,0,0,0
1613618439846,6,1010123456020,70,,1,0,24,1,2,,13.8513,827,183233,2.96925,242,0,8,,0.1,25,0,0.1,8,0,0,3.96169,31,,3000,2988,,0,0,0,1.24
1613618440096,6,1010123456020,70,,1,0,24,1,2,,13.5696,841,183209,2.87631,241,0,7.83333,,0,0,0,0,0,0,0,0,0,,3000,3000,,0,0,0,0
1613618440346,6,1010123456020,70,,1,0,24,1,2,,12.8566,830,183888,2.58188,237,0,7.5,,0,0,0,0,0,0,0,0,0,,3000,3000,,0,0,0,0
1613618440596,6,1010123456020,70,,1,0,24,1,2,,13.8137,832,183936,2.92848,241,0,8,,0,0,0,0,0,0,0,0,0,,3000,3000,,0,0,0,0
1613618440846,6,1010123456020,70,,1,0,24,1,2,,13.3777,842,183552,2.81873,241,0,7.66667,,0.1,37,0,0.1,10,20,0,3.96544,31,,3000,3000,,0,0,0,3.21622
1613618441096,6,1010123456020,70,,1,0,24,1,2,,11.9605,836,184356,2.3252,240,0,7.2,,0.1,16,0,0.1,5,80,0,1.28609,31,,3000,3000,,0,0,0,7.75
1613618441346,6,1010123456020,70,,1,0,24,1,2,,13.4837,829,183053,2.76145,238,0,8,,0,0,0,0,0,0,0,0,0,,3000,3000,,0,0,0,0
1613618441597,6,1010123456020,70,,1,0,24,1,2,,13.5076,851,183138,2.87901,245,0,7.85714,,0.1,12,0,0.1,3,0,0,9.71979,31,,3012,3012,,0,0,0,1.33333
1613618441846,6,1010123456020,70,,1,0,24,1,2,,13.4521,845,183400,2.83547,242,0,7.83333,,15,13,0,0,4,100,0,1.30966,0,,2988,2988,,0,0,0,10
1613618442097,6,1010123456020,70,,1,0,24,1,2,,13.6718,850,184328,2.92912,243,0,7.83333,,0.1,7,0,0.1,2,0,0,2.04047,31,,3000,3000,,0,0,0,1.42857
1613618442346,6,1010123456020,70,,1,0,24,1,2,,13.7974,839,183240,2.89578,239,0,8,,0,0,0,0,0,0,0,0,0,,3000,3000,,0,0,0,0
1613618442596,6,1010123456020,70,,1,0,24,1,2,,13.4547,860,184004,2.87518,246,0,7.85714,,0,6,0,0.1,2,0,0,0,31,,3000,3000,,0,0,0,0
1613618442846,6,1010123456020,70,,1,0,24,1,2,,13.9008,827,183364,2.91097,236,0,8,,0.1,29,0,0.1,9,0,0,11.1512,31,,3000,3000,,0,0,0,1.06897
1613618443096,6,1010123456020,70,,1,0,24,1,2,,13.6067,834,183548,2.83881,238,0,7.83333,,0,0,0,0,0,0,0,0,0,,3000,3000,,0,0,0,0
1613618443346,6,1010123456020,70,,1,0,24,1,2,,13.6914,849,183316,2.93282,244,0,8,,9.47368,19,0,0.1,6,66.6667,0,2.51495,31,,3000,3000,,0,0,0,7.15789
1613618443596,6,1010123456020,70,,1,0,24,1,2,,13.4067,841,183276,2.81102,241,0,7.85714,,0.1,12,0,0.1,3,33.3333,0,2.51053,31,,3000,3000,,0,0,0,4
1613618443846,6,1010123456020,70,,1,0,24,1,2,,13.6398,855,183576,2.94159,245,0,7.83333,,2.14286,28,0,0.1,8,0,0,14.4534,31,,3000,2994,,0,0,0,1
1613618444096,6,1010123456020,70,,1,0,24,1,2,,13.6695,835,183776,2.87322,241,0,8,,0,0,0,0,0,0,0,0,0,,3000,3000,,0,0,0,0
1613618444346,6,1010123456020,70,,1,0,24,1,2,,13.2647,835,183792,2.74156,239,0,7.66667,,0,0,0,0,0,0,0,0,0,,3000,3000,,0,0,0,0
1613618444596,6,1010123456020,70,,1,0,24,1,2,,13.8126,827,183129,2.95505,240,0,7.85714,,0,0,0,0,0,0,0,0,0,,3000,3000,,0,0,0,0
1613618444846,6,1010123456020,70,,1,0,24,1,2,,14.0772,816,183260,2.93414,237,0,8.16667,,15.3882,85,0,0.109815,28,85.7143,0,5.34082,31,,3000,3000,,0,0,0,8.72941
1613618445096,6,1010123456020,70,,1,0,24,1,2,,13.2328,829,183045,2.73385,239,0,7.66667,,0,0,0,0,0,0,0,0,0,,3000,3000,,0,0,0,0
1613618445346,6,1010123456020,70,,1,0,24,1,2,,13.5106,848,183308,2.8196,240,0,7.83333,,0,0,0,0,0,0,0,0,0,,3000,3000,,0,0,0,0
1613618445596,6,1010123456020,70,,1,0,24,1,2,,13.4403,838,182597,2.78808,239,0,7.85714,,0,0,0,0,0,0,0,0,0,,3000,3000,,0,0,0,0
1613618445846,6,1010123456020,70,,1,0,24,1,2,,13.4111,844,184260,2.776,239,0,7.83333,,0.1,28,0,0.1,9,11.1111,0,4.26696,31,,3000,3000,,0,0,0,2.42857
1613618446097,6,1010123456020,70,,1,0,24,1,2,,13.5891,847,183564,2.86854,242,0,7.83333,,0,6,0,0.1,2,0,0,0,31,,3000,3012,,0,0,0,0
1613618446346,6,1010123456020,70,,1,0,24,1,2,,13.4214,833,183468,2.74467,236,0,7.83333,,0,3,0,0.1,1,0,0,0,31,,2988,2988,,0,0,0,0
1613618446596,6,1010123456020,70,,1,0,24,1,2,,13.5817,820,183524,2.80739,236,0,7.85714,,0,0,0,0,0,0,0,0,0,,3000,3000,,0,0,0,0
1613618446846,6,1010123456020,70,,1,0,24,1,2,,13.2138,823,183077,2.71338,238,0,7.66667,,4.36364,44,0,0.1,13,38.4615,0,6.09115,31,,3000,3000,,0,0,0,4.88636
1613618447096,6,1010123456020,70,,1,0,24,1,2,,13.5213,846,183221,2.88398,244,0,7.83333,,0.1,8,0,0.1,2,0,0,1.26973,31,,3000,3000,,0,0,0,2
1613618447346,6,1010123456020,70,,1,0,24,1,2,,13.806,835,183328,2.86651,240,0,7.83333,,0.1,4,0,0.1,1,0,0,1.47819,31,,3000,3000,,0,0,0,1
1613618447596,6,1010123456020,70,,1,0,24,1,2,,12.5306,833,183664,2.45481,238,0,7.42857,,0,0,0,0,0,0,0,0,0,,3000,3000,,0,0,0,0
1613618447846,6,1010123456020,70,,1,0,24,1,2,,15.0528,833,182521,3.32662,241,0,8.5,,14.8833,60,0,0.1,19,84.2105,0,6.92387,31,,3000,3000,,0,0,0,8.35
1613618448096,6,1010123456020,70,,1,0,24,1,2,,13.5502,847,184248,2.89606,244,0,7.83333,,0.1,4,0,0.1,1,0,0,26.6954,31,,3000,3000,,0,0,0,1
1613618448346,6,1010123456020,70,,1,0,24,1,2,,13.9307,851,182921,3.01234,243,0,8,,0,0,0,0,0,0,0,0,0,,3000,3000,,0,0,0,0
1613618448596,6,1010123456020,70,,1,0,24,1,2,,13.3965,850,183672,2.82445,243,0,7.85714,,15,15,0,0,4,100,0,2.84611,0,,3000,2994,,0,0,0,10
1613618448846,6,1010123456020,70,,1,0,24,1,2,,13.7037,837,184264,2.9379,242,0,7.83333,,0.1,30,0,0.1,8,0,0,4.84408,31,,3000,3000,,0,0,0,1.76667
1613618449096,6,1010123456020,70,,1,0,24,1,2,,13.6895,831,183017,2.8764,240,0,8,,0,0,0,0,0,0,0,0,0,,3000,3000,,0,0,0,0
1613618449346,6,1010123456020,70,,1,0,24,1,2,,13.8278,848,183177,2.96745,242,0,8,,0,0,0,0,0,0,0,0,0,,3000,3000,,0,0,0,0
1613618449596,6,1010123456020,70,,1,0,24,1,2,,13.2999,827,183544,2.7503,239,0,7.71429,,0,0,0,0,0,0,0,0,0,,3000,3000,,0,0,0,0
1613618449846,6,1010123456020,70,,1,0,24,1,2,,13.4017,834,184232,2.83595,241,0,7.66667,,7.03125,32,0,0.1,9,44.4444,0,7.63989,31,,3000,3000,,0,0,0,5.21875
1613618450096,6,1010123456020,70,,1,0,24,1,2,,13.4791,837,184040,2.81343,240,0,7.83333,,0,0,0,0,0,0,0,0,0,,3000,3000,,0,0,0,0
1613618450346,6,1010123456020,70,,1,0,24,1,2,,13.7383,852,183976,2.90757,242,0,8,,0,0,0,0,0,0,0,0,0,,3000,3000,,0,0,0,0
1613618450596,6,1010123456020,70,,1,0,24,1,2,,13.8705,842,184048,2.93304,239,0,8,,0,0,0,0,0,0,0,0,0,,3000,3000,,0,0,0,0
1613618450846,6,1010123456020,70,,1,0,24,1,2,,13.2991,819,183896,2.72376,237,0,7.66667,,5.07317,41,0,0.1,12,41.6667,0,3.65678,31,,3000,3000,,0,0,0,4.97561
1613618451096,6,1010123456020,70,,1,0,24,1,2,,13.9041,845,184576,2.96431,240,0,8,,0,0,0,0,0,0,0,0,0,,3000,3000,,0,0,0,0
1613618451346,6,1010123456020,70,,1,0,24,1,2,,13.9084,841,184168,2.93443,238,0,8,,0,0,0,0,0,0,0,0,0,,3000,3000,,0,0,0,0
1613618451596,6,1010123456020,70,,1,0,24,1,2,,13.5096,834,183121,2.86628,241,0,7.71429,,0,0,0,0,0,0,0,0,0,,3000,3000,,0,0,0,0
1613618451846,6,1010123456020,70,,1,0,24,1,2,,13.3096,843,183384,2.75884,241,0,7.83333,,2.5,24,0,0.1,7,0,0,10.5256,31,,3000,3000,,0,0,0,1.5
1613618452096,6,1010123456020,70,,1,0,24,1,2,,13.9118,839,183400,2.99367,242,0,8,,0,0,0,0,0,0,0,0,0,,3000,3000,,0,0,0,0
1613618452346,6,1010123456020,70,,1,0,24,1,2,,13.8397,811,182961,2.87672,234,0,8,,0,0,0,0,0,0,0,0,0,,3000,3000,,0,0,0,0
1613618452596,6,1010123456020,70,,1,0,24,1,2,,13.1277,822,182589,2.65382,236,0,7.71429,,0,0,0,0,0,0,0,0,0,,3000,3000,,0,0,0,0
1613618452846,6,1010123456020,70,,1,0,24,1,2,,12.9678,838,183420,2.67136,242,0,7.66667,,15,13,0,0,4,100,0,5.82117,0,,3000,3000,,0,0,0,10
1613618453096,6,1010123456020,70,,1,0,24,1,2,,13.2052,838,183388,2.71714,239,0,7.66667,,1.2,10,0,0.1,3,33.3333,0,1.17724,31,,3000,3000,,0,0,0,4.3
1613618453346,6,1010123456020,70,,1,0,24,1,2,,13.6298,832,183125,2.84395,238,0,8,,0,3,0,0.1,1,0,0,0,31,,3000,3000,,0,0,0,0
1613618453596,6,1010123456020,70,,1,0,24,1,2,,13.2299,822,183468,2.70474,237,0,7.71429,,0,0,0,0,0,0,0,0,0,,3000,3000,,0,0,0,0
1613618453846,6,1010123456020,70,,1,0,24,1,2,,13.8687,838,184060,2.9548,240,0,8,,4.70588,51,0,0.1,15,33.3333,0,5.95699,31,,3000,3000,,0,0,0,4.37255
1613618454096,6,1010123456020,70,,1,0,24,1,2,,13.82,828,182941,2.93629,240,0,8,,0,0,0,0,0,0,0,0,0,,3000,3000,,0,0,0,0
1613618454346,6,1010123456020,70,,1,0,24,1,2,,13.7068,839,183836,2.89594,240,0,8,,0,0,0,0,0,0,0,0,0,,3000,3000,,0,0,0,0
1613618454596,6,1010123456020,70,,1,0,24,1,2,,13.7704,823,183644,2.91952,238,0,7.85714,,0,0,0,0,0,0,0,0,0,,3000,3000,,0,0,0,0
1613618454846,6,1010123456020,70,,1,0,24,1,2,,12.4204,835,182817,2.48283,242,0,7.33333,,0.1,24,0,0.1,7,0,0,11.9624,31,,3000,3000,,0,0,0,1.25
1613618455096,6,1010123456020,70,,1,0,24,1,2,,13.5814,841,184032,2.86294,241,0,7.83333,,0,12,0,0,4,100,0,0,0,,3000,3000,,0,0,0,0
1613618455346,6,1010123456020,70,,1,0,24,1,2,,13.8486,832,184096,2.92543,238,0,8,,0.1,8,0,0.1,2,0,0,1.68368,31,,3000,2994,,0,0,0,1
1613618455596,6,1010123456020,70,,1,0,24,1,2,,13.3537,834,182957,2.79136,241,0,7.85714,,0.1,4,0,0.1,1,0,0,0.950742,31,,3000,3000,,0,0,0,2
1613618455846,6,1010123456020,70,,1,0,24,1,2,,13.1656,815,182277,2.67775,237,0,7.66667,,0.1,31,0,0.1,10,20,0,1.29577,31,,3000,3000,,0,0,0,4.16129
1613618456096,6,1010123456020,70,,1,0,24,1,2,,13.6566,830,183061,2.90056,240,0,7.83333,,0.1,4,0,0.1,1,0,0,1.77807,31,,3000,3000,,0,0,0,1
1613618456346,6,1010123456020,70,,1,0,24,1,2,,13.7762,831,183796,2.87994,238,0,8,,0,0,0,0,0,0,0,0,0,,3000,3000,,0,0,0,0
1613618456596,6,1010123456020,70,,1,0,24,1,2,,13.8479,822,182157,2.92055,238,0,8,,0,0,0,0,0,0,0,0,0,,3000,3000,,0,0,0,0
1613618456846,6,1010123456020,70,,1,0,24,1,2,,13.7195,845,184116,2.90159,240,0,8,,0.1,29,0,0.1,8,0,0,1.86125,31,,3000,3000,,0,0,0,1.68966
1613618457096,6,1010123456020,70,,1,0,24,1,2,,13.3623,828,183412,2.72437,236,0,7.83333,,0,3,0,0.1,1,0,0,0,31,,3000,3000,,0,0,0,0
1613618457346,6,1010123456020,70,,1,0,24,1,2,,13.8123,831,182445,2.87704,236,0,8,,0,0,0,0,0,0,0,0,0,,3000,3000,,0,0,0,0
1613618457596,6,1010123456020,70,,1,0,24,1,2,,13.9041,845,184564,2.95788,240,0,8,,0,0,0,0,0,0,0,0,0,,3000,3000,,0,0,0,0
1613618457846,6,1010123456020,70,,1,0,24,1,2,,14.8187,811,183101,3.239,238,0,8.33333,,10.2075,106,0,0.1,33,69.697,0,5.95302,31,,3000,3000,,0,0,0,7.31132
1613618458096,6,1010123456020,70,,1,0,24,1,2,,13.734,842,183149,2.87666,240,0,8,,0,6,0,0.1,2,50,0,0,31,,3000,3000,,0,0,0,0
1613618458346,6,1010123456020,70,,1,0,24,1,2,,13.9086,842,184172,2.93905,238,0,8,,0,0,0,0,0,0,0,0,0,,3000,3000,,0,0,0,0
1613618458596,6,1010123456020,70,,1,0,24,1,2,,13.8448,825,183628,2.94394,238,0,7.85714,,0.1,4,0,0.1,1,0,0,2.38953,31,,3000,3000,,0,0,0,1
1613618458846,6,1010123456020,70,,1,0,24,1,2,,13.5954,818,183428,2.81696,238,0,8,,1.25,36,0,0.1,10,0,0,11.6303,31,,3000,3000,,0,0,0,1.22222
1613618459096,6,1010123456020,70,,1,0,24,1,2,,12.974,845,184420,2.69629,242,0,7.5,,0,0,0,0,0,0,0,0,0,,3000,3000,,0,0,0,0
1613618459346,6,1010123456020,70,,1,0,24,1,2,,13.1447,843,184076,2.69741,241,0,7.66667,,0,0,0,0,0,0,0,0,0,,3000,3000,,0,0,0,0
1613618459596,6,1010123456020,70,,1,0,24,1,2,,13.5152,858,182785,2.88427,245,0,7.85714,,0,3,0,0.1,1,0,0,0,31,,3000,3000,,0,0,0,0
1613618459846,6,1010123456020,70,,1,0,24,1,2,,13.5355,818,183772,2.81606,238,0,7.83333,,2.51515,33,0,0.1,9,11.1111,0,8.06297,31,,3000,2994,,0,0,0,3.48485
1613618460096,6,1010123456020,70,,1,0,24,1,2,,13.2779,842,184204,2.7484,240,0,7.66667,,0,0,0,0,0,0,0,0,0,,3000,3000,,0,0,0,0
1613618460346,6,1010123456020,70,,1,0,24,1,2,,13.608,829,183628,2.8044,235,0,7.83333,,4,12,0,0,4,100,0,1.49593,0,,3000,3000,,0,0,0,10
1613618460596,6,1010123456020,70,,1,0,24,1,2,,13.5832,835,183676,2.84643,239,0,7.85714,,0,3,0,0.1,1,0,0,0,31,,3000,3000,,0,0,0,0
1613618460846,6,1010123456020,70,,1,0,24,1,2,,13.5348,834,183796,2.83965,240,0,7.83333,,2.2069,29,0,0.1,8,25,0,8.88798,31,,3000,3000,,0,0,0,3.31034
1613618461096,6,1010123456020,70,,1,0,24,1,2,,13.8922,816,183205,2.92039,237,0,8,,0,12,0,0,4,100,0,0,0,,3000,3000,,0,0,0,0
1613618461346,6,1010123456020,70,,1,0,24,1,2,,13.5927,847,183005,2.88546,242,0,7.83333,,0.1,4,0,0.1,1,0,0,1.76156,31,,3000,3000,,0,0,0,1
1613618461596,6,1010123456020,70,,1,0,24,1,2,,13.8689,839,183452,2.97038,241,0,8,,0.1,8,0,0.1,2,0,0,1.27495,31,,3000,3000,,0,0,0,2
1613618461846,6,1010123456020,70,,1,0,24,1,2,,13.3836,829,183884,2.85529,243,0,7.66667,,4.83019,53,0,0.108851,16,25,0,10.0385,31,,3000,3000,,0,0,0,3.15094
1613618462096,6,1010123456020,70,,1,0,24,1,2,,13.0841,832,183157,2.6266,237,0,7.66667,,0,3,0,0.1,1,0,0,0,31,,3000,3000,,0,0,0,0
1613618462346,6,1010123456020,70,,1,0,24,1,2,,13.5871,850,183580,2.86371,241,0,7.83333,,0,0,0,0,0,0,0,0,0,,3000,3000,,0,0,0,0
1613618462596,6,1010123456020,70,,1,0,24,1,2,,13.5101,845,184180,2.84289,241,0,7.83333,,0,6,0,0.1,2,0,0,0,31,,3000,3000,,0,0,0,0
1613618462846,6,1010123456020,70,,1,0,24,1,2,,13.7976,835,183532,2.91017,239,0,8,,5.45455,33,0,0.1,10,40,0,6.78635,31,,3000,3000,,0,0,0,4.57576
1613618463096,6,1010123456020,70,,1,0,24,1,2,,13.2762,840,183117,2.76347,241,0,7.66667,,0,0,0,0,0,0,0,0,0,,3000,3000,,0,0,0,0
1613618463346,6,1010123456020,70,,1,0,24,1,2,,13.9215,853,183892,2.99367,242,0,8,,0,12,0,0,4,100,0,0,0,,3000,3000,,0,0,0,0
1613618463596,6,1010123456020,70,,1,0,24,1,2,,13.1215,848,183532,2.74127,242,0,7.57143,,0.1,15,0,0.1,4,50,0,0.903338,31,,3000,3000,,0,0,0,6.06667
1613618463846,6,1010123456020,70,,1,0,24,1,2,,12.9938,811,184100,2.59467,235,0,7.66667,,4.14815,54,0,0.1,16,50,0,2.77675,31,,3000,3000,,0,0,0,6.33333
1613618464096,6,1010123456020,70,,1,0,24,1,2,,13.422,827,183252,2.77137,239,0,7.83333,,0,0,0,0,0,0,0,0,0,,3000,3000,,0,0,0,0
1613618464346,6,1010123456020,70,,1,0,24,1,2,,13.5593,835,182749,2.8489,240,0,7.83333,,0,0,0,0,0,0,0,0,0,,3000,3000,,0,0,0,0
1613618464596,6,1010123456020,70,,1,0,24,1,2,,12.9419,844,183588,2.64652,241,0,7.57143,,0.1,11,0,0.1,3,33.3333,0,1.08515,31,,3000,3000,,0,0,0,4.27273
1613618464846,6,1010123456020,70,,1,0,24,1,2,,13.0699,801,183300,2.6125,234,0,7.66667,,6.42857,35,0,0.1,11,36.3636,0,11.5148,31,,3000,3000,,0,0,0,4.51429
1613618465096,6,1010123456020,70,,1,0,24,1,2,,13.5307,848,183324,2.85693,242,0,7.83333,,0,0,0,0,0,0,0,0,0,,3000,3000,,0,0,0,0
1613618465346,6,1010123456020,70,,1,0,24,1,2,,13.5558,851,184092,2.87502,241,0,7.83333,,0,0,0,0,0,0,0,0,0,,3000,3000,,0,0,0,0
1613618465596,6,1010123456020,70,,1,0,24,1,2,,13.8052,847,184148,2.91306,241,0,8,,0,0,0,0,0,0,0,0,0,,3000,3000,,0,0,0,0
1613618465846,6,1010123456020,70,,1,0,24,1,2,,12.734,846,183680,2.61186,242,0,7.5,,10.2273,22,0,0.1,6,66.6667,0,2.65428,0,,3000,3000,,0,0,0,7.13636
1613618466096,6,1010123456020,70,,1,0,24,1,2,,12.6873,825,184476,2.48161,236,0,7.5,,0,12,0,0.1,4,50,0,0,31,,3000,3000,,0,0,0,0
1613618466346,6,1010123456020,70,,1,0,24,1,2,,13.4929,840,183225,2.82692,240,0,7.83333,,0,0,0,0,0,0,0,0,0,,3000,3000,,0,0,0,0
1613618466596,6,1010123456020,70,,1,0,24,1,2,,13.2596,836,183800,2.7359,239,0,7.71429,,0.1,4,0,0.1,1,0,0,3.62954,31,,3000,3000,,0,0,0,1
1613618466846,6,1010123456020,70,,1,0,24,1,2,,12.0573,837,183624,2.50602,240,0,7.16667,,0.1,49,0,0.1,15,33.3333,0,1.59201,31,,3000,3000,,0,0,0,4.46939
1613618467096,6,1010123456020,70,,1,0,24,1,2,,13.3649,844,183648,2.79602,242,0,7.83333,,0,3,0,0.1,1,0,0,0,31,,3000,3000,,0,0,0,0
1613618467346,6,1010123456020,70,,1,0,24,1,2,,13.4577,839,182753,2.80408,241,0,7.83333,,0.1,4,0,0.1,1,0,0,1.68917,31,,3000,3000,,0,0,0,1
1613618467596,6,1010123456020,70,,1,0,24,1,2,,13.5871,838,183472,2.88212,242,0,7.85714,,0,0,0,0,0,0,0,0,0,,3000,3000,,0,0,0,0
1613618467846,6,1010123456020,70,,1,0,24,1,2,,13.9122,831,183344,2.92835,237,0,8,,0.1,29,0,0.1,9,11.1111,0,4.36037,31,,3000,3000,,0,0,0,3.17241
1613618468096,6,1010123456020,70,,1,0,24,1,2,,13.7936,843,183984,2.92421,240,0,8,,0.1,4,0,0.1,1,0,0,0.1,31,,3000,3000,,0,0,0,7
1613618468346,6,1010123456020,70,,1,0,24,1,2,,13.2473,845,183017,2.72887,240,0,7.66667,,0,12,0,0.1,4,25,0,0,31,,3000,3000,,0,0,0,0
1613618468596,6,1010123456020,70,,1,0,24,1,2,,13.555,845,184432,2.87785,241,0,7.71429,,0,6,0,0.1,2,0,0,0,31,,3000,3000,,0,0,0,0
1613618468846,6,1010123456020,70,,1,0,24,1,2,,13.557,833,182977,2.81969,239,0,8,,12.6923,26,0,0.1,9,55.5556,0,13.8834,31,,3000,3000,,0,0,0,5.61538
1613618469096,6,1010123456020,70,,1,0,24,1,2,,13.5441,827,183712,2.84138,238,0,7.83333,,0,0,0,0,0,0,0,0,0,,3000,3000,,0,0,0,0
1613618469346,6,1010123456020,70,,1,0,24,1,2,,13.0909,836,183688,2.6861,241,0,7.66667,,0,0,0,0,0,0,0,0,0,,3000,3000,,0,0,0,0
1613618469596,6,1010123456020,70,,1,0,24,1,2,,13.245,845,184184,2.74496,241,0,7.71429,,0,0,0,0,0,0,0,0,0,,3000,3000,,0,0,0,0
1613618469846,6,1010123456020,70,,1,0,24,1,2,,13.8123,831,183832,2.88954,237,0,8,,1.45455,33,0,0.1,10,10,0,8.70765,31,,3000,3000,,0,0,0,2.33333
1613618470096,6,1010123456020,70,,1,0,24,1,2,,13.4988,846,184648,2.87303,243,0,7.83333,,0,0,0,0,0,0,0,0,0,,3000,3000,,0,0,0,0
1613618470346,6,1010123456020,70,,1,0,24,1,2,,13.0387,826,183768,2.63508,237,0,7.66667,,0,0,0,0,0,0,0,0,0,,3000,3000,,0,0,0,0
1613618470596,6,1010123456020,70,,1,0,24,1,2,,13.904,823,182553,2.94522,238,0,8,,0,0,0,0,0,0,0,0,0,,3000,3000,,0,0,0,0
1613618470846,6,1010123456020,70,,1,0,24,1,2,,14.7433,822,184424,3.18786,238,0,8.33333,,15.8571,70,0,0.180402,22,77.2727,0,7.58477,31,,3000,3000,,0,0,0,7.98571
1613618471096,6,1010123456020,70,,1,0,24,1,2,,13.9033,827,182873,2.94847,239,0,8,,0.1,4,0,0.1,1,0,0,1.72496,31,,3000,3000,,0,0,0,1
1613618471346,6,1010123456020,70,,1,0,24,1,2,,13.6315,844,182857,2.8871,241,0,8,,0.1,4,0,0.1,1,0,0,0.95937,31,,3000,3000,,0,0,0,3
1613618471596,6,1010123456020,70,,1,0,24,1,2,,13.3329,841,182921,2.7431,239,0,7.85714,,0,12,0,0.1,4,0,0,0,31,,3000,3000,,0,0,0,0
1613618471846,6,1010123456020,70,,1,0,24,1,2,,13.8827,827,183900,2.95312,240,0,8,,12.1875,16,0,0.1,5,80,0,7.17359,31,,3000,2994,,0,0,0,8.3125
1613618472096,6,1010123456020,70,,1,0,24,1,2,,13.584,839,183061,2.87219,241,0,7.83333,,0.1,7,0,0.1,2,0,0,2.70906,31,,3000,3000,,0,0,0,2.14286
1613618472346,6,1010123456020,70,,1,0,24,1,2,,13.5836,843,183764,2.88967,241,0,7.83333,,0,0,0,0,0,0,0,0,0,,3000,3000,,0,0,0,0
1613618472596,6,1010123456020,70,,1,0,24,1,2,,13.5408,845,184068,2.84074,242,0,7.85714,,0,0,0,0,0,0,0,0,0,,3000,3000,,0,0,0,0
1613618472846,6,1010123456020,70,,1,0,24,1,2,,13.5546,842,183780,2.82638,239,0,7.83333,,7.74194,31,0,0.1,9,44.4444,0,9.96946,31,,3000,3000,,0,0,0,5.64516
1613618473096,6,1010123456020,70,,1,0,24,1,2,,13.9198,823,182469,2.94831,238,0,8,,0,0,0,0,0,0,0,0,0,,3000,3000,,0,0,0,0
1613618473346,6,1010123456020,70,,1,0,24,1,2,,13.8262,840,183396,2.94246,240,0,8,,0,0,0,0,0,0,0,0,0,,3000,3000,,0,0,0,0
1613618473596,6,1010123456020,70,,1,0,24,1,2,,13.5629,835,183189,2.84864,240,0,7.85714,,0,0,0,0,0,0,0,0,0,,3000,3000,,0,0,0,0
1613618473846,6,1010123456020,70,,1,0,24,1,2,,14.9223,837,182813,3.31939,244,0,8.5,,14.9851,67,0,0.1,23,86.9565,0,5.56614,31,,3000,3000,,0,0,0,8.65672
1613618474096,6,1010123456020,70,,1,0,24,1,2,,13.7969,827,183940,2.91608,239,0,8,,0.1,8,0,0.1,2,0,0,0.969022,31,,3000,3000,,0,0,0,2.5
1613618474346,6,1010123456020,70,,1,0,24,1,2,,13.8682,827,184108,2.91576,237,0,8,,0.1,4,0,0.1,1,0,0,1.64058,31,,3000,3000,,0,0,0,2
1613618474596,6,1010123456020,70,,1,0,24,1,2,,13.5617,835,183876,2.85096,240,0,7.85714,,7.5,8,0,0.1,2,0,0,29.5878,31,,3000,3000,,0,0,0,1
1613618474846,6,1010123456020,70,,1,0,24,1,2,,13.4603,819,183508,2.77979,237,0,7.83333,,11.5385,26,0,0.1,7,57.1429,0,6.94814,31,,3000,3000,,0,0,0,6.53846
1613618475096,6,1010123456020,70,,1,0,24,1,2,,13.6192,835,184092,2.87907,239,0,7.83333,,0.1,8,0,0.1,2,50,0,1.01852,31,,3000,3000,,0,0,0,6.5
1613618475346,6,1010123456020,70,,1,0,24,1,2,,13.084,845,182609,2.68511,242,0,7.66667,,0,3,0,0.1,1,0,0,0,31,,3000,3000,,0,0,0,0
1613618475596,6,1010123456020,70,,1,0,24,1,2,,13.244,832,184072,2.72109,238,0,7.71429,,0,3,0,0.1,1,0,0,0,31,,3000,3000,,0,0,0,0
1613618475846,6,1010123456020,70,,1,0,24,1,2,,13.4079,831,183608,2.8213,241,0,7.66667,,0.1,26,0,0.1,8,0,0,12.8553,31,,3000,3000,,0,0,0,1.23077
1613618476096,6,1010123456020,70,,1,0,24,1,2,,13.1884,844,183217,2.72929,241,0,7.66667,,0,3,0,0.1,1,0,0,0,31,,3000,3000,,0,0,0,0
1613618476346,6,1010123456020,70,,1,0,24,1,2,,14.1639,836,183744,2.91123,236,0,8,,0,12,0,0.1,4,50,0,0,31,,3000,3000,,0,0,0,0
1613618476596,6,1010123456020,70,,1,0,24,1,2,,13.5165,848,183984,2.84013,243,0,7.85714,,0,3,0,0.1,1,0,0,0,0,,3000,3000,,0,0,0,0
1613618476846,6,1010123456020,70,,1,0,24,1,2,,13.5603,837,183880,2.82339,238,0,7.83333,,0.1,30,0,0.1,9,0,0,4.79337,31,,3000,3000,,0,0,0,1.6
1613618477096,6,1010123456020,70,,1,0,24,1,2,,13.6883,831,182849,2.87804,239,0,8,,0,0,0,0,0,0,0,0,0,,3000,3000,,0,0,0,0
1613618477346,6,1010123456020,70,,1,0,24,1,2,,13.6448,839,183017,2.88427,241,0,8,,0,0,0,0,0,0,0,0,0,,3000,3000,,0,0,0,0
1613618477596,6,1010123456020,70,,1,0,24,1,2,,12.9577,827,182713,2.63695,239,0,7.57143,,0,0,0,0,0,0,0,0,0,,3000,3000,,0,0,0,0
1613618477846,6,1010123456020,70,,1,0,24,1,2,,13.317,836,182905,2.78085,242,0,7.83333,,16,13,0,0,4,100,0,1.58771,0,,3000,3000,,0,0,0,10
1613618478096,6,1010123456020,70,,1,0,24,1,2,,13.8657,819,183984,2.91576,237,0,8,,0.1,29,0,0.1,8,25,0,1.51976,31,,3000,3000,,0,0,0,4.27586
1613618478346,6,1010123456020,70,,1,0,24,1,2,,13.2218,843,183728,2.74753,241,0,7.66667,,0.1,4,0,0.1,1,0,0,1.52003,31,,3000,3000,,0,0,0,1
1613618478596,6,1010123456020,70,,1,0,24,1,2,,13.1978,824,182577,2.71004,238,0,7.71429,,0.1,4,0,0.1,1,0,0,2.24808,31,,3000,3000,,0,0,0,1
1613618478846,6,1010123456020,70,,1,0,24,1,2,,13.8923,826,184032,2.92501,237,0,8,,0.1,57,0,0.1,16,12.5,0,5.24542,31,,3000,3000,,0,0,0,2.87719
1613618479096,6,1010123456020,70,,1,0,24,1,2,,13.5,844,183304,2.83647,241,0,7.83333,,0,6,0,0.1,2,0,0,0,31,,3000,3000,,0,0,0,0
1613618479346,6,1010123456020,70,,1,0,24,1,2,,13.2296,845,183912,2.71945,239,0,7.66667,,0,6,0,0.1,2,0,0,0,31,,3000,3000,,0,0,0,0
1613618479596,6,1010123456020,70,,1,0,24,1,2,,13.4104,848,183896,2.87113,244,0,7.71429,,0,0,0,0,0,0,0,0,0,,3000,3000,,0,0,0,0
1613618479846,6,1010123456020,70,,1,0,24,1,2,,13.1609,833,183340,2.70165,241,0,7.83333,,4.18182,55,0,0.1,16,43.75,0,6.17354,31,,3000,3000,,0,0,0,5.89091
1613618480096,6,1010123456020,70,,1,0,24,1,2,,13.6033,847,183045,2.91046,244,0,7.83333,,0,0,0,0,0,0,0,0,0,,3000,3000,,0,0,0,0
1613618480346,6,1010123456020,70,,1,0,24,1,2,,13.5455,847,183316,2.87338,242,0,7.83333,,0,0,0,0,0,0,0,0,0,,3000,3000,,0,0,0,0
1613618480596,6,1010123456020,70,,1,0,24,1,2,,12.7532,847,183248,2.6348,244,0,7.57143,,0,0,0,0,0,0,0,0,0,,3000,3000,,0,0,0,0
1613618480846,6,1010123456020,70,,1,0,24,1,2,,14.7174,814,182505,3.17063,238,0,8.33333,,15.378,82,0,0.114249,26,76.9231,0,8.66158,31,,3000,3000,,0,0,0,7.91463
1613618481096,6,1010123456020,70,,1,0,24,1,2,,13.4976,830,183600,2.76302,235,0,7.83333,,0,0,0,0,0,0,0,0,0,,3000,3000,,0,0,0,0
1613618481346,6,1010123456020,70,,1,0,24,1,2,,13.5467,845,183776,2.83939,240,0,7.83333,,0,3,0,0.1,1,0,0,0,31,,3000,3000,,0,0,0,0
1613618481596,6,1010123456020,70,,1,0,24,1,2,,13.2304,829,183896,2.71518,238,0,7.71429,,0.1,10,0,0.1,3,0,0,1.1243,31,,3000,3000,,0,0,0,3.3
1613618481847,6,1010123456020,70,,1,0,24,1,2,,14.0442,815,181527,2.95866,242,0,8.33333,,14.0597,67,0,0.235424,21,66.6667,0,7.85513,31,,3000,3000,,0,0,0,7.1791
1613618482096,6,1010123456020,70,,1,0,24,1,2,,13.8974,809,183213,2.97587,236,0,7.66667,,4.8,20,0,0.1,6,50,0,0.81287,31,,3000,2994,,0,0,0,6.2
1613618482346,6,1010123456020,70,,1,0,24,1,2,,12.7581,831,183217,2.55621,238,0,7.5,,0,0,0,0,0,0,0,0,0,,3000,3000,,0,0,0,0
1613618482596,6,1010123456020,70,,1,0,24,1,2,,13.7271,828,182129,2.88755,239,0,8,,0,0,0,0,0,0,0,0,0,,3000,3000,,0,0,0,0
1613618482846,6,1010123456020,70,,1,0,24,1,2,,13.5237,823,183424,2.83862,240,0,7.83333,,1.93939,33,0,0.1,9,0,0,10.7709,31,,3000,3000,,0,0,0,1.24242
1613618483096,6,1010123456020,70,,1,0,24,1,2,,13.8886,835,182633,2.96405,240,0,8,,0,0,0,0,0,0,0,0,0,,3000,3000,,0,0,0,0
1613618483346,6,1010123456020,70,,1,0,24,1,2,,13.4593,836,183105,2.78201,238,0,7.83333,,0,0,0,0,0,0,0,0,0,,3000,3000,,0,0,0,0
1613618483596,6,1010123456020,70,,1,0,24,1,2,,13.1794,853,183225,2.7804,244,0,7.57143,,0,0,0,0,0,0,0,0,0,,3000,3000,,0,0,0,0
1613618483846,6,1010123456020,70,,1,0,24,1,2,,13.6346,832,183177,2.81552,237,0,8,,15,16,0,0,4,100,0,2.1642,0,,3000,3000,,0,0,0,10
1613618484096,6,1010123456020,70,,1,0,24,1,2,,13.5464,851,183304,2.89854,245,0,7.83333,,0,0,0,0,0,0,0,0,0,,3000,3000,,0,0,0,0
1613618484346,6,1010123456020,70,,1,0,24,1,2,,13.2449,837,183568,2.73359,239,0,7.66667,,0.1,11,0,0.1,3,0,0,1.5374,31,,3000,3000,,0,0,0,4.63636
1613618484596,6,1010123456020,70,,1,0,24,1,2,,13.8762,848,184256,2.97208,242,0,8,,0,15,0,0.1,5,80,0,0,31,,3000,3000,,0,0,0,0
1613618484846,6,1010123456020,70,,1,0,24,1,2,,12.9156,818,183816,2.61973,239,0,7.5,,8.17021,47,0,0.1,15,53.3333,0,8.19462,31,,3000,3000,,0,0,0,5.59574
1613618485096,6,1010123456020,70,,1,0,24,1,2,,13.7025,827,183528,2.85973,237,0,8,,0.1,4,0,0.1,1,0,0,1.53837,31,,3000,3000,,0,0,0,1
1613618485346,6,1010123456020,70,,1,0,24,1,2,,13.8111,847,183968,2.96659,243,0,8,,0.1,4,0,0.1,1,0,0,24.7395,31,,3000,3000,,0,0,0,1
1613618485596,6,1010123456020,70,,1,0,24,1,2,,12.6864,826,182521,2.51994,237,0,7.57143,,0,12,0,0,4,100,0,0,0,,3000,3000,,0,0,0,0
1613618485846,6,1010123456020,70,,1,0,24,1,2,,13.6417,829,184120,2.88427,241,0,8,,9.2,95,0,0.1,28,67.8571,0,5.18237,31,,3000,3000,,0,0,0,7.44211
1613618486096,6,1010123456020,70,,1,0,24,1,2,,13.9252,842,183520,2.96867,240,0,8,,0,0,0,0,0,0,0,0,0,,3000,3000,,0,0,0,0
1613618486346,6,1010123456020,70,,1,0,24,1,2,,13.8349,848,183248,2.93346,240,0,8,,0,12,0,0,4,100,0,0,0,,3000,3000,,0,0,0,0
1613618486596,6,1010123456020,70,,1,0,24,1,2,,13.9201,839,184512,2.94368,238,0,8,,0,0,0,0,0,0,0,0,0,,3000,3000,,0,0,0,0
1613618486846,6,1010123456020,70,,1,0,24,1,2,,13.3361,839,183852,2.79377,240,0,7.66667,,0.1,23,0,0.1,7,0,0,5.06628,31,,3000,3000,,0,0,0,2.78261
1613618487096,6,1010123456020,70,,1,0,24,1,2,,13.7473,835,182957,2.86323,238,0,8,,0,0,0,0,0,0,0,0,0,,3000,3000,,0,0,0,0
1613618487346,6,1010123456020,70,,1,0,24,1,2,,13.8732,844,184028,2.9423,239,0,8,,0,3,0,0.1,1,0,0,0,31,,3000,3000,,0,0,0,0
1613618487596,6,1010123456020,70,,1,0,24,1,2,,13.7995,848,184148,2.94124,242,0,8,,0,6,0,0.1,2,0,0,0,31,,3000,3000,,0,0,0,0
1613618487846,6,1010123456020,70,,1,0,24,1,2,,13.8744,820,183069,2.9441,239,0,8,,4.48,50,0,0.1,15,26.6667,0,4.71794,31,,3000,3000,,0,0,0,3.92
1613618488096,6,1010123456020,70,,1,0,24,1,2,,13.526,846,183141,2.81327,239,0,7.83333,,0,0,0,0,0,0,0,0,0,,3000,3000,,0,0,0,0
1613618488346,6,1010123456020,70,,1,0,24,1,2,,13.7608,832,183404,2.88842,238,0,8,,0,0,0,0,0,0,0,0,0,,3000,3000,,0,0,0,0
1613618488596,6,1010123456020,70,,1,0,24,1,2,,13.4385,821,183244,2.76231,237,0,7.85714,,0,0,0,0,0,0,0,0,0,,3000,2994,,0,0,0,0
1613618488846,6,1010123456020,70,,1,0,24,1,2,,14.3942,832,183181,3.041,239,0,8,,0.1,56,0,0.1,17,52.9412,0,3.47513,31,,3000,3000,,0,0,0,5.73214
1613618489096,6,1010123456020,70,,1,0,24,1,2,,13.3878,851,182893,2.78625,242,0,7.83333,,0,0,0,0,0,0,0,0,0,,3000,3000,,0,0,0,0
1613618489346,6,1010123456020,70,,1,0,24,1,2,,13.9088,844,183580,2.95942,240,0,8,,0,0,0,0,0,0,0,0,0,,3000,3000,,0,0,0,0
1613618489596,6,1010123456020,70,,1,0,24,1,2,,13.595,847,183149,2.86371,241,0,8,,0,9,0,0.1,3,0,0,0,31,,3000,3000,,0,0,0,0
1613618489846,6,1010123456020,70,,1,0,24,1,2,,13.6221,831,184220,2.85198,240,0,8,,4.39024,41,0,0.1,12,41.6667,0,4.08471,31,,3000,3000,,0,0,0,4.70732
1613618490096,6,1010123456020,70,,1,0,24,1,2,,13.2245,833,183109,2.71467,238,0,7.66667,,0,0,0,0,0,0,0,0,0,,3000,3000,,0,0,0,0
1613618490346,6,1010123456020,70,,1,0,24,1,2,,13.4867,828,184084,2.79316,237,0,7.83333,,0,0,0,0,0,0,0,0,0,,3000,3000,,0,0,0,0
1613618490596,6,1010123456020,70,,1,0,24,1,2,,13.2674,819,184484,2.66133,234,0,7.85714,,0,0,0,0,0,0,0,0,0,,3000,3000,,0,0,0,0
1613618490846,6,1010123456020,70,,1,0,24,1,2,,14.8185,810,183980,3.20758,236,0,8.33333,,14.9697,66,0,0.1,20,80,0,6.81037,31,,3000,3000,,0,0,0,8.22727
1613618491096,6,1010123456020,70,,1,0,24,1,2,,12.1357,833,183077,2.48816,240,0,7.16667,,0,0,0,0,0,0,0,0,0,,3000,3000,,0,0,0,0
1613618491346,6,1010123456020,70,,1,0,24,1,2,,12.5245,835,183824,2.48556,239,0,7.5,,0,0,0,0,0,0,0,0,0,,3000,3000,,0,0,0,0
1613618491596,6,1010123456020,70,,1,0,24,1,2,,13.2053,828,183768,2.70233,238,0,7.71429,,0,0,0,0,0,0,0,0,0,,3000,3000,,0,0,0,0
1613618491846,6,1010123456020,70,,1,0,24,1,2,,13.8777,834,183880,2.97979,242,0,8,,0.1,24,0,0.1,7,0,0,4.67566,31,,3000,3000,,0,0,0,1.29167
1613618492096,6,1010123456020,70,,1,0,24,1,2,,13.1649,843,183756,2.71563,240,0,7.66667,,0,0,0,0,0,0,0,0,0,,3000,3000,,0,0,0,0
1613618492346,6,1010123456020,70,,1,0,24,1,2,,12.8124,853,183460,2.62037,243,0,7.5,,0,0,0,0,0,0,0,0,0,,3000,3000,,0,0,0,0
1613618492596,6,1010123456020,70,,1,0,24,1,2,,13.6131,840,183037,2.90063,242,0,7.85714,,15,16,0,0,4,100,0,1.2903,0,,3000,3000,,0,0,0,10
1613618492846,6,1010123456020,70,,1,0,24,1,2,,13.6097,843,184588,2.84556,240,0,8,,5.20312,64,0,0.1,18,44.4444,0,6.92599,31,,3000,3000,,0,0,0,5.10938
1613618493096,6,1010123456020,70,,1,0,24,1,2,,13.8486,839,183844,2.92235,238,0,8,,0,0,0,0,0,0,0,0,0,,3000,3000,,0,0,0,0
1613618493346,6,1010123456020,70,,1,0,24,1,2,,13.6087,851,182573,2.87852,242,0,7.83333,,0,0,0,0,0,0,0,0,0,,3000,3000,,0,0,0,0
1613618493596,6,1010123456020,70,,1,0,24,1,2,,13.2488,848,182605,2.76466,242,0,7.71429,,0,0,0,0,0,0,0,0,0,,3000,3000,,0,0,0,0
1613618493846,6,1010123456020,70,,1,0,24,1,2,,13.9082,850,183908,2.97655,241,0,8,,6.25581,43,0,0.1,13,30.7692,0,13.9637,31,,3000,3000,,0,0,0,3.65116
1613618494096,6,1010123456020,70,,1,0,24,1,2,,13.2124,838,182549,2.71534,239,0,7.66667,,0,12,0,0,4,100,0,0,0,,3000,3000,,0,0,0,0
1613618494346,6,1010123456020,70,,1,0,24,1,2,,14.1917,845,182981,2.96132,239,0,8,,0,0,0,0,0,0,0,0,0,,3000,3000,,0,0,0,0
1613618494596,6,1010123456020,70,,1,0,24,1,2,,13.8844,839,183197,2.93767,239,0,8,,0,3,0,0.1,1,0,0,0,31,,3000,3000,,0,0,0,0
1613618494846,6,1010123456020,70,,1,0,24,1,2,,13.6024,830,182909,2.8543,240,0,7.83333,,5.15217,46,0,0.1,13,30.7692,0,6.95931,31,,3000,3000,,0,0,0,4.69565
1613618495096,6,1010123456020,70,,1,0,24,1,2,,13.4047,845,183077,2.80392,240,0,7.83333,,0,6,0,0.1,2,0,0,0,31,,3000,3000,,0,0,0,0
1613618495346,6,1010123456020,70,,1,0,24,1,2,,13.1354,857,183372,2.74673,244,0,7.66667,,0,0,0,0,0,0,0,0,0,,3000,3000,,0,0,0,0
1613618495596,6,1010123456020,70,,1,0,24,1,2,,12.8353,844,183820,2.60447,240,0,7.42857,,0,0,0,0,0,0,0,0,0,,3000,3000,,0,0,0,0
1613618495846,6,1010123456020,70,,1,0,24,1,2,,13.2024,835,183580,2.68861,239,0,7.83333,,0.1,34,0,0.1,10,20,0,1.63857,31,,3000,3000,,0,0,0,4.08824
1613618496096,6,1010123456020,70,,1,0,24,1,2,,13.9016,823,183844,2.93751,238,0,8,,0,0,0,0,0,0,0,0,0,,3000,3000,,0,0,0,0
1613618496346,6,1010123456020,70,,1,0,24,1,2,,12.7872,846,184016,2.62635,241,0,7.5,,0,0,0,0,0,0,0,0,0,,3000,3000,,0,0,0,0
1613618496596,6,1010123456020,70,,1,0,24,1,2,,13.3567,827,183536,2.72392,238,0,7.85714,,0,3,0,0.1,1,0,0,0,31,,3000,3000,,0,0,0,0
1613618496846,6,1010123456020,70,,1,0,24,1,2,,13.042,834,183664,2.62712,237,0,7.66667,,0.1,38,0,0.1,11,0,0,2.12489,31,,3000,3000,,0,0,0,1.60526
1613618497096,6,1010123456020,70,,1,0,24,1,2,,13.5796,854,183784,2.88614,243,0,7.83333,,0,3,0,0.1,1,0,0,0,31,,3000,3000,,0,0,0,0
1613618497346,6,1010123456020,70,,1,0,24,1,2,,13.9026,852,183512,2.99383,243,0,8,,0,3,0,0.1,1,0,0,0,0,,3000,2994,,0,0,0,0
1613618497596,6,1010123456020,70,,1,0,24,1,2,,13.5757,839,184096,2.83692,239,0,7.85714,,0,6,0,0.1,2,0,0,0,31,,3000,3000,,0,0,0,0
1613618497846,6,1010123456020,70,,1,0,24,1,2,,13.5432,845,184064,2.83373,240,0,7.83333,,0.1,28,0,0.1,8,0,0,4.91672,31,,3000,3000,,0,0,0,1.14286
1613618498096,6,1010123456020,70,,1,0,24,1,2,,13.4477,851,183209,2.83936,243,0,7.83333,,0,9,0,0.1,3,0,0,0,31,,3000,3000,,0,0,0,0
1613618498346,6,1010123456020,70,,1,0,24,1,2,,13.2813,846,182841,2.77513,240,0,7.66667,,0,0,0,0,0,0,0,0,0,,3000,3000,,0,0,0,0
1613618498596,6,1010123456020,70,,1,0,24,1,2,,13.1855,825,183784,2.66593,237,0,7.83333,,0,0,0,0,0,0,0,0,0,,3000,3000,,0,0,0,0
1613618498846,6,1010123456020,70,,1,0,24,1,2,,13.3908,824,182529,2.78088,239,0,7.83333,,7.34615,52,0,0.1,15,40,0,9.39683,31,,3000,3000,,0,0,0,4.75
1613618499096,6,1010123456020,70,,1,0,24,1,2,,13.2985,841,182721,2.7592,240,0,7.66667,,0,0,0,0,0,0,0,0,0,,3000,3000,,0,0,0,0
1613618499346,6,1010123456020,70,,1,0,24,1,2,,13.8998,838,182881,2.96867,240,0,8,,0,0,0,0,0,0,0,0,0,,3000,3000,,0,0,0,0
1613618499596,6,1010123456020,70,,1,0,24,1,2,,13.5711,823,183656,2.82904,238,0,7.85714,,0,0,0,0,0,0,0,0,0,,3000,3000,,0,0,0,0
1613618499846,6,1010123456020,70,,1,0,24,1,2,,13.5539,807,182737,2.81594,238,0,7.83333,,0.1,27,0,0.1,8,12.5,0,4.98827,31,,3000,3000,,0,0,0,3.44444
1613618500096,6,1010123456020,70,,1,0,24,1,2,,13.9188,837,184000,2.95772,239,0,8,,0,3,0,0.1,1,0,0,0,31,,3000,3000,,0,0,0,0
1613618500346,6,1010123456020,70,,1,0,24,1,2,,13.2482,826,183456,2.73378,237,0,7.66667,,0.1,4,0,0.1,1,0,0,1.68667,31,,3000,3000,,0,0,0,1
1613618500596,6,1010123456020,70,,1,0,24,1,2,,13.8629,846,183312,2.98011,244,0,8,,0.1,4,0,0.1,1,0,0,29.3522,31,,3000,3000,,0,0,0,1
1613618500846,6,1010123456020,70,,1,0,24,1,2,,13.6775,828,184248,2.84369,238,0,8,,0,12,0,0,4,100,0,0,0,,3000,2994,,0,0,0,0
1613618501096,6,1010123456020,70,,1,0,24,1,2,,13.7682,837,182977,2.93362,241,0,8,,0.1,11,0,0.1,3,0,0,2.15694,31,,3000,3000,,0,0,0,1.36364
1613618501346,6,1010123456020,70,,1,0,24,1,2,,13.5554,839,183936,2.86037,241,0,7.83333,,0,0,0,0,0,0,0,0,0,,3000,3000,,0,0,0,0
1613618501596,6,1010123456020,70,,1,0,24,1,2,,13.2455,835,184168,2.74712,240,0,7.71429,,0,0,0,0,0,0,0,0,0,,3000,3000,,0,0,0,0
1613618501846,6,1010123456020,70,,1,0,24,1,2,,13.4074,815,183105,2.7404,235,0,7.83333,,0.1,28,0,0.1,8,0,0,5.6563,31,,3000,3000,,0,0,0,1.85714
1613618502096,6,1010123456020,70,,1,0,24,1,2,,13.8539,835,183264,2.92867,239,0,8,,0.1,7,0,0.1,2,0,0,2.46961,31,,3000,3000,,0,0,0,1
1613618502346,6,1010123456020,70,,1,0,24,1,2,,13.7366,839,183856,2.91974,241,0,8,,0,0,0,0,0,0,0,0,0,,3000,3000,,0,0,0,0
1613618502596,6,1010123456020,70,,1,0,24,1,2,,13.9115,847,184064,2.9875,242,0,8,,0,9,0,0.1,3,0,0,0,31,,3000,3000,,0,0,0,0
1613618502846,6,1010123456020,70,,1,0,24,1,2,,13.7921,837,182793,2.92575,240,0,8,,5.2093,43,0,0.1,13,30.7692,0,5.46058,31,,3000,3000,,0,0,0,4.51163
1613618503096,6,1010123456020,70,,1,0,24,1,2,,13.8131,824,183672,2.9148,239,0,8,,0.1,8,0,0.1,2,50,0,0.391575,31,,3000,3000,,0,0,0,7.5
1613618503346,6,1010123456020,70,,1,0,24,1,2,,13.8671,835,184080,2.91113,237,0,8,,0,0,0,0,0,0,0,0,0,,3000,3000,,0,0,0,0
1613618503596,6,1010123456020,70,,1,0,24,1,2,,13.2667,851,183600,2.76877,242,0,7.71429,,0,0,0,0,0,0,0,0,0,,3000,3000,,0,0,0,0
1613618503846,6,1010123456020,70,,1,0,24,1,2,,13.0916,841,183356,2.69131,239,0,7.5,,0.1,32,0,0.1,9,11.1111,0,3.53919,31,,3000,2994,,0,0,0,2.65625
1613618504096,6,1010123456020,70,,1,0,24,1,2,,13.3077,845,183300,2.73375,240,0,7.83333,,0,6,0,0.1,2,0,0,0,31,,3000,3000,,0,0,0,0
1613618504346,6,1010123456020,70,,1,0,24,1,2,,13.8637,844,182605,2.95958,241,0,8,,0,0,0,0,0,0,0,0,0,,3000,3000,,0,0,0,0
1613618504596,6,1010123456020,70,,1,0,24,1,2,,13.8991,842,183772,2.96884,241,0,8,,0,6,0,0.1,2,0,0,0,31,,3000,3000,,0,0,0,0
1613618504846,6,1010123456020,70,,1,0,24,1,2,,13.5313,830,183252,2.83708,240,0,7.83333,,3.2,50,0,0.1,15,13.3333,0,15.123,31,,3000,3000,,0,0,0,1.9
1613618505096,6,1010123456020,70,,1,0,24,1,2,,13.8671,843,182989,2.94554,240,0,8,,0,0,0,0,0,0,0,0,0,,3000,3000,,0,0,0,0
1613618505346,6,1010123456020,70,,1,0,24,1,2,,13.5207,847,183149,2.84623,241,0,7.83333,,0,0,0,0,0,0,0,0,0,,3000,3000,,0,0,0,0
1613618505596,6,1010123456020,70,,1,0,24,1,2,,11.8088,837,183584,2.4818,238,0,7.14286,,0,15,0,0.1,5,80,0,0,31,,3000,3000,,0,0,0,0
1613618505846,6,1010123456020,70,,1,0,24,1,2,,10.9168,829,183369,2.29475,240,0,6.66667,,3,35,0,0.1,10,0,0,16.5906,31,,3000,3000,,0,0,0,1.17143
1613618506096,6,1010123456020,70,,1,0,24,1,2,,13.03,833,183377,2.65047,240,0,7.66667,,12.6316,19,0,0.1,5,80,0,5.69312,31,,3000,3000,,0,0,0,8.57895
1613618506346,6,1010123456020,70,,1,0,24,1,2,,14.4839,839,184553,3.07097,240,0,8.16667,,0.1,4,0,0.1,1,0,0,1.64877,31,,3000,3000,,0,0,0,1
1613618506596,6,1010123456020,70,,1,0,24,1,2,,12.8903,839,183841,2.65054,242,0,7.57143,,0,0,0,0,0,0,0,0,0,,3000,3000,,0,0,0,0
1613618506846,6,1010123456020,70,,1,0,24,1,2,,13.4817,845,182726,2.83505,241,0,7.83333,,0.1,33,0,0.1,10,0,0,3.82318,31,,3000,3000,,0,0,0,1.36364
1613618507096,6,1010123456020,70,,1,0,24,1,2,,13.7476,840,184445,2.93712,242,0,8,,0,0,0,0,0,0,0,0,0,,3000,3000,,0,0,0,0
1613618507346,6,1010123456020,70,,1,0,24,1,2,,13.3995,841,184277,2.78618,240,0,7.83333,,0,6,0,0.1,2,0,0,0,31,,3000,3000,,0,0,0,0
1613618507596,6,1010123456020,70,,1,0,24,1,2,,13.5492,834,182718,2.84607,240,0,7.85714,,0.1,12,0,0.1,3,33.3333,0,0.923243,31,,3000,3000,,0,0,0,4.33333
1613618507846,6,1010123456020,70,,1,0,24,1,2,,13.8614,837,184069,2.98612,243,0,8,,1.5,30,0,0.1,9,0,0,10.9203,31,,3000,3000,,0,0,0,1.2
1613618508096,6,1010123456020,70,,1,0,24,1,2,,13.4673,826,184277,2.80257,238,0,7.83333,,0,0,0,0,0,0,0,0,0,,3000,3000,,0,0,0,0
1613618508346,6,1010123456020,70,,1,0,24,1,2,,13.7892,830,183581,2.90271,239,0,8,,15,16,0,0,4,100,0,2.58103,0,,3000,3000,,0,0,0,10
1613618508596,6,1010123456020,70,,1,0,24,1,2,,13.7376,846,184453,2.92479,242,0,8,,0,9,0,0.1,3,0,0,0,31,,3000,3000,,0,0,0,0
1613618508846,6,1010123456020,70,,1,0,24,1,2,,13.4887,837,183413,2.86522,244,0,7.83333,,8.72727,11,0,0.1,3,0,0,31.5281,31,,3000,3000,,0,0,0,1
1613618509096,6,1010123456020,70,,1,0,24,1,2,,13.5988,845,183006,2.87065,241,0,7.83333,,0,12,0,0,4,100,0,0,0,,3000,3000,,0,0,0,0
1613618509346,6,1010123456020,70,,1,0,24,1,2,,13.4731,835,182314,2.80877,239,0,7.83333,,0,0,0,0,0,0,0,0,0,,3000,3000,,0,0,0,0
1613618509596,6,1010123456020,70,,1,0,24,1,2,,12.8578,823,183361,2.58239,237,0,7.57143,,0,0,0,0,0,0,0,0,0,,3000,3000,,0,0,0,0
1613618509846,6,1010123456020,70,,1,0,24,1,2,,13.3806,833,182994,2.83071,242,0,7.66667,,5.47368,38,0,0.1,11,36.3636,0,10.1389,31,,3000,3000,,0,0,0,4.07895
1613618510096,6,1010123456020,70,,1,0,24,1,2,,13.7336,841,182706,2.87923,240,0,8,,0,0,0,0,0,0,0,0,0,,3000,3000,,0,0,0,0
1613618510346,6,1010123456020,70,,1,0,24,1,2,,13.4036,830,183082,2.78834,239,0,7.83333,,0.1,4,0,0.1,1,0,0,0.910682,31,,3000,3000,,0,0,0,2
1613618510596,6,1010123456020,70,,1,0,24,1,2,,13.5811,838,183745,2.86834,241,0,7.85714,,0.1,4,0,0.1,1,0,0,1.34931,31,,3000,3000,,0,0,0,2
1613618510846,6,1010123456020,70,,1,0,24,1,2,,14.4167,816,179987,3.10233,240,0,8.16667,,14.5604,91,0,0.137124,29,82.7586,0,5.12202,31,,3000,2994,,0,0,0,8.31868
1613618511096,6,1010123456020,70,,1,0,24,1,2,,13.5566,848,183945,2.87004,242,0,7.83333,,0,0,0,0,0,0,0,0,0,,3000,3000,,0,0,0,0
1613618511346,6,1010123456020,70,,1,0,24,1,2,,13.8478,841,182818,2.91309,238,0,8,,0,6,0,0.1,2,50,0,0,31,,3000,3000,,0,0,0,0
1613618511596,6,1010123456020,70,,1,0,24,1,2,,13.8109,825,183753,2.91284,238,0,8,,0.1,4,0,0.1,1,0,0,1.87002,31,,3000,3000,,0,0,0,2
1613618511846,6,1010123456020,70,,1,0,24,1,2,,13.721,846,183337,2.89995,241,0,8,,7.23529,68,0,0.1,19,57.8947,0,4.46958,31,,3000,3000,,0,0,0,7
1613618512096,6,1010123456020,70,,1,0,24,1,2,,14.2073,854,183425,3.02535,244,0,8,,0,3,0,0.1,1,0,0,0,31,,3000,3000,,0,0,0,0
1613618512346,6,1010123456020,70,,1,0,24,1,2,,13.9237,839,183441,2.98271,241,0,8,,0,6,0,0.1,2,0,0,0,31,,3000,3000,,0,0,0,0
1613618512596,6,1010123456020,70,,1,0,24,1,2,,13.8219,842,184081,2.96591,242,0,8,,0,0,0,0,0,0,0,0,0,,3000,3000,,0,0,0,0
1613618512846,6,1010123456020,70,,1,0,24,1,2,,15.0478,837,184049,3.34956,243,0,8.5,,13.3913,69,0,0.1,21,76.1905,0,6.59324,31,,3000,3000,,0,0,0,8.04348
1613618513096,6,1010123456020,70,,1,0,24,1,2,,12.9807,828,183897,2.62095,237,0,7.5,,0.1,4,0,0.1,1,0,0,0.757839,31,,3000,3000,,0,0,0,2
1613618513346,6,1010123456020,70,,1,0,24,1,2,,14.4795,830,183265,3.02541,238,0,8.16667,,0.1,4,0,0.1,1,0,0,1.58873,31,,3000,3000,,0,0,0,1
1613618513596,6,1010123456020,70,,1,0,24,1,2,,13.7878,853,183897,2.98705,244,0,8,,0,6,0,0.1,2,0,0,0,31,,3000,3000,,0,0,0,0
1613618513846,6,1010123456020,70,,1,0,24,1,2,,13.8249,851,183345,2.95512,242,0,8,,0.1,27,0,0.1,8,0,0,1.38096,31,,3000,3000,,0,0,0,1.66667
1613618514096,6,1010123456020,70,,1,0,24,1,2,,13.399,837,183617,2.82104,241,0,7.66667,,0,3,0,0.1,1,0,0,0,31,,3000,3000,,0,0,0,0
1613618514346,6,1010123456020,70,,1,0,24,1,2,,13.5148,845,162185,2.81163,240,0,7.83333,,0,0,0,0,0,0,0,0,0,,3000,3000,,0,0,0,0
1613618514596,6,1010123456020,70,,1,0,24,1,2,,13.6873,838,74080,2.88241,239,0,7.85714,,0,3,0,0.1,1,0,0,0,31,,3000,3000,,0,0,0,0
1613618514846,6,1010123456020,70,,1,0,24,1,2,,13.9962,781,49,2.46814,225,0,8,,2.91667,36,0,0.1,10,0,0,12.7452,31,,2375,2454,,0,0,0,1
1613618515096,6,1010123456020,70,,1,0,24,1,2,,0,3,0,0.0353414,8,0,8,,0,0,0,0,0,0,0,0,0,,3,3,,0,0,0,0
1613618515346,6,1010123456020,70,,1,0,24,1,2,,0,0,0,0,0,0,8,,0,0,0,0,0,0,0,0,0,,0,0,,0,0,0,0
1613618515596,6,1010123456020,70,,1,0,24,1,2,,0,0,0,0,0,0,8,,0,0,0,0,0,0,0,0,0,,0,0,,0,0,0,0
1613618515846,6,1010123456020,70,,1,0,24,1,2,,0,0,0,0,0,0,8,,0,0,0,0,0,0,0,0,0,,0,0,,0,0,0,0
1613618516096,6,1010123456020,70,,1,0,24,1,2,,0,0,0,0,0,0,7.83333,,0,0,0,0,0,0,0,0,0,,0,0,,0,0,0,0
1613618516346,6,1010123456020,70,,1,0,24,1,2,,0,0,0,0,0,0,8,,0,0,0,0,0,0,0,0,0,,0,0,,0,0,0,0
1613618516596,6,1010123456020,70,,1,0,24,1,2,,0,0,0,0,0,0,8,,0,0,0,0,0,0,0,0,0,,0,0,,0,0,0,0
1613618516846,6,1010123456020,70,,1,0,24,1,2,,0,0,0,0,0,0,8,,0,0,0,0,0,0,0,0,0,,0,0,,0,0,0,0
1613618517096,6,1010123456020,70,,1,0,24,1,2,,0,0,0,0,0,0,8,,0,0,0,0,0,0,0,0,0,,0,0,,0,0,0,0
1613618517346,6,1010123456020,70,,1,0,24,1,2,,0,0,0,0,0,0,7.25,,0,0,0,0,0,0,0,0,0,,0,0,,0,0,0,0
1613618517596,6,1010123456020,70,,1,0,24,1,2,,0,0,0,0,0,0,8,,0,0,0,0,0,0,0,0,0,,0,0,,0,0,0,0
1613618517846,6,1010123456020,70,,1,0,24,1,2,,0,0,0,0,0,0,8,,0,0,0,0,0,0,0,0,0,,0,0,,0,0,0,0
1613618518096,6,1010123456020,70,,1,0,24,1,2,,0,0,0,0,0,0,8,,0,0,0,0,0,0,0,0,0,,0,0,,0,0,0,0
1613618518346,6,1010123456020,70,,1,0,24,1,2,,0,0,0,0,0,0,8,,0,0,0,0,0,0,0,0,0,,0,0,,0,0,0,0
1613618518596,6,1010123456020,70,,1,0,24,1,2,,0,0,0,0,0,0,7.85714,,0,0,0,0,0,0,0,0,0,,0,0,,0,0,0,0
1613618518846,6,1010123456020,70,,1,0,24,1,2,,0,0,0,0,0,0,8,,0,0,0,0,0,0,0,0,0,,0,0,,0,0,0,0
1613618519096,6,1010123456020,70,,1,0,24,1,2,,0,0,0,0,0,0,8,,0,0,0,0,0,0,0,0,0,,0,0,,0,0,0,0
1613618519346,6,1010123456020,70,,1,0,24,1,2,,0,0,0,0,0,0,8.16667,,0,0,0,0,0,0,0,0,0,,0,0,,0,0,0,0
1613618519596,6,1010123456020,70,,1,0,24,1,2,,0,0,0,0,0,0,7.42857,,0,0,0,0,0,0,0,0,0,,0,0,,0,0,0,0
1613618519846,6,1010123456020,70,,1,0,24,1,2,,0,0,0,0,0,0,8.2,,0,0,0,0,0,0,0,0,0,,0,0,,0,0,0,0
1613618520096,6,1010123456020,70,,1,0,24,1,2,,0,0,0,0,0,0,8,,0,0,0,0,0,0,0,0,0,,0,0,,0,0,0,0
1613618520346,6,1010123456020,70,,1,0,24,1,2,,0,0,0,0,0,0,11,,0,0,0,0,0,0,0,0,0,,0,0,,0,0,0,0
1613618520596,6,1010123456020,70,,1,0,24,1,2,,0,0,0,0,0,0,3,,0,0,0,0,0,0,0,0,0,,0,0,,0,0,0,0
1613618520846,6,1010123456020,70,,1,0,24,1,2,,0,0,0,0,0,0,8,,0,0,0,0,0,0,0,0,0,,0,0,,0,0,0,0
1613618521096,6,1010123456020,70,,1,0,24,1,2,,0,0,0,0,0,0,7,,0,0,0,0,0,0,0,0,0,,0,0,,0,0,0,0
1613618521346,6,1010123456020,70,,1,0,24,1,2,,0,0,0,0,0,0,14,,0,0,0,0,0,0,0,0,0,,0,0,,0,0,0,0
1613618521596,6,1010123456020,70,,1,0,24,1,2,,0,0,0,0,0,0,9,,0,0,0,0,0,0,0,0,0,,0,0,,0,0,0,0
1613618521846,6,1010123456020,70,,1,0,24,1,2,,0,0,0,0,0,0,2,,0,0,0,0,0,0,0,0,0,,0,0,,0,0,0,0
1613618522096,6,1010123456020,70,,1,0,24,1,2,,0,0,0,0,0,0,7.33333,,0,0,0,0,0,0,0,0,0,,0,0,,0,0,0,0
1613618522346,6,1010123456020,70,,1,0,24,1,2,,0,0,0,0,0,0,0.1,,0,0,0,0,0,0,0,0,0,,0,0,,0,0,0,0
1613618522596,6,1010123456020,70,,1,0,24,1,2,,0,0,0,0,0,0,3.66667,,0,0,0,0,0,0,0,0,0,,0,0,,0,0,0,0
1613618522846,6,1010123456020,70,,1,0,24,1,2,,0,0,0,0,0,0,5.75,,0,0,0,0,0,0,0,0,0,,0,0,,0,0,0,0
1613618523096,6,1010123456020,70,,1,0,24,1,2,,0,0,0,0,0,0,9.25,,0,0,0,0,0,0,0,0,0,,0,0,,0,0,0,0
1613618523346,6,1010123456020,70,,1,0,24,1,2,,0,0,0,0,0,0,5.33333,,0,0,0,0,0,0,0,0,0,,0,0,,0,0,0,0
1613618523596,6,1010123456020,70,,1,0,24,1,2,,0,0,0,0,0,0,1.5,,0,0,0,0,0,0,0,0,0,,0,0,,0,0,0,0
1613618523846,6,1010123456020,70,,1,0,24,1,2,,0,0,0,0,0,0,10,,0,0,0,0,0,0,0,0,0,,0,0,,0,0,0,0
1613618524096,6,1010123456020,70,,1,0,24,1,2,,0,0,0,0,0,0,4.66667,,0,0,0,0,0,0,0,0,0,,0,0,,0,0,0,0
1613618524346,6,1010123456020,70,,1,0,24,1,2,,0,0,0,0,0,0,4.33333,,0,0,0,0,0,0,0,0,0,,0,0,,0,0,0,0
1613618524596,6,1010123456020,70,,1,0,24,1,2,,0,0,0,0,0,0,6.5,,0,0,0,0,0,0,0,0,0,,0,0,,0,0,0,0
1613618524846,6,1010123456020,70,,1,0,24,1,2,,0,0,0,0,0,0,4,,0,0,0,0,0,0,0,0,0,,0,0,,0,0,0,0
1613618525096,6,1010123456020,70,,1,0,24,1,2,,0,0,0,0,0,0,6.5,,0,0,0,0,0,0,0,0,0,,0,0,,0,0,0,0
1613618525346,6,1010123456020,70,,1,0,24,1,2,,0,0,0,0,0,0,10,,0,0,0,0,0,0,0,0,0,,0,0,,0,0,0,0
1613618525596,6,1010123456020,70,,1,0,24,1,2,,0,0,0,0,0,0,4.25,,0,0,0,0,0,0,0,0,0,,0,0,,0,0,0,0
1613618525846,6,1010123456020,70,,1,0,24,1,2,,0,0,0,0,0,0,4,,0,0,0,0,0,0,0,0,0,,0,0,,0,0,0,0
1613618526096,6,1010123456020,70,,1,0,24,1,2,,0,0,0,0,0,0,11,,0,0,0,0,0,0,0,0,0,,0,0,,0,0,0,0
1613618526346,6,1010123456020,70,,1,0,24,1,2,,0,0,0,0,0,0,8,,0,0,0,0,0,0,0,0,0,,0,0,,0,0,0,0
