time,cc,pci,earfcn,rsrp,pl,cfo,dl_mcs,dl_snr,dl_turbo,dl_brate,dl_bler,ul_ta,ul_mcs,ul_buff,ul_brate,ul_bler,rf_o,rf_u,rf_l,is_attached
0,0,0,4294967295,0.0,0.0,0.0,0.0,0.0,0.0,0.0,0.0,0.0,0.0,0.0,0.0,0.0,0.0,0.0,0.0,0.0
249,0,0,3400,0.0,0.0,0.0,0.0,0.0,0.0,0.0,0.0,0.0,0.0,0.0,0.0,0.0,0.0,0.0,0.0,0.0
498,0,0,3400,0.0,0.0,0.0,0.0,0.0,0.0,0.0,0.0,0.0,0.0,0.0,0.0,0.0,0.0,0.0,0.0,0.0
747,0,1,3400,-52,52,-324,0.37,19,0.093,585,0,0.0,0.0,0.0,0.0,0.0,0.0,0.0,0.0,0.0
996,0,1,3400,-52,52,-300,1.5,20,0.33,2358.565674,0,0.0,0.0,33,223,0,0.0,0.0,0.0,1.0
1245,0,1,3400,-52,52,-300,2.0,18,0.50,0.0,0.0,1.0,0.18,0.0,0.0,0,0.0,0.0,0.0,1.0
1494,0,1,3400,-52,52,-300,2.7,18,0.50,2262.948242,0,1.0,12,0.0,36430.277344,0,0.0,0.0,0.0,1.0
1743,0,1,3400,-52,52,-298,2.6,19,0.50,1721.115479,0,2.1,12,34,20366.533203,0,0.0,0.0,0.0,1.0
1992,0,1,3400,-52,52,-297,1.6,19,0.50,5545.816895,0,2.1,8.1,0.0,62310.757812,0,0.0,0.0,0.0,1.0
2241,0,1,3400,-52,52,-303,3.4,18,0.50,1816.733032,0,2.1,9.3,0.0,18007.968750,0,0.0,0.0,0.0,1.0
2490,0,1,3400,-52,52,-302,4.5,19,0.50,0.0,0.0,2.1,12,0.0,101928.289062,0,0.0,0.0,0.0,1.0
2739,0,1,3400,-52,52,-303,4.5,18,0.50,0.0,0.0,2.1,12,0.0,16988.046875,0,0.0,0.0,0.0,1.0
2988,0,1,3400,-52,52,-296,4.5,19,0.50,0.0,0.0,2.1,12,0.0,0.0,0.0,0.0,0.0,0.0,1.0
3237,0,1,3400,-52,52,-295,4.5,18,0.50,0.0,0.0,2.1,12,0.0,0.0,0.0,0.0,0.0,0.0,1.0
3486,0,1,3400,-52,52,-298,4.5,18,0.50,0.0,0.0,2.1,12,0.0,0.0,0.0,0.0,0.0,0.0,1.0
3735,0,1,3400,-52,52,-300,4.5,17,0.50,0.0,0.0,2.1,12,0.0,0.0,0.0,0.0,0.0,0.0,1.0
3984,0,1,3400,-52,52,-301,4.5,19,0.50,0.0,0.0,2.1,12,0.0,0.0,0.0,0.0,0.0,0.0,1.0
4233,0,1,3400,-52,52,-301,4.5,18,0.50,0.0,0.0,2.1,12,0.0,0.0,0.0,0.0,0.0,0.0,1.0
4482,0,1,3400,-52,52,-297,4.5,19,0.50,0.0,0.0,2.1,12,0.0,0.0,0.0,0.0,0.0,0.0,1.0
4731,0,1,3400,-52,52,-303,4.5,19,0.50,0.0,0.0,2.1,12,0.0,0.0,0.0,0.0,0.0,0.0,1.0
4980,0,1,3400,-52,52,-306,4.5,19,0.50,0.0,0.0,2.1,12,0.0,0.0,0.0,0.0,0.0,0.0,1.0
5229,0,1,3400,-52,52,-297,4.5,17,0.50,0.0,0.0,2.1,12,0.0,0.0,0.0,0.0,0.0,0.0,1.0
5478,0,1,3400,-52,52,-295,4.5,18,0.50,0.0,0.0,2.1,12,0.0,0.0,0.0,0.0,0.0,0.0,1.0
5727,0,1,3400,-52,52,-299,4.5,19,0.50,0.0,0.0,2.1,12,0.0,0.0,0.0,0.0,0.0,0.0,1.0
5976,0,1,3400,-52,52,-302,4.5,18,0.50,0.0,0.0,2.1,12,0.0,0.0,0.0,0.0,0.0,0.0,1.0
6225,0,1,3400,-52,52,-302,4.5,18,0.50,0.0,0.0,2.1,12,0.0,0.0,0.0,0.0,0.0,0.0,1.0
6474,0,1,3400,-52,52,-300,4.5,18,0.50,0.0,0.0,2.1,12,0.0,0.0,0.0,0.0,0.0,0.0,1.0
6723,0,1,3400,-52,52,-300,4.5,18,0.50,0.0,0.0,2.1,12,0.0,0.0,0.0,0.0,0.0,0.0,1.0
6972,0,1,3400,-52,52,-297,4.5,18,0.50,0.0,0.0,2.1,12,0.0,0.0,0.0,0.0,0.0,0.0,1.0
7221,0,1,3400,-52,52,-296,4.5,18,0.50,0.0,0.0,2.1,12,0.0,0.0,0.0,0.0,0.0,0.0,1.0
7470,0,1,3400,-52,52,-294,4.5,18,0.50,0.0,0.0,2.1,12,0.0,0.0,0.0,0.0,0.0,0.0,1.0
7719,0,1,3400,-52,52,-295,4.5,18,0.50,0.0,0.0,2.1,12,0.0,0.0,0.0,0.0,0.0,0.0,1.0
7968,0,1,3400,-52,52,-297,4.5,18,0.50,0.0,0.0,2.1,12,0.0,0.0,0.0,0.0,0.0,0.0,1.0
8218,0,1,3400,-52,52,-298,4.5,18,0.50,0.0,0.0,2.1,12,0.0,0.0,0.0,0.0,0.0,0.0,1.0
8467,0,1,3400,-52,52,-297,4.5,18,0.50,0.0,0.0,2.1,12,0.0,0.0,0.0,0.0,0.0,0.0,1.0
8716,0,1,3400,-52,52,-296,4.5,17,0.50,0.0,0.0,2.1,11,0.0,0.0,0.0,0.0,0.0,0.0,1.0
8965,0,1,3400,-52,52,-302,4.5,18,0.50,0.0,0.0,2.1,12,0.0,0.0,0.0,0.0,0.0,0.0,1.0
9214,0,1,3400,-52,52,-297,4.5,18,0.50,0.0,0.0,2.1,12,0.0,0.0,0.0,0.0,0.0,0.0,1.0
9463,0,1,3400,-52,52,-298,4.5,18,0.50,0.0,0.0,2.1,11,0.0,0.0,0.0,0.0,0.0,0.0,1.0
9712,0,1,3400,-52,52,-298,4.5,18,0.50,0.0,0.0,2.1,12,0.0,0.0,0.0,0.0,0.0,0.0,1.0
9961,0,1,3400,-52,52,-301,4.5,19,0.50,0.0,0.0,2.1,12,0.0,0.0,0.0,0.0,0.0,0.0,1.0
10210,0,1,3400,-52,52,-300,4.5,18,0.50,0.0,0.0,2.1,13,0.0,16988.046875,0,0.0,0.0,0.0,1.0
10459,0,1,3400,-52,52,-297,4.5,17,0.50,0.0,0.0,2.1,15,0.0,0.0,0.0,0.0,0.0,0.0,1.0
10708,0,1,3400,-52,52,-300,4.5,18,0.50,0.0,0.0,2.1,15,0.0,0.0,0.0,0.0,0.0,0.0,1.0
10957,0,1,3400,-52,52,-296,4.5,18,0.50,0.0,0.0,2.1,15,0.0,0.0,0.0,0.0,0.0,0.0,1.0
11206,0,1,3400,-52,52,-298,4.5,18,0.50,0.0,0.0,2.1,15,0.0,0.0,0.0,0.0,0.0,0.0,1.0
11455,0,1,3400,-52,52,-299,4.5,18,0.50,0.0,0.0,2.1,15,0.0,0.0,0.0,0.0,0.0,0.0,1.0
11704,0,1,3400,-52,52,-299,4.5,18,0.50,0.0,0.0,2.1,15,0.0,0.0,0.0,0.0,0.0,0.0,1.0
11953,0,1,3400,-52,52,-296,4.5,18,0.50,0.0,0.0,2.1,15,0.0,0.0,0.0,0.0,0.0,0.0,1.0
12202,0,1,3400,-52,52,-296,4.5,18,0.50,0.0,0.0,2.1,15,0.0,0.0,0.0,0.0,0.0,0.0,1.0
12451,0,1,3400,-52,52,-296,4.5,19,0.50,0.0,0.0,2.1,15,0.0,0.0,0.0,0.0,0.0,0.0,1.0
12700,0,1,3400,-52,52,-295,4.5,19,0.50,0.0,0.0,2.1,15,0.0,0.0,0.0,0.0,0.0,0.0,1.0
12949,0,1,3400,-52,52,-295,4.5,19,0.50,0.0,0.0,2.1,15,0.0,0.0,0.0,0.0,0.0,0.0,1.0
13198,0,1,3400,-52,52,-298,4.5,18,0.50,0.0,0.0,2.1,15,0.0,0.0,0.0,0.0,0.0,0.0,1.0
13447,0,1,3400,-52,52,-298,4.5,18,0.50,0.0,0.0,2.1,15,0.0,0.0,0.0,0.0,0.0,0.0,1.0
13696,0,1,3400,-52,52,-297,4.5,18,0.50,0.0,0.0,2.1,15,0.0,0.0,0.0,0.0,0.0,0.0,1.0
13945,0,1,3400,-52,52,-297,4.5,18,0.50,0.0,0.0,2.1,15,0.0,0.0,0.0,0.0,0.0,0.0,1.0
14194,0,1,3400,-52,52,-301,4.5,18,0.50,0.0,0.0,2.1,15,0.0,0.0,0.0,0.0,0.0,0.0,1.0
14443,0,1,3400,-52,52,-304,4.5,18,0.50,0.0,0.0,2.1,15,0.0,0.0,0.0,0.0,0.0,0.0,1.0
14692,0,1,3400,-52,52,-302,4.5,18,0.50,0.0,0.0,2.1,15,0.0,0.0,0.0,0.0,0.0,0.0,1.0
14941,0,1,3400,-52,52,-297,4.5,19,0.50,0.0,0.0,2.1,15,0.0,0.0,0.0,0.0,0.0,0.0,1.0
15190,0,1,3400,-52,52,-298,4.5,19,0.50,0.0,0.0,2.1,15,0.0,0.0,0.0,0.0,0.0,0.0,1.0
15439,0,1,3400,-52,52,-299,4.5,17,0.50,0.0,0.0,2.1,15,0.0,0.0,0.0,0.0,0.0,0.0,1.0
15688,0,1,3400,-52,52,-301,4.5,19,0.50,0.0,0.0,2.1,15,0.0,0.0,0.0,0.0,0.0,0.0,1.0
15937,0,1,3400,-52,52,-299,4.5,18,0.50,0.0,0.0,2.1,15,0.0,0.0,0.0,0.0,0.0,0.0,1.0
16186,0,1,3400,-52,52,-298,4.5,18,0.50,0.0,0.0,2.1,15,0.0,0.0,0.0,0.0,0.0,0.0,1.0
16435,0,1,3400,-52,52,-299,4.5,18,0.50,0.0,0.0,2.1,15,0.0,0.0,0.0,0.0,0.0,0.0,1.0
16684,0,1,3400,-52,52,-299,4.5,18,0.50,0.0,0.0,2.1,15,0.0,0.0,0.0,0.0,0.0,0.0,1.0
16933,0,1,3400,-52,52,-297,4.5,18,0.50,0.0,0.0,2.1,15,0.0,0.0,0.0,0.0,0.0,0.0,1.0
17182,0,1,3400,-52,52,-302,4.5,18,0.50,0.0,0.0,2.1,15,0.0,0.0,0.0,0.0,0.0,0.0,1.0
17431,0,1,3400,-52,52,-298,4.5,18,0.50,0.0,0.0,2.1,15,0.0,0.0,0.0,0.0,0.0,0.0,1.0
17680,0,1,3400,-52,52,-297,4.5,18,0.50,0.0,0.0,2.1,15,0.0,0.0,0.0,0.0,0.0,0.0,1.0
17929,0,1,3400,-52,52,-299,4.5,18,0.50,0.0,0.0,2.1,15,0.0,0.0,0.0,0.0,0.0,0.0,1.0
18178,0,1,3400,-52,52,-292,4.5,18,0.50,0.0,0.0,2.1,15,0.0,0.0,0.0,0.0,0.0,0.0,1.0
18427,0,1,3400,-52,52,-298,4.5,19,0.50,0.0,0.0,2.1,15,0.0,0.0,0.0,0.0,0.0,0.0,1.0
18676,0,1,3400,-52,52,-300,4.5,19,0.50,0.0,0.0,2.1,15,0.0,0.0,0.0,0.0,0.0,0.0,1.0
18925,0,1,3400,-52,52,-300,4.5,18,0.50,0.0,0.0,2.1,15,0.0,0.0,0.0,0.0,0.0,0.0,1.0
19174,0,1,3400,-52,52,-303,4.5,18,0.50,0.0,0.0,2.1,15,0.0,0.0,0.0,0.0,0.0,0.0,1.0
19423,0,1,3400,-52,52,-301,4.5,18,0.50,0.0,0.0,2.1,15,0.0,0.0,0.0,0.0,0.0,0.0,1.0
19672,0,1,3400,-52,52,-297,4.5,18,0.50,0.0,0.0,2.1,15,0.0,0.0,0.0,0.0,0.0,0.0,1.0
19921,0,1,3400,-52,52,-296,4.5,17,0.50,0.0,0.0,2.1,15,0.0,0.0,0.0,0.0,0.0,0.0,1.0
20170,0,1,3400,-52,52,-298,4.5,18,0.50,0.0,0.0,2.1,15,0.0,0.0,0.0,0.0,0.0,0.0,1.0
20419,0,1,3400,-52,52,-298,4.5,18,0.50,0.0,0.0,2.1,15,0.0,0.0,0.0,0.0,0.0,0.0,1.0
20668,0,1,3400,-52,52,-297,4.5,18,0.50,0.0,0.0,2.1,15,0.0,0.0,0.0,0.0,0.0,0.0,1.0
20917,0,1,3400,-52,52,-297,4.5,18,0.50,0.0,0.0,2.1,15,0.0,0.0,0.0,0.0,0.0,0.0,1.0
21166,0,1,3400,-52,52,-294,4.5,19,0.50,0.0,0.0,2.1,15,0.0,0.0,0.0,0.0,0.0,0.0,1.0
21415,0,1,3400,-52,52,-300,4.5,18,0.50,0.0,0.0,2.1,15,0.0,0.0,0.0,0.0,0.0,0.0,1.0
21664,0,1,3400,-52,52,-299,4.5,18,0.50,0.0,0.0,2.1,15,0.0,0.0,0.0,0.0,0.0,0.0,1.0
21913,0,1,3400,-52,52,-299,4.5,18,0.50,0.0,0.0,2.1,15,0.0,0.0,0.0,0.0,0.0,0.0,1.0
22162,0,1,3400,-52,52,-303,4.5,18,0.50,0.0,0.0,2.1,15,0.0,0.0,0.0,0.0,0.0,0.0,1.0
22411,0,1,3400,-52,52,-303,4.5,18,0.50,0.0,0.0,2.1,15,0.0,0.0,0.0,0.0,0.0,0.0,1.0
22660,0,1,3400,-52,52,-299,4.5,18,0.50,0.0,0.0,2.1,15,0.0,0.0,0.0,0.0,0.0,0.0,1.0
22909,0,1,3400,-52,52,-304,4.5,18,0.50,0.0,0.0,2.1,15,0.0,0.0,0.0,0.0,0.0,0.0,1.0
23158,0,1,3400,-52,52,-302,4.5,17,0.50,0.0,0.0,2.1,15,0.0,0.0,0.0,0.0,0.0,0.0,1.0
23407,0,1,3400,-52,52,-298,4.5,18,0.50,0.0,0.0,2.1,15,0.0,0.0,0.0,0.0,0.0,0.0,1.0
23656,0,1,3400,-52,52,-296,4.5,17,0.50,0.0,0.0,2.1,15,0.0,0.0,0.0,0.0,0.0,0.0,1.0
23905,0,1,3400,-52,52,-295,4.5,18,0.50,0.0,0.0,2.1,15,0.0,0.0,0.0,0.0,0.0,0.0,1.0
24154,0,1,3400,-52,52,-297,4.5,18,0.50,0.0,0.0,2.1,15,0.0,0.0,0.0,0.0,0.0,0.0,1.0
24403,0,1,3400,-52,52,-297,4.5,19,0.50,0.0,0.0,2.1,15,0.0,0.0,0.0,0.0,0.0,0.0,1.0
24652,0,1,3400,-52,52,-297,4.5,19,0.50,0.0,0.0,2.1,15,0.0,0.0,0.0,0.0,0.0,0.0,1.0
24901,0,1,3400,-52,52,-299,4.5,18,0.50,0.0,0.0,2.1,15,0.0,0.0,0.0,0.0,0.0,0.0,1.0
25150,0,1,3400,-52,52,-299,4.5,18,0.50,0.0,0.0,2.1,15,0.0,0.0,0.0,0.0,0.0,0.0,1.0
25399,0,1,3400,-52,52,-301,4.5,18,0.50,0.0,0.0,2.1,15,0.0,0.0,0.0,0.0,0.0,0.0,1.0
25648,0,1,3400,-52,52,-297,4.5,17,0.50,0.0,0.0,2.1,15,0.0,0.0,0.0,0.0,0.0,0.0,1.0
25897,0,1,3400,-52,52,-303,4.5,18,0.50,0.0,0.0,2.1,15,0.0,0.0,0.0,0.0,0.0,0.0,1.0
26146,0,1,3400,-52,52,-297,4.5,18,0.50,0.0,0.0,2.1,15,0.0,0.0,0.0,0.0,0.0,0.0,1.0
26395,0,1,3400,-52,52,-297,4.5,18,0.50,0.0,0.0,2.1,15,0.0,0.0,0.0,0.0,0.0,0.0,1.0
26644,0,1,3400,-52,52,-292,4.5,18,0.50,0.0,0.0,2.1,15,0.0,0.0,0.0,0.0,0.0,0.0,1.0
26893,0,1,3400,-52,52,-294,4.5,18,0.50,0.0,0.0,2.1,15,0.0,0.0,0.0,0.0,0.0,0.0,1.0
27142,0,1,3400,-52,52,-296,4.5,19,0.50,0.0,0.0,2.1,15,0.0,0.0,0.0,0.0,0.0,0.0,1.0
27391,0,1,3400,-52,52,-297,4.5,19,0.50,0.0,0.0,2.1,15,0.0,0.0,0.0,0.0,0.0,0.0,1.0
27640,0,1,3400,-52,52,-306,4.5,18,0.50,0.0,0.0,2.1,15,0.0,0.0,0.0,0.0,0.0,0.0,1.0
27889,0,1,3400,-52,52,-300,4.5,18,0.50,0.0,0.0,2.1,15,0.0,0.0,0.0,0.0,0.0,0.0,1.0
28138,0,1,3400,-52,52,-296,4.5,18,0.50,0.0,0.0,2.1,15,0.0,0.0,0.0,0.0,0.0,0.0,1.0
28387,0,1,3400,-52,52,-299,4.5,18,0.50,0.0,0.0,2.1,15,0.0,0.0,0.0,0.0,0.0,0.0,1.0
28636,0,1,3400,-52,52,-299,4.5,18,0.50,0.0,0.0,2.1,15,0.0,0.0,0.0,0.0,0.0,0.0,1.0
28885,0,1,3400,-52,52,-296,4.5,18,0.50,0.0,0.0,2.1,15,0.0,0.0,0.0,0.0,0.0,0.0,1.0
29134,0,1,3400,-52,52,-300,4.5,18,0.50,0.0,0.0,2.1,15,0.0,0.0,0.0,0.0,0.0,0.0,1.0
29383,0,1,3400,-52,52,-300,4.5,18,0.50,0.0,0.0,2.1,15,0.0,0.0,0.0,0.0,0.0,0.0,1.0
29632,0,1,3400,-52,52,-296,4.5,19,0.50,0.0,0.0,2.1,15,0.0,0.0,0.0,0.0,0.0,0.0,1.0
29881,0,1,3400,-52,52,-296,4.5,19,0.50,0.0,0.0,2.1,15,0.0,0.0,0.0,0.0,0.0,0.0,1.0
30130,0,1,3400,-52,52,-295,4.5,19,0.50,0.0,0.0,2.1,15,0.0,0.0,0.0,0.0,0.0,0.0,1.0
30379,0,1,3400,-52,52,-300,4.5,18,0.50,0.0,0.0,2.1,15,0.0,0.0,0.0,0.0,0.0,0.0,1.0
30628,0,1,3400,-52,52,-297,4.5,18,0.50,0.0,0.0,2.1,15,0.0,0.0,0.0,0.0,0.0,0.0,1.0
30877,0,1,3400,-52,52,-298,4.5,17,0.50,0.0,0.0,2.1,15,0.0,0.0,0.0,0.0,0.0,0.0,1.0
31126,0,1,3400,-52,52,-298,4.5,18,0.50,0.0,0.0,2.1,15,0.0,0.0,0.0,0.0,0.0,0.0,1.0
31375,0,1,3400,-52,52,-300,4.5,18,0.50,0.0,0.0,2.1,15,0.0,0.0,0.0,0.0,0.0,0.0,1.0
31624,0,1,3400,-52,52,-301,4.5,19,0.50,0.0,0.0,2.1,15,0.0,0.0,0.0,0.0,0.0,0.0,1.0
31873,0,1,3400,-52,52,-297,4.5,18,0.50,0.0,0.0,2.1,15,0.0,0.0,0.0,0.0,0.0,0.0,1.0
32122,0,1,3400,-52,52,-300,4.5,19,0.50,0.0,0.0,2.1,15,0.0,0.0,0.0,0.0,0.0,0.0,1.0
32371,0,1,3400,-52,52,-295,4.5,18,0.50,0.0,0.0,2.1,15,0.0,0.0,0.0,0.0,0.0,0.0,1.0
32620,0,1,3400,-52,52,-291,4.5,18,0.50,0.0,0.0,2.1,15,0.0,0.0,0.0,0.0,0.0,0.0,1.0
32869,0,1,3400,-52,52,-298,4.5,18,0.50,0.0,0.0,2.1,15,0.0,0.0,0.0,0.0,0.0,0.0,1.0
33118,0,1,3400,-52,52,-299,4.5,18,0.50,0.0,0.0,2.1,15,0.0,0.0,0.0,0.0,0.0,0.0,1.0
33367,0,1,3400,-52,52,-295,4.5,19,0.50,0.0,0.0,2.1,15,0.0,0.0,0.0,0.0,0.0,0.0,1.0
33616,0,1,3400,-52,52,-297,4.5,18,0.50,0.0,0.0,2.1,15,0.0,0.0,0.0,0.0,0.0,0.0,1.0
33865,0,1,3400,-52,52,-299,4.5,18,0.50,0.0,0.0,2.1,15,0.0,0.0,0.0,0.0,0.0,0.0,1.0
34114,0,1,3400,-52,52,-302,4.5,18,0.50,0.0,0.0,2.1,15,0.0,0.0,0.0,0.0,0.0,0.0,1.0
34363,0,1,3400,-52,52,-299,4.5,18,0.50,0.0,0.0,2.1,15,0.0,0.0,0.0,0.0,0.0,0.0,1.0
34612,0,1,3400,-52,52,-296,4.5,18,0.50,0.0,0.0,2.1,15,0.0,0.0,0.0,0.0,0.0,0.0,1.0
34861,0,1,3400,-52,52,-297,4.5,18,0.50,0.0,0.0,2.1,15,0.0,0.0,0.0,0.0,0.0,0.0,1.0
35110,0,1,3400,-52,52,-298,4.5,18,0.50,0.0,0.0,2.1,15,0.0,0.0,0.0,0.0,0.0,0.0,1.0
35359,0,1,3400,-52,52,-299,4.5,19,0.50,0.0,0.0,2.1,15,0.0,0.0,0.0,0.0,0.0,0.0,1.0
35608,0,1,3400,-52,52,-296,4.5,19,0.50,0.0,0.0,2.1,15,0.0,0.0,0.0,0.0,0.0,0.0,1.0
35857,0,1,3400,-52,52,-294,4.5,18,0.50,0.0,0.0,2.1,15,0.0,0.0,0.0,0.0,0.0,0.0,1.0
36106,0,1,3400,-52,52,-300,4.5,19,0.50,0.0,0.0,2.1,15,0.0,0.0,0.0,0.0,0.0,0.0,1.0
36355,0,1,3400,-52,52,-301,4.5,19,0.50,0.0,0.0,2.1,15,0.0,0.0,0.0,0.0,0.0,0.0,1.0
36604,0,1,3400,-52,52,-300,4.5,18,0.50,0.0,0.0,2.1,15,0.0,0.0,0.0,0.0,0.0,0.0,1.0
36853,0,1,3400,-52,52,-299,4.5,19,0.50,0.0,0.0,2.1,15,0.0,0.0,0.0,0.0,0.0,0.0,1.0
37102,0,1,3400,-52,52,-300,4.5,18,0.50,0.0,0.0,2.1,15,0.0,0.0,0.0,0.0,0.0,0.0,1.0
37351,0,1,3400,-52,52,-299,4.5,18,0.50,0.0,0.0,2.1,15,0.0,0.0,0.0,0.0,0.0,0.0,1.0
37600,0,1,3400,-52,52,-299,4.5,19,0.50,0.0,0.0,2.1,15,0.0,0.0,0.0,0.0,0.0,0.0,1.0
37849,0,1,3400,-52,52,-300,4.5,18,0.50,0.0,0.0,2.1,15,0.0,0.0,0.0,0.0,0.0,0.0,1.0
38098,0,1,3400,-52,52,-302,4.5,19,0.50,0.0,0.0,2.1,15,0.0,0.0,0.0,0.0,0.0,0.0,1.0
38347,0,1,3400,-52,52,-299,4.5,18,0.50,0.0,0.0,2.1,15,0.0,0.0,0.0,0.0,0.0,0.0,1.0
38596,0,1,3400,-52,52,-298,4.5,17,0.50,0.0,0.0,2.1,15,0.0,0.0,0.0,0.0,0.0,0.0,1.0
38845,0,1,3400,-52,52,-297,4.5,18,0.50,0.0,0.0,2.1,15,0.0,0.0,0.0,0.0,0.0,0.0,1.0
39094,0,1,3400,-52,52,-299,4.5,17,0.50,0.0,0.0,2.1,15,0.0,0.0,0.0,0.0,0.0,0.0,1.0
39343,0,1,3400,-52,52,-303,4.5,18,0.50,0.0,0.0,2.1,15,0.0,0.0,0.0,0.0,0.0,0.0,1.0
39592,0,1,3400,-52,52,-303,4.5,18,0.50,0.0,0.0,2.1,15,0.0,0.0,0.0,0.0,0.0,0.0,1.0
39841,0,1,3400,-52,52,-301,4.5,18,0.50,0.0,0.0,2.1,15,0.0,0.0,0.0,0.0,0.0,0.0,1.0
40090,0,1,3400,-52,52,-297,4.5,18,0.50,0.0,0.0,2.1,15,0.0,0.0,0.0,0.0,0.0,0.0,1.0
40339,0,1,3400,-52,52,-295,4.5,19,0.50,0.0,0.0,2.1,15,0.0,0.0,0.0,0.0,0.0,0.0,1.0
40588,0,1,3400,-52,52,-298,4.5,18,0.50,0.0,0.0,2.1,15,0.0,0.0,0.0,0.0,0.0,0.0,1.0
40837,0,1,3400,-52,52,-300,4.5,18,0.50,0.0,0.0,2.1,15,0.0,0.0,0.0,0.0,0.0,0.0,1.0
41086,0,1,3400,-52,52,-301,4.5,18,0.50,0.0,0.0,2.1,15,0.0,0.0,0.0,0.0,0.0,0.0,1.0
41335,0,1,3400,-52,52,-304,4.5,18,0.50,0.0,0.0,2.1,15,0.0,0.0,0.0,0.0,0.0,0.0,1.0
41584,0,1,3400,-52,52,-300,4.5,18,0.50,0.0,0.0,2.1,15,0.0,0.0,0.0,0.0,0.0,0.0,1.0
41833,0,1,3400,-52,52,-297,4.5,18,0.50,0.0,0.0,2.1,15,0.0,0.0,0.0,0.0,0.0,0.0,1.0
42082,0,1,3400,-52,52,-297,4.5,19,0.50,0.0,0.0,2.1,15,0.0,0.0,0.0,0.0,0.0,0.0,1.0
42331,0,1,3400,-52,52,-299,4.5,18,0.50,0.0,0.0,2.1,15,0.0,0.0,0.0,0.0,0.0,0.0,1.0
42580,0,1,3400,-52,52,-304,4.5,17,0.50,0.0,0.0,2.1,15,0.0,0.0,0.0,0.0,0.0,0.0,1.0
42829,0,1,3400,-52,52,-304,4.5,18,0.50,0.0,0.0,2.1,15,0.0,0.0,0.0,0.0,0.0,0.0,1.0
43078,0,1,3400,-52,52,-299,4.5,19,0.50,0.0,0.0,2.1,15,0.0,0.0,0.0,0.0,0.0,0.0,1.0
43327,0,1,3400,-52,52,-297,4.5,19,0.50,0.0,0.0,2.1,15,0.0,0.0,0.0,0.0,0.0,0.0,1.0
43576,0,1,3400,-52,52,-297,4.5,18,0.50,0.0,0.0,2.1,15,0.0,0.0,0.0,0.0,0.0,0.0,1.0
43825,0,1,3400,-52,52,-298,4.5,18,0.50,0.0,0.0,2.1,15,0.0,0.0,0.0,0.0,0.0,0.0,1.0
44074,0,1,3400,-52,52,-300,4.5,18,0.50,0.0,0.0,2.1,15,0.0,0.0,0.0,0.0,0.0,0.0,1.0
44323,0,1,3400,-52,52,-301,4.5,17,0.50,0.0,0.0,2.1,15,0.0,0.0,0.0,0.0,0.0,0.0,1.0
44572,0,1,3400,-52,52,-300,4.5,18,0.50,0.0,0.0,2.1,15,0.0,0.0,0.0,0.0,0.0,0.0,1.0
44821,0,1,3400,-52,52,-301,4.5,18,0.50,0.0,0.0,2.1,15,0.0,0.0,0.0,0.0,0.0,0.0,1.0
45070,0,1,3400,-52,52,-301,4.5,19,0.50,0.0,0.0,2.1,15,0.0,0.0,0.0,0.0,0.0,0.0,1.0
45319,0,1,3400,-52,52,-299,4.5,18,0.50,0.0,0.0,2.1,15,0.0,0.0,0.0,0.0,0.0,0.0,1.0
45568,0,1,3400,-52,52,-302,4.5,19,0.50,0.0,0.0,2.1,15,0.0,0.0,0.0,0.0,0.0,0.0,1.0
45817,0,1,3400,-52,52,-303,4.5,19,0.50,0.0,0.0,2.1,15,0.0,0.0,0.0,0.0,0.0,0.0,1.0
46066,0,1,3400,-52,52,-300,4.5,18,0.50,0.0,0.0,2.1,15,0.0,0.0,0.0,0.0,0.0,0.0,1.0
46315,0,1,3400,-52,52,-298,4.5,18,0.50,0.0,0.0,2.1,15,0.0,0.0,0.0,0.0,0.0,0.0,1.0
46564,0,1,3400,-52,52,-304,4.5,19,0.50,0.0,0.0,2.1,15,0.0,0.0,0.0,0.0,0.0,0.0,1.0
46813,0,1,3400,-52,52,-302,4.5,18,0.50,0.0,0.0,2.1,15,0.0,0.0,0.0,0.0,0.0,0.0,1.0
47062,0,1,3400,-52,52,-298,4.5,17,0.50,0.0,0.0,2.1,15,0.0,0.0,0.0,0.0,0.0,0.0,1.0
47311,0,1,3400,-52,52,-301,4.5,18,0.50,0.0,0.0,2.1,15,0.0,0.0,0.0,0.0,0.0,0.0,1.0
47560,0,1,3400,-52,52,-296,10,18,0.50,64095.617188,0,2.1,13,0.0,52143.425781,17,0.0,0.0,0.0,1.0
47809,0,1,3400,-52,52,-296,9.0,18,0.51,96384.000000,5,2.1,0.0,0.0,5536.000000,0,0.0,0.0,0.0,1.0
48058,0,1,3400,-52,52,-299,9.3,18,0.82,65498.007812,5,2.1,0.0,0.0,0.0,0.0,0.0,0.0,0.0,1.0
48307,0,1,3400,-52,52,-296,7.6,18,0.52,35633.464844,0,2.1,0.0,0.0,0.0,0.0,0.0,0.0,0.0,1.0
48556,0,1,3400,-52,52,-296,18,18,0.61,30852.589844,11,2.1,2.1,0.0,27410.359375,31,0.0,0.0,0.0,1.0
48805,0,1,3400,-52,52,-295,15,18,0.67,33752.988281,9,2.1,0.0,0.0,0.0,0.0,0.0,0.0,0.0,1.0
49054,0,1,3400,-52,52,-291,17,17,0.50,69864.539062,0,2.1,0.0,0.0,0.0,0.0,0.0,0.0,0.0,1.0
49303,0,1,3400,-52,52,-297,13,18,0.50,52832.000000,0,2.1,0.0,0.0,0.0,0.0,0.0,0.0,0.0,1.0
49552,0,1,3400,-52,52,-303,18,18,0.71,65561.750000,11,2.1,0.0,0.0,8127.490234,0,0.0,0.0,0.0,1.0
49801,0,1,3400,-52,52,-300,13,18,1.2,26486.056641,8,2.1,0.0,0.0,0.0,0.0,0.0,0.0,0.0,1.0
50050,0,1,3400,-52,52,-299,16,18,0.61,39745.019531,0,2.1,0.0,0.0,0.0,0.0,0.0,0.0,0.0,1.0
50299,0,1,3400,-52,52,-301,20,17,1.2,55840.636719,14,2.1,0.0,0.0,0.0,0.0,0.0,0.0,0.0,1.0
50548,0,1,3400,-52,52,-298,17,18,0.96,52780.875000,5,2.1,0.0,0.0,8127.490234,0,0.0,0.0,0.0,1.0
50797,0,1,3400,-52,52,-302,18,17,0.71,46278.882812,8,2.1,0.0,0.0,0.0,0.0,0.0,0.0,0.0,1.0
51046,0,1,3400,-52,52,-300,12,17,0.62,45408.000000,5,2.1,2.4,0.0,1024.000000,50,0.0,0.0,0.0,1.0
51295,0,1,3400,-52,52,-299,15,19,1.2,67569.718750,8,2.1,4.0,0.0,0.0,0.0,0.0,0.0,0.0,1.0
51544,0,1,3400,-52,52,-301,19,18,0.50,27219.123047,0,2.1,3.6,0.0,8031.872559,0,0.0,0.0,0.0,1.0
51793,0,1,3400,-52,52,-300,13,18,1.1,34422.312500,3,2.1,0.0,0.0,0.0,0.0,0.0,0.0,0.0,1.0
52042,0,1,3400,-52,52,-300,18,18,0.60,62406.375000,14,2.1,0.0,0.0,0.0,0.0,0.0,0.0,0.0,1.0
52291,0,1,3400,-52,52,-300,15,18,0.94,63872.511719,5,2.1,0.0,0.0,0.0,0.0,0.0,0.0,0.0,1.0
52540,0,1,3400,-52,52,-301,19,17,1.8,20079.681641,33,2.1,5.2,0.0,121625.500000,61,0.0,0.0,0.0,1.0
52789,0,1,3400,-52,52,-301,18,18,1.6,38720.000000,9,2.1,8.0,0.0,0.0,0.0,0.0,0.0,0.0,1.0
53038,0,1,3400,-52,52,-298,16,18,0.50,42836.652344,0,2.1,8.0,0.0,0.0,0.0,0.0,0.0,0.0,1.0
53287,0,1,3400,-52,52,-299,19,18,0.70,42645.417969,9,2.1,8.0,0.0,0.0,0.0,0.0,0.0,0.0,1.0
53536,0,1,3400,-52,52,-299,17,18,1.3,35888.445312,23,2.1,4.9,0.0,8127.490234,0,0.0,0.0,0.0,1.0
53785,0,1,3400,-52,52,-301,17,19,0.51,72637.453125,0,2.1,0.0,0.0,0.0,0.0,0.0,0.0,0.0,1.0
54034,0,1,3400,-53,53,-308,11,16,0.50,62023.906250,0,2.1,0.0,0.0,0.0,0.0,0.0,0.0,0.0,1.0
54283,0,1,3400,-52,52,-299,16,18,0.68,42486.054688,13,2.1,0.0,0.0,0.0,0.0,0.0,0.0,0.0,1.0
54532,0,1,3400,-52,52,-299,12,19,0.56,28704.000000,0,2.1,4.6,0.0,37024.000000,13,0.0,0.0,0.0,1.0
54781,0,1,3400,-52,52,-306,18,18,0.50,57848.605469,0,2.1,14,0.0,0.0,0.0,0.0,0.0,0.0,1.0
55030,0,1,3400,-52,52,-301,13,18,0.55,74071.710938,5,2.1,14,0.0,0.0,0.0,0.0,0.0,0.0,1.0
55279,0,1,3400,-52,52,-305,14,19,0.82,55490.039062,3,2.1,14,0.0,0.0,0.0,0.0,0.0,0.0,1.0
55528,0,1,3400,-52,52,-297,8.4,18,0.74,45928.285156,7,2.1,14,0.0,40382.468750,0,0.0,0.0,0.0,1.0
55777,0,1,3400,-52,52,-294,18,18,0.65,49936.507812,7,2.1,14,0.0,0.0,0.0,0.0,0.0,0.0,1.0
56026,0,1,3400,-52,52,-297,18,18,1.5,22336.000000,0,2.1,14,0.0,0.0,0.0,0.0,0.0,0.0,1.0
56275,0,1,3400,-52,52,-300,18,18,0.50,68749.007812,0,2.1,14,0.0,0.0,0.0,0.0,0.0,0.0,1.0
56524,0,1,3400,-52,52,-301,15,17,0.60,58868.527344,6,2.1,14,0.0,40382.468750,40,0.0,0.0,0.0,1.0
56773,0,1,3400,-52,52,-298,17,18,0.67,44780.875000,7,2.1,14,0.0,0.0,0.0,0.0,0.0,0.0,1.0
57022,0,1,3400,-52,52,-295,16,18,0.50,32159.363281,0,2.1,14,0.0,0.0,0.0,0.0,0.0,0.0,1.0
57271,0,1,3400,-52,52,-296,15,18,0.50,48988.046875,0,2.1,14,0.0,0.0,0.0,0.0,0.0,0.0,1.0
57520,0,1,3400,-52,52,-297,17,19,0.66,58080.000000,6,2.1,14,0.0,0.0,80,0.0,0.0,0.0,1.0
57769,0,1,3400,-52,52,-302,18,17,1.7,38565.738281,17,2.1,14,0.0,0.0,0.0,0.0,0.0,0.0,1.0
58018,0,1,3400,-52,52,-308,17,18,0.81,63776.890625,0,2.1,14,0.0,0.0,0.0,0.0,0.0,0.0,1.0
58267,0,1,3400,-52,52,-299,22,19,0.64,86980.078125,0,2.1,14,0.0,0.0,0.0,0.0,0.0,0.0,1.0
58516,0,1,3400,-52,52,-297,14,18,0.85,61832.667969,3,2.1,12,0.0,26868.525391,0,0.0,0.0,0.0,1.0
58765,0,1,3400,-52,52,-296,18,17,0.51,73274.898438,5,2.1,14,0.0,0.0,0.0,0.0,0.0,0.0,1.0
59014,0,1,3400,-52,52,-291,17,18,1.2,45227.089844,14,2.1,13,0.0,0.0,0.0,0.0,0.0,0.0,1.0
59263,0,1,3400,-52,52,-293,20,19,1.8,37258.964844,0,2.1,14,0.0,0.0,0.0,0.0,0.0,0.0,1.0
59512,0,1,3400,-53,53,-301,15,18,0.50,82336.000000,0,2.1,12,0.0,8160.000000,33,0.0,0.0,0.0,1.0
59761,0,1,3400,-52,52,-298,13,18,0.50,50039.839844,0,2.1,0.0,0.0,0.0,0.0,0.0,0.0,0.0,1.0
60010,0,1,3400,-52,52,-297,15,18,1.5,42772.910156,8,2.1,0.0,0.0,0.0,0.0,0.0,0.0,0.0,1.0
60259,0,1,3400,-52,52,-296,16,18,1.1,38980.078125,10,2.1,0.0,0.0,0.0,0.0,0.0,0.0,0.0,1.0
60508,0,1,3400,-52,52,-296,18,19,0.57,27729.083984,14,2.1,0.57,0.0,82071.710938,15,0.0,0.0,0.0,1.0
60757,0,1,3400,-52,52,-296,13,19,0.94,69067.726562,5,2.1,6.5,0.0,31936.255859,25,0.0,0.0,0.0,1.0
61006,0,1,3400,-52,52,-299,12,19,0.77,58464.000000,6,2.1,6.5,0.0,0.0,0.0,0.0,0.0,0.0,1.0
61255,0,1,3400,-52,52,-299,16,18,0.96,37290.835938,13,2.1,6.5,0.0,0.0,0.0,0.0,0.0,0.0,1.0
61504,0,1,3400,-52,52,-294,16,18,0.54,49912.351562,5,2.1,2.9,0.0,12334.661133,0,0.0,0.0,0.0,1.0
61753,0,1,3400,-52,52,-296,20,18,0.50,61641.433594,0,2.1,0.0,0.0,0.0,0.0,0.0,0.0,0.0,1.0
62002,0,1,3400,-52,52,-297,18,18,0.50,38565.738281,0,2.1,0.0,0.0,0.0,0.0,0.0,0.0,0.0,1.0
62251,0,1,3400,-52,52,-300,17,19,0.50,56288.000000,0,2.1,0.0,0.0,0.0,0.0,0.0,0.0,0.0,1.0
62500,0,1,3400,-52,52,-302,11,18,0.82,57274.902344,11,2.1,0.43,0.0,3474.103516,56,0.0,0.0,0.0,1.0
62749,0,1,3400,-52,52,-302,16,18,0.50,25816.732422,0,2.1,0.38,0.0,6948.207031,33,0.0,0.0,0.0,1.0
62998,0,1,3400,-52,52,-302,9.5,17,0.89,46310.757812,9,2.1,0.0,0.0,0.0,0.0,0.0,0.0,0.0,1.0
63247,0,1,3400,-52,52,-303,18,17,0.86,53992.031250,7,2.1,0.0,0.0,0.0,0.0,0.0,0.0,0.0,1.0
63496,0,1,3400,-52,52,-297,14,18,0.86,52812.750000,4,2.1,3.6,0.0,25051.792969,25,0.0,0.0,0.0,1.0
63745,0,1,3400,-52,52,-298,17,18,0.50,62438.246094,0,2.1,6.5,0.0,0.0,0.0,0.0,0.0,0.0,1.0
63994,0,1,3400,-52,52,-301,9.7,18,0.54,73056.000000,0,2.1,6.5,0.0,0.0,0.0,0.0,0.0,0.0,1.0
64243,0,1,3400,-52,52,-301,16,18,0.59,56223.109375,4,2.1,6.5,0.0,0.0,0.0,0.0,0.0,0.0,1.0
64492,0,1,3400,-52,52,-302,18,18,0.50,30597.609375,0,2.1,3.5,0.0,12462.151367,36,0.0,0.0,0.0,1.0
64741,0,1,3400,-52,52,-303,18,17,0.50,53992.031250,0,2.1,0.0,0.0,0.0,0.0,0.0,0.0,0.0,1.0
64990,0,1,3400,-52,52,-304,18,18,1.6,42932.269531,8,2.1,0.0,0.0,0.0,0.0,0.0,0.0,0.0,1.0
65239,0,1,3400,-52,52,-300,15,18,0.54,40956.175781,7,2.1,0.0,0.0,0.0,0.0,0.0,0.0,0.0,1.0
65488,0,1,3400,-52,52,-297,18,17,0.66,29960.160156,20,2.1,8.1,0.0,223266.937500,45,0.0,0.0,0.0,1.0
65737,0,1,3400,-52,52,-299,16,19,0.64,55840.000000,5,2.1,16,0.0,0.0,0.0,0.0,0.0,0.0,1.0
65986,0,1,3400,-52,52,-309,18,17,0.50,65593.625000,0,2.1,16,0.0,0.0,0.0,0.0,0.0,0.0,1.0
66235,0,1,3400,-52,52,-299,9.4,17,0.50,23745.019531,0,2.1,13,0.0,1019.920349,0,0.0,0.0,0.0,1.0
66484,0,1,3400,-52,52,-298,14,18,0.67,63426.292969,10,2.1,7.9,0.0,44015.937500,21,0.0,0.0,0.0,1.0
66733,0,1,3400,-52,52,-302,19,18,2.0,29227.091797,29,2.1,6.5,0.0,0.0,0.0,0.0,0.0,0.0,1.0
66982,0,1,3400,-52,52,-299,16,18,1.3,37832.667969,0,2.1,6.5,0.0,0.0,0.0,0.0,0.0,0.0,1.0
67231,0,1,3400,-52,52,-303,14,18,0.50,70183.265625,0,2.1,6.5,0.0,0.0,0.0,0.0,0.0,0.0,1.0
67480,0,1,3400,-52,52,-301,17,18,1.3,44384.000000,15,2.1,9.7,0.0,202176.000000,46,0.0,0.0,0.0,1.0
67729,0,1,3400,-52,52,-297,19,17,0.91,53705.179688,19,2.1,16,0.0,0.0,0.0,0.0,0.0,0.0,1.0
67978,0,1,3400,-52,52,-300,19,18,1.4,62438.246094,6,2.1,16,0.0,0.0,0.0,0.0,0.0,0.0,1.0
68227,0,1,3400,-52,52,-302,13,17,0.63,51824.703125,6,2.1,16,0.0,0.0,0.0,0.0,0.0,0.0,1.0
68476,0,1,3400,-52,52,-304,11,18,0.68,36908.367188,0,2.1,9.5,0.0,11601.593750,0,0.0,0.0,0.0,1.0
68725,0,1,3400,-52,52,-302,15,18,1.8,40956.175781,17,2.1,0.0,0.0,0.0,0.0,0.0,0.0,0.0,1.0
68974,0,1,3400,-52,52,-303,17,18,0.56,94151.390625,3,2.1,0.0,0.0,0.0,0.0,0.0,0.0,0.0,1.0
69223,0,1,3400,-52,52,-306,16,18,1.1,52352.000000,8,2.1,0.0,0.0,0.0,0.0,0.0,0.0,0.0,1.0
69472,0,1,3400,-52,52,-303,18,18,0.50,25179.283203,0,2.1,0.0,186,0.0,0.0,0.0,0.0,0.0,1.0
69721,0,1,3400,-52,52,-298,16,18,0.77,51569.722656,14,2.1,0.82,0.0,12462.151367,36,0.0,0.0,0.0,1.0
69970,0,1,3400,-52,52,-301,19,18,1.0,35442.230469,11,2.1,0.0,0.0,0.0,0.0,0.0,0.0,0.0,1.0
70219,0,1,3400,-52,52,-303,16,18,0.50,82645.421875,0,2.1,0.0,0.0,0.0,0.0,0.0,0.0,0.0,1.0
70468,0,1,3400,-52,52,-295,13,18,0.77,47713.148438,15,2.1,2.0,0.0,3474.103516,57,0.0,0.0,0.0,1.0
70717,0,1,3400,-52,52,-297,17,17,0.50,29067.728516,0,2.1,7.5,0.0,0.0,0.0,0.0,0.0,0.0,1.0
70966,0,1,3400,-52,52,-301,17,18,1.0,59584.000000,17,2.1,7.5,0.0,0.0,0.0,0.0,0.0,0.0,1.0
71215,0,1,3400,-52,52,-305,18,18,1.7,39330.675781,38,2.1,7.5,0.0,0.0,0.0,0.0,0.0,0.0,1.0
71464,0,1,3400,-52,52,-305,17,18,0.77,56605.578125,0,2.1,3.4,0.0,11601.593750,0,0.0,0.0,0.0,1.0
71713,0,1,3400,-52,52,-302,17,18,0.50,43219.125000,0,2.1,0.0,0.0,0.0,0.0,0.0,0.0,0.0,1.0
71962,0,1,3400,-52,52,-301,16,18,0.63,69290.835938,4,2.1,0.0,0.0,0.0,0.0,0.0,0.0,0.0,1.0
72211,0,1,3400,-52,52,-299,16,18,1.1,33306.773438,21,2.1,0.0,0.0,0.0,0.0,0.0,0.0,0.0,1.0
72460,0,1,3400,-53,53,-297,12,18,0.95,34294.820312,0,2.1,5.5,0.0,67314.742188,44,0.0,0.0,0.0,1.0
72709,0,1,3400,-52,52,-302,18,17,0.50,38176.000000,0,2.1,14,0.0,0.0,0.0,0.0,0.0,0.0,1.0
72958,0,1,3400,-52,52,-300,16,18,0.50,52908.367188,0,2.1,14,0.0,0.0,0.0,0.0,0.0,0.0,1.0
73207,0,1,3400,-52,52,-299,12,18,0.77,53577.687500,6,2.1,14,0.0,0.0,0.0,0.0,0.0,0.0,1.0
73456,0,1,3400,-52,52,-304,16,18,0.79,83155.375000,3,2.1,7.2,0.0,52239.042969,12,0.0,0.0,0.0,1.0
73705,0,1,3400,-52,52,-298,16,19,0.50,30119.521484,0,2.1,0.0,0.0,0.0,0.0,0.0,0.0,0.0,1.0
73954,0,1,3400,-52,52,-299,14,18,1.6,29609.562500,18,2.1,0.0,0.0,0.0,0.0,0.0,0.0,0.0,1.0
74203,0,1,3400,-52,52,-297,15,18,0.56,85536.000000,5,2.1,0.0,0.0,0.0,0.0,0.0,0.0,0.0,1.0
74452,0,1,3400,-52,52,-296,18,17,0.57,53992.031250,7,2.1,0.0,0.0,8127.490234,0,0.0,0.0,0.0,1.0
74701,0,1,3400,-52,52,-300,16,19,1.0,32892.429688,17,2.1,0.0,0.0,0.0,0.0,0.0,0.0,0.0,1.0
74950,0,1,3400,-52,52,-299,17,17,0.50,37545.816406,0,2.1,0.0,0.0,0.0,0.0,0.0,0.0,0.0,1.0
75199,0,1,3400,-52,52,-303,16,19,0.54,77705.179688,3,2.1,0.0,0.0,0.0,0.0,0.0,0.0,0.0,1.0
75448,0,1,3400,-52,52,-297,18,18,0.50,56764.941406,0,2.1,8.4,0.0,137529.875000,57,0.0,0.0,0.0,1.0
75697,0,1,3400,-52,52,-298,15,18,0.74,80512.000000,3,2.1,16,0.0,0.0,0.0,0.0,0.0,0.0,1.0
75946,0,1,3400,-53,53,-303,16,17,1.1,38247.011719,14,2.1,16,0.0,0.0,0.0,0.0,0.0,0.0,1.0
76195,0,1,3400,-52,52,-304,17,18,0.77,44812.750000,0,2.1,16,0.0,0.0,0.0,0.0,0.0,0.0,1.0
76444,0,1,3400,-52,52,-305,15,17,0.51,51015.871094,0,2.1,11,0.0,17777.777344,27,0.0,0.0,0.0,1.0
76693,0,1,3400,-52,52,-300,14,18,0.53,73083.664062,2,2.1,0.0,0.0,0.0,0.0,0.0,0.0,0.0,1.0
76942,0,1,3400,-52,52,-304,20,18,1.8,45047.617188,15,2.1,0.0,0.0,0.0,0.0,0.0,0.0,0.0,1.0
77191,0,1,3400,-52,52,-300,13,19,0.52,80063.742188,0,2.1,0.0,0.0,0.0,0.0,0.0,0.0,0.0,1.0
77440,0,1,3400,-52,52,-298,20,19,1.0,22247.011719,33,2.1,3.3,0.0,203856.578125,47,0.0,0.0,0.0,1.0
77689,0,1,3400,-52,52,-301,15,19,1.1,64416.000000,5,2.1,16,0.0,0.0,0.0,0.0,0.0,0.0,1.0
77938,0,1,3400,-52,52,-299,16,19,0.57,52589.640625,5,2.1,16,0.0,0.0,0.0,0.0,0.0,0.0,1.0
78187,0,1,3400,-52,52,-298,18,18,0.81,46501.992188,13,2.1,16,0.0,0.0,0.0,0.0,0.0,0.0,1.0
78436,0,1,3400,-52,52,-304,18,19,0.75,77131.476562,0,2.1,7.0,0.0,12334.661133,0,0.0,0.0,0.0,1.0
78685,0,1,3400,-52,52,-302,7.7,19,0.71,44494.023438,0,2.1,0.0,0.0,0.0,0.0,0.0,0.0,0.0,1.0
78934,0,1,3400,-52,52,-301,15,18,0.50,102952.382812,0,2.1,0.0,0.0,0.0,0.0,0.0,0.0,0.0,1.0
79183,0,1,3400,-52,52,-303,16,18,0.50,72096.000000,0,2.1,0.0,0.0,0.0,0.0,0.0,0.0,0.0,1.0
79432,0,1,3400,-52,52,-301,16,18,0.71,47617.531250,5,2.1,0.0,0.0,12334.661133,0,0.0,0.0,0.0,1.0
79681,0,1,3400,-52,52,-300,15,18,0.57,54693.226562,4,2.1,0.0,0.0,0.0,0.0,0.0,0.0,0.0,1.0
79930,0,1,3400,-52,52,-304,14,18,0.84,51601.593750,5,2.1,0.0,0.0,0.0,0.0,0.0,0.0,0.0,1.0
80179,0,1,3400,-52,52,-304,14,18,1.0,56701.195312,0,2.1,0.0,0.0,0.0,0.0,0.0,0.0,0.0,1.0
80428,0,1,3400,-52,52,-299,15,18,1.3,48764.941406,5,2.1,0.0,0.0,17848.605469,0,0.0,0.0,0.0,1.0
80677,0,1,3400,-52,52,-298,14,18,1.4,41848.605469,17,2.1,0.0,0.0,0.0,0.0,0.0,0.0,0.0,1.0
80926,0,1,3400,-52,52,-299,15,18,0.91,36224.000000,14,2.1,0.0,0.0,0.0,0.0,0.0,0.0,0.0,1.0
81175,0,1,3400,-52,52,-299,17,17,0.82,34486.054688,8,2.1,0.0,0.0,0.0,0.0,0.0,0.0,0.0,1.0
81424,0,1,3400,-52,52,-303,14,18,0.83,62087.648438,3,2.1,0.0,0.0,8127.490234,0,0.0,0.0,0.0,1.0
81673,0,1,3400,-52,52,-302,14,18,0.70,45545.816406,3,2.1,0.0,0.0,0.0,0.0,0.0,0.0,0.0,1.0
81922,0,1,3400,-52,52,-300,19,18,0.90,68494.023438,15,2.1,0.0,0.0,0.0,0.0,0.0,0.0,0.0,1.0
82171,0,1,3400,-52,52,-300,15,18,0.92,51952.191406,0,2.1,0.0,0.0,0.0,0.0,0.0,0.0,0.0,1.0
82420,0,1,3400,-52,52,-301,17,19,0.50,55490.039062,0,2.1,0.90,0.0,3091.633545,57,0.0,0.0,0.0,1.0
82669,0,1,3400,-52,52,-301,15,18,0.54,32768.000000,6,2.1,6.5,0.0,6336.000000,73,0.0,0.0,0.0,1.0
82918,0,1,3400,-52,52,-298,11,19,0.67,43250.996094,10,2.1,6.0,0.0,0.0,0.0,0.0,0.0,0.0,1.0
83167,0,1,3400,-52,52,-298,17,18,0.50,47298.804688,0,2.1,6.0,0.0,0.0,0.0,0.0,0.0,0.0,1.0
83416,0,1,3400,-52,52,-298,19,18,0.50,65019.921875,0,2.1,4.5,0.0,9784.860352,57,0.0,0.0,0.0,1.0
83665,0,1,3400,-52,52,-303,16,19,0.50,64573.707031,0,2.1,0.0,0.0,0.0,0.0,0.0,0.0,0.0,1.0
83914,0,1,3400,-52,52,-303,18,18,0.71,34709.164062,10,2.1,0.0,0.0,0.0,0.0,0.0,0.0,0.0,1.0
84163,0,1,3400,-52,52,-302,18,17,0.50,50336.000000,0,2.1,0.0,0.0,0.0,0.0,0.0,0.0,0.0,1.0
84412,0,1,3400,-52,52,-298,13,18,0.78,73912.351562,6,2.1,2.1,0.0,23936.255859,36,0.0,0.0,0.0,1.0
84661,0,1,3400,-52,52,-302,20,18,0.57,59856.574219,7,2.1,0.0,0.0,0.0,0.0,0.0,0.0,0.0,1.0
84910,0,1,3400,-52,52,-297,15,18,0.50,65944.226562,0,2.1,0.0,0.0,0.0,0.0,0.0,0.0,0.0,1.0
85159,0,1,3400,-52,52,-299,14,19,0.50,54948.207031,0,2.1,0.0,0.0,0.0,0.0,0.0,0.0,0.0,1.0
85408,0,1,3400,-52,52,-301,17,19,0.70,84015.937500,7,2.1,5.9,0.0,148717.125000,58,0.0,0.0,0.0,1.0
85657,0,1,3400,-53,53,-302,16,17,0.91,68462.148438,8,2.1,16,0.0,0.0,0.0,0.0,0.0,0.0,1.0
85906,0,1,3400,-52,52,-306,17,18,0.72,61696.000000,14,2.1,16,0.0,0.0,0.0,0.0,0.0,0.0,1.0
86155,0,1,3400,-52,52,-301,14,17,0.64,26135.458984,5,2.1,16,0.0,0.0,0.0,0.0,0.0,0.0,1.0
86404,0,1,3400,-53,53,-304,16,17,1.2,38055.777344,0,2.1,16,0.0,15521.912109,53,0.0,0.0,0.0,1.0
86653,0,1,3400,-52,52,-301,14,17,0.51,44940.238281,0,2.1,4.4,0.0,15553.785156,47,0.0,0.0,0.0,1.0
86902,0,1,3400,-52,52,-298,12,18,0.87,50358.566406,16,2.1,0.0,0.0,0.0,0.0,0.0,0.0,0.0,1.0
87151,0,1,3400,-52,52,-300,16,18,1.2,58262.949219,0,2.1,0.0,0.0,0.0,0.0,0.0,0.0,0.0,1.0
87400,0,1,3400,-52,52,-297,18,18,0.50,61195.218750,0,2.1,0.0,0.0,12334.661133,0,0.0,0.0,0.0,1.0
87649,0,1,3400,-52,52,-299,18,18,0.54,46464.000000,8,2.1,0.0,0.0,0.0,0.0,0.0,0.0,0.0,1.0
87898,0,1,3400,-52,52,-304,18,17,0.81,34709.164062,10,2.1,0.0,0.0,0.0,0.0,0.0,0.0,0.0,1.0
88147,0,1,3400,-52,52,-304,17,18,0.57,69099.601562,4,2.1,0.0,0.0,0.0,0.0,0.0,0.0,0.0,1.0
88396,0,1,3400,-52,52,-298,19,18,1.4,39617.531250,21,2.1,0.0,0.0,8127.490234,0,0.0,0.0,0.0,1.0
88645,0,1,3400,-52,52,-306,18,19,1.2,68685.257812,5,2.1,3.7,0.0,4876.494141,0,0.0,0.0,0.0,1.0
88894,0,1,3400,-52,52,-300,17,17,0.68,47107.570312,8,2.1,5.0,0.0,0.0,0.0,0.0,0.0,0.0,1.0
89143,0,1,3400,-52,52,-303,18,18,0.89,23139.441406,0,2.1,5.0,0.0,0.0,0.0,0.0,0.0,0.0,1.0
89392,0,1,3400,-52,52,-301,15,18,1.5,27776.000000,9,2.1,2.3,0.0,17920.000000,0,0.0,0.0,0.0,1.0
89641,0,1,3400,-52,52,-305,14,18,0.61,52015.937500,7,2.1,0.0,0.0,0.0,0.0,0.0,0.0,0.0,1.0
89890,0,1,3400,-52,52,-300,16,18,1.7,25338.644531,14,2.1,0.0,0.0,0.0,0.0,0.0,0.0,0.0,1.0
90139,0,1,3400,-52,52,-302,16,17,1.2,17211.156250,25,2.1,0.0,0.0,0.0,0.0,0.0,0.0,0.0,1.0
90388,0,1,3400,-52,52,-302,18,18,0.89,43219.125000,11,2.1,0.0,0.0,9944.222656,0,0.0,0.0,0.0,1.0
90637,0,1,3400,-52,52,-300,18,17,1.0,46278.882812,8,2.1,0.0,0.0,0.0,0.0,0.0,0.0,0.0,1.0
90886,0,1,3400,-52,52,-299,18,18,0.50,79458.164062,0,2.1,0.0,0.0,0.0,0.0,0.0,0.0,0.0,1.0
91135,0,1,3400,-52,52,-300,18,18,0.79,65280.000000,6,2.1,0.0,0.0,0.0,0.0,0.0,0.0,0.0,1.0
91384,0,1,3400,-52,52,-304,12,18,0.54,38247.011719,2,2.1,0.0,0.0,12334.661133,0,0.0,0.0,0.0,1.0
91633,0,1,3400,-52,52,-302,15,18,0.50,56988.046875,0,2.1,0.0,0.0,0.0,0.0,0.0,0.0,0.0,1.0
91882,0,1,3400,-52,52,-304,16,18,0.50,68207.171875,0,2.1,0.0,0.0,0.0,0.0,0.0,0.0,0.0,1.0
92131,0,1,3400,-52,52,-306,19,18,0.77,35505.976562,17,2.1,0.0,0.0,0.0,0.0,0.0,0.0,0.0,1.0
92380,0,1,3400,-52,52,-303,17,18,0.75,38629.480469,14,2.1,3.4,0.0,78342.632812,27,0.0,0.0,0.0,1.0
92629,0,1,3400,-52,52,-304,18,17,1.4,43091.632812,12,2.1,10,0.0,0.0,0.0,0.0,0.0,0.0,1.0
92878,0,1,3400,-52,52,-305,18,18,0.67,73568.000000,0,2.1,11,0.0,0.0,0.0,0.0,0.0,0.0,1.0
93127,0,1,3400,-52,52,-300,18,18,0.51,92398.406250,0,2.1,10,0.0,0.0,0.0,0.0,0.0,0.0,1.0
93376,0,1,3400,-52,52,-300,17,18,0.50,57019.921875,0,2.1,5.3,0.0,17721.115234,33,0.0,0.0,0.0,1.0
93625,0,1,3400,-52,52,-301,18,18,0.53,51250.996094,0,2.1,0.0,0.0,0.0,0.0,0.0,0.0,0.0,1.0
93874,0,1,3400,-52,52,-303,17,17,0.95,92111.554688,12,2.1,0.0,0.0,0.0,0.0,0.0,0.0,0.0,1.0
94123,0,1,3400,-52,52,-304,19,18,0.64,69864.539062,0,2.1,0.0,0.0,0.0,0.0,0.0,0.0,0.0,1.0
94372,0,1,3400,-52,52,-299,17,17,0.63,54948.207031,5,2.1,5.5,0.0,23394.421875,20,0.0,0.0,0.0,1.0
94621,0,1,3400,-52,52,-296,15,18,0.71,44079.679688,6,2.1,14,0.0,0.0,0.0,0.0,0.0,0.0,1.0
94870,0,1,3400,-52,52,-299,16,17,0.54,74326.695312,4,2.1,14,0.0,0.0,0.0,0.0,0.0,0.0,1.0
95119,0,1,3400,-52,52,-297,17,17,1.2,55075.695312,15,2.1,14,0.0,0.0,0.0,0.0,0.0,0.0,1.0
95368,0,1,3400,-52,52,-300,17,17,1.2,30916.333984,23,2.1,14,186,0.0,80,0.0,0.0,0.0,1.0
95617,0,1,3400,-52,52,-303,17,17,0.54,49529.878906,7,2.1,3.2,0.0,8031.872559,0,0.0,0.0,0.0,1.0
95866,0,1,3400,-52,52,-299,17,17,1.1,57338.644531,21,2.1,0.0,0.0,0.0,0.0,0.0,0.0,0.0,1.0
96115,0,1,3400,-52,52,-300,17,17,0.84,70496.000000,5,2.1,0.0,0.0,0.0,0.0,0.0,0.0,0.0,1.0
96364,0,1,3400,-52,52,-302,15,19,0.50,57752.988281,0,2.1,0.0,0.0,8127.490234,0,0.0,0.0,0.0,1.0
96613,0,1,3400,-52,52,-301,14,19,0.63,68589.640625,5,2.1,0.0,0.0,0.0,0.0,0.0,0.0,0.0,1.0
96862,0,1,3400,-52,52,-303,17,18,0.56,62501.992188,5,2.1,0.0,0.0,0.0,0.0,0.0,0.0,0.0,1.0
97111,0,1,3400,-52,52,-307,11,19,0.50,45800.796875,0,2.1,0.0,0.0,0.0,0.0,0.0,0.0,0.0,1.0
97360,0,1,3400,-52,52,-303,19,19,1.2,27760.957031,21,2.1,5.9,0.0,215043.828125,51,0.0,0.0,0.0,1.0
97609,0,1,3400,-52,52,-303,15,19,0.64,60302.789062,4,2.1,16,0.0,0.0,0.0,0.0,0.0,0.0,1.0
97858,0,1,3400,-52,52,-302,13,19,0.55,77088.000000,0,2.1,16,0.0,0.0,0.0,0.0,0.0,0.0,1.0
98107,0,1,3400,-52,52,-306,18,17,0.54,64541.832031,6,2.1,16,0.0,0.0,0.0,0.0,0.0,0.0,1.0
98356,0,1,3400,-52,52,-309,12,18,0.50,73434.265625,0,2.1,15,0.0,54852.589844,40,0.0,0.0,0.0,1.0
98605,0,1,3400,-52,52,-302,16,18,0.63,48350.597656,0,2.1,14,0.0,0.0,0.0,0.0,0.0,0.0,1.0
98854,0,1,3400,-52,52,-299,21,17,0.64,65466.136719,7,2.1,14,0.0,0.0,0.0,0.0,0.0,0.0,1.0
99103,0,1,3400,-52,52,-295,18,18,0.60,44589.640625,12,2.1,14,0.0,0.0,0.0,0.0,0.0,0.0,1.0
99352,0,1,3400,-52,52,-295,13,18,0.51,47394.421875,4,2.1,6.8,0.0,11920.318359,0,0.0,0.0,0.0,1.0
99601,0,1,3400,-52,52,-311,14,18,0.77,23458.167969,20,2.1,0.0,0.0,0.0,0.0,0.0,0.0,0.0,1.0
99850,0,1,3400,-52,52,-302,18,17,0.86,27104.000000,12,2.1,0.0,0.0,0.0,0.0,0.0,0.0,0.0,1.0
100099,0,1,3400,-52,52,-297,17,18,0.50,32924.304688,0,2.1,3.4,0.0,1019.920349,0,0.0,0.0,0.0,1.0
100348,0,1,3400,-52,52,-297,17,18,1.2,37904.761719,29,2.1,6.2,0.0,178126.984375,61,0.0,0.0,0.0,1.0
100597,0,1,3400,-52,52,-302,17,18,0.72,54278.882812,6,2.1,16,0.0,0.0,0.0,0.0,0.0,0.0,1.0
100846,0,1,3400,-52,52,-301,17,18,1.9,41721.117188,17,2.1,16,0.0,0.0,0.0,0.0,0.0,0.0,1.0
101095,0,1,3400,-52,52,-302,13,18,0.56,72956.171875,3,2.1,16,0.0,0.0,0.0,0.0,0.0,0.0,1.0
101344,0,1,3400,-52,52,-298,15,18,0.53,39808.765625,0,2.1,6.9,0.0,8127.490234,0,0.0,0.0,0.0,1.0
101593,0,1,3400,-52,52,-301,15,19,0.50,63296.000000,0,2.1,0.0,0.0,0.0,0.0,0.0,0.0,0.0,1.0
101842,0,1,3400,-52,52,-306,13,18,0.56,64318.726562,4,2.1,0.0,0.0,0.0,0.0,0.0,0.0,0.0,1.0
102091,0,1,3400,-52,52,-306,17,19,0.64,70788.843750,5,2.1,0.0,0.0,0.0,0.0,0.0,0.0,0.0,1.0
102340,0,1,3400,-53,53,-304,14,17,1.7,45800.796875,8,2.1,0.0,0.0,8127.490234,0,0.0,0.0,0.0,1.0
102589,0,1,3400,-52,52,-307,17,18,1.4,46278.882812,20,2.1,0.0,0.0,0.0,0.0,0.0,0.0,0.0,1.0
102838,0,1,3400,-52,52,-303,15,17,0.84,65561.750000,10,2.1,0.0,0.0,0.0,0.0,0.0,0.0,0.0,1.0
103087,0,1,3400,-52,52,-303,17,19,0.77,35378.484375,8,2.1,0.0,0.0,0.0,0.0,0.0,0.0,0.0,1.0
103336,0,1,3400,-52,52,-302,18,19,0.68,45728.000000,7,2.1,0.11,0.0,54208.000000,0,0.0,0.0,0.0,1.0
103585,0,1,3400,-52,52,-302,13,18,1.3,23203.187500,5,2.1,0.0,0.0,0.0,0.0,0.0,0.0,0.0,1.0
103834,0,1,3400,-52,52,-302,18,18,0.50,87681.273438,0,2.1,0.0,0.0,0.0,0.0,0.0,0.0,0.0,1.0
104083,0,1,3400,-52,52,-299,17,17,0.63,36780.875000,9,2.1,0.0,0.0,0.0,0.0,0.0,0.0,0.0,1.0
104332,0,1,3400,-53,53,-309,14,17,1.1,31235.060547,18,2.1,3.5,0.0,6693.227051,55,0.0,0.0,0.0,1.0
104581,0,1,3400,-52,52,-302,17,18,0.56,43392.000000,8,2.1,15,0.0,0.0,0.0,0.0,0.0,0.0,1.0
104830,0,1,3400,-52,52,-299,18,18,0.50,43219.125000,0,2.1,15,0.0,0.0,0.0,0.0,0.0,0.0,1.0
105079,0,1,3400,-52,52,-297,17,18,0.57,41402.390625,8,2.1,19,0.0,4876.494141,0,0.0,0.0,0.0,1.0
105328,0,1,3400,-52,52,-304,15,18,0.50,57274.902344,0,2.1,21,0.0,0.0,80,0.0,0.0,0.0,1.0
105577,0,1,3400,-52,52,-306,17,18,0.61,58996.015625,14,2.1,23,0.0,0.0,0.0,0.0,0.0,0.0,1.0
105826,0,1,3400,-52,52,-303,11,18,0.64,53428.570312,8,2.1,22,0.0,0.0,0.0,0.0,0.0,0.0,1.0
106075,0,1,3400,-52,52,-299,21,17,0.65,64988.046875,0,2.1,22,0.0,0.0,0.0,0.0,0.0,0.0,1.0
106324,0,1,3400,-52,52,-300,17,18,0.50,77992.031250,0,2.1,18,0.0,173768.921875,66,0.0,0.0,0.0,1.0
106573,0,1,3400,-52,52,-303,16,18,0.50,45705.179688,0,2.1,16,0.0,0.0,0.0,0.0,0.0,0.0,1.0
106822,0,1,3400,-52,52,-303,6.4,19,0.50,37632.000000,0,2.1,16,0.0,0.0,0.0,0.0,0.0,0.0,1.0
107071,0,1,3400,-52,52,-303,16,18,0.97,52047.808594,8,2.1,16,0.0,0.0,0.0,0.0,0.0,0.0,1.0
107320,0,1,3400,-52,52,-303,18,18,0.59,73274.898438,10,2.1,13,0.0,22501.992188,17,0.0,0.0,0.0,1.0
107569,0,1,3400,-52,52,-300,13,17,0.53,61800.796875,2,2.1,0.94,0.0,6820.717285,43,0.0,0.0,0.0,1.0
107818,0,1,3400,-52,52,-300,16,18,0.67,103298.804688,8,2.1,0.0,0.0,0.0,0.0,0.0,0.0,0.0,1.0
108067,0,1,3400,-52,52,-303,13,17,1.3,68143.429688,10,2.1,0.0,0.0,0.0,0.0,0.0,0.0,0.0,1.0
108316,0,1,3400,-52,52,-300,13,18,0.50,43104.000000,0,2.1,6.9,0.0,9824.000000,0,0.0,0.0,0.0,1.0
108565,0,1,3400,-52,52,-299,13,18,0.50,63043.824219,0,2.1,12,0.0,0.0,0.0,0.0,0.0,0.0,1.0
108814,0,1,3400,-52,52,-299,14,18,0.50,73211.156250,0,2.1,12,0.0,0.0,0.0,0.0,0.0,0.0,1.0
109063,0,1,3400,-52,52,-303,13,19,0.50,48350.597656,0,2.1,11,0.0,159,0,0.0,0.0,0.0,1.0
109312,0,1,3400,-52,52,-298,13,17,0.50,48764.941406,0,2.1,10,0.0,40924.304688,31,0.0,0.0,0.0,1.0
109561,0,1,3400,-52,52,-300,13,18,0.56,55745.019531,5,2.1,0.0,0.0,0.0,0.0,0.0,0.0,0.0,1.0
109810,0,1,3400,-52,52,-299,12,18,0.50,87649.406250,0,2.1,0.0,0.0,0.0,0.0,0.0,0.0,0.0,1.0
110059,0,1,3400,-52,52,-301,9.6,17,0.95,44672.000000,3,2.1,0.0,0.0,0.0,0.0,0.0,0.0,0.0,1.0
110308,0,1,3400,-52,52,-306,13,18,0.50,37928.285156,0,2.1,3.0,0.0,27888.445312,11,0.0,0.0,0.0,1.0
110557,0,1,3400,-52,52,-302,8.2,18,0.70,45003.984375,2,2.1,6.0,0.0,0.0,0.0,0.0,0.0,0.0,1.0
110806,0,1,3400,-52,52,-306,10,19,0.50,80446.218750,0,2.1,6.0,0.0,0.0,0.0,0.0,0.0,0.0,1.0
111055,0,1,3400,-52,52,-305,13,18,0.50,27091.632812,0,2.1,6.0,0.0,0.0,0.0,0.0,0.0,0.0,1.0
111304,0,1,3400,-52,52,-302,9.3,18,0.50,69354.578125,0,2.1,6.9,0.0,0.0,80,0.0,0.0,0.0,1.0
111553,0,1,3400,-52,52,-304,13,18,0.70,60749.003906,4,2.1,7.5,0.0,0.0,0.0,0.0,0.0,0.0,1.0
111802,0,1,3400,-52,52,-303,12,18,0.50,26016.000000,0,2.1,7.5,0.0,0.0,0.0,0.0,0.0,0.0,1.0
112051,0,1,3400,-52,52,-304,9.8,18,0.67,61099.601562,2,2.1,7.5,0.0,0.0,0.0,0.0,0.0,0.0,1.0
112300,0,1,3400,-52,52,-302,11,18,0.50,87235.062500,0,2.1,10,0.0,15521.912109,0,0.0,0.0,0.0,1.0
112549,0,1,3400,-52,52,-304,14,19,0.50,74741.039062,0,2.1,9.7,0.0,1179.282837,20,0.0,0.0,0.0,1.0
112798,0,1,3400,-52,52,-304,9.8,18,0.54,57784.859375,3,2.1,7.5,0.0,0.0,0.0,0.0,0.0,0.0,1.0
113047,0,1,3400,-52,52,-304,13,18,0.58,76589.640625,4,2.1,7.5,0.0,0.0,0.0,0.0,0.0,0.0,1.0
113296,0,1,3400,-52,52,-303,12,18,0.54,53035.855469,2,2.1,5.4,0.0,23936.255859,36,0.0,0.0,0.0,1.0
113545,0,1,3400,-52,52,-297,12,18,0.50,62240.000000,0,2.1,0.0,0.0,0.0,0.0,0.0,0.0,0.0,1.0
113794,0,1,3400,-52,52,-300,11,17,0.89,50741.035156,4,2.1,0.0,0.0,0.0,0.0,0.0,0.0,0.0,1.0
114043,0,1,3400,-52,52,-305,11,18,0.95,54980.078125,6,2.1,0.0,0.0,0.0,0.0,0.0,0.0,0.0,1.0
114292,0,1,3400,-52,52,-307,13,18,0.62,42932.269531,0,2.1,0.0,0.0,8127.490234,0,0.0,0.0,0.0,1.0
114541,0,1,3400,-52,52,-304,14,18,0.50,57625.496094,0,2.1,1.2,0.0,0.0,50,0.0,0.0,0.0,1.0
114790,0,1,3400,-52,52,-305,7.2,18,0.50,47521.914062,0,2.1,1.5,0.0,0.0,0.0,0.0,0.0,0.0,1.0
115039,0,1,3400,-52,52,-303,13,19,0.56,83091.632812,4,2.1,1.5,0.0,0.0,0.0,0.0,0.0,0.0,1.0
115288,0,1,3400,-52,52,-302,12,17,0.75,20653.386719,5,2.1,0.86,0.0,8127.490234,0,0.0,0.0,0.0,1.0
115537,0,1,3400,-52,52,-301,10,17,1.1,53504.000000,7,2.1,0.0,0.0,0.0,0.0,0.0,0.0,0.0,1.0
115786,0,1,3400,-52,52,-301,13,18,0.53,33816.734375,8,2.1,0.0,0.0,0.0,0.0,0.0,0.0,0.0,1.0
116035,0,1,3400,-52,52,-301,13,18,0.78,48159.363281,0,2.1,0.0,0.0,0.0,0.0,0.0,0.0,0.0,1.0
116284,0,1,3400,-52,52,-305,13,19,0.53,59091.632812,0,2.1,5.8,0.0,180175.296875,62,0.0,0.0,0.0,1.0
116533,0,1,3400,-52,52,-306,13,17,0.86,36494.023438,7,2.1,16,0.0,0.0,0.0,0.0,0.0,0.0,1.0
116782,0,1,3400,-52,52,-304,13,19,0.82,51474.105469,3,2.1,16,0.0,0.0,0.0,0.0,0.0,0.0,1.0
117031,0,1,3400,-52,52,-308,10,19,0.50,75888.445312,0,2.1,16,0.0,0.0,0.0,0.0,0.0,0.0,1.0
117280,0,1,3400,-52,52,-306,13,19,0.72,39648.000000,6,2.1,10,0.0,26880.000000,0,0.0,0.0,0.0,1.0
117529,0,1,3400,-52,52,-303,14,17,0.82,74103.585938,9,2.1,2.0,0.0,0.0,0.0,0.0,0.0,0.0,1.0
117778,0,1,3400,-52,52,-301,13,18,0.77,46470.121094,0,2.1,2.0,0.0,0.0,0.0,0.0,0.0,0.0,1.0
118027,0,1,3400,-52,52,-305,13,18,0.50,72000.000000,0,2.1,2.0,0.0,0.0,0.0,0.0,0.0,0.0,1.0
118276,0,1,3400,-52,52,-304,13,17,0.58,63011.953125,5,2.1,3.6,0.0,28175.298828,31,0.0,0.0,0.0,1.0
118525,0,1,3400,-52,52,-303,10.0,19,0.50,37864.542969,6,2.1,1.00,0.0,0.0,0.0,0.0,0.0,0.0,1.0
118774,0,1,3400,-52,52,-302,13,18,0.72,94183.265625,0,2.1,1.0,0.0,0.0,0.0,0.0,0.0,0.0,1.0
119023,0,1,3400,-52,52,-302,10,18,0.64,46944.000000,9,2.1,1.0,0.0,0.0,0.0,0.0,0.0,0.0,1.0
119272,0,1,3400,-52,52,-306,11,17,0.52,40223.109375,5,2.1,1.4,0.0,5513.944336,40,0.0,0.0,0.0,1.0
119521,0,1,3400,-52,52,-305,12,19,0.74,74103.585938,5,2.1,0.39,0.0,6948.207031,33,0.0,0.0,0.0,1.0
119770,0,1,3400,-52,52,-306,12,18,0.50,46023.906250,0,2.1,0.0,0.0,0.0,0.0,0.0,0.0,0.0,1.0
120019,0,1,3400,-52,52,-306,9.6,18,0.51,49370.519531,2,2.1,0.0,0.0,0.0,0.0,0.0,0.0,0.0,1.0
120268,0,1,3400,-52,52,-296,13,19,0.50,48382.468750,0,2.1,5.8,0.0,227219.125000,61,0.0,0.0,0.0,1.0
120517,0,1,3400,-52,52,-295,11,17,0.56,64382.468750,2,2.1,16,0.0,0.0,0.0,0.0,0.0,0.0,1.0
120766,0,1,3400,-52,52,-302,11,19,0.50,89024.000000,0,2.1,16,0.0,0.0,0.0,0.0,0.0,0.0,1.0
121015,0,1,3400,-52,52,-305,10,18,0.58,61131.472656,3,2.1,16,0.0,0.0,0.0,0.0,0.0,0.0,1.0
121264,0,1,3400,-52,52,-304,12,18,0.75,34613.546875,5,2.1,10,0.0,17976.095703,31,0.0,0.0,0.0,1.0
121513,0,1,3400,-52,52,-305,10.0,19,0.51,53705.179688,4,2.1,0.0,0.0,0.0,0.0,0.0,0.0,0.0,1.0
121762,0,1,3400,-52,52,-301,14,18,0.50,75282.867188,0,2.1,0.0,0.0,0.0,0.0,0.0,0.0,0.0,1.0
122011,0,1,3400,-52,52,-302,12,18,0.53,56509.960938,4,2.1,0.0,0.0,0.0,0.0,0.0,0.0,0.0,1.0
122260,0,1,3400,-52,52,-305,14,18,0.50,47203.187500,0,2.1,2.1,0.0,36749.003906,29,0.0,0.0,0.0,1.0
122509,0,1,3400,-52,52,-305,11,19,0.61,50912.000000,4,2.1,0.0,0.0,0.0,0.0,0.0,0.0,0.0,1.0
122758,0,1,3400,-52,52,-305,13,17,0.51,57593.625000,5,2.1,0.0,0.0,0.0,0.0,0.0,0.0,0.0,1.0
123007,0,1,3400,-52,52,-307,14,18,0.58,73402.390625,8,2.1,0.0,0.0,0.0,0.0,0.0,0.0,0.0,1.0
123256,0,1,3400,-52,52,-302,12,19,0.59,65115.539062,0,2.1,6.5,0.0,24414.341797,0,0.0,0.0,0.0,1.0
123505,0,1,3400,-52,52,-302,14,17,0.77,88956.171875,9,2.1,14,0.0,0.0,0.0,0.0,0.0,0.0,1.0
123754,0,1,3400,-52,52,-304,13,18,0.50,37928.285156,0,2.1,14,0.0,0.0,0.0,0.0,0.0,0.0,1.0
124003,0,1,3400,-52,52,-307,13,18,0.57,61258.964844,3,2.1,13,0.0,159,50,0.0,0.0,0.0,1.0
124252,0,1,3400,-52,52,-303,13,18,0.95,41051.792969,6,2.1,9.0,0.0,23936.255859,36,0.0,0.0,0.0,1.0
124501,0,1,3400,-52,52,-303,13,18,0.88,58112.000000,5,2.1,0.0,0.0,0.0,0.0,0.0,0.0,0.0,1.0
124750,0,1,3400,-52,52,-301,13,18,0.57,70278.882812,4,2.1,0.0,0.0,0.0,0.0,0.0,0.0,0.0,1.0
124999,0,1,3400,-52,52,-301,14,19,0.57,67505.976562,0,2.1,0.0,0.0,0.0,0.0,0.0,0.0,0.0,1.0
125248,0,1,3400,-52,52,-302,14,18,0.50,58741.035156,0,2.1,0.0,0.0,8031.872559,0,0.0,0.0,0.0,1.0
125497,0,1,3400,-52,52,-298,11,18,0.64,53545.816406,2,2.1,0.0,0.0,0.0,0.0,0.0,0.0,0.0,1.0
125746,0,1,3400,-52,52,-302,13,18,0.57,66592.000000,5,2.1,0.0,0.0,0.0,0.0,0.0,0.0,0.0,1.0
125995,0,1,3400,-52,52,-307,12,17,0.75,64892.429688,4,2.1,0.0,0.0,0.0,0.0,0.0,0.0,0.0,1.0
126244,0,1,3400,-52,52,-305,14,19,0.93,49784.859375,5,2.1,5.8,0.0,177944.218750,57,0.0,0.0,0.0,1.0
126493,0,1,3400,-52,52,-312,13,18,0.56,59888.445312,8,2.1,16,0.0,0.0,0.0,0.0,0.0,0.0,1.0
126742,0,1,3400,-52,52,-306,8.7,18,0.58,59824.703125,2,2.1,16,0.0,0.0,0.0,0.0,0.0,0.0,1.0
126991,0,1,3400,-52,52,-299,11,19,0.68,99697.210938,3,2.1,16,0.0,0.0,0.0,0.0,0.0,0.0,1.0
127240,0,1,3400,-52,52,-304,10.0,17,0.50,59984.062500,0,2.1,10,0.0,27410.359375,31,0.0,0.0,0.0,1.0
127489,0,1,3400,-52,52,-305,12,18,0.65,66613.546875,2,2.1,0.0,0.0,0.0,0.0,0.0,0.0,0.0,1.0
127738,0,1,3400,-52,52,-303,11,18,0.61,68832.000000,6,2.1,0.0,0.0,0.0,0.0,0.0,0.0,0.0,1.0
127987,0,1,3400,-52,52,-302,10,18,0.68,34581.671875,4,2.1,0.0,0.0,0.0,0.0,0.0,0.0,0.0,1.0
128236,0,1,3400,-52,52,-308,12,18,0.50,70693.226562,0,2.1,0.0,0.0,8127.490234,0,0.0,0.0,0.0,1.0
128485,0,1,3400,-52,52,-305,13,18,0.87,46023.906250,14,2.1,0.0,0.0,0.0,0.0,0.0,0.0,0.0,1.0
128734,0,1,3400,-52,52,-305,13,18,0.56,52621.515625,10,2.1,0.0,0.0,0.0,0.0,0.0,0.0,0.0,1.0
128983,0,1,3400,-52,52,-302,15,18,0.50,52621.515625,0,2.1,0.0,0.0,0.0,0.0,0.0,0.0,0.0,1.0
129232,0,1,3400,-52,52,-304,14,17,0.50,32924.304688,0,2.1,3.4,0.0,11920.318359,45,0.0,0.0,0.0,1.0
129481,0,1,3400,-52,52,-305,9.7,18,0.70,42039.839844,6,2.1,1.7,0.0,7968.127441,43,0.0,0.0,0.0,1.0
129730,0,1,3400,-52,52,-303,14,18,0.60,71776.000000,6,2.1,0.0,0.0,0.0,0.0,0.0,0.0,0.0,1.0
129979,0,1,3400,-52,52,-307,13,17,0.50,32573.705078,0,2.1,0.0,0.0,0.0,0.0,0.0,0.0,0.0,1.0
130228,0,1,3400,-52,52,-303,13,17,1.5,17529.880859,25,2.1,0.0,186,0.0,0.0,0.0,0.0,0.0,1.0
130477,0,1,3400,-52,52,-302,9.3,18,1.2,44015.937500,6,2.1,0.82,0.0,12462.151367,36,0.0,0.0,0.0,1.0
130726,0,1,3400,-52,52,-298,12,17,0.50,41243.027344,0,2.1,0.67,0.0,159,60,0.0,0.0,0.0,1.0
130975,0,1,3400,-52,52,-298,11,18,0.50,66772.906250,0,2.1,1.5,0.0,0.0,0.0,0.0,0.0,0.0,1.0
131224,0,1,3400,-52,52,-302,12,18,0.50,61737.050781,0,2.1,2.9,0.0,27410.359375,31,0.0,0.0,0.0,1.0
131473,0,1,3400,-52,52,-303,12,18,0.50,59712.000000,0,2.1,0.0,0.0,0.0,0.0,0.0,0.0,0.0,1.0
131722,0,1,3400,-52,52,-304,13,18,0.53,87585.656250,0,2.1,0.0,0.0,0.0,0.0,0.0,0.0,0.0,1.0
131971,0,1,3400,-52,52,-305,13,17,0.50,77003.984375,0,2.1,0.0,0.0,0.0,0.0,0.0,0.0,0.0,1.0
132220,0,1,3400,-52,52,-304,8.8,18,0.96,28334.662109,3,2.1,4.6,0.0,21035.857422,11,0.0,0.0,0.0,1.0
132469,0,1,3400,-52,52,-301,11,18,0.50,43824.703125,0,2.1,12,0.0,0.0,0.0,0.0,0.0,0.0,1.0
132718,0,1,3400,-52,52,-302,13,18,0.81,54884.460938,14,2.1,12,0.0,0.0,0.0,0.0,0.0,0.0,1.0
132967,0,1,3400,-52,52,-304,13,18,0.54,54055.777344,0,2.1,12,0.0,0.0,0.0,0.0,0.0,0.0,1.0
133216,0,1,3400,-52,52,-300,11,19,0.50,38176.000000,0,2.1,12,0.0,41088.000000,31,0.0,0.0,0.0,1.0
133465,0,1,3400,-52,52,-300,11,19,0.50,48573.707031,0,2.1,0.0,0.0,0.0,0.0,0.0,0.0,0.0,1.0
133714,0,1,3400,-52,52,-303,14,17,0.50,43920.320312,0,2.1,0.084,0.0,0.0,50,0.0,0.0,0.0,1.0
133963,0,1,3400,-52,52,-303,15,18,0.91,64573.707031,5,2.1,1.5,0.0,159,0,0.0,0.0,0.0,1.0
134212,0,1,3400,-52,52,-310,12,17,0.89,57370.519531,2,2.1,2.0,0.0,3474.103516,50,0.0,0.0,0.0,1.0
134461,0,1,3400,-52,52,-307,13,18,0.53,51888.445312,5,2.1,9.0,0.0,0.0,100.000000,0.0,0.0,0.0,1.0
134710,0,1,3400,-52,52,-304,14,19,0.68,95298.804688,2,2.1,9.0,0.0,159,0,0.0,0.0,0.0,1.0
134959,0,1,3400,-52,52,-306,15,19,0.56,33632.000000,8,2.1,9.0,0.0,0.0,0.0,0.0,0.0,0.0,1.0
135208,0,1,3400,-52,52,-305,15,18,0.61,107474.101562,6,2.1,11,0.0,19505.976562,44,0.0,0.0,0.0,1.0
135457,0,1,3400,-52,52,-306,13,18,0.68,67569.718750,8,2.1,0.94,0.0,7968.127441,50,0.0,0.0,0.0,1.0
135706,0,1,3400,-52,52,-302,14,19,1.0,39904.382812,20,2.1,0.0,0.0,0.0,0.0,0.0,0.0,0.0,1.0
135955,0,1,3400,-52,52,-307,13,18,0.56,59792.828125,0,2.1,0.26,0.0,159,33,0.0,0.0,0.0,1.0
136204,0,1,3400,-52,52,-303,13,18,0.50,37673.308594,0,2.1,6.7,0.0,289657.375000,55,0.0,0.0,0.0,1.0
136453,0,1,3400,-52,52,-295,6.8,18,0.50,69067.726562,0,2.1,16,0.0,0.0,0.0,0.0,0.0,0.0,1.0
136702,0,1,3400,-52,52,-298,11,19,0.71,37600.000000,2,2.1,16,0.0,0.0,0.0,0.0,0.0,0.0,1.0
136951,0,1,3400,-52,52,-297,12,18,0.52,73657.367188,2,2.1,16,0.0,0.0,0.0,0.0,0.0,0.0,1.0
137200,0,1,3400,-52,52,-300,9.4,17,1.0,33402.390625,2,2.1,14,0.0,28812.748047,31,0.0,0.0,0.0,1.0
137449,0,1,3400,-52,52,-307,13,18,0.52,52494.023438,0,2.1,9.4,0.0,159,0,0.0,0.0,0.0,1.0
137698,0,1,3400,-52,52,-306,11,18,0.70,56318.726562,3,2.1,7.5,0.0,0.0,0.0,0.0,0.0,0.0,1.0
137947,0,1,3400,-52,52,-309,12,19,0.50,46788.843750,0,2.1,7.5,0.0,0.0,0.0,0.0,0.0,0.0,1.0
138196,0,1,3400,-52,52,-304,13,18,0.50,59474.105469,0,2.1,7.8,0.0,5513.944336,57,0.0,0.0,0.0,1.0
138445,0,1,3400,-52,52,-308,11,19,0.58,71456.000000,2,2.1,6.0,0.0,0.0,0.0,0.0,0.0,0.0,1.0
138694,0,1,3400,-52,52,-308,11,18,0.54,55139.441406,2,2.1,6.0,0.0,0.0,0.0,0.0,0.0,0.0,1.0
138943,0,1,3400,-52,52,-307,6.1,18,0.81,63298.804688,1,2.1,6.0,0.0,0.0,0.0,0.0,0.0,0.0,1.0
139192,0,1,3400,-52,52,-304,13,19,0.50,54183.265625,0,2.1,11,0.0,49115.539062,45,0.0,0.0,0.0,1.0
139441,0,1,3400,-52,52,-303,9.2,19,0.50,60589.640625,0,2.1,0.0,0.0,4366.533691,0,0.0,0.0,0.0,1.0
139690,0,1,3400,-52,52,-306,9.9,17,0.54,80127.492188,0,2.1,0.0,0.0,0.0,0.0,0.0,0.0,0.0,1.0
139939,0,1,3400,-52,52,-309,9.1,19,0.90,63458.167969,3,2.1,0.0,0.0,0.0,0.0,0.0,0.0,0.0,1.0
140188,0,1,3400,-52,52,-303,16,18,0.54,43936.000000,7,2.1,4.9,0.0,19584.000000,42,0.0,0.0,0.0,1.0
140437,0,1,3400,-52,52,-303,14,18,0.53,46693.226562,6,2.1,0.0,0.0,3984.063721,0,0.0,0.0,0.0,1.0
140686,0,1,3400,-52,52,-301,11,19,0.50,60430.277344,0,2.1,0.0,0.0,0.0,0.0,0.0,0.0,0.0,1.0
140935,0,1,3400,-52,52,-304,8.5,17,0.56,43314.742188,6,2.1,0.0,0.0,0.0,0.0,0.0,0.0,0.0,1.0
141184,0,1,3400,-52,52,-308,10,18,0.60,56956.175781,2,2.1,3.0,0.0,28175.298828,31,0.0,0.0,0.0,1.0
141433,0,1,3400,-52,52,-306,10,18,0.50,46215.140625,0,2.1,2.0,0.0,0.0,0.0,0.0,0.0,0.0,1.0
141682,0,1,3400,-52,52,-306,10,18,0.51,84079.679688,1,2.1,2.0,0.0,0.0,0.0,0.0,0.0,0.0,1.0
141931,0,1,3400,-52,52,-309,14,18,0.65,63171.316406,8,2.1,2.0,0.0,0.0,0.0,0.0,0.0,0.0,1.0
142180,0,1,3400,-52,52,-302,11,18,0.54,61664.000000,2,2.1,3.9,0.0,28288.000000,31,0.0,0.0,0.0,1.0
142429,0,1,3400,-52,52,-304,13,18,0.88,50645.417969,9,2.1,2.0,0.0,0.0,0.0,0.0,0.0,0.0,1.0
142678,0,1,3400,-52,52,-302,11,19,0.50,54406.375000,0,2.1,2.8,0.0,1019.920349,0,0.0,0.0,0.0,1.0
142927,0,1,3400,-52,52,-301,7.3,18,0.51,107123.507812,0,2.1,5.1,0.0,159,0,0.0,0.0,0.0,1.0
143176,0,1,3400,-52,52,-308,11,18,0.54,49051.792969,2,2.1,10,0.0,23394.421875,0,0.0,0.0,0.0,1.0
143425,0,1,3400,-52,52,-303,12,18,0.50,43410.359375,0,2.1,14,0.0,0.0,0.0,0.0,0.0,0.0,1.0
143674,0,1,3400,-52,52,-300,13,18,0.50,21504.000000,0,2.1,11,0.0,160,0,0.0,0.0,0.0,1.0
143923,0,1,3400,-52,52,-303,12,17,0.69,86884.460938,3,2.1,7.5,0.0,0.0,0.0,0.0,0.0,0.0,1.0
144172,0,1,3400,-52,52,-310,11,18,0.71,67091.632812,4,2.1,7.7,0.0,15521.912109,42,0.0,0.0,0.0,1.0
144421,0,1,3400,-52,52,-307,11,18,0.86,67027.890625,1,2.1,6.8,0.0,159,0,0.0,0.0,0.0,1.0
144670,0,1,3400,-52,52,-310,12,19,0.51,38087.648438,0,2.1,8.0,0.0,159,0,0.0,0.0,0.0,1.0
144919,0,1,3400,-52,52,-304,11,18,0.51,89306.773438,2,2.1,8.0,0.0,0.0,0.0,0.0,0.0,0.0,1.0
145168,0,1,3400,-52,52,-304,7.5,18,0.64,52334.660156,1,2.1,5.7,0.0,23936.255859,36,0.0,0.0,0.0,1.0
145417,0,1,3400,-52,52,-301,12,18,0.68,52940.238281,8,2.1,0.0,0.0,0.0,0.0,0.0,0.0,0.0,1.0
145666,0,1,3400,-52,52,-303,13,18,0.50,36320.000000,0,2.1,0.0,0.0,0.0,0.0,0.0,0.0,0.0,1.0
145915,0,1,3400,-52,52,-310,11,19,0.79,40828.683594,4,2.1,0.0,0.0,0.0,0.0,0.0,0.0,0.0,1.0
146164,0,1,3400,-52,52,-310,13,18,1.5,40605.578125,12,2.1,0.70,0.0,12621.513672,40,0.0,0.0,0.0,1.0
146413,0,1,3400,-52,52,-304,13,19,0.70,51888.445312,9,2.1,0.0,0.0,0.0,0.0,0.0,0.0,0.0,1.0
146662,0,1,3400,-52,52,-307,13,17,1.5,52589.640625,10,2.1,0.0,0.0,0.0,0.0,0.0,0.0,0.0,1.0
146911,0,1,3400,-52,52,-304,12,18,1.4,25784.861328,3,2.1,0.0,0.0,0.0,0.0,0.0,0.0,0.0,1.0
147160,0,1,3400,-52,52,-304,12,18,0.84,44270.917969,11,2.1,0.0,0.0,8127.490234,0,0.0,0.0,0.0,1.0
147409,0,1,3400,-52,52,-304,12,19,0.58,102725.101562,4,2.1,1.3,0.0,159,33,0.0,0.0,0.0,1.0
147658,0,1,3400,-52,52,-304,10,18,0.64,83474.101562,2,2.1,1.5,0.0,0.0,0.0,0.0,0.0,0.0,1.0
147907,0,1,3400,-52,52,-305,13,17,0.50,43328.000000,0,2.1,1.5,0.0,0.0,0.0,0.0,0.0,0.0,1.0
148156,0,1,3400,-52,52,-304,14,18,0.50,64733.066406,0,2.1,8.1,0.0,26772.908203,0,0.0,0.0,0.0,1.0
148405,0,1,3400,-52,52,-309,9.5,18,0.97,51187.250000,2,2.1,14,0.0,0.0,0.0,0.0,0.0,0.0,1.0
148654,0,1,3400,-52,52,-300,9.8,18,0.51,90135.460938,0,2.1,14,0.0,0.0,0.0,0.0,0.0,0.0,1.0
148903,0,1,3400,-52,52,-303,15,17,0.50,30661.355469,0,2.1,10,0.0,159,0,0.0,0.0,0.0,1.0
149152,0,1,3400,-52,52,-305,12,18,0.50,103552.000000,0,2.1,5.1,0.0,16864.000000,31,0.0,0.0,0.0,1.0
149401,0,1,3400,-52,52,-308,16,17,0.50,56952.382812,0,2.1,6.0,0.0,1015.872986,0,0.0,0.0,0.0,1.0
149650,0,1,3400,-52,52,-306,9.3,18,0.58,63745.019531,2,2.1,8.0,0.0,0.0,0.0,0.0,0.0,0.0,1.0
149899,0,1,3400,-52,52,-306,13,19,0.56,45195.218750,5,2.1,8.0,0.0,0.0,0.0,0.0,0.0,0.0,1.0
150148,0,1,3400,-52,52,-306,10,17,0.81,45450.199219,4,2.1,9.8,0.0,239617.531250,56,0.0,0.0,0.0,1.0
150397,0,1,3400,-52,52,-304,12,18,0.57,96828.687500,4,2.1,16,0.0,0.0,0.0,0.0,0.0,0.0,1.0
150646,0,1,3400,-52,52,-305,12,18,0.72,31681.275391,13,2.1,16,0.0,0.0,0.0,0.0,0.0,0.0,1.0
150895,0,1,3400,-52,52,-304,13,18,0.50,29482.072266,0,2.1,16,0.0,0.0,0.0,0.0,0.0,0.0,1.0
151144,0,1,3400,-52,52,-306,7.4,18,0.54,50996.015625,4,2.1,14,0.0,28908.367188,0,0.0,0.0,0.0,1.0
151393,0,1,3400,-52,52,-310,11,17,0.61,64608.000000,8,2.1,14,0.0,0.0,0.0,0.0,0.0,0.0,1.0
151642,0,1,3400,-52,52,-309,12,18,0.75,50390.437500,2,2.1,14,0.0,0.0,0.0,0.0,0.0,0.0,1.0
151891,0,1,3400,-52,52,-306,14,18,0.88,41274.902344,6,2.1,14,0.0,0.0,0.0,0.0,0.0,0.0,1.0
152140,0,1,3400,-52,52,-303,11,18,0.70,21163.345703,3,2.1,7.9,0.0,23936.255859,36,0.0,0.0,0.0,1.0
152389,0,1,3400,-52,52,-303,10,18,1.6,44780.875000,5,2.1,0.0,0.0,0.0,0.0,0.0,0.0,0.0,1.0
152638,0,1,3400,-52,52,-303,13,18,0.52,23617.529297,9,2.1,0.0,0.0,0.0,0.0,0.0,0.0,0.0,1.0
152887,0,1,3400,-52,52,-303,13,17,0.61,104318.726562,3,2.1,0.0,0.0,0.0,0.0,0.0,0.0,0.0,1.0
153136,0,1,3400,-52,52,-301,8.4,18,0.54,56576.000000,2,2.1,0.0,0.0,5536.000000,0,0.0,0.0,0.0,1.0
153385,0,1,3400,-52,52,-300,11,17,1.1,41721.117188,8,2.1,2.3,0.0,24095.617188,31,0.0,0.0,0.0,1.0
153634,0,1,3400,-52,52,-301,12,18,0.72,72000.000000,4,2.1,0.0,0.0,0.0,0.0,0.0,0.0,0.0,1.0
153883,0,1,3400,-52,52,-304,13,19,0.50,58804.781250,0,2.1,0.0,0.0,0.0,0.0,0.0,0.0,0.0,1.0
154132,0,1,3400,-52,52,-309,12,18,0.50,72605.578125,0,2.1,0.82,0.0,11059.760742,36,0.0,0.0,0.0,1.0
154381,0,1,3400,-52,52,-304,11,18,1.0,41784.859375,11,2.1,0.0,0.0,0.0,0.0,0.0,0.0,0.0,1.0
154630,0,1,3400,-52,52,-303,8.8,17,1.1,7872.509766,5,2.1,0.0,0.0,0.0,0.0,0.0,0.0,0.0,1.0
154879,0,1,3400,-52,52,-301,14,18,1.0,27200.000000,0,2.1,0.0,0.0,0.0,0.0,0.0,0.0,0.0,1.0
155128,0,1,3400,-52,52,-302,13,18,0.72,46183.265625,6,2.1,0.0,0.0,7968.127441,0,0.0,0.0,0.0,1.0
155377,0,1,3400,-52,52,-311,13,18,0.77,61864.542969,5,2.1,0.0,0.0,0.0,0.0,0.0,0.0,0.0,1.0
155626,0,1,3400,-52,52,-308,13,18,0.86,53035.855469,9,2.1,0.0,0.0,0.0,0.0,0.0,0.0,0.0,1.0
155875,0,1,3400,-52,52,-311,12,19,0.50,73274.898438,0,2.1,0.0,0.0,0.0,0.0,0.0,0.0,0.0,1.0
156124,0,1,3400,-52,52,-308,13,18,0.50,59601.593750,0,2.1,4.4,0.0,0.0,80,0.0,0.0,0.0,1.0
156373,0,1,3400,-52,52,-310,13,19,0.50,64573.707031,0,2.1,7.5,0.0,0.0,0.0,0.0,0.0,0.0,1.0
156622,0,1,3400,-52,52,-305,15,18,0.72,63872.511719,5,2.1,7.5,0.0,0.0,0.0,0.0,0.0,0.0,1.0
156871,0,1,3400,-52,52,-299,13,19,0.50,61216.000000,0,2.1,7.5,0.0,0.0,0.0,0.0,0.0,0.0,1.0
157120,0,1,3400,-52,52,-298,7.7,18,0.74,47617.531250,2,2.1,9.8,0.0,66996.015625,44,0.0,0.0,0.0,1.0
157369,0,1,3400,-52,52,-302,9.2,17,0.50,41498.007812,0,2.1,14,0.0,0.0,0.0,0.0,0.0,0.0,1.0
157618,0,1,3400,-52,52,-310,12,17,0.50,52876.492188,0,2.1,14,0.0,0.0,0.0,0.0,0.0,0.0,1.0
157867,0,1,3400,-52,52,-304,16,18,1.3,64828.683594,10,2.1,14,0.0,0.0,0.0,0.0,0.0,0.0,1.0
158116,0,1,3400,-52,52,-303,14,18,0.61,49912.351562,5,2.1,13,0.0,9784.860352,0,0.0,0.0,0.0,1.0
158365,0,1,3400,-52,52,-301,10,18,0.53,81402.390625,2,2.1,12,0.0,0.0,0.0,0.0,0.0,0.0,1.0
158614,0,1,3400,-52,52,-306,10,18,0.51,51360.000000,0,2.1,12,0.0,0.0,0.0,0.0,0.0,0.0,1.0
158863,0,1,3400,-52,52,-305,13,17,0.63,25529.880859,18,2.1,12,0.0,0.0,0.0,0.0,0.0,0.0,1.0
159112,0,1,3400,-52,52,-306,16,18,1.3,26231.076172,22,2.1,13,0.0,40382.468750,25,0.0,0.0,0.0,1.0
159361,0,1,3400,-52,52,-305,12,19,1.1,39713.148438,2,2.1,14,0.0,0.0,0.0,0.0,0.0,0.0,1.0
159610,0,1,3400,-52,52,-304,13,18,0.50,32509.960938,0,2.1,14,0.0,0.0,0.0,0.0,0.0,0.0,1.0
159859,0,1,3400,-52,52,-301,13,17,0.61,94278.882812,3,2.1,14,0.0,0.0,0.0,0.0,0.0,0.0,1.0
160108,0,1,3400,-52,52,-305,13,18,0.68,79713.148438,3,2.1,14,0.0,40382.468750,0,0.0,0.0,0.0,1.0
160357,0,1,3400,-52,52,-305,11,17,0.67,61856.000000,3,2.1,15,0.0,0.0,0.0,0.0,0.0,0.0,1.0
160606,0,1,3400,-52,52,-303,12,18,0.56,35537.847656,0,2.1,15,0.0,0.0,0.0,0.0,0.0,0.0,1.0
160855,0,1,3400,-52,52,-304,11,19,1.0,57274.902344,4,2.1,15,0.0,0.0,0.0,0.0,0.0,0.0,1.0
161104,0,1,3400,-52,52,-309,14,18,0.54,33784.859375,8,2.1,15,0.0,0.0,80,0.0,0.0,0.0,1.0
161353,0,1,3400,-52,52,-303,14,17,0.52,88382.468750,0,2.1,13,0.0,159,33,0.0,0.0,0.0,1.0
161602,0,1,3400,-52,52,-305,13,17,1.3,33338.644531,18,2.1,9.0,0.0,0.0,0.0,0.0,0.0,0.0,1.0
161851,0,1,3400,-52,52,-305,11,18,0.50,51027.886719,0,2.1,9.0,0.0,0.0,0.0,0.0,0.0,0.0,1.0
162100,0,1,3400,-52,52,-309,10,18,0.50,39171.316406,0,2.1,11,186,3474.103516,57,0.0,0.0,0.0,1.0
162349,0,1,3400,-52,52,-308,12,19,0.50,48896.000000,0,2.1,1.1,0.0,8160.000000,0,0.0,0.0,0.0,1.0
162598,0,1,3400,-52,52,-310,13,18,0.50,82422.312500,0,2.1,0.0,0.0,0.0,0.0,0.0,0.0,0.0,1.0
162847,0,1,3400,-52,52,-311,10.0,18,0.50,64095.617188,0,2.1,0.0,0.0,0.0,0.0,0.0,0.0,0.0,1.0
163096,0,1,3400,-52,52,-303,19,18,0.50,66581.671875,0,2.1,0.0,0.0,8127.490234,0,0.0,0.0,0.0,1.0
163345,0,1,3400,-52,52,-297,11,18,0.59,51824.703125,0,2.1,0.0,0.0,0.0,0.0,0.0,0.0,0.0,1.0
163594,0,1,3400,-52,52,-301,13,18,0.55,37928.285156,0,2.1,0.0,0.0,0.0,0.0,0.0,0.0,0.0,1.0
163843,0,1,3400,-52,52,-306,9.2,18,0.93,72701.195312,2,2.1,0.0,0.0,0.0,0.0,0.0,0.0,0.0,1.0
164092,0,1,3400,-52,52,-306,13,17,0.50,41051.792969,0,2.1,1.3,0.0,10581.672852,44,0.0,0.0,0.0,1.0
164341,0,1,3400,-52,52,-306,12,18,0.77,41536.000000,3,2.1,8.2,0.0,3776.000000,25,0.0,0.0,0.0,1.0
164590,0,1,3400,-52,52,-304,14,18,0.89,35091.632812,6,2.1,1.5,0.0,0.0,0.0,0.0,0.0,0.0,1.0
164839,0,1,3400,-52,52,-304,13,18,0.50,69386.453125,0,2.1,1.5,0.0,0.0,0.0,0.0,0.0,0.0,1.0
165088,0,1,3400,-52,52,-306,14,18,0.50,63458.167969,0,2.1,1.5,186,0.0,0.0,0.0,0.0,0.0,1.0
165337,0,1,3400,-52,52,-304,11,18,0.50,46980.078125,0,2.1,2.2,0.0,23936.255859,36,0.0,0.0,0.0,1.0
165586,0,1,3400,-52,52,-302,10,18,0.50,64318.726562,0,2.1,0.064,0.0,0.0,0.0,0.0,0.0,0.0,1.0
165835,0,1,3400,-52,52,-302,13,18,0.50,75856.570312,0,2.1,0.0,0.0,0.0,0.0,0.0,0.0,0.0,1.0
166084,0,1,3400,-52,52,-301,11,19,0.50,62784.000000,0,2.1,0.0,0.0,15744.000000,0,0.0,0.0,0.0,1.0
166333,0,1,3400,-52,52,-306,13,17,0.96,28653.386719,8,2.1,0.28,0.0,159,0,0.0,0.0,0.0,1.0
166582,0,1,3400,-52,52,-306,14,19,0.55,88956.171875,3,2.1,1.5,0.0,0.0,0.0,0.0,0.0,0.0,1.0
166831,0,1,3400,-52,52,-306,8.5,18,0.51,56031.871094,0,2.1,1.5,0.0,0.0,0.0,0.0,0.0,0.0,1.0
167080,0,1,3400,-52,52,-308,15,18,0.70,69099.601562,5,2.1,6.2,0.0,23394.421875,20,0.0,0.0,0.0,1.0
167329,0,1,3400,-52,52,-305,18,18,0.50,47043.824219,0,2.1,14,0.0,0.0,0.0,0.0,0.0,0.0,1.0
167578,0,1,3400,-52,52,-302,14,18,1.2,84302.789062,2,2.1,14,0.0,0.0,0.0,0.0,0.0,0.0,1.0
167827,0,1,3400,-52,52,-306,11,18,0.56,57728.000000,3,2.1,11,0.0,160,33,0.0,0.0,0.0,1.0
168076,0,1,3400,-52,52,-308,11,17,0.53,71968.125000,3,2.1,7.5,0.0,23936.255859,36,0.0,0.0,0.0,1.0
168325,0,1,3400,-52,52,-303,14,18,0.50,58454.183594,0,2.1,0.0,0.0,0.0,0.0,0.0,0.0,0.0,1.0
168574,0,1,3400,-52,52,-303,9.4,19,0.57,89370.515625,1,2.1,0.0,0.0,0.0,0.0,0.0,0.0,0.0,1.0
168823,0,1,3400,-52,52,-305,12,18,0.64,25529.880859,0,2.1,0.0,0.0,0.0,0.0,0.0,0.0,0.0,1.0
169072,0,1,3400,-52,52,-304,15,18,0.50,58486.054688,0,2.1,5.8,0.0,171952.187500,61,0.0,0.0,0.0,1.0
169321,0,1,3400,-52,52,-305,14,19,0.52,74549.804688,0,2.1,16,0.0,0.0,0.0,0.0,0.0,0.0,1.0
169570,0,1,3400,-52,52,-308,12,18,0.84,58272.000000,6,2.1,16,0.0,0.0,0.0,0.0,0.0,0.0,1.0
169819,0,1,3400,-52,52,-304,11,17,1.1,53928.285156,5,2.1,16,0.0,0.0,0.0,0.0,0.0,0.0,1.0
170068,0,1,3400,-52,52,-306,12,17,0.57,62693.226562,2,2.1,14,0.0,26868.525391,0,0.0,0.0,0.0,1.0
170317,0,1,3400,-52,52,-310,15,17,0.89,34772.910156,8,2.1,14,0.0,0.0,0.0,0.0,0.0,0.0,1.0
170566,0,1,3400,-52,52,-307,12,17,0.89,57784.859375,7,2.1,14,0.0,0.0,0.0,0.0,0.0,0.0,1.0
170815,0,1,3400,-52,52,-305,12,18,0.79,28143.425781,0,2.1,14,0.0,0.0,0.0,0.0,0.0,0.0,1.0
171064,0,1,3400,-52,52,-304,13,17,0.50,42944.000000,0,2.1,14,0.0,0.0,80,0.0,0.0,0.0,1.0
171313,0,1,3400,-52,52,-301,15,18,0.74,58613.546875,5,2.1,14,0.0,0.0,0.0,0.0,0.0,0.0,1.0
171562,0,1,3400,-52,52,-310,9.9,17,0.68,66677.289062,2,2.1,13,0.0,0.0,0.0,0.0,0.0,0.0,1.0
171811,0,1,3400,-52,52,-306,14,18,0.50,30948.207031,0,2.1,14,0.0,0.0,0.0,0.0,0.0,0.0,1.0
172060,0,1,3400,-52,52,-305,14,18,0.59,88573.703125,6,2.1,8.0,0.0,8031.872559,0,0.0,0.0,0.0,1.0
172309,0,1,3400,-52,52,-307,15,18,0.99,48637.449219,4,2.1,0.0,0.0,0.0,0.0,0.0,0.0,0.0,1.0
172558,0,1,3400,-52,52,-306,11,18,0.50,44908.367188,0,2.1,0.0,0.0,0.0,0.0,0.0,0.0,0.0,1.0
172807,0,1,3400,-52,52,-305,15,18,0.50,37216.000000,0,2.1,0.0,0.0,0.0,0.0,0.0,0.0,0.0,1.0
173056,0,1,3400,-52,52,-304,13,18,0.99,51888.445312,9,2.1,0.82,0.0,16446.214844,31,0.0,0.0,0.0,1.0
173305,0,1,3400,-52,52,-303,9.6,18,0.50,74390.437500,0,2.1,0.0,0.0,0.0,0.0,0.0,0.0,0.0,1.0
173554,0,1,3400,-52,52,-305,13,17,0.58,80669.320312,7,2.1,0.0,0.0,0.0,0.0,0.0,0.0,0.0,1.0
173803,0,1,3400,-52,52,-307,13,18,0.54,39490.039062,6,2.1,0.0,0.0,0.0,0.0,0.0,0.0,0.0,1.0
174052,0,1,3400,-52,52,-307,10,19,0.64,98932.273438,1,2.1,0.0,0.0,12334.661133,0,0.0,0.0,0.0,1.0
174301,0,1,3400,-52,52,-301,9.2,18,0.52,62470.121094,0,2.1,3.9,0.0,1019.920349,33,0.0,0.0,0.0,1.0
174550,0,1,3400,-52,52,-306,13,18,0.72,81115.539062,6,2.1,4.0,0.0,0.0,0.0,0.0,0.0,0.0,1.0
174799,0,1,3400,-52,52,-312,10.0,18,0.61,51856.574219,2,2.1,4.0,0.0,0.0,0.0,0.0,0.0,0.0,1.0
175048,0,1,3400,-52,52,-307,12,18,0.50,53696.000000,0,2.1,1.7,0.0,8160.000000,0,0.0,0.0,0.0,1.0
175297,0,1,3400,-52,52,-308,14,17,1.1,58039.839844,13,2.1,0.0,0.0,0.0,0.0,0.0,0.0,0.0,1.0
175546,0,1,3400,-52,52,-309,9.8,18,0.50,37322.710938,0,2.1,0.0,0.0,0.0,0.0,0.0,0.0,0.0,1.0
175795,0,1,3400,-52,52,-304,13,19,0.50,36366.535156,0,2.1,0.0,0.0,0.0,0.0,0.0,0.0,0.0,1.0
176044,0,1,3400,-52,52,-301,12,18,0.51,61896.414062,0,2.1,2.4,0.0,25115.537109,31,0.0,0.0,0.0,1.0
176293,0,1,3400,-52,52,-305,11,17,0.58,46406.375000,5,2.1,0.0,0.0,0.0,0.0,0.0,0.0,0.0,1.0
176542,0,1,3400,-52,52,-311,13,18,0.50,37928.285156,0,2.1,0.0,0.0,0.0,0.0,0.0,0.0,0.0,1.0
176791,0,1,3400,-52,52,-306,11,19,0.50,34688.000000,0,2.1,0.0,0.0,0.0,0.0,0.0,0.0,0.0,1.0
177040,0,1,3400,-52,52,-307,9.8,18,0.67,45322.710938,5,2.1,4.8,0.0,9784.860352,0,0.0,0.0,0.0,1.0
177289,0,1,3400,-52,52,-308,13,18,0.50,47681.273438,0,2.1,12,0.0,159,0,0.0,0.0,0.0,1.0
177538,0,1,3400,-52,52,-308,12,17,0.64,39203.187500,6,2.1,8.0,0.0,0.0,0.0,0.0,0.0,0.0,1.0
177787,0,1,3400,-52,52,-306,13,17,0.53,55745.019531,5,2.1,8.0,0.0,0.0,0.0,0.0,0.0,0.0,1.0
178036,0,1,3400,-52,52,-307,13,18,0.59,42677.289062,0,2.1,10,0.0,23394.421875,0,0.0,0.0,0.0,1.0
178285,0,1,3400,-52,52,-305,11,18,0.50,71840.640625,0,2.1,14,0.0,0.0,0.0,0.0,0.0,0.0,1.0
178534,0,1,3400,-52,52,-304,13,18,0.50,48764.941406,0,2.1,14,0.0,0.0,0.0,0.0,0.0,0.0,1.0
178783,0,1,3400,-52,52,-303,13,18,0.95,30944.000000,10,2.1,14,0.0,0.0,0.0,0.0,0.0,0.0,1.0
179032,0,1,3400,-52,52,-306,12,18,0.63,55107.570312,5,2.1,14,0.0,23394.421875,0,0.0,0.0,0.0,1.0
179281,0,1,3400,-52,52,-302,11,18,0.64,28589.640625,2,2.1,14,0.0,0.0,0.0,0.0,0.0,0.0,1.0
179530,0,1,3400,-52,52,-308,13,18,0.71,65019.921875,8,2.1,13,0.0,0.0,0.0,0.0,0.0,0.0,1.0
179779,0,1,3400,-52,52,-303,11,19,0.50,92207.171875,0,2.1,14,0.0,0.0,0.0,0.0,0.0,0.0,1.0
180028,0,1,3400,-52,52,-304,13,18,0.78,59792.828125,11,2.1,10,0.0,40924.304688,31,0.0,0.0,0.0,1.0
180277,0,1,3400,-52,52,-306,11,18,0.67,56223.109375,5,2.1,0.0,0.0,0.0,0.0,0.0,0.0,0.0,1.0
180526,0,1,3400,-52,52,-308,11,17,1.0,85003.984375,12,2.1,0.0,0.0,0.0,0.0,0.0,0.0,0.0,1.0
180775,0,1,3400,-52,52,-310,11,18,0.50,41248.000000,0,2.1,0.89,0.0,1024.000000,60,0.0,0.0,0.0,1.0
181024,0,1,3400,-52,52,-306,13,18,0.71,45609.562500,6,2.1,2.3,0.0,8031.872559,0,0.0,0.0,0.0,1.0
181273,0,1,3400,-52,52,-305,13,19,0.50,26741.035156,0,2.1,0.0,0.0,0.0,0.0,0.0,0.0,0.0,1.0
181522,0,1,3400,-52,52,-304,15,18,0.98,62119.523438,3,2.1,0.0,0.0,0.0,0.0,0.0,0.0,0.0,1.0
181771,0,1,3400,-52,52,-307,11,19,0.50,73498.007812,0,2.1,0.0,0.0,0.0,0.0,0.0,0.0,0.0,1.0
182020,0,1,3400,-52,52,-306,13,17,0.70,71649.406250,7,2.1,5.4,0.0,28908.367188,0,0.0,0.0,0.0,1.0
182269,0,1,3400,-52,52,-308,12,18,0.72,56701.195312,2,2.1,14,0.0,0.0,0.0,0.0,0.0,0.0,1.0
182518,0,1,3400,-52,52,-308,13,18,0.58,61163.347656,4,2.1,14,0.0,0.0,0.0,0.0,0.0,0.0,1.0
182767,0,1,3400,-52,52,-304,14,18,0.50,75776.000000,0,2.1,14,0.0,0.0,0.0,0.0,0.0,0.0,1.0
183016,0,1,3400,-52,52,-304,10,19,0.50,58422.312500,0,2.1,14,0.0,40382.468750,0,0.0,0.0,0.0,1.0
183265,0,1,3400,-52,52,-303,12,19,0.50,57816.734375,0,2.1,14,0.0,0.0,0.0,0.0,0.0,0.0,1.0
183514,0,1,3400,-52,52,-307,14,18,0.85,56159.363281,5,2.1,14,0.0,0.0,0.0,0.0,0.0,0.0,1.0
183763,0,1,3400,-52,52,-312,15,18,0.50,50772.910156,0,2.1,14,0.0,0.0,0.0,0.0,0.0,0.0,1.0
184012,0,1,3400,-52,52,-313,12,18,0.68,72956.171875,6,2.1,13,0.0,23394.421875,0,0.0,0.0,0.0,1.0
184261,0,1,3400,-52,52,-311,15,18,0.50,73689.242188,0,2.1,14,0.0,0.0,0.0,0.0,0.0,0.0,1.0
184510,0,1,3400,-52,52,-309,12,20,0.72,49984.000000,5,2.1,14,0.0,0.0,0.0,0.0,0.0,0.0,1.0
184759,0,1,3400,-52,52,-313,12,17,0.50,38565.738281,0,2.1,13,0.0,0.0,0.0,0.0,0.0,0.0,1.0
185008,0,1,3400,-52,52,-307,13,17,0.75,71872.507812,9,2.1,8.8,0.0,28175.298828,31,0.0,0.0,0.0,1.0
185257,0,1,3400,-52,52,-306,13,17,0.50,21673.306641,0,2.1,2.0,0.0,0.0,0.0,0.0,0.0,0.0,1.0
185506,0,1,3400,-52,52,-310,10,18,0.52,25211.156250,0,2.1,2.0,0.0,0.0,0.0,0.0,0.0,0.0,1.0
185755,0,1,3400,-52,52,-307,8.9,18,0.54,61003.984375,1,2.1,2.0,0.0,0.0,0.0,0.0,0.0,0.0,1.0
186004,0,1,3400,-52,52,-307,12,18,0.82,73370.515625,5,2.1,3.9,0.0,28175.298828,31,0.0,0.0,0.0,1.0
186253,0,1,3400,-52,52,-307,9.8,18,0.50,36653.386719,0,2.1,2.0,0.0,0.0,0.0,0.0,0.0,0.0,1.0
186502,0,1,3400,-52,52,-303,12,18,0.58,64064.000000,4,2.1,2.5,0.0,160,50,0.0,0.0,0.0,1.0
186751,0,1,3400,-52,52,-306,13,18,0.53,80796.812500,3,2.1,3.5,0.0,0.0,0.0,0.0,0.0,0.0,1.0
187000,0,1,3400,-52,52,-310,12,17,0.98,47968.128906,7,2.1,2.1,0.0,8127.490234,0,0.0,0.0,0.0,1.0
187249,0,1,3400,-52,52,-307,15,17,0.54,79617.531250,3,2.1,0.0,0.0,0.0,0.0,0.0,0.0,0.0,1.0
187498,0,1,3400,-52,52,-309,11,18,0.50,60430.277344,0,2.1,0.0,0.0,0.0,0.0,0.0,0.0,0.0,1.0
187747,0,1,3400,-52,52,-313,12,18,0.85,47011.953125,2,2.1,0.0,0.0,0.0,0.0,0.0,0.0,0.0,1.0
187996,0,1,3400,-52,52,-308,7.9,18,0.74,50007.968750,0,2.1,7.3,0.0,45896.414062,36,0.0,0.0,0.0,1.0
188245,0,1,3400,-52,52,-311,13,18,0.52,53024.000000,5,2.1,14,0.0,0.0,0.0,0.0,0.0,0.0,1.0
188494,0,1,3400,-52,52,-306,11,18,0.56,86438.250000,0,2.1,14,0.0,0.0,0.0,0.0,0.0,0.0,1.0
188743,0,1,3400,-52,52,-304,13,18,0.57,65721.117188,4,2.1,14,0.0,0.0,0.0,0.0,0.0,0.0,1.0
188992,0,1,3400,-52,52,-305,13,19,0.52,59187.250000,0,2.1,6.8,0.0,24095.617188,31,0.0,0.0,0.0,1.0
189241,0,1,3400,-52,52,-301,14,17,0.57,71521.914062,9,2.1,0.0,0.0,0.0,0.0,0.0,0.0,0.0,1.0
189490,0,1,3400,-52,52,-304,9.4,18,0.81,54756.972656,0,2.1,0.0,0.0,0.0,0.0,0.0,0.0,0.0,1.0
189739,0,1,3400,-52,52,-308,13,18,0.59,59187.250000,0,2.1,0.0,0.0,0.0,0.0,0.0,0.0,0.0,1.0
189988,0,1,3400,-52,52,-308,13,18,0.70,39520.000000,6,2.1,4.8,0.0,9824.000000,0,0.0,0.0,0.0,1.0
190237,0,1,3400,-52,52,-309,11,19,0.50,37737.050781,0,2.1,12,0.0,1019.920349,0,0.0,0.0,0.0,1.0
190486,0,1,3400,-52,52,-303,14,19,0.50,53768.925781,0,2.1,10,0.0,0.0,0.0,0.0,0.0,0.0,1.0
190735,0,1,3400,-52,52,-301,12,18,0.57,22820.716797,11,2.1,10.0,0.0,0.0,0.0,0.0,0.0,0.0,1.0
190984,0,1,3400,-52,52,-308,11,17,0.63,42422.312500,10,2.1,7.3,0.0,28175.298828,31,0.0,0.0,0.0,1.0
191233,0,1,3400,-52,52,-306,12,19,0.50,48191.234375,0,2.1,2.0,0.0,0.0,0.0,0.0,0.0,0.0,1.0
191482,0,1,3400,-52,52,-306,11,19,0.54,71713.148438,0,2.1,2.0,0.0,0.0,0.0,0.0,0.0,0.0,1.0
191731,0,1,3400,-52,52,-305,15,18,0.56,86342.632812,4,2.1,3.3,0.0,159,0,0.0,0.0,0.0,1.0
191980,0,1,3400,-52,52,-306,11,18,0.93,77344.000000,5,2.1,2.6,0.0,12384.000000,36,0.0,0.0,0.0,1.0
192229,0,1,3400,-52,52,-307,13,19,0.58,23235.060547,10,2.1,0.0,0.0,0.0,0.0,0.0,0.0,0.0,1.0
192478,0,1,3400,-52,52,-309,13,18,0.94,52079.679688,4,2.1,0.0,0.0,0.0,0.0,0.0,0.0,0.0,1.0
192727,0,1,3400,-52,52,-305,7.1,18,0.84,98158.726562,2,2.1,0.0,0.0,0.0,0.0,0.0,0.0,0.0,1.0
192976,0,1,3400,-52,52,-307,13,19,0.50,48892.429688,0,2.1,0.82,0.0,12462.151367,36,0.0,0.0,0.0,1.0
193225,0,1,3400,-52,52,-308,12,18,0.63,61800.796875,4,2.1,0.0,0.0,0.0,0.0,0.0,0.0,0.0,1.0
193474,0,1,3400,-52,52,-302,11,17,0.66,45864.542969,6,2.1,0.0,0.0,0.0,0.0,0.0,0.0,0.0,1.0
193723,0,1,3400,-52,52,-306,12,18,0.92,68576.000000,6,2.1,0.0,0.0,0.0,0.0,0.0,0.0,0.0,1.0
193972,0,1,3400,-52,52,-308,14,18,0.74,60844.621094,4,2.1,4.9,0.0,9784.860352,0,0.0,0.0,0.0,1.0
194221,0,1,3400,-52,52,-309,11,18,0.50,46470.121094,0,2.1,12,0.0,0.0,0.0,0.0,0.0,0.0,1.0
194470,0,1,3400,-52,52,-310,8.9,18,0.50,46055.777344,0,2.1,11,0.0,159,0,0.0,0.0,0.0,1.0
194719,0,1,3400,-52,52,-312,12,19,0.50,72414.343750,0,2.1,8.0,0.0,0.0,0.0,0.0,0.0,0.0,1.0
194968,0,1,3400,-52,52,-308,11,17,0.82,44685.257812,4,2.1,10,0.0,23394.421875,0,0.0,0.0,0.0,1.0
195217,0,1,3400,-52,52,-304,11,19,0.62,62597.609375,2,2.1,13,0.0,159,33,0.0,0.0,0.0,1.0
195466,0,1,3400,-52,52,-304,14,18,0.50,26804.781250,0,2.1,7.5,0.0,0.0,0.0,0.0,0.0,0.0,1.0
195715,0,1,3400,-52,52,-305,15,18,0.50,58816.000000,0,2.1,7.5,0.0,160,60,0.0,0.0,0.0,1.0
195964,0,1,3400,-52,52,-304,7.4,18,0.60,38533.863281,3,2.1,11,0.0,40382.468750,0,0.0,0.0,0.0,1.0
196213,0,1,3400,-52,52,-306,12,19,0.61,91920.320312,2,2.1,14,0.0,0.0,0.0,0.0,0.0,0.0,1.0
196462,0,1,3400,-52,52,-310,7.6,17,0.61,79362.546875,3,2.1,13,0.0,0.0,0.0,0.0,0.0,0.0,1.0
196711,0,1,3400,-52,52,-309,14,18,0.54,60175.296875,0,2.1,14,0.0,0.0,0.0,0.0,0.0,0.0,1.0
196960,0,1,3400,-52,52,-307,13,18,0.63,45067.730469,5,2.1,14,0.0,23394.421875,0,0.0,0.0,0.0,1.0
197209,0,1,3400,-52,52,-305,8.8,17,0.50,61864.542969,0,2.1,14,0.0,0.0,0.0,0.0,0.0,0.0,1.0
197458,0,1,3400,-52,52,-302,13,18,0.78,64928.000000,6,2.1,14,0.0,0.0,0.0,0.0,0.0,0.0,1.0
197707,0,1,3400,-52,52,-307,15,18,0.50,71011.953125,0,2.1,11,0.0,159,0,0.0,0.0,0.0,1.0
197956,0,1,3400,-52,52,-309,13,18,0.50,32509.960938,0,2.1,12,0.0,23394.421875,0,0.0,0.0,0.0,1.0
198205,0,1,3400,-52,52,-304,13,18,1.1,42486.054688,15,2.1,14,0.0,0.0,0.0,0.0,0.0,0.0,1.0
198454,0,1,3400,-52,52,-305,13,18,1.1,46055.777344,11,2.1,8.4,0.0,159,0,0.0,0.0,0.0,1.0
198703,0,1,3400,-52,52,-309,13,18,0.61,66167.328125,4,2.1,7.5,0.0,0.0,0.0,0.0,0.0,0.0,1.0
198952,0,1,3400,-52,52,-307,12,18,0.50,59474.105469,0,2.1,6.3,0.0,28175.298828,31,0.0,0.0,0.0,1.0
199201,0,1,3400,-52,52,-302,13,19,0.50,48382.468750,0,2.1,2.0,0.0,0.0,0.0,0.0,0.0,0.0,1.0
199450,0,1,3400,-52,52,-300,11,18,0.66,79712.000000,4,2.1,2.0,0.0,0.0,0.0,0.0,0.0,0.0,1.0
199699,0,1,3400,-52,52,-304,13,18,0.63,66294.820312,3,2.1,2.0,0.0,0.0,0.0,0.0,0.0,0.0,1.0
199948,0,1,3400,-52,52,-309,13,18,0.60,67824.703125,2,2.1,3.5,0.0,8031.872559,33,0.0,0.0,0.0,1.0
200197,0,1,3400,-52,52,-306,7.7,18,1.0,34039.839844,2,2.1,0.064,0.0,0.0,0.0,0.0,0.0,0.0,1.0
200446,0,1,3400,-52,52,-305,13,18,0.50,30948.207031,0,2.1,1.1,0.0,159,33,0.0,0.0,0.0,1.0
200695,0,1,3400,-52,52,-314,13,17,0.50,55330.675781,0,2.1,1.5,0.0,159,0,0.0,0.0,0.0,1.0
200944,0,1,3400,-52,52,-308,12,17,0.52,39490.039062,0,2.1,0.63,0.0,8127.490234,0,0.0,0.0,0.0,1.0
201193,0,1,3400,-52,52,-306,15,18,0.50,37641.433594,0,2.1,0.0,0.0,0.0,0.0,0.0,0.0,0.0,1.0
201442,0,1,3400,-52,52,-312,11,18,0.84,45536.000000,4,2.1,0.0,0.0,0.0,0.0,0.0,0.0,0.0,1.0
201691,0,1,3400,-52,52,-313,12,18,0.86,55171.316406,4,2.1,0.0,0.0,0.0,0.0,0.0,0.0,0.0,1.0
201940,0,1,3400,-52,52,-308,13,18,1.1,35824.703125,10,2.1,0.59,0.0,17434.263672,0,0.0,0.0,0.0,1.0
202189,0,1,3400,-52,52,-306,11,18,0.67,47553.785156,2,2.1,4.6,0.0,7968.127441,62,0.0,0.0,0.0,1.0
202438,0,1,3400,-52,52,-307,11,18,0.50,54310.757812,0,2.1,0.0,0.0,0.0,0.0,0.0,0.0,0.0,1.0
202687,0,1,3400,-52,52,-303,13,17,0.85,49912.351562,5,2.1,0.0,0.0,0.0,0.0,0.0,0.0,0.0,1.0
202936,0,1,3400,-52,52,-307,13,18,0.50,48350.597656,0,2.1,0.82,0.0,12462.151367,36,0.0,0.0,0.0,1.0
203185,0,1,3400,-52,52,-310,12,19,0.50,51856.574219,0,2.1,0.0,0.0,0.0,0.0,0.0,0.0,0.0,1.0
203434,0,1,3400,-52,52,-307,11,18,1.4,57920.000000,6,2.1,0.0,0.0,0.0,0.0,0.0,0.0,0.0,1.0
203683,0,1,3400,-52,52,-304,13,17,1.4,84621.515625,6,2.1,0.064,0.0,0.0,0.0,0.0,0.0,0.0,1.0
203932,0,1,3400,-52,52,-307,16,17,0.78,63362.550781,5,2.1,0.0,0.0,8127.490234,0,0.0,0.0,0.0,1.0
204181,0,1,3400,-52,52,-304,15,19,0.61,64733.066406,0,2.1,0.0,0.0,0.0,0.0,0.0,0.0,0.0,1.0
204430,0,1,3400,-52,52,-304,13,17,0.50,32254.980469,0,2.1,0.0,0.0,0.0,0.0,0.0,0.0,0.0,1.0
204679,0,1,3400,-52,52,-305,13,18,0.67,29163.345703,8,2.1,0.78,0.0,159,0,0.0,0.0,0.0,1.0
204928,0,1,3400,-52,52,-304,13,18,0.50,32509.960938,0,2.1,2.3,0.0,20462.152344,29,0.0,0.0,0.0,1.0
205177,0,1,3400,-52,52,-304,11,18,0.51,69376.000000,2,2.1,0.86,0.0,6976.000000,33,0.0,0.0,0.0,1.0
205426,0,1,3400,-52,52,-309,12,18,1.3,59888.445312,10,2.1,2.5,0.0,1019.920349,0,0.0,0.0,0.0,1.0
205675,0,1,3400,-52,52,-307,12,18,0.70,44972.113281,5,2.1,3.0,0.0,159,0,0.0,0.0,0.0,1.0
205924,0,1,3400,-52,52,-305,12,18,0.56,28621.513672,8,2.1,2.7,0.0,29450.199219,31,0.0,0.0,0.0,1.0
206173,0,1,3400,-52,52,-305,14,19,0.51,38629.480469,8,2.1,0.0,0.0,0.0,0.0,0.0,0.0,0.0,1.0
206422,0,1,3400,-52,52,-308,7.0,18,0.54,93673.304688,1,2.1,0.0,0.0,0.0,0.0,0.0,0.0,0.0,1.0
206671,0,1,3400,-52,52,-309,13,18,0.75,41051.792969,11,2.1,0.0,0.0,0.0,0.0,0.0,0.0,0.0,1.0
206920,0,1,3400,-52,52,-306,13,19,0.81,32509.960938,0,2.1,0.52,0.0,8286.852539,22,0.0,0.0,0.0,1.0
207169,0,1,3400,-52,52,-311,14,18,0.50,50080.000000,0,2.1,0.0,0.0,0.0,0.0,0.0,0.0,0.0,1.0
207418,0,1,3400,-52,52,-306,13,17,0.50,32509.960938,0,2.1,0.0,0.0,0.0,0.0,0.0,0.0,0.0,1.0
207667,0,1,3400,-52,52,-302,13,18,0.61,54215.140625,4,2.1,1.5,0.0,159,0,0.0,0.0,0.0,1.0
207916,0,1,3400,-52,52,-302,12,18,0.66,63171.316406,6,2.1,9.0,0.0,173290.843750,62,0.0,0.0,0.0,1.0
208165,0,1,3400,-52,52,-305,13,19,0.65,49721.117188,5,2.1,16,0.0,0.0,0.0,0.0,0.0,0.0,1.0
208414,0,1,3400,-52,52,-303,13,17,0.50,70438.250000,0,2.1,12,0.0,159,33,0.0,0.0,0.0,1.0
208663,0,1,3400,-52,52,-310,14,18,0.50,74294.820312,0,2.1,9.5,0.0,0.0,0.0,0.0,0.0,0.0,1.0
208912,0,1,3400,-52,52,-304,13,17,0.81,66432.000000,11,2.1,5.6,0.0,8160.000000,0,0.0,0.0,0.0,1.0
209161,0,1,3400,-52,52,-303,14,18,0.50,92079.679688,0,2.1,0.0,0.0,0.0,0.0,0.0,0.0,0.0,1.0
209410,0,1,3400,-52,52,-305,10,17,0.70,48127.488281,6,2.1,2.1,0.0,1019.920349,0,0.0,0.0,0.0,1.0
209659,0,1,3400,-52,52,-310,12,18,1.2,72733.070312,7,2.1,4.0,0.0,0.0,0.0,0.0,0.0,0.0,1.0
209908,0,1,3400,-52,52,-308,9.5,19,0.50,74294.820312,0,2.1,10,0.0,289657.375000,54,0.0,0.0,0.0,1.0
210157,0,1,3400,-52,52,-306,11,18,0.56,74932.273438,1,2.1,16,0.0,0.0,0.0,0.0,0.0,0.0,1.0
210406,0,1,3400,-52,52,-307,13,18,0.60,55139.441406,5,2.1,16,0.0,0.0,0.0,0.0,0.0,0.0,1.0
210655,0,1,3400,-52,52,-307,12,18,0.50,73184.000000,0,2.1,16,0.0,0.0,0.0,0.0,0.0,0.0,1.0
210904,0,1,3400,-52,52,-304,11,18,0.80,56637.449219,3,2.1,7.0,0.0,8127.490234,0,0.0,0.0,0.0,1.0
211153,0,1,3400,-52,52,-309,14,18,1.2,61163.347656,10,2.1,0.0,0.0,0.0,0.0,0.0,0.0,0.0,1.0
211402,0,1,3400,-52,52,-307,15,17,1.6,59155.378906,19,2.1,0.0,0.0,0.0,0.0,0.0,0.0,0.0,1.0
211651,0,1,3400,-52,52,-303,12,18,0.79,68876.492188,0,2.1,0.0,0.0,0.0,0.0,0.0,0.0,0.0,1.0
211900,0,1,3400,-52,52,-301,14,18,0.50,66741.039062,0,2.1,0.14,0.0,15075.697266,0,0.0,0.0,0.0,1.0
212149,0,1,3400,-52,52,-304,10,19,0.50,73657.367188,0,2.1,0.0,0.0,0.0,0.0,0.0,0.0,0.0,1.0
212398,0,1,3400,-52,52,-311,7.8,19,0.50,58784.000000,0,2.1,0.0,0.0,0.0,0.0,0.0,0.0,0.0,1.0
212647,0,1,3400,-52,52,-308,13,19,0.77,52207.171875,8,2.1,0.0,0.0,0.0,0.0,0.0,0.0,0.0,1.0
212896,0,1,3400,-52,52,-306,6.3,19,0.50,45418.328125,0,2.1,5.2,0.0,19888.445312,44,0.0,0.0,0.0,1.0
213145,0,1,3400,-52,52,-305,9.9,18,0.63,76589.640625,1,2.1,0.0,0.0,0.0,0.0,0.0,0.0,0.0,1.0
213394,0,1,3400,-52,52,-310,11,18,0.50,51537.847656,0,2.1,0.0,0.0,0.0,0.0,0.0,0.0,0.0,1.0
213643,0,1,3400,-52,52,-310,11,17,0.53,52462.152344,3,2.1,0.38,0.0,159,50,0.0,0.0,0.0,1.0
213892,0,1,3400,-52,52,-308,13,18,0.50,98581.671875,0,2.1,9.1,0.0,289657.375000,54,0.0,0.0,0.0,1.0
214141,0,1,3400,-52,52,-306,9.2,18,0.91,44525.894531,3,2.1,14,0.0,1019.920349,0,0.0,0.0,0.0,1.0
214390,0,1,3400,-52,52,-309,9.7,18,0.50,87968.000000,0,2.1,12,0.0,0.0,0.0,0.0,0.0,0.0,1.0
214639,0,1,3400,-52,52,-315,15,19,0.81,70756.968750,8,2.1,12,0.0,0.0,0.0,0.0,0.0,0.0,1.0
214888,0,1,3400,-52,52,-308,6.8,18,0.58,72478.085938,1,2.1,12,0.0,28908.367188,0,0.0,0.0,0.0,1.0
215137,0,1,3400,-52,52,-303,12,19,0.54,50262.949219,0,2.1,14,0.0,0.0,0.0,0.0,0.0,0.0,1.0
215386,0,1,3400,-52,52,-303,14,18,0.54,74772.906250,0,2.1,14,0.0,0.0,0.0,0.0,0.0,0.0,1.0
215635,0,1,3400,-52,52,-307,13,17,0.50,64573.707031,0,2.1,13,0.0,0.0,0.0,0.0,0.0,0.0,1.0
215884,0,1,3400,-52,52,-314,12,18,0.91,31330.677734,13,2.1,14,0.0,40382.468750,0,0.0,0.0,0.0,1.0
216133,0,1,3400,-52,52,-306,10,18,1.1,54151.394531,2,2.1,14,0.0,0.0,0.0,0.0,0.0,0.0,1.0
216382,0,1,3400,-52,52,-306,14,17,0.50,43968.000000,0,2.1,14,0.0,0.0,0.0,0.0,0.0,0.0,1.0
216631,0,1,3400,-52,52,-309,13,17,0.50,30661.355469,0,2.1,13,0.0,0.0,0.0,0.0,0.0,0.0,1.0
216880,0,1,3400,-52,52,-308,13,18,0.85,62278.882812,8,2.1,10,0.0,40924.304688,31,0.0,0.0,0.0,1.0
217129,0,1,3400,-52,52,-300,13,19,1.0,26358.566406,21,2.1,0.0,0.0,0.0,0.0,0.0,0.0,0.0,1.0
217378,0,1,3400,-52,52,-306,13,18,0.50,59601.593750,0,2.1,0.0,0.0,0.0,0.0,0.0,0.0,0.0,1.0
217627,0,1,3400,-52,52,-306,13,17,0.50,49529.878906,0,2.1,0.0,0.0,0.0,0.0,0.0,0.0,0.0,1.0
217876,0,1,3400,-52,52,-313,9.4,18,0.68,49561.753906,4,2.1,5.7,0.0,26932.271484,0,0.0,0.0,0.0,1.0
218125,0,1,3400,-52,52,-310,12,18,0.64,38784.000000,10,2.1,8.0,0.0,0.0,0.0,0.0,0.0,0.0,1.0
218374,0,1,3400,-52,52,-312,12,18,0.58,45418.328125,4,2.1,8.0,0.0,159,33,0.0,0.0,0.0,1.0
218623,0,1,3400,-52,52,-310,13,18,0.50,48350.597656,0,2.1,8.0,0.0,0.0,0.0,0.0,0.0,0.0,1.0
218872,0,1,3400,-52,52,-309,14,18,1.1,61322.710938,9,2.1,4.6,0.0,15776.892578,36,0.0,0.0,0.0,1.0
219121,0,1,3400,-52,52,-308,16,18,0.54,43378.484375,0,2.1,0.0,0.0,0.0,0.0,0.0,0.0,0.0,1.0
219370,0,1,3400,-52,52,-307,13,17,0.50,27091.632812,0,2.1,0.0,0.0,0.0,0.0,0.0,0.0,0.0,1.0
219619,0,1,3400,-52,52,-308,12,19,0.52,54661.355469,3,2.1,0.0,0.0,0.0,0.0,0.0,0.0,0.0,1.0
219868,0,1,3400,-52,52,-307,12,18,0.50,60557.769531,0,2.1,2.6,0.0,47107.570312,17,0.0,0.0,0.0,1.0
220117,0,1,3400,-52,52,-307,9.2,17,0.75,59665.339844,3,2.1,6.5,0.0,0.0,0.0,0.0,0.0,0.0,1.0
220366,0,1,3400,-52,52,-303,13,18,0.50,54400.000000,0,2.1,6.5,0.0,0.0,0.0,0.0,0.0,0.0,1.0
220615,0,1,3400,-52,52,-307,12,18,0.50,44908.367188,0,2.1,6.5,0.0,0.0,0.0,0.0,0.0,0.0,1.0
220864,0,1,3400,-52,52,-306,11,18,0.78,62247.011719,8,2.1,3.7,0.0,12462.151367,36,0.0,0.0,0.0,1.0
221113,0,1,3400,-52,52,-302,10,17,0.52,70820.718750,1,2.1,0.0,0.0,0.0,0.0,0.0,0.0,0.0,1.0
221362,0,1,3400,-52,52,-304,14,17,0.53,30661.355469,0,2.1,0.0,0.0,0.0,0.0,0.0,0.0,0.0,1.0
221611,0,1,3400,-52,52,-314,13,18,0.99,61673.308594,4,2.1,1.3,0.0,159,0,0.0,0.0,0.0,1.0
221860,0,1,3400,-52,52,-318,12,18,0.60,71681.273438,3,2.1,3.6,0.0,28175.298828,31,0.0,0.0,0.0,1.0
222109,0,1,3400,-52,52,-308,13,19,0.50,67952.187500,0,2.1,2.0,0.0,0.0,0.0,0.0,0.0,0.0,1.0
222358,0,1,3400,-52,52,-305,14,18,0.50,43264.000000,0,2.1,2.0,0.0,0.0,0.0,0.0,0.0,0.0,1.0
222607,0,1,3400,-52,52,-311,14,18,0.51,45513.945312,6,2.1,2.0,0.0,0.0,0.0,0.0,0.0,0.0,1.0
222856,0,1,3400,-52,52,-308,13,18,0.68,84717.132812,6,2.1,6.2,0.0,145529.875000,55,0.0,0.0,0.0,1.0
223105,0,1,3400,-52,52,-306,8.9,18,0.50,83250.992188,0,2.1,9.5,0.0,0.0,0.0,0.0,0.0,0.0,1.0
223354,0,1,3400,-52,52,-306,12,18,0.77,44653.386719,12,2.1,9.5,0.0,159,33,0.0,0.0,0.0,1.0
223603,0,1,3400,-52,52,-305,18,18,0.64,41625.496094,0,2.1,9.5,0.0,159,0,0.0,0.0,0.0,1.0
223852,0,1,3400,-52,52,-305,12,19,0.50,91856.570312,0,2.1,5.6,0.0,8127.490234,0,0.0,0.0,0.0,1.0
224101,0,1,3400,-52,52,-306,8.1,18,0.50,73440.000000,0,2.1,2.0,0.0,1024.000000,50,0.0,0.0,0.0,1.0
224350,0,1,3400,-52,52,-304,13,19,1.1,51314.742188,10,2.1,4.0,0.0,0.0,0.0,0.0,0.0,0.0,1.0
224599,0,1,3400,-52,52,-307,15,19,0.50,84207.171875,0,2.1,4.0,0.0,0.0,0.0,0.0,0.0,0.0,1.0
224848,0,1,3400,-52,52,-307,13,18,0.57,51410.359375,16,2.1,7.5,0.0,23490.039062,43,0.0,0.0,0.0,1.0
225097,0,1,3400,-52,52,-307,12,19,0.72,65274.902344,5,2.1,0.0,0.0,0.0,0.0,0.0,0.0,0.0,1.0
225346,0,1,3400,-52,52,-307,17,18,0.68,43633.464844,7,2.1,1.4,0.0,159,0,0.0,0.0,0.0,1.0
225595,0,1,3400,-52,52,-309,15,18,0.60,84972.109375,6,2.1,1.5,0.0,0.0,0.0,0.0,0.0,0.0,1.0
225844,0,1,3400,-52,52,-312,13,18,0.51,90996.015625,0,2.1,3.6,0.0,28175.298828,31,0.0,0.0,0.0,1.0
226093,0,1,3400,-52,52,-307,9.3,18,0.58,55520.000000,4,2.1,2.9,0.0,160,33,0.0,0.0,0.0,1.0
226342,0,1,3400,-52,52,-309,13,18,0.50,72541.835938,0,2.1,3.5,0.0,0.0,0.0,0.0,0.0,0.0,1.0
226591,0,1,3400,-52,52,-314,12,17,0.65,75856.570312,5,2.1,3.5,0.0,0.0,0.0,0.0,0.0,0.0,1.0
226840,0,1,3400,-52,52,-313,11,17,0.56,37545.816406,0,2.1,3.5,186,0.0,0.0,0.0,0.0,0.0,1.0
227089,0,1,3400,-52,52,-306,13,18,0.51,53258.964844,0,2.1,11,0.0,25338.644531,36,0.0,0.0,0.0,1.0
227338,0,1,3400,-52,52,-306,12,18,0.95,40414.343750,4,2.1,11,0.0,1019.920349,0,0.0,0.0,0.0,1.0
227587,0,1,3400,-52,52,-317,11,17,0.50,43155.378906,0,2.1,10,0.0,0.0,0.0,0.0,0.0,0.0,1.0
227836,0,1,3400,-52,52,-312,13,18,0.50,70310.757812,0,2.1,12,0.0,23394.421875,0,0.0,0.0,0.0,1.0
228085,0,1,3400,-52,52,-308,12,17,0.86,43680.000000,4,2.1,14,0.0,0.0,0.0,0.0,0.0,0.0,1.0
228334,0,1,3400,-52,52,-301,9.1,18,0.72,48478.085938,3,2.1,14,0.0,0.0,0.0,0.0,0.0,0.0,1.0
228583,0,1,3400,-52,52,-304,9.7,18,0.57,53960.160156,2,2.1,14,0.0,0.0,0.0,0.0,0.0,0.0,1.0
228832,0,1,3400,-52,52,-306,13,18,0.71,65816.734375,4,2.1,14,0.0,23394.421875,0,0.0,0.0,0.0,1.0
229081,0,1,3400,-52,52,-310,11,17,0.86,50952.382812,7,2.1,14,0.0,0.0,0.0,0.0,0.0,0.0,1.0
229330,0,1,3400,-52,52,-316,12,19,0.75,38820.718750,0,2.1,14,0.0,0.0,0.0,0.0,0.0,0.0,1.0
229579,0,1,3400,-52,52,-308,15,18,0.50,61673.308594,0,2.1,14,0.0,0.0,0.0,0.0,0.0,0.0,1.0
229828,0,1,3400,-52,52,-309,14,18,0.98,68015.937500,8,2.1,14,0.0,23394.421875,0,0.0,0.0,0.0,1.0
230077,0,1,3400,-52,52,-309,13,18,0.50,10880.000000,0,2.1,14,0.0,0.0,0.0,0.0,0.0,0.0,1.0
230326,0,1,3400,-52,52,-307,14,19,0.50,37354.582031,0,2.1,13,0.0,0.0,0.0,0.0,0.0,0.0,1.0
230575,0,1,3400,-52,52,-309,13,18,0.65,81211.156250,5,2.1,14,0.0,0.0,0.0,0.0,0.0,0.0,1.0
230824,0,1,3400,-52,52,-307,13,17,0.60,99537.851562,3,2.1,14,0.0,16988.046875,25,0.0,0.0,0.0,1.0
231073,0,1,3400,-52,52,-310,14,18,0.67,48095.617188,5,2.1,0.91,0.0,6948.207031,43,0.0,0.0,0.0,1.0
231322,0,1,3400,-52,52,-312,11,19,0.94,84270.914062,2,2.1,0.0,0.0,0.0,0.0,0.0,0.0,0.0,1.0
231571,0,1,3400,-52,52,-310,11,18,0.50,77960.156250,0,2.1,0.0,0.0,0.0,0.0,0.0,0.0,0.0,1.0
231820,0,1,3400,-52,52,-309,10.0,18,0.57,89338.648438,2,2.1,2.1,0.0,35601.593750,29,0.0,0.0,0.0,1.0
232069,0,1,3400,-52,52,-309,13,18,0.57,57536.000000,4,2.1,0.0,0.0,0.0,0.0,0.0,0.0,0.0,1.0
232318,0,1,3400,-52,52,-308,12,17,0.63,64828.683594,2,2.1,0.0,0.0,0.0,0.0,0.0,0.0,0.0,1.0
232567,0,1,3400,-52,52,-303,9.1,18,0.57,81848.609375,0,2.1,0.0,0.0,0.0,0.0,0.0,0.0,0.0,1.0
232816,0,1,3400,-52,52,-309,12,17,0.91,73561.750000,7,2.1,2.1,0.0,23936.255859,36,0.0,0.0,0.0,1.0
233065,0,1,3400,-52,52,-311,8.9,18,0.65,59537.847656,1.0,2.1,0.0,0.0,0.0,0.0,0.0,0.0,0.0,1.0
233314,0,1,3400,-52,52,-311,12,19,0.72,65784.859375,3,2.1,0.0,0.0,0.0,0.0,0.0,0.0,0.0,1.0
233563,0,1,3400,-52,52,-310,14,19,0.53,70432.000000,4,2.1,0.81,0.0,160,0,0.0,0.0,0.0,1.0
233812,0,1,3400,-52,52,-303,14,18,0.63,60302.789062,5,2.1,0.69,0.0,12334.661133,0,0.0,0.0,0.0,1.0
234061,0,1,3400,-52,52,-305,14,18,1.2,56573.707031,17,2.1,0.67,0.0,159,0,0.0,0.0,0.0,1.0
234310,0,1,3400,-52,52,-309,11,19,0.81,42709.164062,0,2.1,1.5,0.0,0.0,0.0,0.0,0.0,0.0,1.0
234559,0,1,3400,-52,52,-312,12,18,0.51,41115.539062,4,2.1,1.5,0.0,0.0,0.0,0.0,0.0,0.0,1.0
234808,0,1,3400,-52,52,-313,14,18,0.74,55171.316406,5,2.1,6.1,0.0,28908.367188,0,0.0,0.0,0.0,1.0
235057,0,1,3400,-52,52,-312,10,18,0.58,69513.945312,1,2.1,14,0.0,0.0,0.0,0.0,0.0,0.0,1.0
235306,0,1,3400,-52,52,-312,12,17,0.70,52047.808594,4,2.1,14,0.0,0.0,0.0,0.0,0.0,0.0,1.0
235555,0,1,3400,-52,52,-307,13,18,0.50,37928.285156,0,2.1,14,0.0,0.0,0.0,0.0,0.0,0.0,1.0
235804,0,1,3400,-52,52,-307,9.6,18,0.50,62752.000000,0,2.1,14,0.0,23488.000000,0,0.0,0.0,0.0,1.0
236053,0,1,3400,-52,52,-309,12,18,0.62,74199.203125,4,2.1,14,0.0,0.0,0.0,0.0,0.0,0.0,1.0
236302,0,1,3400,-52,52,-308,15,19,0.53,46884.460938,0,2.1,13,0.0,0.0,0.0,0.0,0.0,0.0,1.0
236551,0,1,3400,-52,52,-312,13,18,0.50,85067.726562,0,2.1,14,0.0,0.0,0.0,0.0,0.0,0.0,1.0
236800,0,1,3400,-52,52,-316,13,18,0.67,32509.960938,8,2.1,10,0.0,48223.109375,29,0.0,0.0,0.0,1.0
237049,0,1,3400,-52,52,-310,11,18,0.56,69896.414062,4,2.1,3.7,0.0,1019.920349,33,0.0,0.0,0.0,1.0
237298,0,1,3400,-52,52,-312,13,17,0.66,68015.937500,3,2.1,4.0,0.0,0.0,0.0,0.0,0.0,0.0,1.0
237547,0,1,3400,-52,52,-309,6.4,18,0.54,58932.269531,0,2.1,4.0,0.0,0.0,0.0,0.0,0.0,0.0,1.0
237796,0,1,3400,-52,52,-313,5.7,20,0.50,51712.000000,0,2.1,3.9,0.0,24032.000000,36,0.0,0.0,0.0,1.0
238045,0,1,3400,-52,52,-306,9.7,18,0.50,45864.542969,0,2.1,0.0,0.0,0.0,0.0,0.0,0.0,0.0,1.0
238294,0,1,3400,-52,52,-305,13,17,0.50,52047.808594,0,2.1,0.0,0.0,0.0,0.0,0.0,0.0,0.0,1.0
238543,0,1,3400,-52,52,-307,12,18,0.63,51856.574219,5,2.1,0.0,0.0,0.0,0.0,0.0,0.0,0.0,1.0
238792,0,1,3400,-52,52,-311,11,18,0.50,53737.050781,0,2.1,5.9,0.0,227219.125000,62,0.0,0.0,0.0,1.0
239041,0,1,3400,-52,52,-312,13,19,0.50,66900.398438,0,2.1,16,0.0,0.0,0.0,0.0,0.0,0.0,1.0
239290,0,1,3400,-52,52,-305,12,17,0.50,71011.953125,0,2.1,16,0.0,0.0,0.0,0.0,0.0,0.0,1.0
239539,0,1,3400,-52,52,-302,13,19,0.50,48350.597656,0,2.1,15,0.0,1019.920349,50,0.0,0.0,0.0,1.0
239788,0,1,3400,-52,52,-309,14,18,0.50,70304.000000,0,2.1,5.3,0.0,8160.000000,0,0.0,0.0,0.0,1.0
240037,0,1,3400,-52,52,-307,13,18,0.56,104796.812500,3,2.1,0.0,0.0,0.0,0.0,0.0,0.0,0.0,1.0
240286,0,1,3400,-52,52,-310,12,18,0.56,45163.347656,4,2.1,0.0,0.0,0.0,0.0,0.0,0.0,0.0,1.0
240535,0,1,3400,-52,52,-305,12,18,0.50,38948.207031,0,2.1,0.0,0.0,0.0,0.0,0.0,0.0,0.0,1.0
240784,0,1,3400,-52,52,-307,14,19,0.50,79936.257812,0,2.1,0.19,0.0,30151.394531,0,0.0,0.0,0.0,1.0
241033,0,1,3400,-52,52,-313,13,18,1.1,32318.724609,3,2.1,0.0,0.0,0.0,0.0,0.0,0.0,0.0,1.0
241282,0,1,3400,-52,52,-308,10,18,0.55,75027.890625,2,2.1,0.0,0.0,0.0,0.0,0.0,0.0,0.0,1.0
241531,0,1,3400,-52,52,-310,14,18,0.50,42390.437500,0,2.1,0.86,0.0,159,0,0.0,0.0,0.0,1.0
241780,0,1,3400,-52,52,-311,14,18,0.96,48832.000000,10,2.1,0.63,0.0,11648.000000,0,0.0,0.0,0.0,1.0
242029,0,1,3400,-52,52,-311,11,18,1.0,51888.445312,7,2.1,0.0,0.0,0.0,0.0,0.0,0.0,0.0,1.0
242278,0,1,3400,-52,52,-311,12,18,0.61,33976.093750,6,2.1,0.0,0.0,0.0,0.0,0.0,0.0,0.0,1.0
242527,0,1,3400,-52,52,-310,13,19,0.50,21673.306641,0,2.1,0.0,0.0,0.0,0.0,0.0,0.0,0.0,1.0
242776,0,1,3400,-52,52,-312,10,18,0.78,35250.996094,3,2.1,2.6,0.0,28334.662109,31,0.0,0.0,0.0,1.0
243025,0,1,3400,-52,52,-312,10,18,0.60,45163.347656,4,2.1,1.5,0.0,0.0,0.0,0.0,0.0,0.0,1.0
243274,0,1,3400,-52,52,-310,14,19,0.51,84908.367188,0,2.1,1.5,0.0,0.0,0.0,0.0,0.0,0.0,1.0
243523,0,1,3400,-52,52,-312,14,17,0.50,30820.716797,0,2.1,1.5,0.0,0.0,0.0,0.0,0.0,0.0,1.0
243772,0,1,3400,-52,52,-314,13,19,1.6,34208.000000,7,2.1,2.6,0.0,21440.000000,17,0.0,0.0,0.0,1.0
244021,0,1,3400,-52,52,-313,12,18,0.65,46884.460938,3,2.1,0.98,0.0,6948.207031,43,0.0,0.0,0.0,1.0
244270,0,1,3400,-52,52,-314,8.2,18,0.77,76175.296875,2,2.1,0.0,0.0,0.0,0.0,0.0,0.0,0.0,1.0
244519,0,1,3400,-52,52,-310,9.6,18,0.51,36334.660156,0,2.1,0.0,0.0,0.0,0.0,0.0,0.0,0.0,1.0
244768,0,1,3400,-52,52,-308,9.5,19,0.50,77768.921875,0,2.1,6.9,0.0,9784.860352,0,0.0,0.0,0.0,1.0
245017,0,1,3400,-52,52,-309,14,18,0.60,47075.695312,7,2.1,12,0.0,0.0,0.0,0.0,0.0,0.0,1.0
245266,0,1,3400,-52,52,-310,12,18,0.51,76844.625000,3,2.1,12,0.0,0.0,0.0,0.0,0.0,0.0,1.0
245515,0,1,3400,-52,52,-306,13,17,1.5,53864.542969,19,2.1,12,0.0,0.0,0.0,0.0,0.0,0.0,1.0
245764,0,1,3400,-52,52,-306,13,19,1.0,32224.000000,0,2.1,13,0.0,23488.000000,0,0.0,0.0,0.0,1.0
246013,0,1,3400,-52,52,-316,11,19,0.62,62597.609375,0,2.1,13,0.0,0.0,0.0,0.0,0.0,0.0,1.0
246262,0,1,3400,-52,52,-315,13,18,0.53,70884.460938,0,2.1,14,0.0,0.0,0.0,0.0,0.0,0.0,1.0
246511,0,1,3400,-52,52,-308,13,19,0.50,98231.078125,0,2.1,14,0.0,0.0,0.0,0.0,0.0,0.0,1.0
246760,0,1,3400,-52,52,-309,13,18,1.0,54183.265625,13,2.1,10,0.0,23936.255859,36,0.0,0.0,0.0,1.0
247009,0,1,3400,-52,52,-312,13,17,0.56,59155.378906,0,2.1,0.0,0.0,0.0,0.0,0.0,0.0,0.0,1.0
247258,0,1,3400,-52,52,-308,12,17,0.64,70406.375000,3,2.1,0.0,0.0,0.0,0.0,0.0,0.0,0.0,1.0
247507,0,1,3400,-52,52,-307,13,18,0.50,64672.000000,0,2.1,0.0,0.0,0.0,0.0,0.0,0.0,0.0,1.0
247756,0,1,3400,-52,52,-310,8.0,18,0.50,45003.984375,0,2.1,7.3,0.0,24892.429688,48,0.0,0.0,0.0,1.0
248005,0,1,3400,-52,52,-312,11,18,0.50,60111.554688,0,2.1,1.2,0.0,159,0,0.0,0.0,0.0,1.0
248254,0,1,3400,-52,52,-307,14,18,0.51,49179.281250,0,2.1,1.5,0.0,159,0,0.0,0.0,0.0,1.0
248503,0,1,3400,-52,52,-309,13,18,0.50,64573.707031,0,2.1,1.5,0.0,0.0,0.0,0.0,0.0,0.0,1.0
248752,0,1,3400,-52,52,-304,11,17,0.82,48414.343750,2,2.1,6.2,0.0,13864.541992,36,0.0,0.0,0.0,1.0
249001,0,1,3400,-52,52,-307,13,17,0.50,43346.613281,0,2.1,12,0.0,0.0,0.0,0.0,0.0,0.0,1.0
249250,0,1,3400,-52,52,-313,15,18,0.84,45609.562500,6,2.1,12,0.0,0.0,0.0,0.0,0.0,0.0,1.0
249499,0,1,3400,-52,52,-310,15,18,0.80,72768.000000,6,2.1,12,0.0,0.0,0.0,0.0,0.0,0.0,1.0
249748,0,1,3400,-52,52,-310,6.5,19,0.51,73689.242188,0,2.1,9.2,186,159,50,0.0,0.0,0.0,1.0
249997,0,1,3400,-52,52,-307,14,19,0.70,75792.828125,4,2.1,7.5,0.0,23936.255859,36,0.0,0.0,0.0,1.0
250246,0,1,3400,-52,52,-304,9.9,19,0.50,27155.378906,0,2.1,0.0,0.0,0.0,0.0,0.0,0.0,0.0,1.0
250495,0,1,3400,-52,52,-307,16,19,0.80,71936.257812,4,2.1,0.0,0.0,0.0,0.0,0.0,0.0,0.0,1.0
250744,0,1,3400,-52,52,-311,11,17,0.67,40892.429688,0,2.1,5.2,0.0,19888.445312,44,0.0,0.0,0.0,1.0
250993,0,1,3400,-52,52,-311,13,19,1.5,36239.042969,7,2.1,0.0,0.0,0.0,0.0,0.0,0.0,0.0,1.0
251242,0,1,3400,-52,52,-313,9.8,17,1.2,48350.597656,5,2.1,0.0,0.0,0.0,0.0,0.0,0.0,0.0,1.0
251491,0,1,3400,-52,52,-305,13,18,0.68,43904.000000,0,2.1,0.0,0.0,0.0,0.0,0.0,0.0,0.0,1.0
251740,0,1,3400,-52,52,-305,12,18,0.65,69545.820312,7,2.1,0.82,0.0,12462.151367,36,0.0,0.0,0.0,1.0
251989,0,1,3400,-52,52,-315,8.5,18,0.54,48669.324219,2,2.1,0.0,0.0,0.0,0.0,0.0,0.0,0.0,1.0
252238,0,1,3400,-52,52,-313,10,18,0.51,42964.144531,2,2.1,0.0,0.0,0.0,0.0,0.0,0.0,0.0,1.0
252487,0,1,3400,-52,52,-311,15,18,0.81,31936.255859,9,2.1,0.0,0.0,0.0,0.0,0.0,0.0,0.0,1.0
252736,0,1,3400,-52,52,-309,13,18,0.97,40988.046875,6,2.1,2.1,0.0,27410.359375,31,0.0,0.0,0.0,1.0
252985,0,1,3400,-52,52,-306,14,18,0.80,56988.046875,3,2.1,0.0,0.0,0.0,0.0,0.0,0.0,0.0,1.0
253234,0,1,3400,-52,52,-307,13,18,0.68,23235.060547,10,2.1,0.0,0.0,0.0,0.0,0.0,0.0,0.0,1.0
253483,0,1,3400,-52,52,-310,12,18,0.96,76768.000000,4,2.1,0.0,0.0,0.0,0.0,0.0,0.0,0.0,1.0
253732,0,1,3400,-52,52,-311,17,18,1.2,33784.859375,5,2.1,2.8,0.0,133864.546875,0,0.0,0.0,0.0,1.0
253981,0,1,3400,-52,52,-309,10,18,0.60,57976.093750,3,2.1,8.0,0.0,0.0,0.0,0.0,0.0,0.0,1.0
254230,0,1,3400,-52,52,-307,10,19,0.84,72988.046875,1,2.1,8.0,0.0,0.0,0.0,0.0,0.0,0.0,1.0
254479,0,1,3400,-52,52,-312,13,17,0.50,37928.285156,0,2.1,8.0,0.0,0.0,0.0,0.0,0.0,0.0,1.0
254728,0,1,3400,-52,52,-309,14,18,1.00,54470.121094,11,2.1,5.4,0.0,23936.255859,36,0.0,0.0,0.0,1.0
254977,0,1,3400,-52,52,-309,13,18,0.78,86852.585938,6,2.1,0.0,0.0,0.0,0.0,0.0,0.0,0.0,1.0
255226,0,1,3400,-52,52,-311,13,17,0.70,33434.261719,8,2.1,0.0,0.0,0.0,0.0,0.0,0.0,0.0,1.0
255475,0,1,3400,-52,52,-312,13,18,0.50,44557.769531,0,2.1,1.5,0.0,2039.840698,43,0.0,0.0,0.0,1.0
255724,0,1,3400,-52,52,-317,9.4,18,0.81,56416.000000,3,2.1,7.9,0.0,172800.000000,56,0.0,0.0,0.0,1.0
255973,0,1,3400,-52,52,-308,9.6,18,0.52,46087.648438,0,2.1,16,0.0,0.0,0.0,0.0,0.0,0.0,1.0
256222,0,1,3400,-52,52,-312,12,18,0.60,20079.681641,10,2.1,16,0.0,0.0,0.0,0.0,0.0,0.0,1.0
256471,0,1,3400,-52,52,-315,11,19,0.56,37896.414062,3,2.1,16,0.0,0.0,0.0,0.0,0.0,0.0,1.0
256720,0,1,3400,-52,52,-316,12,18,0.70,48031.871094,3,2.1,12,0.0,13864.541992,36,0.0,0.0,0.0,1.0
256969,0,1,3400,-52,52,-309,12,18,0.50,69960.156250,0,2.1,12,0.0,159,0,0.0,0.0,0.0,1.0
257218,0,1,3400,-52,52,-311,13,18,0.67,74677.289062,10,2.1,7.5,0.0,0.0,0.0,0.0,0.0,0.0,1.0
257467,0,1,3400,-52,52,-312,13,17,0.86,54183.265625,0,2.1,7.5,0.0,0.0,0.0,0.0,0.0,0.0,1.0
257716,0,1,3400,-52,52,-313,13,18,0.50,48960.000000,0,2.1,5.4,0.0,24032.000000,36,0.0,0.0,0.0,1.0
257965,0,1,3400,-52,52,-312,13,19,0.65,77418.328125,3,2.1,0.0,0.0,0.0,0.0,0.0,0.0,0.0,1.0
258214,0,1,3400,-52,52,-310,12,18,0.79,56318.726562,7,2.1,0.0,0.0,0.0,0.0,0.0,0.0,0.0,1.0
258463,0,1,3400,-52,52,-313,9.4,19,0.50,70406.375000,0,2.1,0.0,0.0,0.0,0.0,0.0,0.0,0.0,1.0
258712,0,1,3400,-52,52,-308,13,18,0.73,66167.328125,4,2.1,2.1,0.0,29450.199219,31,0.0,0.0,0.0,1.0
258961,0,1,3400,-52,52,-310,13,19,0.53,44908.367188,0,2.1,0.0,0.0,0.0,0.0,0.0,0.0,0.0,1.0
259210,0,1,3400,-52,52,-309,9.9,18,0.77,39617.531250,7,2.1,0.0,0.0,0.0,0.0,0.0,0.0,0.0,1.0
259459,0,1,3400,-52,52,-310,11,18,0.61,45992.031250,0,2.1,0.0,0.0,0.0,0.0,0.0,0.0,0.0,1.0
259708,0,1,3400,-52,52,-312,13,19,0.61,45696.000000,4,2.1,0.0,186,3488.000000,0,0.0,0.0,0.0,1.0
259957,0,1,3400,-52,52,-316,11,18,0.50,52207.171875,0,2.1,7.1,0.0,0.0,80,0.0,0.0,0.0,1.0
260206,0,1,3400,-52,52,-311,12,19,1.0,72031.875000,8,2.1,7.5,0.0,0.0,0.0,0.0,0.0,0.0,1.0
260455,0,1,3400,-52,52,-314,9.4,18,0.68,48892.429688,0,2.1,7.5,0.0,0.0,0.0,0.0,0.0,0.0,1.0
260704,0,1,3400,-52,52,-317,9.4,18,0.57,51123.507812,3,2.1,5.1,0.0,12462.151367,36,0.0,0.0,0.0,1.0
260953,0,1,3400,-52,52,-313,11,18,0.55,54151.394531,0,2.1,0.0,0.0,0.0,0.0,0.0,0.0,0.0,1.0
261202,0,1,3400,-52,52,-312,11,18,0.67,28398.406250,7,2.1,1.3,0.0,159,60,0.0,0.0,0.0,1.0
261451,0,1,3400,-52,52,-310,13,18,0.50,37928.285156,0,2.1,1.7,0.0,0.0,50,0.0,0.0,0.0,1.0
261700,0,1,3400,-52,52,-308,13,18,0.50,32509.960938,0,2.1,5.9,0.0,26135.458984,29,0.0,0.0,0.0,1.0
261949,0,1,3400,-52,52,-309,14,18,0.67,57856.000000,8,2.1,0.0,0.0,0.0,0.0,0.0,0.0,0.0,1.0
262198,0,1,3400,-52,52,-310,12,18,1.1,60111.554688,5,2.1,0.0,0.0,0.0,0.0,0.0,0.0,0.0,1.0
262447,0,1,3400,-52,52,-312,11,19,0.54,63681.273438,7,2.1,1.2,0.0,159,0,0.0,0.0,0.0,1.0
262696,0,1,3400,-52,52,-305,14,18,0.68,66645.421875,8,2.1,3.2,0.0,23617.529297,0,0.0,0.0,0.0,1.0
262945,0,1,3400,-52,52,-305,13,19,0.60,62342.628906,8,2.1,6.0,0.0,0.0,0.0,0.0,0.0,0.0,1.0
263194,0,1,3400,-52,52,-306,16,18,0.88,29513.943359,9,2.1,6.0,0.0,0.0,0.0,0.0,0.0,0.0,1.0
263443,0,1,3400,-52,52,-305,14,18,0.84,56032.000000,10,2.1,6.0,0.0,0.0,0.0,0.0,0.0,0.0,1.0
263692,0,1,3400,-52,52,-308,13,18,0.63,35633.464844,12,2.1,5.7,0.0,5513.944336,57,0.0,0.0,0.0,1.0
263941,0,1,3400,-52,52,-310,9.8,18,0.50,43282.867188,0,2.1,7.5,0.0,0.0,0.0,0.0,0.0,0.0,1.0
264190,0,1,3400,-52,52,-315,11,18,0.50,78629.484375,0,2.1,7.5,0.0,0.0,0.0,0.0,0.0,0.0,1.0
264439,0,1,3400,-52,52,-311,8.0,18,0.50,75697.210938,0,2.1,7.5,0.0,0.0,0.0,0.0,0.0,0.0,1.0
264688,0,1,3400,-52,52,-311,9.2,18,0.77,65529.878906,6,2.1,10,0.0,15521.912109,53,0.0,0.0,0.0,1.0
264937,0,1,3400,-52,52,-311,12,17,0.91,60334.660156,3,2.1,1.2,0.0,11952.191406,40,0.0,0.0,0.0,1.0
265186,0,1,3400,-52,52,-308,9.3,17,0.88,54215.140625,1,2.1,0.0,0.0,0.0,0.0,0.0,0.0,0.0,1.0
265435,0,1,3400,-52,52,-313,14,18,0.50,26624.000000,0,2.1,0.0,0.0,0.0,0.0,0.0,0.0,0.0,1.0
265684,0,1,3400,-52,52,-315,13,17,0.82,79521.914062,6,2.1,0.82,0.0,14247.011719,47,0.0,0.0,0.0,1.0
265933,0,1,3400,-52,52,-314,13,18,0.50,95904.382812,0,2.1,0.0,0.0,0.0,0.0,0.0,0.0,0.0,1.0
266182,0,1,3400,-52,52,-312,13,18,0.67,49912.351562,5,2.1,0.0,0.0,0.0,0.0,0.0,0.0,0.0,1.0
266431,0,1,3400,-52,52,-310,14,19,0.75,56828.683594,4,2.1,0.064,0.0,0.0,0.0,0.0,0.0,0.0,1.0
266680,0,1,3400,-52,52,-309,13,18,0.61,67537.851562,0,2.1,0.0,0.0,8127.490234,0,0.0,0.0,0.0,1.0
266929,0,1,3400,-52,52,-311,10,19,0.91,44494.023438,6,2.1,0.0,0.0,0.0,0.0,0.0,0.0,0.0,1.0
267178,0,1,3400,-52,52,-313,8.5,19,0.51,87745.023438,0,2.1,0.0,0.0,0.0,0.0,0.0,0.0,0.0,1.0
267427,0,1,3400,-52,52,-312,6.7,18,1.1,53673.308594,1,2.1,0.0,0.0,0.0,0.0,0.0,0.0,0.0,1.0
267676,0,1,3400,-52,52,-306,6.4,18,0.50,73792.000000,0,2.1,0.0,0.0,8160.000000,0,0.0,0.0,0.0,1.0
267925,0,1,3400,-52,52,-307,4.3,17,0.50,57752.988281,0,2.1,0.16,0.0,0.0,50,0.0,0.0,0.0,1.0
268174,0,1,3400,-52,52,-307,13,18,0.73,66294.820312,4,2.1,4.0,0.0,1019.920349,50,0.0,0.0,0.0,1.0
268423,0,1,3400,-52,52,-309,12,18,0.96,71426.296875,4,2.1,4.0,0.0,0.0,0.0,0.0,0.0,0.0,1.0
268672,0,1,3400,-52,52,-307,12,18,0.75,59824.703125,5,2.1,5.0,0.0,41593.625000,30,0.0,0.0,0.0,1.0
268921,0,1,3400,-52,52,-311,13,18,0.59,59952.191406,3,2.1,6.5,0.0,0.0,0.0,0.0,0.0,0.0,1.0
269170,0,1,3400,-52,52,-309,13,18,0.50,50613.546875,0,2.1,6.6,0.0,0.0,0.0,0.0,1.0,2.0,1.0
269419,0,1,3400,-52,52,-305,13,19,0.50,67091.632812,0,2.1,6.5,0.0,0.0,0.0,0.0,0.0,0.0,1.0
269668,0,1,3400,-52,52,-306,14,18,0.51,90528.000000,2,2.1,3.7,0.0,8160.000000,0,0.0,0.0,0.0,1.0
269917,0,1,3400,-52,52,-310,9.6,17,0.70,26390.437500,4,2.1,0.0,0.0,0.0,0.0,0.0,0.0,0.0,1.0
270166,0,1,3400,-52,52,-305,11,18,0.68,62406.375000,3,2.1,0.0,0.0,0.0,0.0,0.0,0.0,0.0,1.0
270415,0,1,3400,-52,52,-308,13,18,0.50,48223.109375,0,2.1,0.0,0.0,0.0,0.0,0.0,0.0,0.0,1.0
270664,0,1,3400,-52,52,-308,12,18,0.58,70852.585938,3,2.1,2.7,0.0,4525.896484,55,0.0,0.0,0.0,1.0
270913,0,1,3400,-52,52,-315,12,18,0.60,75952.187500,5,2.1,7.5,0.0,0.0,0.0,0.0,0.0,0.0,1.0
271162,0,1,3400,-52,52,-315,11,18,0.50,56669.324219,0,2.1,7.5,0.0,0.0,0.0,0.0,0.0,0.0,1.0
271411,0,1,3400,-52,52,-309,14,19,0.60,87808.765625,0,2.1,7.6,0.0,0.0,50,0.0,0.0,0.0,1.0
271660,0,1,3400,-52,52,-306,11,18,0.64,93632.000000,2,2.1,11,0.0,178176.000000,58,0.0,0.0,0.0,1.0
271909,0,1,3400,-52,52,-309,12,18,0.50,49243.027344,0,2.1,16,0.0,0.0,0.0,0.0,0.0,0.0,1.0
272158,0,1,3400,-52,52,-311,13,17,0.93,66836.656250,8,2.1,16,0.0,0.0,0.0,0.0,0.0,0.0,1.0
272407,0,1,3400,-52,52,-311,11,19,0.50,70533.867188,0,2.1,16,0.0,0.0,0.0,0.0,0.0,0.0,1.0
272656,0,1,3400,-52,52,-310,13,18,0.64,73816.734375,4,2.1,7.0,0.0,15808.764648,0,0.0,0.0,0.0,1.0
272905,0,1,3400,-52,52,-311,14,18,0.52,72733.070312,0,2.1,0.0,0.0,0.0,0.0,0.0,0.0,0.0,1.0
273154,0,1,3400,-52,52,-312,9.5,18,0.50,49752.988281,0,2.1,0.0,0.0,0.0,0.0,0.0,0.0,0.0,1.0
273403,0,1,3400,-52,52,-308,14,18,1.3,43059.761719,6,2.1,0.0,0.0,0.0,0.0,0.0,0.0,0.0,1.0
273652,0,1,3400,-52,52,-314,10,18,0.86,75776.000000,2,2.1,7.6,0.0,40544.000000,0,0.0,0.0,0.0,1.0
273901,0,1,3400,-52,52,-323,9.1,18,0.50,47107.570312,0,2.1,12,0.0,159,0,0.0,0.0,0.0,1.0
274150,0,1,3400,-52,52,-317,10,17,0.61,42741.035156,4,2.1,7.5,0.0,0.0,0.0,0.0,0.0,0.0,1.0
274399,0,1,3400,-52,52,-313,8.8,18,0.56,22438.246094,0,2.1,7.5,0.0,0.0,0.0,0.0,0.0,0.0,1.0
274648,0,1,3400,-52,52,-309,13,18,0.63,82581.671875,3,2.1,11,0.0,40382.468750,14,0.0,0.0,0.0,1.0
274897,0,1,3400,-52,52,-309,12,18,0.50,37800.796875,0,2.1,15,0.0,0.0,0.0,0.0,0.0,0.0,1.0
275146,0,1,3400,-52,52,-313,13,18,0.64,53354.582031,9,2.1,15,0.0,0.0,0.0,0.0,0.0,0.0,1.0
275395,0,1,3400,-52,52,-314,12,18,1.1,53290.835938,8,2.1,15,0.0,0.0,0.0,0.0,0.0,0.0,1.0
275644,0,1,3400,-52,52,-311,12,18,0.61,51984.062500,3,2.1,13,0.0,42486.054688,39,0.0,0.0,0.0,1.0
275893,0,1,3400,-52,52,-312,11,17,0.54,63744.000000,4,2.1,7.5,0.0,0.0,0.0,0.0,0.0,0.0,1.0
276142,0,1,3400,-52,52,-305,13,18,0.58,43346.613281,6,2.1,7.5,0.0,0.0,0.0,0.0,0.0,0.0,1.0
276391,0,1,3400,-52,52,-310,13,18,0.79,66581.671875,7,2.1,7.5,0.0,0.0,0.0,0.0,0.0,0.0,1.0
276640,0,1,3400,-52,52,-313,13,19,0.51,42932.269531,0,2.1,8.4,0.0,0.0,80,0.0,0.0,0.0,1.0
276889,0,1,3400,-52,52,-311,14,18,0.81,43474.105469,6,2.1,9.0,0.0,159,0,0.0,0.0,0.0,1.0
277138,0,1,3400,-52,52,-308,13,18,0.60,39075.695312,7,2.1,9.0,0.0,0.0,0.0,0.0,0.0,0.0,1.0
277387,0,1,3400,-52,52,-312,14,18,0.50,42358.566406,0,2.1,9.0,0.0,0.0,0.0,0.0,0.0,0.0,1.0
277636,0,1,3400,-52,52,-313,14,18,0.88,48096.000000,12,2.1,6.7,0.0,8160.000000,14,0.0,0.0,0.0,1.0
277885,0,1,3400,-52,52,-310,14,19,0.61,87808.765625,4,2.1,0.0,0.0,0.0,0.0,0.0,0.0,0.0,1.0
278134,0,1,3400,-52,52,-306,12,18,0.81,58071.714844,5,2.1,0.0,0.0,0.0,0.0,0.0,0.0,0.0,1.0
278383,0,1,3400,-52,52,-307,9.7,19,0.57,97816.734375,1,2.1,0.0,0.0,0.0,0.0,0.0,0.0,0.0,1.0
278632,0,1,3400,-52,52,-307,12,18,0.88,70215.140625,1,2.1,2.5,0.0,24318.724609,27,0.0,0.0,0.0,1.0
278881,0,1,3400,-52,52,-310,13,18,0.81,39808.765625,6,2.1,0.0,0.0,3474.103516,0,0.0,0.0,0.0,1.0
279130,0,1,3400,-52,52,-309,14,18,0.61,89019.921875,2,2.1,0.0,0.0,0.0,0.0,0.0,0.0,0.0,1.0
279379,0,1,3400,-52,52,-311,9.8,18,0.50,44544.000000,0,2.1,0.0,0.0,0.0,0.0,0.0,0.0,0.0,1.0
279628,0,1,3400,-52,52,-313,17,18,1.1,78565.734375,12,2.1,6.1,0.0,23553.785156,0,0.0,0.0,0.0,1.0
279877,0,1,3400,-52,52,-314,12,17,0.50,60366.535156,0,2.1,14,0.0,0.0,0.0,0.0,0.0,0.0,1.0
280126,0,1,3400,-52,52,-319,9.0,17,0.71,46948.207031,3,2.1,14,0.0,0.0,0.0,0.0,0.0,0.0,1.0
280375,0,1,3400,-52,52,-313,8.6,18,0.55,72605.578125,1,2.1,11,0.0,1019.920349,50,0.0,0.0,0.0,1.0
280624,0,1,3400,-52,52,-308,14,18,0.82,56605.578125,9,2.1,4.8,0.0,27729.083984,28,0.0,0.0,0.0,1.0
280873,0,1,3400,-52,52,-308,12,17,0.88,60430.277344,4,2.1,3.1,0.0,1019.920349,0,0.0,0.0,0.0,1.0
281122,0,1,3400,-52,52,-314,11,18,0.77,69482.070312,5,2.1,1.8,0.0,159,0,0.0,0.0,0.0,1.0
281371,0,1,3400,-52,52,-316,9.7,18,0.50,43200.000000,0,2.1,1.5,0.0,0.0,0.0,0.0,0.0,0.0,1.0
281620,0,1,3400,-52,52,-313,13,18,0.50,10836.653320,0,2.1,2.7,0.0,23936.255859,36,0.0,0.0,0.0,1.0
281869,0,1,3400,-52,52,-313,13,17,0.62,56892.429688,9,2.1,0.0,0.0,0.0,0.0,0.0,0.0,0.0,1.0
282118,0,1,3400,-52,52,-310,6.8,18,0.50,15330.677734,0,2.1,0.0,0.0,0.0,0.0,0.0,0.0,0.0,1.0
282367,0,1,3400,-52,52,-310,12,17,0.67,74900.398438,10,2.1,0.0,0.0,0.0,0.0,0.0,0.0,0.0,1.0
282616,0,1,3400,-52,52,-309,13,18,0.58,88159.359375,3,2.1,0.82,0.0,10422.310547,36,0.0,0.0,0.0,1.0
282865,0,1,3400,-52,52,-311,13,18,0.61,50326.691406,5,2.1,0.0,0.0,0.0,0.0,0.0,0.0,0.0,1.0
283114,0,1,3400,-52,52,-312,14,17,1.3,35346.613281,13,2.1,0.0,0.0,0.0,0.0,0.0,0.0,0.0,1.0
283363,0,1,3400,-52,52,-310,12,18,0.61,44366.535156,5,2.1,0.0,0.0,0.0,0.0,0.0,0.0,0.0,1.0
283612,0,1,3400,-52,52,-312,12,18,0.51,49824.000000,2,2.1,0.0,0.0,8160.000000,0,0.0,0.0,0.0,1.0
283861,0,1,3400,-52,52,-309,6.3,19,0.50,22565.736328,0,2.1,0.0,0.0,0.0,0.0,0.0,0.0,0.0,1.0
284110,0,1,3400,-52,52,-311,12,19,0.57,72000.000000,4,2.1,0.0,0.0,0.0,0.0,0.0,0.0,0.0,1.0
284359,0,1,3400,-52,52,-314,13,17,0.54,54183.265625,0,2.1,0.0,0.0,0.0,0.0,0.0,0.0,0.0,1.0
284608,0,1,3400,-52,52,-308,13,18,0.51,81274.898438,0,2.1,5.9,0.0,23394.421875,44,0.0,0.0,0.0,1.0
284857,0,1,3400,-52,52,-314,15,18,0.95,48191.234375,6,2.1,15,0.0,0.0,0.0,0.0,0.0,0.0,1.0
285106,0,1,3400,-52,52,-315,11,17,1.3,53577.687500,12,2.1,15,0.0,0.0,0.0,0.0,0.0,0.0,1.0
285355,0,1,3400,-52,52,-310,12,19,0.57,60844.621094,0,2.1,15,0.0,0.0,0.0,0.0,0.0,0.0,1.0
285604,0,1,3400,-52,52,-309,13,18,0.50,47680.000000,0,2.1,6.5,0.0,8160.000000,0,0.0,0.0,0.0,1.0
285853,0,1,3400,-52,52,-320,11,18,0.67,66071.710938,3,2.1,0.0,0.0,0.0,0.0,0.0,0.0,0.0,1.0
286102,0,1,3400,-52,52,-312,12,18,0.50,38788.843750,0,2.1,0.49,0.0,159,0,0.0,0.0,0.0,1.0
286351,0,1,3400,-52,52,-310,13,17,0.85,33784.859375,8,2.1,1.5,0.0,0.0,0.0,0.0,0.0,0.0,1.0
286600,0,1,3400,-52,52,-309,14,19,0.50,69960.156250,0,2.1,1.7,0.0,12462.151367,36,0.0,0.0,0.0,1.0
286849,0,1,3400,-52,52,-309,10,19,0.82,50517.929688,3,2.1,0.0,0.0,0.0,0.0,0.0,0.0,0.0,1.0
287098,0,1,3400,-52,52,-315,13,18,0.63,45067.730469,6,2.1,0.0,0.0,0.0,0.0,0.0,0.0,0.0,1.0
287347,0,1,3400,-52,52,-315,12,18,0.77,42103.585938,6,2.1,0.0,0.0,0.0,0.0,0.0,0.0,0.0,1.0
287596,0,1,3400,-52,52,-311,13,19,0.75,92047.812500,4,2.1,3.1,0.0,3474.103516,57,0.0,0.0,0.0,1.0
287845,0,1,3400,-52,52,-312,12,18,0.50,66816.000000,0,2.1,7.5,0.0,0.0,0.0,0.0,0.0,0.0,1.0
288094,0,1,3400,-52,52,-307,13,18,0.51,48796.812500,0,2.1,7.5,0.0,0.0,0.0,0.0,0.0,0.0,1.0
288343,0,1,3400,-52,52,-309,12,18,0.99,60334.660156,5,2.1,7.5,0.0,0.0,0.0,0.0,0.0,0.0,1.0
288592,0,1,3400,-52,52,-315,13,17,1.3,36717.132812,12,2.1,7.5,0.0,33976.093750,20,0.0,0.0,0.0,1.0
288841,0,1,3400,-52,52,-317,8.6,18,0.50,77163.343750,0,2.1,7.5,0.0,0.0,0.0,0.0,0.0,0.0,1.0
289090,0,1,3400,-52,52,-313,6.6,18,1.0,45545.816406,0.9,2.1,7.5,0.0,0.0,0.0,0.0,0.0,0.0,1.0
289339,0,1,3400,-52,52,-310,12,18,0.88,56701.195312,9,2.1,7.5,0.0,0.0,0.0,0.0,0.0,0.0,1.0
289588,0,1,3400,-52,52,-315,13,17,0.79,51888.445312,9,2.1,9.5,0.0,19888.445312,44,0.0,0.0,0.0,1.0
289837,0,1,3400,-52,52,-316,12,18,0.50,47139.441406,0,2.1,0.0,0.0,0.0,0.0,0.0,0.0,0.0,1.0
290086,0,1,3400,-52,52,-309,13,18,0.81,38208.000000,5,2.1,0.0,0.0,0.0,0.0,0.0,0.0,0.0,1.0
290335,0,1,3400,-52,52,-308,13,18,0.56,55330.675781,5,2.1,0.0,0.0,0.0,0.0,0.0,0.0,0.0,1.0
290584,0,1,3400,-52,52,-310,14,18,0.57,71426.296875,4,2.1,0.0,0.0,8127.490234,0,0.0,0.0,0.0,1.0
290833,0,1,3400,-52,52,-312,12,18,0.60,82199.203125,3,2.1,0.0,0.0,0.0,0.0,0.0,0.0,0.0,1.0
291082,0,1,3400,-52,52,-304,15,18,0.57,58454.183594,5,2.1,0.0,0.0,0.0,0.0,0.0,0.0,0.0,1.0
291331,0,1,3400,-52,52,-307,12,17,0.79,68398.406250,7,2.1,1.3,0.0,159,33,0.0,0.0,0.0,1.0
291580,0,1,3400,-52,52,-309,13,18,0.60,84685.257812,3,2.1,0.62,0.0,8127.490234,0,0.0,0.0,0.0,1.0
291829,0,1,3400,-52,52,-311,11,18,0.50,60972.113281,0,2.1,0.26,0.0,159,0,0.0,0.0,0.0,1.0
292078,0,1,3400,-52,52,-311,13,18,0.51,69888.000000,0,2.1,1.5,0.0,0.0,0.0,0.0,0.0,0.0,1.0
292327,0,1,3400,-52,52,-316,14,18,0.62,77131.476562,3,2.1,1.5,0.0,0.0,0.0,0.0,0.0,0.0,1.0
292576,0,1,3400,-52,52,-316,15,18,0.50,52175.296875,0,2.1,2.7,0.0,15394.421875,0,0.0,0.0,0.0,1.0
292825,0,1,3400,-52,52,-313,11,18,0.53,62278.882812,3,2.1,7.5,0.0,0.0,0.0,0.0,0.0,0.0,1.0
293074,0,1,3400,-52,52,-306,14,17,0.50,41051.792969,0,2.1,7.5,0.0,0.0,0.0,0.0,0.0,0.0,1.0
293323,0,1,3400,-52,52,-305,11,18,0.50,67984.062500,0,2.1,7.5,0.0,0.0,0.0,0.0,0.0,0.0,1.0
293572,0,1,3400,-52,52,-310,14,18,0.51,54980.078125,3,2.1,11,0.0,26772.908203,0,0.0,0.0,0.0,1.0
293821,0,1,3400,-52,52,-313,14,18,0.50,32064.000000,0,2.1,14,0.0,0.0,0,0.0,0.0,0.0,1.0
294070,0,1,3400,-52,52,-310,13,17,0.50,59601.593750,0,2.1,8.0,0.0,159,0,0.0,0.0,0.0,1.0
294319,0,1,3400,-52,52,-309,13,18,0.50,69450.195312,0,2.1,8.0,0.0,0.0,0.0,0.0,0.0,0.0,1.0
294568,0,1,3400,-52,52,-309,13,18,0.50,43346.613281,0,2.1,6.1,0.0,14501.992188,25,0.0,0.0,0.0,1.0
294817,0,1,3400,-52,52,-308,13,19,0.50,57689.242188,0,2.1,3.0,0.0,0.0,0.0,0.0,0.0,0.0,1.0
295066,0,1,3400,-52,52,-312,11,18,1.1,57466.136719,10,2.1,3.0,0.0,0.0,0.0,0.0,0.0,0.0,1.0
295315,0,1,3400,-52,52,-317,13,17,0.57,94374.500000,3,2.1,3.0,0.0,0.0,0.0,0.0,0.0,0.0,1.0
295564,0,1,3400,-52,52,-314,13,18,0.98,39648.000000,6,2.1,6.1,0.0,15584.000000,25,0.0,0.0,0.0,1.0
295813,0,1,3400,-52,52,-309,9.8,18,1.3,36749.003906,0,2.1,12,0.0,0.0,0.0,0.0,0.0,0.0,1.0
296062,0,1,3400,-52,52,-314,8.3,18,0.56,58326.691406,2,2.1,12,0.0,0.0,0.0,0.0,0.0,0.0,1.0
296311,0,1,3400,-52,52,-311,14,18,0.59,87745.023438,3,2.1,12,0.0,0.0,0.0,0.0,0.0,0.0,1.0
296560,0,1,3400,-52,52,-313,12,18,0.65,46470.121094,10,2.1,13,0.0,23394.421875,0,0.0,0.0,0.0,1.0
296809,0,1,3400,-52,52,-307,12,18,0.66,80956.171875,2,2.1,14,0.0,0.0,0.0,0.0,0.0,0.0,1.0
297058,0,1,3400,-52,52,-306,9.5,18,0.59,48605.578125,3,2.1,12,0.0,159,50,0.0,0.0,0.0,1.0
297307,0,1,3400,-52,52,-307,15,18,0.72,55617.531250,13,2.1,7.5,0.0,0.0,0.0,0.0,0.0,0.0,1.0
297556,0,1,3400,-52,52,-306,11,18,0.78,80701.195312,5,2.1,11,0.0,40382.468750,0,0.0,0.0,0.0,1.0
297805,0,1,3400,-52,52,-309,13,18,0.50,65024.000000,0,2.1,14,0.0,0.0,0.0,0.0,0.0,0.0,1.0
298054,0,1,3400,-52,52,-313,13,18,1.1,35633.464844,7,2.1,9.4,0.0,159,33,0.0,0.0,0.0,1.0
298303,0,1,3400,-52,52,-309,12,17,1.1,46119.523438,8,2.1,7.5,0.0,0.0,0.0,0.0,0.0,0.0,1.0
298552,0,1,3400,-52,52,-312,16,18,0.68,73402.390625,0,2.1,5.4,0.0,23936.255859,36,0.0,0.0,0.0,1.0
298801,0,1,3400,-52,52,-313,8.4,17,0.61,46438.246094,3,2.1,0.98,0.0,159,0,0.0,0.0,0.0,1.0
299050,0,1,3400,-52,52,-313,14,17,0.64,51027.886719,11,2.1,1.5,0.0,0.0,0.0,0.0,0.0,0.0,1.0
299299,0,1,3400,-52,52,-312,14,18,0.57,45641.433594,6,2.1,1.5,0.0,0.0,0.0,0.0,0.0,0.0,1.0
299548,0,1,3400,-52,52,-312,13,19,0.90,77896.414062,3,2.1,8.9,0.0,187059.765625,50,0.0,0.0,0.0,1.0
299797,0,1,3400,-52,52,-313,14,18,0.50,25721.115234,0,2.1,16,0.0,0.0,0.0,0.0,0.0,0.0,1.0
300046,0,1,3400,-52,52,-312,13,17,0.58,45088.000000,6,2.1,16,0.0,0.0,0.0,0.0,0.0,0.0,1.0
300295,0,1,3400,-52,52,-312,12,18,0.71,71840.640625,7,2.1,16,0.0,0.0,0.0,0.0,0.0,0.0,1.0
300544,0,1,3400,-52,52,-314,13,18,0.50,82199.203125,0,2.1,13,0.0,28812.748047,31,0.0,0.0,0.0,1.0
300793,0,1,3400,-52,52,-308,14,18,0.85,77131.476562,9,2.1,7.6,0.0,159,0,0.0,0.0,0.0,1.0
301042,0,1,3400,-52,52,-313,12,18,0.50,66581.671875,0,2.1,7.5,0.0,0.0,0.0,0.0,0.0,0.0,1.0
301291,0,1,3400,-52,52,-311,6.8,19,0.50,27601.593750,0,2.1,7.5,0.0,0.0,0.0,0.0,0.0,0.0,1.0
301540,0,1,3400,-52,52,-309,13,19,0.52,42932.269531,0,2.1,5.4,0.0,23936.255859,36,0.0,0.0,0.0,1.0
301789,0,1,3400,-52,52,-309,13,17,0.78,72928.000000,4,2.1,0.0,0.0,0.0,0.0,0.0,0.0,0.0,1.0
302038,0,1,3400,-52,52,-310,9.5,18,0.68,56796.812500,2,2.1,0.0,0.0,0.0,0.0,0.0,0.0,0.0,1.0
302287,0,1,3400,-52,52,-314,14,18,0.58,48446.214844,0,2.1,0.0,0.0,0.0,0.0,0.0,0.0,0.0,1.0
302536,0,1,3400,-52,52,-314,14,18,0.64,58294.820312,12,2.1,8.4,0.0,289657.375000,54,0.0,0.0,0.0,1.0
302785,0,1,3400,-52,52,-310,13,18,0.64,44334.660156,6,2.1,16,0.0,0.0,0.0,0.0,0.0,0.0,1.0
303034,0,1,3400,-52,52,-312,7.4,18,0.50,40318.726562,0,2.1,16,0.0,0.0,0.0,0.0,0.0,0.0,1.0
303283,0,1,3400,-52,52,-311,13,18,0.56,61163.347656,4,2.1,9.7,0.0,159,33,0.0,0.0,0.0,1.0
303532,0,1,3400,-52,52,-306,16,18,0.60,68430.281250,5,2.1,5.8,0.0,8031.872559,0,0.0,0.0,0.0,1.0
303781,0,1,3400,-52,52,-310,14,18,0.85,56031.871094,5,2.1,0.50,0.0,159,0,0.0,0.0,0.0,1.0
304030,0,1,3400,-52,52,-304,14,18,0.68,26624.000000,11,2.1,1.5,0.0,0.0,0.0,0.0,0.0,0.0,1.0
304279,0,1,3400,-52,52,-309,14,18,0.50,61131.472656,0,2.1,1.5,0.0,0.0,0.0,0.0,0.0,0.0,1.0
304528,0,1,3400,-52,52,-315,8.5,18,0.63,70151.390625,1,2.1,2.7,0.0,29450.199219,31,0.0,0.0,0.0,1.0
304777,0,1,3400,-52,52,-318,14,18,0.50,68876.492188,0,2.1,0.0,0.0,0.0,0.0,0.0,0.0,0.0,1.0
305026,0,1,3400,-52,52,-313,13,19,0.57,37832.667969,7,2.1,0.0,0.0,0.0,0.0,0.0,0.0,0.0,1.0
305275,0,1,3400,-52,52,-306,13,17,0.95,57498.007812,5,2.1,0.0,0.0,0.0,0.0,0.0,0.0,0.0,1.0
305524,0,1,3400,-52,52,-313,11,19,0.50,26964.142578,0,2.1,0.0,0.0,8127.490234,0,0.0,0.0,0.0,1.0
305773,0,1,3400,-52,52,-318,12,17,0.51,47107.570312,5,2.1,0.0,0.0,0.0,0.0,0.0,0.0,0.0,1.0
306022,0,1,3400,-52,52,-310,14,18,0.61,70720.000000,4,2.1,0.084,0.0,160,0,0.0,0.0,0.0,1.0
306271,0,1,3400,-52,52,-310,8.9,18,0.51,57051.792969,1,2.1,1.5,0.0,159,33,0.0,0.0,0.0,1.0
306520,0,1,3400,-52,52,-312,12,18,0.60,36749.003906,6,2.1,6.9,0.0,94342.632812,65,0.0,0.0,0.0,1.0
306769,0,1,3400,-52,52,-310,8.6,19,0.51,66645.421875,0,2.1,16,0.0,0.0,0.0,0.0,0.0,0.0,1.0
307018,0,1,3400,-52,52,-311,13,18,0.50,78756.968750,0,2.1,16,0.0,0.0,0.0,0.0,0.0,0.0,1.0
307267,0,1,3400,-52,52,-311,14,18,0.60,60334.660156,5,2.1,16,0.0,0.0,0.0,0.0,0.0,0.0,1.0
307516,0,1,3400,-52,52,-308,6.0,17,0.77,57306.773438,0,2.1,7.8,0.0,12462.151367,36,0.0,0.0,0.0,1.0
307765,0,1,3400,-52,52,-308,8.5,18,0.62,72733.070312,0,2.1,0.0,0.0,0.0,0.0,0.0,0.0,0.0,1.0
308014,0,1,3400,-52,52,-311,7.7,18,0.85,60160.000000,3,2.1,0.0,0.0,0.0,0.0,0.0,0.0,0.0,1.0
308263,0,1,3400,-52,52,-315,13,18,1.1,51155.378906,6,2.1,0.0,0.0,0.0,0.0,0.0,0.0,0.0,1.0
308513,0,1,3400,-52,52,-315,14,18,0.54,32382.470703,0,2.1,0.82,0.0,12462.151367,36,0.0,0.0,0.0,1.0
308762,0,1,3400,-52,52,-317,13,18,0.85,42326.691406,16,2.1,0.0,0.0,0.0,0.0,0.0,0.0,0.0,1.0
309011,0,1,3400,-52,52,-316,9.9,18,0.64,52047.808594,1,2.1,0.0,0.0,0.0,0.0,0.0,0.0,0.0,1.0
309260,0,1,3400,-52,52,-308,12,18,0.51,27027.888672,0,2.1,0.0,0.0,0.0,0.0,0.0,0.0,0.0,1.0
309509,0,1,3400,-52,52,-305,12,18,1.1,54272.000000,11,2.1,3.3,0.0,2144.000000,57,0.0,0.0,0.0,1.0
309758,0,1,3400,-52,52,-309,12,18,0.50,60589.640625,0,2.1,6.7,0.0,159,0,0.0,0.0,0.0,1.0
310007,0,1,3400,-52,52,-309,15,17,0.55,52749.003906,0,2.1,1.5,0.0,0.0,0.0,0.0,0.0,0.0,1.0
310256,0,1,3400,-52,52,-308,13,17,0.57,37928.285156,0,2.1,1.5,0.0,0.0,0.0,0.0,0.0,0.0,1.0
310505,0,1,3400,-52,52,-306,15,18,0.50,70629.484375,0,2.1,1.4,0.0,12621.513672,44,0.0,0.0,0.0,1.0
310754,0,1,3400,-52,52,-311,11,18,0.50,68462.148438,0,2.1,0.0,0.0,0.0,0.0,0.0,0.0,0.0,1.0
311003,0,1,3400,-52,52,-316,11,18,0.51,55585.656250,3,2.1,0.0,0.0,0.0,0.0,0.0,0.0,0.0,1.0
311252,0,1,3400,-52,52,-315,8.7,18,0.71,48669.324219,5,2.1,0.0,0.0,0.0,0.0,0.0,0.0,0.0,1.0
311501,0,1,3400,-52,52,-313,12,18,0.55,95553.781250,2,2.1,0.82,0.0,12462.151367,36,0.0,0.0,0.0,1.0
311750,0,1,3400,-52,52,-310,13,17,0.63,66039.843750,4,2.1,4.5,0.0,4876.494141,33,0.0,0.0,0.0,1.0
312000,0,1,3400,-52,52,-317,13,18,0.75,62528.000000,8,2.1,5.0,0.0,0.0,0.0,0.0,0.0,0.0,1.0
312249,0,1,3400,-52,52,-314,13,17,0.65,52557.769531,3,2.1,5.0,0.0,0.0,0.0,0.0,0.0,0.0,1.0
312498,0,1,3400,-52,52,-314,16,18,0.68,43729.082031,0,2.1,2.3,0.0,15808.764648,0,0.0,0.0,0.0,1.0
312747,0,1,3400,-52,52,-312,14,17,0.50,37482.070312,0,2.1,0.0,0.0,0.0,0.0,0.0,0.0,0.0,1.0
312996,0,1,3400,-52,52,-314,11,18,0.50,44621.515625,0,2.1,0.0,0.0,0.0,0.0,0.0,0.0,0.0,1.0
313245,0,1,3400,-52,52,-316,13,17,0.50,37928.285156,0,2.1,5.0,0.0,1179.282837,20,0.0,0.0,0.0,1.0
313494,0,1,3400,-52,52,-317,14,17,1.0,35219.125000,13,2.1,5.5,0.0,28175.298828,31,0.0,0.0,0.0,1.0
313743,0,1,3400,-52,52,-314,12,19,0.68,60302.789062,0,2.1,2.0,0.0,0.0,0.0,0.0,0.0,0.0,1.0
313992,0,1,3400,-52,52,-315,13,18,0.86,66581.671875,4,2.1,2.0,0.0,0.0,0.0,0.0,0.0,0.0,1.0
314241,0,1,3400,-52,52,-312,11,17,0.69,45984.000000,4,2.1,2.0,0.0,0.0,0.0,0.0,0.0,0.0,1.0
314490,0,1,3400,-52,52,-309,15,18,0.67,57370.519531,14,2.1,2.9,0.0,23936.255859,36,0.0,0.0,0.0,1.0
314739,0,1,3400,-52,52,-308,12,18,0.58,122698.414062,2,2.1,0.0,0.0,0.0,0.0,0.0,0.0,0.0,1.0
314988,0,1,3400,-52,52,-310,14,19,0.99,70725.101562,3,2.1,1.4,0.0,159,0,0.0,0.0,0.0,1.0
315237,0,1,3400,-52,52,-313,13,18,0.53,39490.039062,6,2.1,1.5,0.0,0.0,0.0,0.0,0.0,0.0,1.0
315486,0,1,3400,-52,52,-314,14,17,0.79,60239.042969,9,2.1,0.62,0.0,12207.170898,0,0.0,0.0,0.0,1.0
315735,0,1,3400,-52,52,-311,14,17,0.50,43920.320312,0,2.1,0.0,0.0,0.0,0.0,0.0,0.0,0.0,1.0
315984,0,1,3400,-52,52,-308,11,18,0.84,25211.156250,3,2.1,0.0,0.0,0.0,0.0,0.0,0.0,0.0,1.0
316233,0,1,3400,-52,52,-312,8.5,18,0.95,55296.000000,1.0,2.1,0.0,0.0,0.0,0.0,0.0,0.0,0.0,1.0
316482,0,1,3400,-52,52,-319,9.5,19,0.56,63171.316406,3,2.1,1.3,0.0,109800.796875,17,0.0,0.0,0.0,1.0
316731,0,1,3400,-52,52,-310,11,19,0.58,60717.132812,2,2.1,8.0,0.0,0.0,0.0,0.0,0.0,0.0,1.0
316980,0,1,3400,-52,52,-307,13,18,0.79,80637.453125,3,2.1,8.0,0.0,0.0,0.0,0.0,0.0,0.0,1.0
317229,0,1,3400,-52,52,-316,14,17,0.52,70023.906250,0,2.1,8.0,0.0,0.0,0.0,0.0,0.0,0.0,1.0
317478,0,1,3400,-52,52,-315,12,18,0.75,88669.320312,2,2.1,4.4,0.0,21195.218750,0,0.0,0.0,0.0,1.0
317727,0,1,3400,-52,52,-314,9.7,18,0.54,70087.648438,0,2.1,6.0,0.0,0.0,0.0,0.0,0.0,0.0,1.0
317976,0,1,3400,-52,52,-314,13,17,0.57,34581.671875,7,2.1,6.0,0.0,0.0,0.0,0.0,0.0,0.0,1.0
318225,0,1,3400,-52,52,-317,13,18,0.58,48832.000000,0,2.1,6.0,0.0,0.0,0.0,0.0,0.0,0.0,1.0
318474,0,1,3400,-52,52,-315,5.6,18,0.50,57976.093750,0,2.1,6.7,0.0,30087.648438,33,0.0,0.0,0.0,1.0
318723,0,1,3400,-52,52,-313,8.5,18,0.78,86565.734375,3,2.1,0.0,0.0,0.0,0.0,0.0,0.0,0.0,1.0
318972,0,1,3400,-52,52,-311,12,18,0.63,62661.355469,4,2.1,0.0,0.0,0.0,0.0,0.0,0.0,0.0,1.0
319221,0,1,3400,-52,52,-312,13,17,0.50,32159.363281,0,2.1,0.0,0.0,0.0,0.0,0.0,0.0,0.0,1.0
319470,0,1,3400,-52,52,-309,13,18,0.50,48764.941406,0,2.1,0.82,0.0,10039.840820,36,0.0,0.0,0.0,1.0
319719,0,1,3400,-52,52,-310,11,19,0.50,32254.980469,0,2.1,0.0,0.0,0.0,0.0,0.0,0.0,0.0,1.0
319968,0,1,3400,-52,52,-307,9.8,20,0.50,62661.355469,0,2.1,0.56,0.0,159,0,0.0,0.0,0.0,1.0
320217,0,1,3400,-52,52,-311,12,17,0.57,51888.445312,9,2.1,1.5,0.0,0.0,0.0,0.0,0.0,0.0,1.0
320466,0,1,3400,-52,52,-313,13,18,0.71,50784.000000,5,2.1,0.86,0.0,8064.000000,0,0.0,0.0,0.0,1.0
320715,0,1,3400,-52,52,-314,13,18,0.61,43346.613281,0,2.1,0.0,0.0,0.0,0.0,0.0,0.0,0.0,1.0
320964,0,1,3400,-52,52,-312,11,19,0.56,32892.429688,0,2.1,0.0,0.0,0.0,0.0,0.0,0.0,0.0,1.0
321213,0,1,3400,-52,52,-313,13,17,0.50,84589.640625,0,2.1,0.0,0.0,0.0,0.0,0.0,0.0,0.0,1.0
321462,0,1,3400,-52,52,-317,6.9,18,0.50,50071.714844,0,2.1,2.5,0.0,19888.445312,40,0.0,0.0,0.0,1.0
321711,0,1,3400,-52,52,-313,12,18,0.50,70247.015625,0,2.1,0.0,0.0,0.0,0.0,0.0,0.0,0.0,1.0
321960,0,1,3400,-52,52,-310,14,18,0.50,57593.625000,0,2.1,0.0,0.0,0.0,0.0,0.0,0.0,0.0,1.0
322209,0,1,3400,-52,52,-312,14,19,0.50,43569.722656,0,2.1,0.0,0.0,0.0,0.0,0.0,0.0,0.0,1.0
322458,0,1,3400,-52,52,-317,12,18,0.60,80736.000000,2,2.1,0.82,0.0,10464.000000,36,0.0,0.0,0.0,1.0
322707,0,1,3400,-52,52,-317,12,19,0.65,71298.804688,6,2.1,0.0,0.0,0.0,0.0,0.0,0.0,0.0,1.0
322956,0,1,3400,-52,52,-317,13,19,0.50,42964.144531,0,2.1,2.6,0.0,159,33,0.0,0.0,0.0,1.0
323205,0,1,3400,-52,52,-318,9.1,18,0.50,85450.195312,0,2.1,3.0,0.0,0.0,0.0,0.0,0.0,0.0,1.0
323454,0,1,3400,-52,52,-314,11,18,0.52,57147.410156,0,2.1,7.4,0.0,19505.976562,44,0.0,0.0,0.0,1.0
323703,0,1,3400,-52,52,-316,8.6,18,0.66,74709.164062,6,2.1,0.94,0.0,7968.127441,50,0.0,0.0,0.0,1.0
323952,0,1,3400,-52,52,-313,13,17,0.58,48764.941406,0,2.1,0.0,0.0,0.0,0.0,0.0,0.0,0.0,1.0
324201,0,1,3400,-52,52,-307,12,18,0.60,78151.390625,3,2.1,0.0,0.0,0.0,0.0,0.0,0.0,0.0,1.0
324450,0,1,3400,-52,52,-314,13,18,0.50,44812.750000,0,2.1,0.0,0.0,12494.023438,0,0.0,0.0,0.0,1.0
324699,0,1,3400,-52,52,-314,9.8,18,1.0,63872.000000,6,2.1,0.0,0.0,0.0,0.0,0.0,0.0,0.0,1.0
324948,0,1,3400,-52,52,-311,11,18,0.53,75187.250000,2,2.1,0.0,0.0,0.0,0.0,0.0,0.0,0.0,1.0
325197,0,1,3400,-52,52,-310,8.2,18,0.58,38788.843750,4,2.1,1.5,0.0,0.0,80,0.0,0.0,0.0,1.0
325446,0,1,3400,-52,52,-314,13,17,0.81,64414.343750,12,2.1,8.2,0.0,16988.046875,57,0.0,0.0,0.0,1.0
325695,0,1,3400,-52,52,-313,14,17,0.82,62501.992188,0,2.1,15,0.0,0.0,0.0,0.0,0.0,0.0,1.0
325944,0,1,3400,-52,52,-311,12,18,0.68,86310.757812,5,2.1,15,0.0,0.0,0.0,0.0,0.0,0.0,1.0
326193,0,1,3400,-52,52,-317,13,18,0.54,68940.242188,2,2.1,15,0.0,0.0,0.0,0.0,0.0,0.0,1.0
326442,0,1,3400,-52,52,-315,14,19,0.53,136860.562500,2,2.1,6.6,0.0,8127.490234,0,0.0,0.0,0.0,1.0
326691,0,1,3400,-52,52,-312,10,18,0.58,47840.000000,2,2.1,0.0,0.0,0.0,0.0,0.0,0.0,0.0,1.0
326940,0,1,3400,-52,52,-313,13,17,0.86,54342.628906,8,2.1,0.44,0.0,159,0,0.0,0.0,0.0,1.0
327189,0,1,3400,-52,52,-311,13,17,0.60,42613.546875,6,2.1,1.5,0.0,0.0,0.0,0.0,0.0,0.0,1.0
327438,0,1,3400,-52,52,-310,12,18,0.64,51378.484375,5,2.1,5.7,0.0,72509.960938,36,0.0,0.0,0.0,1.0
327687,0,1,3400,-52,52,-310,15,19,0.50,47713.148438,0,2.1,8.0,0.0,0.0,0.0,0.0,0.0,0.0,1.0
327936,0,1,3400,-52,52,-312,14,18,0.84,56796.812500,3,2.1,8.0,0.0,0.0,0.0,0.0,0.0,0.0,1.0
328185,0,1,3400,-52,52,-314,16,18,0.70,55330.675781,6,2.1,8.0,0.0,0.0,0.0,0.0,0.0,0.0,1.0
328434,0,1,3400,-52,52,-315,14,17,0.86,48350.597656,6,2.1,9.5,0.0,28908.367188,0,0.0,0.0,0.0,1.0
328683,0,1,3400,-52,52,-315,14,17,1.1,49824.000000,6,2.1,14,0.0,0.0,0.0,0.0,0.0,0.0,1.0
328932,0,1,3400,-52,52,-315,13,18,0.50,67984.062500,0,2.1,14,0.0,0.0,0.0,0.0,0.0,0.0,1.0
329181,0,1,3400,-52,52,-311,9.9,18,0.68,51633.464844,2,2.1,14,0.0,0.0,0.0,0.0,0.0,0.0,1.0
329430,0,1,3400,-52,52,-315,12,19,0.50,62278.882812,0,2.1,14,0.0,23394.421875,0,0.0,0.0,0.0,1.0
329679,0,1,3400,-52,52,-318,11,18,0.82,46661.355469,7,2.1,14,0.0,0.0,0.0,0.0,0.0,0.0,1.0
329928,0,1,3400,-52,52,-319,14,18,0.50,78215.140625,0,2.1,14,0.0,16988.046875,0,0.0,0.0,0.0,1.0
330177,0,1,3400,-52,52,-312,14,18,0.69,38916.335938,7,2.1,14,0.0,0.0,0.0,0.0,0.0,0.0,1.0
330426,0,1,3400,-52,52,-306,11,17,0.60,77609.562500,2,2.1,10,0.0,23808.765625,36,0.0,0.0,0.0,1.0
330675,0,1,3400,-52,52,-309,9.8,18,0.50,23235.060547,0,2.1,0.0,0.0,0.0,0.0,0.0,0.0,0.0,1.0
330924,0,1,3400,-52,52,-317,12,18,1.4,41504.000000,3,2.1,0.0,0.0,0.0,0.0,0.0,0.0,0.0,1.0
331173,0,1,3400,-52,52,-314,12,18,0.91,36462.152344,0,2.1,0.0,0.0,0.0,0.0,0.0,0.0,0.0,1.0
331422,0,1,3400,-52,52,-316,12,18,0.50,75792.828125,0,2.1,5.5,0.0,13864.541992,36,0.0,0.0,0.0,1.0
331671,0,1,3400,-52,52,-318,12,18,0.57,74581.671875,2,2.1,12,0.0,0.0,0.0,0.0,0.0,0.0,1.0
331920,0,1,3400,-52,52,-317,12,17,0.51,42964.144531,5,2.1,12,0.0,0.0,0.0,0.0,0.0,0.0,1.0
332169,0,1,3400,-52,52,-312,13,19,0.50,49274.902344,0,2.1,12,0.0,0.0,0.0,0.0,0.0,0.0,1.0
332418,0,1,3400,-52,52,-316,14,18,0.92,36685.257812,15,2.1,13,0.0,23394.421875,0,0.0,0.0,0.0,1.0
332667,0,1,3400,-52,52,-318,12,18,0.65,49051.792969,5,2.1,14,0.0,0.0,0.0,0.0,0.0,0.0,1.0
332916,0,1,3400,-52,52,-312,13,18,0.57,84015.937500,3,2.1,14,0.0,0.0,0.0,0.0,0.0,0.0,1.0
333165,0,1,3400,-52,52,-312,14,18,0.50,57984.000000,0,2.1,14,0.0,0.0,0.0,0.0,0.0,0.0,1.0
333414,0,1,3400,-52,52,-313,12,18,0.81,75187.250000,6,2.1,8.9,0.0,28175.298828,31,0.0,0.0,0.0,1.0
333663,0,1,3400,-52,52,-314,13,17,0.50,10836.653320,0,2.1,2.8,0.0,159,50,0.0,0.0,0.0,1.0
333912,0,1,3400,-52,52,-313,13,18,0.50,32509.960938,0,2.1,3.5,0.0,0.0,0.0,0.0,0.0,0.0,1.0
334161,0,1,3400,-52,52,-311,11,18,0.79,50709.164062,4,2.1,3.5,0.0,0.0,0.0,0.0,0.0,0.0,1.0
334410,0,1,3400,-52,52,-309,13,19,0.71,39490.039062,6,2.1,9.8,0.0,47330.675781,45,0.0,0.0,0.0,1.0
334659,0,1,3400,-52,52,-307,13,19,0.50,53386.453125,0,2.1,0.0,0.0,0.0,0.0,0.0,0.0,0.0,1.0
334908,0,1,3400,-52,52,-312,13,18,0.60,51680.000000,5,2.1,0.0,0.0,0.0,0.0,0.0,0.0,0.0,1.0
335157,0,1,3400,-52,52,-313,12,18,0.67,24796.812500,17,2.1,0.0,0.0,0.0,0.0,0.0,0.0,0.0,1.0
335406,0,1,3400,-52,52,-316,13,18,0.61,23235.060547,10,2.1,0.82,0.0,12462.151367,36,0.0,0.0,0.0,1.0
335655,0,1,3400,-52,52,-314,10,19,0.50,67282.867188,0,2.1,0.0,0.0,0.0,0.0,0.0,0.0,0.0,1.0
335904,0,1,3400,-52,52,-314,13,17,0.50,48764.941406,0,2.1,0.0,0.0,0.0,0.0,0.0,0.0,0.0,1.0
336153,0,1,3400,-52,52,-314,13,18,0.77,46055.777344,6,2.1,0.0,0.0,0.0,0.0,0.0,0.0,0.0,1.0
336402,0,1,3400,-52,52,-321,13,18,0.50,63649.402344,0,2.1,3.7,0.0,13864.541992,36,0.0,0.0,0.0,1.0
336651,0,1,3400,-52,52,-312,14,18,0.50,90836.656250,0,2.1,12,0.0,0.0,0.0,0.0,0.0,0.0,1.0
336900,0,1,3400,-52,52,-308,14,19,0.71,12160.000000,20,2.1,12,0.0,0.0,0.0,0.0,0.0,0.0,1.0
337149,0,1,3400,-52,52,-311,11,18,0.51,33211.156250,0,2.1,9.0,0.0,159,0,0.0,0.0,0.0,1.0
337398,0,1,3400,-52,52,-317,13,17,0.50,59601.593750,0,2.1,5.4,0.0,25721.115234,47,0.0,0.0,0.0,1.0
337647,0,1,3400,-52,52,-313,9.4,19,0.50,60589.640625,0,2.1,0.0,0.0,0.0,0.0,0.0,0.0,0.0,1.0
337896,0,1,3400,-52,52,-312,12,18,0.71,68175.296875,7,2.1,0.0,0.0,0.0,0.0,0.0,0.0,0.0,1.0
338145,0,1,3400,-52,52,-314,13,18,0.50,80764.937500,0,2.1,0.0,0.0,0.0,0.0,0.0,0.0,0.0,1.0
338394,0,1,3400,-52,52,-313,15,18,0.60,75569.718750,4,2.1,0.0,0.0,13545.816406,0,0.0,0.0,0.0,1.0
338643,0,1,3400,-52,52,-309,14,18,0.79,94215.140625,6,2.1,0.0,0.0,0.0,0.0,0.0,0.0,0.0,1.0
338892,0,1,3400,-52,52,-310,11,19,0.50,26964.142578,0,2.1,0.0,0.0,0.0,0.0,0.0,0.0,0.0,1.0
339141,0,1,3400,-52,52,-311,12,18,0.58,71328.000000,3,2.1,0.0,0.0,0.0,0.0,0.0,0.0,0.0,1.0
339390,0,1,3400,-52,52,-314,9.3,18,1.2,32988.046875,5,2.1,1.4,0.0,21035.857422,0,0.0,0.0,0.0,1.0
339639,0,1,3400,-52,52,-314,7.0,19,0.50,43346.613281,0,2.1,6.5,0.0,0.0,0.0,0.0,0.0,0.0,1.0
339888,0,1,3400,-52,52,-316,13,18,0.50,21673.306641,0,2.1,6.5,0.0,0.0,0.0,0.0,0.0,0.0,1.0
340137,0,1,3400,-52,52,-311,13,18,0.50,70438.250000,0,2.1,6.5,0.0,0.0,0.0,0.0,0.0,0.0,1.0
340386,0,1,3400,-52,52,-313,13,19,0.50,74741.039062,0,2.1,11,0.0,40382.468750,0,0.0,0.0,0.0,1.0
340635,0,1,3400,-52,52,-311,11,19,0.50,27442.230469,0,2.1,14,0.0,0.0,0.0,0.0,0.0,0.0,1.0
340884,0,1,3400,-52,52,-312,9.8,18,0.50,75187.250000,0,2.1,14,0.0,0.0,0.0,0.0,0.0,0.0,1.0
341133,0,1,3400,-52,52,-317,11,18,0.79,49529.878906,4,2.1,14,0.0,0.0,0.0,0.0,0.0,0.0,1.0
341382,0,1,3400,-52,52,-313,13,18,0.68,61408.000000,4,2.1,14,0.0,0.0,80,0.0,0.0,0.0,1.0
341631,0,1,3400,-52,52,-313,8.7,18,0.75,69163.343750,2,2.1,15,0.0,0.0,0.0,0.0,0.0,0.0,1.0
341880,0,1,3400,-52,52,-311,13,18,0.77,63203.187500,6,2.1,15,0.0,0.0,0.0,0.0,0.0,0.0,1.0
342129,0,1,3400,-52,52,-313,8.6,18,0.54,72318.726562,0,2.1,15,0.0,0.0,0.0,0.0,0.0,0.0,1.0
342378,0,1,3400,-52,52,-313,15,17,0.50,85354.578125,0,2.1,12,0.0,178135.453125,60,0.0,0.0,0.0,1.0
342627,0,1,3400,-52,52,-312,12,18,0.63,69992.031250,3,2.1,8.0,0.0,0.0,0.0,0.0,0.0,0.0,1.0
342876,0,1,3400,-52,52,-313,14,18,0.84,55649.402344,10,2.1,8.0,0.0,0.0,0.0,0.0,0.0,0.0,1.0
343125,0,1,3400,-52,52,-314,12,19,0.50,53960.160156,0,2.1,8.1,0.0,0.0,0.0,0.0,0.0,0.0,1.0
343374,0,1,3400,-52,52,-311,13,18,0.50,65984.000000,0,2.1,9.6,0.0,23968.000000,48,0.0,0.0,0.0,1.0
343623,0,1,3400,-52,52,-310,12,18,0.60,58581.671875,3,2.1,0.26,0.0,159,0,0.0,0.0,0.0,1.0
343872,0,1,3400,-52,52,-315,12,19,0.50,55936.253906,0,2.1,1.5,0.0,159,50,0.0,0.0,0.0,1.0
344121,0,1,3400,-52,52,-315,11,18,0.89,94119.523438,3,2.1,1.5,0.0,0.0,0.0,0.0,0.0,0.0,1.0
344370,0,1,3400,-52,52,-314,12,18,0.50,74422.312500,0,2.1,2.7,0.0,29322.708984,31,0.0,0.0,0.0,1.0
344619,0,1,3400,-52,52,-319,12,18,0.50,57976.093750,0,2.1,0.0,0.0,0.0,0.0,0.0,0.0,0.0,1.0
344868,0,1,3400,-52,52,-319,13,19,1.1,56764.941406,8,2.1,0.0,0.0,0.0,0.0,0.0,0.0,0.0,1.0
345117,0,1,3400,-52,52,-313,13,18,0.50,54183.265625,0,2.1,0.0,0.0,0.0,0.0,0.0,0.0,0.0,1.0
345366,0,1,3400,-52,52,-305,9.2,18,0.68,60239.042969,2,2.1,5.6,0.0,10996.015625,65,0.0,0.0,0.0,1.0
345615,0,1,3400,-52,52,-308,7.6,18,0.54,69664.000000,2,2.1,16,0.0,0.0,0.0,0.0,0.0,0.0,1.0
345864,0,1,3400,-52,52,-315,9.5,18,0.67,70374.500000,8,2.1,16,0.0,0.0,0.0,0.0,0.0,0.0,1.0
346113,0,1,3400,-52,52,-314,11,17,0.96,66804.781250,3,2.1,16,0.0,0.0,0.0,0.0,0.0,0.0,1.0
346362,0,1,3400,-52,52,-311,13,18,0.63,65689.242188,5,2.1,9.6,0.0,8127.490234,0,0.0,0.0,0.0,1.0
346611,0,1,3400,-52,52,-319,13,18,0.74,76239.046875,9,2.1,0.0,0.0,0.0,0.0,0.0,0.0,0.0,1.0
346860,0,1,3400,-52,52,-321,14,18,0.50,44494.023438,0,2.1,0.0,0.0,0.0,0.0,0.0,0.0,0.0,1.0
347109,0,1,3400,-52,52,-313,13,17,0.50,86342.632812,0,2.1,0.0,0.0,0.0,0.0,0.0,0.0,0.0,1.0
347358,0,1,3400,-52,52,-309,12,18,0.67,56192.000000,5,2.1,0.0,0.0,14848.000000,0,0.0,0.0,0.0,1.0
347607,0,1,3400,-52,52,-309,11,17,0.50,60302.789062,0,2.1,0.0,0.0,0.0,0.0,0.0,0.0,0.0,1.0
347856,0,1,3400,-52,52,-314,13,18,0.99,28653.386719,8,2.1,0.0,0.0,0.0,0.0,0.0,0.0,0.0,1.0
348105,0,1,3400,-52,52,-316,15,18,0.51,99474.101562,0,2.1,0.0,0.0,0.0,0.0,0.0,0.0,0.0,1.0
348354,0,1,3400,-52,52,-317,14,18,0.54,41784.859375,6,2.1,5.4,0.0,22501.992188,44,0.0,0.0,0.0,1.0
348603,0,1,3400,-52,52,-314,13,17,0.70,49912.351562,5,2.1,14,0.0,0.0,0.0,0.0,0.0,0.0,1.0
348852,0,1,3400,-52,52,-314,10,19,0.50,95968.125000,0,2.1,14,0.0,0.0,0.0,0.0,0.0,0.0,1.0
349101,0,1,3400,-52,52,-307,12,18,0.77,72127.492188,3,2.1,13,0.0,0.0,0,0.0,0.0,0.0,1.0
349350,0,1,3400,-52,52,-310,12,19,0.50,74262.945312,0,2.1,12,0.0,24414.341797,0,0.0,0.0,0.0,1.0
349599,0,1,3400,-52,52,-309,13,18,0.89,64416.000000,12,2.1,14,0.0,0.0,0.0,0.0,0.0,0.0,1.0
349848,0,1,3400,-52,52,-313,13,18,0.50,48764.941406,0,2.1,14,0.0,0.0,0.0,0.0,0.0,0.0,1.0
350097,0,1,3400,-52,52,-313,14,17,0.50,62310.757812,0,2.1,14,0.0,0.0,0.0,0.0,0.0,0.0,1.0
350346,0,1,3400,-52,52,-313,12,18,0.50,33019.921875,0,2.1,9.2,0.0,24095.617188,31,0.0,0.0,0.0,1.0
350595,0,1,3400,-52,52,-315,12,18,0.56,58272.000000,5,2.1,0.0,0.0,0.0,0.0,0.0,0.0,0.0,1.0
350844,0,1,3400,-52,52,-313,13,17,0.52,60095.238281,5,2.1,0.22,0.0,0.0,50,0.0,0.0,0.0,1.0
351093,0,1,3400,-52,52,-316,11,18,0.90,41083.664062,3,2.1,4.0,0.0,0.0,100.000000,0.0,0.0,0.0,1.0
351342,0,1,3400,-52,52,-314,13,17,0.73,36239.042969,6,2.1,6.4,0.0,28908.367188,25,0.0,0.0,0.0,1.0
351591,0,1,3400,-52,52,-315,13,18,0.50,39648.000000,0,2.1,14,0.0,0.0,0.0,0.0,0.0,0.0,1.0
351840,0,1,3400,-52,52,-312,11,19,0.51,55362.550781,2,2.1,14,0.0,0.0,0.0,0.0,0.0,0.0,1.0
352089,0,1,3400,-52,52,-307,15,18,0.50,42486.054688,0,2.1,14,0.0,0.0,0.0,0.0,0.0,0.0,1.0
352338,0,1,3400,-52,52,-312,13,18,0.50,27314.740234,0,2.1,10,0.0,23936.255859,36,0.0,0.0,0.0,1.0
352587,0,1,3400,-52,52,-314,5.6,17,0.57,45705.179688,1,2.1,0.064,0.0,0.0,0.0,0.0,0.0,0.0,1.0
352836,0,1,3400,-52,52,-312,10,18,0.56,50326.691406,5,2.1,0.90,0.0,159,0,0.0,0.0,0.0,1.0
353085,0,1,3400,-52,52,-313,10,18,0.65,50422.312500,5,2.1,1.5,0.0,0.0,0.0,0.0,0.0,0.0,1.0
353334,0,1,3400,-52,52,-311,14,18,0.62,20653.386719,27,2.1,0.68,0.0,5513.944336,0,0.0,0.0,0.0,1.0
353583,0,1,3400,-52,52,-312,12,19,0.50,50039.839844,0,2.1,1.1,0.0,8286.852539,0,0.0,0.0,0.0,1.0
353832,0,1,3400,-52,52,-309,13,17,0.50,26656.000000,0,2.1,1.5,0.0,0.0,0.0,0.0,0.0,0.0,1.0
354081,0,1,3400,-52,52,-315,11,18,0.79,70597.609375,3,2.1,1.5,0.0,0.0,75,0.0,0.0,0.0,1.0
354330,0,1,3400,-52,52,-313,15,18,1.4,51888.445312,9,2.1,0.92,0.0,8127.490234,0,0.0,0.0,0.0,1.0
354579,0,1,3400,-52,52,-317,13,17,0.78,28653.386719,8,2.1,0.0,0.0,0.0,0.0,0.0,0.0,0.0,1.0
354828,0,1,3400,-52,52,-317,13,18,0.78,56733.066406,5,2.1,0.0,0.0,0.0,0.0,0.0,0.0,0.0,1.0
355077,0,1,3400,-52,52,-318,12,19,0.50,44972.113281,0,2.1,0.0,0.0,0.0,0.0,0.0,0.0,0.0,1.0
355326,0,1,3400,-52,52,-314,14,18,0.50,35665.339844,0,2.1,0.0,186,5513.944336,0,0.0,0.0,0.0,1.0
355575,0,1,3400,-52,52,-310,13,18,0.50,70438.250000,0,2.1,0.82,0.0,12462.151367,36,0.0,0.0,0.0,1.0
355824,0,1,3400,-52,52,-311,11,18,0.56,62112.000000,3,2.1,0.0,0.0,0.0,0.0,0.0,0.0,0.0,1.0
356073,0,1,3400,-52,52,-313,12,18,0.64,96254.976562,5,2.1,1.1,0.0,159,0,0.0,0.0,0.0,1.0
356322,0,1,3400,-52,52,-313,14,18,0.98,41721.117188,11,2.1,0.68,0.0,15808.764648,0,0.0,0.0,0.0,1.0
356571,0,1,3400,-52,52,-318,12,18,0.51,60908.367188,0,2.1,0.0,0.0,0.0,0.0,0.0,0.0,0.0,1.0
356820,0,1,3400,-52,52,-316,9.9,19,0.52,55011.953125,0,2.1,0.0,0.0,0.0,0.0,0.0,0.0,0.0,1.0
357069,0,1,3400,-52,52,-307,9.5,19,0.79,73689.242188,2,2.1,0.0,0.0,0.0,0.0,0.0,0.0,0.0,1.0
357318,0,1,3400,-52,52,-313,12,18,0.60,78247.015625,4,2.1,6.5,0.0,17147.410156,44,0.0,0.0,0.0,1.0
357567,0,1,3400,-52,52,-315,15,19,0.53,51187.250000,12,2.1,15,0.0,0.0,0.0,0.0,0.0,0.0,1.0
357816,0,1,3400,-52,52,-315,13,18,0.61,25912.351562,9,2.1,15,0.0,0.0,0.0,0.0,0.0,0.0,1.0
358065,0,1,3400,-52,52,-314,9.8,18,0.59,69536.000000,2,2.1,15,0.0,0.0,0.0,0.0,0.0,0.0,1.0
358314,0,1,3400,-52,52,-314,15,18,0.50,64223.109375,0,2.1,15,0.0,149482.078125,64,0.0,0.0,0.0,1.0
358563,0,1,3400,-52,52,-312,8.7,18,0.54,69737.054688,1,2.1,16,0.0,0.0,0.0,0.0,0.0,0.0,1.0
358812,0,1,3400,-52,52,-316,12,18,0.58,48223.109375,14,2.1,16,0.0,0.0,0.0,0.0,0.0,0.0,1.0
359061,0,1,3400,-52,52,-319,14,18,0.67,43059.761719,0,2.1,16,0.0,0.0,0.0,0.0,0.0,0.0,1.0
359310,0,1,3400,-52,52,-318,10,18,0.62,85003.984375,2,2.1,10,0.0,16573.705078,47,0.0,0.0,0.0,1.0
359559,0,1,3400,-52,52,-310,10.0,18,0.68,39904.000000,5,2.1,6.5,0.0,0.0,0.0,0.0,0.0,0.0,1.0
359808,0,1,3400,-52,52,-311,13,18,0.61,66581.671875,4,2.1,6.5,0.0,0.0,0.0,0.0,0.0,0.0,1.0
360057,0,1,3400,-52,52,-312,12,18,0.60,39873.015625,0,2.1,6.5,0.0,0.0,0.0,0.0,0.0,0.0,1.0
360306,0,1,3400,-52,52,-314,11,18,0.86,45728.000000,4,2.1,3.8,0.0,12512.000000,36,0.0,0.0,0.0,1.0
360555,0,1,3400,-52,52,-319,9.1,18,0.51,43123.507812,3,2.1,0.0,0.0,0.0,0.0,0.0,0.0,0.0,1.0
360804,0,1,3400,-52,52,-322,6.8,18,0.51,48637.449219,3,2.1,0.80,0.0,159,60,0.0,0.0,0.0,1.0
361053,0,1,3400,-52,52,-315,12,18,0.82,42199.203125,6,2.1,1.5,0.0,0.0,0.0,0.0,0.0,0.0,1.0
361302,0,1,3400,-52,52,-312,14,17,0.53,66645.421875,5,2.1,1.1,0.0,8127.490234,0,0.0,0.0,0.0,1.0
361551,0,1,3400,-52,52,-311,13,18,0.57,60047.808594,0,2.1,0.0,0.0,0.0,0.0,0.0,0.0,0.0,1.0
361800,0,1,3400,-52,52,-314,12,18,0.72,39298.804688,16,2.1,0.0,0.0,0.0,0.0,0.0,0.0,0.0,1.0
362049,0,1,3400,-52,52,-309,14,19,0.60,53856.000000,0,2.1,2.2,0.0,1024.000000,0,0.0,0.0,0.0,1.0
362298,0,1,3400,-52,52,-311,14,19,0.50,78438.250000,0,2.1,2.9,0.0,13641.434570,0,0.0,0.0,0.0,1.0
362547,0,1,3400,-52,52,-311,10.0,19,0.50,61641.433594,0,2.1,0.0,0.0,0.0,0.0,0.0,0.0,0.0,1.0
362796,0,1,3400,-52,52,-312,12,18,0.64,56892.429688,5,2.1,0.0,0.0,0.0,0.0,0.0,0.0,0.0,1.0
363045,0,1,3400,-52,52,-310,14,18,0.50,48350.597656,0,2.1,0.0,0.0,0.0,0.0,0.0,0.0,0.0,1.0
363294,0,1,3400,-52,52,-311,9.9,18,0.51,40095.617188,0,2.1,3.0,0.0,30470.119141,31,0.0,0.0,0.0,1.0
363543,0,1,3400,-52,52,-311,10,18,0.50,60749.003906,0,2.1,4.0,0.0,0.0,0.0,0.0,0.0,0.0,1.0
363792,0,1,3400,-52,52,-313,13,19,0.74,67968.000000,8,2.1,4.0,0.0,0.0,0.0,0.0,0.0,0.0,1.0
364041,0,1,3400,-52,52,-320,14,18,0.58,26804.781250,0,2.1,4.4,0.0,159,0,0.0,0.0,0.0,1.0
364290,0,1,3400,-52,52,-312,12,18,0.50,46793.652344,0,2.1,2.4,0.0,15619.047852,0,0.0,0.0,0.0,1.0
364539,0,1,3400,-52,52,-314,14,18,0.91,65248.000000,14,2.1,1.7,0.0,1024.000000,0,0.0,0.0,0.0,1.0
364788,0,1,3400,-52,52,-315,14,18,1.1,38470.121094,7,2.1,4.0,0.0,0.0,0.0,0.0,0.0,0.0,1.0
365037,0,1,3400,-52,52,-311,14,17,0.91,57561.753906,10,2.1,4.0,0.0,0.0,0.0,0.0,0.0,0.0,1.0
365286,0,1,3400,-52,52,-311,13,19,0.50,59346.613281,0,2.1,9.3,0.0,40382.468750,0,0.0,0.0,0.0,1.0
365535,0,1,3400,-52,52,-311,14,18,0.50,26804.781250,0,2.1,14,0.0,0.0,0.0,0.0,0.0,0.0,1.0
365784,0,1,3400,-52,52,-311,11,18,0.53,38247.011719,5,2.1,14,0.0,0.0,0.0,0.0,0.0,0.0,1.0
366033,0,1,3400,-52,52,-310,13,18,0.50,61920.000000,0,2.1,14,0.0,0.0,0.0,0.0,0.0,0.0,1.0
366282,0,1,3400,-52,52,-309,12,19,0.50,64191.234375,0,2.1,11,0.0,11665.338867,33,0.0,0.0,0.0,1.0
366531,0,1,3400,-52,52,-313,13,19,0.63,40764.941406,6,2.1,3.5,0.0,0.0,0.0,0.0,0.0,0.0,1.0
366780,0,1,3400,-52,52,-315,13,18,0.53,99505.976562,3,2.1,3.5,0.0,0.0,0.0,0.0,0.0,0.0,1.0
367029,0,1,3400,-52,52,-315,11,17,0.65,56637.449219,3,2.1,3.5,0.0,0.0,0.0,0.0,0.0,0.0,1.0
367278,0,1,3400,-52,52,-316,13,19,0.85,51792.828125,5,2.1,5.8,0.0,0.0,80,0.0,0.0,0.0,1.0
367527,0,1,3400,-52,52,-310,10,17,0.50,37928.285156,0,2.1,7.5,0.0,0.0,0.0,0.0,0.0,0.0,1.0
367776,0,1,3400,-52,52,-309,13,18,0.63,77003.984375,3,2.1,7.5,0.0,0.0,0.0,0.0,0.0,0.0,1.0
368025,0,1,3400,-52,52,-311,18,18,0.89,41625.496094,9,2.1,7.6,0.0,0.0,0.0,0.0,0.0,0.0,1.0
368274,0,1,3400,-52,52,-310,8.2,18,0.75,58720.000000,3,2.1,6.3,0.0,12384.000000,36,0.0,0.0,0.0,1.0
368523,0,1,3400,-52,52,-311,13,18,0.53,17760.000000,12,2.1,0.0,0.0,0.0,0.0,0.0,0.0,0.0,1.0
368772,0,1,3400,-52,52,-313,13,18,0.50,53587.300781,0,2.1,0.0,0.0,0.0,0.0,0.0,0.0,0.0,1.0
369021,0,1,3400,-52,52,-317,11,17,0.93,37227.089844,4,2.1,1.5,0.0,159,0,0.0,0.0,0.0,1.0
369270,0,1,3400,-52,52,-322,8.3,17,0.52,68047.812500,0,2.1,4.1,0.0,30119.521484,40,0.0,0.0,0.0,1.0
369519,0,1,3400,-52,52,-311,14,18,0.50,54756.972656,0,2.1,0.0,0.0,0.0,0.0,0.0,0.0,0.0,1.0
369768,0,1,3400,-52,52,-312,12,17,0.56,72159.359375,3,2.1,0.0,0.0,0.0,0.0,0.0,0.0,0.0,1.0
370017,0,1,3400,-52,52,-314,10,18,1.1,39808.765625,4,2.1,0.0,0.0,0.0,0.0,0.0,0.0,0.0,1.0
370266,0,1,3400,-52,52,-314,11,19,0.53,88669.320312,2,2.1,3.0,0.0,23490.039062,35,0.0,0.0,0.0,1.0
370515,0,1,3400,-52,52,-313,16,19,0.50,45108.433594,0,2.1,0.0,0.0,0.0,0.0,0.0,0.0,0.0,1.0
370764,0,1,3400,-52,52,-311,13,18,0.84,27505.976562,9,2.1,0.0,0.0,0.0,0.0,0.0,0.0,0.0,1.0
371013,0,1,3400,-52,52,-310,11,18,0.52,46444.445312,0,2.1,0.0,0.0,0.0,0.0,0.0,0.0,0.0,1.0
371262,0,1,3400,-52,52,-312,11,18,0.92,41019.921875,11,2.1,1.4,0.0,16701.195312,31,0.0,0.0,0.0,1.0
371511,0,1,3400,-52,52,-312,13,18,1.0,17816.732422,12,2.1,1.1,0.0,159,0,0.0,0.0,0.0,1.0
371760,0,1,3400,-52,52,-315,11,17,0.92,34581.671875,5,2.1,2.5,0.0,0.0,0.0,0.0,0.0,0.0,1.0
372009,0,1,3400,-52,52,-314,12,18,0.68,52111.554688,3,2.1,2.5,0.0,0.0,0.0,0.0,0.0,0.0,1.0
372258,0,1,3400,-52,52,-316,13,18,0.55,32509.960938,0,2.1,2.2,0.0,3474.103516,40,0.0,0.0,0.0,1.0
372507,0,1,3400,-52,52,-314,9.7,18,0.50,54939.757812,0,2.1,5.0,0.0,30586.345703,47,0.0,0.0,0.0,1.0
372756,0,1,3400,-52,52,-314,12,19,0.50,41555.554688,0,2.1,0.0,0.0,0.0,0.0,0.0,0.0,0.0,1.0
373005,0,1,3400,-52,52,-316,11,19,0.61,55456.000000,2,2.1,0.0,0.0,0.0,0.0,0.0,0.0,0.0,1.0
373254,0,1,3400,-52,52,-318,12,17,0.84,41619.046875,12,2.1,5.2,0.0,19809.523438,44,0.0,0.0,0.0,1.0
373503,0,1,3400,-52,52,-321,13,18,1.4,52175.296875,19,2.1,0.0,0.0,0.0,0.0,0.0,0.0,0.0,1.0
373752,0,1,3400,-52,52,-317,14,18,0.50,31968.126953,0,2.1,0.0,0.0,0.0,0.0,0.0,0.0,0.0,1.0
374001,0,1,3400,-52,52,-319,11,18,0.85,59792.828125,5,2.1,0.0,0.0,0.0,0.0,0.0,0.0,0.0,1.0
374250,0,1,3400,-52,52,-311,14,17,0.88,29354.582031,10,2.1,2.6,0.0,21035.857422,0,0.0,0.0,0.0,1.0
374499,0,1,3400,-52,52,-313,12,18,0.50,43505.976562,0,2.1,11,0.0,159,50,0.0,0.0,0.0,1.0
374748,0,1,3400,-52,52,-315,11,18,0.67,40000.000000,5,2.1,7.5,0.0,0.0,0.0,0.0,0.0,0.0,1.0
374997,0,1,3400,-52,52,-310,13,20,0.64,42120.480469,6,2.1,7.5,0.0,0.0,0.0,0.0,0.0,0.0,1.0
375246,0,1,3400,-52,52,-315,13,18,0.94,26730.158203,12,2.1,10,0.0,23301.587891,0,0.0,0.0,0.0,1.0
375495,0,1,3400,-52,52,-314,6.3,18,0.98,57561.753906,0.7,2.1,14,0.0,0.0,0.0,0.0,0.0,0.0,1.0
375744,0,1,3400,-52,52,-312,5.9,17,0.50,30023.904297,0,2.1,14,0.0,0.0,0.0,0.0,0.0,0.0,1.0
375993,0,1,3400,-52,52,-313,12,18,0.86,46406.375000,10,2.1,14,0.0,0.0,0.0,0.0,0.0,0.0,1.0
376242,0,1,3400,-52,52,-310,9.5,17,0.95,65051.792969,2,2.1,14,0.0,23394.421875,20,0.0,0.0,0.0,1.0
376491,0,1,3400,-52,52,-314,13,17,0.51,85322.710938,2,2.1,14,0.0,0.0,0.0,0.0,0.0,0.0,1.0
376740,0,1,3400,-52,52,-313,13,17,0.50,48764.941406,0,2.1,14,0.0,0.0,0.0,0.0,0.0,0.0,1.0
376989,0,1,3400,-52,52,-312,13,18,0.61,49472.000000,7,2.1,14,0.0,0.0,0.0,0.0,0.0,0.0,1.0
377238,0,1,3400,-52,52,-314,10.0,19,0.50,57760.000000,0,2.1,14,0.0,0.0,80,0.0,1.0,9.0,1.0
377487,0,1,3400,-52,52,-314,9.0,19,0.50,64571.429688,0,2.1,15,0.0,0.0,0.0,0.0,0.0,0.0,1.0
377736,0,1,3400,-52,52,-317,13,18,0.85,49784.859375,5,2.1,15,0.0,0.0,0.0,0.0,0.0,0.0,1.0
377985,0,1,3400,-52,52,-316,4.3,18,0.77,65083.664062,0.9,2.1,15,0.0,0.0,50,0.0,0.0,0.0,1.0
378234,0,1,3400,-52,52,-316,10,19,0.50,55298.804688,0,2.1,11,0.0,23490.039062,48,0.0,0.0,0.0,1.0
378483,0,1,3400,-52,52,-311,13,19,0.53,87585.656250,0,2.1,2.1,0.0,5003.983887,0,0.0,0.0,0.0,1.0
378732,0,1,3400,-52,52,-315,13,18,0.60,60749.003906,4,2.1,4.0,0.0,0.0,0.0,0.0,0.0,0.0,1.0
378981,0,1,3400,-52,52,-311,11,17,0.51,51123.507812,0,2.1,4.0,0.0,0.0,0.0,0.0,0.0,0.0,1.0
379230,0,1,3400,-52,52,-311,11,18,0.50,54489.960938,0,2.1,7.9,0.0,27084.337891,0,0.0,0.0,0.0,1.0
379479,0,1,3400,-52,52,-312,13,18,0.50,37928.285156,0,2.1,14,0.0,0.0,0.0,0.0,0.0,0.0,1.0
379728,0,1,3400,-52,52,-311,12,19,0.60,60222.222656,4,2.1,14,0.0,0.0,0.0,0.0,0.0,0.0,1.0
379977,0,1,3400,-52,52,-318,8.0,19,0.50,40318.726562,0,2.1,14,0.0,0.0,0.0,0.0,0.0,0.0,1.0
380226,0,1,3400,-52,52,-320,11,18,0.60,57083.664062,8,2.1,8.3,0.0,24095.617188,44,0.0,0.0,0.0,1.0
380475,0,1,3400,-52,52,-318,14,18,0.79,46215.140625,7,2.1,1.6,0.0,0.0,0.0,0.0,1.0,6.0,1.0
380724,0,1,3400,-52,52,-313,9.6,18,0.85,72127.492188,5,2.1,1.5,0.0,0.0,0.0,0.0,0.0,0.0,1.0
380973,0,1,3400,-52,52,-314,11,17,0.51,59250.996094,2,2.1,1.5,0.0,0.0,0.0,0.0,0.0,0.0,1.0
381222,0,1,3400,-52,52,-315,17,18,0.50,36928.000000,0,2.1,0.69,0.0,8160.000000,0,0.0,0.0,0.0,1.0
381471,0,1,3400,-52,52,-313,11,19,0.50,78848.000000,0,2.1,0.0,0.0,0.0,0.0,0.0,0.0,0.0,1.0
381720,0,1,3400,-52,52,-313,7.9,18,0.51,76876.492188,1,2.1,0.0,0.0,0.0,0.0,0.0,0.0,0.0,1.0
381969,0,1,3400,-52,52,-311,13,18,0.50,59365.078125,0,2.1,0.0,0.0,0.0,0.0,0.0,0.0,0.0,1.0
382218,0,1,3400,-52,52,-320,15,18,0.61,33593.625000,9,2.1,0.0,0.0,12334.661133,0,0.0,0.0,0.0,1.0
382467,0,1,3400,-52,52,-317,12,19,0.50,91187.250000,0,2.1,0.0,0.0,0.0,0.0,0.0,0.0,0.0,1.0
382716,0,1,3400,-52,52,-309,12,18,1.3,41274.902344,10,2.1,0.68,0.0,159,0,0.0,0.0,0.0,1.0
382965,0,1,3400,-52,52,-316,11,18,0.61,101258.960938,3,2.1,1.5,0.0,0.0,0.0,0.0,0.0,0.0,1.0
383214,0,1,3400,-52,52,-311,10.0,18,0.82,88286.851562,1,2.1,2.8,0.0,23936.255859,36,0.0,0.0,0.0,1.0
383463,0,1,3400,-52,52,-310,11,18,0.67,52940.238281,5,2.1,0.0,0.0,0.0,0.0,0.0,0.0,0.0,1.0
383712,0,1,3400,-52,52,-312,12,19,0.50,77558.234375,0,2.1,0.0,0.0,0.0,0.0,0.0,0.0,0.0,1.0
383961,0,1,3400,-52,52,-312,14,19,0.50,94857.140625,0,2.1,0.0,0.0,0.0,0.0,0.0,0.0,0.0,1.0
384210,0,1,3400,-52,52,-313,12,17,1.0,51155.378906,6,2.1,0.82,0.0,10422.310547,36,0.0,0.0,0.0,1.0
384459,0,1,3400,-52,52,-312,13,19,0.92,62470.121094,4,2.1,0.0,0.0,0.0,0.0,0.0,0.0,0.0,1.0
384708,0,1,3400,-52,52,-311,12,18,0.68,34007.968750,7,2.1,0.0,0.0,0.0,0.0,0.0,0.0,0.0,1.0
384957,0,1,3400,-52,52,-312,14,18,0.58,51569.722656,3,2.1,0.0,0.0,0.0,0.0,0.0,0.0,0.0,1.0
385206,0,1,3400,-52,52,-310,10,18,0.50,68717.132812,0,2.1,5.6,0.0,212334.656250,56,0.0,0.0,0.0,1.0
385455,0,1,3400,-52,52,-309,13,18,1.0,53504.000000,8,2.1,8.0,0.0,0.0,0.0,0.0,0.0,0.0,1.0
385704,0,1,3400,-52,52,-312,13,18,0.77,57408.000000,8,2.1,8.0,0.0,0.0,0.0,0.0,0.0,0.0,1.0
385953,0,1,3400,-52,52,-313,12,19,0.50,45195.218750,0,2.1,8.0,0.0,0.0,0.0,0.0,0.0,0.0,1.0
386202,0,1,3400,-52,52,-315,5.4,18,0.51,101460.320312,0.8,2.1,8.8,0.0,237333.328125,58,0.0,0.0,0.0,1.0
386451,0,1,3400,-52,52,-313,15,18,0.60,56733.066406,6,2.1,8.0,0.0,0.0,0.0,0.0,0.0,0.0,1.0
386700,0,1,3400,-52,52,-316,12,18,0.68,54183.265625,3,2.1,8.0,0.0,0.0,0.0,0.0,0.0,0.0,1.0
386949,0,1,3400,-52,52,-314,8.9,18,0.53,71394.421875,1,2.1,8.0,0.0,0.0,0.0,0.0,0.0,0.0,1.0
387198,0,1,3400,-52,52,-311,15,18,0.72,46374.503906,12,2.1,4.6,0.0,8127.490234,0,0.0,0.0,0.0,1.0
387447,0,1,3400,-52,52,-313,13,18,0.82,49702.812500,14,2.1,0.0,0.0,0.0,0.0,0.0,0.0,0.0,1.0
387696,0,1,3400,-52,52,-312,14,18,0.50,48191.234375,0,2.1,0.0,0.0,0.0,0.0,0.0,0.0,0.0,1.0
387945,0,1,3400,-52,52,-315,14,18,0.61,110215.140625,5,2.1,0.0,0.0,0.0,0.0,0.0,0.0,0.0,1.0
388194,0,1,3400,-52,52,-311,13,18,0.55,81147.414062,0,2.1,0.82,0.0,18613.544922,33,0.0,0.0,0.0,1.0
388443,0,1,3400,-52,52,-311,13,18,0.59,70857.140625,4,2.1,0.064,0.0,0.0,0.0,0.0,0.0,0.0,1.0
388692,0,1,3400,-52,52,-311,13,18,0.51,59601.593750,0,2.1,0.0,0.0,0.0,0.0,0.0,0.0,0.0,1.0
388941,0,1,3400,-52,52,-317,10,19,0.56,33593.625000,6,2.1,0.0,0.0,0.0,0.0,0.0,0.0,0.0,1.0
389190,0,1,3400,-52,52,-321,16,18,0.50,52366.535156,0,2.1,5.0,0.0,178135.453125,60,0.0,0.0,0.0,1.0
389439,0,1,3400,-52,52,-319,13,18,0.50,37513.945312,0,2.1,8.0,0.0,0.0,0.0,0.0,0.0,0.0,1.0
389688,0,1,3400,-52,52,-312,11,18,0.50,48960.000000,0,2.1,8.0,0.0,0.0,0.0,0.0,0.0,0.0,1.0
389937,0,1,3400,-52,52,-310,17,18,0.56,43520.000000,11,2.1,8.0,0.0,0.0,0.0,0.0,0.0,0.0,1.0
390186,0,1,3400,-52,52,-312,13,19,0.81,41051.792969,11,2.1,4.9,0.0,8031.872559,0,0.0,0.0,0.0,1.0
390435,0,1,3400,-52,52,-315,11,18,1.1,34709.164062,4,2.1,0.0,0.0,0.0,0.0,0.0,0.0,0.0,1.0
390684,0,1,3400,-52,52,-317,12,17,0.67,59904.761719,4,2.1,1.8,0.0,1015.872986,50,0.0,0.0,0.0,1.0
390933,0,1,3400,-52,52,-316,13,18,0.79,56892.429688,9,2.1,4.0,0.0,0.0,0.0,0.0,0.0,0.0,1.0
391182,0,1,3400,-52,52,-314,9.0,18,0.78,52749.003906,5,2.1,3.3,0.0,20908.367188,33,0.0,0.0,0.0,1.0
391431,0,1,3400,-52,52,-311,11,18,0.52,57976.093750,0,2.1,1.2,0.0,159,0,0.0,0.0,0.0,1.0
391680,0,1,3400,-52,52,-314,13,19,0.50,43219.125000,0,2.1,1.5,0.0,0.0,0.0,0.0,0.0,0.0,1.0
391929,0,1,3400,-52,52,-313,12,18,0.86,37911.648438,6,2.1,1.5,0.0,0.0,0.0,0.0,0.0,0.0,1.0
392178,0,1,3400,-52,52,-312,11,17,0.59,65625.500000,6,2.1,2.9,0.0,23936.255859,36,0.0,0.0,0.0,1.0
392427,0,1,3400,-52,52,-311,14,17,0.78,53035.855469,9,2.1,0.0,0.0,0.0,0.0,0.0,0.0,0.0,1.0
392676,0,1,3400,-52,52,-319,15,18,0.58,41211.156250,13,2.1,0.0,0.0,0.0,0.0,0.0,0.0,0.0,1.0
392925,0,1,3400,-52,52,-319,14,17,0.51,67555.554688,3,2.1,0.0,0.0,0.0,0.0,0.0,0.0,0.0,1.0
393174,0,1,3400,-52,52,-315,12,19,0.50,49274.902344,0,2.1,5.5,0.0,28908.367188,0,0.0,0.0,0.0,1.0
393423,0,1,3400,-52,52,-310,13,17,0.50,53928.285156,0,2.1,14,0.0,0.0,0.0,0.0,0.0,0.0,1.0
393672,0,1,3400,-52,52,-312,13,18,0.71,55745.019531,5,2.1,14,0.0,0.0,0.0,0.0,0.0,0.0,1.0
393921,0,1,3400,-52,52,-314,14,18,1.0,41664.000000,7,2.1,14,0.0,0.0,0.0,0.0,0.0,0.0,1.0
394170,0,1,3400,-52,52,-309,14,19,0.81,71328.000000,3,2.1,8.8,0.0,10464.000000,50,0.0,0.0,0.0,1.0
394419,0,1,3400,-52,52,-310,13,18,0.50,68334.664062,0,2.1,0.0,0.0,0.0,0.0,0.0,0.0,0.0,1.0
394668,0,1,3400,-52,52,-313,13,17,0.71,66135.460938,4,2.1,0.0,0.0,0.0,0.0,0.0,0.0,0.0,1.0
394917,0,1,3400,-52,52,-319,13,18,0.54,88888.890625,6,2.1,0.0,0.0,0.0,0.0,0.0,0.0,0.0,1.0
395166,0,1,3400,-52,52,-317,15,19,0.75,67729.085938,5,2.1,3.3,0.0,16573.705078,36,0.0,0.0,0.0,1.0
395415,0,1,3400,-52,52,-311,11,19,0.50,39298.804688,0,2.1,6.5,0.0,0.0,0.0,0.0,0.0,0.0,1.0
395664,0,1,3400,-52,52,-314,11,18,1.6,24318.724609,21,2.1,6.7,0.0,159,0,0.0,0.0,0.0,1.0
395913,0,1,3400,-52,52,-312,11,17,0.81,59442.230469,5,2.1,8.0,0.0,0.0,0.0,0.0,0.0,0.0,1.0
396162,0,1,3400,-52,52,-309,12,18,0.50,70432.000000,0,2.1,11,0.0,0.0,80,0.0,0.0,0.0,1.0
396411,0,1,3400,-52,52,-312,16,18,1.6,30912.000000,23,2.1,14,0.0,0.0,0.0,0.0,0.0,0.0,1.0
396660,0,1,3400,-52,52,-318,11,19,0.71,55872.511719,6,2.1,14,0.0,0.0,0.0,0.0,1.0,4.0,1.0
396909,0,1,3400,-52,52,-313,14,18,0.91,38820.718750,0,2.1,14,0.0,0.0,0.0,0.0,0.0,0.0,1.0
397158,0,1,3400,-52,52,-313,12,19,0.50,48920.636719,0,2.1,14,0.0,114095.234375,0,0.0,0.0,0.0,1.0
397407,0,1,3400,-52,52,-309,9.3,18,0.52,72286.851562,0,2.1,14,0.0,0.0,0.0,0.0,0.0,0.0,1.0
397656,0,1,3400,-52,52,-310,10,17,0.50,67952.187500,0,2.1,14,0.0,0.0,0.0,0.0,0.0,0.0,1.0
397905,0,1,3400,-52,52,-310,13,17,0.50,69992.031250,0,2.1,14,0.0,159,33,0.0,0.0,0.0,1.0
398154,0,1,3400,-52,52,-313,14,18,0.50,62912.000000,0,2.1,12,0.0,29664.000000,0,0.0,0.0,0.0,1.0
398403,0,1,3400,-52,52,-313,14,18,0.50,53824.000000,0,2.1,14,0.0,0.0,0.0,0.0,0.0,0.0,1.0
398652,0,1,3400,-52,52,-315,14,18,0.61,54119.523438,4,2.1,14,0.0,0.0,0.0,0.0,0.0,0.0,1.0
398901,0,1,3400,-52,52,-311,13,18,0.77,83729.085938,6,2.1,14,0.0,0.0,0.0,0.0,0.0,0.0,1.0
399150,0,1,3400,-52,52,-314,13,18,0.54,56860.558594,3,2.1,11,0.0,12462.151367,50,0.0,0.0,0.0,1.0
399399,0,1,3400,-52,52,-314,13,17,0.50,59365.078125,0,2.1,1.7,0.0,1174.603149,20,0.0,0.0,0.0,1.0
399648,0,1,3400,-52,52,-318,15,19,0.50,48478.085938,0,2.1,1.5,0.0,0.0,0.0,0.0,0.0,0.0,1.0
399897,0,1,3400,-52,52,-318,14,18,0.56,55649.402344,4,2.1,1.5,0.0,0.0,0.0,0.0,0.0,0.0,1.0
400146,0,1,3400,-52,52,-314,11,18,0.61,32382.470703,6,2.1,7.4,0.0,25338.644531,36,0.0,0.0,0.0,1.0
400395,0,1,3400,-52,52,-313,8.0,18,0.51,57056.000000,1.0,2.1,12,0.0,0.0,0.0,0.0,0.0,0.0,1.0
400644,0,1,3400,-52,52,-314,11,19,0.50,65472.000000,0,2.1,12,0.0,0.0,0.0,0.0,0.0,0.0,1.0
400893,0,1,3400,-52,52,-316,15,18,0.88,35792.828125,8,2.1,12,0.0,0.0,0.0,0.0,0.0,0.0,1.0
401142,0,1,3400,-52,52,-312,10,18,0.58,43984.062500,0,2.1,11,0.0,40796.812500,31,0.0,0.0,0.0,1.0
401391,0,1,3400,-52,52,-309,13,18,0.81,64159.363281,11,2.1,0.0,0.0,0.0,0.0,0.0,0.0,0.0,1.0
401640,0,1,3400,-52,52,-311,15,18,0.55,43746.031250,0,2.1,1.1,0.0,159,0,0.0,0.0,0.0,1.0
401889,0,1,3400,-52,52,-313,13,18,0.67,53386.453125,0,2.1,1.5,0.0,0.0,0.0,0.0,0.0,0.0,1.0
402138,0,1,3400,-52,52,-315,13,18,0.50,43346.613281,0,2.1,0.62,0.0,8127.490234,0,0.0,0.0,0.0,1.0
402387,0,1,3400,-52,52,-311,13,18,0.82,39648.000000,6,2.1,0.0,0.0,0.0,0.0,0.0,0.0,0.0,1.0
402636,0,1,3400,-52,52,-308,13,18,0.50,54272.000000,0,2.1,0.0,0.0,0.0,0.0,0.0,0.0,0.0,1.0
402885,0,1,3400,-52,52,-313,12,19,0.51,62788.843750,0,2.1,0.0,0.0,0.0,0.0,0.0,0.0,0.0,1.0
403134,0,1,3400,-52,52,-320,11,18,0.71,42486.054688,4,2.1,5.4,0.0,11920.318359,59,0.0,0.0,0.0,1.0
403383,0,1,3400,-52,52,-314,14,18,1.7,48701.195312,14,2.1,0.21,0.0,7968.127441,0,0.0,0.0,0.0,1.0
403632,0,1,3400,-52,52,-314,13,19,0.50,43346.613281,0,2.1,0.24,0.0,159,33,0.0,0.0,0.0,1.0
403881,0,1,3400,-52,52,-310,12,18,0.50,53460.316406,0,2.1,1.5,0.0,0.0,0.0,0.0,0.0,0.0,1.0
404130,0,1,3400,-52,52,-313,10,19,0.64,52207.171875,7,2.1,6.0,0.0,190310.750000,33,0.0,0.0,0.0,1.0
404379,0,1,3400,-52,52,-311,13,18,0.89,48514.054688,12,2.1,16,0.0,0.0,0.0,0.0,0.0,0.0,1.0
404628,0,1,3400,-52,52,-312,6.5,18,0.67,36302.789062,4,2.1,16,0.0,0.0,0.0,0.0,0.0,0.0,1.0
404877,0,1,3400,-52,52,-316,13,18,1.0,71043.828125,10,2.1,16,0.0,0.0,0.0,0.0,0.0,0.0,1.0
405126,0,1,3400,-52,52,-312,11,17,0.74,57306.773438,2,2.1,10,0.0,26071.712891,31,0.0,0.0,0.0,1.0
405375,0,1,3400,-52,52,-315,5.4,18,0.74,56828.683594,1,2.1,0.0,0.0,0.0,0.0,0.0,0.0,0.0,1.0
405624,0,1,3400,-52,52,-318,12,19,0.77,46406.375000,4,2.1,0.0,0.0,0.0,0.0,0.0,0.0,0.0,1.0
405873,0,1,3400,-52,52,-317,14,18,0.77,79714.289062,0,2.1,0.0,0.0,0.0,0.0,0.0,0.0,0.0,1.0
406122,0,1,3400,-52,52,-315,12,18,0.53,54788.843750,2,2.1,0.0,0.0,8127.490234,0,0.0,0.0,0.0,1.0
406371,0,1,3400,-52,52,-312,14,18,1.0,60685.257812,6,2.1,0.0,0.0,0.0,0.0,0.0,0.0,0.0,1.0
406620,0,1,3400,-52,52,-311,13,17,1.2,49792.000000,17,2.1,0.064,0.0,0.0,0.0,0.0,0.0,0.0,1.0
406869,0,1,3400,-52,52,-312,14,18,0.96,41536.000000,0,2.1,0.14,0.0,160,33,0.0,0.0,0.0,1.0
407118,0,1,3400,-52,52,-310,13,18,0.60,63490.039062,6,2.1,8.3,0.0,19123.505859,47,0.0,0.0,0.0,1.0
407367,0,1,3400,-52,52,-313,18,18,1.4,36780.875000,7,2.1,13,0.0,0.0,0.0,0.0,0.0,0.0,1.0
407616,0,1,3400,-52,52,-318,12,19,0.68,112924.304688,3,2.1,13,0.0,0.0,0.0,0.0,0.0,0.0,1.0
407865,0,1,3400,-52,52,-314,14,17,0.54,60589.640625,5,2.1,13,0.0,0.0,0.0,0.0,0.0,0.0,1.0
408114,0,1,3400,-52,52,-318,13,17,0.79,72634.921875,6,2.1,13,0.0,23301.587891,0,0.0,0.0,0.0,1.0
408363,0,1,3400,-52,52,-315,7.7,18,0.54,65721.117188,3,2.1,14,0.0,0.0,0.0,0.0,0.0,0.0,1.0
408612,0,1,3400,-52,52,-312,14,18,0.64,82336.000000,4,2.1,14,0.0,0.0,0.0,0.0,0.0,0.0,1.0
408861,0,1,3400,-52,52,-311,11,17,0.51,69216.000000,2,2.1,7.6,0.0,160,0,0.0,0.0,0.0,1.0
409110,0,1,3400,-52,52,-311,13,19,0.50,54151.394531,0,2.1,8.4,0.0,0.0,80,0.0,0.0,0.0,1.0
409359,0,1,3400,-52,52,-312,13,18,0.78,42581.671875,6,2.1,9.0,0.0,0.0,0.0,0.0,0.0,0.0,1.0
409608,0,1,3400,-52,52,-313,11,18,0.95,73179.281250,3,2.1,9.0,0.0,0.0,0.0,0.0,0.0,0.0,1.0
409857,0,1,3400,-52,52,-308,13,18,0.50,43346.613281,0,2.1,9.0,0.0,0.0,0.0,0.0,0.0,0.0,1.0
410106,0,1,3400,-52,52,-312,12,19,0.54,57976.093750,0,2.1,4.9,0.0,18613.544922,33,0.0,0.0,0.0,1.0
410355,0,1,3400,-52,52,-313,13,18,0.50,39333.332031,0,2.1,0.0,0.0,0.0,0.0,0.0,0.0,0.0,1.0
410604,0,1,3400,-52,52,-315,11,18,0.50,22272.000000,0,2.1,0.0,0.0,0.0,0.0,0.0,0.0,0.0,1.0
410853,0,1,3400,-52,52,-317,8.9,18,0.50,66231.078125,0,2.1,0.0,0.0,0.0,0.0,0.0,0.0,0.0,1.0
411102,0,1,3400,-52,52,-311,13,17,0.61,42784.000000,11,2.1,0.38,0.0,11072.000000,17,0.0,0.0,0.0,1.0
411351,0,1,3400,-52,52,-312,16,18,0.50,31521.912109,0,2.1,0.43,0.0,6948.207031,43,0.0,0.0,0.0,1.0
411600,0,1,3400,-52,52,-316,11,18,0.58,73306.773438,2,2.1,0.0,0.0,0.0,0.0,0.0,0.0,0.0,1.0
411849,0,1,3400,-52,52,-313,12,18,0.89,31936.255859,2,2.1,0.0,0.0,0.0,0.0,0.0,0.0,0.0,1.0
412098,0,1,3400,-52,52,-311,8.5,18,0.71,86661.351562,0.8,2.1,0.0,0.0,8127.490234,0,0.0,0.0,0.0,1.0
412347,0,1,3400,-52,52,-313,14,18,0.75,66167.328125,4,2.1,0.064,0.0,0.0,0.0,0.0,0.0,0.0,1.0
412596,0,1,3400,-52,52,-314,13,17,0.74,83714.289062,2,2.1,0.0,0.0,0.0,0.0,0.0,0.0,0.0,1.0
412845,0,1,3400,-52,52,-310,14,17,0.53,59392.000000,0,2.1,0.0,0.0,0.0,0.0,0.0,0.0,0.0,1.0
413094,0,1,3400,-52,52,-315,9.4,18,0.74,73536.000000,2,2.1,3.2,0.0,17056.000000,50,0.0,0.0,0.0,1.0
413343,0,1,3400,-52,52,-313,14,19,0.72,37641.433594,0,2.1,7.5,0.0,0.0,100.000000,0.0,0.0,0.0,1.0
413592,0,1,3400,-52,52,-318,11,19,0.50,55426.292969,0,2.1,7.5,0.0,0.0,0.0,0.0,0.0,0.0,1.0
413841,0,1,3400,-52,52,-318,10,17,1.2,12780.876953,11,2.1,7.5,0.0,0.0,0.0,0.0,0.0,0.0,1.0
414090,0,1,3400,-52,52,-315,13,18,0.60,44589.640625,5,2.1,5.2,0.0,29067.728516,31,0.0,0.0,0.0,1.0
414339,0,1,3400,-52,52,-314,15,18,0.50,76557.765625,0,2.1,0.0,0.0,0.0,0.0,0.0,0.0,0.0,1.0
414588,0,1,3400,-52,52,-318,13,19,0.50,40223.109375,0,2.1,0.0,0.0,0.0,0.0,0.0,0.0,0.0,1.0
414837,0,1,3400,-52,52,-317,13,18,0.70,65873.015625,4,2.1,0.0,0.0,0.0,0.0,0.0,0.0,0.0,1.0
415086,0,1,3400,-52,52,-318,11,17,0.77,48223.109375,9,2.1,4.8,0.0,9784.860352,0,0.0,0.0,0.0,1.0
415335,0,1,3400,-52,52,-314,9.5,18,0.70,52947.792969,2,2.1,12,0.0,0.0,0.0,0.0,0.0,0.0,1.0
415584,0,1,3400,-52,52,-313,13,18,0.50,40541.832031,0,2.1,12,0.0,0.0,0.0,0.0,0.0,0.0,1.0
415833,0,1,3400,-52,52,-316,13,18,0.50,54183.265625,0,2.1,12,0.0,0.0,0.0,0.0,0.0,0.0,1.0
416082,0,1,3400,-52,52,-313,12,18,0.50,35601.593750,0,2.1,10,0.0,28175.298828,31,0.0,0.0,0.0,1.0
416331,0,1,3400,-52,52,-315,13,18,0.68,34071.714844,7,2.1,2.0,0.0,0.0,0.0,0.0,0.0,0.0,1.0
416580,0,1,3400,-52,52,-316,14,17,0.61,54597.609375,6,2.1,2.0,0.0,0.0,0.0,0.0,0.0,0.0,1.0
416829,0,1,3400,-52,52,-308,14,19,0.53,86412.695312,0,2.1,2.0,0.0,0.0,0.0,0.0,0.0,0.0,1.0
417078,0,1,3400,-52,52,-312,11,18,0.63,54565.738281,5,2.1,4.5,0.0,40924.304688,31,0.0,0.0,0.0,1.0
417327,0,1,3400,-52,52,-313,14,18,1.3,43405.621094,0,2.1,0.67,0.0,161,50,0.0,0.0,0.0,1.0
417576,0,1,3400,-52,52,-315,6.6,18,0.67,75665.335938,0,2.1,1.5,0.0,0.0,0.0,0.0,0.0,0.0,1.0
417825,0,1,3400,-52,52,-311,13,18,0.50,48318.726562,0,2.1,1.5,0.0,0.0,0.0,0.0,0.0,0.0,1.0
418074,0,1,3400,-52,52,-315,13,18,0.65,43633.464844,6,2.1,1.7,0.0,5513.944336,25,0.0,0.0,0.0,1.0
418323,0,1,3400,-52,52,-316,12,18,0.70,40733.066406,10,2.1,0.43,0.0,6948.207031,43,0.0,0.0,0.0,1.0
418572,0,1,3400,-52,52,-310,14,18,0.52,69131.476562,0,2.1,0.0,0.0,0.0,0.0,0.0,0.0,0.0,1.0
418821,0,1,3400,-52,52,-311,13,18,0.50,42677.289062,0,2.1,0.0,0.0,0.0,0.0,0.0,0.0,0.0,1.0
419070,0,1,3400,-52,52,-308,13,18,0.50,32380.953125,0,2.1,0.0,0.0,12285.713867,0,0.0,0.0,0.0,1.0
419319,0,1,3400,-52,52,-309,11,19,0.56,83474.101562,1,2.1,0.0,0.0,0.0,0.0,0.0,0.0,0.0,1.0
419568,0,1,3400,-52,52,-313,13,18,0.50,70329.320312,0,2.1,0.0,0.0,0.0,0.0,0.0,0.0,0.0,1.0
419817,0,1,3400,-52,52,-314,12,19,0.67,63840.636719,2,2.1,0.0,0.0,0.0,0.0,0.0,0.0,0.0,1.0
420066,0,1,3400,-52,52,-313,13,18,1.0,33625.496094,8,2.1,3.0,0.0,16860.558594,0,0.0,0.0,0.0,1.0
420315,0,1,3400,-52,52,-316,11,18,0.72,53322.710938,0,2.1,6.0,0.0,0.0,0.0,0.0,0.0,0.0,1.0
420564,0,1,3400,-52,52,-319,10,17,0.82,61896.414062,6,2.1,6.0,0.0,0.0,0.0,0.0,0.0,0.0,1.0
420813,0,1,3400,-52,52,-319,15,18,0.61,54278.882812,6,2.1,6.0,0.0,0.0,0.0,0.0,0.0,0.0,1.0
421062,0,1,3400,-52,52,-318,7.9,18,0.58,63617.531250,0.9,2.1,6.6,0.0,0.0,80,0.0,0.0,0.0,1.0
421311,0,1,3400,-52,52,-321,9.1,18,0.50,64412.699219,0,2.1,7.5,0.0,0.0,0.0,0.0,0.0,0.0,1.0
421560,0,1,3400,-52,52,-320,13,18,0.57,44960.000000,10,2.1,7.5,0.0,0.0,0.0,0.0,0.0,0.0,1.0
421809,0,1,3400,-52,52,-318,11,18,0.51,57728.000000,0,2.1,7.5,0.0,0.0,0.0,0.0,0.0,0.0,1.0
422058,0,1,3400,-52,52,-310,13,17,1.3,41561.753906,12,2.1,3.4,0.0,8159.362793,0,0.0,0.0,0.0,1.0
422307,0,1,3400,-52,52,-312,16,19,0.58,63585.656250,0,2.1,0.0,0.0,0.0,0.0,0.0,0.0,0.0,1.0
422556,0,1,3400,-52,52,-314,12,18,0.51,53386.453125,0,2.1,0.0,0.0,0.0,0.0,0.0,0.0,0.0,1.0
422805,0,1,3400,-52,52,-310,11,19,0.50,88796.812500,0,2.1,0.0,0.0,0.0,0.0,0.0,0.0,0.0,1.0
423054,0,1,3400,-52,52,-310,12,19,0.50,81912.351562,0,2.1,3.1,0.0,3474.103516,57,0.0,0.0,0.0,1.0
423303,0,1,3400,-52,52,-316,13,18,0.68,51682.539062,9,2.1,7.5,0.0,0.0,0.0,0.0,0.0,0.0,1.0
423552,0,1,3400,-52,52,-314,12,18,0.54,29460.318359,6,2.1,7.5,0.0,0.0,0.0,0.0,0.0,0.0,1.0
423801,0,1,3400,-52,52,-313,13,18,1.5,26409.638672,17,2.1,7.5,0.0,0.0,0.0,0.0,0.0,0.0,1.0
424050,0,1,3400,-52,52,-317,14,18,0.50,58167.332031,0,2.1,6.1,0.0,28175.298828,31,0.0,0.0,0.0,1.0
424299,0,1,3400,-52,52,-313,13,18,0.97,18454.183594,12,2.1,2.0,0.0,0.0,0.0,0.0,0.0,0.0,1.0
424548,0,1,3400,-52,52,-308,11,18,0.51,38501.992188,0,2.1,2.0,0.0,0.0,0.0,0.0,0.0,0.0,1.0
424797,0,1,3400,-52,52,-306,9.3,17,0.92,64605.578125,5,2.1,2.0,0.0,0.0,0.0,0.0,0.0,0.0,1.0
425046,0,1,3400,-52,52,-314,13,18,0.51,53928.285156,0,2.1,6.2,0.0,159,57,0.0,0.0,0.0,1.0
425295,0,1,3400,-52,52,-313,10,18,0.53,56701.195312,2,2.1,9.0,0.0,0.0,0.0,0.0,0.0,0.0,1.0
425544,0,1,3400,-52,52,-314,13,18,0.91,54412.699219,12,2.1,9.0,0.0,0.0,0.0,0.0,0.0,0.0,1.0
425793,0,1,3400,-52,52,-314,12,19,0.57,71521.914062,0,2.1,9.0,0.0,159,50,0.0,0.0,0.0,1.0
426042,0,1,3400,-52,52,-315,15,18,0.60,32771.085938,0,2.1,12,0.0,26987.951172,0,0.0,0.0,0.0,1.0
426291,0,1,3400,-52,52,-313,19,18,1.6,45131.472656,11,2.1,14,0.0,0.0,0.0,0.0,0.0,0.0,1.0
426540,0,1,3400,-52,52,-309,14,18,0.67,65019.921875,0,2.1,14,0.0,0.0,0.0,0.0,0.0,0.0,1.0
426789,0,1,3400,-52,52,-311,12,17,0.70,25147.410156,7,2.1,14,0.0,0.0,0.0,0.0,0.0,0.0,1.0
427038,0,1,3400,-52,52,-315,12,18,0.77,74294.820312,4,2.1,8.7,0.0,15649.402344,0,0.0,0.0,0.0,1.0
427287,0,1,3400,-52,52,-310,13,18,0.61,55745.019531,5,2.1,1.0,0.0,0.0,0.0,0.0,0.0,0.0,1.0
427536,0,1,3400,-52,52,-310,12,18,0.64,50486.054688,4,2.1,1.0,0.0,0.0,0.0,0.0,0.0,0.0,1.0
427785,0,1,3400,-52,52,-313,11,18,0.75,23238.095703,7,2.1,1.0,0.0,0.0,0.0,0.0,0.0,0.0,1.0
428034,0,1,3400,-52,52,-307,12,19,0.57,65760.000000,8,2.1,3.9,0.0,41248.000000,31,0.0,0.0,0.0,1.0
428283,0,1,3400,-52,52,-310,12,18,0.51,30240.000000,8,2.1,0.0,0.0,0.0,0.0,0.0,0.0,0.0,1.0
428532,0,1,3400,-52,52,-312,12,18,0.67,65912.351562,5,2.1,0.0,0.0,0.0,0.0,0.0,0.0,0.0,1.0
428781,0,1,3400,-52,52,-317,12,18,0.51,45832.667969,5,2.1,0.0,0.0,0.0,0.0,0.0,0.0,0.0,1.0
429030,0,1,3400,-52,52,-309,11,18,0.50,39585.656250,0,2.1,0.33,0.0,14406.374023,0,0.0,0.0,0.0,1.0
429279,0,1,3400,-52,52,-310,13,19,0.50,64828.683594,0,2.1,1.5,0.0,0.0,0.0,0.0,0.0,0.0,1.0
429528,0,1,3400,-52,52,-313,13,18,0.50,48063.746094,0,2.1,1.5,0.0,0.0,0.0,0.0,0.0,0.0,1.0
429777,0,1,3400,-52,52,-317,10,19,0.51,62820.718750,0,2.1,1.5,0.0,0.0,0.0,0.0,0.0,0.0,1.0
430026,0,1,3400,-52,52,-316,14,18,0.50,53968.253906,0,2.1,1.5,0.0,12412.698242,36,0.0,0.0,0.0,1.0
430275,0,1,3400,-52,52,-319,13,18,0.50,16320.000000,0,2.1,0.0,0.0,0.0,0.0,0.0,0.0,0.0,1.0
430524,0,1,3400,-52,52,-319,15,17,0.57,40352.000000,7,2.1,0.56,0.0,160,50,0.0,0.0,0.0,1.0
430773,0,1,3400,-52,52,-314,14,18,0.91,60717.132812,5,2.1,1.5,0.0,0.0,0.0,0.0,0.0,0.0,1.0
431022,0,1,3400,-52,52,-311,11,18,0.77,21960.160156,5,2.1,1.8,0.0,22501.992188,17,0.0,0.0,0.0,1.0
431271,0,1,3400,-52,52,-316,15,18,1.1,35792.828125,15,2.1,0.91,0.0,6948.207031,43,0.0,0.0,0.0,1.0
431520,0,1,3400,-52,52,-315,12,18,0.71,73625.500000,2,2.1,0.0,0.0,0.0,0.0,0.0,0.0,0.0,1.0
431769,0,1,3400,-52,52,-318,17,18,0.60,38342.628906,8,2.1,0.0,0.0,0.0,0.0,0.0,0.0,0.0,1.0
432018,0,1,3400,-52,52,-319,12,17,0.70,68621.515625,3,2.1,4.8,0.0,6852.589844,40,0.0,0.0,0.0,1.0
432267,0,1,3400,-52,52,-312,12,18,0.50,61600.000000,0,2.1,12,0.0,0.0,0.0,0.0,0.0,0.0,1.0
432516,0,1,3400,-52,52,-311,12,18,0.51,53896.414062,0,2.1,12,0.0,0.0,0.0,0.0,0.0,0.0,1.0
432765,0,1,3400,-52,52,-321,11,18,0.50,53864.542969,0,2.1,12,0.0,0.0,0.0,0.0,0.0,0.0,1.0
433014,0,1,3400,-52,52,-322,13,18,0.65,69705.179688,10,2.1,6.3,0.0,12462.151367,36,0.0,0.0,0.0,1.0
433263,0,1,3400,-52,52,-315,11,18,0.50,61832.667969,0,2.1,0.0,0.0,0.0,0.0,0.0,0.0,0.0,1.0
433512,0,1,3400,-52,52,-310,13,18,0.72,51474.105469,5,2.1,0.0,0.0,0.0,0.0,0.0,0.0,0.0,1.0
433761,0,1,3400,-52,52,-311,13,18,0.63,63713.148438,3,2.1,0.0,0.0,0.0,0.0,0.0,0.0,0.0,1.0
434010,0,1,3400,-52,52,-314,13,18,0.62,88095.617188,3,2.1,0.0,0.0,8127.490234,0,0.0,0.0,0.0,1.0
434259,0,1,3400,-52,52,-312,12,18,0.84,91952.187500,4,2.1,0.0,0.0,0.0,0.0,0.0,0.0,0.0,1.0
434508,0,1,3400,-52,52,-313,8.0,17,0.53,61280.000000,1,2.1,0.0,0.0,0.0,0.0,0.0,0.0,0.0,1.0
434757,0,1,3400,-52,52,-313,14,18,1.2,47428.570312,18,2.1,0.0,0.0,0.0,0.0,0.0,0.0,0.0,1.0
435006,0,1,3400,-52,52,-314,13,19,0.67,39648.000000,6,2.1,0.0,0.0,8160.000000,0,0.0,0.0,0.0,1.0
435255,0,1,3400,-52,52,-316,13,18,0.55,54725.097656,0,2.1,0.0,0.0,0.0,0.0,0.0,0.0,0.0,1.0
435504,0,1,3400,-52,52,-312,17,18,0.55,63458.167969,0,2.1,0.0,0.0,0.0,0.0,0.0,0.0,0.0,1.0
435753,0,1,3400,-52,52,-313,13,18,0.61,46278.882812,10,2.1,0.0,0.0,0.0,0.0,0.0,0.0,0.0,1.0
436002,0,1,3400,-52,52,-315,7.0,17,0.51,51984.062500,0,2.1,0.0,186,0.0,0.0,0.0,0.0,0.0,1.0
436251,0,1,3400,-52,52,-315,11,18,1.1,85227.093750,7,2.1,0.0,0.0,8127.490234,0,0.0,0.0,0.0,1.0
436500,0,1,3400,-52,52,-319,13,18,0.50,58039.839844,0,2.1,0.0,0.0,0.0,0.0,0.0,0.0,0.0,1.0
436749,0,1,3400,-52,52,-316,12,19,0.50,63360.000000,0,2.1,0.0,0.0,0.0,0.0,0.0,0.0,0.0,1.0
436998,0,1,3400,-52,52,-313,13,18,0.56,23235.060547,10,2.1,0.38,0.0,11027.888672,17,0.0,0.0,0.0,1.0
437247,0,1,3400,-52,52,-315,10,18,0.63,36462.152344,0,2.1,0.43,0.0,6948.207031,43,0.0,0.0,0.0,1.0
437496,0,1,3400,-52,52,-317,12,18,0.50,44047.808594,0,2.1,0.0,0.0,0.0,0.0,0.0,0.0,0.0,1.0
437745,0,1,3400,-52,52,-315,12,17,0.50,54948.207031,0,2.1,0.0,0.0,0.0,0.0,0.0,0.0,0.0,1.0
437994,0,1,3400,-52,52,-309,11,18,0.51,70342.632812,2,2.1,3.1,0.0,66996.015625,44,0.0,0.0,0.0,1.0
438243,0,1,3400,-52,52,-308,13,18,0.74,50262.949219,9,2.1,11,0.0,159,50,0.0,0.0,0.0,1.0
438492,0,1,3400,-52,52,-311,9.9,18,0.75,48701.195312,5,2.1,9.5,0.0,0.0,0.0,0.0,0.0,0.0,1.0
438741,0,1,3400,-52,52,-314,10,18,0.60,60557.769531,4,2.1,9.5,0.0,0.0,0.0,0.0,0.0,0.0,1.0
438990,0,1,3400,-52,52,-316,12,17,1.0,47456.000000,2,2.1,13,0.0,179552.000000,61,0.0,0.0,0.0,1.0
439239,0,1,3400,-52,52,-312,9.3,19,0.55,49976.093750,2,2.1,16,0.0,0.0,0.0,0.0,0.0,0.0,1.0
439488,0,1,3400,-52,52,-308,13,18,0.50,48318.726562,0,2.1,10,0.0,159,0,0.0,0.0,0.0,1.0
439737,0,1,3400,-52,52,-305,10,18,0.53,72191.234375,4,2.1,9.5,0.0,0.0,0.0,0.0,0.0,0.0,1.0
439986,0,1,3400,-52,52,-308,13,18,0.71,51888.445312,9,2.1,9.8,0.0,12015.936523,40,0.0,0.0,0.0,1.0
440235,0,1,3400,-52,52,-311,13,18,0.50,75729.085938,0,2.1,13,0.0,0.0,0.0,0.0,0.0,0.0,1.0
440484,0,1,3400,-52,52,-312,13,17,1.5,47713.148438,15,2.1,13,0.0,0.0,0.0,0.0,0.0,0.0,1.0
440733,0,1,3400,-52,52,-312,13,18,0.53,65561.750000,0,2.1,13,0.0,0.0,0.0,0.0,0.0,0.0,1.0
440982,0,1,3400,-52,52,-313,8.0,18,0.58,44416.000000,2,2.1,14,0.0,95168.000000,63,0.0,0.0,0.0,1.0
441231,0,1,3400,-52,52,-312,8.2,18,0.52,54501.992188,0,2.1,16,0.0,0.0,0.0,0.0,0.0,0.0,1.0
441480,0,1,3400,-52,52,-311,12,18,0.67,40988.046875,6,2.1,16,0.0,0.0,0.0,0.0,0.0,0.0,1.0
441729,0,1,3400,-52,52,-310,11,18,0.82,58900.398438,4,2.1,16,0.0,0.0,0.0,0.0,0.0,0.0,1.0
441978,0,1,3400,-52,52,-315,12,18,0.70,55776.890625,4,2.1,11,0.0,24956.175781,33,0.0,0.0,0.0,1.0
442227,0,1,3400,-52,52,-313,14,18,0.63,44621.515625,6,2.1,1.5,0.0,0.0,0.0,0.0,0.0,0.0,1.0
442476,0,1,3400,-52,52,-309,13,17,0.65,55298.804688,5,2.1,1.5,0.0,0.0,0.0,0.0,0.0,0.0,1.0
442725,0,1,3400,-52,52,-311,12,19,0.88,63394.421875,5,2.1,1.5,0.0,0.0,0.0,0.0,0.0,0.0,1.0
442974,0,1,3400,-52,52,-313,10,18,0.56,66304.000000,4,2.1,8.0,0.0,19200.000000,31,0.0,0.0,0.0,1.0
443223,0,1,3400,-52,52,-319,9.7,18,0.50,72478.085938,0,2.1,13,0.0,0.0,0.0,0.0,0.0,0.0,1.0
443472,0,1,3400,-52,52,-314,12,18,0.50,45513.945312,0,2.1,13,0.0,0.0,0.0,0.0,0.0,0.0,1.0
443721,0,1,3400,-52,52,-317,13,18,0.50,60685.257812,0,2.1,13,0.0,0.0,0.0,0.0,0.0,0.0,1.0
443970,0,1,3400,-52,52,-312,13,18,1.1,49976.093750,9,2.1,9.8,0.0,23936.255859,36,0.0,0.0,0.0,1.0
444219,0,1,3400,-52,52,-314,19,19,0.60,43633.464844,7,2.1,0.0,0.0,0.0,0.0,0.0,0.0,0.0,1.0
444468,0,1,3400,-52,52,-317,14,18,1.3,52462.152344,7,2.1,0.0,0.0,0.0,0.0,0.0,0.0,0.0,1.0
444717,0,1,3400,-52,52,-315,15,18,0.50,58741.035156,0,2.1,0.0,0.0,0.0,0.0,0.0,0.0,0.0,1.0
444966,0,1,3400,-52,52,-311,13,18,1.2,24478.087891,11,2.1,2.4,0.0,19888.445312,42,0.0,0.0,0.0,1.0
445215,0,1,3400,-52,52,-314,11,17,1.4,35552.000000,4,2.1,0.064,0.0,4000.000000,0,0.0,0.0,0.0,1.0
445464,0,1,3400,-52,52,-314,8.8,18,0.50,73115.539062,0,2.1,0.0,0.0,0.0,0.0,0.0,0.0,0.0,1.0
445713,0,1,3400,-52,52,-311,11,18,0.57,66932.273438,3,2.1,0.25,0.0,159,50,0.0,0.0,0.0,1.0
445962,0,1,3400,-52,52,-313,13,18,0.50,54852.589844,0,2.1,1.4,0.0,12462.151367,36,0.0,0.0,0.0,1.0
446211,0,1,3400,-52,52,-314,12,19,0.50,45928.285156,0,2.1,0.0,0.0,0.0,0.0,0.0,0.0,0.0,1.0
446460,0,1,3400,-52,52,-318,11,18,0.68,46151.394531,3,2.1,0.0,0.0,0.0,0.0,0.0,0.0,0.0,1.0
446709,0,1,3400,-52,52,-317,16,18,0.63,50454.183594,6,2.1,0.19,0.0,0.0,75,0.0,0.0,0.0,1.0
446958,0,1,3400,-52,52,-316,12,19,0.50,43856.574219,0,2.1,4.6,0.0,5673.306641,50,0.0,0.0,0.0,1.0
447207,0,1,3400,-52,52,-316,12,19,0.61,57184.000000,3,2.1,9.0,0.0,0.0,0.0,0.0,0.0,0.0,1.0
447456,0,1,3400,-52,52,-322,11,18,0.67,72095.617188,4,2.1,9.0,0.0,0.0,0.0,0.0,0.0,0.0,1.0
447705,0,1,3400,-52,52,-314,12,18,0.50,45992.031250,0,2.1,9.0,0.0,0.0,0.0,0.0,0.0,0.0,1.0
447954,0,1,3400,-52,52,-317,11,18,0.50,46342.628906,0,2.1,10,0.0,28908.367188,0,0.0,0.0,0.0,1.0
448203,0,1,3400,-52,52,-325,9.9,18,0.91,60717.132812,3,2.1,14,0.0,0.0,0.0,0.0,0.0,0.0,1.0
448452,0,1,3400,-52,52,-317,10,19,0.54,39585.656250,0,2.1,14,0.0,0.0,0.0,0.0,0.0,0.0,1.0
448701,0,1,3400,-52,52,-315,11,19,0.97,65816.734375,5,2.1,14,0.0,0.0,0.0,0.0,0.0,0.0,1.0
448950,0,1,3400,-52,52,-312,9.7,18,0.50,71362.546875,0,2.1,14,0.0,23394.421875,0,0.0,0.0,0.0,1.0
449199,0,1,3400,-52,52,-313,11,19,0.50,61195.218750,0,2.1,14,0.0,0.0,0.0,0.0,0.0,0.0,1.0
449448,0,1,3400,-52,52,-311,14,18,0.50,59314.742188,0,2.1,14,0.0,0.0,0.0,0.0,0.0,0.0,1.0
449697,0,1,3400,-52,52,-312,13,18,1.1,35776.000000,12,2.1,14,0.0,0.0,0.0,0.0,0.0,0.0,1.0
449946,0,1,3400,-52,52,-319,9.6,18,1.2,59282.867188,2,2.1,14,0.0,40382.468750,0,0.0,0.0,0.0,1.0
450195,0,1,3400,-52,52,-312,8.1,20,0.50,92557.765625,0,2.1,11,0.0,0.0,50,0.0,0.0,0.0,1.0
450444,0,1,3400,-52,52,-315,11,18,0.50,47362.550781,0,2.1,7.5,0.0,0.0,0.0,0.0,0.0,0.0,1.0
450693,0,1,3400,-52,52,-312,15,18,0.51,66422.312500,0,2.1,8.2,0.0,1019.920349,0,0.0,0.0,0.0,1.0
450942,0,1,3400,-52,52,-309,13,18,0.60,66581.671875,4,2.1,12,0.0,40382.468750,0,0.0,0.0,0.0,1.0
451191,0,1,3400,-52,52,-307,11,18,0.50,85896.414062,0,2.1,14,0.0,0.0,0.0,0.0,0.0,0.0,1.0
451440,0,1,3400,-52,52,-311,8.9,17,1.0,50645.417969,9,2.1,14,0.0,0.0,0.0,0.0,0.0,0.0,1.0
451689,0,1,3400,-52,52,-311,13,18,0.60,66848.000000,4,2.1,14,0.0,0.0,0.0,0.0,0.0,0.0,1.0
451938,0,1,3400,-52,52,-310,5.2,17,0.52,42804.781250,2,2.1,14,0.0,23394.421875,20,0.0,0.0,0.0,1.0
452187,0,1,3400,-52,52,-311,9.4,18,0.50,61482.070312,0,2.1,14,0.0,0.0,0.0,0.0,0.0,0.0,1.0
452436,0,1,3400,-52,52,-311,13,19,0.50,17816.732422,0,2.1,14,0.0,0.0,0.0,0.0,0.0,0.0,1.0
452685,0,1,3400,-52,52,-317,14,18,0.82,44685.257812,5,2.1,14,0.0,0.0,0.0,0.0,0.0,0.0,1.0
452934,0,1,3400,-52,52,-317,7.6,18,0.50,27792.828125,0,2.1,14,0.0,40478.085938,11,0.0,0.0,0.0,1.0
453183,0,1,3400,-52,52,-313,13,18,0.50,34772.910156,0,2.1,14,0.0,0.0,0.0,0.0,0.0,0.0,1.0
453432,0,1,3400,-52,52,-313,14,19,0.65,66167.328125,4,2.1,14,0.0,0.0,0.0,0.0,0.0,0.0,1.0
453681,0,1,3400,-52,52,-315,12,19,0.63,93832.671875,2,2.1,14,0.0,0.0,0.0,0.0,0.0,0.0,1.0
453930,0,1,3400,-52,52,-314,12,19,0.69,81888.000000,0,2.1,8.2,0.0,24032.000000,36,0.0,0.0,0.0,1.0
454179,0,1,3400,-52,52,-312,12,19,0.50,75729.085938,0,2.1,0.0,0.0,0.0,0.0,0.0,0.0,0.0,1.0
454428,0,1,3400,-52,52,-313,8.7,18,0.72,28749.003906,6,2.1,0.0,0.0,0.0,0.0,0.0,0.0,0.0,1.0
454677,0,1,3400,-52,52,-314,9.5,18,0.61,34836.652344,4,2.1,0.064,0.0,0.0,0.0,0.0,0.0,0.0,1.0
454926,0,1,3400,-52,52,-311,11,18,0.74,67059.757812,2,2.1,8.4,0.0,289657.375000,54,0.0,0.0,0.0,1.0
455175,0,1,3400,-52,52,-315,13,19,0.50,59346.613281,0,2.1,16,0.0,0.0,0.0,0.0,0.0,0.0,1.0
455424,0,1,3400,-52,52,-314,12,17,0.50,46916.335938,0,2.1,16,0.0,0.0,0.0,0.0,0.0,0.0,1.0
455673,0,1,3400,-52,52,-312,12,17,0.91,80573.703125,6,2.1,16,0.0,0.0,0.0,0.0,0.0,0.0,1.0
455922,0,1,3400,-52,52,-309,13,18,0.74,43520.000000,11,2.1,7.0,0.0,13696.000000,0,0.0,0.0,0.0,1.0
456171,0,1,3400,-52,52,-310,13,18,0.50,32095.617188,0,2.1,0.0,0.0,0.0,0.0,0.0,0.0,0.0,1.0
456420,0,1,3400,-52,52,-309,9.2,18,0.82,38438.246094,5,2.1,0.0,0.0,0.0,0.0,0.0,0.0,0.0,1.0
456669,0,1,3400,-52,52,-311,10,19,0.89,56541.832031,4,2.1,0.0,0.0,0.0,0.0,0.0,0.0,0.0,1.0
456918,0,1,3400,-52,52,-312,12,19,0.61,44525.894531,2,2.1,5.7,0.0,58549.800781,68,0.0,0.0,0.0,1.0
457167,0,1,3400,-52,52,-311,9.9,18,0.51,40988.046875,2,2.1,16,0.0,0.0,0.0,0.0,0.0,0.0,1.0
457416,0,1,3400,-52,52,-315,13,17,0.50,43346.613281,0,2.1,16,0.0,0.0,50,0.0,0.0,0.0,1.0
457665,0,1,3400,-52,52,-319,12,18,0.50,55521.914062,0,2.1,9.5,0.0,159,67,0.0,0.0,0.0,1.0
457914,0,1,3400,-52,52,-314,11,18,0.57,36736.000000,4,2.1,14,0.0,19200.000000,54,0.0,0.0,0.0,1.0
458163,0,1,3400,-52,52,-310,13,18,0.50,43346.613281,0,2.1,4.0,0.0,5003.983887,0,0.0,0.0,0.0,1.0
458412,0,1,3400,-52,52,-311,13,17,0.59,61386.453125,4,2.1,4.0,0.0,0.0,0.0,0.0,0.0,0.0,1.0
458661,0,1,3400,-52,52,-312,12,18,0.50,62629.480469,0,2.1,4.0,0.0,0.0,0.0,0.0,0.0,0.0,1.0
458910,0,1,3400,-52,52,-312,13,18,0.60,48701.195312,5,2.1,7.9,0.0,23394.421875,0,0.0,0.0,0.0,1.0
459159,0,1,3400,-52,52,-312,13,18,0.85,35633.464844,12,2.1,14,0.0,0.0,0.0,0.0,0.0,0.0,1.0
459408,0,1,3400,-52,52,-321,13,17,0.50,81274.898438,0,2.1,14,0.0,0.0,0.0,0.0,0.0,0.0,1.0
459657,0,1,3400,-52,52,-320,13,19,0.57,87713.148438,3,2.1,14,0.0,0.0,0.0,0.0,0.0,0.0,1.0
459906,0,1,3400,-52,52,-314,12,17,0.61,62087.648438,4,2.1,14,0.0,16988.046875,50,0.0,0.0,0.0,1.0
460155,0,1,3400,-52,52,-320,13,19,0.50,73440.000000,0,2.1,14,0.0,0.0,100.000000,0.0,0.0,0.0,1.0
460404,0,1,3400,-52,52,-315,13,17,0.70,101258.960938,3,2.1,14,0.0,0.0,0.0,0.0,0.0,0.0,1.0
460653,0,1,3400,-52,52,-314,15,19,0.50,42199.203125,0,2.1,14,0.0,0.0,0.0,0.0,0.0,0.0,1.0
460902,0,1,3400,-52,52,-315,11,17,0.72,55553.785156,7,2.1,14,0.0,19505.976562,52,0.0,0.0,0.0,1.0
461151,0,1,3400,-52,52,-312,15,19,0.50,37067.730469,0,2.1,0.0,0.0,3984.063721,0,0.0,0.0,0.0,1.0
461400,0,1,3400,-52,52,-316,12,18,0.51,54788.843750,2,2.1,0.0,0.0,0.0,0.0,0.0,0.0,0.0,1.0
461649,0,1,3400,-52,52,-319,10,17,0.60,59792.828125,3,2.1,0.0,0.0,0.0,0.0,0.0,0.0,0.0,1.0
461898,0,1,3400,-52,52,-315,9.9,18,0.50,33306.773438,0,2.1,0.012,0.0,13641.434570,0,0.0,0.0,0.0,1.0
462147,0,1,3400,-52,52,-307,6.5,18,0.54,28717.130859,0,2.1,1.5,0.0,159,0,0.0,0.0,0.0,1.0
462396,0,1,3400,-52,52,-314,11,18,0.51,90848.000000,0,2.1,1.5,0.0,0.0,0.0,0.0,0.0,0.0,1.0
462645,0,1,3400,-52,52,-316,10,18,0.85,42294.820312,8,2.1,1.5,0.0,0.0,0.0,0.0,0.0,0.0,1.0
462894,0,1,3400,-52,52,-311,12,18,0.50,54278.882812,0,2.1,1.9,0.0,12462.151367,36,0.0,0.0,0.0,1.0
463143,0,1,3400,-52,52,-315,17,19,0.72,48318.726562,8,2.1,0.0,0.0,0.0,0.0,0.0,0.0,0.0,1.0
463392,0,1,3400,-52,52,-313,13,17,0.53,59187.250000,5,2.1,0.0,0.0,0.0,0.0,0.0,0.0,0.0,1.0
463641,0,1,3400,-52,52,-313,13,18,0.86,68430.281250,0,2.1,0.0,0.0,0.0,0.0,0.0,0.0,0.0,1.0
463890,0,1,3400,-52,52,-313,13,18,0.77,57689.242188,11,2.1,5.4,0.0,28908.367188,14,0.0,0.0,0.0,1.0
464139,0,1,3400,-52,52,-312,12,19,0.57,56286.851562,4,2.1,14,0.0,0.0,0.0,0.0,0.0,0.0,1.0
464388,0,1,3400,-52,52,-314,13,18,0.50,69928.289062,0,2.1,14,0.0,0.0,0.0,0.0,0.0,0.0,1.0
464637,0,1,3400,-52,52,-313,11,18,0.50,54144.000000,0,2.1,13,0.0,160,33,0.0,0.0,0.0,1.0
464886,0,1,3400,-52,52,-316,13,18,0.64,68143.429688,7,2.1,10,0.0,23394.421875,0,0.0,0.0,0.0,1.0
465135,0,1,3400,-52,52,-321,11,17,0.92,47713.148438,2,2.1,14,0.0,0.0,0.0,0.0,0.0,0.0,1.0
465384,0,1,3400,-52,52,-316,13,18,0.69,62278.882812,8,2.1,14,0.0,0.0,0.0,0.0,0.0,0.0,1.0
465633,0,1,3400,-52,52,-313,11,18,0.71,79235.062500,0,2.1,14,0.0,0.0,0.0,0.0,0.0,0.0,1.0
465882,0,1,3400,-52,52,-314,12,18,0.74,56318.726562,11,2.1,8.6,0.0,26709.164062,31,0.0,0.0,0.0,1.0
466131,0,1,3400,-52,52,-318,12,18,0.82,39043.824219,0,2.1,1.0,0.0,0.0,0.0,0.0,0.0,0.0,1.0
466380,0,1,3400,-52,52,-317,12,18,0.50,37928.285156,0,2.1,1.0,0.0,0.0,0.0,0.0,0.0,0.0,1.0
466629,0,1,3400,-52,52,-313,13,18,0.63,66581.671875,4,2.1,1.0,0.0,0.0,0.0,0.0,0.0,0.0,1.0
466878,0,1,3400,-52,52,-310,13,18,0.60,52832.000000,10,2.1,0.46,0.0,8160.000000,0,0.0,0.0,0.0,1.0
467127,0,1,3400,-52,52,-313,14,18,1.1,37928.285156,7,2.1,0.0,0.0,0.0,0.0,0.0,0.0,0.0,1.0
467376,0,1,3400,-52,52,-320,13,18,1.1,53195.218750,5,2.1,0.0,0.0,0.0,0.0,0.0,0.0,0.0,1.0
467625,0,1,3400,-52,52,-312,9.0,18,0.53,71298.804688,2,2.1,0.0,0.0,0.0,0.0,0.0,0.0,0.0,1.0
467874,0,1,3400,-52,52,-310,15,18,0.89,47203.187500,6,2.1,0.82,0.0,12462.151367,36,0.0,0.0,0.0,1.0
468123,0,1,3400,-52,52,-315,13,18,0.50,27091.632812,0,2.1,0.0,0.0,0.0,0.0,0.0,0.0,0.0,1.0
468372,0,1,3400,-52,52,-312,13,17,1.1,48350.597656,0,2.1,0.0,0.0,0.0,0.0,0.0,0.0,0.0,1.0
468621,0,1,3400,-52,52,-315,9.7,18,0.75,34645.417969,4,2.1,0.0,0.0,0.0,0.0,0.0,0.0,0.0,1.0
468870,0,1,3400,-52,52,-318,11,18,1.0,24576.000000,17,2.1,0.0,0.0,13696.000000,0,0.0,0.0,0.0,1.0
469119,0,1,3400,-52,52,-316,14,18,0.50,48191.234375,0,2.1,0.0,0.0,0.0,0.0,0.0,0.0,0.0,1.0
469368,0,1,3400,-52,52,-317,13,19,1.3,61641.433594,12,2.1,0.0,0.0,0.0,0.0,0.0,0.0,0.0,1.0
469617,0,1,3400,-52,52,-311,13,19,0.64,23235.060547,10,2.1,0.0,0.0,0.0,0.0,0.0,0.0,0.0,1.0
469866,0,1,3400,-52,52,-314,9.6,18,0.56,91442.234375,2,2.1,5.2,0.0,19888.445312,44,0.0,0.0,0.0,1.0
470115,0,1,3400,-52,52,-316,11,18,0.65,78278.882812,3,2.1,0.0,0.0,0.0,0.0,0.0,0.0,0.0,1.0
470364,0,1,3400,-52,52,-309,13,17,0.75,58581.671875,4,2.1,0.0,0.0,0.0,0.0,0.0,0.0,0.0,1.0
470613,0,1,3400,-52,52,-309,10,19,0.50,63585.656250,0,2.1,0.0,0.0,0.0,0.0,0.0,0.0,0.0,1.0
470862,0,1,3400,-52,52,-315,13,17,0.50,21504.000000,0,2.1,2.6,0.0,15584.000000,0,0.0,0.0,0.0,1.0
471111,0,1,3400,-52,52,-315,11,18,0.67,56000.000000,6,2.1,12,0.0,0.0,0.0,0.0,0.0,0.0,1.0
471360,0,1,3400,-52,52,-314,15,17,1.4,64446.214844,14,2.1,9.7,0.0,159,0,0.0,0.0,0.0,1.0
471609,0,1,3400,-52,52,-316,9.2,18,0.50,39266.933594,0,2.1,7.5,0.0,0.0,0.0,0.0,0.0,0.0,1.0
471858,0,1,3400,-52,52,-316,12,18,0.54,55394.421875,4,2.1,5.7,0.0,10422.310547,50,0.0,0.0,0.0,1.0
472107,0,1,3400,-52,52,-316,12,18,1.4,41338.644531,7,2.1,0.0,0.0,0.0,0.0,0.0,0.0,0.0,1.0
472356,0,1,3400,-52,52,-312,11,18,0.53,59378.484375,0,2.1,0.0,0.0,0.0,0.0,0.0,0.0,0.0,1.0
472605,0,1,3400,-52,52,-316,12,17,0.50,59474.105469,0,2.1,0.0,0.0,0.0,0.0,0.0,0.0,0.0,1.0
472854,0,1,3400,-52,52,-314,8.8,18,0.68,58103.585938,2,2.1,3.2,0.0,5513.944336,57,0.0,0.0,0.0,1.0
473103,0,1,3400,-52,52,-311,11,18,1.0,34688.000000,6,2.1,7.5,0.0,0.0,0.0,0.0,0.0,0.0,1.0
473352,0,1,3400,-52,52,-308,13,18,0.50,64254.980469,0,2.1,7.5,0.0,0.0,0.0,0.0,0.0,0.0,1.0
473602,0,1,3400,-52,52,-311,12,18,0.63,69227.093750,2,2.1,7.5,0.0,0.0,0.0,0.0,0.0,0.0,1.0
473851,0,1,3400,-52,52,-315,9.3,19,0.54,64350.597656,0,2.1,9.5,0.0,15521.912109,25,0.0,0.0,0.0,1.0
474100,0,1,3400,-52,52,-316,12,18,0.51,57147.410156,4,2.1,12,0.0,0.0,0.0,0.0,0.0,0.0,1.0
474349,0,1,3400,-52,52,-319,11,17,1.1,26996.015625,6,2.1,12,0.0,0.0,67,0.0,0.0,0.0,1.0
474598,0,1,3400,-52,52,-312,13,18,0.88,63585.656250,11,2.1,9.6,0.0,4079.681396,12,0.0,0.0,0.0,1.0
474847,0,1,3400,-52,52,-315,12,18,0.84,45290.835938,9,2.1,11,0.0,12940.239258,50,0.0,0.0,0.0,1.0
475096,0,1,3400,-52,52,-317,8.9,17,0.50,49466.136719,0,2.1,1.8,0.0,7968.127441,43,0.0,0.0,0.0,1.0
475345,0,1,3400,-52,52,-314,11,18,0.58,70176.000000,3,2.1,0.0,0.0,0.0,0.0,0.0,0.0,0.0,1.0
475594,0,1,3400,-52,52,-309,11,17,0.74,40669.324219,2,2.1,0.0,0.0,0.0,0.0,0.0,0.0,0.0,1.0
475843,0,1,3400,-52,52,-314,11,17,0.67,38119.523438,12,2.1,5.5,0.0,72669.320312,31,0.0,0.0,0.0,1.0
476092,0,1,3400,-52,52,-316,6.7,19,0.50,81721.117188,0,2.1,9.2,0.0,159,50,0.0,0.0,0.0,1.0
476341,0,1,3400,-52,52,-310,8.3,18,0.50,57561.753906,0,2.1,9.5,0.0,0.0,0.0,0.0,0.0,0.0,1.0
476591,0,1,3400,-52,52,-309,13,18,0.70,65848.609375,8,2.1,9.5,0.0,0.0,0.0,0.0,0.0,0.0,1.0
476840,0,1,3400,-52,52,-313,13,18,0.57,71585.656250,4,2.1,9.1,0.0,8127.490234,0,0.0,0.0,0.0,1.0
477089,0,1,3400,-52,52,-318,7.1,18,0.58,69386.453125,1,2.1,9.7,0.0,1019.920349,0,0.0,0.0,0.0,1.0
477338,0,1,3400,-52,52,-316,9.9,18,0.56,59760.957031,2,2.1,11,0.0,159,0,0.0,0.0,0.0,1.0
477587,0,1,3400,-52,52,-313,14,18,0.50,53568.000000,0,2.1,9.5,0.0,0.0,0.0,0.0,0.0,0.0,1.0
477836,0,1,3400,-52,52,-311,9.6,19,0.79,92015.937500,1,2.1,6.8,0.0,13545.816406,0,0.0,0.0,0.0,1.0
478085,0,1,3400,-52,52,-316,13,18,0.50,37864.542969,0,2.1,0.0,0.0,0.0,0.0,0.0,0.0,0.0,1.0
478334,0,1,3400,-52,52,-315,14,18,0.85,44430.277344,6,2.1,0.0,0.0,0.0,0.0,0.0,0.0,0.0,1.0
478584,0,1,3400,-52,52,-311,12,19,0.51,37354.582031,0,2.1,0.0,0.0,0.0,0.0,0.0,0.0,0.0,1.0
478833,0,1,3400,-52,52,-313,12,17,0.50,27027.888672,0,2.1,0.0,0.0,8127.490234,0,0.0,0.0,0.0,1.0
479082,0,1,3400,-52,52,-315,12,19,0.54,77577.687500,3,2.1,0.0,0.0,0.0,0.0,0.0,0.0,0.0,1.0
479331,0,1,3400,-52,52,-313,15,18,0.50,30661.355469,0,2.1,0.25,0.0,159,33,0.0,0.0,0.0,1.0
479580,0,1,3400,-52,52,-315,18,18,1.2,42240.000000,8,2.1,1.5,0.0,0.0,0.0,0.0,0.0,0.0,1.0
479829,0,1,3400,-52,52,-315,14,18,0.50,32063.744141,0,2.1,2.5,0.0,11027.888672,44,0.0,0.0,0.0,1.0
480078,0,1,3400,-52,52,-314,14,18,1.2,94884.460938,7,2.1,7.5,0.0,0.0,0.0,0.0,0.0,0.0,1.0
480327,0,1,3400,-52,52,-314,12,18,0.65,77227.093750,6,2.1,7.5,0.0,0.0,0.0,0.0,0.0,0.0,1.0
480576,0,1,3400,-52,52,-312,14,17,0.50,74167.328125,0,2.1,7.5,0.0,0.0,0.0,0.0,0.0,0.0,1.0
480825,0,1,3400,-52,52,-314,13,18,0.64,80063.742188,3,2.1,3.4,0.0,9944.222656,0,0.0,0.0,0.0,1.0
481074,0,1,3400,-52,52,-313,12,19,0.50,21673.306641,0,2.1,0.0,0.0,0.0,0.0,0.0,0.0,0.0,1.0
481323,0,1,3400,-52,52,-315,13,17,0.60,29641.433594,9,2.1,0.0,0.0,0.0,0.0,0.0,0.0,0.0,1.0
481572,0,1,3400,-52,52,-312,13,19,0.84,65816.734375,7,2.1,0.0,0.0,0.0,0.0,0.0,0.0,0.0,1.0
481821,0,1,3400,-52,52,-311,12,18,0.50,47968.128906,0,2.1,1.2,0.0,12621.513672,31,0.0,0.0,0.0,1.0
482070,0,1,3400,-52,52,-317,12,18,0.64,52096.000000,6,2.1,0.0,0.0,0.0,0.0,0.0,0.0,0.0,1.0
482319,0,1,3400,-52,52,-311,11,17,0.88,53322.710938,3,2.1,0.0,0.0,0.0,0.0,0.0,0.0,0.0,1.0
482568,0,1,3400,-52,52,-317,14,18,0.95,29513.943359,8,2.1,0.0,0.0,0.0,0.0,0.0,0.0,0.0,1.0
482817,0,1,3400,-52,52,-319,10,18,0.50,29035.857422,0,2.1,1.9,0.0,17848.605469,31,0.0,0.0,0.0,1.0
483066,0,1,3400,-52,52,-314,13,18,0.50,32223.107422,0,2.1,7.5,0.0,0.0,0.0,0.0,0.0,0.0,1.0
483315,0,1,3400,-52,52,-314,12,18,0.51,31266.931641,7,2.1,7.5,0.0,0.0,0.0,0.0,0.0,0.0,1.0
483564,0,1,3400,-52,52,-314,12,18,0.82,30215.138672,4,2.1,7.5,0.0,0.0,0.0,0.0,0.0,0.0,1.0
483813,0,1,3400,-52,52,-316,13,18,0.65,65752.984375,4,2.1,13,0.0,22725.099609,45,0.0,0.0,0.0,1.0
484062,0,1,3400,-52,52,-310,7.5,18,0.63,74262.945312,1,2.1,22,0.0,0.0,0.0,0.0,0.0,0.0,1.0
484311,0,1,3400,-52,52,-310,11,18,0.81,52960.000000,8,2.1,22,0.0,0.0,0.0,0.0,0.0,0.0,1.0
484560,0,1,3400,-52,52,-313,13,19,0.56,66167.328125,0,2.1,22,0.0,0.0,0.0,0.0,0.0,0.0,1.0
484809,0,1,3400,-52,52,-314,9.4,18,0.82,51665.339844,1,2.1,18,0.0,16988.046875,40,0.0,0.0,0.0,1.0
485058,0,1,3400,-52,52,-312,15,18,0.56,63681.273438,0,2.1,15,0.0,0.0,100.000000,0.0,0.0,0.0,1.0
485307,0,1,3400,-52,52,-314,13,17,0.51,56605.578125,4,2.1,15,0.0,0.0,0.0,0.0,0.0,0.0,1.0
485556,0,1,3400,-52,52,-311,9.9,17,0.57,56669.324219,1,2.1,15,0.0,0.0,0.0,0.0,0.0,0.0,1.0
485805,0,1,3400,-52,52,-312,13,19,0.50,37928.285156,0,2.1,13,0.0,28908.367188,14,0.0,0.0,0.0,1.0
486054,0,1,3400,-52,52,-309,13,18,0.53,44908.367188,0,2.1,13,0.0,159,0,0.0,0.0,0.0,1.0
486303,0,1,3400,-52,52,-312,14,18,0.58,63968.000000,8,2.1,7.5,0.0,0.0,0.0,0.0,0.0,0.0,1.0
486552,0,1,3400,-52,52,-320,13,18,0.72,44908.367188,6,2.1,6.9,0.0,0.0,80,0.0,0.0,0.0,1.0
486801,0,1,3400,-52,52,-315,12,18,0.54,50294.820312,5,2.1,8.2,0.0,40924.304688,31,0.0,0.0,0.0,1.0
487050,0,1,3400,-52,52,-308,7.5,18,0.98,61960.160156,4,2.1,0.0,0.0,0.0,0.0,0.0,0.0,0.0,1.0
487299,0,1,3400,-52,52,-315,14,18,0.70,68047.812500,8,2.1,0.0,0.0,0.0,0.0,0.0,0.0,0.0,1.0
487548,0,1,3400,-52,52,-316,13,18,0.86,44908.367188,6,2.1,0.0,0.0,0.0,0.0,0.0,0.0,0.0,1.0
487797,0,1,3400,-52,52,-317,15,19,0.50,79235.062500,0,2.1,8.9,0.0,351490.031250,49,0.0,0.0,0.0,1.0
488046,0,1,3400,-52,52,-315,13,18,0.58,48637.449219,0,2.1,16,0.0,0.0,0.0,0.0,0.0,0.0,1.0
488295,0,1,3400,-52,52,-312,13,18,0.53,55040.000000,5,2.1,16,0.0,0.0,0.0,0.0,0.0,0.0,1.0
488544,0,1,3400,-52,52,-310,14,18,0.85,87203.187500,7,2.1,13,0.0,1019.920349,33,0.0,0.0,0.0,1.0
488793,0,1,3400,-52,52,-313,11,18,0.64,36270.917969,4,2.1,12,0.0,20462.152344,44,0.0,0.0,0.0,1.0
489042,0,1,3400,-52,52,-315,13,19,0.95,39235.058594,12,2.1,14,0.0,0.0,0.0,0.0,0.0,0.0,1.0
489291,0,1,3400,-52,52,-314,12,17,0.50,75219.125000,0,2.1,14,0.0,0.0,0.0,0.0,0.0,0.0,1.0
489540,0,1,3400,-52,52,-314,13,17,0.84,42199.203125,16,2.1,14,0.0,0.0,0.0,0.0,0.0,0.0,1.0
489789,0,1,3400,-52,52,-312,12,18,0.75,69290.835938,9,2.1,10,0.0,23936.255859,36,0.0,0.0,0.0,1.0
490038,0,1,3400,-52,52,-312,10,18,0.89,70948.210938,5,2.1,0.0,0.0,0.0,0.0,0.0,0.0,0.0,1.0
490287,0,1,3400,-52,52,-319,11,18,0.50,61792.000000,0,2.1,0.0,0.0,0.0,0.0,0.0,0.0,0.0,1.0
490536,0,1,3400,-52,52,-314,13,18,0.64,23872.509766,10,2.1,0.0,0.0,0.0,0.0,0.0,0.0,0.0,1.0
490785,0,1,3400,-52,52,-310,12,18,0.68,58709.164062,7,2.1,5.7,0.0,227219.125000,59,0.0,0.0,0.0,1.0
491034,0,1,3400,-52,52,-306,11,18,0.51,45928.285156,0,2.1,16,0.0,0.0,0.0,0.0,0.0,0.0,1.0
491283,0,1,3400,-52,52,-310,13,18,0.53,69864.539062,0,2.1,16,0.0,0.0,0.0,0.0,0.0,0.0,1.0
491532,0,1,3400,-52,52,-317,14,18,0.50,58645.417969,0,2.1,16,0.0,0.0,0.0,0.0,0.0,0.0,1.0
491781,0,1,3400,-52,52,-317,13,17,0.64,32063.744141,9,2.1,15,0.0,66996.015625,44,0.0,0.0,0.0,1.0
492030,0,1,3400,-52,52,-318,14,18,0.50,81115.539062,0,2.1,14,0.0,0.0,0.0,0.0,0.0,0.0,1.0
492279,0,1,3400,-52,52,-316,14,18,0.67,41784.859375,6,2.1,14,0.0,0.0,0.0,0.0,0.0,0.0,1.0
492528,0,1,3400,-52,52,-314,12,18,0.50,44589.640625,0,2.1,14,0.0,0.0,0.0,0.0,0.0,0.0,1.0
492777,0,1,3400,-52,52,-312,11,18,0.68,61536.000000,2,2.1,11,0.0,19968.000000,44,0.0,0.0,0.0,1.0
493026,0,1,3400,-52,52,-311,13,17,1.0,37195.218750,21,2.1,0.0,0.0,0.0,0.0,0.0,0.0,0.0,1.0
493275,0,1,3400,-52,52,-319,13,18,0.77,107250.992188,1,2.1,0.0,0.0,0.0,0.0,0.0,0.0,0.0,1.0
493524,0,1,3400,-52,52,-320,13,19,0.70,91665.335938,6,2.1,0.0,0.0,0.0,0.0,0.0,0.0,0.0,1.0
493773,0,1,3400,-52,52,-317,14,18,0.95,28239.042969,9,2.1,5.8,0.0,289657.375000,54,0.0,0.0,0.0,1.0
494022,0,1,3400,-52,52,-319,13,18,0.68,66167.328125,4,2.1,16,0.0,0.0,0.0,0.0,0.0,0.0,1.0
494271,0,1,3400,-52,52,-320,15,17,0.53,47043.824219,8,2.1,16,0.0,0.0,0.0,0.0,0.0,0.0,1.0
494520,0,1,3400,-52,52,-313,14,17,0.50,64733.066406,0,2.1,16,0.0,0.0,0.0,0.0,0.0,0.0,1.0
494769,0,1,3400,-52,52,-312,10,18,0.50,71682.539062,0,2.1,12,0.0,8095.238281,0,0.0,0.0,0.0,1.0
495018,0,1,3400,-52,52,-315,13,18,0.84,66272.000000,10,2.1,0.0,0.0,0.0,0.0,0.0,0.0,0.0,1.0
495267,0,1,3400,-52,52,-308,12,18,0.56,34103.585938,7,2.1,0.0,0.0,0.0,0.0,0.0,0.0,0.0,1.0
495516,0,1,3400,-52,52,-308,13,18,0.58,44494.023438,6,2.1,1.4,0.0,2039.840698,33,0.0,0.0,0.0,1.0
495765,0,1,3400,-52,52,-311,12,17,0.91,60366.535156,5,2.1,3.2,0.0,44749.003906,0,0.0,0.0,0.0,1.0
496014,0,1,3400,-52,52,-314,17,18,0.50,57306.773438,0,2.1,1.2,0.0,0.0,80,0.0,0.0,0.0,1.0
496263,0,1,3400,-52,52,-319,10,18,0.51,92621.515625,1,2.1,1.5,0.0,0.0,0.0,0.0,0.0,0.0,1.0
496512,0,1,3400,-52,52,-315,11,18,0.53,88541.835938,0,2.1,1.5,0.0,0.0,0.0,0.0,0.0,0.0,1.0
496761,0,1,3400,-52,52,-310,13,18,0.50,37513.945312,0,2.1,0.68,0.0,8031.872559,0,0.0,0.0,0.0,1.0
497010,0,1,3400,-52,52,-315,11,18,0.70,74624.000000,4,2.1,0.0,0.0,0.0,0.0,0.0,0.0,0.0,1.0
497259,0,1,3400,-52,52,-309,13,19,1.2,49338.644531,9,2.1,0.0,0.0,0.0,0.0,0.0,0.0,0.0,1.0
497508,0,1,3400,-52,52,-312,13,18,0.57,36111.554688,14,2.1,0.0,0.0,0.0,0.0,0.0,0.0,0.0,1.0
497757,0,1,3400,-52,52,-312,8.4,18,0.53,73019.921875,0,2.1,0.0,0.0,8127.490234,0,0.0,0.0,0.0,1.0
498006,0,1,3400,-52,52,-316,14,18,0.50,65179.281250,0,2.1,0.0,0.0,0.0,0.0,0.0,0.0,0.0,1.0
498255,0,1,3400,-52,52,-321,8.1,18,0.76,75474.101562,2,2.1,0.0,0.0,0.0,0.0,0.0,0.0,0.0,1.0
498504,0,1,3400,-52,52,-313,14,18,0.60,84685.257812,0,2.1,0.0,0.0,0.0,0.0,0.0,0.0,0.0,1.0
498753,0,1,3400,-52,52,-310,10,17,0.50,45960.160156,0,2.1,0.0,0.0,8031.872559,0,0.0,0.0,0.0,1.0
499002,0,1,3400,-52,52,-309,15,18,0.50,46629.480469,0,2.1,0.0,0.0,0.0,0.0,0.0,0.0,0.0,1.0
499251,0,1,3400,-52,52,-310,14,19,0.50,37664.000000,0,2.1,0.0,0.0,0.0,0.0,0.0,0.0,0.0,1.0
499500,0,1,3400,-52,52,-308,11,19,0.50,90645.421875,0,2.1,0.0,0.0,0.0,0.0,0.0,0.0,0.0,1.0
499749,0,1,3400,-52,52,-313,9.8,19,0.91,46406.375000,3,2.1,1.2,0.0,18135.458984,39,0.0,0.0,0.0,1.0
499998,0,1,3400,-52,52,-318,11,18,0.85,63553.785156,5,2.1,0.0,0.0,0.0,0.0,0.0,0.0,0.0,1.0
500247,0,1,3400,-52,52,-317,14,17,0.50,63872.511719,0,2.1,0.0,0.0,0.0,0.0,0.0,0.0,0.0,1.0
500496,0,1,3400,-52,52,-315,13,17,0.50,53227.089844,0,2.1,0.0,0.0,0.0,0.0,0.0,0.0,0.0,1.0
500745,0,1,3400,-52,52,-314,16,18,0.57,73498.007812,0,2.1,0.0,0.0,12207.170898,0,0.0,0.0,0.0,1.0
500994,0,1,3400,-52,52,-313,9.1,18,0.81,46342.628906,1,2.1,0.0,0.0,0.0,0.0,0.0,0.0,0.0,1.0
501243,0,1,3400,-52,52,-310,14,18,0.50,70144.000000,0,2.1,0.80,0.0,160,50,0.0,0.0,0.0,1.0
501492,0,1,3400,-52,52,-312,13,18,0.50,43601.593750,0,2.1,1.5,0.0,0.0,0.0,0.0,0.0,0.0,1.0
501741,0,1,3400,-52,52,-312,13,18,1.0,30215.138672,14,2.1,0.68,0.0,8127.490234,0,0.0,0.0,0.0,1.0
501990,0,1,3400,-52,52,-314,12,17,0.68,28876.494141,8,2.1,0.0,0.0,0.0,0.0,0.0,0.0,0.0,1.0
502239,0,1,3400,-52,52,-316,16,18,1.4,36940.238281,8,2.1,2.1,0.0,1019.920349,0,0.0,0.0,0.0,1.0
502488,0,1,3400,-52,52,-318,12,19,0.53,73498.007812,0,2.1,2.4,0.0,0.0,50,0.0,0.0,0.0,1.0
502737,0,1,3400,-52,52,-312,12,18,0.81,46151.394531,10,2.1,6.5,0.0,19505.976562,44,0.0,0.0,0.0,1.0
502986,0,1,3400,-52,52,-306,14,18,0.50,52207.171875,0,2.1,0.99,0.0,7968.127441,50,0.0,0.0,0.0,1.0
503235,0,1,3400,-52,52,-310,15,18,0.59,73880.476562,0,2.1,0.0,0.0,0.0,0.0,0.0,0.0,0.0,1.0
503484,0,1,3400,-52,52,-315,11,18,0.57,55680.000000,0,2.1,0.0,0.0,0.0,0.0,0.0,0.0,0.0,1.0
503733,0,1,3400,-52,52,-317,14,18,0.50,48318.726562,0,2.1,0.0,0.0,8127.490234,0,0.0,0.0,0.0,1.0
503982,0,1,3400,-52,52,-316,12,20,1.5,36366.535156,7,2.1,0.0,0.0,0.0,0.0,0.0,0.0,0.0,1.0
504231,0,1,3400,-52,52,-313,11,18,0.58,69641.437500,2,2.1,0.0,0.0,0.0,0.0,0.0,0.0,0.0,1.0
504480,0,1,3400,-52,52,-309,12,18,0.64,52972.113281,1,2.1,0.0,0.0,0.0,0.0,0.0,0.0,0.0,1.0
504729,0,1,3400,-52,52,-309,12,18,0.53,58454.183594,3,2.1,4.8,0.0,9784.860352,0,0.0,0.0,0.0,1.0
504978,0,1,3400,-52,52,-317,14,18,0.51,77290.835938,4,2.1,12,0.0,0.0,0.0,0.0,0.0,0.0,1.0
505227,0,1,3400,-52,52,-320,13,18,0.50,32352.000000,0,2.1,12,0.0,0.0,0.0,0.0,0.0,0.0,1.0
505476,0,1,3400,-52,52,-322,13,18,0.52,32509.960938,0,2.1,12,0.0,0.0,0.0,0.0,0.0,0.0,1.0
505725,0,1,3400,-52,52,-313,11,17,0.51,61195.218750,2,2.1,13,0.0,40382.468750,0,0.0,0.0,0.0,1.0
505974,0,1,3400,-52,52,-310,13,19,0.53,43282.867188,0,2.1,14,0.0,0.0,0.0,0.0,0.0,0.0,1.0
506223,0,1,3400,-52,52,-315,8.5,17,0.52,80541.835938,1,2.1,14,0.0,0.0,0.0,0.0,0.0,0.0,1.0
506472,0,1,3400,-52,52,-317,13,18,0.50,74709.164062,0,2.1,14,0.0,0.0,0.0,0.0,0.0,0.0,1.0
506721,0,1,3400,-52,52,-315,13,18,0.70,50326.691406,5,2.1,14,0.0,23394.421875,0,0.0,0.0,0.0,1.0
506970,0,1,3400,-52,52,-312,14,18,0.50,26804.781250,0,2.1,14,0.0,0.0,0.0,0.0,0.0,0.0,1.0
507219,0,1,3400,-52,52,-310,13,18,0.51,82422.312500,3,2.1,13,0.0,0.0,67,0.0,0.0,0.0,1.0
507468,0,1,3400,-52,52,-310,11,18,1.4,30916.333984,0,2.1,11,0.0,1179.282837,0,0.0,0.0,0.0,1.0
507717,0,1,3400,-52,52,-313,10,18,0.50,64192.000000,0,2.1,10.0,0.0,47264.000000,29,0.0,0.0,0.0,1.0
507966,0,1,3400,-52,52,-313,12,18,1.3,43474.105469,9,2.1,0.0,0.0,0.0,0.0,0.0,0.0,0.0,1.0
508215,0,1,3400,-52,52,-314,13,18,0.50,65306.773438,0,2.1,0.0,0.0,0.0,0.0,0.0,0.0,0.0,1.0
508464,0,1,3400,-52,52,-316,15,18,0.50,88127.492188,0,2.1,0.0,0.0,0.0,0.0,0.0,0.0,0.0,1.0
508713,0,1,3400,-52,52,-313,13,18,0.50,69800.796875,0,2.1,0.82,0.0,10422.310547,36,0.0,0.0,0.0,1.0
508962,0,1,3400,-52,52,-311,12,17,0.50,62470.121094,0,2.1,0.0,0.0,0.0,0.0,0.0,0.0,0.0,1.0
509211,0,1,3400,-52,52,-313,12,18,0.51,61896.414062,2,2.1,0.0,0.0,0.0,0.0,0.0,0.0,0.0,1.0
509460,0,1,3400,-52,52,-317,12,18,0.56,74900.398438,5,2.1,0.0,0.0,0.0,0.0,0.0,0.0,0.0,1.0
509709,0,1,3400,-52,52,-314,13,18,0.74,30215.138672,14,2.1,0.82,0.0,12462.151367,36,0.0,0.0,0.0,1.0
509958,0,1,3400,-52,52,-313,13,18,0.63,40800.000000,6,2.1,0.0,0.0,0.0,0.0,0.0,0.0,0.0,1.0
510207,0,1,3400,-52,52,-316,10,17,0.50,68079.679688,0,2.1,0.0,0.0,0.0,0.0,0.0,0.0,0.0,1.0
510456,0,1,3400,-52,52,-319,13,17,0.50,27091.632812,0,2.1,0.0,0.0,0.0,0.0,0.0,0.0,0.0,1.0
510705,0,1,3400,-52,52,-315,12,18,0.50,60940.238281,0,2.1,2.1,0.0,29322.708984,36,0.0,0.0,0.0,1.0
510954,0,1,3400,-52,52,-317,10,18,0.81,59250.996094,5,2.1,0.0,0.0,0.0,0.0,0.0,0.0,0.0,1.0
511204,0,1,3400,-52,52,-319,13,17,0.87,42486.054688,7,2.1,0.0,0.0,0.0,0.0,0.0,0.0,0.0,1.0
511453,0,1,3400,-52,52,-317,12,18,0.59,56446.214844,0,2.1,0.0,0.0,0.0,0.0,0.0,0.0,0.0,1.0
511702,0,1,3400,-52,52,-314,14,17,0.50,48446.214844,0,2.1,0.60,0.0,8286.852539,0,0.0,0.0,0.0,1.0
511951,0,1,3400,-52,52,-312,9.8,18,0.51,107282.867188,1,2.1,0.064,0.0,0.0,0.0,0.0,0.0,0.0,1.0
512200,0,1,3400,-52,52,-311,10,18,0.50,70597.609375,0,2.1,0.0,0.0,0.0,0.0,0.0,0.0,0.0,1.0
512450,0,1,3400,-52,52,-312,14,19,0.50,50176.000000,0,2.1,0.0,0.0,0.0,0.0,0.0,0.0,0.0,1.0
512699,0,1,3400,-52,52,-319,11,18,0.50,52653.386719,0,2.1,8.6,0.0,19505.976562,52,0.0,0.0,0.0,1.0
512948,0,1,3400,-52,52,-316,14,17,1.0,22374.501953,14,2.1,0.0,0.0,3984.063721,0,0.0,0.0,0.0,1.0
513197,0,1,3400,-52,52,-317,10,18,0.73,53354.582031,3,2.1,1.3,0.0,159,0,0.0,0.0,0.0,1.0
513446,0,1,3400,-52,52,-321,10,19,0.64,100175.296875,2,2.1,1.5,0.0,0.0,0.0,0.0,0.0,0.0,1.0
513695,0,1,3400,-52,52,-317,11,18,1.2,51282.867188,4,2.1,6.7,0.0,173290.843750,61,0.0,0.0,0.0,1.0
513944,0,1,3400,-52,52,-312,10,17,0.84,33784.859375,0,2.1,16,0.0,0.0,0.0,0.0,0.0,0.0,1.0
514193,0,1,3400,-52,52,-312,12,18,0.72,30661.355469,3,2.1,16,0.0,0.0,0.0,0.0,0.0,0.0,1.0
514442,0,1,3400,-52,52,-313,13,19,0.51,48764.941406,0,2.1,16,0.0,0.0,0.0,0.0,0.0,0.0,1.0
514691,0,1,3400,-52,52,-315,13,20,0.57,44334.660156,6,2.1,14,0.0,9784.860352,0,0.0,0.0,0.0,1.0
514940,0,1,3400,-52,52,-315,11,18,0.56,54016.000000,2,2.1,12,0.0,0.0,0.0,0.0,0.0,0.0,1.0
515189,0,1,3400,-52,52,-310,10.0,18,0.50,21609.562500,0,2.1,12,0.0,0.0,0.0,0.0,0.0,0.0,1.0
515438,0,1,3400,-52,52,-310,7.5,19,0.50,0.0,0.0,2.1,13,0.0,16988.046875,0,0.0,0.0,0.0,1.0
515687,0,1,3400,-52,52,-313,7.5,18,0.50,0.0,0.0,2.1,14,0.0,0.0,0.0,0.0,0.0,0.0,1.0
515936,0,1,3400,-52,52,-314,7.5,18,0.50,0.0,0.0,2.1,14,0.0,0.0,0.0,0.0,0.0,0.0,1.0
516185,0,1,3400,-52,52,-309,7.5,18,0.50,0.0,0.0,2.1,14,0.0,0.0,0.0,0.0,0.0,0.0,1.0
516434,0,1,3400,-52,52,-311,7.5,18,0.50,0.0,0.0,2.1,14,0.0,0.0,0.0,0.0,0.0,0.0,1.0
516683,0,1,3400,-52,52,-312,7.5,18,0.50,0.0,0.0,2.1,14,0.0,0.0,0.0,0.0,0.0,0.0,1.0
516932,0,1,3400,-52,52,-310,7.5,19,0.50,0.0,0.0,2.1,14,0.0,0.0,0.0,0.0,0.0,0.0,1.0
517181,0,1,3400,-52,52,-314,7.5,18,0.50,0.0,0.0,2.1,14,0.0,0.0,0.0,0.0,0.0,0.0,1.0
517430,0,1,3400,-52,52,-310,7.5,18,0.50,0.0,0.0,2.1,14,0.0,0.0,0.0,0.0,0.0,0.0,1.0
517679,0,1,3400,-52,52,-314,7.5,18,0.50,0.0,0.0,2.1,14,0.0,0.0,0.0,0.0,0.0,0.0,1.0
517928,0,1,3400,-52,52,-316,7.5,18,0.50,0.0,0.0,2.1,14,0.0,0.0,0.0,0.0,0.0,0.0,1.0
518177,0,1,3400,-52,52,-316,7.5,18,0.50,0.0,0.0,2.1,14,0.0,0.0,0.0,0.0,0.0,0.0,1.0
518426,0,1,3400,-52,52,-312,7.5,19,0.50,0.0,0.0,2.1,14,0.0,0.0,0.0,0.0,0.0,0.0,1.0
518675,0,1,3400,-52,52,-313,7.5,19,0.50,0.0,0.0,2.1,14,0.0,0.0,0.0,0.0,0.0,0.0,1.0
518924,0,1,3400,-52,52,-312,7.5,18,0.50,0.0,0.0,2.1,14,0.0,0.0,0.0,0.0,0.0,0.0,1.0
519173,0,1,3400,-52,52,-310,7.5,19,0.50,0.0,0.0,2.1,14,0.0,0.0,0.0,0.0,0.0,0.0,1.0
519422,0,1,3400,-52,52,-310,7.5,18,0.50,0.0,0.0,2.1,14,0.0,0.0,0.0,0.0,0.0,0.0,1.0
519671,0,1,3400,-52,52,-309,7.5,19,0.50,0.0,0.0,2.1,14,0.0,0.0,0.0,0.0,0.0,0.0,1.0
519920,0,1,3400,-52,52,-310,7.5,19,0.50,0.0,0.0,2.1,14,0.0,0.0,0.0,0.0,0.0,0.0,1.0
520169,0,1,3400,-52,52,-318,7.5,19,0.50,0.0,0.0,2.1,14,0.0,0.0,0.0,0.0,0.0,0.0,1.0
520418,0,1,3400,-52,52,-316,7.5,19,0.50,0.0,0.0,2.1,14,0.0,0.0,0.0,0.0,0.0,0.0,1.0
520667,0,1,3400,-52,52,-313,7.5,19,0.50,0.0,0.0,2.1,14,0.0,0.0,0.0,0.0,0.0,0.0,1.0
520916,0,1,3400,-76,76,-320,7.5,-2.6,0.50,0.0,0.0,2.1,14,0.0,0.0,0.0,0.0,0.0,0.0,1.0
521165,0,1,3400,-79,79,-453,7.4,-5.9,0.50,0.0,0.0,2.1,14,0.0,0.0,0.0,0.0,1.0,0.0,1.0
521414,0,1,3400,-79,79,-453,7.4,-5.9,0.50,0.0,0.0,2.1,14,0.0,0.0,0.0,0.0,0.0,0.0,1.0
521663,0,1,3400,-79,79,-453,7.4,-5.9,0.50,0.0,0.0,2.1,14,0.0,0.0,0.0,0.0,0.0,0.0,1.0
521912,0,1,3400,-79,79,-453,7.4,-5.9,0.50,0.0,0.0,2.1,14,0.0,0.0,0.0,0.0,0.0,0.0,1.0
522161,0,1,3400,-79,79,-453,7.4,-5.9,0.50,0.0,0.0,2.1,14,0.0,0.0,0.0,0.0,0.0,0.0,1.0
522410,0,1,3400,-79,79,-453,7.4,-5.9,0.50,0.0,0.0,2.1,14,0.0,0.0,0.0,0.0,0.0,0.0,1.0
522659,0,1,3400,-79,79,-453,7.4,-5.9,0.50,0.0,0.0,2.1,14,0.0,0.0,0.0,0.0,0.0,0.0,1.0
522908,0,1,3400,-79,79,-453,7.4,-5.9,0.50,0.0,0.0,2.1,14,0.0,0.0,0.0,0.0,0.0,0.0,0.0
523157,0,1,3400,-79,79,-453,7.4,-5.9,0.50,0.0,0.0,2.1,14,0.0,0.0,0.0,0.0,0.0,0.0,0.0
523406,0,1,3400,-79,79,-453,7.4,-5.9,0.50,0.0,0.0,2.1,14,0.0,0.0,0.0,0.0,0.0,0.0,0.0
523655,0,1,3400,-79,79,-453,7.4,-5.9,0.50,0.0,0.0,2.1,14,0.0,0.0,0.0,0.0,0.0,0.0,0.0
523904,0,1,3400,-79,79,-453,7.4,-5.9,0.50,0.0,0.0,2.1,14,0.0,0.0,0.0,0.0,0.0,0.0,0.0
524153,0,1,3400,-79,79,-453,7.4,-5.9,0.50,0.0,0.0,2.1,14,0.0,0.0,0.0,0.0,0.0,0.0,0.0
524402,0,1,3400,-79,79,-453,7.4,-5.9,0.50,0.0,0.0,2.1,14,0.0,0.0,0.0,0.0,0.0,0.0,0.0
524651,0,1,3400,-79,79,-453,7.4,-5.9,0.50,0.0,0.0,2.1,14,0.0,0.0,0.0,0.0,0.0,0.0,0.0
524900,0,1,3400,-79,79,-453,7.4,-5.9,0.50,0.0,0.0,2.1,14,0.0,0.0,0.0,0.0,0.0,0.0,0.0
525149,0,1,3400,-79,79,-453,7.4,-5.9,0.50,0.0,0.0,2.1,14,0.0,0.0,0.0,0.0,0.0,0.0,0.0
525398,0,1,3400,-79,79,-453,7.4,-5.9,0.50,0.0,0.0,2.1,14,0.0,0.0,0.0,0.0,0.0,0.0,0.0
525647,0,1,3400,-79,79,-453,7.4,-5.9,0.50,0.0,0.0,2.1,14,0.0,0.0,0.0,0.0,0.0,0.0,0.0
525896,0,1,3400,-79,79,-453,7.4,-5.9,0.50,0.0,0.0,2.1,14,0.0,0.0,0.0,0.0,0.0,0.0,0.0
526145,0,1,3400,-79,79,-453,7.4,-5.9,0.50,0.0,0.0,2.1,14,0.0,0.0,0.0,0.0,0.0,0.0,0.0
526394,0,1,3400,-79,79,-453,7.4,-5.9,0.50,0.0,0.0,2.1,14,0.0,0.0,0.0,0.0,0.0,0.0,0.0
526643,0,1,3400,-79,79,-453,7.4,-5.9,0.50,0.0,0.0,2.1,14,0.0,0.0,0.0,0.0,0.0,0.0,0.0
526892,0,1,3400,-79,79,-453,7.4,-5.9,0.50,0.0,0.0,2.1,14,0.0,0.0,0.0,0.0,0.0,0.0,0.0
527141,0,1,3400,-79,79,-453,7.4,-5.9,0.50,0.0,0.0,2.1,14,0.0,0.0,0.0,0.0,0.0,0.0,0.0
527390,0,1,3400,-79,79,-453,7.4,-5.9,0.50,0.0,0.0,2.1,14,0.0,0.0,0.0,0.0,0.0,0.0,0.0
527639,0,1,3400,-79,79,-453,7.4,-5.9,0.50,0.0,0.0,2.1,14,0.0,0.0,0.0,0.0,0.0,0.0,0.0
527888,0,1,3400,-79,79,-453,7.4,-5.9,0.50,0.0,0.0,2.1,14,0.0,0.0,0.0,0.0,0.0,0.0,0.0
528137,0,1,3400,-79,79,-453,7.4,-5.9,0.50,0.0,0.0,2.1,14,0.0,0.0,0.0,0.0,0.0,0.0,0.0
528386,0,1,3400,-79,79,-453,7.4,-5.9,0.50,0.0,0.0,2.1,14,0.0,0.0,0.0,0.0,0.0,0.0,0.0
528635,0,1,3400,-79,79,-453,7.4,-5.9,0.50,0.0,0.0,2.1,14,0.0,0.0,0.0,0.0,0.0,0.0,0.0
528884,0,1,3400,-79,79,-453,7.4,-5.9,0.50,0.0,0.0,2.1,14,0.0,0.0,0.0,0.0,0.0,0.0,0.0
529133,0,1,3400,-79,79,-453,7.4,-5.9,0.50,0.0,0.0,2.1,14,0.0,0.0,0.0,0.0,0.0,0.0,0.0
529382,0,1,3400,-79,79,-453,7.4,-5.9,0.50,0.0,0.0,2.1,14,0.0,0.0,0.0,0.0,0.0,0.0,0.0
529631,0,1,3400,-79,79,-453,7.4,-5.9,0.50,0.0,0.0,2.1,14,0.0,0.0,0.0,0.0,0.0,0.0,0.0
529880,0,1,3400,-79,79,-453,7.4,-5.9,0.50,0.0,0.0,2.1,14,0.0,0.0,0.0,0.0,0.0,0.0,0.0
530129,0,1,3400,-79,79,-453,7.4,-5.9,0.50,0.0,0.0,2.1,14,0.0,0.0,0.0,0.0,0.0,0.0,0.0
530378,0,1,3400,-79,79,-453,7.4,-5.9,0.50,0.0,0.0,2.1,14,0.0,0.0,0.0,0.0,0.0,0.0,0.0
530627,0,1,3400,-79,79,-453,7.4,-5.9,0.50,0.0,0.0,2.1,14,0.0,0.0,0.0,0.0,0.0,0.0,0.0
530876,0,1,3400,-79,79,-453,7.4,-5.9,0.50,0.0,0.0,2.1,14,0.0,0.0,0.0,0.0,0.0,0.0,0.0
531125,0,1,3400,-79,79,-453,7.4,-5.9,0.50,0.0,0.0,2.1,14,0.0,0.0,0.0,0.0,0.0,0.0,0.0
531374,0,1,3400,-79,79,-453,7.4,-5.9,0.50,0.0,0.0,2.1,14,0.0,0.0,0.0,0.0,0.0,0.0,0.0
531623,0,1,3400,-79,79,-453,7.4,-5.9,0.50,0.0,0.0,2.1,14,0.0,0.0,0.0,0.0,0.0,0.0,0.0
531872,0,1,3400,-79,79,-453,7.4,-5.9,0.50,0.0,0.0,2.1,14,0.0,0.0,0.0,0.0,0.0,0.0,0.0
532121,0,1,3400,-79,79,-453,7.4,-5.9,0.50,0.0,0.0,2.1,14,0.0,0.0,0.0,0.0,0.0,0.0,0.0
532370,0,1,3400,-79,79,-453,7.4,-5.9,0.50,0.0,0.0,2.1,14,0.0,0.0,0.0,0.0,0.0,0.0,0.0
532619,0,1,3400,-79,79,-453,7.4,-5.9,0.50,0.0,0.0,2.1,14,0.0,0.0,0.0,0.0,0.0,0.0,0.0
532868,0,1,3400,-79,79,-453,7.4,-5.9,0.50,0.0,0.0,2.1,14,0.0,0.0,0.0,0.0,0.0,0.0,0.0
533117,0,1,3400,-79,79,-453,7.4,-5.9,0.50,0.0,0.0,2.1,14,0.0,0.0,0.0,0.0,0.0,0.0,0.0
533366,0,1,3400,-79,79,-453,7.4,-5.9,0.50,0.0,0.0,2.1,14,0.0,0.0,0.0,0.0,0.0,0.0,0.0
533615,0,1,3400,-79,79,-453,7.4,-5.9,0.50,0.0,0.0,2.1,14,0.0,0.0,0.0,0.0,0.0,0.0,0.0
533864,0,1,3400,-79,79,-453,7.4,-5.9,0.50,0.0,0.0,2.1,14,0.0,0.0,0.0,0.0,0.0,0.0,0.0
534113,0,1,3400,-79,79,-453,7.4,-5.9,0.50,0.0,0.0,2.1,14,0.0,0.0,0.0,0.0,0.0,0.0,0.0
534362,0,1,3400,-79,79,-453,7.4,-5.9,0.50,0.0,0.0,2.1,14,0.0,0.0,0.0,0.0,0.0,0.0,0.0
534611,0,1,3400,-79,79,-453,7.4,-5.9,0.50,0.0,0.0,2.1,14,0.0,0.0,0.0,0.0,0.0,0.0,0.0
534860,0,1,3400,-79,79,-453,7.4,-5.9,0.50,0.0,0.0,2.1,14,0.0,0.0,0.0,0.0,0.0,0.0,0.0
535109,0,1,3400,-79,79,-453,7.4,-5.9,0.50,0.0,0.0,2.1,14,0.0,0.0,0.0,0.0,0.0,0.0,0.0
535358,0,1,3400,-79,79,-453,7.4,-5.9,0.50,0.0,0.0,2.1,14,0.0,0.0,0.0,0.0,0.0,0.0,0.0
535607,0,1,3400,-79,79,-453,7.4,-5.9,0.50,0.0,0.0,2.1,14,0.0,0.0,0.0,0.0,0.0,0.0,0.0
535856,0,1,3400,-79,79,-453,7.4,-5.9,0.50,0.0,0.0,2.1,14,0.0,0.0,0.0,0.0,0.0,0.0,0.0
536105,0,1,3400,-79,79,-453,7.4,-5.9,0.50,0.0,0.0,2.1,14,0.0,0.0,0.0,0.0,0.0,0.0,0.0
536354,0,1,3400,-79,79,-453,7.4,-5.9,0.50,0.0,0.0,2.1,14,0.0,0.0,0.0,0.0,0.0,0.0,0.0
536603,0,1,3400,-79,79,-453,7.4,-5.9,0.50,0.0,0.0,2.1,14,0.0,0.0,0.0,0.0,0.0,0.0,0.0
536852,0,1,3400,-79,79,-453,7.4,-5.9,0.50,0.0,0.0,2.1,14,0.0,0.0,0.0,0.0,0.0,0.0,0.0
537101,0,1,3400,-79,79,-453,7.4,-5.9,0.50,0.0,0.0,2.1,14,0.0,0.0,0.0,0.0,0.0,0.0,0.0
537350,0,1,3400,-79,79,-453,7.4,-5.9,0.50,0.0,0.0,2.1,14,0.0,0.0,0.0,0.0,0.0,0.0,0.0
537599,0,1,3400,-79,79,-453,7.4,-5.9,0.50,0.0,0.0,2.1,14,0.0,0.0,0.0,0.0,0.0,0.0,0.0
537848,0,1,3400,-79,79,-453,7.4,-5.9,0.50,0.0,0.0,2.1,14,0.0,0.0,0.0,0.0,0.0,0.0,0.0
538097,0,1,3400,-79,79,-453,7.4,-5.9,0.50,0.0,0.0,2.1,14,0.0,0.0,0.0,0.0,0.0,0.0,0.0
538346,0,1,3400,-79,79,-453,7.4,-5.9,0.50,0.0,0.0,2.1,14,0.0,0.0,0.0,0.0,0.0,0.0,0.0
538595,0,1,3400,-79,79,-453,7.4,-5.9,0.50,0.0,0.0,2.1,14,0.0,0.0,0.0,0.0,0.0,0.0,0.0
538844,0,1,3400,-79,79,-453,7.4,-5.9,0.50,0.0,0.0,2.1,14,0.0,0.0,0.0,0.0,0.0,0.0,0.0
539093,0,1,3400,-79,79,-453,7.4,-5.9,0.50,0.0,0.0,2.1,14,0.0,0.0,0.0,0.0,0.0,0.0,0.0
539342,0,1,3400,-79,79,-453,7.4,-5.9,0.50,0.0,0.0,2.1,14,0.0,0.0,0.0,0.0,0.0,0.0,0.0
539591,0,1,3400,-79,79,