time,cc,pci,earfcn,rsrp,pl,cfo,dl_mcs,dl_snr,dl_turbo,dl_brate,dl_bler,ul_ta,ul_mcs,ul_buff,ul_brate,ul_bler,rf_o,rf_u,rf_l,is_attached
0,0,0,4294967295,0.0,0.0,0.0,0.0,0.0,0.0,0.0,0.0,0.0,0.0,0.0,0.0,0.0,0.0,0.0,0.0,0.0
249,0,0,3400,0.0,0.0,0.0,0.0,0.0,0.0,0.0,0.0,0.0,0.0,0.0,0.0,0.0,0.0,0.0,0.0,0.0
498,0,0,3400,0.0,0.0,0.0,0.0,0.0,0.0,0.0,0.0,0.0,0.0,0.0,0.0,0.0,0.0,0.0,0.0,0.0
747,0,1,3400,-57,57,420,0.57,14,0.14,585,0,0.0,0.0,0.0,0.0,0.0,0.0,0.0,0.0,0.0
996,0,1,3400,-57,57,410,3.6,16,0.37,2336.000000,0,0.0,0.0,33,224,0,0.0,0.0,0.0,1.0
1245,0,1,3400,-57,57,408,6.5,16,0.50,0.0,0.0,1.0,0.0,33,0.0,0.0,0.0,0.0,0.0,1.0
1494,0,1,3400,-57,57,414,1.5,15,0.50,5152.000000,0,1.0,9.8,12,79008.000000,5,0.0,0.0,0.0,1.0
1743,0,1,3400,-57,57,413,0.94,15,0.50,4992.000000,0,2.1,12,0.0,73664.000000,0,0.0,0.0,0.0,1.0
1992,0,1,3400,-57,57,421,4.4,14,0.50,1824.000000,0,2.1,12,0.0,35136.000000,0,0.0,0.0,0.0,1.0
2241,0,1,3400,-57,57,419,4.5,14,0.50,0.0,0.0,2.1,12,0.0,0.0,0.0,0.0,0.0,0.0,1.0
2490,0,1,3400,-57,57,415,4.5,14,0.50,0.0,0.0,2.1,12,0.0,0.0,0.0,0.0,0.0,0.0,1.0
2739,0,1,3400,-57,57,419,4.5,14,0.50,0.0,0.0,2.1,12,0.0,102336.000000,0,0.0,0.0,0.0,1.0
2988,0,1,3400,-57,57,419,4.5,14,0.50,0.0,0.0,2.1,12,0.0,34112.000000,0,0.0,0.0,0.0,1.0
3237,0,1,3400,-57,57,415,4.5,14,0.50,0.0,0.0,2.1,12,0.0,0.0,0.0,0.0,0.0,0.0,1.0
3486,0,1,3400,-57,57,411,4.5,14,0.50,0.0,0.0,2.1,12,0.0,0.0,0.0,0.0,0.0,0.0,1.0
3735,0,1,3400,-57,57,413,4.5,14,0.50,0.0,0.0,2.1,12,0.0,0.0,0.0,0.0,0.0,0.0,1.0
3984,0,1,3400,-57,57,408,4.5,13,0.50,0.0,0.0,2.1,12,0.0,0.0,0.0,0.0,0.0,0.0,1.0
4233,0,1,3400,-57,57,408,4.5,13,0.50,0.0,0.0,2.1,12,0.0,0.0,0.0,0.0,0.0,0.0,1.0
4482,0,1,3400,-57,57,412,4.5,14,0.50,0.0,0.0,2.1,12,0.0,0.0,0.0,0.0,0.0,0.0,1.0
4731,0,1,3400,-57,57,422,4.5,14,0.50,0.0,0.0,2.1,12,0.0,0.0,0.0,0.0,0.0,0.0,1.0
4980,0,1,3400,-57,57,411,4.5,15,0.50,0.0,0.0,2.1,12,0.0,0.0,0.0,0.0,0.0,0.0,1.0
5229,0,1,3400,-57,57,412,4.5,14,0.50,0.0,0.0,2.1,12,0.0,0.0,0.0,0.0,0.0,0.0,1.0
5478,0,1,3400,-57,57,418,4.5,15,0.50,0.0,0.0,2.1,12,0.0,0.0,0.0,0.0,0.0,0.0,1.0
5727,0,1,3400,-57,57,424,4.5,14,0.50,0.0,0.0,2.1,12,0.0,0.0,0.0,0.0,0.0,0.0,1.0
5976,0,1,3400,-57,57,422,4.5,14,0.50,0.0,0.0,2.1,12,0.0,0.0,0.0,0.0,0.0,0.0,1.0
6225,0,1,3400,-57,57,412,4.5,15,0.50,0.0,0.0,2.1,12,0.0,0.0,0.0,0.0,0.0,0.0,1.0
6474,0,1,3400,-57,57,416,4.5,14,0.50,0.0,0.0,2.1,12,0.0,0.0,0.0,0.0,0.0,0.0,1.0
6723,0,1,3400,-57,57,420,4.5,14,0.50,0.0,0.0,2.1,12,0.0,0.0,0.0,0.0,0.0,0.0,1.0
6972,0,1,3400,-57,57,419,4.5,13,0.50,0.0,0.0,2.1,12,0.0,0.0,0.0,0.0,0.0,0.0,1.0
7221,0,1,3400,-57,57,415,4.5,15,0.50,0.0,0.0,2.1,12,0.0,0.0,0.0,0.0,0.0,0.0,1.0
7470,0,1,3400,-57,57,418,4.5,15,0.50,0.0,0.0,2.1,12,0.0,0.0,0.0,0.0,0.0,0.0,1.0
7719,0,1,3400,-57,57,419,4.5,13,0.50,0.0,0.0,2.1,12,0.0,0.0,0.0,0.0,0.0,0.0,1.0
7968,0,1,3400,-57,57,419,4.5,15,0.50,0.0,0.0,2.1,12,0.0,0.0,0.0,0.0,0.0,0.0,1.0
8217,0,1,3400,-57,57,416,4.5,14,0.50,0.0,0.0,2.1,12,0.0,0.0,0.0,0.0,0.0,0.0,1.0
8466,0,1,3400,-57,57,418,4.5,14,0.50,0.0,0.0,2.1,12,0.0,0.0,0.0,0.0,0.0,0.0,1.0
8715,0,1,3400,-57,57,415,4.5,14,0.50,0.0,0.0,2.1,11,0.0,0.0,0.0,0.0,1.0,8.0,1.0
8964,0,1,3400,-57,57,421,4.5,15,0.50,0.0,0.0,2.1,12,0.0,0.0,0.0,0.0,0.0,0.0,1.0
9213,0,1,3400,-57,57,418,4.5,14,0.50,0.0,0.0,2.1,11,0.0,0.0,0.0,0.0,1.0,1.0,1.0
9462,0,1,3400,-57,57,412,4.5,14,0.50,0.0,0.0,2.1,12,0.0,0.0,0.0,0.0,0.0,0.0,1.0
9711,0,1,3400,-57,57,415,4.5,14,0.50,0.0,0.0,2.1,12,0.0,0.0,0.0,0.0,0.0,0.0,1.0
9960,0,1,3400,-57,57,414,4.5,13,0.50,0.0,0.0,2.1,12,0.0,0.0,0.0,0.0,0.0,0.0,1.0
10209,0,1,3400,-57,57,412,4.5,14,0.50,0.0,0.0,2.1,12,0.0,0.0,0.0,0.0,0.0,0.0,1.0
10458,0,1,3400,-57,57,413,4.5,13,0.50,0.0,0.0,2.1,12,0.0,0.0,0.0,0.0,0.0,0.0,1.0
10707,0,1,3400,-57,57,416,4.5,14,0.50,0.0,0.0,2.1,12,0.0,0.0,0.0,0.0,0.0,0.0,1.0
10956,0,1,3400,-57,57,419,4.5,14,0.50,0.0,0.0,2.1,12,0.0,0.0,0.0,0.0,0.0,0.0,1.0
11205,0,1,3400,-57,57,414,4.5,14,0.50,0.0,0.0,2.1,12,0.0,0.0,0.0,0.0,0.0,0.0,1.0
11454,0,1,3400,-57,57,413,4.5,14,0.50,0.0,0.0,2.1,11,0.0,0.0,0.0,0.0,0.0,0.0,1.0
11703,0,1,3400,-57,57,408,4.5,14,0.50,0.0,0.0,2.1,12,0.0,0.0,0.0,0.0,0.0,0.0,1.0
11952,0,1,3400,-57,57,411,4.5,14,0.50,0.0,0.0,2.1,12,0.0,0.0,0.0,0.0,0.0,0.0,1.0
12201,0,1,3400,-57,57,416,4.5,13,0.50,0.0,0.0,2.1,11,0.0,0.0,0.0,0.0,0.0,0.0,1.0
12450,0,1,3400,-57,57,421,4.5,14,0.50,0.0,0.0,2.1,12,0.0,0.0,0.0,0.0,0.0,0.0,1.0
12699,0,1,3400,-57,57,424,4.5,14,0.50,0.0,0.0,2.1,12,0.0,0.0,0.0,0.0,0.0,0.0,1.0
12948,0,1,3400,-57,57,411,4.5,13,0.50,0.0,0.0,2.1,12,0.0,0.0,0.0,0.0,0.0,0.0,1.0
13197,0,1,3400,-57,57,408,4.5,13,0.50,0.0,0.0,2.1,12,0.0,0.0,0.0,0.0,0.0,0.0,1.0
13446,0,1,3400,-57,57,414,4.5,14,0.50,0.0,0.0,2.1,12,0.0,0.0,0.0,0.0,0.0,0.0,1.0
13695,0,1,3400,-57,57,412,4.5,13,0.50,0.0,0.0,2.1,12,0.0,0.0,0.0,0.0,0.0,0.0,1.0
13944,0,1,3400,-57,57,417,4.5,15,0.50,0.0,0.0,2.1,12,0.0,0.0,0.0,0.0,0.0,0.0,1.0
14193,0,1,3400,-57,57,417,4.5,14,0.50,0.0,0.0,2.1,12,0.0,0.0,0.0,0.0,0.0,0.0,1.0
14442,0,1,3400,-57,57,417,4.5,15,0.50,0.0,0.0,2.1,12,0.0,0.0,0.0,0.0,0.0,0.0,1.0
14691,0,1,3400,-57,57,415,4.5,14,0.50,0.0,0.0,2.1,12,0.0,0.0,0.0,0.0,0.0,0.0,1.0
14941,0,1,3400,-57,57,418,4.5,13,0.50,0.0,0.0,2.1,11,0.0,0.0,0.0,0.0,0.0,0.0,1.0
15190,0,1,3400,-57,57,421,4.5,14,0.50,0.0,0.0,2.1,12,0.0,0.0,0.0,0.0,0.0,0.0,1.0
15439,0,1,3400,-57,57,420,4.5,13,0.50,0.0,0.0,2.1,12,0.0,0.0,0.0,0.0,0.0,0.0,1.0
15688,0,1,3400,-57,57,410,4.5,13,0.50,0.0,0.0,2.1,12,0.0,0.0,0.0,0.0,0.0,0.0,1.0
15937,0,1,3400,-57,57,415,4.5,14,0.50,0.0,0.0,2.1,12,0.0,0.0,0.0,0.0,0.0,0.0,1.0
16186,0,1,3400,-57,57,415,4.5,13,0.50,0.0,0.0,2.1,12,0.0,0.0,0.0,0.0,0.0,0.0,1.0
16435,0,1,3400,-57,57,414,4.5,15,0.50,0.0,0.0,2.1,12,0.0,0.0,0.0,0.0,0.0,0.0,1.0
16684,0,1,3400,-57,57,417,4.5,14,0.50,0.0,0.0,2.1,12,0.0,0.0,0.0,0.0,0.0,0.0,1.0
16933,0,1,3400,-57,57,416,4.5,14,0.50,0.0,0.0,2.1,12,0.0,0.0,0.0,0.0,0.0,0.0,1.0
17182,0,1,3400,-57,57,420,4.5,14,0.50,0.0,0.0,2.1,12,0.0,0.0,0.0,0.0,0.0,0.0,1.0
17431,0,1,3400,-57,57,417,4.5,14,0.50,0.0,0.0,2.1,12,0.0,0.0,0.0,0.0,0.0,0.0,1.0
17680,0,1,3400,-57,57,413,4.5,14,0.50,0.0,0.0,2.1,12,0.0,0.0,0.0,0.0,0.0,0.0,1.0
17929,0,1,3400,-57,57,421,4.5,13,0.50,0.0,0.0,2.1,11,0.0,0.0,0.0,0.0,1.0,1.0,1.0
18178,0,1,3400,-57,57,417,4.5,14,0.50,0.0,0.0,2.1,12,0.0,0.0,0.0,0.0,0.0,0.0,1.0
18427,0,1,3400,-57,57,414,4.5,14,0.50,0.0,0.0,2.1,12,0.0,0.0,0.0,0.0,0.0,0.0,1.0
18676,0,1,3400,-57,57,412,4.5,15,0.50,0.0,0.0,2.1,12,0.0,0.0,0.0,0.0,0.0,0.0,1.0
18925,0,1,3400,-57,57,419,4.5,14,0.50,0.0,0.0,2.1,12,0.0,0.0,0.0,0.0,0.0,0.0,1.0
19174,0,1,3400,-57,57,417,4.5,14,0.50,0.0,0.0,2.1,12,0.0,0.0,0.0,0.0,0.0,0.0,1.0
19423,0,1,3400,-57,57,418,4.5,15,0.50,0.0,0.0,2.1,12,0.0,0.0,0.0,0.0,0.0,0.0,1.0
19672,0,1,3400,-57,57,415,4.5,14,0.50,0.0,0.0,2.1,12,0.0,0.0,0.0,0.0,0.0,0.0,1.0
19921,0,1,3400,-57,57,413,4.5,14,0.50,0.0,0.0,2.1,12,0.0,0.0,0.0,0.0,0.0,0.0,1.0
20170,0,1,3400,-57,57,411,4.5,14,0.50,0.0,0.0,2.1,12,0.0,0.0,0.0,0.0,0.0,0.0,1.0
20419,0,1,3400,-57,57,419,4.5,15,0.50,0.0,0.0,2.1,12,0.0,0.0,0.0,0.0,0.0,0.0,1.0
20668,0,1,3400,-57,57,418,4.5,14,0.50,0.0,0.0,2.1,11,0.0,0.0,0.0,0.0,0.0,0.0,1.0
20917,0,1,3400,-57,57,421,4.5,14,0.50,0.0,0.0,2.1,12,0.0,0.0,0.0,0.0,0.0,0.0,1.0
21166,0,1,3400,-57,57,414,4.5,14,0.50,0.0,0.0,2.1,12,0.0,0.0,0.0,0.0,0.0,0.0,1.0
21415,0,1,3400,-57,57,416,4.5,14,0.50,0.0,0.0,2.1,12,0.0,0.0,0.0,0.0,0.0,0.0,1.0
21664,0,1,3400,-57,57,417,4.5,13,0.50,0.0,0.0,2.1,12,0.0,0.0,0.0,0.0,0.0,0.0,1.0
21913,0,1,3400,-57,57,411,4.5,13,0.50,0.0,0.0,2.1,12,0.0,0.0,0.0,0.0,0.0,0.0,1.0
22162,0,1,3400,-57,57,414,4.5,15,0.50,0.0,0.0,2.1,12,0.0,0.0,0.0,0.0,0.0,0.0,1.0
22411,0,1,3400,-57,57,420,4.5,13,0.50,0.0,0.0,2.1,12,0.0,0.0,0.0,0.0,0.0,0.0,1.0
22660,0,1,3400,-57,57,423,4.5,15,0.50,0.0,0.0,2.1,12,0.0,0.0,0.0,0.0,0.0,0.0,1.0
22909,0,1,3400,-57,57,414,4.5,14,0.50,0.0,0.0,2.1,12,0.0,0.0,0.0,0.0,0.0,0.0,1.0
23158,0,1,3400,-57,57,410,4.5,14,0.50,0.0,0.0,2.1,12,0.0,0.0,0.0,0.0,0.0,0.0,1.0
23407,0,1,3400,-57,57,419,4.5,15,0.50,0.0,0.0,2.1,12,0.0,0.0,0.0,0.0,0.0,0.0,1.0
23656,0,1,3400,-57,57,425,4.5,13,0.50,0.0,0.0,2.1,12,0.0,0.0,0.0,0.0,0.0,0.0,1.0
23905,0,1,3400,-57,57,420,4.5,14,0.50,0.0,0.0,2.1,12,0.0,0.0,0.0,0.0,0.0,0.0,1.0
24154,0,1,3400,-57,57,413,4.5,14,0.50,0.0,0.0,2.1,12,0.0,0.0,0.0,0.0,0.0,0.0,1.0
24403,0,1,3400,-57,57,418,4.5,13,0.50,0.0,0.0,2.1,12,0.0,0.0,0.0,0.0,0.0,0.0,1.0
24652,0,1,3400,-57,57,416,4.5,14,0.50,0.0,0.0,2.1,12,0.0,0.0,0.0,0.0,0.0,0.0,1.0
24901,0,1,3400,-57,57,421,4.5,13,0.50,0.0,0.0,2.1,12,0.0,0.0,0.0,0.0,0.0,0.0,1.0
25150,0,1,3400,-57,57,420,4.5,14,0.50,0.0,0.0,2.1,12,0.0,0.0,0.0,0.0,0.0,0.0,1.0
25399,0,1,3400,-57,57,413,4.5,14,0.50,0.0,0.0,2.1,12,0.0,0.0,0.0,0.0,0.0,0.0,1.0
25648,0,1,3400,-57,57,415,4.5,14,0.50,0.0,0.0,2.1,12,0.0,0.0,0.0,0.0,0.0,0.0,1.0
25897,0,1,3400,-57,57,416,4.5,14,0.50,0.0,0.0,2.1,12,0.0,0.0,0.0,0.0,0.0,0.0,1.0
26146,0,1,3400,-57,57,413,4.5,14,0.50,0.0,0.0,2.1,12,0.0,0.0,0.0,0.0,0.0,0.0,1.0
26395,0,1,3400,-57,57,413,4.5,14,0.50,0.0,0.0,2.1,12,0.0,0.0,0.0,0.0,0.0,0.0,1.0
26644,0,1,3400,-57,57,415,4.5,14,0.50,0.0,0.0,2.1,12,0.0,0.0,0.0,0.0,0.0,0.0,1.0
26893,0,1,3400,-57,57,420,4.5,14,0.50,0.0,0.0,2.1,12,0.0,0.0,0.0,0.0,0.0,0.0,1.0
27142,0,1,3400,-57,57,415,4.5,14,0.50,0.0,0.0,2.1,12,0.0,0.0,0.0,0.0,0.0,0.0,1.0
27391,0,1,3400,-57,57,413,4.5,14,0.50,0.0,0.0,2.1,12,0.0,0.0,0.0,0.0,0.0,0.0,1.0
27640,0,1,3400,-57,57,409,4.5,14,0.50,0.0,0.0,2.1,12,0.0,0.0,0.0,0.0,0.0,0.0,1.0
27889,0,1,3400,-57,57,411,4.5,14,0.50,0.0,0.0,2.1,12,0.0,0.0,0.0,0.0,0.0,0.0,1.0
28138,0,1,3400,-57,57,416,4.5,14,0.50,0.0,0.0,2.1,12,0.0,0.0,0.0,0.0,0.0,0.0,1.0
28387,0,1,3400,-57,57,419,4.5,14,0.50,0.0,0.0,2.1,12,0.0,0.0,0.0,0.0,0.0,0.0,1.0
28636,0,1,3400,-57,57,424,4.5,14,0.50,0.0,0.0,2.1,12,0.0,0.0,0.0,0.0,0.0,0.0,1.0
28885,0,1,3400,-57,57,417,4.5,15,0.50,0.0,0.0,2.1,12,0.0,0.0,0.0,0.0,0.0,0.0,1.0
29134,0,1,3400,-57,57,415,4.5,13,0.50,0.0,0.0,2.1,12,0.0,0.0,0.0,0.0,0.0,0.0,1.0
29383,0,1,3400,-57,57,419,4.5,13,0.50,0.0,0.0,2.1,12,0.0,0.0,0.0,0.0,0.0,0.0,1.0
29632,0,1,3400,-57,57,418,4.5,14,0.50,0.0,0.0,2.1,12,0.0,0.0,0.0,0.0,0.0,0.0,1.0
29881,0,1,3400,-57,57,416,4.5,14,0.50,0.0,0.0,2.1,12,0.0,0.0,0.0,0.0,0.0,0.0,1.0
30130,0,1,3400,-57,57,417,4.5,13,0.50,0.0,0.0,2.1,12,0.0,0.0,0.0,0.0,0.0,0.0,1.0
30379,0,1,3400,-57,57,417,4.5,13,0.50,0.0,0.0,2.1,12,0.0,0.0,0.0,0.0,0.0,0.0,1.0
30628,0,1,3400,-57,57,420,4.5,13,0.50,0.0,0.0,2.1,11,0.0,0.0,0.0,0.0,0.0,0.0,1.0
30877,0,1,3400,-57,57,417,4.5,14,0.50,0.0,0.0,2.1,12,0.0,0.0,0.0,0.0,0.0,0.0,1.0
31126,0,1,3400,-57,57,419,4.5,14,0.50,0.0,0.0,2.1,12,0.0,0.0,0.0,0.0,0.0,0.0,1.0
31375,0,1,3400,-57,57,413,4.5,14,0.50,0.0,0.0,2.1,12,0.0,0.0,0.0,0.0,0.0,0.0,1.0
31624,0,1,3400,-57,57,416,4.5,14,0.50,0.0,0.0,2.1,11,0.0,0.0,0.0,0.0,0.0,0.0,1.0
31873,0,1,3400,-57,57,422,4.5,14,0.50,0.0,0.0,2.1,11,0.0,0.0,0.0,0.0,0.0,0.0,1.0
32122,0,1,3400,-57,57,415,4.5,15,0.50,0.0,0.0,2.1,12,0.0,0.0,0.0,0.0,0.0,0.0,1.0
32371,0,1,3400,-57,57,416,4.5,14,0.50,0.0,0.0,2.1,12,0.0,0.0,0.0,0.0,0.0,0.0,1.0
32620,0,1,3400,-57,57,417,4.5,14,0.50,0.0,0.0,2.1,12,0.0,0.0,0.0,0.0,0.0,0.0,1.0
32869,0,1,3400,-57,57,414,4.5,13,0.50,0.0,0.0,2.1,12,0.0,0.0,0.0,0.0,0.0,0.0,1.0
33118,0,1,3400,-57,57,418,4.5,13,0.50,0.0,0.0,2.1,12,0.0,0.0,0.0,0.0,0.0,0.0,1.0
33367,0,1,3400,-57,57,419,4.5,14,0.50,0.0,0.0,2.1,12,0.0,0.0,0.0,0.0,0.0,0.0,1.0
33616,0,1,3400,-57,57,412,4.5,14,0.50,0.0,0.0,2.1,12,0.0,0.0,0.0,0.0,0.0,0.0,1.0
33865,0,1,3400,-57,57,409,4.5,14,0.50,0.0,0.0,2.1,12,0.0,0.0,0.0,0.0,0.0,0.0,1.0
34114,0,1,3400,-57,57,419,4.5,14,0.50,0.0,0.0,2.1,12,0.0,0.0,0.0,0.0,0.0,0.0,1.0
34363,0,1,3400,-57,57,421,4.5,14,0.50,0.0,0.0,2.1,12,0.0,0.0,0.0,0.0,0.0,0.0,1.0
34612,0,1,3400,-57,57,406,4.5,14,0.50,0.0,0.0,2.1,12,0.0,0.0,0.0,0.0,0.0,0.0,1.0
34861,0,1,3400,-57,57,417,4.5,14,0.50,0.0,0.0,2.1,12,0.0,0.0,0.0,0.0,0.0,0.0,1.0
35110,0,1,3400,-57,57,422,4.5,13,0.50,0.0,0.0,2.1,12,0.0,0.0,0.0,0.0,0.0,0.0,1.0
35359,0,1,3400,-57,57,419,4.5,14,0.50,0.0,0.0,2.1,12,0.0,0.0,0.0,0.0,0.0,0.0,1.0
35608,0,1,3400,-57,57,415,4.5,14,0.50,0.0,0.0,2.1,12,0.0,0.0,0.0,0.0,0.0,0.0,1.0
35857,0,1,3400,-57,57,412,4.5,14,0.50,0.0,0.0,2.1,12,0.0,0.0,0.0,0.0,0.0,0.0,1.0
36106,0,1,3400,-57,57,411,4.5,14,0.50,0.0,0.0,2.1,12,0.0,0.0,0.0,0.0,0.0,0.0,1.0
36355,0,1,3400,-57,57,416,4.5,14,0.50,0.0,0.0,2.1,12,0.0,0.0,0.0,0.0,0.0,0.0,1.0
36604,0,1,3400,-57,57,416,4.5,14,0.50,0.0,0.0,2.1,12,0.0,0.0,0.0,0.0,0.0,0.0,1.0
36853,0,1,3400,-57,57,414,4.5,13,0.50,0.0,0.0,2.1,12,0.0,0.0,0.0,0.0,0.0,0.0,1.0
37102,0,1,3400,-57,57,415,4.5,14,0.50,0.0,0.0,2.1,12,0.0,0.0,0.0,0.0,0.0,0.0,1.0
37351,0,1,3400,-57,57,415,4.5,14,0.50,0.0,0.0,2.1,12,0.0,0.0,0.0,0.0,0.0,0.0,1.0
37600,0,1,3400,-57,57,412,4.5,14,0.50,0.0,0.0,2.1,12,0.0,0.0,0.0,0.0,0.0,0.0,1.0
37849,0,1,3400,-57,57,418,4.5,14,0.50,0.0,0.0,2.1,12,0.0,0.0,0.0,0.0,0.0,0.0,1.0
38098,0,1,3400,-57,57,410,4.5,15,0.50,0.0,0.0,2.1,12,0.0,0.0,0.0,0.0,0.0,0.0,1.0
38347,0,1,3400,-57,57,419,4.5,14,0.50,0.0,0.0,2.1,12,0.0,0.0,0.0,0.0,0.0,0.0,1.0
38596,0,1,3400,-57,57,421,4.5,14,0.50,0.0,0.0,2.1,12,0.0,0.0,0.0,0.0,0.0,0.0,1.0
38845,0,1,3400,-57,57,419,4.5,13,0.50,0.0,0.0,2.1,12,0.0,0.0,0.0,0.0,0.0,0.0,1.0
39094,0,1,3400,-57,57,418,4.5,14,0.50,0.0,0.0,2.1,12,0.0,0.0,0.0,0.0,0.0,0.0,1.0
39343,0,1,3400,-57,57,418,4.5,13,0.50,0.0,0.0,2.1,12,0.0,0.0,0.0,0.0,0.0,0.0,1.0
39592,0,1,3400,-57,57,417,4.5,14,0.50,0.0,0.0,2.1,12,0.0,0.0,0.0,0.0,0.0,0.0,1.0
39841,0,1,3400,-57,57,412,4.5,13,0.50,0.0,0.0,2.1,11,0.0,0.0,0.0,0.0,0.0,0.0,1.0
40090,0,1,3400,-57,57,418,4.5,14,0.50,0.0,0.0,2.1,12,0.0,0.0,0.0,0.0,0.0,0.0,1.0
40339,0,1,3400,-57,57,413,4.5,14,0.50,0.0,0.0,2.1,12,0.0,0.0,0.0,0.0,0.0,0.0,1.0
40588,0,1,3400,-57,57,407,4.5,15,0.50,0.0,0.0,2.1,12,0.0,0.0,0.0,0.0,0.0,0.0,1.0
40837,0,1,3400,-57,57,415,4.5,14,0.50,0.0,0.0,2.1,12,0.0,0.0,0.0,0.0,0.0,0.0,1.0
41086,0,1,3400,-57,57,418,4.5,14,0.50,0.0,0.0,2.1,12,0.0,0.0,0.0,0.0,0.0,0.0,1.0
41335,0,1,3400,-57,57,416,4.5,13,0.50,0.0,0.0,2.1,12,0.0,0.0,0.0,0.0,0.0,0.0,1.0
41584,0,1,3400,-57,57,416,4.5,14,0.50,0.0,0.0,2.1,12,0.0,0.0,0.0,0.0,0.0,0.0,1.0
41833,0,1,3400,-57,57,417,4.5,14,0.50,0.0,0.0,2.1,12,0.0,0.0,0.0,0.0,0.0,0.0,1.0
42082,0,1,3400,-57,57,412,4.5,13,0.50,0.0,0.0,2.1,12,0.0,0.0,0.0,0.0,0.0,0.0,1.0
42331,0,1,3400,-57,57,411,4.5,15,0.50,0.0,0.0,2.1,11,0.0,0.0,0.0,0.0,0.0,0.0,1.0
42580,0,1,3400,-57,57,413,4.5,13,0.50,0.0,0.0,2.1,12,0.0,0.0,0.0,0.0,0.0,0.0,1.0
42829,0,1,3400,-57,57,419,4.5,14,0.50,0.0,0.0,2.1,12,0.0,0.0,0.0,0.0,0.0,0.0,1.0
43078,0,1,3400,-57,57,422,4.5,13,0.50,0.0,0.0,2.1,12,0.0,0.0,0.0,0.0,0.0,0.0,1.0
43327,0,1,3400,-57,57,417,4.5,13,0.50,0.0,0.0,2.1,12,0.0,0.0,0.0,0.0,0.0,0.0,1.0
43576,0,1,3400,-57,57,416,4.5,13,0.50,0.0,0.0,2.1,12,0.0,0.0,0.0,0.0,0.0,0.0,1.0
43825,0,1,3400,-57,57,421,4.5,14,0.50,0.0,0.0,2.1,12,0.0,0.0,0.0,0.0,0.0,0.0,1.0
44074,0,1,3400,-57,57,421,4.5,14,0.50,0.0,0.0,2.1,12,0.0,0.0,0.0,0.0,0.0,0.0,1.0
44323,0,1,3400,-57,57,415,4.5,14,0.50,0.0,0.0,2.1,12,0.0,0.0,0.0,0.0,0.0,0.0,1.0
44572,0,1,3400,-57,57,412,4.5,14,0.50,0.0,0.0,2.1,12,0.0,0.0,0.0,0.0,0.0,0.0,1.0
44821,0,1,3400,-57,57,417,4.5,14,0.50,0.0,0.0,2.1,12,0.0,0.0,0.0,0.0,0.0,0.0,1.0
45070,0,1,3400,-57,57,416,4.5,13,0.50,0.0,0.0,2.1,11,0.0,0.0,0.0,0.0,0.0,0.0,1.0
45319,0,1,3400,-57,57,416,4.5,14,0.50,0.0,0.0,2.1,12,0.0,0.0,0.0,0.0,0.0,0.0,1.0
45568,0,1,3400,-57,57,420,4.5,14,0.50,0.0,0.0,2.1,12,0.0,0.0,0.0,0.0,0.0,0.0,1.0
45817,0,1,3400,-57,57,416,4.5,13,0.50,0.0,0.0,2.1,12,0.0,0.0,0.0,0.0,0.0,0.0,1.0
46066,0,1,3400,-57,57,422,4.5,14,0.50,0.0,0.0,2.1,12,0.0,0.0,0.0,0.0,0.0,0.0,1.0
46315,0,1,3400,-57,57,412,4.5,15,0.50,0.0,0.0,2.1,12,0.0,0.0,0.0,0.0,0.0,0.0,1.0
46564,0,1,3400,-57,57,405,4.5,14,0.50,0.0,0.0,2.1,12,0.0,0.0,0.0,0.0,0.0,0.0,1.0
46813,0,1,3400,-57,57,408,4.5,13,0.50,0.0,0.0,2.1,12,0.0,0.0,0.0,0.0,0.0,0.0,1.0
47062,0,1,3400,-57,57,417,4.7,13,0.50,5664.000000,0,2.1,12,186,0.0,0.0,0.0,0.0,0.0,1.0
47311,0,1,3400,-57,57,416,5.7,13,0.53,75360.000000,0,2.1,16,0.0,92480.000000,42,0.0,0.0,0.0,1.0
47560,0,1,3400,-57,57,415,9.4,11,0.59,93024.000000,2,2.1,22,0.0,0.0,0.0,0.0,0.0,0.0,1.0
47809,0,1,3400,-57,57,420,9.6,11,0.91,63968.000000,10,2.1,22,0.0,0.0,0.0,0.0,0.0,0.0,1.0
48058,0,1,3400,-57,57,416,7.7,13,0.56,57792.000000,5,2.1,22,0.0,0.0,0.0,0.0,0.0,0.0,1.0
48307,0,1,3400,-57,57,418,4.9,11,0.53,37056.000000,2,2.1,6.4,0.0,6848.000000,57,0.0,0.0,0.0,1.0
48556,0,1,3400,-57,57,422,6.8,12,0.60,47648.000000,5,2.1,0.0,0.0,0.0,0.0,0.0,0.0,0.0,1.0
48805,0,1,3400,-57,57,425,8.3,13,0.97,64128.000000,5,2.1,0.0,0.0,0.0,0.0,0.0,0.0,0.0,1.0
49054,0,1,3400,-57,57,423,12,12,0.53,58080.000000,4,2.1,0.0,0.0,0.0,0.0,0.0,0.0,0.0,1.0
49303,0,1,3400,-57,57,418,11,13,0.78,62016.000000,7,2.1,0.0,0.0,8064.000000,0,0.0,0.0,0.0,1.0
49552,0,1,3400,-57,57,414,9.3,13,0.53,35872.000000,5,2.1,0.0,0.0,0.0,0.0,0.0,0.0,0.0,1.0
49801,0,1,3400,-57,57,411,8.9,12,0.85,41498.007812,11,2.1,0.0,0.0,0.0,0.0,0.0,0.0,0.0,1.0
50050,0,1,3400,-57,57,412,7.1,12,0.61,76096.000000,3,2.1,0.0,0.0,0.0,0.0,0.0,0.0,0.0,1.0
50299,0,1,3400,-57,57,421,8.8,11,0.51,62240.000000,0,2.1,6.2,0.0,11776.000000,12,0.0,0.0,0.0,1.0
50548,0,1,3400,-57,57,424,10,12,1.7,44032.000000,27,2.1,8.0,0.0,0.0,0.0,0.0,0.0,0.0,1.0
50797,0,1,3400,-57,57,421,14,12,1.5,34432.000000,7,2.1,8.0,0.0,0.0,0.0,0.0,0.0,0.0,1.0
51046,0,1,3400,-57,57,413,10,14,0.55,43872.000000,5,2.1,8.0,0.0,0.0,0.0,0.0,0.0,0.0,1.0
51295,0,1,3400,-57,57,405,2.7,12,0.65,42464.000000,1,2.1,0.58,0.0,17920.000000,31,0.0,0.0,0.0,1.0
51544,0,1,3400,-57,57,413,7.7,12,0.54,46272.000000,3,2.1,0.0,0.0,0.0,0.0,0.0,0.0,0.0,1.0
51793,0,1,3400,-57,57,410,12,12,0.94,71136.000000,5,2.1,0.0,0.0,0.0,0.0,0.0,0.0,0.0,1.0
52042,0,1,3400,-57,57,410,9.2,14,0.61,49632.000000,4,2.1,0.0,186,0.0,0.0,0.0,0.0,0.0,1.0
52291,0,1,3400,-57,57,410,8.3,13,0.81,25088.000000,2,2.1,10,0.0,6528.000000,64,0.0,0.0,0.0,1.0
52540,0,1,3400,-57,57,415,6.1,12,1.3,39616.000000,3,2.1,11,0.0,0.0,0.0,0.0,0.0,0.0,1.0
52789,0,1,3400,-57,57,422,11,11,1.3,56160.000000,13,2.1,11,0.0,0.0,0.0,0.0,0.0,0.0,1.0
53038,0,1,3400,-57,57,421,13,12,1.8,33952.000000,13,2.1,11,0.0,0.0,0.0,0.0,0.0,0.0,1.0
53287,0,1,3400,-57,57,418,11,13,0.63,60832.000000,11,2.1,13,0.0,23488.000000,44,0.0,0.0,0.0,1.0
53536,0,1,3400,-57,57,413,7.4,11,0.86,66464.000000,8,2.1,14,0.0,0.0,0.0,0.0,0.0,0.0,1.0
53785,0,1,3400,-57,57,415,11,13,0.50,55968.000000,0,2.1,14,0.0,0.0,0.0,0.0,0.0,0.0,1.0
54034,0,1,3400,-57,57,417,8.0,13,0.53,45728.000000,0,2.1,13,186,0.0,0.0,0.0,0.0,0.0,1.0
54283,0,1,3400,-57,57,420,9.2,12,0.64,44096.000000,3,2.1,7.6,0.0,18848.000000,14,0.0,0.0,0.0,1.0
54532,0,1,3400,-57,57,420,7.5,13,0.51,51744.000000,3,2.1,0.0,0.0,5536.000000,0,0.0,0.0,0.0,1.0
54781,0,1,3400,-57,57,412,8.6,12,0.73,63360.000000,8,2.1,0.0,0.0,0.0,0.0,0.0,0.0,0.0,1.0
55030,0,1,3400,-57,57,417,8.2,12,0.56,49792.000000,3,2.1,0.0,0.0,0.0,0.0,0.0,0.0,0.0,1.0
55279,0,1,3400,-57,57,414,9.0,11,0.67,68544.000000,2,2.1,14,0.0,293728.000000,56,0.0,0.0,0.0,1.0
55528,0,1,3400,-57,57,412,14,13,0.57,32224.000000,0,2.1,16,0.0,0.0,0.0,0.0,0.0,0.0,1.0
55777,0,1,3400,-57,57,418,9.0,12,1.0,42752.000000,13,2.1,16,0.0,0.0,0.0,0.0,0.0,0.0,1.0
56026,0,1,3400,-57,57,412,9.3,12,0.72,62304.000000,3,2.1,16,0.0,0.0,0.0,0.0,0.0,0.0,1.0
56275,0,1,3400,-57,57,411,6.7,12,0.88,45664.000000,4,2.1,6.8,0.0,98656.000000,65,0.0,0.0,0.0,1.0
56524,0,1,3400,-57,57,418,7.0,12,0.53,47232.000000,4,2.1,0.0,0.0,0.0,0.0,0.0,0.0,0.0,1.0
56773,0,1,3400,-57,57,417,8.7,14,0.53,43232.000000,0,2.1,0.0,0.0,0.0,0.0,0.0,0.0,0.0,1.0
57022,0,1,3400,-57,57,416,8.9,14,0.54,42176.000000,6,2.1,0.0,186,0.0,0.0,0.0,0.0,0.0,1.0
57271,0,1,3400,-57,57,414,13,13,0.88,43136.000000,11,2.1,0.052,0.0,13440.000000,47,0.0,0.0,0.0,1.0
57520,0,1,3400,-57,57,412,8.4,12,0.60,49024.000000,4,2.1,0.0,0.0,0.0,0.0,0.0,0.0,0.0,1.0
57769,0,1,3400,-57,57,412,2.6,10,0.63,107328.000000,1,2.1,0.0,0.0,0.0,0.0,0.0,0.0,0.0,1.0
58018,0,1,3400,-57,57,415,15,14,1.1,53664.000000,9,2.1,0.0,0.0,0.0,0.0,0.0,0.0,0.0,1.0
58267,0,1,3400,-57,57,419,7.8,12,0.67,89984.000000,4,2.1,0.0,0.0,8160.000000,0,0.0,0.0,0.0,1.0
58516,0,1,3400,-57,57,418,3.7,12,0.58,61728.000000,0,2.1,0.0,0.0,0.0,0.0,0.0,0.0,0.0,1.0
58765,0,1,3400,-57,57,414,9.0,12,0.56,39490.039062,4,2.1,0.052,0.0,0.0,0.0,0.0,0.0,0.0,1.0
59014,0,1,3400,-57,57,414,12,12,0.76,64608.000000,4,2.1,0.0,0.0,0.0,0.0,0.0,0.0,0.0,1.0
59263,0,1,3400,-57,57,417,11,13,0.97,70048.000000,8,2.1,0.0,0.0,8160.000000,0,0.0,0.0,0.0,1.0
59512,0,1,3400,-57,57,419,8.9,13,0.73,56992.000000,3,2.1,0.21,0.0,0.0,0.0,0.0,0.0,0.0,1.0
59761,0,1,3400,-57,57,418,10,12,0.50,41120.000000,0,2.1,0.0,0.0,0.0,0.0,0.0,0.0,0.0,1.0
60010,0,1,3400,-57,57,420,7.0,12,1.1,50656.000000,12,2.1,0.0,0.0,0.0,0.0,0.0,0.0,0.0,1.0
60259,0,1,3400,-57,57,418,8.4,12,0.92,32032.000000,7,2.1,0.052,0.0,15680.000000,27,0.0,0.0,0.0,1.0
60508,0,1,3400,-57,57,419,6.6,11,0.76,64128.000000,3,2.1,0.0,0.0,0.0,0.0,0.0,0.0,0.0,1.0
60757,0,1,3400,-57,57,416,6.6,12,0.53,90240.000000,0,2.1,0.0,0.0,0.0,0.0,0.0,0.0,0.0,1.0
61006,0,1,3400,-57,57,417,11,13,0.55,38080.000000,0,2.1,0.0,0.0,0.0,0.0,0.0,0.0,0.0,1.0
61255,0,1,3400,-57,57,413,10.0,14,0.51,35008.000000,6,2.1,10,0.0,128640.000000,40,0.0,0.0,0.0,1.0
61504,0,1,3400,-57,57,415,9.5,13,0.64,61344.000000,3,2.1,15,0.0,0.0,0.0,0.0,0.0,0.0,1.0
61753,0,1,3400,-57,57,414,7.9,12,1.1,56640.000000,10,2.1,14,0.0,0.0,0.0,0.0,0.0,0.0,1.0
62002,0,1,3400,-57,57,417,12,13,1.0,49856.000000,18,2.1,14,0.0,0.0,0.0,0.0,0.0,0.0,1.0
62251,0,1,3400,-57,57,413,14,13,0.84,34624.000000,8,2.1,15,80,0.0,80,0.0,0.0,0.0,1.0
62500,0,1,3400,-57,57,416,8.8,13,0.50,24320.000000,0,2.1,13,0.0,8768.000000,0,0.0,0.0,0.0,1.0
62749,0,1,3400,-57,57,407,11,12,0.59,64480.000000,7,2.1,6.5,0.0,0.0,0.0,0.0,0.0,0.0,1.0
62998,0,1,3400,-57,57,413,10,13,0.63,53952.000000,7,2.1,6.5,0.0,0.0,0.0,0.0,0.0,0.0,1.0
63247,0,1,3400,-57,57,419,9.9,13,1.2,58784.000000,6,2.1,3.8,0.0,21824.000000,8,0.0,0.0,0.0,1.0
63496,0,1,3400,-57,57,424,9.0,13,0.70,43456.000000,7,2.1,0.0,0.0,0.0,0.0,0.0,0.0,0.0,1.0
63745,0,1,3400,-57,57,425,10,13,1.4,54528.000000,11,2.1,0.0,0.0,0.0,0.0,0.0,0.0,0.0,1.0
63994,0,1,3400,-57,57,422,9.7,14,0.81,48608.000000,4,2.1,0.0,186,0.0,0.0,0.0,0.0,0.0,1.0
64243,0,1,3400,-57,57,408,8.8,13,0.54,45664.000000,5,2.1,1.5,0.0,8864.000000,53,0.0,0.0,0.0,1.0
64492,0,1,3400,-57,57,406,11,13,0.69,27744.000000,11,2.1,0.0,0.0,0.0,0.0,0.0,0.0,0.0,1.0
64741,0,1,3400,-57,57,422,5.2,11,0.77,60416.000000,2,2.1,0.0,0.0,0.0,0.0,0.0,0.0,0.0,1.0
64990,0,1,3400,-57,57,416,7.0,13,0.50,26624.000000,0,2.1,0.0,0.0,0.0,0.0,0.0,0.0,0.0,1.0
65239,0,1,3400,-57,57,418,9.3,13,0.66,64160.000000,2,2.1,0.0,0.0,8160.000000,54,0.0,0.0,0.0,1.0
65488,0,1,3400,-57,57,409,8.7,12,0.61,49824.000000,7,2.1,0.0,0.0,0.0,0.0,0.0,0.0,0.0,1.0
65737,0,1,3400,-57,57,405,8.9,12,0.50,51537.847656,0,2.1,0.0,0.0,0.0,0.0,0.0,0.0,0.0,1.0
65986,0,1,3400,-57,57,418,7.2,12,0.67,28448.000000,7,2.1,0.0,0.0,0.0,0.0,0.0,0.0,0.0,1.0
66235,0,1,3400,-57,57,423,12,12,1.1,53056.000000,5,2.1,8.2,0.0,29024.000000,0,0.0,0.0,0.0,1.0
66484,0,1,3400,-57,57,416,14,13,0.93,26656.000000,12,2.1,11,0.0,0.0,0.0,0.0,0.0,0.0,1.0
66733,0,1,3400,-57,57,416,13,13,0.60,54752.000000,0,2.1,11,0.0,0.0,0.0,0.0,0.0,0.0,1.0
66982,0,1,3400,-57,57,419,8.3,11,0.79,63008.000000,4,2.1,11,0.0,0.0,0.0,0.0,0.0,0.0,1.0
67231,0,1,3400,-57,57,419,7.5,12,1.0,53696.000000,16,2.1,12,0.0,0.0,80,0.0,0.0,0.0,1.0
67480,0,1,3400,-57,57,416,8.1,12,0.73,53408.000000,3,2.1,12,0.0,0.0,0.0,0.0,0.0,0.0,1.0
67729,0,1,3400,-57,57,413,5.7,9.8,0.83,73472.000000,5,2.1,12,0.0,0.0,0.0,0.0,0.0,0.0,1.0
67978,0,1,3400,-57,57,420,9.6,11,0.80,59520.000000,5,2.1,12,0.0,0.0,0.0,0.0,0.0,0.0,1.0
68227,0,1,3400,-57,57,419,11,12,1.2,41600.000000,12,2.1,4.0,0.0,105536.000000,50,0.0,0.0,0.0,1.0
68476,0,1,3400,-57,57,418,11,13,0.79,57536.000000,10,2.1,0.0,0.0,0.0,0.0,0.0,0.0,0.0,1.0
68725,0,1,3400,-57,57,417,11,12,1.5,63200.000000,7,2.1,0.0,0.0,0.0,0.0,0.0,0.0,0.0,1.0
68974,0,1,3400,-57,57,410,9.2,13,1.2,65120.000000,8,2.1,0.0,0.0,0.0,0.0,0.0,0.0,0.0,1.0
69223,0,1,3400,-57,57,417,10,13,1.3,37120.000000,0,2.1,0.0,0.0,13696.000000,0,0.0,0.0,0.0,1.0
69472,0,1,3400,-57,57,413,11,13,0.60,32192.000000,12,2.1,0.0,0.0,0.0,0.0,0.0,0.0,0.0,1.0
69721,0,1,3400,-57,57,415,16,13,0.92,64288.000000,19,2.1,0.052,0.0,0.0,0.0,0.0,0.0,0.0,1.0
69970,0,1,3400,-57,57,408,9.8,13,0.80,36800.000000,8,2.1,0.0,0.0,0.0,0.0,0.0,0.0,0.0,1.0
70219,0,1,3400,-57,57,406,9.1,11,1.0,72096.000000,5,2.1,0.052,0.0,13536.000000,10,0.0,0.0,0.0,1.0
70468,0,1,3400,-57,57,409,8.2,13,0.51,34528.000000,0,2.1,0.0,0.0,5536.000000,60,0.0,0.0,0.0,1.0
70717,0,1,3400,-57,57,413,9.0,12,0.76,61920.000000,14,2.1,0.0,0.0,0.0,0.0,0.0,0.0,0.0,1.0
70966,0,1,3400,-57,57,420,5.4,11,0.56,76704.000000,2,2.1,0.052,0.0,0.0,0.0,0.0,0.0,0.0,1.0
71215,0,1,3400,-57,57,416,5.5,11,0.73,50208.000000,3,2.1,6.4,0.0,122688.000000,45,0.0,0.0,0.0,1.0
71464,0,1,3400,-57,57,420,4.8,12,0.61,48608.000000,2,2.1,8.0,0.0,0.0,0.0,0.0,0.0,0.0,1.0
71713,0,1,3400,-57,57,420,12,14,0.93,54272.000000,9,2.1,8.0,0.0,0.0,0.0,0.0,0.0,0.0,1.0
71962,0,1,3400,-57,57,423,6.7,12,0.70,39744.000000,11,2.1,8.0,0.0,0.0,0.0,0.0,0.0,0.0,1.0
72211,0,1,3400,-57,57,411,9.5,12,0.79,44736.000000,3,2.1,2.1,0.0,8384.000000,0,0.0,0.0,0.0,1.0
72460,0,1,3400,-57,57,415,11,13,0.53,53344.000000,0,2.1,0.10,0.0,0.0,0.0,0.0,0.0,0.0,1.0
72709,0,1,3400,-57,57,418,8.2,13,0.63,43872.000000,0,2.1,0.0,0.0,0.0,0.0,0.0,0.0,0.0,1.0
72958,0,1,3400,-57,57,421,10,12,0.53,72992.000000,0,2.1,0.0,186,0.0,0.0,0.0,0.0,0.0,1.0
73207,0,1,3400,-57,57,414,6.8,11,0.57,81856.000000,1,2.1,0.052,0.0,13152.000000,14,0.0,0.0,0.0,1.0
73456,0,1,3400,-57,57,413,16,13,0.50,26208.000000,0,2.1,0.0,0.0,0.0,0.0,0.0,0.0,0.0,1.0
73705,0,1,3400,-57,57,412,12,13,0.53,58048.000000,6,2.1,0.0,0.0,0.0,0.0,0.0,0.0,0.0,1.0
73954,0,1,3400,-57,57,414,11,11,0.74,59200.000000,9,2.1,0.0,0.0,0.0,0.0,0.0,0.0,0.0,1.0
74203,0,1,3400,-57,57,412,7.9,11,0.58,61184.000000,6,2.1,6.2,0.0,17408.000000,24,0.0,0.0,0.0,1.0
74452,0,1,3400,-57,57,422,16,11,1.2,21632.000000,8,2.1,6.5,0.0,0.0,0.0,0.0,0.0,0.0,1.0
74701,0,1,3400,-57,57,416,14,12,1.4,68352.000000,9,2.1,6.5,0.0,0.0,0.0,0.0,0.0,0.0,1.0
74950,0,1,3400,-57,57,416,8.2,12,1.2,55424.000000,8,2.1,6.5,186,0.0,0.0,0.0,0.0,0.0,1.0
75199,0,1,3400,-57,57,412,8.4,13,0.66,64608.000000,5,2.1,12,0.0,9824.000000,0,0.0,0.0,0.0,1.0
75448,0,1,3400,-57,57,419,14,12,0.82,65792.000000,4,2.1,12,0.0,0.0,0.0,0.0,0.0,0.0,1.0
75697,0,1,3400,-57,57,419,7.7,12,0.83,46944.000000,9,2.1,12,0.0,0.0,0.0,0.0,0.0,0.0,1.0
75946,0,1,3400,-57,57,417,7.8,12,0.91,65632.000000,2,2.1,13,186,0.0,0.0,0.0,0.0,0.0,1.0
76195,0,1,3400,-57,57,413,9.8,12,1.1,44960.000000,11,2.1,13,0.0,0.0,80,0.0,0.0,0.0,1.0
76444,0,1,3400,-57,57,405,7.1,11,0.65,64320.000000,4,2.1,14,0.0,0.0,0.0,0.0,0.0,0.0,1.0
76693,0,1,3400,-57,57,412,7.8,13,1.2,56640.000000,16,2.1,14,0.0,0.0,0.0,0.0,0.0,0.0,1.0
76942,0,1,3400,-57,57,416,8.5,13,1.3,39936.000000,18,2.1,13,0.0,0.0,0.0,0.0,0.0,0.0,1.0
77191,0,1,3400,-57,57,421,12,13,0.66,68448.000000,0,2.1,17,0.0,6720.000000,50,0.0,0.0,0.0,1.0
77440,0,1,3400,-57,57,412,6.6,13,0.56,52896.000000,3,2.1,21,0.0,0.0,0.0,0.0,0.0,0.0,1.0
77689,0,1,3400,-57,57,411,10,12,0.51,47968.000000,5,2.1,21,0.0,0.0,0.0,0.0,0.0,0.0,1.0
77938,0,1,3400,-57,57,414,11,13,0.67,49664.000000,7,2.1,21,0.0,0.0,0.0,0.0,0.0,0.0,1.0
78187,0,1,3400,-57,57,410,7.2,12,0.89,85184.000000,7,2.1,16,0.0,0.0,80,0.0,0.0,0.0,1.0
78436,0,1,3400,-57,57,416,6.3,12,1.1,55968.000000,2,2.1,14,0.0,0.0,0.0,0.0,0.0,0.0,1.0
78685,0,1,3400,-57,57,420,9.7,12,0.74,98016.000000,6,2.1,14,0.0,0.0,0.0,0.0,0.0,0.0,1.0
78934,0,1,3400,-57,57,416,7.1,13,0.73,47872.000000,4,2.1,14,0.0,0.0,0.0,0.0,0.0,0.0,1.0
79183,0,1,3400,-57,57,418,12,13,1.2,60352.000000,7,2.1,7.9,20,0.0,80,0.0,0.0,0.0,1.0
79432,0,1,3400,-57,57,413,9.0,11,0.61,43760.957031,5,2.1,3.8,0.0,6406.374512,0,0.0,0.0,0.0,1.0
79681,0,1,3400,-57,57,415,6.7,12,0.56,57728.000000,0,2.1,0.0,0.0,0.0,0.0,0.0,0.0,0.0,1.0
79930,0,1,3400,-57,57,415,7.9,12,0.63,48672.000000,6,2.1,0.0,0.0,0.0,0.0,0.0,0.0,0.0,1.0
80179,0,1,3400,-57,57,411,5.5,11,0.92,48832.000000,2,2.1,5.7,0.0,9824.000000,53,0.0,0.0,0.0,1.0
80428,0,1,3400,-57,57,413,14,13,0.76,61952.000000,4,2.1,6.5,0.0,0.0,0.0,0.0,0.0,0.0,1.0
80677,0,1,3400,-57,57,407,15,13,0.50,26528.000000,0,2.1,6.5,0.0,0.0,0.0,0.0,0.0,0.0,1.0
80926,0,1,3400,-57,57,410,12,14,0.82,51456.000000,15,2.1,6.5,186,0.0,0.0,0.0,0.0,0.0,1.0
81175,0,1,3400,-57,57,409,12,12,1.0,60768.000000,4,2.1,6.5,186,224,33,0.0,0.0,0.0,1.0
81424,0,1,3400,-57,57,417,8.9,12,1.2,44960.000000,16,2.1,6.5,0.0,8160.000000,0,0.0,0.0,0.0,1.0
81673,0,1,3400,-57,57,414,7.3,11,0.78,77728.000000,2,2.1,6.5,0.0,0.0,0.0,0.0,0.0,0.0,1.0
81922,0,1,3400,-57,57,418,3.8,11,0.52,67680.000000,0,2.1,6.5,0.0,0.0,0.0,0.0,0.0,0.0,1.0
82171,0,1,3400,-57,57,420,6.5,14,0.52,46240.000000,4,2.1,11,0.0,12288.000000,53,0.0,0.0,0.0,1.0
82420,0,1,3400,-57,57,416,10,13,0.50,22624.000000,0,2.1,22,0.0,0.0,0.0,0.0,0.0,0.0,1.0
82669,0,1,3400,-57,57,418,8.2,13,0.52,54016.000000,3,2.1,22,0.0,0.0,0.0,0.0,0.0,0.0,1.0
82918,0,1,3400,-57,57,416,7.5,12,0.60,61056.000000,9,2.1,22,0.0,0.0,0.0,0.0,0.0,0.0,1.0
83167,0,1,3400,-57,57,415,7.9,12,0.63,52256.000000,8,2.1,9.5,0.0,20384.000000,23,0.0,0.0,0.0,1.0
83416,0,1,3400,-57,57,417,16,14,1.3,36576.000000,9,2.1,0.0,0.0,0.0,0.0,0.0,0.0,0.0,1.0
83665,0,1,3400,-57,57,411,8.8,14,1.3,55520.000000,6,2.1,0.0,0.0,0.0,0.0,0.0,0.0,0.0,1.0
83914,0,1,3400,-57,57,415,12,12,0.76,62240.000000,4,2.1,0.10,186,0.0,0.0,0.0,0.0,0.0,1.0
84163,0,1,3400,-57,57,417,11,12,0.66,56478.085938,13,2.1,0.0,0.0,8127.490234,38,0.0,0.0,0.0,1.0
84412,0,1,3400,-57,57,414,9.2,13,0.59,77184.000000,4,2.1,0.0,0.0,0.0,0,0.0,0.0,0.0,1.0
84661,0,1,3400,-57,57,412,9.8,13,0.54,49376.000000,4,2.1,0.0,0.0,5536.000000,0,0.0,0.0,0.0,1.0
84910,0,1,3400,-57,57,415,7.9,12,1.5,52736.000000,9,2.1,0.0,0.0,0.0,0.0,0.0,0.0,0.0,1.0
85159,0,1,3400,-57,57,417,8.4,12,0.81,82592.000000,12,2.1,4.0,0.0,10784.000000,54,0.0,0.0,0.0,1.0
85408,0,1,3400,-57,57,418,8.5,12,0.95,67584.000000,6,2.1,0.50,0.0,0.0,0,0.0,0.0,0.0,1.0
85657,0,1,3400,-57,57,419,8.7,12,0.83,61504.000000,8,2.1,8.0,0.0,17056.000000,0,0.0,1.0,0.0,1.0
85906,0,1,3400,-57,57,412,13,13,0.50,21728.000000,0,2.1,8.0,0.0,0.0,0.0,0.0,0.0,0.0,1.0
86155,0,1,3400,-57,57,413,12,13,0.94,46176.000000,9,2.1,8.5,0.0,23488.000000,20,0.0,0.0,0.0,1.0
86404,0,1,3400,-57,57,416,6.4,12,0.59,52672.000000,5,2.1,14,0.0,0.0,0.0,0.0,0.0,0.0,1.0
86653,0,1,3400,-57,57,412,7.1,12,0.77,44448.000000,12,2.1,14,0.0,0.0,0.0,0.0,0.0,0.0,1.0
86902,0,1,3400,-57,57,415,6.9,12,0.99,93856.000000,5,2.1,13,0.0,0.0,0.0,0.0,0.0,0.0,1.0
87151,0,1,3400,-57,57,408,6.5,12,0.64,44896.000000,3,2.1,9.8,0.0,18368.000000,57,0.0,0.0,0.0,1.0
87400,0,1,3400,-57,57,406,6.6,11,0.81,51040.000000,4,2.1,0.0,0.0,0.0,0.0,0.0,0.0,0.0,1.0
87649,0,1,3400,-57,57,408,8.3,10,1.5,42688.000000,14,2.1,0.0,0.0,0.0,0.0,0.0,0.0,0.0,1.0
87898,0,1,3400,-57,57,413,6.8,12,0.58,45728.000000,7,2.1,0.0,0.0,0.0,0.0,0.0,0.0,0.0,1.0
88147,0,1,3400,-57,57,419,12,14,0.54,50720.000000,5,2.1,1.5,0.0,14720.000000,50,0.0,0.0,0.0,1.0
88396,0,1,3400,-57,57,421,11,12,0.97,44864.000000,14,2.1,0.0,0.0,0.0,0.0,0.0,0.0,0.0,1.0
88645,0,1,3400,-57,57,418,11,12,0.67,52960.000000,5,2.1,0.0,0.0,0.0,0.0,0.0,0.0,0.0,1.0
88894,0,1,3400,-57,57,423,10,14,0.81,21504.000000,8,2.1,0.0,0.0,0.0,0.0,0.0,0.0,0.0,1.0
89143,0,1,3400,-57,57,420,11,12,0.95,51680.000000,4,2.1,0.0,0.0,8160.000000,0,0.0,0.0,0.0,1.0
89392,0,1,3400,-57,57,415,9.9,14,0.63,38176.000000,14,2.1,0.052,0.0,0.0,0.0,0.0,0.0,0.0,1.0
89641,0,1,3400,-57,57,420,18,13,0.50,15968.000000,0,2.1,0.0,0.0,0.0,0.0,0.0,0.0,0.0,1.0
89890,0,1,3400,-57,57,418,8.9,12,0.55,58912.000000,3,2.1,0.75,0.0,13984.000000,0,0.0,0.0,0.0,1.0
90139,0,1,3400,-57,57,417,8.0,10,0.61,34944.000000,3,2.1,1.1,0.0,13600.000000,10,0.0,0.0,0.0,1.0
90388,0,1,3400,-57,57,423,7.5,13,0.73,55072.000000,4,2.1,0.0,0.0,0.0,0.0,0.0,0.0,0.0,1.0
90637,0,1,3400,-57,57,420,10,12,0.74,61280.000000,17,2.1,0.0,0.0,4384.000000,0,0.0,0.0,0.0,1.0
90886,0,1,3400,-57,57,414,7.2,12,0.53,57344.000000,2,2.1,0.052,0.0,0.0,0.0,0.0,0.0,0.0,1.0
91135,0,1,3400,-57,57,411,7.2,12,0.66,63232.000000,3,2.1,1.2,0.0,7104.000000,44,0.0,0.0,0.0,1.0
91384,0,1,3400,-57,57,416,9.1,13,0.66,68160.000000,3,2.1,0.0,0.0,0.0,0.0,0.0,0.0,0.0,1.0
91633,0,1,3400,-57,57,412,12,14,0.50,48352.000000,0,2.1,0.0,0.0,0.0,0.0,0.0,0.0,0.0,1.0
91882,0,1,3400,-57,57,415,11,13,0.72,41248.000000,4,2.1,0.052,0.0,0.0,0.0,0.0,0.0,0.0,1.0
92131,0,1,3400,-57,57,418,9.1,14,0.75,38304.000000,12,2.1,0.052,0.0,8800.000000,31,0.0,0.0,0.0,1.0
92380,0,1,3400,-57,57,412,11,12,0.71,76096.000000,8,2.1,0.0,0.0,0.0,0.0,0.0,0.0,0.0,1.0
92629,0,1,3400,-57,57,413,15,13,0.55,73760.000000,6,2.1,0.0,0.0,0.0,0.0,0.0,0.0,0.0,1.0
92878,0,1,3400,-57,57,417,8.5,12,0.63,97376.000000,1,2.1,0.0,186,0.0,0.0,0.0,0.0,0.0,1.0
93127,0,1,3400,-57,57,414,14,13,0.57,48576.000000,4,2.1,0.0,0.0,9952.000000,31,0.0,0.0,0.0,1.0
93376,0,1,3400,-57,57,416,9.1,13,0.69,69152.000000,3,2.1,0.052,0.0,5536.000000,33,0.0,0.0,0.0,1.0
93625,0,1,3400,-56,56,411,2.1,7.7,0.55,100608.000000,1,2.1,0.10,0.0,0.0,0.0,0.0,0.0,0.0,1.0
93874,0,1,3400,-57,57,414,7.0,12,0.67,56896.000000,3,2.1,0.0,186,0.0,0.0,0.0,0.0,0.0,1.0
94123,0,1,3400,-57,57,421,11,12,0.54,80096.000000,0,2.1,7.0,0.0,104256.000000,36,0.0,0.0,0.0,1.0
94372,0,1,3400,-57,57,416,13,13,0.69,53248.000000,10,2.1,7.5,0.0,0.0,0.0,0.0,0.0,0.0,1.0
94621,0,1,3400,-57,57,413,10.0,12,1.4,52992.000000,14,2.1,7.5,0.0,0.0,0.0,0.0,0.0,0.0,1.0
94870,0,1,3400,-57,57,417,8.9,12,0.81,57632.000000,6,2.1,7.5,0.0,0.0,0.0,0.0,0.0,0.0,1.0
95119,0,1,3400,-57,57,418,7.9,13,1.1,45856.000000,12,2.1,9.8,0.0,6528.000000,50,0.0,0.0,0.0,1.0
95368,0,1,3400,-57,57,418,11,12,0.98,65216.000000,9,2.1,12,0.0,0.0,0.0,0.0,0.0,0.0,1.0
95617,0,1,3400,-57,57,420,11,12,0.55,57952.000000,2,2.1,12,0.0,0.0,0.0,0.0,0.0,0.0,1.0
95866,0,1,3400,-57,57,416,13,13,0.94,51680.000000,7,2.1,12,0.0,0.0,0.0,0.0,0.0,0.0,1.0
96115,0,1,3400,-57,57,416,9.5,12,0.82,88254.976562,9,2.1,6.5,0.0,8095.617676,30,0.0,0.0,0.0,1.0
96364,0,1,3400,-57,57,411,9.6,14,0.50,40352.000000,0,2.1,0.0,0.0,0.0,0.0,0.0,0.0,0.0,1.0
96613,0,1,3400,-57,57,414,12,12,0.64,64448.000000,0,2.1,0.0,0.0,0.0,0.0,0.0,0.0,0.0,1.0
96862,0,1,3400,-57,57,419,13,13,0.75,43936.000000,0,2.1,0.0,186,0.0,0.0,0.0,0.0,0.0,1.0
97111,0,1,3400,-57,57,417,8.6,12,0.77,33728.000000,3,2.1,14,0.0,174016.000000,52,0.0,0.0,0.0,1.0
97360,0,1,3400,-57,57,412,12,11,1.5,47232.000000,13,2.1,16,0.0,0.0,0.0,0.0,0.0,0.0,1.0
97609,0,1,3400,-57,57,409,9.3,12,0.94,77856.000000,4,2.1,16,0.0,0.0,0.0,0.0,0.0,0.0,1.0
97858,0,1,3400,-57,57,412,8.2,12,1.2,49248.000000,26,2.1,16,0.0,0.0,0.0,0.0,0.0,0.0,1.0
98107,0,1,3400,-57,57,414,9.1,14,0.60,64416.000000,3,2.1,9.9,0.0,25120.000000,0,0.0,0.0,0.0,1.0
98356,0,1,3400,-57,57,411,9.0,13,0.75,37216.000000,4,2.1,7.5,0.0,0.0,0.0,0.0,0.0,0.0,1.0
98605,0,1,3400,-57,57,412,10,12,0.85,76960.000000,8,2.1,7.5,0.0,0.0,0.0,0.0,0.0,0.0,1.0
98854,0,1,3400,-57,57,413,9.1,13,0.51,47232.000000,0,2.1,7.5,186,0.0,0.0,0.0,0.0,0.0,1.0
99103,0,1,3400,-57,57,411,10,13,1.6,43200.000000,15,2.1,7.5,0.0,0.0,80,0.0,0.0,0.0,1.0
99352,0,1,3400,-57,57,413,12,12,0.64,24896.000000,8,2.1,7.5,0.0,0.0,0.0,0.0,0.0,0.0,1.0
99601,0,1,3400,-57,57,413,9.3,12,0.50,41344.000000,0,2.1,7.5,0.0,0.0,0.0,0.0,0.0,0.0,1.0
99850,0,1,3400,-57,57,417,7.9,13,0.80,33536.000000,22,2.1,7.5,0.0,0.0,0.0,0.0,0.0,0.0,1.0
100099,0,1,3400,-57,57,413,9.8,13,0.52,46752.000000,0,2.1,6.4,0.0,54720.000000,36,0.0,0.0,0.0,1.0
100348,0,1,3400,-57,57,416,9.7,12,1.1,55552.000000,20,2.1,7.0,0.0,0.0,0.0,0.0,0.0,0.0,1.0
100597,0,1,3400,-57,57,411,8.0,13,0.79,72032.000000,4,2.1,7.0,0.0,0.0,0.0,0.0,0.0,0.0,1.0
100846,0,1,3400,-57,57,412,13,13,0.75,45888.000000,6,2.1,7.0,0.0,0.0,0.0,0.0,0.0,0.0,1.0
101095,0,1,3400,-57,57,415,9.6,13,1.3,52800.000000,13,2.1,13,0.0,44032.000000,0,0.0,0.0,0.0,1.0
101344,0,1,3400,-57,57,407,5.0,11,0.73,62656.000000,4,2.1,15,0.0,0.0,0.0,0.0,0.0,0.0,1.0
101593,0,1,3400,-57,57,414,7.6,12,1.1,52992.000000,5,2.1,15,0.0,0.0,0.0,0.0,0.0,0.0,1.0
101842,0,1,3400,-57,57,413,8.8,12,0.74,60832.000000,13,2.1,15,0.0,0.0,0.0,0.0,0.0,0.0,1.0
102091,0,1,3400,-57,57,415,10,13,0.98,58688.000000,6,2.1,13,0.0,23904.000000,36,0.0,0.0,0.0,1.0
102340,0,1,3400,-57,57,418,9.3,13,0.70,48576.000000,0,2.1,0.0,0.0,0.0,0.0,0.0,0.0,0.0,1.0
102589,0,1,3400,-57,57,417,11,13,0.92,58304.000000,12,2.1,0.0,0.0,0.0,0.0,0.0,0.0,0.0,1.0
102838,0,1,3400,-57,57,419,9.2,13,0.60,51392.000000,0,2.1,0.0,0.0,0.0,0.0,0.0,0.0,0.0,1.0
103087,0,1,3400,-57,57,420,8.5,13,0.57,26848.000000,8,2.1,0.0,0.0,8192.000000,0,0.0,0.0,0.0,1.0
103336,0,1,3400,-57,57,415,8.2,13,0.50,17472.000000,0,2.1,0.0,0.0,0.0,0.0,0.0,0.0,0.0,1.0
103585,0,1,3400,-57,57,414,9.4,10,1.1,86080.000000,13,2.1,0.0,0.0,0.0,0.0,0.0,0.0,0.0,1.0
103834,0,1,3400,-57,57,414,11,12,0.93,32896.000000,5,2.1,0.0,0.0,0.0,0.0,0.0,0.0,0.0,1.0
104083,0,1,3400,-57,57,415,10,12,0.68,50944.000000,4,2.1,1.3,0.0,12384.000000,14,0.0,0.0,0.0,1.0
104332,0,1,3400,-57,57,420,9.6,13,0.56,31392.000000,2,2.1,0.0,0.0,0.0,0.0,0.0,0.0,0.0,1.0
104581,0,1,3400,-57,57,414,11,13,0.53,43808.000000,1,2.1,0.0,0.0,0.0,0.0,0.0,0.0,0.0,1.0
104830,0,1,3400,-57,57,419,9.0,14,0.97,42208.000000,8,2.1,0.0,0.0,0.0,0.0,0.0,0.0,0.0,1.0
105079,0,1,3400,-57,57,411,8.9,13,0.62,76448.000000,0,2.1,0.0,0.0,8352.000000,0,0.0,0.0,0.0,1.0
105328,0,1,3400,-57,57,415,13,12,1.6,47584.000000,8,2.1,0.0,0.0,0.0,0.0,0.0,0.0,0.0,1.0
105577,0,1,3400,-57,57,414,9.7,12,0.72,56992.000000,9,2.1,0.0,0.0,0.0,0.0,0.0,0.0,0.0,1.0
105826,0,1,3400,-57,57,414,7.1,13,0.85,85312.000000,2,2.1,0.0,0.0,0.0,0.0,0.0,0.0,0.0,1.0
106075,0,1,3400,-57,57,411,10,14,1.7,51648.000000,13,2.1,3.8,0.0,114464.000000,26,0.0,0.0,0.0,1.0
106324,0,1,3400,-57,57,416,17,13,0.50,31168.000000,0,2.1,6.5,0.0,0.0,0.0,0.0,0.0,0.0,1.0
106573,0,1,3400,-57,57,417,11,13,0.52,57248.000000,0,2.1,6.5,0.0,0.0,0.0,0.0,0.0,0.0,1.0
106822,0,1,3400,-57,57,414,10,13,0.50,59008.000000,0,2.1,6.5,186,0.0,0.0,0.0,0.0,0.0,1.0
107071,0,1,3400,-57,57,414,14,12,1.2,66176.000000,19,2.1,1.1,0.0,12416.000000,36,0.0,0.0,0.0,1.0
107320,0,1,3400,-57,57,413,8.2,11,0.95,55552.000000,4,2.1,0.0,0.0,0.0,0.0,0.0,0.0,0.0,1.0
107569,0,1,3400,-57,57,415,8.5,12,0.72,70464.000000,4,2.1,0.0,0.0,0.0,0.0,0.0,0.0,0.0,1.0
107818,0,1,3400,-57,57,416,5.5,12,0.50,71296.000000,0,2.1,0.0,186,0.0,0.0,0.0,0.0,0.0,1.0
108067,0,1,3400,-57,57,411,11,13,0.68,42848.000000,11,2.1,6.5,0.0,6528.000000,50,0.0,0.0,0.0,1.0
108316,0,1,3400,-57,57,422,12,13,1.3,51155.378906,4,2.1,12,0.0,0.0,0.0,0.0,0.0,0.0,1.0
108565,0,1,3400,-57,57,415,12,12,0.77,68320.000000,7,2.1,12,0.0,0.0,0.0,0.0,0.0,0.0,1.0
108814,0,1,3400,-57,57,411,6.3,13,0.50,38336.000000,0,2.1,11,186,0.0,0.0,0.0,0.0,0.0,1.0
109063,0,1,3400,-57,57,412,7.3,9.8,0.57,60224.000000,3,2.1,5.1,0.0,8224.000000,57,0.0,0.0,0.0,1.0
109312,0,1,3400,-57,57,410,9.7,13,0.69,61120.000000,9,2.1,0.0,0.0,2592.000000,0,0.0,0.0,0.0,1.0
109561,0,1,3400,-57,57,415,7.8,12,0.52,61760.000000,0,2.1,0.0,0.0,0.0,0.0,0.0,0.0,0.0,1.0
109810,0,1,3400,-57,57,415,8.7,13,0.74,55680.000000,5,2.1,0.0,0.0,0.0,0.0,0.0,0.0,0.0,1.0
110059,0,1,3400,-57,57,420,11,13,0.50,32064.000000,0,2.1,0.82,0.0,16000.000000,36,0.0,0.0,0.0,1.0
110308,0,1,3400,-57,57,418,8.2,14,0.58,68864.000000,7,2.1,9.9,0.0,10656.000000,0,0.0,0.0,0.0,1.0
110557,0,1,3400,-57,57,414,7.2,13,0.95,41760.000000,0,2.1,12,0.0,5536.000000,0,0.0,0.0,0.0,1.0
110806,0,1,3400,-57,57,410,11,13,1.3,41056.000000,12,2.1,12,186,0.0,0.0,0.0,0.0,0.0,1.0
111055,0,1,3400,-57,57,416,9.8,13,0.77,64992.000000,11,2.1,0.96,0.0,12736.000000,12,0.0,0.0,0.0,1.0
111304,0,1,3400,-57,57,415,7.0,13,0.68,36800.000000,0,2.1,0.0,0.0,0.0,0.0,0.0,0.0,0.0,1.0
111553,0,1,3400,-57,57,412,9.9,13,0.85,37568.000000,5,2.1,0.0,0.0,0.0,0.0,0.0,0.0,0.0,1.0
111802,0,1,3400,-57,57,417,8.0,12,0.88,54016.000000,9,2.1,0.0,0.0,0.0,0.0,0.0,0.0,0.0,1.0
112051,0,1,3400,-57,57,419,9.5,11,1.5,82144.000000,5,2.1,0.0,0.0,13440.000000,0,0.0,0.0,0.0,1.0
112300,0,1,3400,-57,57,418,14,13,0.53,57856.000000,7,2.1,0.0,0.0,0.0,0.0,0.0,0.0,0.0,1.0
112549,0,1,3400,-57,57,410,8.0,12,0.54,64480.000000,2,2.1,0.0,0.0,0.0,0.0,0.0,0.0,0.0,1.0
112798,0,1,3400,-57,57,414,7.1,12,0.84,55936.000000,2,2.1,0.0,0.0,0.0,0.0,0.0,0.0,0.0,1.0
113047,0,1,3400,-57,57,410,13,13,0.85,57888.000000,12,2.1,2.3,0.0,6848.000000,50,0.0,0.0,0.0,1.0
113296,0,1,3400,-57,57,416,10,12,0.65,42016.000000,16,2.1,14,0.0,0.0,0.0,0.0,0.0,0.0,1.0
113545,0,1,3400,-57,57,419,13,13,0.51,51904.000000,0,2.1,14,0.0,0.0,0.0,0.0,0.0,0.0,1.0
113794,0,1,3400,-57,57,412,6.9,11,0.57,57792.000000,4,2.1,14,0.0,0.0,0.0,0.0,0.0,0.0,1.0
114043,0,1,3400,-57,57,416,8.0,12,1.1,37312.000000,8,2.1,14,0.0,23488.000000,0,0.0,0.0,0.0,1.0
114292,0,1,3400,-57,57,412,13,12,0.66,69024.000000,0,2.1,13,0.0,0.0,0.0,0.0,0.0,0.0,1.0
114541,0,1,3400,-57,57,408,15,12,1.5,57824.000000,16,2.1,14,0.0,0.0,0.0,0.0,0.0,0.0,1.0
114790,0,1,3400,-57,57,421,9.5,13,0.56,48128.000000,0,2.1,14,0.0,0.0,0.0,0.0,0.0,0.0,1.0
115039,0,1,3400,-57,57,421,8.6,13,0.50,37728.000000,0,2.1,3.7,0.0,9824.000000,36,0.0,0.0,0.0,1.0
115288,0,1,3400,-57,57,415,8.2,12,0.92,54432.000000,9,2.1,0.0,0.0,0.0,0.0,0.0,0.0,0.0,1.0
115537,0,1,3400,-57,57,417,9.4,12,0.51,24286.853516,11,2.1,0.0,0.0,0.0,0.0,0.0,0.0,0.0,1.0
115786,0,1,3400,-57,57,408,12,13,0.91,57024.000000,7,2.1,0.0,0.0,0.0,0.0,0.0,0.0,0.0,1.0
116035,0,1,3400,-57,57,418,8.3,12,0.59,48896.000000,4,2.1,0.0,0.0,8160.000000,29,0.0,0.0,0.0,1.0
116284,0,1,3400,-57,57,422,9.5,13,0.57,48800.000000,0,2.1,0.0,0.0,0.0,0.0,0.0,0.0,0.0,1.0
116533,0,1,3400,-57,57,415,12,13,0.64,58752.000000,0,2.1,0.0,0.0,0.0,0.0,0.0,0.0,0.0,1.0
116782,0,1,3400,-57,57,414,12,13,0.84,51840.000000,12,2.1,0.0,186,0.0,0.0,0.0,0.0,0.0,1.0
117031,0,1,3400,-57,57,412,9.6,13,0.52,59712.000000,0,2.1,1.4,0.0,30720.000000,23,0.0,0.0,0.0,1.0
117280,0,1,3400,-57,57,416,8.6,13,0.53,65856.000000,0,2.1,0.0,0.0,0.0,0.0,0.0,0.0,0.0,1.0
117529,0,1,3400,-57,57,412,8.9,12,0.52,40288.000000,0,2.1,0.0,0.0,0.0,0.0,0.0,0.0,0.0,1.0
117778,0,1,3400,-57,57,412,6.6,11,0.57,61888.000000,2,2.1,0.0,0.0,0.0,0.0,0.0,0.0,0.0,1.0
118027,0,1,3400,-57,57,411,9.3,13,0.61,52224.000000,14,2.1,0.0,0.0,12256.000000,0,0.0,0.0,0.0,1.0
118276,0,1,3400,-57,57,413,11,12,0.52,67360.000000,2,2.1,0.0,0.0,0.0,0.0,0.0,0.0,0.0,1.0
118525,0,1,3400,-57,57,416,7.2,11,0.53,71200.000000,1,2.1,0.0,0.0,0.0,0.0,0.0,0.0,0.0,1.0
118774,0,1,3400,-56,56,411,6.7,13,1.1,27424.000000,9,2.1,0.0,0.0,0.0,0.0,0.0,0.0,0.0,1.0
119023,0,1,3400,-57,57,417,5.4,12,0.58,67584.000000,2,2.1,10,0.0,93728.000000,38,0.0,0.0,0.0,1.0
119272,0,1,3400,-57,57,413,11,12,1.0,73664.000000,11,2.1,23,0.0,0.0,0.0,0.0,0.0,0.0,1.0
119521,0,1,3400,-57,57,416,6.2,13,0.50,46464.000000,0,2.1,23,0.0,0.0,0.0,0.0,0.0,0.0,1.0
119770,0,1,3400,-57,57,413,8.0,13,0.54,43456.000000,0,2.1,23,0.0,0.0,0.0,0.0,0.0,0.0,1.0
120019,0,1,3400,-57,57,414,8.2,14,0.55,42816.000000,10,2.1,23,186,0.0,80,0.0,0.0,0.0,1.0
120268,0,1,3400,-57,57,418,8.2,12,0.71,71456.000000,5,2.1,20,0.0,8160.000000,0,0.0,0.0,0.0,1.0
120517,0,1,3400,-57,57,415,8.0,13,1.1,74272.000000,11,2.1,7.5,0.0,0.0,0.0,0.0,0.0,0.0,1.0
120766,0,1,3400,-57,57,410,8.6,12,1.0,38272.000000,10,2.1,7.4,0.0,0.0,0.0,0.0,0.0,0.0,1.0
121015,0,1,3400,-57,57,412,12,12,1.1,46784.000000,13,2.1,3.2,0.0,10784.000000,0,0.0,0.0,0.0,1.0
121264,0,1,3400,-57,57,413,7.6,11,0.88,38080.000000,0,2.1,0.0,0.0,0.0,0.0,0.0,0.0,0.0,1.0
121513,0,1,3400,-57,57,415,7.9,12,0.65,51296.000000,4,2.1,0.0,0.0,0.0,0.0,0.0,0.0,0.0,1.0
121762,0,1,3400,-57,57,418,6.5,11,0.79,70368.000000,4,2.1,0.0,186,0.0,0.0,0.0,0.0,0.0,1.0
122011,0,1,3400,-57,57,421,9.5,11,0.84,35584.000000,5,2.1,8.2,0.0,152608.000000,63,0.0,0.0,0.0,1.0
122260,0,1,3400,-57,57,418,12,12,1.4,60128.000000,9,2.1,8.0,0.0,0.0,0.0,0.0,0.0,0.0,1.0
122509,0,1,3400,-57,57,413,7.0,13,0.81,45760.000000,3,2.1,8.0,0.0,0.0,0.0,0.0,0.0,0.0,1.0
122758,0,1,3400,-57,57,414,16,12,0.93,75744.000000,10,2.1,8.0,186,0.0,0.0,0.0,0.0,0.0,1.0
123007,0,1,3400,-57,57,413,9.1,13,1.6,62560.000000,9,2.1,2.0,0.0,15456.000000,25,0.0,0.0,0.0,1.0
123256,0,1,3400,-57,57,415,9.0,13,0.91,86016.000000,2,2.1,0.0,0.0,0.0,0.0,0.0,0.0,0.0,1.0
123505,0,1,3400,-57,57,423,8.7,12,0.73,34976.000000,12,2.1,0.0,0.0,0.0,0.0,0.0,0.0,0.0,1.0
123754,0,1,3400,-57,57,417,8.1,12,0.74,46752.000000,4,2.1,0.0,0.0,0.0,0.0,0.0,0.0,0.0,1.0
124003,0,1,3400,-57,57,418,10,13,1.0,64192.000000,3,2.1,0.0,0.0,14656.000000,0,0.0,0.0,0.0,1.0
124252,0,1,3400,-57,57,417,13,12,0.86,64640.000000,3,2.1,0.0,0.0,0.0,0.0,0.0,0.0,0.0,1.0
124501,0,1,3400,-57,57,417,8.3,11,0.88,78432.000000,8,2.1,0.0,0.0,0.0,0.0,0.0,0.0,0.0,1.0
124750,0,1,3400,-57,57,416,8.4,12,0.90,38112.000000,4,2.1,0.0,0.0,0.0,0.0,0.0,0.0,0.0,1.0
124999,0,1,3400,-57,57,413,11,13,0.51,44224.000000,0,2.1,0.0,0.0,8160.000000,0,0.0,0.0,0.0,1.0
125248,0,1,3400,-57,57,414,11,13,0.94,57344.000000,8,2.1,0.0,0.0,0.0,0.0,0.0,0.0,0.0,1.0
125497,0,1,3400,-57,57,416,9.1,13,0.98,70944.000000,10,2.1,0.0,0.0,0.0,0.0,0.0,0.0,0.0,1.0
125746,0,1,3400,-57,57,413,7.1,13,0.84,49088.000000,6,2.1,0.0,0.0,0.0,0.0,0.0,0.0,0.0,1.0
125995,0,1,3400,-57,57,404,9.0,12,0.76,43936.000000,0,2.1,0.0,0.0,28992.000000,17,0.0,0.0,0.0,1.0
126244,0,1,3400,-57,57,409,8.0,12,1.4,54976.000000,15,2.1,0.0,0.0,0.0,0.0,0.0,0.0,0.0,1.0
126493,0,1,3400,-57,57,413,4.9,10,0.63,77216.000000,4,2.1,0.0,0.0,0.0,0.0,0.0,0.0,0.0,1.0
126742,0,1,3400,-57,57,417,12,12,1.7,67360.000000,20,2.1,0.0,0.0,0.0,0.0,0.0,0.0,0.0,1.0
126991,0,1,3400,-57,57,408,7.9,13,0.54,52192.000000,4,2.1,0.0,0.0,8000.000000,0,0.0,0.0,0.0,1.0
127240,0,1,3400,-57,57,411,13,12,1.1,57856.000000,23,2.1,0.0,0.0,0.0,0.0,0.0,0.0,0.0,1.0
127489,0,1,3400,-57,57,413,7.8,11,0.52,60960.000000,0,2.1,0.0,0.0,0.0,0.0,0.0,0.0,0.0,1.0
127738,0,1,3400,-57,57,418,9.5,14,0.61,40448.000000,5,2.1,0.0,0.0,0.0,0.0,0.0,0.0,0.0,1.0
127987,0,1,3400,-57,57,418,7.6,13,0.55,79808.000000,4,2.1,0.0,0.0,21920.000000,9,0.0,0.0,0.0,1.0
128236,0,1,3400,-57,57,411,12,14,0.54,61992.031250,4,2.1,0.0,0.0,0.0,0.0,0.0,0.0,0.0,1.0
128485,0,1,3400,-57,57,414,10,11,1.00,32478.087891,5,2.1,0.0,0.0,0.0,0.0,0.0,0.0,0.0,1.0
128734,0,1,3400,-57,57,418,9.9,12,1.0,60480.000000,6,2.1,0.0,0.0,0.0,0.0,0.0,0.0,0.0,1.0
128983,0,1,3400,-57,57,411,4.3,13,0.95,30592.000000,2,2.1,0.0,0.0,15072.000000,33,0.0,0.0,0.0,1.0
129232,0,1,3400,-57,57,408,5.2,11,0.81,58390.437500,5,2.1,0.0,0.0,0.0,0.0,0.0,0.0,0.0,1.0
129481,0,1,3400,-57,57,415,13,12,1.4,47200.000000,24,2.1,0.0,0.0,0.0,0.0,0.0,0.0,0.0,1.0
129730,0,1,3400,-57,57,415,8.8,14,1.1,18144.000000,0,2.1,0.0,0.0,0.0,0.0,0.0,0.0,0.0,1.0
129979,0,1,3400,-57,57,411,8.8,13,0.50,36704.000000,0,2.1,5.7,0.0,17056.000000,57,0.0,0.0,0.0,1.0
130228,0,1,3400,-57,57,418,6.1,12,0.85,26048.000000,2,2.1,7.5,0.0,0.0,0.0,0.0,0.0,0.0,1.0
130477,0,1,3400,-57,57,412,9.6,13,0.82,54048.000000,13,2.1,9.9,0.0,51840.000000,33,0.0,0.0,0.0,1.0
130726,0,1,3400,-57,57,413,8.3,12,0.65,50272.000000,3,2.1,12,0.0,0.0,0.0,0.0,0.0,0.0,1.0
130975,0,1,3400,-57,57,414,8.9,13,0.54,60800.000000,0,2.1,11,186,0.0,0.0,0.0,0.0,0.0,1.0
131224,0,1,3400,-57,57,421,6.3,11,1.0,61920.000000,5,2.1,3.2,0.0,12384.000000,42,0.0,0.0,0.0,1.0
131473,0,1,3400,-57,57,414,8.9,13,0.72,68672.000000,15,2.1,0.0,0.0,0.0,0.0,0.0,0.0,0.0,1.0
131722,0,1,3400,-57,57,416,14,13,1.1,50656.000000,11,2.1,0.0,0.0,0.0,0.0,0.0,0.0,0.0,1.0
131971,0,1,3400,-57,57,411,8.8,13,0.60,26880.000000,0,2.1,0.0,0.0,16128.000000,21,0.0,0.0,0.0,1.0
132220,0,1,3400,-57,57,409,9.9,13,0.56,56832.000000,12,2.1,0.0,0.0,0.0,0.0,0.0,0.0,0.0,1.0
132469,0,1,3400,-57,57,414,8.9,12,0.65,43904.000000,4,2.1,0.0,0.0,0.0,0.0,0.0,0.0,0.0,1.0
132718,0,1,3400,-57,57,424,4.8,10,0.80,48864.000000,4,2.1,0.0,0.0,0.0,0.0,0.0,0.0,0.0,1.0
132967,0,1,3400,-57,57,417,8.1,14,0.86,41536.000000,9,2.1,0.29,0.0,13952.000000,21,0.0,0.0,0.0,1.0
133216,0,1,3400,-57,57,419,7.7,13,0.78,44960.000000,3,2.1,0.0,0.0,0.0,0.0,0.0,0.0,0.0,1.0
133465,0,1,3400,-57,57,416,9.6,14,0.65,49760.000000,5,2.1,0.0,0.0,0.0,0.0,0.0,0.0,0.0,1.0
133714,0,1,3400,-57,57,417,8.5,12,0.81,54624.000000,3,2.1,0.0,0.0,0.0,0.0,0.0,0.0,0.0,1.0
133963,0,1,3400,-57,57,419,14,13,1.1,68960.000000,2,2.1,0.0,0.0,8160.000000,29,0.0,0.0,0.0,1.0
134212,0,1,3400,-57,57,412,9.3,11,1.1,53513.945312,9,2.1,0.0,0.0,0.0,0.0,0.0,0.0,0.0,1.0
134461,0,1,3400,-57,57,406,7.4,12,0.55,68288.000000,4,2.1,0.0,0.0,0.0,0.0,0.0,0.0,0.0,1.0
134710,0,1,3400,-57,57,407,8.9,13,0.93,74176.000000,4,2.1,0.0,0.0,0.0,0.0,0.0,0.0,0.0,1.0
134959,0,1,3400,-57,57,420,3.4,11,0.68,93504.000000,3,2.1,1.5,0.0,14720.000000,50,0.0,0.0,0.0,1.0
135208,0,1,3400,-57,57,412,11,12,0.77,61280.000000,16,2.1,0.0,0.0,0.0,0.0,0.0,0.0,0.0,1.0
135457,0,1,3400,-57,57,416,12,11,0.94,36256.000000,6,2.1,0.0,0.0,0.0,0.0,0.0,0.0,0.0,1.0
135706,0,1,3400,-57,57,415,9.1,12,0.64,52864.000000,2,2.1,0.0,0.0,0.0,0.0,0.0,0.0,0.0,1.0
135955,0,1,3400,-57,57,410,9.0,13,0.53,41408.000000,0,2.1,0.0,186,5536.000000,0,0.0,0.0,0.0,1.0
136204,0,1,3400,-57,57,421,16,13,0.60,67840.000000,0,2.1,0.0,0.0,8160.000000,0,0.0,0.0,0.0,1.0
136453,0,1,3400,-57,57,411,8.1,13,0.50,21216.000000,0,2.1,0.0,0.0,0.0,0.0,0.0,0.0,0.0,1.0
136702,0,1,3400,-57,57,409,3.9,12,0.57,76704.000000,2,2.1,0.0,0.0,0.0,0.0,0.0,0.0,0.0,1.0
136951,0,1,3400,-57,57,413,6.5,12,0.53,32608.000000,4,2.1,0.0,0.0,8000.000000,22,0.0,0.0,0.0,1.0
137200,0,1,3400,-57,57,415,8.3,13,0.70,73760.000000,4,2.1,0.0,0.0,0.0,0,0.0,0.0,0.0,1.0
137449,0,1,3400,-57,57,419,11,14,0.67,35968.000000,5,2.1,0.0,0.0,5536.000000,0,0.0,0.0,0.0,1.0
137698,0,1,3400,-57,57,411,8.3,12,0.50,47808.000000,0,2.1,0.0,186,0.0,0.0,0.0,0.0,0.0,1.0
137947,0,1,3400,-57,57,410,6.6,11,0.54,56992.000000,2,2.1,0.0,0.0,17920.000000,0,0.0,0.0,0.0,1.0
138196,0,1,3400,-57,57,415,7.8,11,0.90,67808.000000,12,2.1,0.0,0.0,0.0,0.0,0.0,0.0,0.0,1.0
138445,0,1,3400,-57,57,413,10,10,0.63,54080.000000,2,2.1,0.0,0.0,0.0,0.0,0.0,0.0,0.0,1.0
138694,0,1,3400,-57,57,415,11,13,0.86,50432.000000,3,2.1,0.0,0.0,0.0,0.0,0.0,0.0,0.0,1.0
138943,0,1,3400,-57,57,413,10,13,1.0,27360.000000,13,2.1,0.67,0.0,103392.000000,17,0.0,0.0,0.0,1.0
139192,0,1,3400,-57,57,422,15,13,1.5,60416.000000,27,2.1,6.5,0.0,11072.000000,67,0.0,0.0,0.0,1.0
139441,0,1,3400,-57,57,417,9.9,14,0.78,51872.000000,3,2.1,6.5,0.0,0.0,0.0,0.0,0.0,0.0,1.0
139690,0,1,3400,-57,57,411,8.0,12,0.53,57561.753906,6,2.1,6.5,0.0,0.0,0.0,0.0,0.0,0.0,1.0
139939,0,1,3400,-57,57,409,9.1,12,1.2,45600.000000,8,2.1,6.1,0.0,12384.000000,40,0.0,0.0,0.0,1.0
140188,0,1,3400,-57,57,413,8.3,13,0.50,53024.000000,0,2.1,7.5,0.0,0.0,0.0,0.0,0.0,0.0,1.0
140437,0,1,3400,-57,57,411,12,12,1.4,35616.000000,8,2.1,7.5,0.0,0.0,0.0,0.0,0.0,0.0,1.0
140686,0,1,3400,-57,57,408,11,13,1.3,34080.000000,14,2.1,7.5,186,0.0,0.0,0.0,0.0,0.0,1.0
140935,0,1,3400,-57,57,419,3.7,12,0.58,42112.000000,0,2.1,2.5,0.0,79264.000000,67,0.0,0.0,0.0,1.0
141184,0,1,3400,-57,57,416,7.0,12,0.57,54400.000000,9,2.1,0.0,0.0,0.0,0.0,0.0,0.0,0.0,1.0
141433,0,1,3400,-57,57,421,10,12,1.0,88640.000000,9,2.1,0.0,0.0,0.0,0.0,0.0,0.0,0.0,1.0
141682,0,1,3400,-57,57,415,7.5,13,0.81,36704.000000,2,2.1,0.0,0.0,0.0,0.0,0.0,0.0,0.0,1.0
141931,0,1,3400,-57,57,412,10,11,1.4,49024.000000,11,2.1,0.0,0.0,13600.000000,18,0.0,0.0,0.0,1.0
142180,0,1,3400,-57,57,415,9.1,13,1.0,51552.000000,19,2.1,0.0,0.0,0.0,0.0,0.0,0.0,0.0,1.0
142429,0,1,3400,-57,57,414,14,12,0.56,51264.000000,0,2.1,0.0,0.0,0.0,0.0,0.0,0.0,0.0,1.0
142678,0,1,3400,-57,57,418,10,10,1.1,79392.000000,1,2.1,0.0,0.0,0.0,0.0,0.0,0.0,0.0,1.0
142927,0,1,3400,-57,57,413,14,12,0.98,39008.000000,9,2.1,0.0,0.0,13536.000000,0,0.0,0.0,0.0,1.0
143176,0,1,3400,-57,57,414,11,13,1.4,32544.000000,6,2.1,0.0,0.0,0.0,0.0,0.0,0.0,0.0,1.0
143425,0,1,3400,-57,57,418,7.7,13,0.50,16832.000000,0,2.1,0.0,0.0,0.0,0.0,0.0,0.0,0.0,1.0
143674,0,1,3400,-57,57,413,6.0,11,0.73,106560.000000,1,2.1,0.0,0.0,0.0,0.0,0.0,0.0,0.0,1.0
143923,0,1,3400,-57,57,408,7.8,11,0.78,89561.750000,4,2.1,4.5,0.0,114007.968750,32,0.0,0.0,0.0,1.0
144172,0,1,3400,-57,57,409,8.0,12,0.77,21792.000000,15,2.1,6.5,0.0,0.0,0.0,0.0,0.0,0.0,1.0
144421,0,1,3400,-57,57,406,7.8,11,1.1,71712.000000,19,2.1,6.4,0.0,0.0,0.0,0.0,0.0,0.0,1.0
144670,0,1,3400,-57,57,412,7.7,13,0.51,53408.000000,0,2.1,6.5,186,0.0,0.0,0.0,0.0,0.0,1.0
144919,0,1,3400,-57,57,416,8.2,13,0.78,46240.000000,4,2.1,4.5,0.0,9056.000000,36,0.0,0.0,0.0,1.0
145168,0,1,3400,-57,57,415,8.7,13,0.57,52896.000000,3,2.1,0.0,0.0,0.0,0.0,0.0,0.0,0.0,1.0
145417,0,1,3400,-57,57,415,9.7,12,0.50,27040.000000,0,2.1,0.0,0.0,0.0,0.0,0.0,0.0,0.0,1.0
145666,0,1,3400,-57,57,417,11,12,0.75,49408.000000,5,2.1,0.0,186,0.0,0.0,0.0,0.0,0.0,1.0
145915,0,1,3400,-57,57,411,11,13,1.0,38144.000000,4,2.1,0.0,0.0,8160.000000,0,0.0,0.0,0.0,1.0
146164,0,1,3400,-57,57,415,8.3,12,0.60,62368.000000,10,2.1,0.0,0.0,0.0,0.0,0.0,0.0,0.0,1.0
146413,0,1,3400,-57,57,411,14,14,0.54,21280.000000,0,2.1,0.0,0.0,0.0,0.0,0.0,0.0,0.0,1.0
146662,0,1,3400,-57,57,412,14,12,0.64,39424.000000,10,2.1,0.0,186,0.0,0.0,0.0,0.0,0.0,1.0
146911,0,1,3400,-57,57,412,8.2,11,1.4,69280.000000,12,2.1,0.0,0.0,8160.000000,29,0.0,0.0,0.0,1.0
147160,0,1,3400,-57,57,422,10.0,11,1.5,66816.000000,11,2.1,0.0,0.0,0.0,0.0,0.0,0.0,0.0,1.0
147409,0,1,3400,-57,57,414,10,12,0.88,52320.000000,0,2.1,0.0,0.0,0.0,0.0,0.0,0.0,0.0,1.0
147658,0,1,3400,-57,57,406,7.6,13,0.67,47712.000000,0,2.1,0.0,0.0,0.0,0.0,0.0,0.0,0.0,1.0
147907,0,1,3400,-57,57,415,12,13,1.2,67328.000000,7,2.1,0.0,0.0,13696.000000,12,0.0,0.0,0.0,1.0
148156,0,1,3400,-57,57,412,11,13,0.50,32320.000000,0,2.1,0.0,0.0,0.0,0.0,0.0,0.0,0.0,1.0
148405,0,1,3400,-57,57,411,9.1,11,1.4,58528.000000,12,2.1,0.0,0.0,0.0,0.0,0.0,0.0,0.0,1.0
148654,0,1,3400,-57,57,414,12,14,1.9,38272.000000,19,2.1,0.0,0.0,0.0,0.0,0.0,0.0,0.0,1.0
148903,0,1,3400,-57,57,419,11,13,1.1,112320.000000,3,2.1,4.5,0.0,24960.000000,0,0.0,0.0,0.0,1.0
149152,0,1,3400,-57,57,418,9.4,12,0.51,49312.000000,0,2.1,7.5,0.0,0.0,0.0,0.0,0.0,0.0,1.0
149401,0,1,3400,-57,57,416,8.1,13,0.98,40416.000000,2,2.1,7.5,0.0,0.0,0.0,0.0,0.0,0.0,1.0
149650,0,1,3400,-57,57,414,8.7,13,0.78,48928.000000,2,2.1,7.5,186,0.0,0.0,0.0,0.0,0.0,1.0
149899,0,1,3400,-57,57,410,9.9,12,0.99,60928.000000,9,2.1,11,0.0,39648.000000,62,0.0,0.0,0.0,1.0
150148,0,1,3400,-57,57,410,17,11,0.99,50688.000000,12,2.1,7.4,0.0,0.0,0.0,0.0,0.0,0.0,1.0
150397,0,1,3400,-57,57,411,8.8,12,0.59,50592.000000,2,2.1,7.5,0.0,0.0,0.0,0.0,0.0,0.0,1.0
150646,0,1,3400,-57,57,416,6.5,13,0.59,31394.421875,0,2.1,7.5,186,0.0,0.0,0.0,0.0,0.0,1.0
150895,0,1,3400,-57,57,415,13,13,0.60,49568.000000,9,2.1,2.3,0.0,9184.000000,57,0.0,0.0,0.0,1.0
151144,0,1,3400,-57,57,406,7.4,12,0.93,62624.000000,5,2.1,0.0,0.0,0.0,0.0,0.0,0.0,0.0,1.0
151393,0,1,3400,-57,57,416,9.0,12,0.50,27537.847656,0,2.1,0.0,0.0,0.0,0.0,0.0,0.0,0.0,1.0
151642,0,1,3400,-57,57,416,7.4,12,0.61,52256.000000,1,2.1,0.0,186,0.0,0.0,0.0,0.0,0.0,1.0
151891,0,1,3400,-57,57,426,8.8,13,0.50,24416.000000,0,2.1,0.0,186,0.0,0.0,0.0,0.0,0.0,1.0
152140,0,1,3400,-57,57,416,8.5,13,0.54,45824.000000,8,2.1,0.0,0.0,8192.000000,0,0.0,0.0,0.0,1.0
152389,0,1,3400,-57,57,414,9.8,13,0.53,49312.000000,5,2.1,0.0,0.0,0.0,0.0,0.0,0.0,0.0,1.0
152638,0,1,3400,-57,57,409,7.9,10,1.1,67712.000000,4,2.1,0.0,0.0,0.0,0.0,0.0,0.0,0.0,1.0
152887,0,1,3400,-57,57,413,5.2,11,0.57,64864.000000,3,2.1,0.0,0.0,8064.000000,0,0.0,0.0,0.0,1.0
153136,0,1,3400,-57,57,415,8.1,13,0.79,57952.000000,6,2.1,0.0,0.0,0.0,0.0,0.0,0.0,0.0,1.0
153385,0,1,3400,-57,57,418,7.3,12,0.54,79968.000000,0,2.1,0.0,0.0,0.0,0.0,0.0,0.0,0.0,1.0
153634,0,1,3400,-57,57,416,9.4,13,1.1,49056.000000,12,2.1,0.0,186,0.0,0.0,0.0,0.0,0.0,1.0
153883,0,1,3400,-57,57,409,11,12,1.3,48576.000000,16,2.1,1.5,0.0,9184.000000,57,0.0,0.0,0.0,1.0
154132,0,1,3400,-57,57,411,8.2,13,1.4,22080.000000,15,2.1,0.0,0.0,0.0,0.0,0.0,0.0,0.0,1.0
154381,0,1,3400,-57,57,410,7.7,13,0.82,16928.000000,0,2.1,0.0,0.0,0.0,0.0,0.0,0.0,0.0,1.0
154630,0,1,3400,-57,57,419,10.0,13,0.51,38240.000000,3,2.1,0.0,186,0.0,0.0,0.0,0.0,0.0,1.0
154879,0,1,3400,-57,57,414,4.7,11,0.53,52000.000000,1,2.1,0.0,186,0.0,0.0,0.0,0.0,0.0,1.0
155128,0,1,3400,-57,57,413,6.3,11,0.53,71552.000000,4,2.1,0.0,0.0,8160.000000,29,0.0,0.0,0.0,1.0
155377,0,1,3400,-57,57,412,6.4,12,0.60,49312.000000,8,2.1,0.0,0.0,0.0,0.0,0.0,0.0,0.0,1.0
155626,0,1,3400,-57,57,411,9.1,9.6,1.3,66464.000000,18,2.1,0.0,0.0,0.0,0.0,0.0,0.0,0.0,1.0
155875,0,1,3400,-57,57,411,9.2,12,0.53,56896.000000,5,2.1,0.0,0.0,8160.000000,17,0.0,0.0,0.0,1.0
156124,0,1,3400,-57,57,417,10,14,0.65,41856.000000,4,2.1,0.0,0.0,0.0,0.0,0.0,0.0,0.0,1.0
156373,0,1,3400,-57,57,415,14,11,0.90,76960.000000,3,2.1,0.0,0.0,0.0,0.0,0.0,0.0,0.0,1.0
156622,0,1,3400,-57,57,410,10.0,13,0.72,49408.000000,14,2.1,0.0,186,0.0,0.0,0.0,0.0,0.0,1.0
156871,0,1,3400,-57,57,410,10,13,0.80,27296.000000,0,2.1,14,0.0,26656.000000,33,0.0,0.0,0.0,1.0
157120,0,1,3400,-57,57,420,10,13,0.64,52128.000000,4,2.1,22,0.0,0.0,0.0,0.0,0.0,0.0,1.0
157369,0,1,3400,-57,57,422,13,14,0.94,66592.000000,4,2.1,22,0.0,0.0,0.0,0.0,0.0,0.0,1.0
157618,0,1,3400,-57,57,420,15,12,1.1,56064.000000,11,2.1,22,0.0,0.0,0.0,0.0,0.0,0.0,1.0
157867,0,1,3400,-57,57,415,12,12,0.83,46368.000000,7,2.1,15,0.0,19680.000000,36,0.0,0.0,0.0,1.0
158116,0,1,3400,-57,57,419,9.5,13,0.72,61888.000000,6,2.1,0.0,0.0,0.0,0,0.0,0.0,0.0,1.0
158365,0,1,3400,-57,57,414,11,14,0.75,41696.000000,0,2.1,0.0,0.0,3488.000000,0,0.0,0.0,0.0,1.0
158614,0,1,3400,-57,57,414,7.3,13,0.50,27488.000000,0,2.1,0.0,0.0,0.0,0.0,0.0,0.0,0.0,1.0
158863,0,1,3400,-57,57,412,15,12,0.50,36544.000000,0,2.1,8.2,0.0,11776.000000,14,0.0,0.0,0.0,1.0
159112,0,1,3400,-57,57,412,11,13,0.51,30400.000000,7,2.1,14,0.0,0.0,0.0,0.0,0.0,0.0,1.0
159361,0,1,3400,-57,57,422,13,12,0.74,58880.000000,15,2.1,14,0.0,0.0,0.0,0.0,0.0,0.0,1.0
159610,0,1,3400,-57,57,415,9.2,13,0.55,55104.000000,0,2.1,14,186,0.0,0.0,0.0,0.0,0.0,1.0
159859,0,1,3400,-57,57,420,7.3,11,0.89,76832.000000,7,2.1,3.4,0.0,17856.000000,57,0.0,0.0,0.0,1.0
160108,0,1,3400,-57,57,421,10.0,14,0.50,37792.000000,0,2.1,0.0,0.0,0.0,0.0,0.0,0.0,0.0,1.0
160357,0,1,3400,-57,57,419,7.5,13,0.51,47296.000000,3,2.1,0.0,0.0,0.0,0.0,0.0,0.0,0.0,1.0
160606,0,1,3400,-57,57,421,9.3,13,0.57,36512.000000,6,2.1,0.0,0.0,0.0,0.0,0.0,0.0,0.0,1.0
160855,0,1,3400,-57,57,413,15,13,1.4,56608.000000,12,2.1,8.7,0.0,173088.000000,59,0.0,0.0,0.0,1.0
161104,0,1,3400,-57,57,416,8.6,11,0.52,56352.000000,0,2.1,16,0.0,0.0,0.0,0.0,0.0,0.0,1.0
161353,0,1,3400,-57,57,417,16,13,0.70,29472.000000,28,2.1,16,0.0,0.0,0.0,0.0,0.0,0.0,1.0
161602,0,1,3400,-57,57,408,14,12,1.7,28032.000000,9,2.1,16,0.0,0.0,0.0,0.0,0.0,0.0,1.0
161851,0,1,3400,-57,57,433,12,12,0.84,40512.000000,10,2.1,1.5,0.0,12512.000000,0,0.0,0.0,0.0,1.0
162100,0,1,3400,-57,57,451,7.0,12,1.5,38816.000000,16,2.1,0.0,0.0,0.0,0.0,0.0,0.0,0.0,1.0
162349,0,1,3400,-57,57,420,5.0,11,0.62,87648.000000,0.8,2.1,0.0,0.0,0.0,0.0,0.0,0.0,0.0,1.0
162598,0,1,3400,-57,57,420,11,13,0.76,63104.000000,7,2.1,0.0,186,0.0,0.0,0.0,0.0,0.0,1.0
162847,0,1,3400,-57,57,415,12,12,0.51,66816.000000,0,2.1,3.7,0.0,9184.000000,57,0.0,0.0,0.0,1.0
163096,0,1,3400,-57,57,416,12,12,1.1,23744.000000,17,2.1,2.6,0.0,5536.000000,0,0.0,0.0,0.0,1.0
163345,0,1,3400,-57,57,417,12,12,1.2,33600.000000,13,2.1,0.0,0.0,0.0,0.0,0.0,0.0,0.0,1.0
163594,0,1,3400,-57,57,416,11,12,0.58,49402.390625,3,2.1,0.0,0.0,0.0,0.0,0.0,0.0,0.0,1.0
163843,0,1,3400,-57,57,416,13,13,1.4,45952.000000,5,2.1,2.3,80,3616.000000,57,0.0,0.0,0.0,1.0
164092,0,1,3400,-57,57,410,11,12,0.74,39840.000000,0,2.1,8.0,80,0.0,0.0,0.0,0.0,0.0,1.0
164341,0,1,3400,-57,57,419,12,13,1.7,43904.000000,17,2.1,2.4,0.0,8768.000000,0,0.0,0.0,0.0,1.0
164590,0,1,3400,-57,57,417,7.8,12,0.53,51744.000000,4,2.1,0.0,0.0,0.0,0.0,0.0,0.0,0.0,1.0
164839,0,1,3400,-57,57,419,13,13,1.1,44800.000000,12,2.1,0.064,0.0,20384.000000,17,0.0,0.0,0.0,1.0
165088,0,1,3400,-57,57,421,8.5,12,0.91,59712.000000,2,2.1,0.0,0.0,0.0,0.0,0.0,0.0,0.0,1.0
165337,0,1,3400,-57,57,424,8.9,13,1.4,42112.000000,10,2.1,0.0,0.0,0.0,0.0,0.0,0.0,0.0,1.0
165586,0,1,3400,-57,57,414,7.8,12,0.90,64896.000000,8,2.1,0.0,0.0,0.0,0.0,0.0,0.0,0.0,1.0
165835,0,1,3400,-57,57,410,15,12,0.60,49856.000000,5,2.1,13,0.0,86016.000000,0,0.0,0.0,0.0,1.0
166084,0,1,3400,-57,57,411,8.7,12,0.58,51040.000000,0,2.1,14,0.0,0.0,0.0,0.0,0.0,0.0,1.0
166333,0,1,3400,-57,57,412,9.2,11,0.64,67040.000000,8,2.1,15,0.0,0.0,0.0,0.0,0.0,0.0,1.0
166582,0,1,3400,-57,57,411,11,13,0.71,57024.000000,4,2.1,14,0.0,0.0,0.0,0.0,0.0,0.0,1.0
166831,0,1,3400,-57,57,419,7.1,11,0.69,71904.000000,0.9,2.1,14,0.0,0.0,80,0.0,0.0,0.0,1.0
167080,0,1,3400,-57,57,421,9.5,13,0.66,37960.160156,13,2.1,14,0.0,0.0,0.0,0.0,0.0,0.0,1.0
167329,0,1,3400,-57,57,416,8.7,11,0.93,83104.000000,10,2.1,14,0.0,0.0,0.0,0.0,0.0,0.0,1.0
167578,0,1,3400,-57,57,417,6.9,10,0.66,67238.093750,4,2.1,14,0.0,0.0,0.0,0.0,0.0,0.0,1.0
167827,0,1,3400,-57,57,413,8.3,13,0.88,32352.000000,8,2.1,5.7,0.0,8160.000000,29,0.0,0.0,0.0,1.0
168076,0,1,3400,-57,57,414,12,12,0.85,75680.000000,6,2.1,0.13,0.0,0.0,0.0,0.0,0.0,0.0,1.0
168325,0,1,3400,-57,57,409,7.1,12,0.65,44832.000000,10,2.1,0.0,0.0,0.0,0.0,0.0,0.0,0.0,1.0
168574,0,1,3400,-57,57,403,10,12,1.2,35840.000000,6,2.1,0.0,0.0,0.0,0.0,0.0,0.0,0.0,1.0
168823,0,1,3400,-57,57,408,8.7,12,0.70,43040.000000,9,2.1,0.0,0.0,8064.000000,0,0.0,0.0,0.0,1.0
169072,0,1,3400,-57,57,418,16,12,0.70,58976.000000,6,2.1,0.0,0.0,0.0,0.0,0.0,0.0,0.0,1.0
169321,0,1,3400,-57,57,418,8.8,12,0.58,53056.000000,0,2.1,0.0,0.0,0.0,0.0,0.0,0.0,0.0,1.0
169570,0,1,3400,-57,57,416,7.4,12,0.82,72704.000000,6,2.1,0.0,0.0,0.0,0.0,0.0,0.0,0.0,1.0
169819,0,1,3400,-57,57,418,8.0,12,0.99,43808.000000,9,2.1,2.1,0.0,27520.000000,31,0.0,0.0,0.0,1.0
170068,0,1,3400,-57,57,417,13,13,0.51,29609.562500,8,2.1,0.0,0.0,0.0,0.0,0.0,0.0,0.0,1.0
170317,0,1,3400,-57,57,416,10,13,0.50,53856.000000,0,2.1,0.0,0.0,0.0,0.0,0.0,0.0,0.0,1.0
170566,0,1,3400,-57,57,419,9.5,13,0.85,15360.000000,10,2.1,0.0,0.0,0.0,0.0,0.0,0.0,0.0,1.0
170815,0,1,3400,-57,57,413,7.0,11,1.3,67136.000000,14,2.1,6.9,0.0,0.0,80,0.0,0.0,0.0,1.0
171064,0,1,3400,-57,57,410,8.2,13,0.50,40672.000000,0,2.1,7.6,0.0,0.0,0.0,0.0,0.0,0.0,1.0
171313,0,1,3400,-57,57,410,9.1,12,0.73,59104.000000,9,2.1,7.5,0.0,0.0,0.0,0.0,0.0,0.0,1.0
171562,0,1,3400,-57,57,418,8.8,12,0.92,36768.000000,29,2.1,7.5,0.0,0.0,0.0,0.0,0.0,0.0,1.0
171811,0,1,3400,-57,57,418,9.7,11,1.1,78752.000000,5,2.1,5.7,0.0,19648.000000,38,0.0,0.0,0.0,1.0
172060,0,1,3400,-57,57,412,8.6,12,0.91,45760.000000,13,2.1,6.5,0.0,0.0,0.0,0.0,0.0,0.0,1.0
172309,0,1,3400,-57,57,413,11,14,1.1,42304.000000,6,2.1,6.5,0.0,0.0,0.0,0.0,0.0,0.0,1.0
172558,0,1,3400,-57,57,417,8.4,12,0.87,31520.000000,2,2.1,6.5,0.0,0.0,0.0,0.0,0.0,0.0,1.0
172807,0,1,3400,-57,57,416,9.7,12,0.63,50752.000000,8,2.1,3.8,0.0,8160.000000,0,0.0,0.0,0.0,1.0
173056,0,1,3400,-57,57,415,11,13,0.95,74400.000000,12,2.1,0.0,0.0,0.0,0.0,0.0,0.0,0.0,1.0
173305,0,1,3400,-57,57,414,10.0,12,0.87,51584.000000,14,2.1,0.0,0.0,0.0,0.0,0.0,0.0,0.0,1.0
173554,0,1,3400,-57,57,415,7.6,12,0.65,65792.000000,7,2.1,0.0,0.0,0.0,0.0,0.0,0.0,0.0,1.0
173803,0,1,3400,-57,57,415,13,12,1.7,52832.000000,22,2.1,0.0,0.0,6848.000000,50,0.0,0.0,0.0,1.0
174052,0,1,3400,-57,57,417,9.8,12,1.3,50304.000000,26,2.1,0.0,0.0,0.0,0.0,0.0,0.0,0.0,1.0
174301,0,1,3400,-57,57,415,7.4,12,0.65,77152.000000,3,2.1,0.0,0.0,0.0,0.0,0.0,0.0,0.0,1.0
174550,0,1,3400,-57,57,415,8.2,11,0.61,41728.000000,0,2.1,0.0,186,0.0,0.0,0.0,0.0,0.0,1.0
174799,0,1,3400,-57,57,414,5.9,12,0.53,66912.000000,2,2.1,13,0.0,120544.000000,60,0.0,0.0,0.0,1.0
175048,0,1,3400,-57,57,414,10,11,0.67,53120.000000,4,2.1,16,0.0,0.0,0.0,0.0,0.0,0.0,1.0
175297,0,1,3400,-57,57,410,6.8,14,0.58,36256.000000,9,2.1,16,0.0,0.0,0.0,0.0,0.0,0.0,1.0
175546,0,1,3400,-57,57,416,7.0,13,0.52,47712.000000,4,2.1,16,0.0,0.0,0.0,0.0,0.0,0.0,1.0
175795,0,1,3400,-57,57,413,9.5,13,1.0,38464.000000,22,2.1,13,0.0,6528.000000,50,0.0,0.0,0.0,1.0
176044,0,1,3400,-57,57,411,8.2,13,0.68,29728.000000,11,2.1,12,0.0,0.0,0.0,0.0,0.0,0.0,1.0
176293,0,1,3400,-57,57,408,5.2,13,0.50,39072.000000,0,2.1,12,0.0,0.0,0.0,0.0,0.0,0.0,1.0
176542,0,1,3400,-57,57,410,10,11,0.65,45440.000000,10,2.1,12,0.0,0.0,0.0,0.0,0.0,0.0,1.0
176791,0,1,3400,-57,57,412,6.1,12,1.1,37984.000000,6,2.1,14,0.0,19488.000000,57,0.0,0.0,0.0,1.0
177040,0,1,3400,-57,57,413,8.8,13,0.69,36768.000000,4,2.1,16,0.0,0.0,0.0,0.0,0.0,0.0,1.0
177289,0,1,3400,-57,57,411,8.7,12,0.57,55648.000000,0,2.1,16,0.0,0.0,0.0,0.0,0.0,0.0,1.0
177538,0,1,3400,-57,57,419,12,12,0.51,40000.000000,5,2.1,16,0.0,0.0,0.0,0.0,0.0,0.0,1.0
177787,0,1,3400,-57,57,418,11,13,1.3,62592.000000,7,2.1,1.6,0.0,7904.000000,22,0.0,0.0,0.0,1.0
178036,0,1,3400,-57,57,415,9.1,13,0.54,44032.000000,0,2.1,0.0,0.0,0.0,0.0,0.0,0.0,0.0,1.0
178285,0,1,3400,-57,57,416,10,13,0.50,49472.000000,0,2.1,0.97,0.0,576,0,0.0,0.0,0.0,1.0
178534,0,1,3400,-57,57,414,8.8,13,0.75,51904.000000,2,2.1,1.0,186,0.0,0.0,0.0,0.0,0.0,1.0
178783,0,1,3400,-57,57,418,6.4,12,0.68,39136.000000,2,2.1,0.072,0.0,13696.000000,30,0.0,0.0,0.0,1.0
179032,0,1,3400,-57,57,414,7.9,12,0.56,43136.000000,3,2.1,0.0,0.0,0.0,0.0,0.0,0.0,0.0,1.0
179281,0,1,3400,-57,57,418,8.6,12,0.71,71040.000000,5,2.1,0.0,0.0,0.0,0.0,0.0,0.0,0.0,1.0
179530,0,1,3400,-57,57,416,10,13,0.60,67200.000000,3,2.1,0.0,186,0.0,0.0,0.0,0.0,0.0,1.0
179779,0,1,3400,-57,57,415,9.2,12,0.94,65888.000000,2,2.1,0.36,0.0,6112.000000,50,0.0,0.0,0.0,1.0
180028,0,1,3400,-57,57,413,11,12,1.1,92256.000000,5,2.1,9.6,0.0,19232.000000,57,0.0,0.0,0.0,1.0
180277,0,1,3400,-57,57,410,8.4,13,1.2,47456.000000,10,2.1,0.0,0.0,0.0,0.0,0.0,0.0,0.0,1.0
180526,0,1,3400,-57,57,413,7.1,14,0.50,47712.000000,0,2.1,0.0,0.0,0.0,0.0,0.0,0.0,0.0,1.0
180775,0,1,3400,-57,57,414,8.6,12,1.1,26272.000000,7,2.1,0.0,0.0,8160.000000,29,0.0,0.0,0.0,1.0
181024,0,1,3400,-57,57,417,16,12,0.88,52256.000000,6,2.1,0.0,0.0,0.0,0.0,0.0,0.0,0.0,1.0
181274,0,1,3400,-57,57,421,13,12,0.77,61184.000000,4,2.1,0.0,0.0,0.0,0.0,0.0,0.0,0.0,1.0
181523,0,1,3400,-57,57,418,12,12,0.94,67264.000000,16,2.1,0.13,0.0,0.0,0.0,0.0,0.0,0.0,1.0
181772,0,1,3400,-57,57,413,12,13,0.81,41248.000000,12,2.1,0.0,0.0,8064.000000,22,0.0,0.0,0.0,1.0
182021,0,1,3400,-57,57,410,8.9,14,0.58,58048.000000,3,2.1,0.0,0.0,0.0,0.0,0.0,0.0,0.0,1.0
182270,0,1,3400,-57,57,416,11,13,0.59,60480.000000,5,2.1,0.064,0.0,0.0,0.0,0.0,0.0,0.0,1.0
182519,0,1,3400,-57,57,413,8.4,14,0.99,54592.000000,6,2.1,0.0,0.0,0.0,0.0,0.0,0.0,0.0,1.0
182768,0,1,3400,-57,57,414,5.8,13,0.54,73344.000000,1,2.1,0.0,0.0,8160.000000,0,0.0,0.0,0.0,1.0
183017,0,1,3400,-57,57,419,9.1,13,0.58,54848.000000,3,2.1,0.0,0.0,0.0,0.0,0.0,0.0,0.0,1.0
183266,0,1,3400,-57,57,414,7.6,11,0.61,33824.000000,14,2.1,0.0,0.0,0.0,0.0,0.0,0.0,0.0,1.0
183515,0,1,3400,-57,57,412,14,13,0.92,75392.000000,13,2.1,0.0,186,0.0,0.0,0.0,0.0,0.0,1.0
183764,0,1,3400,-57,57,414,9.9,13,0.99,63200.000000,11,2.1,0.0,0.0,19488.000000,0,0.0,0.0,0.0,1.0
184013,0,1,3400,-57,57,416,9.5,13,0.54,43104.000000,9,2.1,0.064,0.0,0.0,0.0,0.0,0.0,0.0,1.0
184262,0,1,3400,-57,57,419,9.7,13,0.88,49216.000000,0,2.1,0.0,0.0,0.0,0.0,0.0,0.0,0.0,1.0
184511,0,1,3400,-57,57,416,12,13,0.54,57088.000000,0,2.1,6.5,186,1312.000000,0,0.0,0.0,0.0,1.0
184760,0,1,3400,-57,57,415,9.4,12,0.66,42912.000000,8,2.1,7.7,0.0,0.0,80,0.0,0.0,0.0,1.0
185009,0,1,3400,-57,57,418,9.7,12,0.50,21376.000000,0,2.1,7.5,0.0,0.0,0.0,0.0,0.0,0.0,1.0
185258,0,1,3400,-57,57,419,9.1,13,0.61,40640.000000,4,2.1,7.5,0.0,0.0,0.0,0.0,0.0,0.0,1.0
185507,0,1,3400,-57,57,419,12,13,0.68,42528.000000,6,2.1,7.5,0.0,0.0,0.0,0.0,0.0,0.0,1.0
185756,0,1,3400,-57,57,413,9.5,13,0.77,60224.000000,12,2.1,0.54,186,5536.000000,33,0.0,0.0,0.0,1.0
186005,0,1,3400,-57,57,409,12,13,0.51,45792.000000,0,2.1,0.0,0.0,8064.000000,0,0.0,0.0,0.0,1.0
186254,0,1,3400,-57,57,411,12,11,0.65,68192.000000,6,2.1,0.0,0.0,0.0,0.0,0.0,0.0,0.0,1.0
186503,0,1,3400,-57,57,420,14,14,1.0,55264.000000,16,2.1,0.0,0.0,0.0,0.0,0.0,0.0,0.0,1.0
186752,0,1,3400,-57,57,415,8.8,14,0.74,73216.000000,5,2.1,6.3,0.0,95200.000000,15,0.0,0.0,0.0,1.0
187001,0,1,3400,-57,57,419,9.8,13,0.98,50176.000000,10,2.1,9.0,0.0,3488.000000,0,0.0,0.0,0.0,1.0
187250,0,1,3400,-57,57,417,9.2,13,0.93,56160.000000,6,2.1,8.5,0.0,0.0,0.0,0.0,0.0,0.0,1.0
187499,0,1,3400,-57,57,417,9.1,12,0.79,39840.000000,0,2.1,8.5,0.0,0.0,0.0,0.0,0.0,0.0,1.0
187748,0,1,3400,-57,57,412,11,12,0.59,40704.000000,0,2.1,11,0.0,0.0,80,0.0,0.0,0.0,1.0
187997,0,1,3400,-57,57,410,9.6,13,0.70,59840.000000,3,2.1,15,0.0,0.0,0.0,0.0,0.0,0.0,1.0
188246,0,1,3400,-57,57,415,9.8,12,1.1,71136.000000,12,2.1,15,0.0,0.0,0.0,0.0,0.0,0.0,1.0
188495,0,1,3400,-57,57,412,9.6,12,0.93,56512.000000,13,2.1,15,0.0,0.0,0.0,0.0,0.0,0.0,1.0
188744,0,1,3400,-57,57,414,10,12,1.6,34039.839844,8,2.1,1.3,0.0,8254.980469,22,0.0,0.0,0.0,1.0
188993,0,1,3400,-57,57,411,11,11,1.2,84832.000000,8,2.1,0.064,0.0,0.0,0.0,0.0,0.0,0.0,1.0
189242,0,1,3400,-57,57,416,7.0,11,0.50,42176.000000,0,2.1,0.0,0.0,0.0,0.0,0.0,0.0,0.0,1.0
189491,0,1,3400,-57,57,414,10,13,1.5,53280.000000,6,2.1,0.0,0.0,0.0,0.0,0.0,0.0,0.0,1.0
189740,0,1,3400,-57,57,412,9.7,14,0.60,32064.000000,4,2.1,2.2,0.0,0.0,80,0.0,0.0,0.0,1.0
189989,0,1,3400,-57,57,412,7.8,13,0.69,40288.000000,4,2.1,7.5,0.0,0.0,0.0,0.0,0.0,0.0,1.0
190238,0,1,3400,-57,57,416,8.1,13,0.59,51168.000000,0,2.1,7.5,0.0,0.0,0.0,0.0,0.0,0.0,1.0
190487,0,1,3400,-57,57,413,9.9,13,0.55,25472.000000,0,2.1,7.5,186,0.0,0.0,0.0,0.0,0.0,1.0
190736,0,1,3400,-57,57,413,8.5,12,0.71,37737.050781,9,2.1,2.5,0.0,10709.163086,50,0.0,0.0,0.0,1.0
190985,0,1,3400,-57,57,412,8.0,11,0.70,48736.000000,2,2.1,0.064,0.0,0.0,0.0,0.0,0.0,0.0,1.0
191234,0,1,3400,-57,57,422,5.9,11,1.1,51744.000000,9,2.1,0.064,0.0,0.0,0.0,0.0,0.0,0.0,1.0
191483,0,1,3400,-57,57,419,10,12,1.1,92557.765625,11,2.1,0.0,186,0.0,0.0,0.0,0.0,0.0,1.0
191732,0,1,3400,-57,57,414,8.7,12,0.66,47488.000000,10,2.1,6.6,0.0,23904.000000,50,0.0,0.0,0.0,1.0
191981,0,1,3400,-57,57,415,9.9,12,0.67,37760.000000,11,2.1,6.0,0.0,0.0,0.0,0.0,0.0,0.0,1.0
192230,0,1,3400,-57,57,414,12,11,1.0,62272.000000,15,2.1,6.0,0.0,0.0,0.0,0.0,0.0,0.0,1.0
192479,0,1,3400,-57,57,415,7.5,11,0.69,76256.000000,3,2.1,6.0,186,0.0,0.0,0.0,0.0,0.0,1.0
192728,0,1,3400,-57,57,412,8.5,14,0.80,32480.000000,9,2.1,0.43,0.0,42272.000000,43,0.0,0.0,0.0,1.0
192977,0,1,3400,-57,57,414,7.7,12,0.77,37696.000000,4,2.1,0.0,0.0,4384.000000,0,0.0,0.0,0.0,1.0
193226,0,1,3400,-57,57,413,8.2,12,0.57,77440.000000,0,2.1,0.0,0.0,0.0,0.0,0.0,0.0,0.0,1.0
193475,0,1,3400,-57,57,417,11,11,0.77,50496.000000,7,2.1,0.0,0.0,0.0,0.0,0.0,0.0,0.0,1.0
193724,0,1,3400,-57,57,420,7.9,11,0.57,53696.000000,2,2.1,2.1,0.0,27392.000000,36,0.0,0.0,0.0,1.0
193973,0,1,3400,-57,57,421,9.5,12,0.65,49792.000000,8,2.1,0.0,0.0,0.0,0.0,0.0,0.0,0.0,1.0
194222,0,1,3400,-57,57,420,11,12,0.70,33984.000000,5,2.1,0.0,0.0,0.0,0.0,0.0,0.0,0.0,1.0
194471,0,1,3400,-57,57,418,5.8,11,0.70,77856.000000,6,2.1,0.0,0.0,0.0,0.0,0.0,0.0,0.0,1.0
194720,0,1,3400,-57,57,409,6.7,11,0.55,43488.000000,0,2.1,6.8,0.0,5536.000000,57,0.0,0.0,0.0,1.0
194969,0,1,3400,-57,57,413,7.9,12,0.63,63328.000000,6,2.1,7.5,0.0,0.0,0.0,0.0,0.0,0.0,1.0
195218,0,1,3400,-57,57,418,9.8,13,0.54,22016.000000,17,2.1,7.5,0.0,0.0,0.0,0.0,0.0,0.0,1.0
195467,0,1,3400,-57,57,411,14,15,0.67,48160.000000,6,2.1,7.5,0.0,0.0,0.0,0.0,0.0,0.0,1.0
195716,0,1,3400,-57,57,416,9.8,13,0.53,50048.000000,0,2.1,7.5,0.0,13696.000000,12,0.0,0.0,0.0,1.0
195965,0,1,3400,-57,57,421,12,13,0.77,85696.000000,5,2.1,7.5,0.0,0.0,0.0,0.0,0.0,0.0,1.0
196214,0,1,3400,-57,57,412,7.8,11,0.63,78496.000000,1,2.1,7.5,0.0,0.0,0.0,0.0,0.0,0.0,1.0
196463,0,1,3400,-57,57,413,10,13,0.99,55936.000000,4,2.1,7.5,0.0,0.0,0.0,0.0,0.0,0.0,1.0
196712,0,1,3400,-57,57,412,13,13,1.5,39232.000000,16,2.1,1.8,0.0,12256.000000,14,0.0,0.0,0.0,1.0
196961,0,1,3400,-57,57,411,13,13,1.1,44512.000000,11,2.1,0.0,0.0,0.0,0.0,0.0,0.0,0.0,1.0
197210,0,1,3400,-57,57,413,7.7,12,0.59,63936.000000,2,2.1,0.0,0.0,0.0,0.0,0.0,0.0,0.0,1.0
197459,0,1,3400,-57,57,406,9.9,12,0.61,66784.000000,3,2.1,0.0,186,0.0,0.0,0.0,0.0,0.0,1.0
197708,0,1,3400,-57,57,407,12,12,0.71,32640.000000,12,2.1,6.5,0.0,38400.000000,44,0.0,0.0,0.0,1.0
197957,0,1,3400,-57,57,408,5.7,12,0.71,63936.000000,2,2.1,21,0.0,0.0,0.0,0.0,0.0,0.0,1.0
198206,0,1,3400,-57,57,412,10,13,0.71,40224.000000,6,2.1,21,0.0,0.0,0.0,0.0,0.0,0.0,1.0
198455,0,1,3400,-57,57,412,7.6,11,0.76,43792.828125,10,2.1,21,0.0,0.0,0.0,0.0,0.0,0.0,1.0
198704,0,1,3400,-57,57,418,11,12,0.56,54368.000000,3,2.1,15,0.0,0.0,80,0.0,0.0,0.0,1.0
198953,0,1,3400,-57,57,420,9.8,13,0.83,53290.835938,6,2.1,13,0.0,0.0,0.0,0.0,0.0,0.0,1.0
199202,0,1,3400,-57,57,415,8.4,11,0.64,64512.000000,3,2.1,13,0.0,0.0,0.0,0.0,0.0,0.0,1.0
199451,0,1,3400,-57,57,413,11,13,1.5,62144.000000,20,2.1,13,0.0,0.0,0.0,0.0,0.0,0.0,1.0
199700,0,1,3400,-57,57,419,8.6,12,1.1,42912.000000,6,2.1,7.4,0.0,8160.000000,0,0.0,0.0,0.0,1.0
199949,0,1,3400,-57,57,420,7.5,14,1.0,38656.000000,4,2.1,0.0,0.0,0.0,0.0,0.0,0.0,0.0,1.0
200198,0,1,3400,-57,57,419,12,12,1.5,26112.000000,21,2.1,0.0,0.0,0.0,0.0,0.0,0.0,0.0,1.0
200447,0,1,3400,-57,57,412,15,13,1.5,45728.000000,5,2.1,0.0,186,0.0,0.0,0.0,0.0,0.0,1.0
200696,0,1,3400,-57,57,413,9.0,13,0.51,35808.000000,5,2.1,0.0,0.0,13440.000000,0,0.0,0.0,0.0,1.0
200945,0,1,3400,-57,57,411,9.7,13,0.50,37984.000000,0,2.1,0.0,0.0,0.0,0.0,0.0,0.0,0.0,1.0
201194,0,1,3400,-57,57,414,7.8,13,0.69,56864.000000,3,2.1,0.0,0.0,0.0,0.0,0.0,0.0,0.0,1.0
201443,0,1,3400,-57,57,416,9.5,13,0.68,46688.000000,4,2.1,0.0,0.0,0.0,0.0,0.0,0.0,0.0,1.0
201692,0,1,3400,-57,57,418,8.0,13,1.2,33760.000000,14,2.1,8.6,0.0,113472.000000,60,0.0,0.0,0.0,1.0
201941,0,1,3400,-57,57,412,7.6,13,0.51,40448.000000,2,2.1,16,0.0,0.0,0.0,0.0,0.0,0.0,1.0
202190,0,1,3400,-57,57,417,5.7,13,0.67,77536.000000,1,2.1,16,0.0,0.0,0.0,0.0,0.0,0.0,1.0
202439,0,1,3400,-57,57,421,7.4,13,0.59,49856.000000,3,2.1,16,186,0.0,0.0,0.0,0.0,0.0,1.0
202688,0,1,3400,-57,57,425,9.1,11,1.1,43123.507812,7,2.1,9.5,0.0,12015.936523,40,0.0,0.0,0.0,1.0
202937,0,1,3400,-57,57,413,9.2,13,0.67,64064.000000,11,2.1,6.5,0.0,0.0,0.0,0.0,0.0,0.0,1.0
203186,0,1,3400,-57,57,412,7.8,13,0.70,43616.000000,12,2.1,6.5,0.0,0.0,0.0,0.0,0.0,0.0,1.0
203435,0,1,3400,-57,57,417,9.2,12,0.78,85440.000000,4,2.1,6.5,186,0.0,0.0,0.0,0.0,0.0,1.0
203684,0,1,3400,-57,57,411,10,11,0.71,53824.000000,9,2.1,6.0,0.0,9184.000000,57,0.0,0.0,0.0,1.0
203933,0,1,3400,-57,57,406,7.6,13,0.50,62112.000000,0,2.1,5.0,0.0,0.0,0,0.0,0.0,0.0,1.0
204182,0,1,3400,-57,57,413,9.6,13,0.50,21504.000000,0,2.1,0.0,0.0,0.0,100.000000,0.0,0.0,0.0,1.0
204431,0,1,3400,-57,57,418,8.3,12,0.50,32288.000000,0,2.1,0.0,0.0,0.0,0.0,0.0,0.0,0.0,1.0
204680,0,1,3400,-57,57,407,6.8,12,0.54,48960.000000,1,2.1,0.0,0.0,8160.000000,17,0.0,0.0,0.0,1.0
204929,0,1,3400,-57,57,413,7.4,12,0.62,76448.000000,5,2.1,0.0,0.0,0.0,0.0,0.0,0.0,0.0,1.0
205178,0,1,3400,-57,57,415,7.7,12,1.6,44672.000000,18,2.1,0.0,0.0,0.0,0.0,0.0,0.0,0.0,1.0
205427,0,1,3400,-57,57,414,5.3,11,0.67,47904.382812,0,2.1,0.0,0.0,0.0,0.0,0.0,0.0,0.0,1.0
205676,0,1,3400,-57,57,420,8.2,13,0.99,24448.000000,14,2.1,0.0,0.0,11392.000000,33,0.0,0.0,0.0,1.0
205925,0,1,3400,-57,57,416,13,12,0.79,80960.000000,12,2.1,0.0,0.0,0.0,0.0,0.0,0.0,0.0,1.0
206174,0,1,3400,-57,57,411,8.2,11,1.1,63232.000000,9,2.1,0.0,0.0,0.0,0.0,0.0,0.0,0.0,1.0
206423,0,1,3400,-57,57,418,11,12,1.2,30752.000000,17,2.1,0.0,0.0,0.0,0.0,0.0,0.0,0.0,1.0
206672,0,1,3400,-57,57,416,8.3,13,0.52,22240.000000,0,2.1,0.96,0.0,0.0,75,0.0,0.0,0.0,1.0
206921,0,1,3400,-57,57,413,14,13,1.4,64860.558594,16,2.1,7.5,0.0,0.0,100.000000,0.0,0.0,0.0,1.0
207170,0,1,3400,-57,57,417,11,12,0.64,32704.000000,5,2.1,7.5,0.0,0.0,0.0,0.0,0.0,0.0,1.0
207419,0,1,3400,-57,57,421,8.7,12,0.60,53376.000000,6,2.1,7.5,186,0.0,0.0,0.0,0.0,0.0,1.0
207668,0,1,3400,-57,57,412,8.7,11,1.4,41216.000000,10,2.1,1.7,0.0,23200.000000,20,0.0,0.0,0.0,1.0
207917,0,1,3400,-57,57,416,8.1,12,0.60,52576.000000,3,2.1,0.0,0.0,0.0,0.0,0.0,0.0,0.0,1.0
208166,0,1,3400,-57,57,420,8.6,11,1.7,63456.000000,7,2.1,0.0,0.0,0.0,0.0,0.0,0.0,0.0,1.0
208415,0,1,3400,-57,57,416,6.4,11,1.0,101344.000000,3,2.1,0.0,186,0.0,0.0,0.0,0.0,0.0,1.0
208664,0,1,3400,-57,57,419,8.8,12,0.66,60525.894531,13,2.1,0.0,0.0,8350.597656,30,0.0,0.0,0.0,1.0
208913,0,1,3400,-57,57,419,5.8,12,0.59,56384.000000,4,2.1,0.0,0.0,0.0,0.0,0.0,0.0,0.0,1.0
209162,0,1,3400,-57,57,418,9.8,13,0.83,70304.000000,5,2.1,0.0,0.0,0.0,0.0,0.0,0.0,0.0,1.0
209411,0,1,3400,-56,56,413,3.6,7.0,0.93,84480.000000,0.6,2.1,0.0,186,0.0,0.0,0.0,0.0,0.0,1.0
209660,0,1,3400,-57,57,406,8.7,12,0.55,81216.000000,2,2.1,3.7,0.0,15584.000000,0,0.0,0.0,0.0,1.0
209909,0,1,3400,-57,57,406,6.5,13,0.95,54720.000000,5,2.1,6.5,0.0,0.0,0.0,0.0,0.0,0.0,1.0
210158,0,1,3400,-57,57,405,9.1,13,0.84,65728.000000,2,2.1,6.5,0.0,0.0,0.0,0.0,0.0,0.0,1.0
210407,0,1,3400,-57,57,414,9.5,12,0.74,70464.000000,6,2.1,6.5,186,0.0,0.0,0.0,0.0,0.0,1.0
210656,0,1,3400,-57,57,417,7.9,13,0.52,63872.000000,2,2.1,2.2,0.0,31616.000000,31,0.0,0.0,0.0,1.0
210905,0,1,3400,-57,57,418,9.0,12,0.56,78016.000000,4,2.1,0.0,0.0,0.0,0.0,0.0,0.0,0.0,1.0
211154,0,1,3400,-57,57,416,7.7,12,0.63,31072.000000,13,2.1,0.0,0.0,0.0,0.0,0.0,0.0,0.0,1.0
211403,0,1,3400,-57,57,415,9.1,12,0.82,82048.000000,7,2.1,0.0,0.0,0.0,0.0,0.0,0.0,0.0,1.0
211652,0,1,3400,-57,57,409,5.8,11,0.50,45664.000000,0,2.1,0.0,0.0,10624.000000,47,0.0,0.0,0.0,1.0
211901,0,1,3400,-57,57,407,7.9,11,0.98,57632.000000,11,2.1,0.0,0.0,0.0,0.0,0.0,0.0,0.0,1.0
212150,0,1,3400,-57,57,413,11,14,0.56,55648.000000,4,2.1,0.0,0.0,0.0,0.0,0.0,0.0,0.0,1.0
212399,0,1,3400,-57,57,410,9.9,13,0.88,52576.000000,10,2.1,0.0,186,0.0,0.0,0.0,0.0,0.0,1.0
212648,0,1,3400,-57,57,413,10,12,0.51,39744.000000,2,2.1,5.9,0.0,36224.000000,20,0.0,0.0,0.0,1.0
212897,0,1,3400,-57,57,415,7.4,12,0.61,56320.000000,15,2.1,6.5,0.0,0.0,0.0,0.0,0.0,0.0,1.0
213146,0,1,3400,-57,57,416,6.0,10,1.1,57568.000000,5,2.1,6.5,0.0,0.0,0.0,0.0,0.0,0.0,1.0
213395,0,1,3400,-57,57,418,6.1,12,1.2,43200.000000,17,2.1,6.5,0.0,0.0,0.0,0.0,0.0,0.0,1.0
213644,0,1,3400,-57,57,418,9.1,13,1.7,50784.000000,19,2.1,3.7,0.0,49184.000000,22,0.0,0.0,0.0,1.0
213893,0,1,3400,-57,57,413,8.0,12,0.68,51424.000000,6,2.1,0.0,0.0,0.0,0.0,0.0,0.0,0.0,1.0
214142,0,1,3400,-57,57,412,9.6,11,1.1,72736.000000,13,2.1,0.0,0.0,0.0,0.0,0.0,0.0,0.0,1.0
214391,0,1,3400,-57,57,412,15,13,0.60,75424.000000,4,2.1,5.4,186,10656.000000,0,0.0,0.0,0.0,1.0
214640,0,1,3400,-57,57,415,9.5,13,0.67,51616.000000,10,2.1,5.3,0.0,33216.000000,0,0.0,0.0,0.0,1.0
214889,0,1,3400,-57,57,414,9.7,12,0.80,55072.000000,10,2.1,0.0,0.0,0.0,0.0,0.0,0.0,0.0,1.0
215138,0,1,3400,-57,57,417,9.5,11,1.1,49312.000000,13,2.1,0.0,0.0,0.0,0.0,0.0,0.0,0.0,1.0
215387,0,1,3400,-57,57,418,11,12,0.70,54432.000000,8,2.1,0.0,186,0.0,0.0,0.0,0.0,0.0,1.0
215636,0,1,3400,-57,57,411,10,13,0.50,39200.000000,0,2.1,0.0,20,0.0,80,0.0,0.0,0.0,1.0
215885,0,1,3400,-57,57,415,10,9.8,1.4,34112.000000,18,2.1,0.0,0.0,7328.000000,36,0.0,0.0,0.0,1.0
216134,0,1,3400,-57,57,413,6.3,12,0.72,39584.000000,5,2.1,0.0,0.0,0.0,0.0,0.0,0.0,0.0,1.0
216383,0,1,3400,-57,57,415,14,13,0.78,46976.000000,10,2.1,0.0,0.0,0.0,0.0,0.0,0.0,0.0,1.0
216632,0,1,3400,-57,57,420,13,13,1.1,56256.000000,4,2.1,0.0,0.0,27264.000000,19,0.0,0.0,0.0,1.0
216881,0,1,3400,-57,57,419,10,14,0.50,31808.000000,0,2.1,0.0,0.0,0.0,0.0,0.0,0.0,0.0,1.0
217130,0,1,3400,-57,57,414,11,12,0.96,51616.000000,9,2.1,0.0,0.0,0.0,0.0,0.0,0.0,0.0,1.0
217379,0,1,3400,-57,57,417,15,13,0.50,37920.000000,0,2.1,0.0,186,0.0,0.0,0.0,0.0,0.0,1.0
217628,0,1,3400,-57,57,410,5.2,11,0.51,49504.000000,1,2.1,6.0,0.0,27680.000000,0,0.0,0.0,0.0,1.0
217877,0,1,3400,-57,57,412,7.0,13,0.63,48992.000000,0,2.1,7.0,0.0,0.0,0.0,0.0,0.0,0.0,1.0
218126,0,1,3400,-57,57,417,9.1,12,0.82,53504.000000,8,2.1,1.1,0.0,5536.000000,0,0.0,0.0,0.0,1.0
218375,0,1,3400,-57,57,418,9.2,13,0.52,32096.000000,0,2.1,0.0,186,0.0,0.0,0.0,0.0,0.0,1.0
218624,0,1,3400,-57,57,414,8.9,13,0.56,53248.000000,7,2.1,0.0,0.0,8384.000000,0,0.0,0.0,0.0,1.0
218873,0,1,3400,-57,57,412,10,12,0.54,32736.000000,11,2.1,0.0,0.0,0.0,0.0,0.0,0.0,0.0,1.0
219122,0,1,3400,-57,57,413,8.3,14,0.50,31552.000000,0,2.1,0.0,0.0,0.0,0.0,0.0,0.0,0.0,1.0
219371,0,1,3400,-57,57,416,8.9,12,1.1,61344.000000,2,2.1,0.0,0.0,0.0,0.0,0.0,0.0,0.0,1.0
219620,0,1,3400,-57,57,420,4.6,10,0.67,54112.000000,2,2.1,2.7,0.0,26976.000000,33,0.0,0.0,0.0,1.0
219869,0,1,3400,-57,57,416,11,13,0.77,48672.000000,10,2.1,6.0,0.0,0.0,0.0,0.0,0.0,0.0,1.0
220118,0,1,3400,-57,57,420,14,13,0.68,62304.000000,7,2.1,6.0,0.0,0.0,0.0,0.0,0.0,0.0,1.0
220367,0,1,3400,-57,57,410,14,14,0.50,42880.000000,0,2.1,6.0,186,0.0,0.0,0.0,0.0,0.0,1.0
220616,0,1,3400,-57,57,413,7.2,13,0.97,55968.000000,17,2.1,7.8,80,3616.000000,0,0.0,0.0,0.0,1.0
220865,0,1,3400,-57,57,416,10,13,0.51,61856.000000,3,2.1,5.4,0.0,10848.000000,36,0.0,0.0,0.0,1.0
221114,0,1,3400,-57,57,413,7.1,13,0.54,40960.000000,6,2.1,0.0,0.0,0.0,0.0,0.0,0.0,0.0,1.0
221363,0,1,3400,-57,57,415,11,12,0.55,61984.000000,0,2.1,0.0,0.0,0.0,0.0,0.0,0.0,0.0,1.0
221612,0,1,3400,-57,57,415,10,13,1.0,67296.000000,3,2.1,0.77,0.0,12384.000000,36,0.0,0.0,0.0,1.0
221861,0,1,3400,-57,57,415,9.3,13,0.62,48416.000000,11,2.1,0.0,0.0,0.0,0.0,0.0,0.0,0.0,1.0
222110,0,1,3400,-57,57,414,15,13,2.4,34272.000000,27,2.1,0.0,0.0,0.0,0.0,0.0,0.0,0.0,1.0
222359,0,1,3400,-57,57,418,12,13,0.70,74112.000000,0,2.1,0.0,186,0.0,0.0,0.0,0.0,0.0,1.0
222608,0,1,3400,-57,57,416,14,12,0.60,87104.000000,2,2.1,1.6,0.0,8864.000000,60,0.0,0.0,0.0,1.0
222857,0,1,3400,-57,57,422,9.8,13,0.51,56896.000000,3,2.1,0.0,0.0,0.0,0.0,0.0,0.0,0.0,1.0
223106,0,1,3400,-57,57,410,10,13,0.79,41792.000000,4,2.1,0.0,0.0,0.0,0.0,0.0,0.0,0.0,1.0
223355,0,1,3400,-57,57,410,17,14,0.64,42240.000000,6,2.1,0.0,0.0,0.0,0.0,0.0,0.0,0.0,1.0
223604,0,1,3400,-57,57,417,6.6,11,0.92,93984.000000,4,2.1,0.0,0.0,12384.000000,0,0.0,0.0,0.0,1.0
223853,0,1,3400,-57,57,418,7.2,12,0.52,55488.000000,0,2.1,0.0,0.0,0.0,0.0,0.0,0.0,0.0,1.0
224102,0,1,3400,-57,57,410,6.6,10,0.62,76928.000000,8,2.1,0.0,0.0,0.0,0.0,0.0,0.0,0.0,1.0
224351,0,1,3400,-57,57,412,6.4,13,0.52,68672.000000,1,2.1,0.0,0.0,0.0,0.0,0.0,0.0,0.0,1.0
224600,0,1,3400,-57,57,414,5.1,11,0.76,67680.000000,0.8,2.1,0.0,0.0,23456.000000,10,0.0,0.0,0.0,1.0
224849,0,1,3400,-57,57,418,7.1,12,0.69,61536.000000,7,2.1,0.0,0.0,0.0,0.0,0.0,0.0,0.0,1.0
225098,0,1,3400,-57,57,413,8.9,13,0.59,62087.648438,3,2.1,0.0,0.0,0.0,0.0,0.0,0.0,0.0,1.0
225347,0,1,3400,-57,57,415,13,13,1.2,73024.000000,12,2.1,0.0,0.0,0.0,0.0,0.0,0.0,0.0,1.0
225596,0,1,3400,-57,57,411,4.7,12,0.57,86624.000000,2,2.1,0.0,0.0,8160.000000,17,0.0,0.0,0.0,1.0
225845,0,1,3400,-57,57,418,9.0,12,0.70,57504.000000,5,2.1,0.0,0.0,0.0,0.0,0.0,0.0,0.0,1.0
226094,0,1,3400,-57,57,418,11,12,0.52,77440.000000,0,2.1,0.0,0.0,0.0,0.0,0.0,0.0,0.0,1.0
226343,0,1,3400,-57,57,410,7.6,13,1.0,40896.000000,19,2.1,0.0,0.0,0.0,0.0,0.0,0.0,0.0,1.0
226592,0,1,3400,-57,57,408,10,13,1.2,55456.000000,8,2.1,0.0,0.0,13664.000000,25,0.0,0.0,0.0,1.0
226841,0,1,3400,-57,57,419,13,12,1.2,41728.000000,15,2.1,0.0,0.0,0.0,0.0,0.0,0.0,0.0,1.0
227090,0,1,3400,-57,57,416,14,13,1.6,34560.000000,4,2.1,0.0,0.0,0.0,0.0,0.0,0.0,0.0,1.0
227339,0,1,3400,-57,57,421,10,13,0.54,47328.000000,4,2.1,0.0,0.0,0.0,0.0,0.0,0.0,0.0,1.0
227588,0,1,3400,-57,57,408,3.7,12,0.60,58816.000000,2,2.1,3.7,0.0,13696.000000,44,0.0,0.0,0.0,1.0
227837,0,1,3400,-57,57,411,11,11,0.89,43680.000000,9,2.1,6.0,0.0,0.0,0.0,0.0,0.0,0.0,1.0
228086,0,1,3400,-57,57,418,10,13,0.54,61312.000000,3,2.1,6.0,0.0,0.0,0.0,0.0,0.0,0.0,1.0
228335,0,1,3400,-57,57,421,10,13,0.75,44608.000000,13,2.1,6.0,186,0.0,0.0,0.0,0.0,0.0,1.0
228584,0,1,3400,-57,57,422,7.4,11,0.57,69792.000000,3,2.1,13,0.0,15584.000000,36,0.0,0.0,0.0,1.0
228833,0,1,3400,-57,57,412,8.5,12,0.80,58432.000000,4,2.1,14,0.0,0.0,0.0,0.0,0.0,0.0,1.0
229082,0,1,3400,-57,57,407,8.9,12,0.53,44832.000000,3,2.1,14,0.0,0.0,0.0,0.0,0.0,0.0,1.0
229331,0,1,3400,-57,57,415,8.4,13,0.52,58656.000000,3,2.1,14,0.0,0.0,0.0,0.0,0.0,0.0,1.0
229580,0,1,3400,-57,57,419,16,12,1.3,33696.000000,29,2.1,6.1,0.0,8160.000000,29,0.0,0.0,0.0,1.0
229829,0,1,3400,-57,57,415,8.7,14,2.0,11200.000000,5,2.1,0.0,0.0,0.0,0.0,0.0,0.0,0.0,1.0
230078,0,1,3400,-57,57,414,8.6,12,0.53,70528.000000,0,2.1,0.0,0.0,0.0,0.0,0.0,0.0,0.0,1.0
230327,0,1,3400,-57,57,415,8.5,13,0.51,93088.000000,0,2.1,0.0,0.0,0.0,0.0,0.0,0.0,0.0,1.0
230576,0,1,3400,-57,57,407,7.2,10,0.88,72928.000000,3,2.1,6.4,0.0,12064.000000,40,0.0,0.0,0.0,1.0
230825,0,1,3400,-57,57,413,9.0,12,0.63,69216.000000,2,2.1,6.5,0.0,0.0,0.0,0.0,0.0,0.0,1.0
231074,0,1,3400,-57,57,412,9.6,11,1.2,62816.000000,10,2.1,6.5,0.0,0.0,0.0,0.0,0.0,0.0,1.0
231323,0,1,3400,-57,57,414,10,13,0.77,61248.000000,5,2.1,6.5,186,0.0,0.0,0.0,0.0,0.0,1.0
231572,0,1,3400,-57,57,414,12,10,1.6,65824.000000,11,2.1,12,0.0,185408.000000,57,0.0,0.0,0.0,1.0
231821,0,1,3400,-57,57,416,11,12,0.63,62406.375000,10,2.1,16,0.0,0.0,0.0,0.0,0.0,0.0,1.0
232070,0,1,3400,-57,57,411,6.5,11,0.61,52192.000000,2,2.1,16,0.0,0.0,0.0,0.0,0.0,0.0,1.0
232319,0,1,3400,-57,57,403,7.9,12,0.70,92928.000000,2,2.1,16,0.0,0.0,0.0,0.0,0.0,0.0,1.0
232568,0,1,3400,-57,57,410,4.8,9.5,0.66,70023.906250,0.8,2.1,7.3,0.0,22055.777344,30,0.0,0.0,0.0,1.0
232817,0,1,3400,-57,57,412,7.6,11,0.58,69568.000000,5,2.1,0.0,0.0,0.0,0.0,0.0,0.0,0.0,1.0
233066,0,1,3400,-57,57,414,11,13,0.67,49408.000000,9,2.1,0.0,0.0,0.0,0.0,0.0,0.0,0.0,1.0
233315,0,1,3400,-57,57,413,8.4,11,0.84,89888.000000,5,2.1,0.0,186,0.0,0.0,0.0,0.0,0.0,1.0
233564,0,1,3400,-57,57,417,9.4,12,0.98,64864.000000,8,2.1,0.0,0.0,16640.000000,20,0.0,0.0,0.0,1.0
233813,0,1,3400,-57,57,416,6.7,11,0.89,32192.000000,4,2.1,0.0,0.0,0.0,0.0,0.0,0.0,0.0,1.0
234062,0,1,3400,-57,57,410,4.5,13,0.86,64576.000000,2,2.1,0.0,0.0,0.0,0.0,0.0,0.0,0.0,1.0
234311,0,1,3400,-57,57,406,6.2,13,0.63,39008.000000,2,2.1,0.0,0.0,0.0,0.0,0.0,0.0,0.0,1.0
234560,0,1,3400,-57,57,404,6.7,12,1.0,78496.000000,4,2.1,3.4,0.0,13632.000000,0,0.0,0.0,0.0,1.0
234809,0,1,3400,-57,57,412,8.1,13,0.51,25792.000000,0,2.1,6.0,0.0,0.0,0.0,0.0,0.0,0.0,1.0
235058,0,1,3400,-57,57,411,14,12,0.50,59040.000000,0,2.1,6.0,0.0,0.0,0.0,0.0,0.0,0.0,1.0
235307,0,1,3400,-57,57,419,13,13,0.61,41920.000000,6,2.1,6.0,0.0,0.0,0.0,0.0,0.0,0.0,1.0
235556,0,1,3400,-57,57,417,10.0,14,0.79,50080.000000,7,2.1,6.4,0.0,0.0,80,0.0,0.0,0.0,1.0
235805,0,1,3400,-57,57,409,8.2,13,0.71,69888.000000,3,2.1,7.5,0.0,0.0,0.0,0.0,0.0,0.0,1.0
236054,0,1,3400,-57,57,417,7.2,13,1.1,60992.000000,3,2.1,7.5,0.0,0.0,0.0,0.0,0.0,0.0,1.0
236303,0,1,3400,-57,57,414,5.0,11,0.71,59936.000000,2,2.1,7.5,0.0,0.0,0.0,0.0,0.0,0.0,1.0
236552,0,1,3400,-57,57,411,9.8,12,0.71,38304.000000,10,2.1,7.2,0.0,139552.000000,12,0.0,0.0,0.0,1.0
236801,0,1,3400,-57,57,412,12,11,0.67,80669.320312,6,2.1,8.0,0.0,3474.103516,0,0.0,0.0,0.0,1.0
237050,0,1,3400,-57,57,413,10,12,0.58,69088.000000,2,2.1,8.0,0.0,0.0,0.0,0.0,0.0,0.0,1.0
237299,0,1,3400,-57,57,414,7.2,13,0.51,26816.000000,0,2.1,8.0,186,0.0,0.0,0.0,0.0,0.0,1.0
237548,0,1,3400,-57,57,414,12,13,0.53,40352.000000,0,2.1,13,0.0,12608.000000,0,0.0,0.0,0.0,1.0
237797,0,1,3400,-57,57,416,12,13,1.0,39008.000000,6,2.1,14,0.0,0.0,0.0,0.0,0.0,0.0,1.0
238046,0,1,3400,-57,57,411,7.8,12,0.76,80832.000000,2,2.1,14,0.0,0.0,0.0,0.0,0.0,0.0,1.0
238295,0,1,3400,-57,57,410,7.8,14,0.52,37824.000000,0,2.1,14,0.0,0.0,0.0,0.0,0.0,0.0,1.0
238544,0,1,3400,-57,57,418,8.1,12,0.77,53056.000000,9,2.1,14,0.0,23488.000000,0,0.0,0.0,0.0,1.0
238793,0,1,3400,-57,57,414,11,12,0.70,60672.000000,0,2.1,13,0.0,0.0,0.0,0.0,0.0,0.0,1.0
239042,0,1,3400,-57,57,415,8.4,13,0.53,64096.000000,2,2.1,13,0.0,0.0,0.0,0.0,0.0,0.0,1.0
239291,0,1,3400,-57,57,418,8.6,13,1.6,55200.000000,17,2.1,14,0.0,0.0,0.0,0.0,0.0,0.0,1.0
239540,0,1,3400,-57,57,411,6.7,13,1.2,58304.000000,10,2.1,14,0.0,0.0,80,0.0,0.0,0.0,1.0
239789,0,1,3400,-57,57,412,8.2,10,1.3,84384.000000,11,2.1,15,0.0,0.0,0.0,0.0,0.0,0.0,1.0
240038,0,1,3400,-57,57,410,9.0,12,0.65,40448.000000,4,2.1,15,0.0,0.0,0.0,0.0,0.0,0.0,1.0
240287,0,1,3400,-57,57,413,9.1,12,0.88,57344.000000,11,2.1,15,186,0.0,0.0,0.0,0.0,0.0,1.0
240536,0,1,3400,-57,57,408,7.8,12,0.69,47424.000000,10,2.1,1.4,0.0,8160.000000,0,0.0,0.0,0.0,1.0
240785,0,1,3400,-57,57,405,8.8,13,0.64,52960.000000,16,2.1,0.0,0.0,0.0,0.0,0.0,0.0,0.0,1.0
241034,0,1,3400,-57,57,411,12,12,1.8,45824.000000,17,2.1,0.0,0.0,0.0,0.0,0.0,0.0,0.0,1.0
241283,0,1,3400,-57,57,407,9.3,13,0.50,48608.000000,0,2.1,0.0,186,0.0,0.0,0.0,0.0,0.0,1.0
241532,0,1,3400,-57,57,411,7.3,12,0.97,43808.000000,7,2.1,0.0,20,0.0,80,0.0,0.0,0.0,1.0
241781,0,1,3400,-57,57,422,10.0,11,0.61,32416.000000,6,2.1,0.0,0.0,6432.000000,20,0.0,0.0,0.0,1.0
242030,0,1,3400,-57,57,421,10,13,0.50,29472.000000,0,2.1,0.0,0.0,0.0,0.0,0.0,0.0,0.0,1.0
242279,0,1,3400,-57,57,413,7.8,13,0.50,15872.000000,0,2.1,0.0,0.0,0.0,0.0,0.0,0.0,0.0,1.0
242528,0,1,3400,-57,57,415,11,14,0.88,43008.000000,21,2.1,8.8,0.0,48864.000000,55,0.0,0.0,0.0,1.0
242777,0,1,3400,-57,57,409,5.5,9.8,0.80,61504.000000,2,2.1,8.0,0.0,0.0,0.0,0.0,0.0,0.0,1.0
243026,0,1,3400,-57,57,405,8.2,14,0.62,59232.000000,3,2.1,8.0,0.0,0.0,0.0,0.0,0.0,0.0,1.0
243275,0,1,3400,-57,57,408,8.4,13,0.82,21984.000000,0,2.1,8.0,0.0,0.0,0.0,0.0,0.0,0.0,1.0
243524,0,1,3400,-57,57,416,8.7,14,0.93,50336.000000,16,2.1,7.7,0.0,13952.000000,14,0.0,0.0,0.0,1.0
243773,0,1,3400,-57,57,415,9.2,12,0.63,49152.000000,3,2.1,8.0,0.0,0.0,0.0,0.0,0.0,0.0,1.0
244022,0,1,3400,-57,57,423,12,12,0.99,60640.000000,4,2.1,8.0,0.0,0.0,0.0,0.0,0.0,0.0,1.0
244271,0,1,3400,-57,57,422,10,12,0.60,47840.000000,3,2.1,8.0,0.0,0.0,0.0,0.0,0.0,0.0,1.0
244520,0,1,3400,-57,57,416,9.7,13,0.81,47104.000000,12,2.1,3.5,0.0,8160.000000,60,0.0,0.0,0.0,1.0
244769,0,1,3400,-57,57,416,9.7,13,0.84,69504.000000,5,2.1,0.0,0.0,0.0,0.0,0.0,0.0,0.0,1.0
245018,0,1,3400,-57,57,418,10,12,1.3,42912.000000,21,2.1,0.0,0.0,0.0,0.0,0.0,0.0,0.0,1.0
245267,0,1,3400,-57,57,413,8.3,12,1.9,38948.207031,14,2.1,0.0,186,0.0,0.0,0.0,0.0,0.0,1.0
245516,0,1,3400,-57,57,415,14,12,0.56,36288.000000,7,2.1,0.0,20,0.0,80,0.0,0.0,0.0,1.0
245765,0,1,3400,-57,57,415,7.2,13,1.3,51456.000000,2,2.1,0.0,0.0,6432.000000,43,0.0,0.0,0.0,1.0
246014,0,1,3400,-57,57,410,10,12,0.76,92512.000000,7,2.1,0.0,0.0,0.0,0.0,0.0,0.0,0.0,1.0
246263,0,1,3400,-57,57,410,8.1,11,0.99,53952.000000,4,2.1,0.0,0.0,0.0,0.0,0.0,0.0,0.0,1.0
246512,0,1,3400,-57,57,414,8.3,13,0.81,64800.000000,11,2.1,0.0,0.0,30688.000000,38,0.0,0.0,0.0,1.0
246761,0,1,3400,-57,57,418,8.9,12,0.59,57536.000000,6,2.1,0.0,0.0,0.0,0.0,0.0,0.0,0.0,1.0
247010,0,1,3400,-57,57,417,3.4,8.6,0.59,100480.000000,2,2.1,0.0,0.0,0.0,0.0,0.0,0.0,0.0,1.0
247259,0,1,3400,-57,57,412,7.4,12,1.3,49088.000000,2,2.1,0.0,186,0.0,0.0,0.0,0.0,0.0,1.0
247508,0,1,3400,-57,57,421,9.5,11,0.52,53344.000000,2,2.1,0.0,0.0,10624.000000,33,0.0,0.0,0.0,1.0
247757,0,1,3400,-57,57,415,8.8,13,0.93,49728.000000,3,2.1,0.0,0.0,0.0,0.0,0.0,0.0,0.0,1.0
248006,0,1,3400,-57,57,417,7.7,12,1.2,34517.929688,9,2.1,0.0,0.0,0.0,0.0,0.0,0.0,0.0,1.0
248255,0,1,3400,-57,57,424,6.7,12,1.1,71904.000000,11,2.1,0.0,186,0.0,0.0,0.0,0.0,0.0,1.0
248504,0,1,3400,-57,57,415,10,13,0.62,57184.000000,2,2.1,0.0,0.0,8160.000000,17,0.0,0.0,0.0,1.0
248753,0,1,3400,-57,57,414,6.1,13,0.54,32608.000000,0,2.1,0.0,0.0,0.0,0.0,0.0,0.0,0.0,1.0
249002,0,1,3400,-57,57,412,11,14,0.57,56160.000000,4,2.1,0.0,0.0,0.0,0.0,0.0,0.0,0.0,1.0
249251,0,1,3400,-57,57,410,8.6,12,0.76,75264.000000,7,2.1,0.0,0.0,0.0,0.0,0.0,0.0,0.0,1.0
249500,0,1,3400,-57,57,411,9.0,15,0.55,76544.000000,0,2.1,2.2,0.0,3488.000000,57,0.0,0.0,0.0,1.0
249749,0,1,3400,-57,57,413,8.9,13,0.77,53856.000000,12,2.1,7.5,0.0,0.0,0.0,0.0,0.0,0.0,1.0
249998,0,1,3400,-57,57,418,7.7,13,0.71,26400.000000,13,2.1,7.5,0.0,0.0,0.0,0.0,0.0,0.0,1.0
250248,0,1,3400,-57,57,420,9.9,14,0.50,55008.000000,0,2.1,7.5,0.0,0.0,0.0,0.0,0.0,0.0,1.0
250497,0,1,3400,-57,57,422,8.2,13,0.60,56864.000000,3,2.1,6.2,0.0,12064.000000,53,0.0,0.0,0.0,1.0
250746,0,1,3400,-57,57,411,8.4,12,1.6,24704.000000,10,2.1,0.0,0.0,0.0,0.0,0.0,0.0,0.0,1.0
250995,0,1,3400,-57,57,416,9.6,12,0.57,60896.000000,0,2.1,0.0,0.0,0.0,0.0,0.0,0.0,0.0,1.0
251244,0,1,3400,-57,57,418,8.1,13,0.62,54848.000000,6,2.1,0.0,0.0,0.0,0.0,0.0,0.0,0.0,1.0
251493,0,1,3400,-57,57,413,9.5,13,0.74,57920.000000,6,2.1,0.0,0.0,8160.000000,0,0.0,0.0,0.0,1.0
251742,0,1,3400,-57,57,419,8.7,14,0.67,36896.000000,9,2.1,0.0,0.0,0.0,0.0,0.0,0.0,0.0,1.0
251991,0,1,3400,-57,57,409,7.9,13,0.50,31904.000000,0,2.1,0.0,0.0,0.0,0.0,0.0,0.0,0.0,1.0
252240,0,1,3400,-57,57,410,9.5,13,0.50,40352.000000,0,2.1,0.0,0.0,0.0,0.0,0.0,0.0,0.0,1.0
252489,0,1,3400,-57,57,417,8.9,13,0.52,46272.000000,4,2.1,0.0,0.0,7968.000000,0,0.0,0.0,0.0,1.0
252738,0,1,3400,-57,57,416,9.6,12,1.0,50080.000000,5,2.1,0.0,0.0,0.0,0.0,0.0,0.0,0.0,1.0
252987,0,1,3400,-57,57,412,13,13,0.62,37472.000000,0,2.1,0.0,0.0,0.0,0.0,0.0,0.0,0.0,1.0
253236,0,1,3400,-57,57,409,11,13,0.63,53536.000000,16,2.1,0.0,0.0,0.0,0.0,0.0,0.0,0.0,1.0
253485,0,1,3400,-57,57,415,3.8,10,0.58,74784.000000,3,2.1,6.6,0.0,45344.000000,35,0.0,0.0,0.0,1.0
253734,0,1,3400,-57,57,416,7.6,13,0.81,36064.000000,19,2.1,0.0,0.0,0.0,0.0,0.0,0.0,0.0,1.0
253983,0,1,3400,-57,57,408,13,13,1.0,48448.000000,4,2.1,0.0,0.0,0.0,0.0,0.0,0.0,0.0,1.0
254232,0,1,3400,-57,57,411,12,13,0.58,53632.000000,0,2.1,0.0,186,0.0,0.0,0.0,0.0,0.0,1.0
254481,0,1,3400,-57,57,419,11,12,0.93,51808.000000,11,2.1,1.2,0.0,5536.000000,67,0.0,0.0,0.0,1.0
254730,0,1,3400,-57,57,413,13,14,0.52,74528.000000,0,2.1,0.0,0.0,0.0,0.0,0.0,0.0,0.0,1.0
254979,0,1,3400,-57,57,411,8.3,13,0.53,39392.000000,8,2.1,0.0,0.0,0.0,0.0,0.0,0.0,0.0,1.0
255228,0,1,3400,-57,57,423,6.9,11,0.94,37737.050781,6,2.1,0.0,0.0,0.0,0.0,0.0,0.0,0.0,1.0
255477,0,1,3400,-57,57,413,15,13,1.5,32480.000000,12,2.1,0.0,0.0,8160.000000,17,0.0,0.0,0.0,1.0
255726,0,1,3400,-57,57,412,6.7,13,0.74,23008.000000,14,2.1,0.0,0.0,0.0,0.0,0.0,0.0,0.0,1.0
255975,0,1,3400,-57,57,416,14,14,0.50,35296.000000,0,2.1,0.0,0.0,0.0,0.0,0.0,0.0,0.0,1.0
256224,0,1,3400,-57,57,419,15,12,0.65,44416.000000,0,2.1,0.0,186,0.0,0.0,0.0,0.0,0.0,1.0
256473,0,1,3400,-57,57,416,8.2,13,0.60,51648.000000,2,2.1,0.82,0.0,11232.000000,42,0.0,0.0,0.0,1.0
256722,0,1,3400,-57,57,414,7.4,10,0.88,81536.000000,0.9,2.1,0.0,0.0,0.0,0.0,0.0,0.0,0.0,1.0
256971,0,1,3400,-57,57,409,8.6,13,1.0,50464.000000,5,2.1,0.0,0.0,0.0,0.0,0.0,0.0,0.0,1.0
257220,0,1,3400,-57,57,406,11,12,1.5,50240.000000,14,2.1,0.0,0.0,0.0,0.0,0.0,0.0,0.0,1.0
257469,0,1,3400,-57,57,410,14,12,1.4,24096.000000,9,2.1,0.0,0.0,8160.000000,17,0.0,0.0,0.0,1.0
257718,0,1,3400,-57,57,415,11,11,0.74,71075.695312,9,2.1,0.0,0.0,0.0,0.0,0.0,0.0,0.0,1.0
257967,0,1,3400,-57,57,420,19,13,0.84,39328.000000,9,2.1,0.0,0.0,0.0,0.0,0.0,0.0,0.0,1.0
258216,0,1,3400,-57,57,414,12,13,1.2,74496.000000,14,2.1,0.0,0.0,0.0,0.0,0.0,0.0,0.0,1.0
258465,0,1,3400,-57,57,411,12,12,0.90,51520.000000,7,2.1,0.0,0.0,13696.000000,0,0.0,0.0,0.0,1.0
258714,0,1,3400,-57,57,412,5.2,11,1.1,62176.000000,2,2.1,0.0,0.0,0.0,0.0,0.0,0.0,0.0,1.0
258963,0,1,3400,-57,57,420,13,13,0.88,42656.000000,0,2.1,0.0,0.0,0.0,0.0,0.0,0.0,0.0,1.0
259212,0,1,3400,-57,57,425,10,13,0.82,44736.000000,8,2.1,0.0,0.0,0.0,0.0,0.0,0.0,0.0,1.0
259461,0,1,3400,-57,57,413,16,13,1.6,36544.000000,9,2.1,0.0,0.0,8064.000000,22,0.0,0.0,0.0,1.0
259710,0,1,3400,-57,57,412,12,12,0.91,39808.000000,5,2.1,0.0,0.0,0.0,0.0,0.0,0.0,0.0,1.0
259960,0,1,3400,-57,57,419,8.3,12,0.61,65248.000000,3,2.1,0.0,0.0,0.0,0.0,0.0,0.0,0.0,1.0
260209,0,1,3400,-57,57,414,7.4,14,0.54,59008.000000,0,2.1,0.0,186,0.0,0.0,0.0,0.0,0.0,1.0
260458,0,1,3400,-57,57,410,9.2,13,1.9,31136.000000,18,2.1,1.5,0.0,9184.000000,57,0.0,0.0,0.0,1.0
260707,0,1,3400,-57,57,412,8.0,13,0.56,38112.000000,0,2.1,0.0,0.0,0.0,0.0,0.0,0.0,0.0,1.0
260956,0,1,3400,-57,57,413,13,13,1.1,42560.000000,10,2.1,0.0,0.0,0.0,0.0,0.0,0.0,0.0,1.0
261205,0,1,3400,-57,57,416,10,14,0.51,27424.000000,6,2.1,0.0,0.0,0.0,0.0,0.0,0.0,0.0,1.0
261454,0,1,3400,-57,57,416,12,13,0.77,46080.000000,6,2.1,0.0,0.0,13696.000000,0,0.0,0.0,0.0,1.0
261703,0,1,3400,-57,57,416,14,14,1.1,49056.000000,3,2.1,0.0,0.0,0.0,0.0,0.0,0.0,0.0,1.0
261952,0,1,3400,-57,57,414,11,13,0.51,57248.000000,0,2.1,0.0,0.0,0.0,0.0,0.0,0.0,0.0,1.0
262201,0,1,3400,-57,57,424,14,13,0.99,67648.000000,10,2.1,0.0,0.0,0.0,0.0,0.0,0.0,0.0,1.0
262450,0,1,3400,-57,57,416,12,13,1.3,69344.000000,12,2.1,3.4,0.0,0.0,80,0.0,0.0,0.0,1.0
262699,0,1,3400,-57,57,413,9.1,13,1.1,40256.000000,5,2.1,7.4,0.0,0.0,0.0,0.0,0.0,0.0,1.0
262948,0,1,3400,-57,57,416,18,14,0.78,20864.000000,14,2.1,7.5,0.0,0.0,0.0,0.0,0.0,0.0,1.0
263197,0,1,3400,-57,57,417,11,14,0.59,87936.000000,4,2.1,7.5,0.0,0.0,0.0,0.0,0.0,0.0,1.0
263446,0,1,3400,-57,57,416,16,13,0.79,43008.000000,11,2.1,1.7,0.0,8000.000000,0,0.0,0.0,0.0,1.0
263695,0,1,3400,-57,57,418,13,12,0.66,27072.000000,8,2.1,0.0,0.0,0.0,0.0,0.0,0.0,0.0,1.0
263944,0,1,3400,-57,57,421,11,12,0.93,54656.000000,13,2.1,0.0,0.0,0.0,0.0,0.0,0.0,0.0,1.0
264193,0,1,3400,-57,57,417,11,12,0.96,70976.000000,5,2.1,0.0,0.0,0.0,0.0,0.0,0.0,0.0,1.0
264442,0,1,3400,-57,57,415,14,13,1.5,54784.000000,3,2.1,0.12,0.0,128480.000000,21,0.0,0.0,0.0,1.0
264691,0,1,3400,-57,57,416,9.4,12,0.78,61888.000000,12,2.1,0.0,0.0,0.0,0.0,0.0,0.0,0.0,1.0
264940,0,1,3400,-57,57,426,6.0,11,1.4,37408.000000,5,2.1,0.0,0.0,0.0,0.0,0.0,0.0,0.0,1.0
265189,0,1,3400,-57,57,419,9.4,13,0.70,48992.000000,11,2.1,0.0,0.0,0.0,0.0,0.0,0.0,0.0,1.0
265438,0,1,3400,-57,57,408,6.0,9.9,0.94,78496.000000,11,2.1,0.0,0.0,8064.000000,43,0.0,0.0,0.0,1.0
265687,0,1,3400,-57,57,407,11,12,0.80,52544.000000,7,2.1,0.0,0.0,0.0,0.0,0.0,0.0,0.0,1.0
265936,0,1,3400,-57,57,409,8.4,13,0.51,47424.000000,4,2.1,0.0,0.0,0.0,0.0,0.0,0.0,0.0,1.0
266185,0,1,3400,-57,57,419,12,11,1.2,57792.000000,20,2.1,0.0,0.0,0.0,0.0,0.0,0.0,0.0,1.0
266434,0,1,3400,-57,57,420,7.9,13,0.94,51904.000000,6,2.1,0.0,0.0,13440.000000,0,0.0,0.0,0.0,1.0
266683,0,1,3400,-57,57,419,8.3,13,1.0,39168.000000,17,2.1,0.0,0.0,0.0,0.0,0.0,0.0,0.0,1.0
266932,0,1,3400,-57,57,417,10,12,0.75,73440.000000,3,2.1,0.0,0.0,0.0,0.0,0.0,0.0,0.0,1.0
267181,0,1,3400,-57,57,413,8.9,12,0.50,38406.375000,0,2.1,0.0,0.0,0.0,0.0,0.0,0.0,0.0,1.0
267430,0,1,3400,-57,57,413,9.7,12,0.82,63552.000000,21,2.1,0.25,0.0,37408.000000,47,0.0,0.0,0.0,1.0
267679,0,1,3400,-57,57,412,7.0,13,0.69,58752.000000,2,2.1,0.0,0.0,0.0,0.0,0.0,0.0,0.0,1.0
267928,0,1,3400,-57,57,411,7.3,13,0.57,62400.000000,11,2.1,0.0,0.0,0.0,0.0,0.0,0.0,0.0,1.0
268177,0,1,3400,-57,57,416,6.9,12,0.50,42400.000000,0,2.1,0.0,0.0,0.0,0.0,0.0,0.0,0.0,1.0
268426,0,1,3400,-57,57,417,6.7,13,0.61,85472.000000,3,2.1,0.0,0.0,17152.000000,0,0.0,0.0,0.0,1.0
268675,0,1,3400,-57,57,414,9.9,12,0.91,41600.000000,10,2.1,1.9,0.0,8640.000000,0,0.0,0.0,0.0,1.0
268924,0,1,3400,-57,57,409,16,13,0.71,43136.000000,25,2.1,0.0,0.0,0.0,0.0,0.0,0.0,0.0,1.0
269173,0,1,3400,-57,57,409,12,12,0.91,55392.000000,10,2.1,0.0,0.0,0.0,0.0,0.0,0.0,0.0,1.0
269422,0,1,3400,-57,57,414,11,12,0.61,65728.000000,15,2.1,0.0,0.0,13248.000000,17,0.0,0.0,0.0,1.0
269671,0,1,3400,-57,57,416,7.8,11,1.4,45920.000000,9,2.1,0.0,0.0,0.0,0.0,0.0,0.0,0.0,1.0
269920,0,1,3400,-57,57,415,5.3,9.8,1.1,42112.000000,7,2.1,0.0,0.0,0.0,0.0,0.0,0.0,0.0,1.0
270169,0,1,3400,-57,57,421,6.8,11,0.78,68448.000000,1,2.1,0.0,186,0.0,0.0,0.0,0.0,0.0,1.0
270418,0,1,3400,-57,57,416,13,12,0.77,79520.000000,6,2.1,8.1,0.0,168672.000000,64,0.0,0.0,0.0,1.0
270667,0,1,3400,-57,57,403,9.2,14,0.54,57920.000000,2,2.1,8.0,0.0,0.0,0.0,0.0,0.0,0.0,1.0
270916,0,1,3400,-57,57,412,9.3,14,0.66,57088.000000,3,2.1,8.0,0.0,0.0,0.0,0.0,0.0,0.0,1.0
271165,0,1,3400,-57,57,419,8.2,12,0.84,80000.000000,3,2.1,8.0,0.0,0.0,0.0,0.0,0.0,0.0,1.0
271414,0,1,3400,-57,57,416,12,13,1.1,67776.000000,13,2.1,0.90,0.0,12384.000000,0,0.0,0.0,0.0,1.0
271663,0,1,3400,-57,57,413,6.4,12,0.66,48096.000000,3,2.1,0.0,0.0,0.0,0.0,0.0,0.0,0.0,1.0
271912,0,1,3400,-57,57,409,5.6,10,1.1,64320.000000,2,2.1,0.13,0.0,0.0,0.0,0.0,0.0,0.0,1.0
272161,0,1,3400,-57,57,412,11,13,0.69,58624.000000,12,2.1,0.0,0.0,0.0,0.0,0.0,0.0,0.0,1.0
272410,0,1,3400,-57,57,412,8.2,13,0.75,66016.000000,3,2.1,4.6,0.0,0.0,80,0.0,0.0,0.0,1.0
272659,0,1,3400,-57,57,418,7.8,12,0.95,51680.000000,3,2.1,7.5,0.0,0.0,0.0,0.0,0.0,0.0,1.0
272908,0,1,3400,-57,57,414,8.0,12,0.77,48832.000000,11,2.1,7.5,0.0,0.0,0.0,0.0,0.0,0.0,1.0
273157,0,1,3400,-57,57,416,7.6,12,0.80,62976.000000,12,2.1,7.6,0.0,0.0,0.0,0.0,0.0,0.0,1.0
273406,0,1,3400,-57,57,412,8.3,14,0.60,54848.000000,7,2.1,2.0,0.0,8160.000000,0,0.0,0.0,0.0,1.0
273655,0,1,3400,-57,57,410,13,12,1.4,37577.687500,6,2.1,0.0,0.0,0.0,0.0,0.0,0.0,0.0,1.0
273904,0,1,3400,-57,57,412,13,14,0.50,19744.000000,0,2.1,0.0,0.0,0.0,0.0,0.0,0.0,0.0,1.0
274153,0,1,3400,-57,57,413,9.4,12,0.70,44736.000000,13,2.1,0.0,0.0,0.0,0.0,0.0,0.0,0.0,1.0
274402,0,1,3400,-57,57,410,7.4,12,0.98,75168.000000,2,2.1,0.82,0.0,16512.000000,31,0.0,0.0,0.0,1.0
274651,0,1,3400,-57,57,413,8.0,14,0.80,25280.000000,11,2.1,0.064,0.0,5536.000000,0,0.0,0.0,0.0,1.0
274900,0,1,3400,-57,57,419,6.7,13,0.60,65760.000000,1,2.1,0.064,0.0,0.0,0.0,0.0,0.0,0.0,1.0
275149,0,1,3400,-57,57,416,10,13,1.2,52928.000000,7,2.1,0.0,0.0,0.0,0.0,0.0,0.0,0.0,1.0
275398,0,1,3400,-57,57,409,8.9,11,1.0,45280.000000,5,2.1,0.064,0.0,6848.000000,62,0.0,0.0,0.0,1.0
275647,0,1,3400,-57,57,408,7.9,12,1.3,45792.000000,17,2.1,0.0,0.0,0.0,0.0,0.0,0.0,0.0,1.0
275896,0,1,3400,-57,57,416,7.3,13,0.50,72256.000000,0,2.1,0.0,0.0,0.0,0.0,0.0,0.0,0.0,1.0
276145,0,1,3400,-57,57,417,11,13,0.58,63808.000000,7,2.1,0.0,0.0,0.0,0.0,0.0,0.0,0.0,1.0
276394,0,1,3400,-57,57,418,8.3,12,1.2,26048.000000,7,2.1,0.0,0.0,8160.000000,0,0.0,0.0,0.0,1.0
276643,0,1,3400,-57,57,411,6.3,12,0.51,44640.000000,0,2.1,0.0,0.0,0.0,0.0,0.0,0.0,0.0,1.0
276892,0,1,3400,-57,57,413,11,13,1.2,26752.000000,8,2.1,0.0,0.0,0.0,0.0,0.0,0.0,0.0,1.0
277141,0,1,3400,-57,57,414,9.7,12,1.1,42720.000000,3,2.1,0.0,186,0.0,0.0,0.0,0.0,0.0,1.0
277390,0,1,3400,-57,57,419,10,13,0.85,62496.000000,7,2.1,1.7,0.0,4192.000000,44,0.0,0.0,0.0,1.0
277639,0,1,3400,-57,57,414,8.6,13,1.2,52448.000000,10,2.1,3.1,0.0,0.0,0.0,0.0,0.0,0.0,1.0
277888,0,1,3400,-57,57,416,9.2,12,1.5,83296.000000,12,2.1,3.0,0.0,0.0,0.0,0.0,0.0,0.0,1.0
278137,0,1,3400,-57,57,423,11,11,0.68,77888.000000,7,2.1,3.0,186,0.0,0.0,0.0,0.0,0.0,1.0
278386,0,1,3400,-57,57,412,9.8,13,0.77,44896.000000,12,2.1,11,0.0,23488.000000,20,0.0,0.0,0.0,1.0
278635,0,1,3400,-57,57,412,14,13,0.66,46304.000000,5,2.1,14,0.0,0.0,0.0,0.0,0.0,0.0,1.0
278884,0,1,3400,-57,57,420,9.0,13,0.63,47552.000000,2,2.1,14,0.0,0.0,0.0,0.0,0.0,0.0,1.0
279133,0,1,3400,-57,57,419,9.8,13,0.58,52800.000000,4,2.1,14,0.0,0.0,0.0,0.0,0.0,0.0,1.0
279382,0,1,3400,-57,57,408,13,12,0.64,74944.000000,4,2.1,15,0.0,17056.000000,50,0.0,0.0,0.0,1.0
279631,0,1,3400,-57,57,404,11,12,1.1,39904.000000,12,2.1,15,0.0,0.0,100.000000,0.0,0.0,0.0,1.0
279880,0,1,3400,-57,57,409,8.4,11,1.4,46560.000000,9,2.1,9.8,0.0,11072.000000,0,0.0,0.0,0.0,1.0
280129,0,1,3400,-57,57,419,8.3,12,0.81,65440.000000,6,2.1,7.5,186,0.0,0.0,0.0,0.0,0.0,1.0
280378,0,1,3400,-57,57,411,7.4,12,0.65,71648.000000,6,2.1,12,0.0,179424.000000,64,0.0,0.0,0.0,1.0
280627,0,1,3400,-57,57,423,12,13,0.51,59456.000000,0,2.1,16,0.0,0.0,0.0,0.0,0.0,0.0,1.0
280876,0,1,3400,-57,57,420,11,12,0.87,43840.000000,14,2.1,16,0.0,17056.000000,0,0.0,0.0,0.0,1.0
281125,0,1,3400,-57,57,412,8.6,13,0.81,32672.000000,4,2.1,16,0.0,0.0,0.0,0.0,0.0,0.0,1.0
281374,0,1,3400,-57,57,415,4.1,13,0.53,17856.000000,0,2.1,15,0.0,23488.000000,0,0.0,0.0,0.0,1.0
281623,0,1,3400,-57,57,414,7.1,12,1.1,61088.000000,6,2.1,14,0.0,0.0,0.0,0.0,0.0,0.0,1.0
281872,0,1,3400,-57,57,414,7.9,13,1.2,34528.000000,30,2.1,14,0.0,0.0,0.0,0.0,0.0,0.0,1.0
282121,0,1,3400,-57,57,409,8.3,14,0.85,63040.000000,2,2.1,14,0.0,0.0,0.0,0.0,0.0,0.0,1.0
282370,0,1,3400,-57,57,411,7.4,13,0.51,63200.000000,2,2.1,14,0.0,0.0,80,0.0,0.0,0.0,1.0
282619,0,1,3400,-57,57,406,8.9,14,0.51,56160.000000,3,2.1,15,0.0,0.0,0.0,0.0,0.0,0.0,1.0
282868,0,1,3400,-57,57,418,8.8,13,1.3,41696.000000,12,2.1,15,0.0,0.0,0.0,0.0,0.0,0.0,1.0
283117,0,1,3400,-57,57,414,15,13,1.0,42752.000000,17,2.1,15,186,0.0,0.0,0.0,0.0,0.0,1.0
283366,0,1,3400,-57,57,403,7.3,13,0.55,41120.000000,2,2.1,1.6,0.0,13728.000000,0,0.0,0.0,0.0,1.0
283615,0,1,3400,-57,57,407,4.9,14,0.50,47520.000000,0,2.1,0.0,0.0,0.0,0.0,0.0,0.0,0.0,1.0
283864,0,1,3400,-57,57,416,8.9,13,0.56,61472.000000,3,2.1,0.0,0.0,0.0,0.0,0.0,0.0,0.0,1.0
284113,0,1,3400,-57,57,416,5.8,13,0.55,53280.000000,6,2.1,0.0,0.0,0.0,0.0,0.0,0.0,0.0,1.0
284362,0,1,3400,-57,57,413,17,13,0.82,56896.000000,7,2.1,0.0,0.0,8064.000000,30,0.0,0.0,0.0,1.0
284611,0,1,3400,-57,57,414,8.0,14,0.69,54208.000000,6,2.1,0.0,0.0,0.0,0.0,0.0,0.0,0.0,1.0
284860,0,1,3400,-57,57,416,9.6,12,1.3,74208.000000,9,2.1,0.0,0.0,0.0,0.0,0.0,0.0,0.0,1.0
285109,0,1,3400,-57,57,413,11,12,1.3,45696.000000,7,2.1,0.0,0.0,0.0,0.0,0.0,0.0,0.0,1.0
285358,0,1,3400,-57,57,416,9.5,13,0.58,57024.000000,0,2.1,7.6,0.0,31904.000000,27,0.0,0.0,0.0,1.0
285607,0,1,3400,-57,57,416,10,12,0.60,63328.000000,3,2.1,7.0,0.0,0.0,0.0,0.0,0.0,0.0,1.0
285856,0,1,3400,-57,57,412,7.5,13,0.80,33856.000000,4,2.1,7.0,0.0,0.0,0.0,0.0,0.0,0.0,1.0
286105,0,1,3400,-57,57,418,11,12,0.87,44128.000000,3,2.1,7.0,0.0,0.0,0.0,0.0,0.0,0.0,1.0
286354,0,1,3400,-57,57,412,7.5,12,0.93,64480.000000,4,2.1,3.5,0.0,25216.000000,12,0.0,0.0,0.0,1.0
286603,0,1,3400,-57,57,412,13,13,0.85,34816.000000,8,2.1,0.0,0.0,0.0,0.0,0.0,0.0,0.0,1.0
286852,0,1,3400,-57,57,415,13,13,0.53,47936.000000,0,2.1,0.0,0.0,0.0,0.0,0.0,0.0,0.0,1.0
287101,0,1,3400,-57,57,419,7.2,11,0.90,55168.000000,4,2.1,0.064,0.0,0.0,0.0,0.0,0.0,0.0,1.0
287350,0,1,3400,-57,57,419,7.5,12,0.70,63424.000000,5,2.1,0.0,0.0,8160.000000,0,0.0,0.0,0.0,1.0
287599,0,1,3400,-57,57,416,13,12,0.77,55744.000000,19,2.1,0.0,0.0,0.0,0.0,0.0,0.0,0.0,1.0
287848,0,1,3400,-57,57,415,8.8,12,0.63,44000.000000,5,2.1,0.0,0.0,0.0,0.0,0.0,0.0,0.0,1.0
288097,0,1,3400,-57,57,408,9.0,12,1.1,52032.000000,14,2.1,0.0,186,0.0,0.0,0.0,0.0,0.0,1.0
288346,0,1,3400,-57,57,408,9.0,14,1.2,45472.000000,8,2.1,0.0,0.0,20384.000000,17,0.0,0.0,0.0,1.0
288595,0,1,3400,-57,57,414,8.1,13,0.61,49568.000000,0,2.1,0.064,0.0,0.0,0.0,0.0,0.0,0.0,1.0
288844,0,1,3400,-57,57,415,7.9,11,1.2,40448.000000,17,2.1,0.0,0.0,0.0,0.0,0.0,0.0,0.0,1.0
289093,0,1,3400,-57,57,409,9.3,12,1.1,58016.000000,7,2.1,0.0,0.0,0.0,0.0,0.0,0.0,0.0,1.0
289342,0,1,3400,-57,57,414,9.2,13,1.1,50496.000000,10,2.1,18,0.0,6720.000000,50,0.0,0.0,0.0,1.0
289591,0,1,3400,-57,57,414,7.7,12,0.71,34080.000000,4,2.1,21,0.0,0.0,0.0,0.0,0.0,0.0,1.0
289840,0,1,3400,-57,57,416,11,13,0.79,45673.308594,16,2.1,21,0.0,0.0,0.0,0.0,0.0,0.0,1.0
290089,0,1,3400,-57,57,417,6.6,9.6,1.0,64256.000000,3,2.1,21,0.0,0.0,0.0,0.0,0.0,0.0,1.0
290338,0,1,3400,-57,57,416,9.4,13,0.87,57248.000000,8,2.1,13,0.0,5536.000000,57,0.0,0.0,0.0,1.0
290587,0,1,3400,-57,57,414,10,13,1.0,54176.000000,3,2.1,7.5,0.0,0.0,0.0,0.0,0.0,0.0,1.0
290836,0,1,3400,-57,57,415,7.5,13,0.50,71296.000000,0,2.1,7.5,0.0,0.0,0.0,0.0,0.0,0.0,1.0
291085,0,1,3400,-57,57,418,9.5,12,0.73,94656.000000,4,2.1,7.6,0.0,0.0,0.0,0.0,0.0,0.0,1.0
291334,0,1,3400,-57,57,422,13,14,0.80,63872.000000,7,2.1,0.60,0.0,13536.000000,25,0.0,0.0,0.0,1.0
291583,0,1,3400,-57,57,410,6.8,12,0.69,54592.000000,1,2.1,0.064,0.0,0.0,0.0,0.0,0.0,0.0,1.0
291832,0,1,3400,-57,57,412,13,14,1.00,58528.000000,2,2.1,0.0,0.0,0.0,0.0,0.0,0.0,0.0,1.0
292081,0,1,3400,-57,57,409,13,11,1.1,68832.000000,11,2.1,0.0,186,0.0,0.0,0.0,0.0,0.0,1.0
292330,0,1,3400,-57,57,416,12,14,0.53,44512.000000,0,2.1,0.0,0.0,8160.000000,38,0.0,0.0,0.0,1.0
292579,0,1,3400,-57,57,416,7.8,13,0.50,47552.000000,0,2.1,0.0,0.0,11072.000000,0,0.0,0.0,0.0,1.0
292828,0,1,3400,-57,57,412,6.1,12,0.90,40320.000000,13,2.1,0.064,0.0,0.0,0.0,0.0,0.0,0.0,1.0
293077,0,1,3400,-57,57,415,8.2,13,0.59,74208.000000,2,2.1,0.064,186,0.0,0.0,0.0,0.0,0.0,1.0
293326,0,1,3400,-57,57,419,8.6,12,0.50,42848.000000,0,2.1,0.0,0.0,8160.000000,17,0.0,0.0,0.0,1.0
293575,0,1,3400,-57,57,416,9.6,13,0.50,33088.000000,0,2.1,0.064,0.0,0.0,0.0,0.0,0.0,0.0,1.0
293824,0,1,3400,-57,57,412,11,13,0.86,71936.000000,6,2.1,0.0,0.0,0.0,0.0,0.0,0.0,0.0,1.0
294073,0,1,3400,-57,57,413,13,13,1.2,43904.000000,3,2.1,0.064,0.0,0.0,0.0,0.0,0.0,0.0,1.0
294322,0,1,3400,-57,57,415,10,12,0.99,62048.000000,9,2.1,0.38,0.0,20512.000000,0,0.0,0.0,0.0,1.0
294571,0,1,3400,-57,57,417,5.3,12,0.53,36320.000000,5,2.1,1.0,0.0,0.0,0.0,0.0,0.0,0.0,1.0
294820,0,1,3400,-57,57,413,12,12,0.71,57120.000000,15,2.1,1.0,0.0,0.0,0.0,0.0,0.0,0.0,1.0
295069,0,1,3400,-57,57,412,8.4,12,0.68,89376.000000,4,2.1,1.0,0.0,0.0,0.0,0.0,0.0,0.0,1.0
295318,0,1,3400,-57,57,417,10.0,13,0.51,16896.000000,0,2.1,4.4,0.0,13632.000000,43,0.0,0.0,0.0,1.0
295567,0,1,3400,-57,57,418,6.6,9.7,0.99,56096.000000,1.0,2.1,7.0,0.0,0.0,0.0,0.0,0.0,0.0,1.0
295816,0,1,3400,-57,57,416,8.7,12,1.2,48832.000000,10,2.1,7.0,0.0,0.0,0.0,0.0,0.0,0.0,1.0
296065,0,1,3400,-57,57,415,10,13,0.96,67584.000000,15,2.1,7.0,186,0.0,0.0,0.0,0.0,0.0,1.0
296314,0,1,3400,-57,57,412,11,14,1.3,57568.000000,8,2.1,13,0.0,0.0,80,0.0,0.0,0.0,1.0
296563,0,1,3400,-57,57,409,6.2,12,0.70,61928.285156,1,2.1,14,0.0,0.0,0.0,0.0,0.0,0.0,1.0
296812,0,1,3400,-57,57,408,9.5,14,0.51,67104.000000,0,2.1,14,0.0,0.0,0.0,0.0,0.0,0.0,1.0
297061,0,1,3400,-57,57,416,7.1,13,1.0,61568.000000,13,2.1,14,186,0.0,0.0,0.0,0.0,0.0,1.0
297310,0,1,3400,-57,57,416,9.9,13,1.1,77664.000000,10,2.1,2.6,0.0,14848.000000,47,0.0,0.0,0.0,1.0
297559,0,1,3400,-57,57,408,9.5,13,0.68,56768.000000,9,2.1,0.0,0.0,0.0,0.0,0.0,0.0,0.0,1.0
297808,0,1,3400,-57,57,414,8.7,13,0.70,28064.000000,0,2.1,0.0,0.0,0.0,0.0,0.0,0.0,0.0,1.0
298057,0,1,3400,-57,57,405,9.7,13,0.76,80864.000000,5,2.1,0.0,186,0.0,0.0,0.0,0.0,0.0,1.0
298306,0,1,3400,-57,57,408,9.4,12,0.59,47968.000000,0,2.1,0.82,0.0,8160.000000,36,0.0,0.0,0.0,1.0
298555,0,1,3400,-57,57,407,9.7,13,0.71,58848.000000,3,2.1,7.3,0.0,0.0,80,0.0,0.0,0.0,1.0
298804,0,1,3400,-57,57,412,7.3,13,0.60,41760.000000,7,2.1,7.5,0.0,0.0,0.0,0.0,0.0,0.0,1.0
299053,0,1,3400,-57,57,414,9.5,12,0.70,75040.000000,2,2.1,7.5,186,0.0,0.0,0.0,0.0,0.0,1.0
299302,0,1,3400,-57,57,413,9.3,12,0.66,55328.000000,16,2.1,2.9,0.0,8160.000000,0,0.0,0.0,0.0,1.0
299551,0,1,3400,-57,57,407,9.4,12,0.55,35264.000000,5,2.1,0.0,0.0,0.0,80,0.0,0.0,0.0,1.0
299800,0,1,3400,-57,57,411,6.8,12,0.91,50912.000000,10,2.1,0.0,0.0,0.0,0.0,0.0,0.0,0.0,1.0
300049,0,1,3400,-57,57,424,8.4,10,0.84,66240.000000,3,2.1,0.064,0.0,0.0,0.0,0.0,0.0,0.0,1.0
300298,0,1,3400,-57,57,410,14,12,2.2,55776.000000,16,2.1,0.0,0.0,18720.000000,8,0.0,0.0,0.0,1.0
300547,0,1,3400,-57,57,414,11,11,1.1,66464.000000,17,2.1,0.0,0.0,2144.000000,0,0.0,0.0,0.0,1.0
300796,0,1,3400,-57,57,414,8.4,12,0.89,56096.000000,4,2.1,0.0,0.0,0.0,0.0,0.0,0.0,0.0,1.0
301045,0,1,3400,-57,57,416,9.3,13,0.50,19200.000000,0,2.1,0.0,0.0,0.0,0.0,0.0,0.0,0.0,1.0
301294,0,1,3400,-57,57,415,5.5,12,0.61,60832.000000,0,2.1,0.0,0.0,13536.000000,18,0.0,0.0,0.0,1.0
301543,0,1,3400,-57,57,415,5.8,12,1.00,67744.000000,7,2.1,0.0,0.0,0.0,0.0,0.0,0.0,0.0,1.0
301792,0,1,3400,-57,57,412,10,12,0.84,39872.000000,21,2.1,0.0,0.0,0.0,0.0,0.0,0.0,0.0,1.0
302041,0,1,3400,-57,57,414,8.5,13,0.83,40960.000000,4,2.1,0.0,186,0.0,0.0,0.0,0.0,0.0,1.0
302290,0,1,3400,-57,57,413,11,12,0.68,80992.000000,5,2.1,0.0,186,0.0,0.0,0.0,0.0,0.0,1.0
302539,0,1,3400,-57,57,408,15,13,1.3,19456.000000,20,2.1,0.0,0.0,8064.000000,30,0.0,0.0,0.0,1.0
302788,0,1,3400,-57,57,412,9.5,13,0.75,46624.000000,9,2.1,0.0,0.0,0.0,0.0,0.0,0.0,0.0,1.0
303037,0,1,3400,-57,57,415,8.5,13,1.1,71392.000000,6,2.1,0.0,0.0,0.0,0.0,0.0,0.0,0.0,1.0
303286,0,1,3400,-57,57,409,4.1,9.4,0.56,62912.000000,1,2.1,4.7,0.0,23488.000000,0,0.0,0.0,0.0,1.0
303535,0,1,3400,-57,57,409,9.1,12,0.53,45856.000000,7,2.1,6.0,0.0,0.0,0.0,0.0,0.0,0.0,1.0
303784,0,1,3400,-57,57,413,7.7,12,0.56,35424.000000,4,2.1,6.0,0.0,0.0,0.0,0.0,0.0,0.0,1.0
304033,0,1,3400,-57,57,407,8.4,13,0.59,67040.000000,5,2.1,6.0,0.0,0.0,0.0,0.0,0.0,0.0,1.0
304282,0,1,3400,-57,57,417,11,13,0.97,65312.000000,12,2.1,7.4,0.0,5536.000000,57,0.0,0.0,0.0,1.0
304531,0,1,3400,-57,57,411,7.6,12,1.0,44864.000000,2,2.1,7.5,0.0,5536.000000,50,0.0,0.0,0.0,1.0
304780,0,1,3400,-57,57,415,11,10,0.74,56352.000000,4,2.1,7.5,0.0,0.0,0.0,0.0,0.0,0.0,1.0
305029,0,1,3400,-57,57,413,12,13,1.1,22272.000000,8,2.1,7.5,0.0,0.0,0.0,0.0,0.0,0.0,1.0
305278,0,1,3400,-57,57,413,7.9,13,0.90,31904.000000,6,2.1,5.0,0.0,16384.000000,11,0.0,0.0,0.0,1.0
305527,0,1,3400,-57,57,414,9.2,13,1.1,32128.000000,20,2.1,0.0,0.0,0.0,0.0,0.0,0.0,0.0,1.0
305776,0,1,3400,-57,57,416,11,13,0.62,69728.000000,9,2.1,0.0,0.0,0.0,0.0,0.0,0.0,0.0,1.0
306025,0,1,3400,-57,57,415,10,13,0.50,53920.000000,0,2.1,0.0,186,0.0,0.0,0.0,0.0,0.0,1.0
306274,0,1,3400,-57,57,416,6.8,11,1.4,40512.000000,7,2.1,1.5,0.0,9536.000000,50,0.0,0.0,0.0,1.0
306523,0,1,3400,-57,57,411,9.4,13,0.69,53088.000000,9,2.1,0.0,0.0,0.0,0.0,0.0,0.0,0.0,1.0
306772,0,1,3400,-57,57,417,6.4,12,0.79,60992.000000,2,2.1,0.0,0.0,0.0,0.0,0.0,0.0,0.0,1.0
307021,0,1,3400,-57,57,414,6.8,12,0.54,71264.000000,0,2.1,0.0,186,0.0,0.0,0.0,0.0,0.0,1.0
307270,0,1,3400,-57,57,415,4.7,11,0.51,56576.000000,0,2.1,0.0,0.0,6848.000000,29,0.0,0.0,0.0,1.0
307519,0,1,3400,-57,57,414,11,13,0.52,86880.000000,0,2.1,0.0,0.0,9536.000000,0,0.0,0.0,0.0,1.0
307768,0,1,3400,-57,57,409,11,13,0.58,50912.000000,7,2.1,0.0,0.0,0.0,0.0,0.0,0.0,0.0,1.0
308017,0,1,3400,-57,57,407,10,14,0.53,38784.000000,0,2.1,0.0,0.0,0.0,0.0,0.0,0.0,0.0,1.0
308266,0,1,3400,-57,57,414,9.7,12,1.2,35776.000000,14,2.1,8.3,0.0,24416.000000,25,0.0,0.0,0.0,1.0
308515,0,1,3400,-57,57,419,11,13,0.50,40992.000000,0,2.1,12,0.0,0.0,0.0,0.0,0.0,0.0,1.0
308764,0,1,3400,-57,57,412,11,12,0.68,34688.000000,0,2.1,12,0.0,0.0,0.0,0.0,0.0,0.0,1.0
309013,0,1,3400,-57,57,413,5.9,13,0.52,39648.000000,2,2.1,12,186,0.0,0.0,0.0,0.0,0.0,1.0
309262,0,1,3400,-57,57,419,11,12,1.5,45248.000000,16,2.1,2.0,0.0,32992.000000,39,0.0,0.0,0.0,1.0
309511,0,1,3400,-57,57,409,10,12,0.54,76544.000000,0,2.1,0.0,0.0,0.0,0.0,0.0,0.0,0.0,1.0
309760,0,1,3400,-57,57,412,5.7,13,0.74,32416.000000,12,2.1,0.0,0.0,0.0,0.0,0.0,0.0,0.0,1.0
310009,0,1,3400,-57,57,418,12,14,1.0,40928.000000,5,2.1,0.0,0.0,0.0,0.0,0.0,0.0,0.0,1.0
310258,0,1,3400,-57,57,415,9.9,13,1.2,64640.000000,5,2.1,6.9,0.0,17056.000000,57,0.0,0.0,0.0,1.0
310507,0,1,3400,-57,57,421,9.2,12,1.0,54720.000000,3,2.1,7.5,0.0,0.0,0.0,0.0,0.0,0.0,1.0
310756,0,1,3400,-57,57,419,7.8,11,0.85,52416.000000,5,2.1,11,0.0,10656.000000,0,0.0,0.0,0.0,1.0
311005,0,1,3400,-57,57,418,10,13,0.66,51520.000000,4,2.1,12,0.0,0.0,0.0,0.0,0.0,0.0,1.0
311254,0,1,3400,-57,57,414,9.3,13,0.78,71168.000000,11,2.1,4.7,0.0,49216.000000,25,0.0,0.0,0.0,1.0
311503,0,1,3400,-57,57,406,5.6,11,0.67,84928.000000,5,2.1,0.0,0.0,0.0,0.0,0.0,0.0,0.0,1.0
311752,0,1,3400,-57,57,416,12,12,0.58,64032.000000,4,2.1,0.0,0.0,0.0,0.0,0.0,0.0,0.0,1.0
312001,0,1,3400,-57,57,411,5.7,12,0.51,45258.964844,2,2.1,0.0,186,0.0,0.0,0.0,0.0,0.0,1.0
312250,0,1,3400,-57,57,415,16,12,1.5,19968.000000,8,2.1,0.0,0.0,8000.000000,22,0.0,0.0,0.0,1.0
312499,0,1,3400,-57,57,415,7.3,13,0.50,45131.472656,0,2.1,0.0,0.0,0.0,0.0,0.0,0.0,0.0,1.0
312748,0,1,3400,-57,57,416,11,13,0.51,54688.000000,0,2.1,0.0,0.0,0.0,0.0,0.0,0.0,0.0,1.0
312997,0,1,3400,-57,57,410,6.7,12,1.3,40224.000000,3,2.1,0.0,0.0,0.0,0.0,0.0,0.0,0.0,1.0
313246,0,1,3400,-57,57,413,7.7,14,0.87,27872.000000,6,2.1,1.5,0.0,9184.000000,57,0.0,0.0,0.0,1.0
313495,0,1,3400,-57,57,417,7.8,12,0.84,61440.000000,11,2.1,0.0,0.0,5536.000000,0,0.0,0.0,0.0,1.0
313744,0,1,3400,-57,57,415,10,11,1.2,55360.000000,1,2.1,0.0,0.0,0.0,0.0,0.0,0.0,0.0,1.0
313993,0,1,3400,-57,57,409,6.0,12,0.77,60192.000000,5,2.1,0.0,0.0,0.0,0.0,0.0,0.0,0.0,1.0
314242,0,1,3400,-57,57,410,8.1,12,0.55,102400.000000,0,2.1,0.0,0.0,21312.000000,23,0.0,0.0,0.0,1.0
314491,0,1,3400,-57,57,412,5.4,11,0.79,83776.000000,4,2.1,0.0,0.0,0.0,0.0,0.0,0.0,0.0,1.0
314740,0,1,3400,-57,57,414,8.6,12,0.93,87648.000000,10,2.1,0.0,0.0,0.0,0.0,0.0,0.0,0.0,1.0
314989,0,1,3400,-57,57,414,6.3,13,0.54,31649.402344,2,2.1,0.0,0.0,0.0,0.0,0.0,0.0,0.0,1.0
315238,0,1,3400,-57,57,413,10,14,0.58,56480.000000,7,2.1,0.0,0.0,8160.000000,0,0.0,0.0,0.0,1.0
315487,0,1,3400,-57,57,414,15,12,1.8,29590.361328,20,2.1,0.0,0.0,0.0,0.0,0.0,0.0,0.0,1.0
315736,0,1,3400,-57,57,415,15,14,1.1,18613.544922,20,2.1,0.0,0.0,0.0,0.0,0.0,0.0,0.0,1.0
315985,0,1,3400,-57,57,419,12,13,0.58,50240.000000,0,2.1,0.0,0.0,0.0,0.0,0.0,0.0,0.0,1.0
316234,0,1,3400,-57,57,415,7.7,14,0.72,40416.000000,10,2.1,0.0,0.0,8064.000000,0,0.0,0.0,0.0,1.0
316483,0,1,3400,-57,57,413,9.5,11,1.1,56832.000000,10,2.1,0.0,0.0,0.0,0.0,0.0,0.0,0.0,1.0
316732,0,1,3400,-57,57,415,8.7,11,0.62,81088.000000,4,2.1,0.0,0.0,0.0,0.0,0.0,0.0,0.0,1.0
316981,0,1,3400,-57,57,413,7.1,11,0.65,75296.000000,6,2.1,0.0,186,0.0,0.0,0.0,0.0,0.0,1.0
317230,0,1,3400,-57,57,420,11,13,0.76,65824.000000,5,2.1,0.0,0.0,17920.000000,30,0.0,0.0,0.0,1.0
317479,0,1,3400,-57,57,416,8.1,12,0.75,58272.000000,8,2.1,0.0,0.0,0.0,0.0,0.0,0.0,0.0,1.0
317728,0,1,3400,-57,57,412,11,12,1.1,41696.000000,8,2.1,0.0,0.0,0.0,0.0,0.0,0.0,0.0,1.0
317977,0,1,3400,-57,57,414,10,14,0.84,44032.000000,10,2.1,0.0,0.0,0.0,0.0,0.0,0.0,0.0,1.0
318226,0,1,3400,-57,57,412,7.1,13,1.2,65696.000000,5,2.1,0.0,0.0,16160.000000,29,0.0,0.0,0.0,1.0
318475,0,1,3400,-57,57,418,12,13,1.0,50112.000000,11,2.1,0.0,0.0,0.0,0.0,0.0,0.0,0.0,1.0
318724,0,1,3400,-57,57,420,11,14,0.85,63776.000000,0,2.1,0.0,0.0,0.0,0.0,0.0,0.0,0.0,1.0
318973,0,1,3400,-57,57,417,9.8,12,0.59,33760.000000,10,2.1,0.0,0.0,0.0,0.0,0.0,0.0,0.0,1.0
319222,0,1,3400,-57,57,414,8.4,13,1.1,27520.000000,0,2.1,0.0,0.0,12384.000000,0,0.0,0.0,0.0,1.0
319471,0,1,3400,-57,57,410,9.5,12,1.2,43840.000000,8,2.1,2.5,0.0,17056.000000,0,0.0,0.0,0.0,1.0
319720,0,1,3400,-57,57,415,10,12,1.0,47712.000000,15,2.1,7.3,0.0,0.0,0.0,0.0,0.0,0.0,1.0
319969,0,1,3400,-57,57,414,11,12,0.69,40610.441406,9,2.1,7.5,0.0,0.0,0.0,0.0,0.0,0.0,1.0
320218,0,1,3400,-57,57,418,13,13,1.5,37641.433594,11,2.1,11,0.0,23394.421875,0,0.0,0.0,0.0,1.0
320467,0,1,3400,-57,57,415,11,12,0.92,40159.363281,5,2.1,14,0.0,0.0,0.0,0.0,0.0,0.0,1.0
320716,0,1,3400,-57,57,412,11,13,0.50,42720.000000,0,2.1,14,0.0,0.0,0.0,0.0,0.0,0.0,1.0
320965,0,1,3400,-57,57,412,7.3,11,0.93,74176.000000,8,2.1,14,0.0,0.0,0.0,0.0,0.0,0.0,1.0
321214,0,1,3400,-57,57,414,8.9,12,0.56,39328.000000,4,2.1,14,0.0,0.0,80,0.0,0.0,0.0,1.0
321463,0,1,3400,-57,57,414,9.1,13,0.50,66848.000000,0,2.1,14,0.0,0.0,0.0,0.0,0.0,0.0,1.0
321712,0,1,3400,-57,57,412,15,13,0.94,40224.000000,5,2.1,13,0.0,0.0,0.0,0.0,0.0,0.0,1.0
321961,0,1,3400,-57,57,414,13,13,0.86,50336.000000,5,2.1,14,0.0,0.0,0.0,0.0,0.0,0.0,1.0
322210,0,1,3400,-57,57,414,15,12,1.2,63424.000000,10,2.1,14,186,0.0,0.0,0.0,0.0,0.0,1.0
322459,0,1,3400,-57,57,422,8.8,12,0.67,68224.000000,4,2.1,7.6,0.0,12512.000000,0,0.0,0.0,0.0,1.0
322708,0,1,3400,-57,57,423,11,13,0.52,42528.000000,0,2.1,7.5,0.0,0.0,0.0,0.0,0.0,0.0,1.0
322957,0,1,3400,-57,57,417,13,12,0.93,68064.000000,3,2.1,7.5,186,0.0,0.0,0.0,0.0,0.0,1.0
323206,0,1,3400,-57,57,413,6.5,11,1.1,64576.000000,8,2.1,1.3,0.0,20384.000000,38,0.0,0.0,0.0,1.0
323455,0,1,3400,-57,57,413,6.2,11,0.54,68576.000000,0,2.1,0.0,0.0,0.0,0.0,0.0,0.0,0.0,1.0
323704,0,1,3400,-57,57,408,4.8,11,0.52,71040.000000,1,2.1,0.0,0.0,0.0,0.0,0.0,0.0,0.0,1.0
323953,0,1,3400,-57,57,410,9.7,13,1.2,44064.000000,11,2.1,0.0,0.0,0.0,0.0,0.0,0.0,0.0,1.0
324202,0,1,3400,-57,57,412,8.1,13,0.56,73664.000000,4,2.1,7.1,0.0,51904.000000,36,0.0,0.0,0.0,1.0
324451,0,1,3400,-57,57,417,3.7,11,0.59,82400.000000,1,2.1,8.0,0.0,0.0,0.0,0.0,0.0,0.0,1.0
324700,0,1,3400,-57,57,417,9.7,13,0.52,57824.000000,3,2.1,8.0,0.0,0.0,0.0,0.0,0.0,0.0,1.0
324949,0,1,3400,-57,57,414,13,13,0.79,63840.000000,4,2.1,8.0,0.0,0.0,0.0,0.0,0.0,0.0,1.0
325198,0,1,3400,-57,57,407,7.3,12,0.61,71840.000000,4,2.1,5.1,0.0,3232.000000,67,0.0,0.0,0.0,1.0
325447,0,1,3400,-57,57,412,7.9,12,1.0,53472.000000,5,2.1,7.5,0.0,0.0,0.0,0.0,0.0,0.0,1.0
325696,0,1,3400,-57,57,416,8.8,11,1.2,73280.000000,3,2.1,7.5,0.0,0.0,0.0,0.0,0.0,0.0,1.0
325945,0,1,3400,-57,57,413,9.9,10,1.3,82784.000000,10,2.1,7.5,0.0,0.0,0.0,0.0,0.0,0.0,1.0
326194,0,1,3400,-57,57,417,9.4,10,0.80,63712.000000,5,2.1,13,0.0,190656.000000,62,0.0,0.0,0.0,1.0
326443,0,1,3400,-57,57,418,12,13,0.69,52416.000000,8,2.1,16,0.0,0.0,0.0,0.0,0.0,0.0,1.0
326692,0,1,3400,-57,57,410,9.8,12,0.78,52864.000000,4,2.1,16,0.0,0.0,0.0,0.0,0.0,0.0,1.0
326941,0,1,3400,-57,57,408,10,13,0.94,53728.000000,10,2.1,16,186,0.0,0.0,0.0,0.0,0.0,1.0
327190,0,1,3400,-57,57,410,8.1,13,0.51,51936.000000,3,2.1,4.0,0.0,11072.000000,44,0.0,0.0,0.0,1.0
327439,0,1,3400,-57,57,416,11,12,0.86,31904.000000,11,2.1,0.0,0.0,0.0,0.0,0.0,0.0,0.0,1.0
327688,0,1,3400,-57,57,419,9.6,13,0.64,39392.000000,12,2.1,0.0,0.0,0.0,0.0,0.0,0.0,0.0,1.0
327937,0,1,3400,-57,57,419,7.5,12,1.3,67680.000000,5,2.1,0.0,0.0,0.0,0.0,0.0,0.0,0.0,1.0
328186,0,1,3400,-57,57,411,11,13,1.5,50688.000000,16,2.1,0.0,0.0,13696.000000,0,0.0,0.0,0.0,1.0
328435,0,1,3400,-57,57,417,8.1,14,0.50,46784.000000,0,2.1,0.0,0.0,0.0,0.0,0.0,0.0,0.0,1.0
328684,0,1,3400,-57,57,406,8.5,12,0.89,51712.000000,7,2.1,0.0,0.0,0.0,0.0,0.0,0.0,0.0,1.0
328933,0,1,3400,-57,57,413,8.0,13,0.53,51680.000000,3,2.1,0.0,0.0,0.0,0.0,0.0,0.0,0.0,1.0
329182,0,1,3400,-57,57,412,9.0,13,0.80,61664.000000,3,2.1,6.1,0.0,8064.000000,33,0.0,0.0,0.0,1.0
329431,0,1,3400,-57,57,411,11,14,0.80,55232.000000,2,2.1,8.1,0.0,0.0,0.0,0.0,0.0,0.0,1.0
329680,0,1,3400,-57,57,412,8.9,11,0.70,68224.000000,5,2.1,8.1,0.0,0.0,0.0,0.0,0.0,0.0,1.0
329929,0,1,3400,-57,57,413,11,13,2.0,42848.000000,11,2.1,8.0,0.0,0.0,0.0,0.0,0.0,0.0,1.0
330178,0,1,3400,-57,57,409,8.1,13,0.85,72544.000000,0,2.1,11,0.0,75584.000000,57,0.0,0.0,0.0,1.0
330427,0,1,3400,-57,57,410,8.1,13,1.7,33120.000000,10,2.1,14,0.0,0.0,0.0,0.0,0.0,0.0,1.0
330676,0,1,3400,-57,57,416,4.0,12,0.75,17760.000000,2,2.1,14,0.0,0.0,0.0,0.0,0.0,0.0,1.0
330925,0,1,3400,-57,57,417,3.5,8.6,0.74,65024.000000,2,2.1,14,0.0,0.0,0.0,0.0,0.0,0.0,1.0
331174,0,1,3400,-57,57,421,14,14,0.96,53344.000000,13,2.1,6.0,0.0,57280.000000,28,0.0,0.0,0.0,1.0
331423,0,1,3400,-57,57,419,15,12,0.60,47488.000000,0,2.1,0.0,0.0,0.0,0.0,0.0,0.0,0.0,1.0
331672,0,1,3400,-57,57,416,9.3,13,0.52,33920.000000,0,2.1,0.0,0.0,0.0,0.0,0.0,0.0,0.0,1.0
331921,0,1,3400,-57,57,412,9.4,12,1.2,43424.000000,14,2.1,0.0,0.0,0.0,0.0,0.0,0.0,0.0,1.0
332170,0,1,3400,-57,57,408,11,12,0.76,49760.000000,7,2.1,0.0,186,4384.000000,0,0.0,0.0,0.0,1.0
332419,0,1,3400,-57,57,411,15,13,0.53,47200.000000,0,2.1,7.3,0.0,0.0,80,0.0,0.0,0.0,1.0
332668,0,1,3400,-57,57,411,15,13,1.0,78016.000000,12,2.1,7.5,0.0,0.0,0.0,0.0,0.0,0.0,1.0
332917,0,1,3400,-57,57,412,8.9,13,0.55,70688.000000,6,2.1,7.5,0.0,0.0,0.0,0.0,0.0,0.0,1.0
333166,0,1,3400,-57,57,417,11,13,1.1,42112.000000,11,2.1,1.7,0.0,8160.000000,0,0.0,0.0,0.0,1.0
333415,0,1,3400,-57,57,408,8.1,14,0.58,8160.000000,0,2.1,0.0,0.0,0.0,0.0,0.0,0.0,0.0,1.0
333664,0,1,3400,-57,57,414,8.9,14,0.63,39072.000000,9,2.1,0.0,0.0,0.0,0.0,0.0,0.0,0.0,1.0
333913,0,1,3400,-57,57,419,9.8,13,1.0,40928.000000,4,2.1,0.0,0.0,0.0,0.0,0.0,0.0,0.0,1.0
334162,0,1,3400,-57,57,416,9.5,12,0.60,37696.000000,5,2.1,0.0,0.0,12384.000000,0,0.0,0.0,0.0,1.0
334411,0,1,3400,-57,57,419,9.3,14,0.61,61856.000000,3,2.1,0.0,0.0,0.0,0.0,0.0,0.0,0.0,1.0
334660,0,1,3400,-57,57,413,4.8,11,0.54,66976.000000,2,2.1,0.0,0.0,0.0,0.0,0.0,0.0,0.0,1.0
334909,0,1,3400,-57,57,415,6.8,13,0.50,11027.888672,0,2.1,0.0,0.0,0.0,0.0,0.0,0.0,0.0,1.0
335158,0,1,3400,-57,57,419,12,12,1.6,39072.000000,10,2.1,2.0,0.0,9312.000000,62,0.0,0.0,0.0,1.0
335407,0,1,3400,-57,57,424,9.5,14,0.51,54023.906250,0,2.1,3.5,0.0,0.0,0.0,0.0,0.0,0.0,1.0
335656,0,1,3400,-57,57,411,7.6,13,0.50,37728.000000,0,2.1,3.5,0.0,0.0,0.0,0.0,0.0,0.0,1.0
335905,0,1,3400,-57,57,407,8.8,13,0.54,47968.000000,3,2.1,3.5,0.0,0.0,0.0,0.0,0.0,0.0,1.0
336154,0,1,3400,-57,57,410,5.7,12,0.57,68320.000000,1,2.1,0.84,0.0,7904.000000,0,0.0,0.0,0.0,1.0
336403,0,1,3400,-57,57,413,7.7,12,0.85,68416.000000,6,2.1,0.0,0.0,0.0,0.0,0.0,0.0,0.0,1.0
336652,0,1,3400,-57,57,409,7.1,12,0.82,19360.000000,13,2.1,0.0,0.0,0.0,0.0,0.0,0.0,0.0,1.0
336901,0,1,3400,-57,57,414,6.9,13,0.51,33088.000000,6,2.1,0.0,0.0,0.0,0.0,0.0,0.0,0.0,1.0
337150,0,1,3400,-57,57,407,11,14,0.65,48417.671875,9,2.1,0.0,0.0,8192.771484,38,0.0,0.0,0.0,1.0
337399,0,1,3400,-57,57,415,9.7,12,0.66,63424.000000,2,2.1,0.0,0.0,0.0,0.0,0.0,0.0,0.0,1.0
337648,0,1,3400,-57,57,419,11,12,0.59,63171.316406,3,2.1,0.0,0.0,0.0,0.0,0.0,0.0,0.0,1.0
337897,0,1,3400,-57,57,414,7.3,11,0.65,75808.000000,11,2.1,0.0,0.0,0.0,0.0,0.0,0.0,0.0,1.0
338146,0,1,3400,-57,57,419,8.5,11,0.67,87104.000000,4,2.1,0.056,0.0,49440.000000,20,0.0,0.0,0.0,1.0
338395,0,1,3400,-57,57,418,9.6,13,0.72,64960.000000,9,2.1,0.0,0.0,0.0,0.0,0.0,0.0,0.0,1.0
338644,0,1,3400,-57,57,412,8.0,13,0.54,34624.000000,9,2.1,0.0,0.0,0.0,0.0,0.0,0.0,0.0,1.0
338893,0,1,3400,-57,57,418,9.4,13,0.65,49024.000000,7,2.1,0.0,0.0,0.0,0.0,0.0,0.0,0.0,1.0
339142,0,1,3400,-57,57,416,9.8,13,0.52,28032.000000,0,2.1,0.0,0.0,21664.000000,8,0.0,0.0,0.0,1.0
339391,0,1,3400,-57,57,418,7.2,13,0.50,33824.000000,0,2.1,0.0,0.0,0.0,0.0,0.0,0.0,0.0,1.0
339640,0,1,3400,-57,57,417,9.3,13,0.71,35373.492188,18,2.1,0.19,0.0,0.0,0.0,0.0,0.0,0.0,1.0
339889,0,1,3400,-57,57,416,6.5,11,0.88,61067.730469,2,2.1,0.0,0.0,0.0,0.0,0.0,0.0,0.0,1.0
340138,0,1,3400,-57,57,414,7.2,10,0.58,60160.000000,1,2.1,7.8,0.0,33920.000000,27,0.0,0.0,0.0,1.0
340387,0,1,3400,-57,57,413,8.9,12,0.59,50016.000000,5,2.1,8.0,0.0,0.0,0.0,0.0,0.0,0.0,1.0
340636,0,1,3400,-57,57,411,8.6,12,0.60,53664.000000,3,2.1,8.0,0.0,0.0,0.0,0.0,0.0,0.0,1.0
340885,0,1,3400,-57,57,410,7.6,13,0.63,56608.000000,6,2.1,8.0,186,0.0,0.0,0.0,0.0,0.0,1.0
341134,0,1,3400,-57,57,409,11,14,0.59,58720.000000,3,2.1,13,0.0,103072.000000,11,0.0,0.0,0.0,1.0
341383,0,1,3400,-57,57,411,10,12,0.88,58088.351562,6,2.1,14,0.0,0.0,0.0,0.0,0.0,0.0,1.0
341632,0,1,3400,-57,57,420,12,12,1.0,46656.000000,8,2.1,14,0.0,0.0,0.0,0.0,0.0,0.0,1.0
341881,0,1,3400,-57,57,416,12,13,1.3,65274.902344,21,2.1,14,0.0,0.0,0.0,0.0,0.0,0.0,1.0
342130,0,1,3400,-57,57,412,12,12,0.82,80384.000000,3,2.1,5.6,0.0,23904.000000,50,0.0,0.0,0.0,1.0
342379,0,1,3400,-57,57,410,10,13,0.50,55808.000000,0,2.1,0.0,0.0,0.0,0.0,0.0,0.0,0.0,1.0
342628,0,1,3400,-57,57,419,12,11,0.92,55552.000000,4,2.1,0.0,0.0,0.0,0.0,0.0,0.0,0.0,1.0
342877,0,1,3400,-57,57,416,11,13,0.52,46240.000000,0,2.1,0.0,186,0.0,0.0,0.0,0.0,0.0,1.0
343126,0,1,3400,-57,57,411,7.9,11,1.4,62592.000000,11,2.1,0.13,0.0,13440.000000,0,0.0,0.0,0.0,1.0
343375,0,1,3400,-57,57,412,9.4,14,0.56,55840.000000,2,2.1,0.0,0.0,0.0,0.0,0.0,0.0,0.0,1.0
343624,0,1,3400,-57,57,407,6.8,13,0.90,72928.000000,5,2.1,0.0,0.0,0.0,0.0,0.0,0.0,0.0,1.0
343873,0,1,3400,-57,57,409,8.8,13,0.63,72771.085938,2,2.1,0.0,0.0,0.0,0.0,0.0,0.0,0.0,1.0
344122,0,1,3400,-57,57,411,8.7,11,0.56,66613.546875,0,2.1,7.2,0.0,45705.179688,27,0.0,0.0,0.0,1.0
344371,0,1,3400,-57,57,419,12,14,0.73,59392.000000,0,2.1,15,0.0,0.0,0.0,0.0,0.0,0.0,1.0
344620,0,1,3400,-57,57,420,13,12,0.63,59744.000000,3,2.1,15,0.0,0.0,0.0,0.0,0.0,0.0,1.0
344869,0,1,3400,-57,57,423,7.5,13,0.67,47424.000000,4,2.1,15,0.0,0.0,0.0,0.0,0.0,0.0,1.0
345118,0,1,3400,-57,57,417,9.0,13,0.79,57696.000000,6,2.1,7.8,0.0,41952.000000,34,0.0,0.0,0.0,1.0
345367,0,1,3400,-57,57,413,9.3,13,0.54,68544.000000,3,2.1,7.5,0.0,0.0,0.0,0.0,0.0,0.0,1.0
345616,0,1,3400,-57,57,415,6.6,12,0.58,95008.000000,0,2.1,7.5,0.0,0.0,0.0,0.0,0.0,0.0,1.0
345865,0,1,3400,-57,57,420,12,13,1.4,45952.000000,10,2.1,7.5,0.0,0.0,0.0,0.0,0.0,0.0,1.0
346114,0,1,3400,-57,57,412,6.8,12,0.60,60562.250000,4,2.1,13,0.0,0.0,80,0.0,0.0,0.0,1.0
346363,0,1,3400,-57,57,421,11,13,0.64,71904.382812,5,2.1,15,0.0,0.0,0.0,0.0,0.0,0.0,1.0
346612,0,1,3400,-57,57,412,7.4,13,0.62,66816.000000,1,2.1,15,0.0,0.0,0.0,0.0,0.0,0.0,1.0
346861,0,1,3400,-57,57,403,8.7,13,0.62,70752.000000,3,2.1,15,186,0.0,0.0,0.0,0.0,0.0,1.0
347110,0,1,3400,-57,57,414,13,12,1.3,29440.000000,11,2.1,3.2,0.0,12064.000000,53,0.0,0.0,0.0,1.0
347359,0,1,3400,-57,57,412,10,13,0.69,56672.000000,3,2.1,0.0,0.0,0.0,0.0,0.0,0.0,0.0,1.0
347608,0,1,3400,-57,57,412,7.8,12,0.53,49824.000000,0,2.1,0.0,0.0,0.0,0.0,0.0,0.0,0.0,1.0
347857,0,1,3400,-57,57,415,4.4,10,0.68,62656.000000,7,2.1,0.0,0.0,0.0,0.0,0.0,0.0,0.0,1.0
348106,0,1,3400,-57,57,420,13,13,0.69,41927.710938,7,2.1,0.0,0.0,12305.220703,0,0.0,0.0,0.0,1.0
348355,0,1,3400,-57,57,417,9.7,14,0.67,72350.593750,5,2.1,0.0,0.0,0.0,0.0,0.0,0.0,0.0,1.0
348604,0,1,3400,-57,57,415,8.0,12,0.77,71456.000000,4,2.1,0.064,0.0,0.0,0.0,0.0,0.0,0.0,1.0
348853,0,1,3400,-57,57,416,8.4,12,0.53,74240.000000,4,2.1,0.0,0.0,0.0,0.0,0.0,0.0,0.0,1.0
349102,0,1,3400,-57,57,409,9.6,13,0.85,75616.000000,4,2.1,7.9,0.0,13280.000000,36,0.0,0.0,0.0,1.0
349351,0,1,3400,-57,57,413,11,11,1.9,32032.000000,8,2.1,12,0.0,0.0,0.0,0.0,0.0,0.0,1.0
349600,0,1,3400,-57,57,411,13,13,0.69,47232.000000,0,2.1,12,0.0,0.0,0.0,0.0,0.0,0.0,1.0
349849,0,1,3400,-57,57,408,14,13,1.5,54784.000000,12,2.1,12,0.0,0.0,0.0,0.0,0.0,0.0,1.0
350098,0,1,3400,-57,57,409,9.9,14,1.2,36626.507812,5,2.1,3.1,0.0,13204.819336,0,0.0,0.0,0.0,1.0
350347,0,1,3400,-57,57,413,7.7,13,0.86,41760.000000,5,2.1,0.0,0.0,0.0,0.0,0.0,0.0,0.0,1.0
350596,0,1,3400,-57,57,423,8.7,12,1.2,67601.593750,16,2.1,0.0,0.0,0.0,0.0,0.0,0.0,0.0,1.0
350845,0,1,3400,-57,57,416,9.7,13,1.5,40512.000000,8,2.1,0.0,0.0,0.0,0.0,0.0,0.0,0.0,1.0
351094,0,1,3400,-57,57,416,12,14,0.50,20320.000000,0,2.1,0.0,0.0,8160.000000,0,0.0,0.0,0.0,1.0
351343,0,1,3400,-57,57,413,5.9,12,0.60,52512.000000,2,2.1,0.0,0.0,0.0,0.0,0.0,0.0,0.0,1.0
351592,0,1,3400,-57,57,407,11,14,0.61,31968.000000,6,2.1,0.0,0.0,0.0,0.0,0.0,0.0,0.0,1.0
351841,0,1,3400,-57,57,409,7.4,13,0.77,44608.000000,2,2.1,0.064,0.0,0.0,0.0,0.0,0.0,0.0,1.0
352090,0,1,3400,-57,57,411,11,14,0.54,48803.210938,0,2.1,0.0,0.0,8192.771484,0,0.0,0.0,0.0,1.0
352339,0,1,3400,-57,57,415,9.2,13,0.64,38374.503906,5,2.1,0.0,0.0,0.0,0.0,0.0,0.0,0.0,1.0
352588,0,1,3400,-57,57,413,11,14,0.50,47935.742188,0,2.1,0.0,0.0,0.0,0.0,0.0,0.0,0.0,1.0
352837,0,1,3400,-57,57,417,7.4,12,1.0,57243.027344,4,2.1,0.0,0.0,0.0,0.0,0.0,0.0,0.0,1.0
353086,0,1,3400,-57,57,420,11,13,1.4,27008.000000,29,2.1,0.0,0.0,12064.000000,10,0.0,0.0,0.0,1.0
353335,0,1,3400,-57,57,415,11,13,0.51,54976.000000,0,2.1,0.0,0.0,0.0,0.0,0.0,0.0,0.0,1.0
353584,0,1,3400,-57,57,414,7.2,13,0.56,39136.000000,5,2.1,0.0,0.0,0.0,0.0,0.0,0.0,0.0,1.0
353833,0,1,3400,-57,57,414,7.1,12,0.64,51392.000000,3,2.1,0.0,0.0,0.0,0.0,0.0,0.0,0.0,1.0
354082,0,1,3400,-57,57,415,7.5,13,0.81,51328.000000,5,2.1,0.0,0.0,18144.000000,11,0.0,0.0,0.0,1.0
354331,0,1,3400,-57,57,413,11,13,0.60,42955.824219,10,2.1,0.0,0.0,0.0,0.0,0.0,0.0,0.0,1.0
354580,0,1,3400,-57,57,410,8.6,12,0.80,46208.000000,3,2.1,0.0,0.0,0.0,0.0,0.0,0.0,0.0,1.0
354829,0,1,3400,-57,57,414,7.5,14,1.1,26816.000000,27,2.1,0.064,0.0,0.0,0.0,0.0,0.0,0.0,1.0
355078,0,1,3400,-57,57,418,9.5,14,0.80,37864.542969,0,2.1,8.3,0.0,43091.632812,56,0.0,0.0,0.0,1.0
355327,0,1,3400,-56,56,412,7.8,9.1,0.99,55552.000000,5,2.1,14,0.0,0.0,0.0,0.0,0.0,0.0,1.0
355576,0,1,3400,-57,57,414,9.9,12,0.89,67616.000000,9,2.1,14,0.0,0.0,0.0,0.0,0.0,0.0,1.0
355825,0,1,3400,-57,57,419,12,13,0.94,60416.000000,8,2.1,14,0.0,0.0,0.0,0.0,0.0,0.0,1.0
356074,0,1,3400,-57,57,419,12,13,1.2,45376.000000,5,2.1,14,80,3616.000000,33,0.0,0.0,0.0,1.0
356323,0,1,3400,-56,56,413,8.1,13,1.5,49574.296875,12,2.1,14,80,0.0,0.0,0.0,0.0,0.0,1.0
356572,0,1,3400,-57,57,415,9.2,12,0.59,58592.000000,15,2.1,7.4,0.0,7488.000000,43,0.0,0.0,0.0,1.0
356821,0,1,3400,-57,57,413,6.4,12,0.54,51520.000000,7,2.1,6.0,0.0,0.0,0.0,0.0,0.0,0.0,1.0
357070,0,1,3400,-57,57,411,9.7,12,1.5,64956.175781,7,2.1,3.6,0.0,23808.765625,36,0.0,0.0,0.0,1.0
357319,0,1,3400,-57,57,410,10.0,14,0.90,56864.000000,6,2.1,0.0,0.0,0.0,0.0,0.0,0.0,0.0,1.0
357568,0,1,3400,-57,57,422,8.2,13,0.52,40032.000000,4,2.1,0.0,0.0,0.0,0.0,0.0,0.0,0.0,1.0
357817,0,1,3400,-57,57,414,13,13,1.2,57920.000000,6,2.1,0.0,0.0,0.0,0.0,0.0,0.0,0.0,1.0
358066,0,1,3400,-57,57,413,8.9,13,0.62,52640.000000,0,2.1,0.0,0.0,8160.000000,0,0.0,0.0,0.0,1.0
358315,0,1,3400,-57,57,412,10,12,0.98,75616.000000,5,2.1,0.0,0.0,0.0,0.0,0.0,0.0,0.0,1.0
358564,0,1,3400,-57,57,413,12,13,1.2,27136.000000,7,2.1,0.0,0.0,0.0,0.0,0.0,0.0,0.0,1.0
358813,0,1,3400,-57,57,408,8.3,13,0.63,56642.570312,3,2.1,0.0,0.0,0.0,0.0,0.0,0.0,0.0,1.0
359062,0,1,3400,-57,57,412,10.0,13,1.3,63904.000000,10,2.1,0.0,0.0,8160.000000,0,0.0,0.0,0.0,1.0
359311,0,1,3400,-57,57,409,11,13,0.71,49019.921875,8,2.1,0.0,0.0,0.0,0.0,0.0,0.0,0.0,1.0
359560,0,1,3400,-57,57,411,8.9,13,1.0,32448.000000,11,2.1,0.0,0.0,0.0,0.0,0.0,0.0,0.0,1.0
359809,0,1,3400,-57,57,411,13,13,1.2,45952.000000,16,2.1,0.0,0.0,0.0,0.0,0.0,0.0,0.0,1.0
360058,0,1,3400,-57,57,418,8.6,13,1.0,25696.000000,4,2.1,0.0,0.0,8160.000000,0,0.0,0.0,0.0,1.0
360307,0,1,3400,-57,57,420,10,13,0.67,58048.000000,8,2.1,0.0,0.0,4384.000000,0,0.0,0.0,0.0,1.0
360556,0,1,3400,-57,57,411,13,13,0.50,30875.501953,0,2.1,0.0,0.0,0.0,0.0,0.0,0.0,0.0,1.0
360805,0,1,3400,-57,57,412,12,13,0.95,53440.000000,12,2.1,0.0,0.0,0.0,0.0,0.0,0.0,0.0,1.0
361054,0,1,3400,-57,57,411,12,13,0.73,51936.000000,12,2.1,0.0,186,0.0,0.0,0.0,0.0,0.0,1.0
361303,0,1,3400,-57,57,416,9.1,13,0.50,50464.000000,0,2.1,7.3,0.0,0.0,80,0.0,0.0,0.0,1.0
361552,0,1,3400,-57,57,414,10,14,0.85,58836.652344,6,2.1,7.5,0.0,0.0,0.0,0.0,0.0,0.0,1.0
361801,0,1,3400,-57,57,415,9.1,13,1.1,72000.000000,8,2.1,7.5,0.0,0.0,0.0,0.0,0.0,0.0,1.0
362050,0,1,3400,-57,57,414,9.1,13,0.50,58144.000000,0,2.1,17,0.0,22912.000000,36,0.0,0.0,0.0,1.0
362299,0,1,3400,-57,57,412,10,12,1.3,38624.000000,18,2.1,22,0.0,0.0,0.0,0.0,0.0,0.0,1.0
362548,0,1,3400,-57,57,414,4.8,12,0.76,68672.000000,2,2.1,22,0.0,0.0,0.0,0.0,0.0,0.0,1.0
362797,0,1,3400,-57,57,422,11,12,0.95,39742.972656,8,2.1,22,0.0,0.0,0.0,0.0,0.0,0.0,1.0
363046,0,1,3400,-57,57,416,8.3,13,0.68,33504.000000,10,2.1,16,0.0,0.0,80,0.0,0.0,0.0,1.0
363295,0,1,3400,-57,57,412,11,13,0.57,68928.000000,0,2.1,14,0.0,0.0,0.0,0.0,0.0,0.0,1.0
363544,0,1,3400,-57,57,415,9.4,12,0.53,45705.179688,6,2.1,15,0.0,0.0,0.0,0.0,0.0,0.0,1.0
363793,0,1,3400,-57,57,414,11,12,0.79,27104.000000,0,2.1,14,186,0.0,0.0,0.0,0.0,0.0,1.0
364042,0,1,3400,-57,57,416,6.1,12,0.65,63552.000000,7,2.1,5.9,0.0,12384.000000,36,0.0,0.0,0.0,1.0
364291,0,1,3400,-57,57,416,8.9,13,0.63,60288.000000,3,2.1,7.5,0.0,0.0,0.0,0.0,0.0,0.0,1.0
364540,0,1,3400,-57,57,414,9.0,13,1.0,34944.000000,9,2.1,7.5,0.0,0.0,0.0,0.0,0.0,0.0,1.0
364789,0,1,3400,-57,57,420,8.0,13,0.69,59072.000000,4,2.1,7.5,0.0,0.0,0.0,0.0,0.0,0.0,1.0
365038,0,1,3400,-57,57,417,9.5,13,0.56,69664.000000,0,2.1,11,0.0,243392.000000,48,0.0,0.0,0.0,1.0
365287,0,1,3400,-57,57,407,17,14,0.87,23357.429688,0,2.1,8.0,0.0,0.0,0.0,0.0,0.0,0.0,1.0
365536,0,1,3400,-57,57,411,7.5,12,1.5,54400.000000,7,2.1,8.0,0.0,0.0,0.0,0.0,0.0,0.0,1.0
365785,0,1,3400,-57,57,417,7.9,14,0.92,39904.382812,2,2.1,8.0,0.0,0.0,0.0,0.0,0.0,0.0,1.0
366034,0,1,3400,-57,57,415,10,13,1.1,50240.000000,8,2.1,8.0,186,0.0,0.0,0.0,0.0,0.0,1.0
366283,0,1,3400,-57,57,412,9.6,14,0.81,67456.000000,8,2.1,6.1,0.0,10752.000000,50,0.0,0.0,0.0,1.0
366532,0,1,3400,-57,57,410,13,14,0.91,82944.000000,6,2.1,0.064,0.0,0.0,0.0,0.0,0.0,0.0,1.0
366781,0,1,3400,-57,57,415,9.6,13,1.3,35776.000000,8,2.1,0.0,0.0,0.0,0.0,0.0,0.0,0.0,1.0
367030,0,1,3400,-57,57,409,7.6,14,0.51,57991.968750,0,2.1,4.6,0.0,0.0,80,0.0,0.0,0.0,1.0
367279,0,1,3400,-57,57,416,11,13,0.50,51072.000000,0,2.1,7.5,0.0,0.0,0.0,0.0,0.0,0.0,1.0
367528,0,1,3400,-57,57,423,7.4,12,0.69,56864.000000,3,2.1,7.5,0.0,0.0,0.0,0.0,0.0,0.0,1.0
367777,0,1,3400,-57,57,415,6.5,12,0.80,52736.000000,2,2.1,7.5,0.0,0.0,0.0,0.0,0.0,0.0,1.0
368026,0,1,3400,-57,57,409,8.4,13,0.74,42709.164062,2,2.1,1.6,0.0,20079.681641,38,0.0,0.0,0.0,1.0
368275,0,1,3400,-57,57,411,8.8,12,0.77,25312.000000,7,2.1,0.0,0.0,0.0,0.0,0.0,0.0,0.0,1.0
368524,0,1,3400,-57,57,413,12,14,0.77,51968.000000,5,2.1,0.0,0.0,0.0,0.0,0.0,0.0,0.0,1.0
368773,0,1,3400,-57,57,417,10,12,0.91,38752.000000,7,2.1,0.0,0.0,0.0,0.0,0.0,0.0,0.0,1.0
369022,0,1,3400,-57,57,414,9.5,13,0.67,67744.000000,12,2.1,4.6,0.0,0.0,80,0.0,1.0,1.0,1.0
369271,0,1,3400,-57,57,405,9.0,14,0.66,50345.382812,3,2.1,7.5,0.0,0.0,0.0,0.0,0.0,0.0,1.0
369520,0,1,3400,-57,57,410,8.7,13,0.59,56640.000000,0,2.1,7.5,0.0,0.0,0.0,0.0,0.0,0.0,1.0
369769,0,1,3400,-57,57,411,8.7,13,1.0,48576.000000,23,2.1,7.5,0.0,0.0,0.0,0.0,0.0,0.0,1.0
370018,0,1,3400,-57,57,412,7.6,13,0.66,72828.687500,2,2.1,4.1,0.0,23458.167969,42,0.0,0.0,0.0,1.0
370267,0,1,3400,-57,57,411,13,14,0.82,20832.000000,14,2.1,0.064,0.0,0.0,0.0,0.0,0.0,0.0,1.0
370516,0,1,3400,-57,57,412,9.0,14,0.73,40128.000000,9,2.1,0.064,0.0,0.0,0.0,0.0,0.0,0.0,1.0
370765,0,1,3400,-57,57,414,4.9,12,0.51,41280.000000,0,2.1,0.064,186,0.0,0.0,0.0,0.0,0.0,1.0
371014,0,1,3400,-57,57,414,8.6,12,0.57,47360.000000,0,2.1,0.0,0.0,12384.000000,40,0.0,0.0,0.0,1.0
371263,0,1,3400,-57,57,412,10,13,0.50,26656.000000,0,2.1,0.0,0.0,0.0,0.0,0.0,0.0,0.0,1.0
371512,0,1,3400,-57,57,408,8.0,13,0.50,27244.980469,0,2.1,0.0,0.0,0.0,0.0,0.0,0.0,0.0,1.0
371761,0,1,3400,-57,57,410,9.2,12,0.72,50304.000000,2,2.1,0.064,0.0,0.0,0.0,0.0,0.0,0.0,1.0
372010,0,1,3400,-57,57,411,9.8,12,1.0,56928.000000,3,2.1,0.064,0.0,8160.000000,25,0.0,0.0,0.0,1.0
372259,0,1,3400,-57,57,414,7.6,12,0.56,32701.195312,2,2.1,0.0,0.0,5513.944336,0,0.0,0.0,0.0,1.0
372508,0,1,3400,-57,57,410,7.1,12,0.60,47232.000000,6,2.1,0.0,0.0,0.0,0.0,0.0,0.0,0.0,1.0
372757,0,1,3400,-57,57,409,12,13,1.1,49824.000000,4,2.1,0.0,0.0,0.0,0.0,0.0,0.0,0.0,1.0
373006,0,1,3400,-57,57,415,12,13,1.4,47040.000000,24,2.1,0.0,0.0,13696.000000,12,0.0,0.0,0.0,1.0
373255,0,1,3400,-57,57,416,7.3,12,0.59,34976.000000,5,2.1,0.064,0.0,0.0,0.0,0.0,0.0,0.0,1.0
373504,0,1,3400,-57,57,411,7.1,12,0.96,49632.000000,14,2.1,0.0,0.0,0.0,0.0,0.0,0.0,0.0,1.0
373753,0,1,3400,-57,57,408,9.9,13,0.50,43469.878906,0,2.1,0.0,0.0,0.0,0.0,0.0,0.0,0.0,1.0
374002,0,1,3400,-57,57,416,9.3,13,0.53,29696.000000,7,2.1,0.0,0.0,13600.000000,0,0.0,0.0,0.0,1.0
374251,0,1,3400,-57,57,414,8.1,13,0.51,33984.000000,5,2.1,0.0,0.0,0.0,0.0,0.0,0.0,0.0,1.0
374500,0,1,3400,-57,57,411,7.3,13,0.74,47713.148438,2,2.1,0.0,0.0,0.0,0.0,0.0,0.0,0.0,1.0
374749,0,1,3400,-57,57,420,8.3,13,1.3,34112.000000,14,2.1,0.0,0.0,0.0,0.0,0.0,0.0,0.0,1.0
374998,0,1,3400,-57,57,417,10,12,0.55,27936.000000,7,2.1,0.0,0.0,12384.000000,0,0.0,0.0,0.0,1.0
375247,0,1,3400,-57,57,416,13,13,0.60,52192.000000,0,2.1,0.0,0.0,0.0,0.0,0.0,0.0,0.0,1.0
375496,0,1,3400,-57,57,413,7.9,12,0.86,27264.000000,3,2.1,0.0,0.0,0.0,0.0,0.0,0.0,0.0,1.0
375745,0,1,3400,-57,57,412,9.7,12,0.51,68800.000000,3,2.1,0.0,186,0.0,0.0,0.0,0.0,0.0,1.0
375994,0,1,3400,-57,57,414,8.2,13,0.75,64385.542969,16,2.1,0.064,0.0,8192.771484,0,0.0,0.0,0.0,1.0
376243,0,1,3400,-57,57,416,6.1,14,0.50,70976.000000,0,2.1,0.0,0.0,0.0,0.0,0.0,0.0,0.0,1.0
376492,0,1,3400,-57,57,410,10,14,0.94,33824.000000,8,2.1,0.0,0.0,4384.000000,0,0.0,0.0,0.0,1.0
376741,0,1,3400,-57,57,411,10,13,0.60,72892.429688,3,2.1,0.0,0.0,0.0,0.0,0.0,0.0,0.0,1.0
376990,0,1,3400,-57,57,415,9.5,13,0.51,33824.000000,6,2.1,0.0,186,0.0,0.0,0.0,0.0,0.0,1.0
377239,0,1,3400,-57,57,418,9.8,13,0.68,72352.000000,5,2.1,6.1,0.0,0.0,80,0.0,0.0,0.0,1.0
377488,0,1,3400,-57,57,416,9.7,14,0.70,40864.000000,5,2.1,7.5,0.0,0.0,0.0,0.0,0.0,0.0,1.0
377737,0,1,3400,-57,57,411,9.6,14,0.92,40642.570312,0,2.1,7.5,0.0,0.0,0.0,0.0,0.0,0.0,1.0
377986,0,1,3400,-57,57,414,8.8,13,0.84,55136.000000,7,2.1,0.60,0.0,13536.000000,10,0.0,0.0,0.0,1.0
378235,0,1,3400,-57,57,412,14,13,1.7,58624.000000,21,2.1,0.0,0.0,0.0,0.0,0.0,0.0,0.0,1.0
378484,0,1,3400,-57,57,408,7.1,13,0.68,56063.746094,4,2.1,0.0,0.0,0.0,0.0,0.0,0.0,0.0,1.0
378733,0,1,3400,-57,57,413,12,12,0.98,33147.410156,12,2.1,0.0,0.0,0.0,0.0,0.0,0.0,0.0,1.0
378982,0,1,3400,-57,57,417,9.7,12,0.54,39008.000000,10,2.1,0.056,0.0,55488.000000,18,0.0,0.0,0.0,1.0
379231,0,1,3400,-57,57,414,11,12,0.53,34304.000000,7,2.1,0.0,0.0,0.0,0.0,0.0,0.0,0.0,1.0
379480,0,1,3400,-57,57,415,11,13,1.4,55296.000000,11,2.1,0.0,0.0,0.0,0.0,0.0,0.0,0.0,1.0
379729,0,1,3400,-57,57,418,14,13,1.5,54843.375000,6,2.1,0.0,0.0,0.0,0.0,0.0,0.0,0.0,1.0
379978,0,1,3400,-57,57,414,11,13,0.91,51072.000000,4,2.1,0.82,0.0,11232.000000,36,0.0,0.0,0.0,1.0
380227,0,1,3400,-57,57,416,10,13,0.66,66624.000000,3,2.1,0.0,0.0,0.0,0.0,0.0,0.0,0.0,1.0
380476,0,1,3400,-57,57,410,5.8,11,1.2,54368.000000,5,2.1,0.0,0.0,0.0,0.0,0.0,0.0,0.0,1.0
380725,0,1,3400,-57,57,412,8.7,14,0.63,64288.000000,3,2.1,0.0,0.0,0.0,0.0,0.0,0.0,0.0,1.0
380974,0,1,3400,-57,57,412,7.0,13,0.80,39043.824219,2,2.1,0.0,0.0,20302.789062,23,0.0,0.0,0.0,1.0
381223,0,1,3400,-57,57,416,8.0,13,0.55,67680.000000,7,2.1,0.0,0.0,0.0,0.0,0.0,0.0,0.0,1.0
381472,0,1,3400,-57,57,411,9.5,14,0.63,79072.000000,5,2.1,0.0,0.0,0.0,0.0,0.0,0.0,0.0,1.0
381721,0,1,3400,-57,57,407,9.7,14,0.51,40320.000000,0,2.1,0.0,0.0,0.0,0.0,0.0,0.0,0.0,1.0
381970,0,1,3400,-57,57,410,8.8,13,1.2,51840.000000,16,2.1,0.0,0.0,13696.000000,0,0.0,0.0,0.0,1.0
382219,0,1,3400,-57,57,421,6.9,12,0.55,78048.000000,1,2.1,0.0,0.0,0.0,0.0,0.0,0.0,0.0,1.0
382468,0,1,3400,-57,57,420,15,12,0.71,62688.000000,6,2.1,0.0,0.0,0.0,0.0,0.0,0.0,0.0,1.0
382717,0,1,3400,-57,57,414,4.1,10,0.78,102752.000000,1,2.1,0.0,186,0.0,0.0,0.0,0.0,0.0,1.0
382966,0,1,3400,-57,57,415,7.5,11,0.79,81792.000000,6,2.1,0.87,0.0,18592.000000,52,0.0,0.0,0.0,1.0
383215,0,1,3400,-57,57,413,9.1,13,0.63,53577.687500,3,2.1,0.0,0.0,0.0,0.0,0.0,0.0,0.0,1.0
383464,0,1,3400,-57,57,420,9.1,12,0.57,61120.000000,3,2.1,0.0,0.0,0.0,0.0,0.0,0.0,0.0,1.0
383713,0,1,3400,-57,57,414,17,13,1.5,63712.000000,14,2.1,0.0,186,0.0,0.0,0.0,0.0,0.0,1.0
383962,0,1,3400,-57,57,410,15,13,0.53,39840.000000,0,2.1,0.0,0.0,8160.000000,38,0.0,0.0,0.0,1.0
384211,0,1,3400,-57,57,409,9.2,13,0.58,68305.218750,3,2.1,0.0,0.0,0.0,0.0,0.0,0.0,0.0,1.0
384460,0,1,3400,-57,57,416,12,13,0.68,31392.000000,0,2.1,0.0,0.0,0.0,0.0,0.0,0.0,0.0,1.0
384709,0,1,3400,-57,57,414,8.3,12,0.87,54496.000000,6,2.1,0.0,0.0,0.0,0.0,0.0,0.0,0.0,1.0
384958,0,1,3400,-57,57,411,6.8,12,0.93,49216.000000,3,2.1,0.0,0.0,20384.000000,23,0.0,0.0,0.0,1.0
385207,0,1,3400,-57,57,414,7.6,13,0.71,50772.910156,10,2.1,0.0,0.0,0.0,0.0,0.0,0.0,0.0,1.0
385456,0,1,3400,-57,57,411,14,13,1.2,51840.000000,10,2.1,0.0,0.0,0.0,0.0,0.0,0.0,0.0,1.0
385705,0,1,3400,-57,57,409,10,12,0.54,83840.000000,3,2.1,0.0,0.0,0.0,0.0,0.0,0.0,0.0,1.0
385954,0,1,3400,-57,57,409,8.8,12,0.58,59616.000000,2,2.1,4.1,0.0,4384.000000,57,0.0,0.0,0.0,1.0
386203,0,1,3400,-57,57,416,12,11,0.82,50602.410156,9,2.1,15,0.0,0.0,0.0,0.0,0.0,0.0,1.0
386452,0,1,3400,-57,57,415,9.5,12,0.91,63712.000000,10,2.1,15,0.0,0.0,0.0,0.0,0.0,0.0,1.0
386701,0,1,3400,-57,57,411,9.1,13,1.3,56992.000000,9,2.1,15,0.0,0.0,0.0,0.0,0.0,0.0,1.0
386950,0,1,3400,-57,57,413,7.9,12,1.3,51648.000000,5,2.1,11,0.0,8160.000000,17,0.0,0.0,0.0,1.0
387199,0,1,3400,-57,57,407,13,13,1.2,35392.000000,11,2.1,0.0,0.0,0.0,0.0,0.0,0.0,0.0,1.0
387448,0,1,3400,-57,57,410,11,13,0.71,62501.992188,6,2.1,0.0,0.0,0.0,0.0,0.0,0.0,0.0,1.0
387697,0,1,3400,-57,57,417,9.6,11,0.90,75840.000000,6,2.1,0.0,0.0,0.0,0.0,0.0,0.0,0.0,1.0
387946,0,1,3400,-57,57,419,8.4,12,0.57,64288.000000,8,2.1,0.0,0.0,8160.000000,29,0.0,0.0,0.0,1.0
388195,0,1,3400,-57,57,421,11,11,0.59,75904.000000,6,2.1,0.0,0.0,0.0,0.0,0.0,0.0,0.0,1.0
388444,0,1,3400,-57,57,416,9.8,13,0.60,54784.000000,3,2.1,0.0,0.0,0.0,0.0,0.0,0.0,0.0,1.0
388693,0,1,3400,-57,57,414,7.2,13,0.60,42281.125000,3,2.1,0.0,186,0.0,0.0,0.0,0.0,0.0,1.0
388942,0,1,3400,-57,57,408,10.0,12,0.82,38464.000000,6,2.1,0.0,0.0,8160.000000,0,0.0,0.0,0.0,1.0
389191,0,1,3400,-57,57,407,13,13,0.60,26208.000000,11,2.1,0.0,0.0,0.0,0.0,0.0,0.0,0.0,1.0
389440,0,1,3400,-57,57,411,12,14,0.92,50144.000000,9,2.1,0.0,0.0,0.0,0.0,0.0,0.0,0.0,1.0
389689,0,1,3400,-57,57,413,8.1,13,0.53,42039.839844,5,2.1,0.0,0.0,0.0,0.0,0.0,0.0,0.0,1.0
389938,0,1,3400,-57,57,411,7.9,11,1.0,35776.000000,6,2.1,0.0,0.0,49216.000000,49,0.0,0.0,0.0,1.0
390187,0,1,3400,-57,57,413,16,12,0.56,63840.000000,5,2.1,0.0,0.0,0.0,0.0,0.0,0.0,0.0,1.0
390436,0,1,3400,-57,57,419,5.5,12,0.56,53056.000000,1,2.1,0.0,0.0,0.0,0.0,0.0,0.0,0.0,1.0
390685,0,1,3400,-57,57,417,9.8,14,0.67,60401.605469,0,2.1,0.0,0.0,0.0,0.0,0.0,0.0,0.0,1.0
390934,0,1,3400,-57,57,411,8.2,13,0.60,50784.000000,5,2.1,0.0,0.0,12384.000000,0,0.0,0.0,0.0,1.0
391183,0,1,3400,-57,57,411,7.9,14,1.1,45952.000000,12,2.1,0.0,0.0,0.0,0.0,0.0,0.0,0.0,1.0
391432,0,1,3400,-57,57,412,9.4,12,0.61,51072.000000,0,2.1,0.0,0.0,0.0,0.0,0.0,0.0,0.0,1.0
391681,0,1,3400,-57,57,414,7.0,10,0.55,67200.000000,1,2.1,0.0,0.0,0.0,0.0,0.0,0.0,0.0,1.0
391930,0,1,3400,-57,57,414,9.2,11,0.53,63682.539062,5,2.1,4.8,0.0,5904.761719,58,0.0,0.0,0.0,1.0
392179,0,1,3400,-57,57,417,9.7,14,0.73,60896.000000,3,2.1,4.0,0.0,0.0,0.0,0.0,0.0,0.0,1.0
392428,0,1,3400,-57,57,412,8.0,14,0.52,32928.000000,4,2.1,4.0,0.0,0.0,0.0,0.0,0.0,0.0,1.0
392677,0,1,3400,-57,57,415,8.3,13,0.99,53301.203125,7,2.1,4.0,0.0,0.0,0.0,0.0,0.0,0.0,1.0
392926,0,1,3400,-57,57,414,8.5,12,0.51,44653.386719,0,2.1,4.0,186,0.0,0.0,0.0,0.0,0.0,1.0
393175,0,1,3400,-57,57,415,8.1,12,0.92,49760.000000,7,2.1,12,0.0,36128.000000,58,0.0,0.0,0.0,1.0
393424,0,1,3400,-57,57,417,8.0,12,1.1,48960.000000,9,2.1,12,0.0,0.0,0.0,0.0,0.0,0.0,1.0
393673,0,1,3400,-57,57,410,8.1,11,1.1,41408.000000,4,2.1,12,0.0,0.0,0.0,0.0,0.0,0.0,1.0
393922,0,1,3400,-57,57,411,9.2,13,0.59,68844.625000,7,2.1,14,0.0,0.0,80,0.0,0.0,0.0,1.0
394171,0,1,3400,-57,57,415,9.8,13,0.97,59008.000000,9,2.1,8.9,0.0,5536.000000,0,0.0,0.0,0.0,1.0
394420,0,1,3400,-57,57,410,8.2,12,0.88,80704.000000,4,2.1,7.5,0.0,0.0,0.0,0.0,0.0,0.0,1.0
394669,0,1,3400,-57,57,408,6.6,11,0.80,73920.000000,4,2.1,7.5,186,0.0,0.0,0.0,0.0,0.0,1.0
394918,0,1,3400,-57,57,413,7.4,13,0.50,50281.125000,0,2.1,11,0.0,6746.987793,64,0.0,0.0,0.0,1.0
395167,0,1,3400,-57,57,413,10,13,1.0,49472.000000,10,2.1,12,0.0,0.0,0.0,0.0,0.0,0.0,1.0
395416,0,1,3400,-57,57,413,9.9,12,0.54,49179.281250,0,2.1,12,0.0,0.0,0.0,0.0,0.0,0.0,1.0
395665,0,1,3400,-57,57,417,12,13,0.61,66496.000000,5,2.1,12,0.0,0.0,0.0,0.0,0.0,0.0,1.0
395914,0,1,3400,-57,57,420,5.0,11,0.58,50432.000000,0,2.1,8.1,0.0,0.0,80,0.0,0.0,0.0,1.0
396163,0,1,3400,-57,57,411,7.5,11,0.62,65784.859375,3,2.1,6.5,0.0,0.0,0.0,0.0,0.0,0.0,1.0
396412,0,1,3400,-57,57,419,9.1,12,0.54,44416.000000,0,2.1,6.5,0.0,0.0,0.0,0.0,0.0,0.0,1.0
396661,0,1,3400,-57,57,411,10,14,0.53,43373.492188,0,2.1,6.5,186,0.0,0.0,0.0,0.0,0.0,1.0
396910,0,1,3400,-57,57,407,9.1,14,0.53,56000.000000,0,2.1,2.8,0.0,12384.000000,0,0.0,0.0,0.0,1.0
397159,0,1,3400,-57,57,408,11,12,0.75,47424.000000,12,2.1,0.0,0.0,0.0,0.0,0.0,0.0,0.0,1.0
397408,0,1,3400,-57,57,410,7.9,12,0.68,57888.000000,6,2.1,0.0,0.0,0.0,0.0,0.0,0.0,0.0,1.0
397657,0,1,3400,-57,57,413,6.5,11,0.96,74496.000000,9,2.1,0.0,0.0,0.0,0.0,0.0,0.0,0.0,1.0
397906,0,1,3400,-57,57,415,10,13,0.66,50496.000000,7,2.1,1.5,0.0,17056.000000,40,0.0,0.0,0.0,1.0
398155,0,1,3400,-57,57,411,11,12,0.52,62560.000000,0,2.1,0.59,0.0,6848.000000,43,0.0,0.0,0.0,1.0
398404,0,1,3400,-57,57,412,7.9,11,1.5,50231.074219,12,2.1,0.0,0.0,0.0,0.0,0.0,0.0,0.0,1.0
398653,0,1,3400,-57,57,414,8.5,11,0.55,77536.000000,4,2.1,0.0,186,0.0,0.0,0.0,0.0,0.0,1.0
398902,0,1,3400,-57,57,407,11,13,0.76,47328.000000,4,2.1,0.0,0.0,13696.000000,0,0.0,0.0,0.0,1.0
399151,0,1,3400,-57,57,405,7.8,13,0.83,60979.917969,9,2.1,0.0,0.0,0.0,0.0,0.0,0.0,0.0,1.0
399400,0,1,3400,-57,57,414,10,12,0.94,37856.000000,11,2.1,0.0,0.0,0.0,0.0,0.0,0.0,0.0,1.0
399649,0,1,3400,-57,57,414,5.6,12,0.51,42560.000000,0,2.1,0.0,0.0,0.0,0.0,0.0,0.0,0.0,1.0
399898,0,1,3400,-57,57,413,13,14,1.3,35328.000000,15,2.1,5.4,0.0,118464.000000,58,0.0,0.0,0.0,1.0
400147,0,1,3400,-57,57,409,7.8,12,0.81,71552.000000,2,2.1,8.0,0.0,0.0,0.0,0.0,0.0,0.0,1.0
400396,0,1,3400,-57,57,410,8.9,12,0.58,40573.707031,5,2.1,8.0,0.0,0.0,0.0,0.0,0.0,0.0,1.0
400646,0,1,3400,-57,57,412,7.1,13,0.78,46848.000000,9,2.1,8.0,0.0,0.0,0.0,0.0,0.0,0.0,1.0
400895,0,1,3400,-57,57,411,12,13,0.50,32384.000000,0,2.1,8.0,0.0,13696.000000,12,0.0,0.0,0.0,1.0
401144,0,1,3400,-57,57,413,11,12,1.2,85590.359375,14,2.1,8.0,0.0,0.0,0.0,0.0,0.0,0.0,1.0
401393,0,1,3400,-57,57,409,7.4,13,0.63,41184.000000,5,2.1,8.0,0.0,0.0,0.0,0.0,0.0,0.0,1.0
401642,0,1,3400,-57,57,414,12,13,0.51,49440.000000,0,2.1,8.0,0.0,0.0,0.0,0.0,0.0,0.0,1.0
401891,0,1,3400,-57,57,417,8.7,13,0.76,26176.000000,7,2.1,15,0.0,143648.000000,44,0.0,0.0,0.0,1.0
402140,0,1,3400,-57,57,415,8.1,12,0.60,27520.000000,16,2.1,16,0.0,0.0,0.0,0.0,0.0,0.0,1.0
402389,0,1,3400,-57,57,416,8.1,13,0.59,72928.000000,3,2.1,16,0.0,0.0,0.0,0.0,0.0,0.0,1.0
402638,0,1,3400,-57,57,412,8.7,13,0.62,35856.574219,13,2.1,16,0.0,0.0,0.0,0.0,0.0,0.0,1.0
402887,0,1,3400,-57,57,415,6.1,12,0.53,49536.000000,3,2.1,12,0.0,12512.000000,25,0.0,0.0,0.0,1.0
403136,0,1,3400,-57,57,412,8.1,13,0.67,47904.000000,15,2.1,0.0,0.0,0.0,0.0,0.0,0.0,0.0,1.0
403385,0,1,3400,-57,57,409,7.4,13,0.51,47357.429688,0,2.1,0.0,0.0,0.0,0.0,0.0,0.0,0.0,1.0
403634,0,1,3400,-57,57,406,11,12,0.53,69600.000000,4,2.1,0.0,0.0,0.0,0.0,0.0,0.0,0.0,1.0
403883,0,1,3400,-57,57,408,7.1,13,0.77,45728.000000,4,2.1,0.0,0.0,13248.000000,17,0.0,1.0,2.0,1.0
404132,0,1,3400,-57,57,416,6.4,11,1.1,51104.000000,7,2.1,0.0,0.0,0.0,0.0,0.0,0.0,0.0,1.0
404381,0,1,3400,-57,57,416,8.9,12,0.64,51104.000000,10,2.1,0.0,0.0,0.0,0.0,0.0,0.0,0.0,1.0
404630,0,1,3400,-57,57,407,12,13,0.77,64224.000000,4,2.1,0.0,0.0,0.0,0.0,0.0,0.0,0.0,1.0
404879,0,1,3400,-57,57,411,5.5,9.1,0.64,73625.500000,1.0,2.1,10,0.0,11027.888672,44,0.0,0.0,0.0,1.0
405128,0,1,3400,-57,57,417,10,14,0.61,39040.000000,0,2.1,0.0,0.0,0.0,0.0,0.0,0.0,0.0,1.0
405377,0,1,3400,-57,57,416,11,12,0.89,63132.531250,12,2.1,0.0,0.0,0.0,0.0,0.0,0.0,0.0,1.0
405626,0,1,3400,-57,57,415,13,12,0.94,56416.000000,5,2.1,0.0,0.0,0.0,0.0,0.0,0.0,0.0,1.0
405875,0,1,3400,-57,57,414,7.3,12,1.2,74560.000000,5,2.1,0.0,0.0,8160.000000,38,0.0,0.0,0.0,1.0
406124,0,1,3400,-57,57,414,6.9,13,0.77,58144.000000,4,2.1,0.0,0.0,0.0,0.0,0.0,0.0,0.0,1.0
406373,0,1,3400,-57,57,414,9.0,13,0.51,38304.000000,3,2.1,0.0,0.0,0.0,0.0,0.0,0.0,0.0,1.0
406622,0,1,3400,-57,57,412,19,13,1.3,54368.000000,8,2.1,0.0,0.0,0.0,0.0,0.0,0.0,0.0,1.0
406871,0,1,3400,-57,57,411,4.4,13,0.54,58944.000000,4,2.1,0.0,0.0,13696.000000,12,0.0,0.0,0.0,1.0
407120,0,1,3400,-57,57,415,7.1,13,0.67,69035.859375,10,2.1,0.0,0.0,0.0,0.0,0.0,0.0,0.0,1.0
407369,0,1,3400,-57,57,413,8.4,14,0.81,68562.250000,3,2.1,0.0,0.0,0.0,0.0,0.0,0.0,0.0,1.0
407618,0,1,3400,-57,57,409,11,13,0.60,62592.000000,3,2.1,0.0,0.0,0.0,0.0,0.0,0.0,0.0,1.0
407867,0,1,3400,-57,57,404,7.8,11,0.99,72480.000000,17,2.1,0.0,0.0,8160.000000,0,0.0,0.0,0.0,1.0
408116,0,1,3400,-57,57,408,7.7,11,1.3,69568.000000,15,2.1,0.0,0.0,0.0,0.0,0.0,0.0,0.0,1.0
408365,0,1,3400,-57,57,412,9.8,13,0.70,65312.000000,3,2.1,0.0,0.0,0.0,0.0,0.0,0.0,0.0,1.0
408614,0,1,3400,-57,57,413,9.1,12,0.50,53088.000000,0,2.1,0.0,0.0,0.0,0.0,0.0,0.0,0.0,1.0
408863,0,1,3400,-57,57,419,9.6,12,1.2,50144.000000,6,2.1,4.8,0.0,57280.000000,25,0.0,0.0,0.0,1.0
409112,0,1,3400,-57,57,416,12,13,0.58,47585.656250,0,2.1,7.0,0.0,0.0,0.0,0.0,0.0,0.0,1.0
409361,0,1,3400,-57,57,412,8.3,12,0.57,56448.000000,8,2.1,7.0,0.0,0.0,0.0,0.0,0.0,0.0,1.0
409610,0,1,3400,-57,57,410,13,13,0.81,36653.386719,8,2.1,7.0,0.0,0.0,0.0,0.0,0.0,0.0,1.0
409859,0,1,3400,-57,57,415,7.6,12,0.97,46329.316406,8,2.1,0.92,0.0,25253.011719,56,0.0,0.0,0.0,1.0
410108,0,1,3400,-57,57,416,6.6,13,0.78,38912.000000,0,2.1,0.0,0.0,0.0,0.0,0.0,0.0,0.0,1.0
410357,0,1,3400,-57,57,412,8.9,14,0.50,19488.000000,0,2.1,0.0,0.0,0.0,0.0,0.0,0.0,0.0,1.0
410606,0,1,3400,-57,57,408,10,14,0.50,69536.000000,0,2.1,0.0,0.0,0.0,0.0,0.0,0.0,0.0,1.0
410855,0,1,3400,-57,57,416,13,14,0.50,31712.000000,0,2.1,0.0,0.0,8000.000000,0,0.0,0.0,0.0,1.0
411104,0,1,3400,-57,57,410,13,13,0.67,55360.000000,4,2.1,0.0,0.0,0.0,0.0,0.0,0.0,0.0,1.0
411353,0,1,3400,-57,57,405,13,14,0.95,56414.343750,8,2.1,0.0,0.0,0.0,0.0,0.0,0.0,0.0,1.0
411602,0,1,3400,-57,57,411,9.1,12,2.0,61622.488281,9,2.1,0.0,0.0,0.0,0.0,0.0,0.0,0.0,1.0
411851,0,1,3400,-57,57,411,7.3,12,1.7,42432.000000,18,2.1,0.0,0.0,8160.000000,50,0.0,0.0,0.0,1.0
412100,0,1,3400,-57,57,408,6.0,11,0.86,70272.000000,4,2.1,0.0,0.0,0.0,0.0,0.0,0.0,0.0,1.0
412349,0,1,3400,-57,57,416,13,12,1.1,47904.000000,23,2.1,0.0,0.0,0.0,0.0,0.0,0.0,0.0,1.0
412598,0,1,3400,-57,57,421,9.2,11,1.0,51776.000000,17,2.1,0.0,186,0.0,0.0,0.0,0.0,0.0,1.0
412847,0,1,3400,-57,57,419,10,13,0.56,59072.000000,0,2.1,6.9,0.0,224,57,0.0,0.0,0.0,1.0
413096,0,1,3400,-57,57,416,6.9,13,0.93,27680.000000,12,2.1,7.5,0.0,0.0,0.0,0.0,0.0,0.0,1.0
413345,0,1,3400,-57,57,418,11,12,1.4,31104.000000,9,2.1,7.4,0.0,4384.000000,0,0.0,0.0,0.0,1.0
413594,0,1,3400,-57,57,420,4.5,13,1.1,36844.621094,1,2.1,7.5,0.0,0.0,0.0,0.0,0.0,0.0,1.0
413843,0,1,3400,-57,57,410,12,13,1.5,53333.332031,12,2.1,11,0.0,23614.457031,14,0.0,0.0,0.0,1.0
414092,0,1,3400,-57,57,406,9.3,13,0.88,47968.128906,11,2.1,12,0.0,0.0,0.0,0.0,0.0,0.0,1.0
414341,0,1,3400,-57,57,406,9.7,12,0.84,50080.000000,23,2.1,12,0.0,0.0,0.0,0.0,0.0,0.0,1.0
414590,0,1,3400,-57,57,403,9.9,13,0.98,38432.000000,2,2.1,12,0.0,0.0,0.0,0.0,0.0,0.0,1.0
414839,0,1,3400,-57,57,412,7.5,14,0.66,62176.000000,6,2.1,5.0,0.0,24032.000000,36,0.0,0.0,0.0,1.0
415088,0,1,3400,-57,57,414,7.4,13,0.54,43264.000000,12,2.1,0.0,0.0,0.0,0.0,0.0,0.0,0.0,1.0
415337,0,1,3400,-57,57,413,9.9,12,0.77,23232.000000,0,2.1,0.0,0.0,0.0,0.0,0.0,0.0,0.0,1.0
415586,0,1,3400,-57,57,416,12,14,0.62,50900.398438,4,2.1,0.0,0.0,0.0,0.0,0.0,0.0,0.0,1.0
415835,0,1,3400,-57,57,411,10.0,13,0.64,34880.000000,0,2.1,0.0,0.0,8160.000000,29,0.0,0.0,0.0,1.0
416084,0,1,3400,-57,57,408,8.6,13,0.50,43309.238281,0,2.1,0.0,0.0,0.0,0.0,0.0,0.0,0.0,1.0
416333,0,1,3400,-57,57,412,8.4,11,0.54,60288.000000,2,2.1,0.0,0.0,0.0,0.0,0.0,0.0,0.0,1.0
416582,0,1,3400,-57,57,411,12,12,0.50,89696.000000,0,2.1,0.0,0.0,0.0,0.0,0.0,0.0,0.0,1.0
416831,0,1,3400,-57,57,418,8.6,12,0.54,54880.000000,4,2.1,0.82,0.0,8160.000000,50,0.0,0.0,0.0,1.0
417080,0,1,3400,-57,57,409,15,12,0.68,40768.000000,0,2.1,0.0,0.0,0.0,0.0,0.0,0.0,0.0,1.0
417329,0,1,3400,-57,57,415,9.9,12,1.0,56992.000000,19,2.1,0.0,0.0,0.0,0.0,0.0,0.0,0.0,1.0
417578,0,1,3400,-57,57,412,7.5,13,0.56,42294.820312,2,2.1,0.0,0.0,0.0,0.0,0.0,0.0,0.0,1.0
417827,0,1,3400,-57,57,410,16,13,0.78,47521.914062,0,2.1,0.0,0.0,14916.334961,27,0.0,0.0,0.0,1.0
418076,0,1,3400,-57,57,411,12,13,0.66,52992.000000,12,2.1,0.0,0.0,0.0,0.0,0.0,0.0,0.0,1.0
418325,0,1,3400,-57,57,413,11,12,0.79,60337.347656,0,2.1,0.0,0.0,0.0,0.0,0.0,0.0,0.0,1.0
418574,0,1,3400,-57,57,410,11,12,1.7,21536.000000,22,2.1,0.0,0.0,0.0,0.0,0.0,0.0,0.0,1.0
418823,0,1,3400,-57,57,412,14,13,0.53,44416.000000,9,2.1,0.0,0.0,13056.000000,29,0.0,0.0,0.0,1.0
419072,0,1,3400,-57,57,415,9.4,12,0.75,47008.000000,13,2.1,0.0,0.0,0.0,0.0,0.0,0.0,0.0,1.0
419321,0,1,3400,-57,57,418,10,12,0.96,60768.000000,6,2.1,0.0,0.0,0.0,0.0,0.0,0.0,0.0,1.0
419570,0,1,3400,-57,57,420,13,12,0.61,61504.000000,4,2.1,0.0,0.0,0.0,0.0,0.0,0.0,0.0,1.0
419819,0,1,3400,-57,57,417,9.0,13,0.56,48448.000000,0,2.1,4.6,0.0,15872.000000,36,0.0,0.0,0.0,1.0
420068,0,1,3400,-57,57,413,12,12,0.61,71426.296875,3,2.1,7.5,0.0,0.0,0.0,0.0,0.0,0.0,1.0
420317,0,1,3400,-57,57,408,13,12,1.7,42827.308594,26,2.1,7.5,0.0,0.0,0.0,0.0,0.0,0.0,1.0
420566,0,1,3400,-57,57,413,12,12,1.2,46112.000000,14,2.1,7.4,0.0,0.0,0.0,0.0,0.0,0.0,1.0
420815,0,1,3400,-57,57,410,8.2,12,0.54,58624.000000,6,2.1,4.6,0.0,9216.000000,47,0.0,0.0,0.0,1.0
421064,0,1,3400,-57,57,413,13,12,1.3,35984.062500,10,2.1,0.0,0.0,0.0,0.0,0.0,0.0,0.0,1.0
421313,0,1,3400,-57,57,402,9.8,12,0.74,60960.000000,4,2.1,0.0,0.0,0.0,0.0,0.0,0.0,0.0,1.0
421562,0,1,3400,-57,57,406,7.0,13,0.82,52256.000000,4,2.1,0.0,0.0,0.0,0.0,0.0,0.0,0.0,1.0
421811,0,1,3400,-57,57,412,8.7,11,0.68,54432.000000,8,2.1,0.0,0.0,8160.000000,29,0.0,0.0,0.0,1.0
422060,0,1,3400,-57,57,422,7.3,12,1.1,56224.000000,5,2.1,0.0,0.0,0.0,0.0,0.0,0.0,0.0,1.0
422309,0,1,3400,-57,57,417,7.7,12,0.96,52896.000000,6,2.1,0.0,0.0,0.0,0.0,0.0,0.0,0.0,1.0
422558,0,1,3400,-57,57,414,6.7,12,0.52,62656.000000,2,2.1,0.0,0.0,0.0,0.0,0.0,0.0,0.0,1.0
422807,0,1,3400,-57,57,410,9.1,12,0.63,87776.000000,6,2.1,0.0,0.0,8064.000000,0,0.0,0.0,0.0,1.0
423056,0,1,3400,-57,57,406,6.8,11,0.62,35456.000000,2,2.1,0.0,0.0,0.0,0.0,0.0,0.0,0.0,1.0
423305,0,1,3400,-57,57,414,4.7,10,0.64,45290.835938,5,2.1,0.0,0.0,0.0,0.0,0.0,0.0,0.0,1.0
423554,0,1,3400,-57,57,419,7.4,13,0.73,49536.000000,0,2.1,0.0,0.0,0.0,0.0,0.0,0.0,0.0,1.0
423803,0,1,3400,-57,57,412,9.0,13,0.57,43296.000000,0,2.1,0.0,0.0,8160.000000,0,0.0,0.0,0.0,1.0
424052,0,1,3400,-57,57,410,12,13,0.50,26624.000000,0,2.1,0.0,0.0,0.0,0.0,0.0,0.0,0.0,1.0
424301,0,1,3400,-57,57,407,6.8,12,0.50,47492.062500,0,2.1,0.0,0.0,0.0,0.0,0.0,0.0,0.0,1.0
424551,0,1,3400,-57,57,418,6.2,9.9,1.1,64416.000000,15,2.1,0.0,0.0,0.0,0.0,0.0,0.0,0.0,1.0
424800,0,1,3400,-57,57,419,9.4,12,1.4,40931.726562,16,2.1,1.5,0.0,14779.116211,50,0.0,0.0,0.0,1.0
425049,0,1,3400,-57,57,408,9.5,12,1.2,35232.000000,13,2.1,0.0,0.0,0.0,0.0,0.0,0.0,0.0,1.0
425298,0,1,3400,-57,57,412,8.5,14,0.59,54496.000000,0,2.1,0.0,0.0,0.0,0.0,0.0,0.0,0.0,1.0
425547,0,1,3400,-57,57,415,12,12,1.3,56416.000000,9,2.1,0.0,0.0,0.0,0.0,0.0,0.0,0.0,1.0
425796,0,1,3400,-57,57,411,8.9,12,1.5,44384.000000,10,2.1,0.0,0.0,6848.000000,44,0.0,0.0,0.0,1.0
426045,0,1,3400,-57,57,403,14,13,1.0,58752.000000,0,2.1,0.0,0.0,0.0,0.0,0.0,0.0,0.0,1.0
426294,0,1,3400,-57,57,408,9.7,13,0.57,25984.000000,7,2.1,0.0,0.0,0.0,0.0,0.0,0.0,0.0,1.0
426543,0,1,3400,-57,57,410,8.2,13,0.62,69322.710938,2,2.1,0.0,0.0,0.0,0.0,0.0,0.0,0.0,1.0
426792,0,1,3400,-57,57,412,7.7,10,0.55,68369.476562,3,2.1,2.9,0.0,6554.216797,50,0.0,0.0,0.0,1.0
427041,0,1,3400,-57,57,420,6.8,12,0.85,64032.000000,4,2.1,5.0,0.0,0.0,0.0,0.0,0.0,0.0,1.0
427290,0,1,3400,-57,57,417,7.8,13,1.6,23968.126953,22,2.1,5.0,0.0,0.0,0.0,0.0,0.0,0.0,1.0
427539,0,1,3400,-57,57,419,7.8,13,0.84,25664.000000,17,2.1,5.0,0.0,0.0,0.0,0.0,0.0,0.0,1.0
427788,0,1,3400,-57,57,413,9.3,11,0.70,59680.000000,7,2.1,2.2,0.0,49440.000000,32,0.0,0.0,0.0,1.0
428037,0,1,3400,-57,57,410,7.8,13,0.51,32864.000000,5,2.1,0.0,0.0,0.0,0.0,0.0,0.0,0.0,1.0
428286,0,1,3400,-57,57,413,10,13,0.50,66592.000000,0,2.1,0.0,0.0,0.0,0.0,0.0,0.0,0.0,1.0
428535,0,1,3400,-57,57,415,11,13,0.50,38656.000000,0,2.1,0.0,0.0,0.0,0.0,0.0,0.0,0.0,1.0
428784,0,1,3400,-57,57,406,11,13,0.53,40000.000000,0,2.1,2.2,0.0,4384.000000,57,0.0,0.0,0.0,1.0
429033,0,1,3400,-57,57,410,8.1,14,0.50,50688.000000,0,2.1,7.5,0.0,0.0,0.0,0.0,0.0,0.0,1.0
429282,0,1,3400,-57,57,414,17,12,0.50,31872.000000,0,2.1,7.4,0.0,0.0,0.0,0.0,0.0,0.0,1.0
429531,0,1,3400,-57,57,413,8.3,12,1.1,61216.000000,10,2.1,7.5,186,0.0,0.0,0.0,0.0,0.0,1.0
429780,0,1,3400,-57,57,414,6.5,12,0.52,45920.000000,1,2.1,1.3,0.0,19232.000000,18,0.0,0.0,0.0,1.0
430029,0,1,3400,-57,57,412,8.6,13,0.56,24640.000000,7,2.1,0.0,0.0,0.0,0.0,0.0,0.0,0.0,1.0
430278,0,1,3400,-57,57,419,8.4,12,0.83,48640.000000,2,2.1,0.0,0.0,0.0,0.0,0.0,0.0,0.0,1.0
430527,0,1,3400,-57,57,417,6.4,12,0.61,49952.000000,3,2.1,0.0,186,0.0,0.0,0.0,0.0,0.0,1.0
430776,0,1,3400,-57,57,408,6.3,13,0.50,45536.000000,0,2.1,0.0,0.0,12384.000000,36,0.0,0.0,0.0,1.0
431025,0,1,3400,-57,57,412,5.9,11,0.50,44256.000000,0,2.1,0.0,0.0,0.0,0.0,0.0,0.0,0.0,1.0
431274,0,1,3400,-57,57,408,10,12,0.66,59648.000000,5,2.1,0.0,0.0,0.0,0.0,0.0,0.0,0.0,1.0
431523,0,1,3400,-57,57,409,4.4,11,0.73,67360.000000,4,2.1,0.0,0.0,0.0,0.0,0.0,0.0,0.0,1.0
431772,0,1,3400,-57,57,408,11,13,0.66,50400.000000,4,2.1,9.5,0.0,22912.000000,36,0.0,0.0,0.0,1.0
432021,0,1,3400,-57,57,419,11,13,0.50,43488.000000,0,2.1,14,0.0,0.0,0.0,0.0,0.0,0.0,1.0
432270,0,1,3400,-57,57,418,12,13,1.0,59936.000000,6,2.1,14,0.0,0.0,0.0,0.0,0.0,0.0,1.0
432519,0,1,3400,-57,57,415,11,12,0.95,57600.000000,6,2.1,14,0.0,0.0,0.0,0.0,0.0,0.0,1.0
432768,0,1,3400,-57,57,415,8.8,13,0.92,50848.000000,11,2.1,16,0.0,12384.000000,58,0.0,0.0,0.0,1.0
433017,0,1,3400,-57,57,417,8.4,11,1.4,51168.000000,14,2.1,22,0.0,0.0,0.0,0.0,0.0,0.0,1.0
433266,0,1,3400,-57,57,406,8.2,12,0.66,50368.000000,4,2.1,22,0.0,0.0,0.0,0.0,0.0,0.0,1.0
433515,0,1,3400,-57,57,416,8.5,12,0.85,55584.000000,12,2.1,22,0.0,0.0,0.0,0.0,0.0,0.0,1.0
433764,0,1,3400,-57,57,417,11,13,0.77,90240.000000,5,2.1,16,0.0,8160.000000,0,0.0,0.0,0.0,1.0
434013,0,1,3400,-57,57,413,8.1,11,0.77,94592.000000,10,2.1,0.0,0.0,0.0,0.0,0.0,0.0,0.0,1.0
434262,0,1,3400,-57,57,411,7.4,13,0.57,49600.000000,8,2.1,0.0,0.0,0.0,0.0,0.0,0.0,0.0,1.0
434511,0,1,3400,-57,57,409,11,13,0.61,42784.000000,0,2.1,0.0,186,0.0,0.0,0.0,0.0,0.0,1.0
434760,0,1,3400,-57,57,410,9.0,12,0.53,46912.000000,0,2.1,1.2,0.0,8288.000000,33,0.0,0.0,0.0,1.0
435009,0,1,3400,-57,57,417,12,12,0.62,55040.000000,6,2.1,0.0,0.0,0.0,0.0,0.0,0.0,0.0,1.0
435258,0,1,3400,-57,57,416,9.0,12,1.1,51968.000000,6,2.1,0.0,0.0,0.0,0.0,0.0,0.0,0.0,1.0
435507,0,1,3400,-57,57,417,6.9,11,1.0,61728.000000,4,2.1,0.0,0.0,0.0,0.0,0.0,0.0,0.0,1.0
435756,0,1,3400,-57,57,418,7.8,12,0.51,67008.000000,2,2.1,12,0.0,23488.000000,43,0.0,0.0,0.0,1.0
436005,0,1,3400,-57,57,406,11,13,0.77,71584.000000,3,2.1,14,0.0,0.0,0.0,0.0,0.0,0.0,1.0
436254,0,1,3400,-57,57,405,9.5,12,0.86,51136.000000,6,2.1,14,0.0,0.0,0.0,0.0,0.0,0.0,1.0
436503,0,1,3400,-57,57,413,13,13,0.54,34784.000000,0,2.1,14,0.0,0.0,0.0,0.0,0.0,0.0,1.0
436752,0,1,3400,-57,57,413,11,14,0.89,29440.000000,12,2.1,14,186,0.0,0.0,0.0,0.0,0.0,1.0
437001,0,1,3400,-57,57,416,9.2,13,0.87,40512.000000,7,2.1,14,0.0,0.0,80,0.0,0.0,0.0,1.0
437250,0,1,3400,-57,57,416,9.2,12,0.92,41784.859375,0,2.1,14,0.0,0.0,0.0,0.0,0.0,0.0,1.0
437499,0,1,3400,-57,57,411,12,13,0.50,54144.000000,0,2.1,14,0.0,0.0,0.0,0.0,0.0,0.0,1.0
437748,0,1,3400,-57,57,413,10,13,0.74,59456.000000,5,2.1,5.5,0.0,12608.000000,0,0.0,0.0,0.0,1.0
437997,0,1,3400,-57,57,407,13,12,0.74,62336.000000,4,2.1,0.0,0.0,0.0,0.0,0.0,0.0,0.0,1.0
438246,0,1,3400,-57,57,415,11,13,0.76,38144.000000,5,2.1,0.0,0.0,0.0,0.0,0.0,0.0,0.0,1.0
438495,0,1,3400,-57,57,417,7.5,10,0.66,50240.000000,11,2.1,0.0,0.0,0.0,0.0,0.0,0.0,0.0,1.0
438744,0,1,3400,-57,57,407,7.1,13,1.3,47520.000000,5,2.1,4.9,0.0,114464.000000,19,0.0,0.0,0.0,1.0
438993,0,1,3400,-57,57,406,11,11,1.7,49120.000000,14,2.1,6.5,0.0,0.0,0.0,0.0,0.0,0.0,1.0
439242,0,1,3400,-57,57,406,9.3,13,0.53,52704.000000,3,2.1,6.5,0.0,0.0,0.0,0.0,0.0,0.0,1.0
439491,0,1,3400,-57,57,417,11,12,1.0,53280.000000,11,2.1,6.5,0.0,0.0,0.0,0.0,0.0,0.0,1.0
439740,0,1,3400,-57,57,416,8.2,13,1.1,46336.000000,5,2.1,3.6,0.0,7904.000000,0,0.0,0.0,0.0,1.0
439989,0,1,3400,-57,57,409,6.4,12,0.77,73408.000000,4,2.1,0.0,0.0,0.0,0.0,0.0,0.0,0.0,1.0
440238,0,1,3400,-57,57,411,13,12,1.2,61248.000000,13,2.1,0.0,0.0,0.0,0.0,0.0,0.0,0.0,1.0
440487,0,1,3400,-57,57,409,8.6,12,0.53,40576.000000,0,2.1,0.0,0.0,0.0,0.0,0.0,0.0,0.0,1.0
440736,0,1,3400,-57,57,409,9.1,12,0.62,47328.000000,0,2.1,0.0,0.0,13696.000000,0,0.0,0.0,0.0,1.0
440985,0,1,3400,-57,57,413,9.4,13,0.56,63104.000000,3,2.1,0.0,0.0,0.0,0.0,0.0,0.0,0.0,1.0
441234,0,1,3400,-57,57,416,6.1,13,0.51,32128.000000,0,2.1,0.0,0.0,0.0,0.0,0.0,0.0,0.0,1.0
441483,0,1,3400,-57,57,412,14,13,0.50,56640.000000,0,2.1,0.0,0.0,0.0,0.0,0.0,0.0,0.0,1.0
441732,0,1,3400,-57,57,411,10,12,1.1,66976.000000,10,2.1,0.0,0.0,8160.000000,33,0.0,0.0,0.0,1.0
441981,0,1,3400,-57,57,416,8.3,14,0.70,48672.000000,2,2.1,0.0,0.0,0.0,0.0,0.0,0.0,0.0,1.0
442230,0,1,3400,-57,57,419,6.1,11,0.61,60672.000000,4,2.1,0.0,0.0,0.0,0.0,0.0,0.0,0.0,1.0
442479,0,1,3400,-57,57,411,8.1,11,0.77,68864.000000,8,2.1,0.0,0.0,0.0,0.0,0.0,0.0,0.0,1.0
442728,0,1,3400,-57,57,406,8.5,11,1.5,52128.000000,10,2.1,0.0,0.0,17472.000000,29,0.0,0.0,0.0,1.0
442977,0,1,3400,-57,57,417,11,13,0.54,62112.000000,0,2.1,0.0,0.0,0.0,0.0,0.0,0.0,0.0,1.0
443226,0,1,3400,-57,57,411,12,13,0.65,37760.000000,6,2.1,0.0,0.0,0.0,0.0,0.0,0.0,0.0,1.0
443475,0,1,3400,-57,57,408,9.5,12,0.69,64384.000000,5,2.1,0.0,0.0,0.0,0.0,0.0,0.0,0.0,1.0
443724,0,1,3400,-57,57,410,11,13,1.0,47008.000000,6,2.1,7.9,0.0,111360.000000,36,0.0,0.0,0.0,1.0
443973,0,1,3400,-57,57,412,10.0,13,0.70,61472.000000,9,2.1,13,0.0,224,33,0.0,0.0,0.0,1.0
444222,0,1,3400,-57,57,412,12,12,0.63,64704.000000,0,2.1,6.5,0.0,0.0,0.0,0.0,0.0,0.0,1.0
444471,0,1,3400,-57,57,412,9.6,13,0.68,29952.000000,0,2.1,6.5,0.0,0.0,0.0,0.0,0.0,0.0,1.0
444720,0,1,3400,-57,57,417,9.1,13,0.52,28032.000000,6,2.1,0.47,186,5536.000000,0,0.0,0.0,0.0,1.0
444969,0,1,3400,-57,57,420,9.4,13,0.74,35808.000000,15,2.1,0.0,0.0,15968.000000,29,0.0,0.0,0.0,1.0
445218,0,1,3400,-57,57,412,9.3,14,0.72,55872.000000,3,2.1,0.0,0.0,0.0,0.0,0.0,0.0,0.0,1.0
445467,0,1,3400,-57,57,411,13,12,0.88,69056.000000,6,2.1,0.0,0.0,0.0,0.0,0.0,0.0,0.0,1.0
445716,0,1,3400,-57,57,413,9.2,13,0.71,37600.000000,3,2.1,0.0,0.0,8160.000000,17,0.0,0.0,0.0,1.0
445965,0,1,3400,-57,57,414,9.4,11,1.1,27537.847656,12,2.1,0.0,0.0,0.0,0.0,0.0,0.0,0.0,1.0
446214,0,1,3400,-57,57,411,12,12,0.50,48546.183594,0,2.1,0.0,0.0,0.0,0.0,0.0,0.0,0.0,1.0
446463,0,1,3400,-57,57,413,9.5,14,0.66,40608.000000,5,2.1,0.0,0.0,0.0,0.0,0.0,0.0,0.0,1.0
446712,0,1,3400,-57,57,415,7.1,12,0.90,61952.000000,8,2.1,0.11,0.0,35680.000000,15,0.0,0.0,0.0,1.0
446961,0,1,3400,-57,57,416,10,13,0.50,55264.000000,0,2.1,0.0,0.0,0.0,0.0,0.0,0.0,0.0,1.0
447210,0,1,3400,-57,57,418,11,12,0.53,71808.000000,3,2.1,0.0,0.0,0.0,0.0,0.0,0.0,0.0,1.0
447459,0,1,3400,-57,57,417,9.8,14,0.50,21472.000000,0,2.1,0.0,0.0,0.0,0.0,0.0,0.0,0.0,1.0
447708,0,1,3400,-57,57,416,5.9,12,0.79,71648.000000,2,2.1,3.4,0.0,8064.000000,33,0.0,0.0,0.0,1.0
447957,0,1,3400,-57,57,416,7.8,12,0.86,44960.000000,10,2.1,7.5,0.0,0.0,0.0,0.0,0.0,0.0,1.0
448206,0,1,3400,-57,57,414,9.8,12,0.85,52288.000000,10,2.1,7.5,0.0,0.0,0.0,0.0,0.0,0.0,1.0
448455,0,1,3400,-57,57,410,9.9,12,0.58,61696.000000,6,2.1,7.5,0.0,0.0,0.0,0.0,0.0,0.0,1.0
448704,0,1,3400,-57,57,411,10,13,0.90,53344.000000,7,2.1,7.5,186,5536.000000,0,0.0,0.0,0.0,1.0
448953,0,1,3400,-57,57,418,9.9,12,0.80,46119.523438,12,2.1,0.24,0.0,7872.509766,40,0.0,0.0,0.0,1.0
449202,0,1,3400,-57,57,410,8.7,11,0.77,47008.000000,10,2.1,0.0,0.0,0.0,0.0,0.0,0.0,0.0,1.0
449451,0,1,3400,-57,57,411,8.3,12,0.67,37609.562500,5,2.1,0.0,0.0,0.0,0.0,0.0,0.0,0.0,1.0
449700,0,1,3400,-57,57,410,9.0,13,0.67,61824.000000,4,2.1,9.0,0.0,101440.000000,59,0.0,0.0,0.0,1.0
449949,0,1,3400,-57,57,410,9.0,11,0.56,45737.050781,7,2.1,16,0.0,0.0,0.0,0.0,0.0,0.0,1.0
450198,0,1,3400,-57,57,412,6.9,11,0.53,72896.000000,3,2.1,16,0.0,0.0,0.0,0.0,0.0,0.0,1.0
450447,0,1,3400,-57,57,409,8.7,11,0.54,58358.566406,3,2.1,16,0.0,0.0,0.0,0.0,0.0,0.0,1.0
450696,0,1,3400,-57,57,407,5.4,13,0.67,70656.000000,1,2.1,6.5,0.0,13696.000000,0,0.0,0.0,0.0,1.0
450945,0,1,3400,-57,57,420,14,12,1.2,56192.000000,8,2.1,0.064,0.0,0.0,0.0,0.0,0.0,0.0,1.0
451194,0,1,3400,-57,57,412,5.5,10,0.86,68896.000000,5,2.1,0.064,0.0,0.0,0.0,0.0,0.0,0.0,1.0
451443,0,1,3400,-57,57,409,5.2,11,0.63,55520.000000,1,2.1,0.0,0.0,0.0,0.0,0.0,0.0,0.0,1.0
451692,0,1,3400,-57,57,405,10,12,0.63,33696.000000,6,2.1,1.6,0.0,9184.000000,60,0.0,0.0,0.0,1.0
451941,0,1,3400,-57,57,413,11,12,0.66,56192.000000,8,2.1,0.064,0.0,0.0,0.0,0.0,0.0,0.0,1.0
452190,0,1,3400,-57,57,412,7.3,13,0.74,34048.000000,9,2.1,0.0,0.0,0.0,0.0,0.0,0.0,0.0,1.0
452439,0,1,3400,-57,57,417,9.5,13,0.50,23104.000000,0,2.1,0.0,0.0,0.0,0.0,0.0,0.0,0.0,1.0
452688,0,1,3400,-57,57,420,7.4,14,0.53,32096.000000,0,2.1,0.0,20,0.0,78,0.0,0.0,0.0,1.0
452937,0,1,3400,-57,57,411,9.0,12,0.67,42560.000000,8,2.1,0.0,20,0.0,0.0,0.0,0.0,0.0,1.0
453186,0,1,3400,-57,57,411,9.8,13,0.65,69344.000000,2,2.1,0.0,0.0,7328.000000,33,0.0,0.0,0.0,1.0
453435,0,1,3400,-57,57,415,2.6,8.5,0.54,101280.000000,0.7,2.1,0.0,0.0,0.0,0.0,0.0,0.0,0.0,1.0
453684,0,1,3400,-57,57,416,7.1,12,0.70,73888.000000,9,2.1,3.4,0.0,0.0,80,0.0,0.0,0.0,1.0
453933,0,1,3400,-57,57,413,5.7,11,0.56,67040.000000,3,2.1,7.6,0.0,0.0,0.0,0.0,0.0,0.0,1.0
454182,0,1,3400,-57,57,413,7.3,13,0.94,27936.000000,9,2.1,7.5,0.0,0.0,0.0,0.0,0.0,0.0,1.0
454431,0,1,3400,-57,57,409,9.4,13,0.51,43648.000000,0,2.1,7.5,0.0,0.0,0.0,0.0,0.0,0.0,1.0
454680,0,1,3400,-57,57,401,8.9,12,0.89,50592.000000,7,2.1,7.7,0.0,23904.000000,50,0.0,0.0,0.0,1.0
454929,0,1,3400,-57,57,404,7.6,12,0.65,58048.000000,5,2.1,0.0,0.0,0.0,0.0,0.0,0.0,0.0,1.0
455178,0,1,3400,-57,57,404,9.0,13,1.5,40224.000000,10,2.1,0.0,0.0,0.0,0.0,0.0,0.0,0.0,1.0
455427,0,1,3400,-57,57,411,10,13,0.83,65632.000000,12,2.1,0.0,0.0,0.0,0.0,0.0,0.0,0.0,1.0
455676,0,1,3400,-57,57,412,7.9,13,0.52,49056.000000,0,2.1,2.7,0.0,27872.000000,30,0.0,0.0,0.0,1.0
455925,0,1,3400,-57,57,415,8.9,14,0.50,12544.000000,0,2.1,14,0.0,0.0,100.000000,0.0,0.0,0.0,1.0
456174,0,1,3400,-57,57,420,11,12,1.1,62944.000000,10,2.1,14,0.0,0.0,0.0,0.0,0.0,0.0,1.0
456423,0,1,3400,-57,57,414,12,12,0.62,59200.000000,3,2.1,14,0.0,0.0,0.0,0.0,0.0,0.0,1.0
456672,0,1,3400,-57,57,408,9.1,12,0.50,30016.000000,0,2.1,18,0.0,13344.000000,27,0.0,0.0,0.0,1.0
456921,0,1,3400,-57,57,410,9.2,14,0.70,37632.000000,3,2.1,22,0.0,0.0,0.0,0.0,0.0,0.0,1.0
457170,0,1,3400,-57,57,419,4.3,11,0.50,47266.933594,0,2.1,22,0.0,0.0,0.0,0.0,0.0,0.0,1.0
457419,0,1,3400,-57,57,420,9.9,11,0.66,55904.000000,4,2.1,22,186,0.0,0.0,0.0,0.0,0.0,1.0
457668,0,1,3400,-57,57,418,15,14,0.54,37120.000000,0,2.1,21,0.0,5536.000000,57,0.0,0.0,0.0,1.0
457917,0,1,3400,-57,57,408,9.9,13,0.50,51424.000000,0,2.1,7.5,0.0,0.0,0.0,0.0,0.0,0.0,1.0
458166,0,1,3400,-57,57,409,6.3,12,0.55,66976.000000,4,2.1,7.5,0.0,0.0,0.0,0.0,0.0,0.0,1.0
458415,0,1,3400,-57,57,412,7.7,13,0.61,74080.000000,3,2.1,7.5,0.0,0.0,0.0,0.0,0.0,0.0,1.0
458664,0,1,3400,-57,57,409,10,14,0.79,26880.000000,8,2.1,2.9,0.0,12384.000000,0,0.0,0.0,0.0,1.0
458913,0,1,3400,-57,57,412,8.9,12,0.86,59040.000000,10,2.1,0.0,0.0,0.0,0.0,0.0,0.0,0.0,1.0
459162,0,1,3400,-57,57,409,11,11,1.3,55648.000000,7,2.1,0.064,0.0,0.0,0.0,0.0,0.0,0.0,1.0
459411,0,1,3400,-57,57,415,8.9,12,0.55,79648.000000,0,2.1,0.0,0.0,0.0,0.0,0.0,0.0,0.0,1.0
459660,0,1,3400,-57,57,414,11,14,0.81,60960.000000,13,2.1,2.1,0.0,23904.000000,42,0.0,0.0,0.0,1.0
459909,0,1,3400,-57,57,412,11,12,1.1,100352.000000,4,2.1,0.064,0.0,0.0,0.0,0.0,0.0,0.0,1.0
460158,0,1,3400,-57,57,418,9.1,12,0.93,68320.000000,2,2.1,0.0,0.0,0.0,0.0,0.0,0.0,0.0,1.0
460407,0,1,3400,-57,57,408,9.3,12,1.2,41312.000000,8,2.1,0.0,186,0.0,0.0,0.0,0.0,0.0,1.0
460656,0,1,3400,-57,57,408,10,12,0.72,43616.000000,5,2.1,12,0.0,9568.000000,17,0.0,0.0,0.0,1.0
460905,0,1,3400,-57,57,402,9.2,11,0.70,35552.000000,4,2.1,14,0.0,0.0,0.0,0.0,0.0,0.0,1.0
461154,0,1,3400,-57,57,412,11,12,0.62,35904.000000,10,2.1,14,0.0,0.0,0.0,0.0,0.0,0.0,1.0
461403,0,1,3400,-57,57,411,14,14,0.56,51616.000000,0,2.1,14,0.0,0.0,0.0,0.0,0.0,0.0,1.0
461652,0,1,3400,-57,57,415,15,13,0.50,25344.000000,0,2.1,12,0.0,9184.000000,63,0.0,0.0,0.0,1.0
461901,0,1,3400,-57,57,422,11,12,0.69,39680.000000,5,2.1,0.0,0.0,0.0,0.0,0.0,0.0,0.0,1.0
462150,0,1,3400,-57,57,412,5.9,12,0.92,55904.382812,8,2.1,0.0,0.0,0.0,0.0,0.0,0.0,0.0,1.0
462399,0,1,3400,-57,57,409,8.0,11,0.84,46752.000000,0,2.1,0.0,0.0,0.0,0.0,0.0,0.0,0.0,1.0
462648,0,1,3400,-57,57,413,8.0,12,0.71,65824.000000,7,2.1,0.0,20,0.0,80,0.0,0.0,0.0,1.0
462897,0,1,3400,-57,57,407,13,13,0.81,55808.000000,9,2.1,0.0,0.0,6432.000000,0,0.0,0.0,0.0,1.0
463146,0,1,3400,-57,57,409,8.6,14,0.57,42816.000000,0,2.1,0.0,0.0,0.0,0.0,0.0,0.0,0.0,1.0
463395,0,1,3400,-57,57,405,9.9,13,0.70,56608.000000,9,2.1,0.0,0.0,0.0,0.0,0.0,0.0,0.0,1.0
463644,0,1,3400,-57,57,406,6.6,11,0.69,67474.101562,7,2.1,4.3,0.0,19888.445312,44,0.0,0.0,0.0,1.0
463893,0,1,3400,-57,57,411,17,12,1.1,34016.000000,17,2.1,7.5,0.0,0.0,0.0,0.0,0.0,0.0,1.0
464142,0,1,3400,-57,57,412,7.8,10,0.59,74912.000000,2,2.1,7.5,0.0,0.0,0.0,0.0,0.0,0.0,1.0
464391,0,1,3400,-57,57,413,6.3,12,0.81,63264.000000,8,2.1,7.5,0.0,0.0,0.0,0.0,0.0,0.0,1.0
464640,0,1,3400,-57,57,410,7.4,13,0.79,71008.000000,4,2.1,12,0.0,73184.000000,0,0.0,0.0,0.0,1.0
464889,0,1,3400,-57,57,415,8.2,13,0.63,29472.000000,2,2.1,12,0.0,0.0,0.0,0.0,0.0,0.0,1.0
465138,0,1,3400,-57,57,414,9.4,13,0.92,69344.000000,8,2.1,12,0.0,0.0,0.0,0.0,0.0,0.0,1.0
465387,0,1,3400,-57,57,418,10,13,0.65,63872.000000,4,2.1,12,0.0,0.0,0.0,0.0,0.0,0.0,1.0
465636,0,1,3400,-57,57,408,8.8,12,1.1,44000.000000,12,2.1,10,0.0,7520.000000,50,0.0,0.0,0.0,1.0
465885,0,1,3400,-57,57,409,7.1,12,0.74,45760.000000,7,2.1,0.0,0.0,0.0,0.0,0.0,0.0,0.0,1.0
466134,0,1,3400,-57,57,407,6.4,13,0.51,26368.000000,6,2.1,0.064,0.0,0.0,0.0,0.0,0.0,0.0,1.0
466383,0,1,3400,-57,57,411,10,13,0.67,76288.000000,3,2.1,0.0,186,0.0,0.0,0.0,0.0,0.0,1.0
466632,0,1,3400,-57,57,409,8.6,13,0.83,51424.000000,3,2.1,0.0,0.0,17792.000000,27,0.0,0.0,0.0,1.0
466881,0,1,3400,-57,57,419,9.8,13,0.52,31808.000000,0,2.1,0.0,0.0,0.0,0.0,0.0,0.0,0.0,1.0
467130,0,1,3400,-57,57,410,10,11,0.83,60064.000000,18,2.1,0.0,0.0,0.0,0.0,0.0,0.0,0.0,1.0
467379,0,1,3400,-57,57,400,14,12,0.72,76448.000000,4,2.1,0.064,0.0,0.0,0.0,0.0,0.0,0.0,1.0
467628,0,1,3400,-57,57,412,9.3,13,0.61,38400.000000,5,2.1,0.064,0.0,6848.000000,50,0.0,0.0,0.0,1.0
467877,0,1,3400,-57,57,411,7.3,13,0.58,28864.000000,5,2.1,0.0,0.0,0.0,0.0,0.0,0.0,0.0,1.0
468126,0,1,3400,-57,57,409,7.3,13,0.58,41952.000000,4,2.1,0.0,0.0,0.0,0.0,0.0,0.0,0.0,1.0
468375,0,1,3400,-57,57,409,10.0,13,0.50,26560.000000,0,2.1,0.0,0.0,0.0,0.0,0.0,0.0,0.0,1.0
468624,0,1,3400,-57,57,408,8.0,13,0.50,48448.000000,0,2.1,0.0,0.0,6848.000000,44,0.0,0.0,0.0,1.0
468873,0,1,3400,-57,57,408,9.7,13,0.88,58048.000000,9,2.1,0.0,0.0,0.0,0.0,0.0,0.0,0.0,1.0
469122,0,1,3400,-57,57,422,9.1,14,0.51,28128.000000,6,2.1,0.0,0.0,0.0,0.0,0.0,0.0,0.0,1.0
469371,0,1,3400,-57,57,420,7.1,13,0.50,53376.000000,0,2.1,0.0,0.0,0.0,0.0,0.0,0.0,0.0,1.0
469620,0,1,3400,-57,57,407,11,13,0.64,87520.000000,7,2.1,6.2,0.0,31840.000000,35,0.0,0.0,0.0,1.0
469869,0,1,3400,-57,57,410,8.8,12,0.56,49984.000000,9,2.1,0.0,0.0,0.0,0.0,0.0,0.0,0.0,1.0
470118,0,1,3400,-57,57,412,8.7,13,0.85,73856.000000,5,2.1,0.0,0.0,0.0,0.0,0.0,0.0,0.0,1.0
470367,0,1,3400,-57,57,418,7.1,11,1.1,41472.000000,10,2.1,0.0,0.0,0.0,0.0,0.0,0.0,0.0,1.0
470616,0,1,3400,-57,57,413,11,13,1.7,17696.000000,14,2.1,0.71,0.0,69888.000000,23,0.0,0.0,0.0,1.0
470865,0,1,3400,-57,57,417,7.5,13,0.89,74080.000000,2,2.1,16,0.0,54144.000000,89,0.0,0.0,0.0,1.0
471114,0,1,3400,-57,57,413,8.2,12,0.98,73856.000000,2,2.1,16,0.0,0.0,0.0,0.0,0.0,0.0,1.0
471363,0,1,3400,-57,57,409,9.4,13,0.58,37728.000000,10,2.1,16,0.0,0.0,0.0,0.0,0.0,0.0,1.0
471612,0,1,3400,-57,57,413,9.3,13,0.92,28128.000000,15,2.1,9.9,0.0,8160.000000,40,0.0,0.0,0.0,1.0
471861,0,1,3400,-57,57,420,7.6,12,0.84,68768.000000,10,2.1,0.064,0.0,1792.000000,0,0.0,0.0,0.0,1.0
472110,0,1,3400,-57,57,412,6.7,11,0.78,42560.000000,12,2.1,0.0,0.0,0.0,0.0,0.0,0.0,0.0,1.0
472359,0,1,3400,-57,57,414,13,13,0.50,51360.000000,0,2.1,0.0,0.0,0.0,0.0,0.0,0.0,0.0,1.0
472608,0,1,3400,-57,57,410,8.7,13,0.59,62720.000000,5,2.1,0.0,0.0,8160.000000,38,0.0,0.0,0.0,1.0
472857,0,1,3400,-57,57,414,11,13,0.50,23616.000000,0,2.1,0.0,0.0,0.0,0.0,0.0,0.0,0.0,1.0
473106,0,1,3400,-57,57,420,8.1,12,1.1,67200.000000,6,2.1,0.0,0.0,0.0,0.0,0.0,0.0,0.0,1.0
473355,0,1,3400,-57,57,413,7.3,12,0.78,52960.000000,4,2.1,0.0,0.0,0.0,0.0,0.0,0.0,0.0,1.0
473604,0,1,3400,-57,57,405,6.0,12,0.72,64704.000000,9,2.1,0.0,0.0,12448.000000,0,0.0,0.0,0.0,1.0
473853,0,1,3400,-57,57,414,15,13,1.0,43136.000000,11,2.1,0.0,0.0,0.0,0.0,0.0,0.0,0.0,1.0
474102,0,1,3400,-57,57,416,12,13,0.56,35328.000000,10,2.1,0.0,0.0,0.0,0.0,0.0,0.0,0.0,1.0
474351,0,1,3400,-57,57,408,7.2,10,0.77,77056.000000,3,2.1,0.0,0.0,0.0,0.0,0.0,0.0,0.0,1.0
474600,0,1,3400,-57,57,412,3.6,11,0.76,47968.128906,0.8,2.1,0.0,186,0.0,0.0,0.0,0.0,0.0,1.0
474849,0,1,3400,-57,57,414,11,13,1.1,38752.000000,6,2.1,7.3,0.0,0.0,80,0.0,0.0,0.0,1.0
475098,0,1,3400,-57,57,414,9.0,11,0.74,65696.000000,10,2.1,3.5,0.0,5536.000000,0,0.0,0.0,0.0,1.0
475347,0,1,3400,-57,57,408,15,13,0.50,36800.000000,0,2.1,0.0,186,0.0,0.0,0.0,0.0,0.0,1.0
475596,0,1,3400,-57,57,408,13,13,0.65,44992.000000,12,2.1,0.0,0.0,21920.000000,9,0.0,0.0,0.0,1.0
475845,0,1,3400,-57,57,408,3.0,11,0.65,85856.000000,2,2.1,0.0,0.0,0.0,0.0,0.0,0.0,0.0,1.0
476094,0,1,3400,-57,57,414,7.3,13,0.75,45824.000000,4,2.1,0.0,0.0,0.0,0.0,0.0,0.0,0.0,1.0
476343,0,1,3400,-57,57,418,8.5,13,0.86,68064.000000,5,2.1,0.0,0.0,0.0,0.0,0.0,0.0,0.0,1.0
476592,0,1,3400,-57,57,416,8.8,12,0.56,72448.000000,0,2.1,7.1,0.0,86016.000000,36,0.0,0.0,0.0,1.0
476841,0,1,3400,-57,57,420,8.3,13,1.3,53792.000000,9,2.1,8.0,0.0,0.0,0.0,0.0,0.0,0.0,1.0
477090,0,1,3400,-57,57,417,17,13,1.0,67680.000000,0,2.1,8.0,0.0,0.0,0.0,0.0,0.0,0.0,1.0
477339,0,1,3400,-57,57,411,10,12,0.55,57952.000000,5,2.1,8.0,0.0,0.0,0.0,0.0,0.0,0.0,1.0
477588,0,1,3400,-57,57,415,11,13,0.97,62080.000000,10,2.1,11,0.0,5952.000000,44,0.0,0.0,0.0,1.0
477837,0,1,3400,-57,57,415,6.7,11,0.56,45696.000000,8,2.1,12,0.0,0.0,0.0,0.0,0.0,0.0,1.0
478086,0,1,3400,-57,57,414,7.1,12,1.0,46368.000000,8,2.1,12,0.0,0.0,0.0,0.0,0.0,0.0,1.0
478335,0,1,3400,-57,57,405,9.9,14,0.50,27040.000000,0,2.1,12,0.0,0.0,0.0,0.0,0.0,0.0,1.0
478584,0,1,3400,-57,57,415,14,14,0.61,33024.000000,5,2.1,1.1,0.0,16768.000000,50,0.0,0.0,0.0,1.0
478833,0,1,3400,-57,57,415,19,14,1.3,46183.265625,10,2.1,0.0,0.0,0.0,0.0,0.0,0.0,0.0,1.0
479082,0,1,3400,-57,57,413,12,13,1.0,51680.000000,2,2.1,0.0,0.0,0.0,0.0,0.0,0.0,0.0,1.0
479331,0,1,3400,-57,57,412,7.7,12,2.0,28960.000000,7,2.1,0.18,0.0,1184.000000,0,0.0,0.0,0.0,1.0
479580,0,1,3400,-57,57,406,14,12,0.96,47136.000000,0,2.1,5.0,0.0,43104.000000,57,0.0,0.0,0.0,1.0
479829,0,1,3400,-57,57,411,5.9,11,0.81,100928.000000,9,2.1,6.5,0.0,0.0,0.0,0.0,0.0,0.0,1.0
480078,0,1,3400,-57,57,414,14,12,0.96,70080.000000,9,2.1,6.5,0.0,0.0,0.0,0.0,0.0,0.0,1.0
480327,0,1,3400,-57,57,416,8.9,12,1.3,73728.000000,16,2.1,6.4,186,0.0,0.0,0.0,0.0,0.0,1.0
480576,0,1,3400,-57,57,418,9.7,12,0.60,37856.000000,12,2.1,3.8,0.0,13184.000000,37,0.0,0.0,0.0,1.0
480825,0,1,3400,-57,57,413,7.6,13,0.74,20096.000000,5,2.1,7.5,0.0,0.0,0,0.0,0.0,0.0,1.0
481074,0,1,3400,-57,57,413,9.7,13,1.0,56352.000000,4,2.1,7.5,0.0,0.0,100.000000,0.0,0.0,0.0,1.0
481323,0,1,3400,-57,57,414,6.5,13,1.1,58720.000000,3,2.1,7.5,0.0,0.0,0.0,0.0,0.0,0.0,1.0
481572,0,1,3400,-57,57,416,12,12,1.8,60224.000000,11,2.1,3.6,0.0,17952.000000,42,0.0,0.0,0.0,1.0
481821,0,1,3400,-57,57,419,9.0,13,1.4,36320.000000,9,2.1,0.0,0.0,0.0,0.0,0.0,0.0,0.0,1.0
482070,0,1,3400,-57,57,421,10,13,1.2,40672.000000,10,2.1,0.0,0.0,0.0,0.0,0.0,0.0,0.0,1.0
482319,0,1,3400,-57,57,416,6.0,13,0.60,40480.000000,2,2.1,0.0,0.0,0.0,0.0,0.0,0.0,0.0,1.0
482568,0,1,3400,-57,57,413,19,13,1.9,38528.000000,0,2.1,0.0,0.0,8160.000000,29,0.0,0.0,0.0,1.0
482817,0,1,3400,-57,57,409,7.1,13,0.50,10304.000000,0,2.1,0.0,0.0,0.0,0.0,0.0,0.0,0.0,1.0
483066,0,1,3400,-57,57,408,11,13,0.70,36224.000000,11,2.1,0.0,0.0,0.0,0.0,0.0,0.0,0.0,1.0
483315,0,1,3400,-57,57,408,8.6,12,0.86,43584.000000,7,2.1,0.0,0.0,0.0,0.0,0.0,0.0,0.0,1.0
483564,0,1,3400,-57,57,415,11,13,0.53,54208.000000,4,2.1,9.0,0.0,192320.000000,63,0.0,0.0,0.0,1.0
483813,0,1,3400,-57,57,419,9.4,12,0.70,71264.000000,8,2.1,16,0.0,0.0,0.0,0.0,0.0,0.0,1.0
484062,0,1,3400,-57,57,413,9.3,12,0.96,57664.000000,5,2.1,16,0.0,0.0,0.0,0.0,0.0,0.0,1.0
484311,0,1,3400,-57,57,408,13,13,0.81,52096.000000,10,2.1,16,0.0,0.0,0.0,0.0,0.0,0.0,1.0
484560,0,1,3400,-57,57,410,9.4,13,0.65,54240.000000,6,2.1,13,0.0,6528.000000,50,0.0,0.0,0.0,1.0
484809,0,1,3400,-57,57,412,7.3,11,0.50,47968.000000,0,2.1,13,0.0,0.0,0.0,0.0,0.0,0.0,1.0
485058,0,1,3400,-57,57,413,9.1,13,0.87,59008.000000,4,2.1,13,0.0,0.0,0.0,0.0,0.0,0.0,1.0
485307,0,1,3400,-57,57,410,9.1,13,0.51,39616.000000,4,2.1,13,0.0,0.0,0.0,0.0,0.0,0.0,1.0
485556,0,1,3400,-57,57,412,10,12,0.50,25632.000000,0,2.1,5.6,0.0,8160.000000,29,0.0,0.0,0.0,1.0
485805,0,1,3400,-57,57,408,8.4,12,0.60,55712.000000,2,2.1,0.0,0.0,0.0,0.0,0.0,0.0,0.0,1.0
486054,0,1,3400,-57,57,410,8.3,12,0.89,56288.000000,8,2.1,0.0,0.0,0.0,0.0,0.0,0.0,0.0,1.0
486303,0,1,3400,-57,57,407,7.7,14,0.53,55104.000000,6,2.1,0.0,0.0,0.0,0.0,0.0,0.0,0.0,1.0
486552,0,1,3400,-57,57,417,11,13,0.58,37472.000000,0,2.1,0.0,0.0,8160.000000,0,0.0,0.0,0.0,1.0
486801,0,1,3400,-57,57,423,9.6,12,0.84,53088.000000,7,2.1,0.0,0.0,0.0,0.0,0.0,0.0,0.0,1.0
487050,0,1,3400,-57,57,416,1.8,9.1,0.58,104416.000000,0,2.1,0.0,0.0,0.0,0.0,0.0,0.0,0.0,1.0
487299,0,1,3400,-57,57,407,10.0,14,0.61,32640.000000,0,2.1,0.0,186,0.0,0.0,0.0,0.0,0.0,1.0
487548,0,1,3400,-57,57,417,6.3,12,0.83,66016.000000,2,2.1,0.0,0.0,8064.000000,0,0.0,0.0,0.0,1.0
487797,0,1,3400,-57,57,416,7.0,12,0.67,64254.980469,4,2.1,0.0,0.0,0.0,0.0,0.0,0.0,0.0,1.0
488046,0,1,3400,-57,57,410,10,11,2.0,52288.000000,7,2.1,0.0,0.0,0.0,0.0,0.0,0.0,0.0,1.0
488295,0,1,3400,-57,57,408,7.9,12,0.81,58336.000000,10,2.1,0.0,0.0,0.0,0.0,0.0,0.0,0.0,1.0
488544,0,1,3400,-57,57,405,11,13,0.78,39264.000000,6,2.1,0.0,0.0,16640.000000,0,0.0,0.0,0.0,1.0
488793,0,1,3400,-57,57,404,10,13,0.83,56160.000000,4,2.1,0.0,0.0,0.0,0.0,0.0,0.0,0.0,1.0
489042,0,1,3400,-57,57,408,17,13,0.99,52192.000000,5,2.1,0.0,0.0,0.0,0.0,0.0,0.0,0.0,1.0
489291,0,1,3400,-57,57,404,10,12,1.3,42944.000000,14,2.1,0.0,0.0,0.0,0.0,0.0,0.0,0.0,1.0
489540,0,1,3400,-57,57,407,9.5,14,0.75,61248.000000,16,2.1,0.040,0.0,15712.000000,14,0.0,0.0,0.0,1.0
489789,0,1,3400,-57,57,413,8.8,13,1.0,58016.000000,9,2.1,0.0,0.0,0.0,0.0,0.0,0.0,0.0,1.0
490038,0,1,3400,-57,57,414,13,12,0.52,57728.000000,3,2.1,0.0,0.0,0.0,0.0,0.0,0.0,0.0,1.0
490287,0,1,3400,-57,57,409,7.3,14,0.53,36000.000000,0,2.1,0.0,0.0,0.0,0.0,0.0,0.0,0.0,1.0
490536,0,1,3400,-57,57,418,8.4,13,0.71,55456.000000,6,2.1,0.0,0.0,17920.000000,14,0.0,0.0,0.0,1.0
490785,0,1,3400,-57,57,413,14,13,1.8,38624.000000,23,2.1,0.0,0.0,0.0,0.0,0.0,0.0,0.0,1.0
491034,0,1,3400,-57,57,410,5.7,10,0.76,63296.000000,2,2.1,0.0,0.0,0.0,0.0,0.0,0.0,0.0,1.0
491283,0,1,3400,-57,57,408,13,13,0.51,37632.000000,0,2.1,0.0,0.0,0.0,0.0,0.0,0.0,0.0,1.0
491532,0,1,3400,-57,57,413,10.0,12,0.54,62784.000000,3,2.1,0.0,0.0,8160.000000,0,0.0,0.0,0.0,1.0
491781,0,1,3400,-57,57,410,8.1,12,0.82,58240.000000,11,2.1,0.0,0.0,0.0,0.0,0.0,0.0,0.0,1.0
492030,0,1,3400,-57,57,415,11,12,0.79,41920.000000,4,2.1,0.0,0.0,0.0,0.0,0.0,0.0,0.0,1.0
492279,0,1,3400,-57,57,411,8.5,9.1,0.91,57760.000000,2,2.1,0.0,186,0.0,0.0,0.0,0.0,0.0,1.0
492528,0,1,3400,-57,57,413,7.2,13,0.52,57152.000000,1,2.1,7.3,0.0,10016.000000,40,0.0,0.0,0.0,1.0
492777,0,1,3400,-57,57,408,11,12,1.1,57856.000000,8,2.1,5.0,0.0,0.0,0.0,0.0,0.0,0.0,1.0
493026,0,1,3400,-57,57,406,12,12,0.65,88864.000000,7,2.1,5.0,0.0,0.0,0.0,0.0,0.0,0.0,1.0
493275,0,1,3400,-57,57,411,8.8,12,0.85,71424.000000,7,2.1,5.0,186,0.0,0.0,0.0,0.0,0.0,1.0
493524,0,1,3400,-57,57,413,8.2,13,0.66,48608.000000,0,2.1,2.8,0.0,352,57,0.0,0.0,0.0,1.0
493773,0,1,3400,-57,57,420,11,13,0.50,41632.000000,0,2.1,0.0,0.0,0.0,0.0,0.0,0.0,0.0,1.0
494022,0,1,3400,-57,57,413,13,13,0.74,67346.617188,4,2.1,0.0,0.0,0.0,0.0,0.0,0.0,0.0,1.0
494271,0,1,3400,-57,57,406,8.4,14,0.76,43808.000000,8,2.1,0.0,0.0,0.0,0.0,0.0,0.0,0.0,1.0
494520,0,1,3400,-57,57,406,8.7,13,1.2,67648.000000,11,2.1,0.0,0.0,8160.000000,44,0.0,0.0,0.0,1.0
494769,0,1,3400,-57,57,413,9.7,11,0.68,44047.808594,17,2.1,0.0,0.0,0.0,0.0,0.0,0.0,0.0,1.0
495018,0,1,3400,-57,57,416,15,13,0.50,41920.000000,0,2.1,0.0,0.0,0.0,0.0,0.0,0.0,0.0,1.0
495267,0,1,3400,-57,57,414,7.6,13,0.50,48544.000000,0,2.1,0.0,0.0,0.0,0.0,0.0,0.0,0.0,1.0
495516,0,1,3400,-57,57,417,8.2,13,0.61,65984.000000,4,2.1,0.056,0.0,64896.000000,12,0.0,0.0,0.0,1.0
495765,0,1,3400,-57,57,410,9.3,13,0.53,57504.000000,4,2.1,0.0,0.0,0.0,0.0,0.0,0.0,0.0,1.0
496014,0,1,3400,-57,57,408,12,12,0.67,89824.000000,13,2.1,0.0,0.0,0.0,0.0,0.0,0.0,0.0,1.0
496263,0,1,3400,-57,57,410,9.7,12,0.50,36896.000000,0,2.1,0.0,0.0,0.0,0.0,0.0,0.0,0.0,1.0
496512,0,1,3400,-57,57,415,8.3,14,0.70,42720.000000,12,2.1,0.0,186,0.0,0.0,0.0,0.0,0.0,1.0
496761,0,1,3400,-57,57,413,8.6,12,0.86,70688.000000,12,2.1,0.0,0.0,10624.000000,33,0.0,0.0,0.0,1.0
497010,0,1,3400,-57,57,407,7.0,12,0.53,55744.000000,2,2.1,0.0,0.0,0.0,0.0,0.0,0.0,0.0,1.0
497259,0,1,3400,-57,57,408,14,13,0.90,33312.000000,4,2.1,0.0,0.0,0.0,0.0,0.0,0.0,0.0,1.0
497508,0,1,3400,-57,57,408,8.7,12,0.58,81376.000000,3,2.1,12,0.0,23488.000000,0,0.0,0.0,0.0,1.0
497757,0,1,3400,-57,57,408,10,12,0.55,52768.000000,0,2.1,13,0.0,0.0,0.0,0.0,0.0,0.0,1.0
498006,0,1,3400,-57,57,413,18,13,1.3,57600.000000,6,2.1,14,0.0,0.0,0.0,0.0,0.0,0.0,1.0
498255,0,1,3400,-57,57,415,11,11,0.87,64224.000000,11,2.1,14,0.0,0.0,0.0,0.0,0.0,0.0,1.0
498504,0,1,3400,-57,57,412,8.4,13,0.62,21792.000000,0,2.1,3.3,0.0,23904.000000,36,0.0,0.0,0.0,1.0
498753,0,1,3400,-57,57,411,9.1,13,0.61,47264.000000,4,2.1,0.0,0.0,0.0,0.0,0.0,0.0,0.0,1.0
499002,0,1,3400,-57,57,411,12,12,0.78,62048.000000,10,2.1,0.0,0.0,0.0,0.0,0.0,0.0,0.0,1.0
499251,0,1,3400,-57,57,409,10,13,1.6,58016.000000,13,2.1,0.0,186,0.0,0.0,0.0,0.0,0.0,1.0
499500,0,1,3400,-57,57,410,12,13,0.89,47904.000000,5,2.1,1.6,0.0,9120.000000,54,0.0,0.0,0.0,1.0
499749,0,1,3400,-57,57,410,14,13,1.1,62464.000000,13,2.1,0.0,0.0,0.0,0.0,0.0,0.0,0.0,1.0
499998,0,1,3400,-57,57,416,12,13,0.72,56480.000000,12,2.1,0.0,0.0,0.0,0.0,0.0,1.0,0.0,1.0
500247,0,1,3400,-57,57,406,8.9,13,0.53,41344.000000,8,2.1,0.0,0.0,0.0,0.0,0.0,0.0,0.0,1.0
500496,0,1,3400,-57,57,406,8.0,11,0.67,63360.000000,5,2.1,4.8,0.0,8064.000000,33,0.0,0.0,0.0,1.0
500745,0,1,3400,-57,57,407,7.0,13,0.62,61952.000000,3,2.1,0.0,0.0,0.0,0.0,0.0,0.0,0.0,1.0
500994,0,1,3400,-57,57,416,7.2,11,0.69,63330.675781,2,2.1,0.0,0.0,0.0,0.0,0.0,0.0,0.0,1.0
501243,0,1,3400,-57,57,418,8.6,13,0.57,46624.000000,0,2.1,0.0,0.0,0.0,0.0,0.0,0.0,0.0,1.0
501492,0,1,3400,-57,57,410,12,13,0.84,21344.000000,10,2.1,12,0.0,56128.000000,0,0.0,0.0,0.0,1.0
501741,0,1,3400,-57,57,407,11,13,0.50,40352.000000,0,2.1,13,0.0,0.0,0.0,0.0,0.0,0.0,1.0
501990,0,1,3400,-57,57,409,13,13,0.57,28192.000000,0,2.1,13,0.0,0.0,0.0,0.0,0.0,0.0,1.0
502239,0,1,3400,-57,57,413,8.7,12,1.0,64832.000000,6,2.1,13,0.0,0.0,0.0,0.0,0.0,0.0,1.0
502488,0,1,3400,-57,57,416,9.8,14,0.81,55200.000000,14,2.1,12,0.0,23488.000000,0,0.0,0.0,0.0,1.0
502737,0,1,3400,-57,57,405,12,13,0.51,52064.000000,0,2.1,11,0.0,0.0,0.0,0.0,0.0,0.0,1.0
502986,0,1,3400,-57,57,410,10,12,0.99,41472.000000,23,2.1,11,0.0,0.0,0.0,0.0,0.0,0.0,1.0
503235,0,1,3400,-57,57,405,8.0,13,0.51,42528.000000,4,2.1,11,0.0,0.0,0.0,0.0,0.0,0.0,1.0
503484,0,1,3400,-57,57,417,9.5,13,1.4,40032.000000,15,2.1,6.7,0.0,23648.000000,36,0.0,0.0,0.0,1.0
503733,0,1,3400,-57,57,409,14,14,1.2,49632.000000,10,2.1,0.0,0.0,0.0,0.0,0.0,0.0,0.0,1.0
503982,0,1,3400,-57,57,413,8.0,13,0.51,66496.000000,2,2.1,0.0,0.0,0.0,0.0,0.0,0.0,0.0,1.0
504231,0,1,3400,-57,57,411,7.7,13,0.85,38374.503906,11,2.1,0.0,186,0.0,0.0,0.0,0.0,0.0,1.0
504480,0,1,3400,-57,57,413,9.2,13,0.89,62880.000000,1,2.1,6.1,0.0,16832.000000,38,0.0,0.0,0.0,1.0
504729,0,1,3400,-57,57,411,8.1,12,0.64,67840.000000,4,2.1,8.0,0.0,0.0,0.0,0.0,0.0,0.0,1.0
504978,0,1,3400,-57,57,412,9.1,13,0.50,37536.000000,0,2.1,8.0,0.0,0.0,0.0,0.0,0.0,0.0,1.0
505227,0,1,3400,-57,57,417,14,13,0.93,19008.000000,11,2.1,8.0,0.0,0.0,0.0,0.0,0.0,0.0,1.0
505476,0,1,3400,-57,57,414,8.4,13,0.57,75552.000000,2,2.1,2.2,0.0,10624.000000,38,0.0,0.0,0.0,1.0
505725,0,1,3400,-57,57,415,9.3,14,0.58,60064.000000,11,2.1,0.0,0.0,0.0,0.0,0.0,0.0,0.0,1.0
505974,0,1,3400,-57,57,419,17,13,0.53,71776.000000,4,2.1,0.0,0.0,0.0,0.0,0.0,0.0,0.0,1.0
506223,0,1,3400,-57,57,413,14,13,0.72,62784.000000,9,2.1,0.0,186,0.0,0.0,0.0,0.0,0.0,1.0
506472,0,1,3400,-57,57,406,7.9,12,0.50,23520.000000,0,2.1,0.0,0.0,8288.000000,0,0.0,0.0,0.0,1.0
506721,0,1,3400,-57,57,405,7.3,12,0.59,63394.421875,2,2.1,0.0,0.0,0.0,0.0,0.0,0.0,0.0,1.0
506970,0,1,3400,-57,57,411,8.4,12,0.64,38080.000000,4,2.1,0.0,0.0,0.0,0.0,0.0,0.0,0.0,1.0
507219,0,1,3400,-57,57,407,9.8,14,0.65,60800.000000,10,2.1,0.0,186,0.0,0.0,0.0,0.0,0.0,1.0
507468,0,1,3400,-57,57,409,10,13,0.96,46304.000000,2,2.1,0.0,0.0,8000.000000,12,0.0,0.0,0.0,1.0
507717,0,1,3400,-57,57,408,11,13,0.72,68512.000000,3,2.1,0.0,0.0,0.0,0.0,0.0,0.0,0.0,1.0
507966,0,1,3400,-57,57,411,8.8,13,1.1,72448.000000,20,2.1,0.0,0.0,0.0,0.0,0.0,0.0,0.0,1.0
508215,0,1,3400,-57,57,408,8.1,13,0.71,56352.000000,5,2.1,0.0,0.0,0.0,0.0,0.0,0.0,0.0,1.0
508464,0,1,3400,-57,57,412,13,13,0.73,59136.000000,7,2.1,0.0,0.0,8160.000000,38,0.0,0.0,0.0,1.0
508713,0,1,3400,-57,57,420,9.9,12,1.4,78016.000000,7,2.1,0.0,0.0,0.0,0.0,0.0,0.0,0.0,1.0
508962,0,1,3400,-57,57,407,12,13,0.72,24576.000000,11,2.1,0.0,0.0,0.0,0.0,0.0,0.0,0.0,1.0
509211,0,1,3400,-57,57,408,8.2,13,0.84,63168.000000,9,2.1,0.0,0.0,0.0,0.0,0.0,0.0,0.0,1.0
509460,0,1,3400,-57,57,410,11,13,0.55,44768.000000,0,2.1,0.0,0.0,8032.000000,33,0.0,0.0,0.0,1.0
509709,0,1,3400,-57,57,409,13,13,0.91,46816.000000,5,2.1,0.0,0.0,0.0,0.0,0.0,0.0,0.0,1.0
509958,0,1,3400,-57,57,435,9.2,12,0.60,33632.000000,4,2.1,0.0,0.0,0.0,0.0,0.0,0.0,0.0,1.0
510207,0,1,3400,-57,57,421,6.9,12,0.57,61984.000000,1,2.1,0.0,0.0,0.0,0.0,0.0,0.0,0.0,1.0
510456,0,1,3400,-57,57,407,7.2,12,0.51,51264.000000,0,2.1,0.0,186,0.0,0.0,0.0,0.0,0.0,1.0
510705,0,1,3400,-57,57,402,13,13,1.0,63232.000000,6,2.1,7.3,0.0,5536.000000,57,0.0,0.0,0.0,1.0
510954,0,1,3400,-57,57,404,7.8,13,0.50,34976.000000,0,2.1,7.5,0.0,0.0,0.0,0.0,0.0,0.0,1.0
511203,0,1,3400,-57,57,410,13,13,0.91,40128.000000,17,2.1,7.5,0.0,0.0,0.0,0.0,0.0,0.0,1.0
511452,0,1,3400,-57,57,414,9.6,11,0.64,70176.000000,6,2.1,6.6,0.0,114464.000000,32,0.0,0.0,0.0,1.0
511701,0,1,3400,-57,57,412,8.5,12,0.82,67584.000000,11,2.1,6.5,0.0,0.0,0.0,0.0,0.0,0.0,1.0
511950,0,1,3400,-57,57,409,13,14,0.84,64608.000000,4,2.1,6.5,0.0,0.0,0.0,0.0,0.0,0.0,1.0
512199,0,1,3400,-57,57,418,9.0,12,1.2,40416.000000,13,2.1,6.5,0.0,0.0,0.0,0.0,0.0,0.0,1.0
512448,0,1,3400,-57,57,405,14,11,0.97,26656.000000,0,2.1,2.9,0.0,8064.000000,0,0.0,0.0,0.0,1.0
512697,0,1,3400,-57,57,406,7.7,13,0.89,35424.000000,6,2.1,0.0,0.0,0.0,0.0,0.0,0.0,0.0,1.0
512946,0,1,3400,-57,57,414,14,12,0.78,62016.000000,5,2.1,0.0,0.0,0.0,0.0,0.0,0.0,0.0,1.0
513196,0,1,3400,-57,57,417,11,12,0.68,73248.000000,5,2.1,0.0,0.0,0.0,0.0,0.0,0.0,0.0,1.0
513445,0,1,3400,-57,57,418,11,12,0.57,56192.000000,0,2.1,0.0,0.0,8160.000000,29,0.0,0.0,0.0,1.0
513694,0,1,3400,-57,57,419,6.3,12,0.91,34208.000000,2,2.1,0.0,0.0,0.0,0.0,0.0,0.0,0.0,1.0
513943,0,1,3400,-57,57,417,8.9,13,1.5,27872.000000,14,2.1,0.0,0.0,0.0,0.0,0.0,0.0,0.0,1.0
514192,0,1,3400,-57,57,413,3.9,14,0.50,55680.000000,0,2.1,0.0,0.0,0.0,0.0,0.0,0.0,0.0,1.0
514441,0,1,3400,-57,57,406,9.8,13,0.67,39424.000000,15,2.1,0.0,0.0,45856.000000,9,0.0,0.0,0.0,1.0
514690,0,1,3400,-57,57,414,8.4,13,0.94,52672.000000,4,2.1,0.0,0.0,0.0,0.0,0.0,0.0,0.0,1.0
514939,0,1,3400,-57,57,417,12,14,0.75,0.0,0.0,2.1,0.0,0.0,0.0,0.0,0.0,0.0,0.0,1.0
515188,0,1,3400,-57,57,413,12,14,0.75,0.0,0.0,2.1,0.0,0.0,0.0,0.0,0.0,0.0,0.0,1.0
515437,0,1,3400,-57,57,408,12,13,0.75,0.0,0.0,2.1,0.0,0.0,0.0,0.0,0.0,0.0,0.0,1.0
515686,0,1,3400,-57,57,405,12,14,0.75,0.0,0.0,2.1,0.0,0.0,0.0,0.0,0.0,0.0,0.0,1.0
515935,0,1,3400,-57,57,405,12,14,0.75,0.0,0.0,2.1,0.0,0.0,0.0,0.0,0.0,0.0,0.0,1.0
516184,0,1,3400,-57,57,408,12,13,0.75,0.0,0.0,2.1,0.0,0.0,0.0,0.0,0.0,0.0,0.0,1.0
516433,0,1,3400,-57,57,420,12,13,0.75,0.0,0.0,2.1,0.0,0.0,0.0,0.0,0.0,0.0,0.0,1.0
516682,0,1,3400,-57,57,418,12,14,0.75,0.0,0.0,2.1,0.0,0.0,0.0,0.0,0.0,0.0,0.0,1.0
516931,0,1,3400,-57,57,419,12,13,0.75,0.0,0.0,2.1,0.0,0.0,0.0,0.0,0.0,0.0,0.0,1.0
517180,0,1,3400,-57,57,415,12,14,0.75,0.0,0.0,2.1,0.0,0.0,0.0,0.0,0.0,0.0,0.0,1.0
517429,0,1,3400,-57,57,412,12,15,0.75,0.0,0.0,2.1,0.0,0.0,0.0,0.0,0.0,0.0,0.0,1.0
517678,0,1,3400,-57,57,415,12,13,0.75,0.0,0.0,2.1,0.0,0.0,0.0,0.0,0.0,0.0,0.0,1.0
517927,0,1,3400,-57,57,414,12,13,0.75,0.0,0.0,2.1,0.0,0.0,0.0,0.0,0.0,0.0,0.0,1.0
518176,0,1,3400,-57,57,410,12,13,0.75,0.0,0.0,2.1,0.0,0.0,0.0,0.0,0.0,0.0,0.0,1.0
518425,0,1,3400,-57,57,413,12,14,0.75,0.0,0.0,2.1,0.0,0.0,0.0,0.0,0.0,0.0,0.0,1.0
518674,0,1,3400,-57,57,