time,cc,pci,earfcn,rsrp,pl,cfo,dl_mcs,dl_snr,dl_turbo,dl_brate,dl_bler,ul_ta,ul_mcs,ul_buff,ul_brate,ul_bler,rf_o,rf_u,rf_l,is_attached
0,0,0,4294967295,0.0,0.0,0.0,0.0,0.0,0.0,0.0,0.0,0.0,0.0,0.0,0.0,0.0,0.0,0.0,0.0,0.0
249,0,0,3400,0.0,0.0,0.0,0.0,0.0,0.0,0.0,0.0,0.0,0.0,0.0,0.0,0.0,0.0,0.0,0.0,0.0
498,0,0,3400,0.0,0.0,0.0,0.0,0.0,0.0,0.0,0.0,0.0,0.0,0.0,0.0,0.0,0.0,0.0,0.0,0.0
747,0,1,3400,-54,54,-423,0.54,18,0.14,583,0,0.0,0.0,0.0,0.0,0.0,0.0,0.0,0.0,0.0
996,0,1,3400,-54,54,-399,2.7,19,0.41,2326.693115,0,0.0,0.0,33,446,0,0.0,0.0,0.0,1.0
1245,0,1,3400,-54,54,-397,3.5,19,0.50,0.0,0.0,1.0,0.0,33,0.0,0.0,0.0,0.0,0.0,1.0
1494,0,1,3400,-54,54,-395,2.7,19,0.50,5386.454102,0,1.0,8.8,25,94119.523438,0,0.0,0.0,0.0,1.0
1743,0,1,3400,-54,54,-395,4.8,19,0.50,5896.414551,0,2.1,12,2.0,38501.992188,0,0.0,0.0,0.0,1.0
1992,0,1,3400,-54,54,-395,5.0,19,0.50,0.0,0.0,2.1,9.6,0.0,18007.968750,0,0.0,0.0,0.0,1.0
2241,0,1,3400,-54,54,-396,5.0,19,0.50,0.0,0.0,2.1,9.0,0.0,0.0,0.0,0.0,0.0,0.0,1.0
2490,0,1,3400,-54,54,-398,5.0,19,0.50,0.0,0.0,2.1,9.0,0.0,0.0,0.0,0.0,0.0,0.0,1.0
2739,0,1,3400,-54,54,-401,5.0,19,0.50,0.0,0.0,2.1,9.0,0.0,0.0,0.0,0.0,0.0,0.0,1.0
2988,0,1,3400,-54,54,-400,5.0,19,0.50,0.0,0.0,2.1,9.0,0.0,0.0,0.0,0.0,0.0,0.0,1.0
3237,0,1,3400,-54,54,-394,5.0,19,0.50,0.0,0.0,2.1,9.0,0.0,0.0,0.0,0.0,0.0,0.0,1.0
3486,0,1,3400,-54,54,-397,5.0,19,0.50,0.0,0.0,2.1,9.0,0.0,0.0,0.0,0.0,0.0,0.0,1.0
3735,0,1,3400,-54,54,-401,5.0,19,0.50,0.0,0.0,2.1,9.0,0.0,0.0,0.0,0.0,0.0,0.0,1.0
3984,0,1,3400,-54,54,-399,5.0,19,0.50,0.0,0.0,2.1,9.0,0.0,0.0,0.0,0.0,0.0,0.0,1.0
4233,0,1,3400,-54,54,-402,5.0,19,0.50,0.0,0.0,2.1,9.0,0.0,0.0,0.0,0.0,0.0,0.0,1.0
4482,0,1,3400,-54,54,-397,5.0,19,0.50,0.0,0.0,2.1,9.0,0.0,0.0,0.0,0.0,0.0,0.0,1.0
4731,0,1,3400,-54,54,-393,5.0,19,0.50,0.0,0.0,2.1,9.0,0.0,0.0,0.0,0.0,0.0,0.0,1.0
4980,0,1,3400,-54,54,-395,5.0,19,0.50,0.0,0.0,2.1,9.0,0.0,0.0,0.0,0.0,0.0,0.0,1.0
5229,0,1,3400,-54,54,-401,5.0,19,0.50,0.0,0.0,2.1,9.0,0.0,0.0,0.0,0.0,0.0,0.0,1.0
5478,0,1,3400,-54,54,-405,5.0,19,0.50,0.0,0.0,2.1,9.0,0.0,0.0,0.0,0.0,0.0,0.0,1.0
5727,0,1,3400,-54,54,-403,5.0,19,0.50,0.0,0.0,2.1,9.0,0.0,0.0,0.0,0.0,0.0,0.0,1.0
5976,0,1,3400,-54,54,-401,5.0,19,0.50,0.0,0.0,2.1,9.0,0.0,0.0,0.0,0.0,0.0,0.0,1.0
6225,0,1,3400,-54,54,-398,5.0,19,0.50,0.0,0.0,2.1,9.0,0.0,0.0,0.0,0.0,0.0,0.0,1.0
6474,0,1,3400,-54,54,-398,5.0,19,0.50,0.0,0.0,2.1,9.0,0.0,0.0,0.0,0.0,0.0,0.0,1.0
6723,0,1,3400,-54,54,-399,5.0,19,0.50,0.0,0.0,2.1,9.0,0.0,0.0,0.0,0.0,0.0,0.0,1.0
6972,0,1,3400,-54,54,-406,5.0,19,0.50,0.0,0.0,2.1,9.0,0.0,0.0,0.0,0.0,0.0,0.0,1.0
7221,0,1,3400,-54,54,-404,5.0,19,0.50,0.0,0.0,2.1,9.0,0.0,0.0,0.0,0.0,0.0,0.0,1.0
7470,0,1,3400,-54,54,-401,5.0,19,0.50,0.0,0.0,2.1,9.0,0.0,0.0,0.0,0.0,0.0,0.0,1.0
7719,0,1,3400,-54,54,-400,5.0,19,0.50,0.0,0.0,2.1,9.0,0.0,0.0,0.0,0.0,0.0,0.0,1.0
7968,0,1,3400,-54,54,-402,5.0,19,0.50,0.0,0.0,2.1,9.0,0.0,0.0,0.0,0.0,0.0,0.0,1.0
8217,0,1,3400,-54,54,-406,5.0,19,0.50,0.0,0.0,2.1,9.0,0.0,0.0,0.0,0.0,0.0,0.0,1.0
8466,0,1,3400,-54,54,-404,5.0,19,0.50,0.0,0.0,2.1,9.0,0.0,0.0,0.0,0.0,0.0,0.0,1.0
8715,0,1,3400,-54,54,-403,5.0,19,0.50,0.0,0.0,2.1,9.0,0.0,0.0,0.0,0.0,0.0,0.0,1.0
8964,0,1,3400,-54,54,-405,5.0,19,0.50,0.0,0.0,2.1,9.0,0.0,0.0,0.0,0.0,0.0,0.0,1.0
9213,0,1,3400,-54,54,-400,5.0,19,0.50,0.0,0.0,2.1,9.0,0.0,0.0,0.0,0.0,0.0,0.0,1.0
9462,0,1,3400,-54,54,-401,5.0,19,0.50,0.0,0.0,2.1,9.0,0.0,0.0,0.0,0.0,0.0,0.0,1.0
9711,0,1,3400,-54,54,-402,5.0,19,0.50,0.0,0.0,2.1,8.9,0.0,0.0,0.0,0.0,0.0,0.0,1.0
9960,0,1,3400,-54,54,-396,5.0,19,0.50,0.0,0.0,2.1,9.0,0.0,0.0,0.0,0.0,0.0,0.0,1.0
10209,0,1,3400,-54,54,-394,5.0,19,0.50,0.0,0.0,2.1,9.0,0.0,0.0,0.0,0.0,0.0,0.0,1.0
10458,0,1,3400,-54,54,-402,5.0,19,0.49,0.0,0.0,2.1,8.8,0.0,0.0,0.0,0.0,1.0,19,1.0
10707,0,1,3400,-54,54,-403,5.0,19,0.50,0.0,0.0,2.1,9.0,0.0,0.0,0.0,0.0,0.0,0.0,1.0
10956,0,1,3400,-54,54,-402,5.0,19,0.50,0.0,0.0,2.1,9.0,0.0,0.0,0.0,0.0,0.0,0.0,1.0
11205,0,1,3400,-54,54,-404,5.0,19,0.50,0.0,0.0,2.1,9.0,0.0,0.0,0.0,0.0,0.0,0.0,1.0
11454,0,1,3400,-54,54,-398,5.0,19,0.50,0.0,0.0,2.1,9.0,0.0,0.0,0.0,0.0,0.0,0.0,1.0
11703,0,1,3400,-54,54,-400,5.0,19,0.50,0.0,0.0,2.1,9.0,0.0,0.0,0.0,0.0,0.0,0.0,1.0
11952,0,1,3400,-54,54,-404,5.0,19,0.50,0.0,0.0,2.1,9.0,0.0,0.0,0.0,0.0,0.0,0.0,1.0
12201,0,1,3400,-54,54,-400,5.0,19,0.50,0.0,0.0,2.1,9.0,0.0,0.0,0.0,0.0,0.0,0.0,1.0
12450,0,1,3400,-54,54,-398,5.0,19,0.50,0.0,0.0,2.1,9.0,0.0,0.0,0.0,0.0,0.0,0.0,1.0
12699,0,1,3400,-54,54,-399,5.0,19,0.50,0.0,0.0,2.1,9.0,0.0,0.0,0.0,0.0,0.0,0.0,1.0
12948,0,1,3400,-54,54,-402,5.0,19,0.50,0.0,0.0,2.1,9.0,0.0,0.0,0.0,0.0,0.0,0.0,1.0
13197,0,1,3400,-54,54,-404,5.0,19,0.50,0.0,0.0,2.1,9.0,0.0,0.0,0.0,0.0,0.0,0.0,1.0
13446,0,1,3400,-54,54,-400,5.0,19,0.50,0.0,0.0,2.1,9.0,0.0,0.0,0.0,0.0,0.0,0.0,1.0
13695,0,1,3400,-54,54,-396,5.0,19,0.50,0.0,0.0,2.1,9.0,0.0,0.0,0.0,0.0,0.0,0.0,1.0
13944,0,1,3400,-54,54,-398,5.0,19,0.50,0.0,0.0,2.1,9.0,0.0,0.0,0.0,0.0,0.0,0.0,1.0
14193,0,1,3400,-54,54,-405,5.0,19,0.50,0.0,0.0,2.1,9.0,0.0,0.0,0.0,0.0,0.0,0.0,1.0
14442,0,1,3400,-54,54,-411,5.0,18,0.50,0.0,0.0,2.1,9.0,0.0,0.0,0.0,0.0,0.0,0.0,1.0
14691,0,1,3400,-54,54,-403,5.0,19,0.50,0.0,0.0,2.1,9.0,0.0,0.0,0.0,0.0,0.0,0.0,1.0
14940,0,1,3400,-54,54,-404,5.0,19,0.50,0.0,0.0,2.1,9.0,0.0,0.0,0.0,0.0,0.0,0.0,1.0
15189,0,1,3400,-54,54,-404,5.0,19,0.50,0.0,0.0,2.1,9.0,0.0,0.0,0.0,0.0,0.0,0.0,1.0
15438,0,1,3400,-54,54,-399,5.0,19,0.50,0.0,0.0,2.1,9.0,0.0,0.0,0.0,0.0,0.0,0.0,1.0
15687,0,1,3400,-54,54,-401,5.0,19,0.50,0.0,0.0,2.1,9.0,0.0,0.0,0.0,0.0,0.0,0.0,1.0
15936,0,1,3400,-54,54,-403,5.0,19,0.50,0.0,0.0,2.1,9.0,0.0,0.0,0.0,0.0,0.0,0.0,1.0
16185,0,1,3400,-54,54,-403,5.0,19,0.50,0.0,0.0,2.1,9.0,0.0,0.0,0.0,0.0,0.0,0.0,1.0
16434,0,1,3400,-54,54,-403,5.0,19,0.50,0.0,0.0,2.1,9.0,0.0,0.0,0.0,0.0,0.0,0.0,1.0
16683,0,1,3400,-54,54,-406,5.0,19,0.50,0.0,0.0,2.1,9.0,0.0,0.0,0.0,0.0,0.0,0.0,1.0
16932,0,1,3400,-54,54,-407,5.0,19,0.50,0.0,0.0,2.1,9.0,0.0,0.0,0.0,0.0,0.0,0.0,1.0
17181,0,1,3400,-54,54,-400,5.0,18,0.50,0.0,0.0,2.1,9.0,0.0,0.0,0.0,0.0,0.0,0.0,1.0
17430,0,1,3400,-54,54,-399,5.0,19,0.50,0.0,0.0,2.1,8.9,0.0,0.0,0.0,0.0,0.0,0.0,1.0
17679,0,1,3400,-54,54,-398,5.0,19,0.50,0.0,0.0,2.1,9.0,0.0,0.0,0.0,0.0,0.0,0.0,1.0
17928,0,1,3400,-54,54,-403,5.0,19,0.50,0.0,0.0,2.1,9.0,0.0,0.0,0.0,0.0,0.0,0.0,1.0
18177,0,1,3400,-54,54,-401,5.0,19,0.50,0.0,0.0,2.1,9.0,0.0,0.0,0.0,0.0,0.0,0.0,1.0
18426,0,1,3400,-54,54,-405,5.0,19,0.50,0.0,0.0,2.1,9.0,0.0,0.0,0.0,0.0,0.0,0.0,1.0
18675,0,1,3400,-54,54,-403,5.0,19,0.50,0.0,0.0,2.1,9.0,0.0,0.0,0.0,0.0,0.0,0.0,1.0
18924,0,1,3400,-54,54,-402,5.0,19,0.50,0.0,0.0,2.1,9.0,0.0,0.0,0.0,0.0,0.0,0.0,1.0
19173,0,1,3400,-54,54,-399,5.0,19,0.50,0.0,0.0,2.1,9.0,0.0,0.0,0.0,0.0,0.0,0.0,1.0
19422,0,1,3400,-54,54,-397,5.0,19,0.50,0.0,0.0,2.1,9.0,0.0,0.0,0.0,0.0,0.0,0.0,1.0
19671,0,1,3400,-54,54,-397,5.0,19,0.50,0.0,0.0,2.1,9.0,0.0,0.0,0.0,0.0,0.0,0.0,1.0
19920,0,1,3400,-54,54,-407,5.0,19,0.50,0.0,0.0,2.1,9.0,0.0,0.0,0.0,0.0,0.0,0.0,1.0
20169,0,1,3400,-54,54,-403,5.0,19,0.50,0.0,0.0,2.1,9.0,0.0,0.0,0.0,0.0,0.0,0.0,1.0
20418,0,1,3400,-54,54,-405,5.0,19,0.50,0.0,0.0,2.1,9.0,0.0,0.0,0.0,0.0,0.0,0.0,1.0
20667,0,1,3400,-54,54,-401,5.0,19,0.50,0.0,0.0,2.1,9.0,0.0,0.0,0.0,0.0,0.0,0.0,1.0
20916,0,1,3400,-54,54,-399,5.0,19,0.50,0.0,0.0,2.1,9.0,0.0,0.0,0.0,0.0,0.0,0.0,1.0
21165,0,1,3400,-54,54,-402,5.0,19,0.50,0.0,0.0,2.1,9.0,0.0,0.0,0.0,0.0,0.0,0.0,1.0
21414,0,1,3400,-54,54,-402,5.0,19,0.50,0.0,0.0,2.1,9.0,0.0,0.0,0.0,0.0,0.0,0.0,1.0
21663,0,1,3400,-54,54,-403,5.0,19,0.50,0.0,0.0,2.1,9.0,0.0,0.0,0.0,0.0,0.0,0.0,1.0
21912,0,1,3400,-54,54,-406,5.0,19,0.50,0.0,0.0,2.1,9.0,0.0,0.0,0.0,0.0,0.0,0.0,1.0
22161,0,1,3400,-54,54,-408,5.0,19,0.50,0.0,0.0,2.1,9.0,0.0,0.0,0.0,0.0,0.0,0.0,1.0
22410,0,1,3400,-54,54,-406,5.0,19,0.50,0.0,0.0,2.1,9.0,0.0,0.0,0.0,0.0,0.0,0.0,1.0
22659,0,1,3400,-54,54,-406,5.0,19,0.50,0.0,0.0,2.1,9.0,0.0,0.0,0.0,0.0,0.0,0.0,1.0
22908,0,1,3400,-54,54,-402,5.0,19,0.50,0.0,0.0,2.1,9.0,0.0,0.0,0.0,0.0,0.0,0.0,1.0
23157,0,1,3400,-54,54,-407,5.0,19,0.50,0.0,0.0,2.1,9.0,0.0,0.0,0.0,0.0,0.0,0.0,1.0
23406,0,1,3400,-54,54,-406,5.0,19,0.50,0.0,0.0,2.1,9.0,0.0,0.0,0.0,0.0,0.0,0.0,1.0
23655,0,1,3400,-54,54,-400,5.0,19,0.50,0.0,0.0,2.1,9.0,0.0,0.0,0.0,0.0,0.0,0.0,1.0
23904,0,1,3400,-54,54,-400,5.0,19,0.50,0.0,0.0,2.1,9.0,0.0,0.0,0.0,0.0,0.0,0.0,1.0
24153,0,1,3400,-54,54,-405,5.0,19,0.50,0.0,0.0,2.1,9.0,0.0,0.0,0.0,0.0,0.0,0.0,1.0
24402,0,1,3400,-54,54,-406,5.0,19,0.50,0.0,0.0,2.1,9.0,0.0,0.0,0.0,0.0,0.0,0.0,1.0
24651,0,1,3400,-54,54,-399,5.0,19,0.50,0.0,0.0,2.1,9.0,0.0,0.0,0.0,0.0,0.0,0.0,1.0
24900,0,1,3400,-54,54,-400,5.0,19,0.50,0.0,0.0,2.1,9.0,0.0,0.0,0.0,0.0,0.0,0.0,1.0
25149,0,1,3400,-54,54,-400,5.0,19,0.50,0.0,0.0,2.1,9.0,0.0,0.0,0.0,0.0,0.0,0.0,1.0
25398,0,1,3400,-54,54,-401,5.0,19,0.50,0.0,0.0,2.1,9.0,0.0,0.0,0.0,0.0,0.0,0.0,1.0
25647,0,1,3400,-54,54,-402,5.0,18,0.50,0.0,0.0,2.1,9.0,0.0,0.0,0.0,0.0,0.0,0.0,1.0
25896,0,1,3400,-54,54,-402,5.0,19,0.50,0.0,0.0,2.1,9.0,0.0,0.0,0.0,0.0,0.0,0.0,1.0
26145,0,1,3400,-54,54,-405,5.0,18,0.50,0.0,0.0,2.1,9.0,0.0,0.0,0.0,0.0,0.0,0.0,1.0
26394,0,1,3400,-54,54,-407,5.0,19,0.50,0.0,0.0,2.1,9.0,0.0,0.0,0.0,0.0,0.0,0.0,1.0
26643,0,1,3400,-54,54,-410,5.0,19,0.50,0.0,0.0,2.1,9.0,0.0,0.0,0.0,0.0,0.0,0.0,1.0
26892,0,1,3400,-54,54,-406,5.0,19,0.50,0.0,0.0,2.1,9.0,0.0,0.0,0.0,0.0,0.0,0.0,1.0
27141,0,1,3400,-54,54,-398,5.0,19,0.50,0.0,0.0,2.1,9.0,0.0,0.0,0.0,0.0,0.0,0.0,1.0
27390,0,1,3400,-54,54,-399,5.0,19,0.50,0.0,0.0,2.1,9.0,0.0,0.0,0.0,0.0,0.0,0.0,1.0
27639,0,1,3400,-54,54,-405,5.0,19,0.50,0.0,0.0,2.1,9.0,0.0,0.0,0.0,0.0,0.0,0.0,1.0
27888,0,1,3400,-54,54,-410,5.0,19,0.50,0.0,0.0,2.1,9.0,0.0,0.0,0.0,0.0,0.0,0.0,1.0
28137,0,1,3400,-54,54,-404,5.0,19,0.50,0.0,0.0,2.1,9.0,0.0,0.0,0.0,0.0,0.0,0.0,1.0
28386,0,1,3400,-54,54,-404,5.0,19,0.50,0.0,0.0,2.1,9.0,0.0,0.0,0.0,0.0,0.0,0.0,1.0
28635,0,1,3400,-54,54,-407,5.0,19,0.50,0.0,0.0,2.1,9.0,0.0,0.0,0.0,0.0,0.0,0.0,1.0
28884,0,1,3400,-54,54,-411,5.0,19,0.50,0.0,0.0,2.1,9.0,0.0,0.0,0.0,0.0,0.0,0.0,1.0
29133,0,1,3400,-54,54,-410,5.0,19,0.50,0.0,0.0,2.1,9.0,0.0,0.0,0.0,0.0,0.0,0.0,1.0
29382,0,1,3400,-54,54,-406,5.0,19,0.50,0.0,0.0,2.1,9.0,0.0,0.0,0.0,0.0,0.0,0.0,1.0
29631,0,1,3400,-54,54,-405,5.0,19,0.50,0.0,0.0,2.1,9.0,0.0,0.0,0.0,0.0,0.0,0.0,1.0
29880,0,1,3400,-54,54,-402,5.0,19,0.50,0.0,0.0,2.1,9.0,0.0,0.0,0.0,0.0,0.0,0.0,1.0
30129,0,1,3400,-54,54,-405,5.0,19,0.50,0.0,0.0,2.1,9.0,0.0,0.0,0.0,0.0,0.0,0.0,1.0
30378,0,1,3400,-54,54,-407,5.0,19,0.50,0.0,0.0,2.1,9.0,0.0,0.0,0.0,0.0,0.0,0.0,1.0
30627,0,1,3400,-54,54,-404,5.0,19,0.50,0.0,0.0,2.1,9.0,0.0,0.0,0.0,0.0,0.0,0.0,1.0
30876,0,1,3400,-54,54,-403,5.0,19,0.50,0.0,0.0,2.1,9.0,0.0,0.0,0.0,0.0,0.0,0.0,1.0
31125,0,1,3400,-54,54,-403,5.0,19,0.50,0.0,0.0,2.1,9.0,0.0,0.0,0.0,0.0,0.0,0.0,1.0
31374,0,1,3400,-54,54,-407,5.0,19,0.50,0.0,0.0,2.1,9.0,0.0,0.0,0.0,0.0,0.0,0.0,1.0
31623,0,1,3400,-54,54,-411,5.0,19,0.50,0.0,0.0,2.1,9.0,0.0,0.0,0.0,0.0,0.0,0.0,1.0
31872,0,1,3400,-54,54,-412,5.0,19,0.50,0.0,0.0,2.1,9.0,0.0,0.0,0.0,0.0,0.0,0.0,1.0
32121,0,1,3400,-54,54,-408,5.0,19,0.50,0.0,0.0,2.1,9.0,0.0,0.0,0.0,0.0,0.0,0.0,1.0
32370,0,1,3400,-54,54,-409,5.0,19,0.50,0.0,0.0,2.1,9.0,0.0,0.0,0.0,0.0,0.0,0.0,1.0
32619,0,1,3400,-54,54,-407,5.0,19,0.50,0.0,0.0,2.1,9.0,0.0,0.0,0.0,0.0,0.0,0.0,1.0
32868,0,1,3400,-54,54,-406,5.0,19,0.50,0.0,0.0,2.1,9.0,0.0,0.0,0.0,0.0,0.0,0.0,1.0
33117,0,1,3400,-54,54,-406,5.0,19,0.50,0.0,0.0,2.1,9.0,0.0,0.0,0.0,0.0,0.0,0.0,1.0
33366,0,1,3400,-54,54,-408,5.0,19,0.50,0.0,0.0,2.1,9.0,0.0,0.0,0.0,0.0,0.0,0.0,1.0
33615,0,1,3400,-54,54,-403,5.0,19,0.50,0.0,0.0,2.1,9.0,0.0,0.0,0.0,0.0,0.0,0.0,1.0
33864,0,1,3400,-54,54,-408,5.0,19,0.50,0.0,0.0,2.1,8.9,0.0,0.0,0.0,0.0,0.0,0.0,1.0
34113,0,1,3400,-54,54,-407,5.0,19,0.50,0.0,0.0,2.1,9.0,0.0,0.0,0.0,0.0,0.0,0.0,1.0
34362,0,1,3400,-54,54,-405,5.0,19,0.50,0.0,0.0,2.1,9.0,0.0,0.0,0.0,0.0,0.0,0.0,1.0
34611,0,1,3400,-54,54,-402,5.0,19,0.50,0.0,0.0,2.1,9.0,0.0,0.0,0.0,0.0,0.0,0.0,1.0
34860,0,1,3400,-54,54,-409,5.0,19,0.50,0.0,0.0,2.1,9.0,0.0,0.0,0.0,0.0,0.0,0.0,1.0
35109,0,1,3400,-54,54,-405,5.0,19,0.50,0.0,0.0,2.1,9.0,0.0,0.0,0.0,0.0,0.0,0.0,1.0
35358,0,1,3400,-54,54,-406,5.0,19,0.50,0.0,0.0,2.1,9.0,0.0,0.0,0.0,0.0,0.0,0.0,1.0
35607,0,1,3400,-54,54,-405,5.0,19,0.50,0.0,0.0,2.1,9.0,0.0,0.0,0.0,0.0,0.0,0.0,1.0
35856,0,1,3400,-54,54,-406,5.0,19,0.50,0.0,0.0,2.1,9.0,0.0,0.0,0.0,0.0,0.0,0.0,1.0
36105,0,1,3400,-54,54,-404,5.0,19,0.50,0.0,0.0,2.1,9.0,0.0,0.0,0.0,0.0,0.0,0.0,1.0
36354,0,1,3400,-54,54,-404,5.0,19,0.50,0.0,0.0,2.1,9.0,0.0,0.0,0.0,0.0,0.0,0.0,1.0
36603,0,1,3400,-54,54,-405,5.0,19,0.50,0.0,0.0,2.1,9.0,0.0,0.0,0.0,0.0,0.0,0.0,1.0
36852,0,1,3400,-54,54,-408,5.0,19,0.50,0.0,0.0,2.1,9.0,0.0,0.0,0.0,0.0,0.0,0.0,1.0
37101,0,1,3400,-54,54,-402,5.0,19,0.50,0.0,0.0,2.1,9.0,0.0,0.0,0.0,0.0,0.0,0.0,1.0
37350,0,1,3400,-54,54,-404,5.0,19,0.50,0.0,0.0,2.1,9.0,0.0,0.0,0.0,0.0,0.0,0.0,1.0
37599,0,1,3400,-54,54,-406,5.0,19,0.50,0.0,0.0,2.1,9.0,0.0,0.0,0.0,0.0,0.0,0.0,1.0
37848,0,1,3400,-54,54,-402,5.0,19,0.50,0.0,0.0,2.1,9.0,0.0,0.0,0.0,0.0,0.0,0.0,1.0
38097,0,1,3400,-54,54,-404,5.0,19,0.50,0.0,0.0,2.1,9.0,0.0,0.0,0.0,0.0,0.0,0.0,1.0
38346,0,1,3400,-54,54,-404,5.0,19,0.50,0.0,0.0,2.1,9.0,0.0,0.0,0.0,0.0,0.0,0.0,1.0
38595,0,1,3400,-54,54,-402,5.0,19,0.50,0.0,0.0,2.1,9.0,0.0,0.0,0.0,0.0,0.0,0.0,1.0
38844,0,1,3400,-54,54,-406,5.0,19,0.50,0.0,0.0,2.1,9.0,0.0,0.0,0.0,0.0,0.0,0.0,1.0
39093,0,1,3400,-54,54,-411,5.0,19,0.50,0.0,0.0,2.1,9.0,0.0,0.0,0.0,0.0,0.0,0.0,1.0
39342,0,1,3400,-54,54,-408,5.0,19,0.50,0.0,0.0,2.1,9.0,0.0,0.0,0.0,0.0,0.0,0.0,1.0
39591,0,1,3400,-54,54,-407,5.0,19,0.50,0.0,0.0,2.1,9.0,0.0,0.0,0.0,0.0,0.0,0.0,1.0
39840,0,1,3400,-54,54,-405,5.0,19,0.50,0.0,0.0,2.1,9.0,0.0,0.0,0.0,0.0,0.0,0.0,1.0
40089,0,1,3400,-54,54,-405,5.0,19,0.50,0.0,0.0,2.1,9.0,0.0,0.0,0.0,0.0,0.0,0.0,1.0
40338,0,1,3400,-54,54,-410,5.0,19,0.50,0.0,0.0,2.1,9.0,0.0,0.0,0.0,0.0,0.0,0.0,1.0
40587,0,1,3400,-54,54,-410,5.0,19,0.50,0.0,0.0,2.1,9.0,0.0,0.0,0.0,0.0,0.0,0.0,1.0
40836,0,1,3400,-54,54,-407,5.0,19,0.50,0.0,0.0,2.1,9.0,0.0,0.0,0.0,0.0,0.0,0.0,1.0
41085,0,1,3400,-54,54,-404,5.0,19,0.50,0.0,0.0,2.1,9.0,0.0,0.0,0.0,0.0,0.0,0.0,1.0
41334,0,1,3400,-54,54,-407,5.0,19,0.50,0.0,0.0,2.1,9.0,0.0,0.0,0.0,0.0,0.0,0.0,1.0
41583,0,1,3400,-54,54,-406,5.0,19,0.50,0.0,0.0,2.1,9.0,0.0,0.0,0.0,0.0,0.0,0.0,1.0
41832,0,1,3400,-54,54,-411,5.0,19,0.50,0.0,0.0,2.1,9.0,0.0,0.0,0.0,0.0,0.0,0.0,1.0
42081,0,1,3400,-54,54,-407,5.0,19,0.50,0.0,0.0,2.1,9.0,0.0,0.0,0.0,0.0,0.0,0.0,1.0
42330,0,1,3400,-54,54,-408,5.0,19,0.50,0.0,0.0,2.1,9.0,0.0,0.0,0.0,0.0,0.0,0.0,1.0
42579,0,1,3400,-54,54,-409,5.0,19,0.50,0.0,0.0,2.1,9.0,0.0,0.0,0.0,0.0,0.0,0.0,1.0
42828,0,1,3400,-54,54,-409,5.0,19,0.50,0.0,0.0,2.1,9.0,0.0,0.0,0.0,0.0,0.0,0.0,1.0
43077,0,1,3400,-54,54,-407,5.0,19,0.50,0.0,0.0,2.1,9.0,0.0,0.0,0.0,0.0,0.0,0.0,1.0
43326,0,1,3400,-54,54,-406,5.0,19,0.50,0.0,0.0,2.1,9.0,0.0,0.0,0.0,0.0,0.0,0.0,1.0
43575,0,1,3400,-54,54,-408,5.0,19,0.50,0.0,0.0,2.1,9.0,0.0,0.0,0.0,0.0,0.0,0.0,1.0
43824,0,1,3400,-54,54,-411,5.0,19,0.50,0.0,0.0,2.1,9.0,0.0,0.0,0.0,0.0,0.0,0.0,1.0
44073,0,1,3400,-54,54,-409,5.0,19,0.50,0.0,0.0,2.1,9.0,0.0,0.0,0.0,0.0,0.0,0.0,1.0
44322,0,1,3400,-54,54,-409,5.0,19,0.50,0.0,0.0,2.1,9.0,0.0,0.0,0.0,0.0,0.0,0.0,1.0
44571,0,1,3400,-54,54,-409,5.0,19,0.50,0.0,0.0,2.1,9.0,0.0,0.0,0.0,0.0,0.0,0.0,1.0
44820,0,1,3400,-54,54,-415,5.0,19,0.50,0.0,0.0,2.1,9.0,0.0,0.0,0.0,0.0,0.0,0.0,1.0
45069,0,1,3400,-54,54,-411,5.0,19,0.50,0.0,0.0,2.1,9.0,0.0,0.0,0.0,0.0,0.0,0.0,1.0
45318,0,1,3400,-54,54,-410,5.0,19,0.50,0.0,0.0,2.1,9.0,0.0,0.0,0.0,0.0,0.0,0.0,1.0
45567,0,1,3400,-54,54,-414,5.0,19,0.50,0.0,0.0,2.1,9.0,0.0,0.0,0.0,0.0,0.0,0.0,1.0
45816,0,1,3400,-54,54,-410,5.0,19,0.50,0.0,0.0,2.1,9.0,0.0,0.0,0.0,0.0,0.0,0.0,1.0
46065,0,1,3400,-54,54,-411,5.0,19,0.50,0.0,0.0,2.1,9.0,0.0,0.0,0.0,0.0,0.0,0.0,1.0
46314,0,1,3400,-54,54,-408,5.0,19,0.50,0.0,0.0,2.1,9.0,0.0,0.0,0.0,0.0,0.0,0.0,1.0
46563,0,1,3400,-54,54,-406,5.0,19,0.50,0.0,0.0,2.1,9.0,0.0,0.0,0.0,0.0,0.0,0.0,1.0
46812,0,1,3400,-54,54,-409,5.0,19,0.50,0.0,0.0,2.1,9.0,0.0,0.0,0.0,0.0,0.0,0.0,1.0
47061,0,1,3400,-54,54,-409,5.0,18,0.50,0.0,0.0,2.1,9.0,0.0,0.0,0.0,0.0,0.0,0.0,1.0
47310,0,1,3400,-54,54,-412,5.0,19,0.50,0.0,0.0,2.1,9.0,0.0,0.0,0.0,0.0,0.0,0.0,1.0
47559,0,1,3400,-54,54,-405,5.0,19,0.50,0.0,0.0,2.1,9.0,0.0,0.0,0.0,0.0,0.0,0.0,1.0
47808,0,1,3400,-54,54,-408,5.0,19,0.50,0.0,0.0,2.1,9.0,0.0,0.0,0.0,0.0,0.0,0.0,1.0
48057,0,1,3400,-54,54,-408,5.0,19,0.50,0.0,0.0,2.1,9.0,0.0,0.0,0.0,0.0,0.0,0.0,1.0
48306,0,1,3400,-54,54,-409,5.0,19,0.50,0.0,0.0,2.1,9.0,0.0,0.0,0.0,0.0,0.0,0.0,1.0
48555,0,1,3400,-54,54,-407,11,18,0.50,2257015.750000,0,2.1,9.5,0.0,319047.625000,44,0.0,0.0,0.0,1.0
48804,0,1,3400,-54,54,-408,14,18,0.50,2867410.250000,0,2.1,8.0,0.0,0.0,0.0,0.0,0.0,0.0,1.0
49053,0,1,3400,-54,54,-406,15,18,0.53,2972972.000000,0.9,2.1,8.0,0.0,5513.944336,0,0.0,0.0,0.0,1.0
49302,0,1,3400,-54,54,-409,15,18,0.51,3105211.250000,0,2.1,8.0,0.0,0.0,0.0,0.0,0.0,0.0,1.0
49551,0,1,3400,-54,54,-409,14,17,0.50,2876158.750000,0,2.1,5.4,0.0,18063.492188,22,0.0,0.0,0.0,1.0
49800,0,1,3400,-54,54,-411,15,18,0.50,3130008.000000,0,2.1,0.0,0.0,0.0,0.0,0.0,0.0,0.0,1.0
50049,0,1,3400,-54,54,-412,15,17,0.50,3051552.000000,0,2.1,0.0,0.0,0.0,0.0,0.0,0.0,0.0,1.0
50298,0,1,3400,-54,54,-415,14,17,0.50,2871075.750000,0,2.1,0.0,0.0,0.0,0.0,0.0,0.0,0.0,1.0
50547,0,1,3400,-54,54,-414,14,18,0.50,2992573.750000,0,2.1,4.8,55,0.0,80,0.0,0.0,0.0,1.0
50796,0,1,3400,-54,54,-412,14,17,0.50,2862285.750000,0,2.1,6.0,0.0,7619.047852,0,0.0,0.0,0.0,1.0
51045,0,1,3400,-54,54,-409,15,17,0.50,2970317.500000,0,2.1,0.0,0.0,0.0,0.0,0.0,0.0,0.0,1.0
51294,0,1,3400,-54,54,-413,14,18,0.50,2892207.250000,0,2.1,0.064,0.0,0.0,0.0,0.0,0.0,0.0,1.0
51543,0,1,3400,-54,54,-409,15,18,0.50,3123888.500000,0,2.1,3.3,0.0,91601.593750,27,0.0,0.0,0.0,1.0
51792,0,1,3400,-54,54,-418,15,18,0.52,3105211.250000,0.4,2.1,8.0,0.0,0.0,0.0,0.0,0.0,0.0,1.0
52041,0,1,3400,-54,54,-411,18,18,0.62,3614884.500000,4,2.1,8.1,0.0,0.0,0.0,0.0,0.0,0.0,1.0
52290,0,1,3400,-54,54,-412,14,17,0.51,2931264.000000,0,2.1,8.0,0.0,0.0,0.0,0.0,0.0,0.0,1.0
52539,0,1,3400,-54,54,-409,15,18,0.50,3166317.500000,0,2.1,3.0,0.0,35809.523438,0,0.0,0.0,0.0,1.0
52788,0,1,3400,-54,54,-410,15,17,0.50,3081338.750000,0,2.1,0.0,0.0,0.0,0.0,0.0,0.0,0.0,1.0
53037,0,1,3400,-54,54,-413,15,17,0.50,3016666.750000,0,2.1,0.13,0.0,0.0,0.0,0.0,0.0,0.0,1.0
53286,0,1,3400,-54,54,-413,15,18,0.50,3084812.750000,0,2.1,0.064,0.0,0.0,0.0,0.0,0.0,0.0,1.0
53535,0,1,3400,-54,54,-412,14,17,0.50,2932621.500000,0,2.1,3.6,55,0.0,80,0.0,0.0,0.0,1.0
53784,0,1,3400,-54,54,-406,14,17,0.51,2900016.000000,0,2.1,7.5,0.0,0.0,0,0.0,0.0,0.0,1.0
54033,0,1,3400,-54,54,-409,14,17,0.50,2861015.750000,0,2.1,4.5,0.0,11650.793945,29,0.0,0.0,0.0,1.0
54282,0,1,3400,-54,54,-409,15,17,0.50,3048480.000000,0,2.1,4.5,0.0,0.0,0.0,0.0,0.0,0.0,1.0
54531,0,1,3400,-54,54,-406,16,18,0.50,3228666.750000,0,2.1,6.0,0.0,71841.273438,8,0.0,0.0,0.0,1.0
54780,0,1,3400,-54,54,-409,14,18,0.50,2911616.000000,0,2.1,7.6,0.0,0.0,0.0,0.0,0.0,0.0,1.0
55029,0,1,3400,-54,54,-411,14,17,0.52,2890190.500000,0.4,2.1,7.5,0.0,0.0,0.0,0.0,0.0,0.0,1.0
55278,0,1,3400,-54,54,-408,14,17,0.51,2909195.250000,0,2.1,7.6,0.0,0.0,0.0,0.0,0.0,0.0,1.0
55527,0,1,3400,-54,54,-415,15,18,0.50,3154996.000000,0,2.1,7.5,55,0.0,80,0.0,0.0,0.0,1.0
55776,0,1,3400,-54,54,-412,15,17,0.50,2979619.000000,0,2.1,7.4,0.0,12095.238281,14,0.0,0.0,0.0,1.0
56025,0,1,3400,-54,54,-411,14,17,0.50,2886247.000000,0,2.1,7.5,0.0,0.0,0.0,0.0,0.0,0.0,1.0
56274,0,1,3400,-54,54,-415,15,17,0.50,3155665.250000,0,2.1,7.5,0.0,0.0,0.0,0.0,0.0,0.0,1.0
56523,0,1,3400,-54,54,-411,14,17,0.50,2923282.750000,0,2.1,7.5,55,0.0,80,0.0,0.0,0.0,1.0
56772,0,1,3400,-54,54,-419,14,17,0.50,2913152.000000,0,2.1,6.3,0.0,7680.000000,0,0.0,0.0,0.0,1.0
57021,0,1,3400,-54,54,-410,14,17,0.50,2894603.250000,0,2.1,0.0,0.0,0.0,0.0,0.0,0.0,0.0,1.0
57270,0,1,3400,-54,54,-413,14,17,0.50,2865333.250000,0,2.1,0.064,0.0,0.0,0.0,0.0,0.0,0.0,1.0
57519,0,1,3400,-54,54,-410,15,17,0.50,3161083.750000,0,2.1,1.0,0.0,23235.060547,27,0.0,0.0,0.0,1.0
57768,0,1,3400,-54,54,-412,15,18,0.50,3010167.250000,0,2.1,0.0,0.0,0.0,0.0,0.0,0.0,0.0,1.0
58017,0,1,3400,-54,54,-414,15,18,0.50,3062024.000000,0,2.1,0.064,0.0,0.0,0.0,0.0,0.0,0.0,1.0
58266,0,1,3400,-54,54,-409,15,17,0.51,3184892.500000,0,2.1,0.064,0.0,0.0,0.0,0.0,0.0,0.0,1.0
58515,0,1,3400,-54,54,-417,16,18,0.51,3278158.750000,0,2.1,0.0,0.0,35904.761719,15,0.0,0.0,0.0,1.0
58764,0,1,3400,-54,54,-413,14,18,0.50,2995680.000000,0,2.1,0.0,0.0,5536.000000,0,0.0,0.0,0.0,1.0
59013,0,1,3400,-54,54,-415,14,18,0.50,2870629.500000,0,2.1,0.064,0.0,0.0,0.0,0.0,0.0,0.0,1.0
59262,0,1,3400,-54,54,-417,17,18,0.60,3793944.250000,1,2.1,0.0,0.0,0.0,0.0,0.0,0.0,0.0,1.0
59511,0,1,3400,-54,54,-410,15,18,0.50,3115809.500000,0,2.1,0.064,0.0,41396.824219,0,0.0,0.0,0.0,1.0
59760,0,1,3400,-54,54,-413,16,18,0.51,3241179.250000,0,2.1,0.0,0.0,0.0,0.0,0.0,0.0,0.0,1.0
60009,0,1,3400,-54,54,-414,15,17,0.52,2984190.500000,0.4,2.1,0.13,0.0,5492.063477,33,0.0,0.0,0.0,1.0
60258,0,1,3400,-54,54,-413,15,18,0.50,3088541.750000,0,2.1,0.0,0.0,0.0,0.0,0.0,0.0,0.0,1.0
60507,0,1,3400,-54,54,-414,14,17,0.50,2893577.750000,0,2.1,5.3,0.0,100525.898438,20,0.0,0.0,0.0,1.0
60756,0,1,3400,-54,54,-411,15,17,0.51,3092717.250000,0,2.1,14,0.0,0.0,0.0,0.0,0.0,0.0,1.0
61005,0,1,3400,-54,54,-414,14,17,0.50,2896096.000000,0,2.1,14,0.0,0.0,0.0,0.0,0.0,0.0,1.0
61254,0,1,3400,-54,54,-412,15,18,0.50,3019346.500000,0,2.1,14,0.0,0.0,0.0,0.0,0.0,0.0,1.0
61503,0,1,3400,-54,54,-413,14,17,0.50,2885460.250000,0,2.1,9.2,0.0,27174.603516,36,0.0,0.0,0.0,1.0
61752,0,1,3400,-54,54,-410,15,17,0.51,3135523.750000,0,2.1,6.0,0.0,0.0,0.0,0.0,0.0,0.0,1.0
62001,0,1,3400,-54,54,-415,15,17,0.51,3123729.000000,0,2.1,6.0,0.0,0.0,0.0,0.0,0.0,0.0,1.0
62250,0,1,3400,-54,54,-413,15,17,0.50,3166533.750000,0,2.1,6.0,0.0,0.0,0.0,0.0,0.0,0.0,1.0
62499,0,1,3400,-54,54,-412,14,17,0.50,2881338.750000,0,2.1,3.2,0.0,32127.490234,0,0.0,0.0,0.0,1.0
62748,0,1,3400,-54,54,-413,14,17,0.52,2909195.250000,0.4,2.1,0.0,0.0,0.0,0.0,0.0,0.0,0.0,1.0
62997,0,1,3400,-54,54,-412,14,17,0.50,2958603.250000,0,2.1,0.0,0.0,0.0,0.0,0.0,0.0,0.0,1.0
63246,0,1,3400,-54,54,-416,15,17,0.50,3078880.000000,0,2.1,0.0,0.0,0.0,0.0,0.0,1.0,0.0,1.0
63495,0,1,3400,-54,54,-413,14,17,0.50,2881816.750000,0,2.1,0.0,0.0,52589.640625,0,0.0,0.0,0.0,1.0
63744,0,1,3400,-54,54,-416,14,17,0.50,2923282.750000,0,2.1,0.0,0.0,5513.944336,0,0.0,0.0,0.0,1.0
63993,0,1,3400,-54,54,-416,15,17,0.50,3029015.750000,0,2.1,0.0,0.0,0.0,0.0,0.0,0.0,0.0,1.0
64242,0,1,3400,-54,54,-413,16,18,0.50,3267346.500000,0,2.1,0.0,0.0,0.0,0.0,0.0,0.0,0.0,1.0
64491,0,1,3400,-54,54,-413,16,18,0.52,3248793.750000,0.4,2.1,4.2,0.0,44476.191406,17,0.0,0.0,0.0,1.0
64740,0,1,3400,-54,54,-416,14,18,0.50,2901545.750000,0,2.1,7.5,0.0,0.0,0.0,0.0,0.0,0.0,1.0
64989,0,1,3400,-54,54,-410,15,18,0.50,3039553.750000,0,2.1,7.5,0.0,0.0,0.0,0.0,0.0,0.0,1.0
65238,0,1,3400,-54,54,-412,15,17,0.50,3040896.000000,0,2.1,7.5,0.0,0.0,0.0,0.0,0.0,0.0,1.0
65487,0,1,3400,-54,54,-414,15,18,0.51,3051952.250000,0,2.1,7.2,0.0,20494.023438,31,0.0,0.0,0.0,1.0
65736,0,1,3400,-54,54,-415,15,18,0.51,2999298.750000,0.4,2.1,8.0,0.0,0.0,0.0,0.0,0.0,0.0,1.0
65985,0,1,3400,-54,54,-414,14,17,0.50,2852648.250000,0,2.1,8.0,0.0,0.0,0.0,0.0,0.0,0.0,1.0
66234,0,1,3400,-54,54,-417,15,17,0.50,3033625.500000,0,2.1,8.0,0.0,0.0,0.0,0.0,0.0,0.0,1.0
66483,0,1,3400,-54,54,-410,15,18,0.51,3058581.750000,0,2.1,7.4,0.0,26103.585938,31,0.0,0.0,0.0,1.0
66732,0,1,3400,-54,54,-413,15,17,0.51,3115569.750000,0.4,2.1,6.0,0.0,0.0,0.0,0.0,0.0,0.0,1.0
66981,0,1,3400,-54,54,-416,14,17,0.50,2962263.000000,0,2.1,6.0,0.0,0.0,0.0,0.0,0.0,0.0,1.0
67230,0,1,3400,-54,54,-409,15,17,0.51,3176128.000000,0,2.1,5.9,0.0,0.0,0.0,0.0,0.0,0.0,1.0
67479,0,1,3400,-54,54,-416,14,17,0.50,2973682.500000,0,2.1,2.2,0.0,48476.191406,12,0.0,0.0,0.0,1.0
67728,0,1,3400,-54,54,-416,14,17,0.50,2926183.250000,0,2.1,0.0,0.0,0.0,0.0,0.0,0.0,0.0,1.0
67977,0,1,3400,-54,54,-415,16,18,0.50,3277035.750000,0,2.1,0.0,0.0,0.0,0.0,0.0,0.0,0.0,1.0
68226,0,1,3400,-54,54,-413,14,17,0.50,2885460.250000,0,2.1,0.0,0.0,0.0,0.0,0.0,0.0,0.0,1.0
68475,0,1,3400,-54,54,-417,15,17,0.50,3057912.250000,0,2.1,3.3,0.0,118278.882812,24,0.0,0.0,0.0,1.0
68724,0,1,3400,-54,54,-415,14,17,0.50,2866039.750000,0,2.1,8.0,0.0,0.0,0.0,0.0,0.0,0.0,1.0
68973,0,1,3400,-54,54,-412,15,17,0.51,2965904.750000,0,2.1,0.96,0.0,5492.063477,0,0.0,0.0,0.0,1.0
69222,0,1,3400,-54,54,-414,15,17,0.50,2988430.250000,0,2.1,0.0,0.0,0.0,0.0,0.0,0.0,0.0,1.0
69471,0,1,3400,-54,54,-421,15,18,0.50,3056320.000000,0,2.1,4.5,0.0,92832.000000,22,0.0,0.0,0.0,1.0
69720,0,1,3400,-54,54,-415,14,17,0.50,2878438.250000,0,2.1,8.0,0.0,0.0,0.0,0.0,0.0,0.0,1.0
69969,0,1,3400,-54,54,-418,15,17,0.50,3036494.000000,0,2.1,4.8,0.0,5513.944336,0,0.0,0.0,0.0,1.0
70218,0,1,3400,-54,54,-418,14,17,0.50,3024762.000000,0,2.1,0.0,0.0,0.0,0.0,0.0,0.0,0.0,1.0
70467,0,1,3400,-54,54,-412,15,17,0.50,3041047.500000,0,2.1,0.0,0.0,41396.824219,0,0.0,0.0,0.0,1.0
70716,0,1,3400,-54,54,-416,14,17,0.51,2878119.500000,0,2.1,0.0,0.0,0.0,0.0,0.0,0.0,0.0,1.0
70965,0,1,3400,-54,54,-418,14,17,0.50,3040382.500000,0,2.1,0.0,0.0,0.0,0.0,0.0,0.0,0.0,1.0
71214,0,1,3400,-54,54,-417,15,18,0.50,3178071.750000,0,2.1,0.0,0.0,0.0,0.0,0.0,0.0,0.0,1.0
71463,0,1,3400,-54,54,-414,15,18,0.50,3154624.000000,0,2.1,0.0,0.0,41472.000000,0,0.0,0.0,0.0,1.0
71712,0,1,3400,-54,54,-415,14,17,0.52,2940476.250000,0.4,2.1,0.0,0.0,0.0,0.0,0.0,0.0,0.0,1.0
71961,0,1,3400,-54,54,-415,14,18,0.50,2968701.250000,0,2.1,0.0,0.0,0.0,0.0,0.0,0.0,0.0,1.0
72210,0,1,3400,-54,54,-413,15,17,0.52,3013227.000000,0,2.1,0.0,0.0,0.0,0.0,0.0,0.0,0.0,1.0
72459,0,1,3400,-54,54,-417,15,18,0.51,3034804.750000,0,2.1,4.5,0.0,92749.007812,25,0.0,0.0,0.0,1.0
72708,0,1,3400,-54,54,-417,14,17,0.50,2859238.000000,0,2.1,7.6,0.0,5492.063477,0,0.0,0.0,0.0,1.0
72957,0,1,3400,-54,54,-417,15,17,0.50,3049142.750000,0,2.1,0.0,0.0,5492.063477,0,0.0,0.0,0.0,1.0
73206,0,1,3400,-54,54,-418,14,17,0.50,2867410.250000,0,2.1,0.0,0.0,0.0,0.0,0.0,0.0,0.0,1.0
73455,0,1,3400,-54,54,-419,15,17,0.50,3014757.000000,0,2.1,2.6,0.0,81784.859375,17,0.0,0.0,0.0,1.0
73704,0,1,3400,-54,54,-417,14,17,0.50,2936032.000000,0,2.1,6.9,0.0,0.0,0.0,0.0,0.0,0.0,1.0
73953,0,1,3400,-54,54,-411,14,18,0.50,2998087.750000,0,2.1,7.0,0.0,0.0,0.0,0.0,0.0,0.0,1.0
74202,0,1,3400,-54,54,-409,15,18,0.50,3160414.250000,0,2.1,6.9,0.0,0.0,0.0,0.0,0.0,0.0,1.0
74451,0,1,3400,-54,54,-413,15,17,0.51,2949079.250000,0.4,2.1,2.5,0.0,46793.652344,0,0.0,0.0,0.0,1.0
74700,0,1,3400,-54,54,-416,14,17,0.50,2904765.000000,0,2.1,0.0,0.0,0.0,0.0,0.0,0.0,0.0,1.0
74949,0,1,3400,-54,54,-414,15,18,0.50,3135523.750000,0,2.1,0.0,0.0,0.0,0.0,0.0,0.0,0.0,1.0
75198,0,1,3400,-54,54,-416,15,18,0.50,3025625.500000,0,2.1,0.0,0.0,0.0,0.0,0.0,0.0,0.0,1.0
75447,0,1,3400,-54,54,-418,15,18,0.50,3095362.500000,0,2.1,0.0,0.0,41466.136719,0,0.0,0.0,0.0,1.0
75696,0,1,3400,-54,54,-414,14,17,0.52,2893896.500000,0.4,2.1,0.0,0.0,5513.944336,0,0.0,0.0,0.0,1.0
75945,0,1,3400,-54,54,-415,14,17,0.50,2955729.000000,0,2.1,0.0,0.0,0.0,0.0,0.0,0.0,0.0,1.0
76194,0,1,3400,-54,54,-420,15,18,0.51,3144825.500000,0,2.1,0.0,0.0,0.0,0.0,0.0,0.0,0.0,1.0
76443,0,1,3400,-54,54,-414,15,18,0.51,2983744.000000,0.4,2.1,6.8,0.0,182432.000000,29,0.0,0.0,0.0,1.0
76692,0,1,3400,-54,54,-416,14,17,0.50,2911203.250000,0,2.1,16,0.0,0.0,0.0,0.0,0.0,0.0,1.0
76941,0,1,3400,-54,54,-415,14,17,0.50,2882412.750000,0,2.1,16,0.0,0.0,0.0,0.0,0.0,0.0,1.0
77190,0,1,3400,-54,54,-415,14,17,0.50,2868381.000000,0,2.1,8.6,0.0,5492.063477,0,0.0,0.0,0.0,1.0
77439,0,1,3400,-54,54,-415,15,17,0.50,3012111.500000,0,2.1,7.4,0.0,162804.781250,0,0.0,0.0,0.0,1.0
77688,0,1,3400,-54,54,-413,14,17,0.51,2845832.750000,0.4,2.1,8.0,0.0,0.0,0.0,0.0,0.0,0.0,1.0
77937,0,1,3400,-54,54,-415,14,17,0.50,2922688.000000,0,2.1,8.0,0.0,0.0,0.0,0.0,0.0,0.0,1.0
78186,0,1,3400,-54,54,-416,15,17,0.50,3045673.250000,0,2.1,8.0,0.0,0.0,0.0,0.0,0.0,0.0,1.0
78435,0,1,3400,-54,54,-416,15,18,0.50,3024255.000000,0,2.1,7.7,55,0.0,80,0.0,0.0,0.0,1.0
78684,0,1,3400,-54,54,-413,14,17,0.50,2932143.500000,0,2.1,6.0,0.0,7649.402344,0,0.0,0.0,0.0,1.0
78933,0,1,3400,-54,54,-422,14,18,0.50,2970793.750000,0,2.1,0.0,0.0,0.0,0.0,0.0,0.0,0.0,1.0
79182,0,1,3400,-54,54,-416,15,17,0.50,3041206.250000,0,2.1,0.0,0.0,0.0,0.0,0.0,0.0,0.0,1.0
79431,0,1,3400,-54,54,-419,15,18,0.50,2976031.750000,0,2.1,9.1,0.0,135968.125000,63,0.0,1.0,3.0,1.0
79680,0,1,3400,-54,54,-421,15,17,0.50,2994709.250000,0,2.1,16,0.0,0.0,0.0,0.0,0.0,0.0,1.0
79929,0,1,3400,-54,54,-416,14,17,0.50,2908544.000000,0,2.1,10,0.0,5536.000000,0,0.0,0.0,0.0,1.0
80178,0,1,3400,-54,54,-420,14,18,0.50,3004476.250000,0,2.1,8.0,0.0,0.0,0.0,0.0,0.0,0.0,1.0
80427,0,1,3400,-54,54,-419,15,18,0.51,3143681.250000,0,2.1,3.1,0.0,41561.753906,0,0.0,0.0,0.0,1.0
80676,0,1,3400,-54,54,-417,15,17,0.51,2998279.000000,0,2.1,0.0,0.0,0.0,0.0,0.0,0.0,0.0,1.0
80925,0,1,3400,-54,54,-419,15,18,0.50,3136031.750000,0,2.1,0.0,0.0,0.0,0.0,0.0,0.0,0.0,1.0
81174,0,1,3400,-54,54,-416,15,18,0.50,3096892.500000,0,2.1,0.0,0.0,0.0,0.0,0.0,0.0,0.0,1.0
81423,0,1,3400,-54,54,-416,15,18,0.52,3109470.250000,0.4,2.1,5.6,0.0,63747.035156,36,0.0,0.0,0.0,1.0
81672,0,1,3400,-54,54,-420,15,17,0.57,2966374.500000,2,2.1,12,0.0,5513.944336,0,0.0,0.0,0.0,1.0
81921,0,1,3400,-54,54,-415,16,17,0.51,3342502.000000,0,2.1,7.5,0.0,0.0,0.0,0.0,0.0,0.0,1.0
82170,0,1,3400,-54,54,-416,15,17,0.50,3051952.250000,0,2.1,7.5,0.0,0.0,0.0,0.0,0.0,0.0,1.0
82419,0,1,3400,-54,54,-423,15,17,0.50,3093760.000000,0,2.1,2.9,0.0,36192.000000,0,0.0,0.0,0.0,1.0
82668,0,1,3400,-54,54,-419,15,18,0.50,3214119.500000,0,2.1,0.0,0.0,0.0,0.0,0.0,0.0,0.0,1.0
82917,0,1,3400,-54,54,-414,14,17,0.50,2969269.750000,0,2.1,0.0,0.0,0.0,0.0,0.0,0.0,0.0,1.0
83166,0,1,3400,-54,54,-413,15,18,0.50,3072000.000000,0,2.1,0.0,0.0,0.0,0.0,0.0,0.0,0.0,1.0
83415,0,1,3400,-54,54,-413,16,18,0.52,3220462.250000,0.4,2.1,0.0,0.0,79011.953125,7,0.0,0.0,0.0,1.0
83664,0,1,3400,-54,54,-418,14,18,0.50,2962857.250000,0,2.1,0.0,0.0,0.0,0.0,0.0,0.0,0.0,1.0
83913,0,1,3400,-54,54,-419,15,18,0.52,3168223.000000,0.4,2.1,0.0,0.0,0.0,0.0,0.0,0.0,0.0,1.0
84162,0,1,3400,-54,54,-416,15,17,0.50,3209848.500000,0,2.1,0.0,0.0,0.0,0.0,0.0,0.0,0.0,1.0
84411,0,1,3400,-54,54,-419,15,17,0.52,3195920.250000,0.4,2.1,4.0,0.0,43187.250000,8,0.0,0.0,0.0,1.0
84660,0,1,3400,-54,54,-414,15,18,0.50,3148526.000000,0,2.1,7.0,0.0,0.0,0.0,0.0,0.0,0.0,1.0
84909,0,1,3400,-54,54,-419,15,18,0.51,3144446.250000,0,2.1,7.0,0.0,0.0,0.0,0.0,0.0,0.0,1.0
85158,0,1,3400,-54,54,-421,15,17,0.50,3025466.250000,0,2.1,7.0,0.0,0.0,0.0,0.0,0.0,0.0,1.0
85407,0,1,3400,-54,54,-416,15,17,0.50,3081498.000000,0,2.1,2.8,0.0,36047.808594,8,0.0,0.0,0.0,1.0
85656,0,1,3400,-54,54,-419,14,17,0.51,2852317.500000,0.4,2.1,0.0,0.0,0.0,0.0,0.0,0.0,0.0,1.0
85905,0,1,3400,-54,54,-414,15,18,0.50,3062222.250000,0,2.1,0.0,0.0,0.0,0.0,0.0,0.0,0.0,1.0
86154,0,1,3400,-54,54,-417,15,18,0.51,3182183.250000,0,2.1,0.0,0.0,0.0,0.0,0.0,0.0,0.0,1.0
86403,0,1,3400,-54,54,-419,15,18,0.51,3183203.250000,0,2.1,0.40,0.0,55745.019531,0,0.0,0.0,0.0,1.0
86652,0,1,3400,-54,54,-418,14,18,0.50,2941120.000000,0,2.1,1.0,0.0,0.0,0.0,0.0,0.0,0.0,1.0
86901,0,1,3400,-54,54,-417,15,17,0.51,3006948.250000,0,2.1,0.99,0.0,0.0,0.0,0.0,0.0,0.0,1.0
87150,0,1,3400,-54,54,-420,14,18,0.50,2989079.250000,0,2.1,1.0,0.0,0.0,0.0,0.0,0.0,0.0,1.0
87399,0,1,3400,-54,54,-420,14,17,0.51,2941482.000000,0.4,2.1,0.36,0.0,41561.753906,0,0.0,0.0,0.0,1.0
87648,0,1,3400,-54,54,-425,15,18,0.50,3125418.250000,0,2.1,0.0,0.0,0.0,0.0,0.0,0.0,0.0,1.0
87897,0,1,3400,-54,54,-422,14,17,0.50,2908635.000000,0,2.1,0.0,0.0,0.0,0.0,0.0,0.0,0.0,1.0
88146,0,1,3400,-54,54,-417,14,18,0.50,2944414.250000,0,2.1,0.0,0.0,0.0,0.0,0.0,0.0,0.0,1.0
88395,0,1,3400,-54,54,-420,14,17,0.50,2948412.750000,0,2.1,1.0,0.0,24920.634766,27,0.0,0.0,0.0,1.0
88644,0,1,3400,-54,54,-419,15,17,0.50,3191330.750000,0,2.1,0.0,0.0,0.0,0.0,0.0,0.0,0.0,1.0
88893,0,1,3400,-54,54,-422,15,17,0.50,3183968.000000,0,2.1,0.0,0.0,0.0,0.0,0.0,0.0,0.0,1.0
89142,0,1,3400,-54,54,-424,15,18,0.50,3117259.000000,0,2.1,0.0,0.0,0.0,0.0,0.0,0.0,0.0,1.0
89391,0,1,3400,-54,54,-418,15,18,0.51,3092908.250000,0,2.1,0.0,0.0,41561.753906,13,0.0,0.0,0.0,1.0
89640,0,1,3400,-54,54,-422,14,17,0.55,2863809.500000,0.4,2.1,0.0,0.0,0.0,0.0,0.0,0.0,0.0,1.0
89889,0,1,3400,-54,54,-421,15,18,0.51,3118470.000000,0,2.1,0.0,0.0,0.0,0.0,0.0,0.0,0.0,1.0
90138,0,1,3400,-54,54,-419,14,17,0.50,2905587.250000,0,2.1,0.0,0.0,0.0,0.0,0.0,0.0,0.0,1.0
90387,0,1,3400,-54,54,-423,15,18,0.50,3159298.750000,0,2.1,0.0,0.0,41561.753906,0,0.0,0.0,0.0,1.0
90636,0,1,3400,-54,54,-421,15,17,0.51,3000828.750000,0,2.1,0.0,0.0,0.0,0.0,0.0,0.0,0.0,1.0
90885,0,1,3400,-54,54,-421,15,18,0.52,3025120.000000,0.4,2.1,0.0,0.0,0.0,0.0,0.0,0.0,0.0,1.0
91134,0,1,3400,-54,54,-421,15,18,0.52,3153809.500000,0.4,2.1,0.0,0.0,0.0,0.0,0.0,0.0,0.0,1.0
91383,0,1,3400,-54,54,-418,15,17,0.51,3098581.750000,0,2.1,6.7,0.0,63968.128906,52,0.0,0.0,0.0,1.0
91632,0,1,3400,-54,54,-424,15,17,0.50,3031426.250000,0,2.1,16,0.0,0.0,0.0,0.0,0.0,0.0,1.0
91881,0,1,3400,-54,54,-423,15,17,0.50,3137625.500000,0,2.1,16,0.0,0.0,0.0,0.0,0.0,0.0,1.0
92130,0,1,3400,-54,54,-414,14,17,0.50,2895267.000000,0,2.1,16,0.0,0.0,0.0,0.0,0.0,0.0,1.0
92379,0,1,3400,-54,54,-419,15,17,0.51,3033897.250000,0,2.1,6.0,0.0,41233.203125,0,0.0,0.0,0.0,1.0
92628,0,1,3400,-54,54,-420,15,18,0.51,3126438.250000,0,2.1,0.0,0.0,0.0,0.0,0.0,0.0,0.0,1.0
92877,0,1,3400,-54,54,-417,14,17,0.55,2935043.750000,1,2.1,0.0,0.0,0.0,0.0,0.0,0.0,0.0,1.0
93126,0,1,3400,-54,54,-420,17,18,0.53,3437088.000000,0,2.1,0.0,0.0,0.0,0.0,0.0,0.0,0.0,1.0
93375,0,1,3400,-54,54,-423,15,18,0.50,3065721.000000,0,2.1,0.0,0.0,41561.753906,0,0.0,0.0,0.0,1.0
93624,0,1,3400,-54,54,-421,16,18,0.51,3218857.250000,0.4,2.1,0.0,0.0,0.0,0.0,0.0,0.0,0.0,1.0
93873,0,1,3400,-54,54,-421,15,17,0.51,3060494.000000,0.4,2.1,0.0,0.0,0.0,0.0,0.0,0.0,0.0,1.0
94122,0,1,3400,-54,54,-417,15,17,0.51,3094629.500000,0.4,2.1,0.0,0.0,0.0,0.0,0.0,0.0,0.0,1.0
94371,0,1,3400,-54,54,-421,14,18,0.50,2856701.250000,0,2.1,8.7,0.0,87235.062500,27,0.0,0.0,0.0,1.0
94620,0,1,3400,-54,54,-420,15,18,0.50,3054762.000000,0,2.1,16,0.0,0.0,0.0,0.0,0.0,0.0,1.0
94869,0,1,3400,-54,54,-424,14,17,0.50,2937944.250000,0,2.1,16,0.0,0.0,0.0,0.0,0.0,0.0,1.0
95118,0,1,3400,-54,54,-417,14,17,0.50,2903904.750000,0,2.1,16,0.0,0.0,0.0,0.0,0.0,0.0,1.0
95367,0,1,3400,-54,54,-418,15,18,0.51,3028864.000000,0,2.1,6.0,0.0,41728.000000,0,0.0,0.0,0.0,1.0
95616,0,1,3400,-54,54,-427,16,18,0.51,3396016.000000,0,2.1,0.0,0.0,0.0,0.0,0.0,0.0,0.0,1.0
95865,0,1,3400,-54,54,-422,14,17,0.50,2929561.750000,0,2.1,0.0,0.0,0.0,0.0,0.0,0.0,0.0,1.0
96114,0,1,3400,-54,54,-428,15,17,0.50,2958884.500000,0,2.1,0.0,0.0,0.0,0.0,0.0,0.0,0.0,1.0
96363,0,1,3400,-54,54,-425,15,18,0.51,3008889.000000,0,2.1,4.5,0.0,98920.632812,22,0.0,0.0,0.0,1.0
96612,0,1,3400,-54,54,-422,15,17,0.52,2997769.000000,0.4,2.1,7.9,0.0,0.0,0.0,0.0,0.0,0.0,1.0
96861,0,1,3400,-54,54,-421,14,18,0.50,2967904.750000,0,2.1,7.9,0.0,0.0,0.0,0.0,0.0,0.0,1.0
97110,0,1,3400,-54,54,-418,14,17,0.50,2961370.500000,0,2.1,8.0,0.0,0.0,0.0,0.0,0.0,0.0,1.0
97359,0,1,3400,-54,54,-429,14,18,0.50,3045984.000000,0,2.1,3.2,0.0,41696.000000,0,0.0,0.0,0.0,1.0
97608,0,1,3400,-54,54,-424,15,17,0.50,2998063.500000,0,2.1,0.0,0.0,0.0,0.0,0.0,0.0,0.0,1.0
97857,0,1,3400,-54,54,-422,15,17,0.50,3013067.750000,0,2.1,0.0,0.0,0.0,0.0,0.0,1.0,4.0,1.0
98106,0,1,3400,-54,54,-427,15,17,0.50,3050263.000000,0,2.1,0.0,0.0,0.0,0.0,0.0,0.0,0.0,1.0
98355,0,1,3400,-54,54,-423,15,18,0.50,3032255.000000,0,2.1,4.0,0.0,48701.195312,20,0.0,0.0,0.0,1.0
98604,0,1,3400,-54,54,-424,15,17,0.52,3143936.250000,0.4,2.1,6.9,0.0,0.0,0.0,0.0,0.0,0.0,1.0
98853,0,1,3400,-54,54,-427,14,18,0.50,2839083.000000,0,2.1,7.0,0.0,0.0,0.0,0.0,0.0,0.0,1.0
99102,0,1,3400,-54,54,-425,14,17,0.50,2898645.500000,0,2.1,7.0,0.0,0.0,0.0,0.0,0.0,0.0,1.0
99351,0,1,3400,-54,54,-423,14,17,0.50,2918693.250000,0,2.1,2.8,0.0,79011.953125,4,0.0,0.0,0.0,1.0
99600,0,1,3400,-54,54,-423,15,18,0.50,3049856.000000,0,2.1,0.0,0.0,0.0,0.0,0.0,0.0,0.0,1.0
99849,0,1,3400,-54,54,-422,14,17,0.50,2976350.500000,0,2.1,0.0,0.0,0.0,0.0,0.0,0.0,0.0,1.0
100098,0,1,3400,-54,54,-423,15,18,0.51,3021396.750000,0,2.1,0.0,0.0,0.0,0.0,0.0,0.0,0.0,1.0
100347,0,1,3400,-54,54,-420,14,18,0.50,2924972.000000,0,2.1,0.0,0.0,41529.878906,0,0.0,0.0,0.0,1.0
100596,0,1,3400,-54,54,-422,14,17,0.51,2913625.500000,0,2.1,0.0,0.0,0.0,0.0,0.0,0.0,0.0,1.0
100845,0,1,3400,-54,54,-425,14,17,0.50,2979410.250000,0,2.1,0.0,0.0,0.0,0.0,0.0,0.0,0.0,1.0
101094,0,1,3400,-54,54,-423,14,18,0.50,2899333.250000,0,2.1,0.0,0.0,0.0,0.0,0.0,0.0,0.0,1.0
101343,0,1,3400,-54,54,-426,15,17,0.52,2997609.500000,0.4,2.1,0.0,0.0,41561.753906,0,0.0,0.0,0.0,1.0
101592,0,1,3400,-54,54,-421,15,17,0.50,3009047.500000,0,2.1,0.0,0.0,0.0,0.0,0.0,0.0,0.0,1.0
101841,0,1,3400,-54,54,-417,15,17,0.50,3047104.000000,0,2.1,0.0,0.0,0.0,0.0,0.0,0.0,0.0,1.0
102090,0,1,3400,-54,54,-419,14,17,0.50,2882412.750000,0,2.1,0.0,0.0,0.0,0.0,0.0,1.0,2.0,1.0
102339,0,1,3400,-54,54,-423,14,17,0.50,2910336.000000,0,2.1,0.0,0.0,41728.000000,0,0.0,0.0,0.0,1.0
102588,0,1,3400,-54,54,-427,15,18,0.52,3083238.000000,0.4,2.1,0.0,0.0,0.0,0.0,0.0,0.0,0.0,1.0
102837,0,1,3400,-54,54,-425,15,18,0.50,3056701.250000,0,2.1,0.0,0.0,0.0,0.0,0.0,0.0,0.0,1.0
103086,0,1,3400,-54,54,-426,15,18,0.50,3027155.500000,0,2.1,0.0,0.0,0.0,0.0,0.0,0.0,0.0,1.0
103335,0,1,3400,-54,54,-421,14,17,0.50,2902381.000000,0,2.1,0.0,0.0,41396.824219,7,0.0,0.0,0.0,1.0
103584,0,1,3400,-54,54,-422,15,17,0.50,3016286.750000,0,2.1,0.0,0.0,5513.944336,0,0.0,0.0,0.0,1.0
103833,0,1,3400,-54,54,-424,15,18,0.50,3034804.750000,0,2.1,0.0,0.0,0.0,0.0,0.0,0.0,0.0,1.0
104082,0,1,3400,-54,54,-423,15,18,0.50,3140717.250000,0,2.1,0.0,0.0,0.0,0.0,0.0,0.0,0.0,1.0
104331,0,1,3400,-54,54,-431,14,17,0.50,2900016.000000,0,2.1,1.7,0.0,54788.843750,24,0.0,0.0,0.0,1.0
104580,0,1,3400,-54,54,-424,14,17,0.50,2900016.000000,0,2.1,0.0,0.0,0.0,0.0,0.0,0.0,0.0,1.0
104829,0,1,3400,-54,54,-428,14,18,0.50,2858231.000000,0,2.1,0.0,0.0,0.0,0.0,0.0,0.0,0.0,1.0
105078,0,1,3400,-54,54,-428,15,17,0.52,2973365.000000,0.4,2.1,0.0,0.0,0.0,0.0,0.0,0.0,0.0,1.0
105327,0,1,3400,-54,54,-424,14,18,0.50,2926342.750000,0,2.1,0.0,0.0,36047.808594,0,0.0,0.0,0.0,1.0
105576,0,1,3400,-54,54,-426,15,17,0.50,3022762.000000,0,2.1,0.0,0.0,5492.063477,0,0.0,0.0,0.0,1.0
105825,0,1,3400,-54,54,-421,16,17,0.50,3227569.750000,0,2.1,0.0,0.0,0.0,0.0,0.0,0.0,0.0,1.0
106074,0,1,3400,-54,54,-422,16,17,0.58,3182884.500000,2,2.1,0.0,0.0,0.0,0.0,0.0,0.0,0.0,1.0
106323,0,1,3400,-54,54,-423,15,18,0.50,3109792.000000,0,2.1,2.0,0.0,19904.000000,38,0.0,0.0,0.0,1.0
106572,0,1,3400,-54,54,-423,14,17,0.50,2876158.750000,0,2.1,0.0,0.0,0.0,0.0,0.0,0.0,0.0,1.0
106821,0,1,3400,-54,54,-423,15,18,0.50,3035314.750000,0,2.1,0.0,0.0,0.0,0.0,0.0,0.0,0.0,1.0
107070,0,1,3400,-54,54,-429,14,17,0.50,2898486.000000,0,2.1,0.0,0.0,0.0,0.0,0.0,0.0,0.0,1.0
107319,0,1,3400,-54,54,-421,15,17,0.50,3020016.000000,0,2.1,2.4,55,0.0,80,0.0,0.0,0.0,1.0
107568,0,1,3400,-54,54,-425,15,17,0.51,2993530.000000,0,2.1,7.4,55,0.0,0.0,0.0,0.0,0.0,1.0
107817,0,1,3400,-54,54,-425,14,18,0.50,2893238.000000,0,2.1,7.4,0.0,7619.047852,0,0.0,0.0,0.0,1.0
108066,0,1,3400,-54,54,-426,14,17,0.50,2846730.250000,0,2.1,7.5,0.0,0.0,0.0,0.0,0.0,0.0,1.0
108315,0,1,3400,-54,54,-427,15,18,0.50,3011136.000000,0,2.1,6.8,0.0,48896.000000,0,0.0,0.0,0.0,1.0
108564,0,1,3400,-54,54,-428,14,17,0.52,2830374.500000,0.4,2.1,7.0,0.0,0.0,0.0,0.0,0.0,0.0,1.0
108813,0,1,3400,-54,54,-422,14,17,0.50,2900175.250000,0,2.1,7.0,0.0,0.0,0.0,0.0,0.0,0.0,1.0
109062,0,1,3400,-54,54,-427,15,18,0.50,3091015.750000,0,2.1,7.0,0.0,0.0,0.0,0.0,0.0,0.0,1.0
109311,0,1,3400,-54,54,-430,14,18,0.50,2893896.500000,0,2.1,2.7,0.0,41561.753906,0,0.0,0.0,0.0,1.0
109560,0,1,3400,-54,54,-431,15,18,0.50,3060111.500000,0,2.1,0.0,0.0,0.0,0.0,0.0,0.0,0.0,1.0
109809,0,1,3400,-54,54,-424,15,17,0.50,3007523.750000,0,2.1,0.0,0.0,0.0,0.0,0.0,0.0,0.0,1.0
110058,0,1,3400,-54,54,-426,15,17,0.50,3144666.750000,0,2.1,0.0,0.0,0.0,0.0,0.0,0.0,0.0,1.0
110307,0,1,3400,-54,54,-426,15,18,0.52,3084653.500000,0.4,2.1,0.0,0.0,41561.753906,0,0.0,0.0,0.0,1.0
110556,0,1,3400,-54,54,-428,15,17,0.51,3026816.000000,0,2.1,0.0,0.0,0.0,0.0,0.0,0.0,0.0,1.0
110805,0,1,3400,-54,54,-427,14,17,0.50,2878693.250000,0,2.1,0.0,0.0,0.0,0.0,0.0,0.0,0.0,1.0
111054,0,1,3400,-54,54,-430,15,18,0.52,3100430.250000,0.4,2.1,0.0,0.0,5513.944336,0,0.0,0.0,0.0,1.0
111303,0,1,3400,-54,54,-426,15,17,0.50,2990952.500000,0,2.1,0.0,0.0,41396.824219,0,0.0,0.0,0.0,1.0
111552,0,1,3400,-54,54,-424,14,18,0.50,2900016.000000,0,2.1,0.0,0.0,0.0,0.0,0.0,0.0,0.0,1.0
111801,0,1,3400,-54,54,-423,15,18,0.50,3034964.250000,0,2.1,0.0,0.0,0.0,0.0,0.0,0.0,0.0,1.0
112050,0,1,3400,-54,54,-424,15,18,0.50,3026996.000000,0,2.1,0.0,0.0,0.0,0.0,0.0,0.0,0.0,1.0
112299,0,1,3400,-54,54,-423,15,17,0.50,3081848.500000,0,2.1,0.0,0.0,47075.695312,7,0.0,0.0,0.0,1.0
112548,0,1,3400,-54,54,-429,14,17,0.50,2945206.250000,0,2.1,0.0,0.0,0.0,0.0,0.0,0.0,0.0,1.0
112797,0,1,3400,-54,54,-427,15,17,0.53,3145275.000000,0,2.1,0.0,0.0,0.0,0.0,0.0,1.0,2.0,1.0
113046,0,1,3400,-54,54,-425,14,17,0.51,2858231.000000,0.4,2.1,0.0,0.0,0.0,0.0,0.0,0.0,0.0,1.0
113295,0,1,3400,-54,54,-425,15,17,0.50,3190629.500000,0,2.1,4.5,0.0,99410.359375,28,0.0,0.0,0.0,1.0
113544,0,1,3400,-54,54,-428,15,17,0.51,3030884.500000,0,2.1,8.0,0.0,0.0,0.0,0.0,0.0,0.0,1.0
113793,0,1,3400,-54,54,-427,15,17,0.50,2999587.250000,0,2.1,8.0,0.0,0.0,0.0,0.0,0.0,0.0,1.0
114042,0,1,3400,-54,54,-428,15,18,0.50,3055012.000000,0,2.1,8.0,0.0,0.0,0.0,0.0,0.0,0.0,1.0
114291,0,1,3400,-54,54,-426,14,17,0.50,2952828.750000,0,2.1,3.2,0.0,41561.753906,0,0.0,0.0,0.0,1.0
114540,0,1,3400,-54,54,-425,15,18,0.50,3066390.500000,0,2.1,0.0,0.0,0.0,0.0,0.0,0.0,0.0,1.0
114789,0,1,3400,-54,54,-423,14,17,0.50,2881498.000000,0,2.1,0.0,0.0,0.0,0.0,0.0,0.0,0.0,1.0
115038,0,1,3400,-54,54,-427,14,17,0.50,2891714.250000,0,2.1,0.0,0.0,0.0,0.0,0.0,0.0,0.0,1.0
115287,0,1,3400,-54,54,-429,15,17,0.52,3014757.000000,0.4,2.1,0.0,0.0,41561.753906,0,0.0,0.0,0.0,1.0
115536,0,1,3400,-54,54,-429,14,17,0.51,2862661.250000,0.4,2.1,0.0,0.0,5513.944336,0,0.0,0.0,0.0,1.0
115785,0,1,3400,-54,54,-426,15,17,0.50,3062661.250000,0,2.1,0.0,0.0,0.0,0.0,0.0,0.0,0.0,1.0
116034,0,1,3400,-54,54,-424,14,17,0.50,2875378.500000,0,2.1,0.0,0.0,0.0,0.0,0.0,0.0,0.0,1.0
116283,0,1,3400,-54,54,-429,15,18,0.50,3177142.750000,0,2.1,5.7,0.0,19365.080078,50,0.0,0.0,0.0,1.0
116532,0,1,3400,-54,54,-428,14,17,0.53,2880889.000000,0.8,2.1,13,0.0,0.0,0.0,0.0,0.0,0.0,1.0
116781,0,1,3400,-54,54,-429,15,18,0.51,3065721.000000,0,2.1,13,0.0,0.0,0.0,0.0,0.0,0.0,1.0
117030,0,1,3400,-54,54,-424,14,17,0.50,2947424.000000,0,2.1,13,0.0,0.0,0.0,0.0,0.0,0.0,1.0
117279,0,1,3400,-54,54,-424,14,17,0.50,2910884.500000,0,2.1,3.7,0.0,28749.003906,24,0.0,0.0,0.0,1.0
117528,0,1,3400,-54,54,-428,15,18,0.50,2982666.750000,0,2.1,0.040,0.0,8793.650391,0,0.0,0.0,0.0,1.0
117777,0,1,3400,-54,54,-423,15,17,0.51,3028685.250000,0.4,2.1,1.0,0.0,0.0,0.0,0.0,0.0,0.0,1.0
118026,0,1,3400,-54,54,-423,14,17,0.51,2901960.250000,0,2.1,1.0,0.0,0.0,0.0,0.0,0.0,0.0,1.0
118275,0,1,3400,-54,54,-426,14,17,0.50,2886087.750000,0,2.1,4.4,0.0,48701.195312,0,0.0,0.0,0.0,1.0
118524,0,1,3400,-54,54,-430,14,18,0.50,2901545.750000,0,2.1,6.9,0.0,0.0,0.0,0.0,0.0,0.0,1.0
118773,0,1,3400,-54,54,-427,14,17,0.50,2881644.250000,0,2.1,7.0,0.0,0.0,0.0,0.0,0.0,0.0,1.0
119022,0,1,3400,-54,54,-429,15,17,0.50,3019648.000000,0,2.1,6.9,0.0,0.0,0.0,0.0,0.0,0.0,1.0
119271,0,1,3400,-54,54,-426,15,18,0.50,3011697.250000,0,2.1,6.8,0.0,99410.359375,25,0.0,0.0,0.0,1.0
119520,0,1,3400,-54,54,-427,15,18,0.52,3121689.250000,0.4,2.1,0.064,0.0,5513.944336,0,0.0,0.0,0.0,1.0
119769,0,1,3400,-54,54,-427,14,18,0.51,2914103.500000,0,2.1,0.0,0.0,0.0,0.0,0.0,0.0,0.0,1.0
120018,0,1,3400,-54,54,-428,14,17,0.50,2907111.000000,0,2.1,0.064,0.0,0.0,0.0,0.0,1.0,1.0,1.0
120267,0,1,3400,-54,54,-431,15,17,0.50,3025466.250000,0,2.1,9.4,0.0,227697.218750,62,0.0,0.0,0.0,1.0
120516,0,1,3400,-54,54,-428,15,17,0.57,2943585.750000,2,2.1,16,0.0,0.0,0.0,0.0,0.0,0.0,1.0
120765,0,1,3400,-54,54,-429,15,18,0.52,3013619.000000,0.4,2.1,16,0.0,0.0,0.0,0.0,0.0,0.0,1.0
121014,0,1,3400,-54,54,-431,15,17,0.50,3044653.500000,0,2.1,16,0.0,0.0,0.0,0.0,0.0,0.0,1.0
121263,0,1,3400,-54,54,-422,15,17,0.50,3052972.000000,0,2.1,10,0.0,48701.195312,0,0.0,0.0,0.0,1.0
121512,0,1,3400,-54,54,-427,15,18,0.50,3044143.500000,0,2.1,7.0,0.0,0.0,0.0,0.0,0.0,0.0,1.0
121761,0,1,3400,-54,54,-427,15,18,0.50,3146326.750000,0,2.1,7.0,0.0,0.0,0.0,0.0,0.0,0.0,1.0
122010,0,1,3400,-54,54,-429,15,17,0.50,3056541.750000,0,2.1,7.0,0.0,0.0,0.0,0.0,0.0,0.0,1.0
122259,0,1,3400,-54,54,-428,14,17,0.50,2879206.250000,0,2.1,2.5,0.0,41396.824219,0,0.0,0.0,0.0,1.0
122508,0,1,3400,-54,54,-428,15,17,0.50,3030055.750000,0,2.1,0.0,0.0,0.0,0.0,0.0,0.0,0.0,1.0
122757,0,1,3400,-54,54,-431,14,17,0.50,2896956.250000,0,2.1,0.064,0.0,0.0,0.0,0.0,0.0,0.0,1.0
123006,0,1,3400,-54,54,-430,14,17,0.50,2910000.000000,0,2.1,0.0,0.0,0.0,0.0,0.0,0.0,0.0,1.0
123255,0,1,3400,-54,54,-434,14,17,0.50,2909769.000000,0,2.1,1.0,0.0,25274.900391,31,0.0,0.0,0.0,1.0
123504,0,1,3400,-54,54,-431,15,18,0.52,3129338.750000,0.4,2.1,0.13,0.0,0.0,0.0,0.0,0.0,0.0,1.0
123753,0,1,3400,-54,54,-428,14,18,0.50,2880127.500000,0,2.1,0.13,0.0,5513.944336,0,0.0,0.0,0.0,1.0
124002,0,1,3400,-54,54,-427,15,18,0.50,3110119.500000,0,2.1,0.064,0.0,0.0,0.0,0.0,0.0,0.0,1.0
124251,0,1,3400,-54,54,-428,14,17,0.50,2902916.250000,0,2.1,4.3,0.0,66549.804688,0,0.0,0.0,0.0,1.0
124500,0,1,3400,-54,54,-427,14,17,0.50,2897968.250000,0,2.1,7.5,0.0,0.0,0.0,0.0,0.0,0.0,1.0
124749,0,1,3400,-54,54,-428,14,18,0.50,3016765.000000,0,2.1,7.5,0.0,0.0,0.0,0.0,0.0,0.0,1.0
124998,0,1,3400,-54,54,-433,15,18,0.50,3206661.250000,0,2.1,7.4,0.0,0.0,0.0,0.0,0.0,0.0,1.0
125247,0,1,3400,-54,54,-428,14,17,0.50,2901545.750000,0,2.1,5.4,0.0,22852.589844,27,0.0,0.0,0.0,1.0
125496,0,1,3400,-54,54,-429,14,17,0.50,2873689.250000,0,2.1,1.5,0.0,0.0,0.0,0.0,0.0,0.0,1.0
125745,0,1,3400,-54,54,-427,15,18,0.51,3017174.500000,0,2.1,1.5,0.0,0.0,0.0,0.0,0.0,0.0,1.0
125994,0,1,3400,-54,54,-431,14,17,0.50,2878279.000000,0,2.1,1.5,0.0,0.0,0.0,0.0,0.0,0.0,1.0
126243,0,1,3400,-54,54,-432,16,17,0.51,3270916.250000,0,2.1,5.0,0.0,61195.218750,0,0.0,0.0,0.0,1.0
126492,0,1,3400,-54,54,-428,15,17,0.51,3053482.000000,0,2.1,7.5,0.0,0.0,0.0,0.0,0.0,0.0,1.0
126741,0,1,3400,-54,54,-426,14,17,0.50,2893737.000000,0,2.1,7.5,0.0,0.0,0.0,0.0,0.0,0.0,1.0
126990,0,1,3400,-54,54,-429,15,17,0.50,3011079.250000,0,2.1,7.6,0.0,0.0,0.0,0.0,0.0,0.0,1.0
127239,0,1,3400,-54,54,-424,15,18,0.50,3107920.250000,0,2.1,11,55,0.0,80,0.0,0.0,0.0,1.0
127488,0,1,3400,-54,54,-435,15,18,0.50,2988920.750000,0,2.1,15,0.0,5492.063477,0,0.0,0.0,0.0,1.0
127737,0,1,3400,-54,54,-432,15,18,0.50,3121689.250000,0,2.1,0.064,0.0,2135.458252,0,0.0,0.0,0.0,1.0
127986,0,1,3400,-54,54,-432,15,17,0.50,3056896.000000,0,2.1,0.064,0.0,0.0,0.0,0.0,0.0,0.0,1.0
128235,0,1,3400,-54,54,-430,14,17,0.50,2913206.250000,0,2.1,0.56,0.0,43904.761719,0,0.0,0.0,0.0,1.0
128484,0,1,3400,-54,54,-427,14,17,0.50,2872159.250000,0,2.1,1.0,0.0,0.0,0.0,0.0,0.0,0.0,1.0
128733,0,1,3400,-54,54,-437,15,17,0.50,3056541.750000,0,2.1,1.1,0.0,0.0,0.0,0.0,0.0,0.0,1.0
128982,0,1,3400,-54,54,-433,14,17,0.51,2987059.750000,0.4,2.1,1.0,0.0,0.0,0.0,0.0,0.0,0.0,1.0
129231,0,1,3400,-54,54,-430,15,17,0.51,3038000.000000,0.4,2.1,0.36,0.0,41396.824219,0,0.0,0.0,0.0,1.0
129480,0,1,3400,-54,54,-427,14,17,0.50,2866039.750000,0,2.1,0.13,0.0,5513.944336,0,0.0,0.0,0.0,1.0
129729,0,1,3400,-54,54,-426,15,18,0.51,3175362.500000,0,2.1,0.0,0.0,0.0,0.0,0.0,0.0,0.0,1.0
129978,0,1,3400,-54,54,-431,15,18,0.50,3163777.750000,0,2.1,0.064,0.0,5492.063477,0,0.0,0.0,0.0,1.0
130227,0,1,3400,-54,54,-428,14,17,0.50,2916224.000000,0,2.1,0.0,0.0,36160.000000,0,0.0,0.0,0.0,1.0
130476,0,1,3400,-54,54,-430,14,17,0.50,2910158.750000,0,2.1,0.064,0.0,0.0,0.0,0.0,0.0,0.0,1.0
130725,0,1,3400,-54,54,-428,15,17,0.52,2953020.000000,0.4,2.1,0.064,0.0,0.0,0.0,0.0,0.0,0.0,1.0
130974,0,1,3400,-54,54,-428,15,18,0.50,3086948.250000,0,2.1,0.0,0.0,0.0,0.0,0.0,0.0,0.0,1.0
131223,0,1,3400,-54,54,-431,16,18,0.52,3218422.250000,0.4,2.1,0.13,0.0,41561.753906,0,0.0,0.0,0.0,1.0
131472,0,1,3400,-54,54,-430,14,17,0.50,2920223.000000,0,2.1,0.0,0.0,0.0,0.0,0.0,0.0,0.0,1.0
131721,0,1,3400,-54,54,-438,14,17,0.50,2974545.500000,0,2.1,0.0,0.0,0.0,0.0,0.0,0.0,0.0,1.0
131970,0,1,3400,-54,54,-432,15,17,0.50,3067968.000000,0,2.1,0.0,0.0,0.0,0.0,0.0,0.0,0.0,1.0
132219,0,1,3400,-54,54,-428,14,17,0.50,2883028.000000,0,2.1,6.7,0.0,202007.968750,52,0.0,0.0,0.0,1.0
132468,0,1,3400,-54,54,-433,15,17,0.50,3045195.250000,0,2.1,16,0.0,0.0,0.0,0.0,0.0,0.0,1.0
132717,0,1,3400,-54,54,-429,14,17,0.51,2987219.000000,0.4,2.1,15,0.0,5513.944336,0,0.0,0.0,0.0,1.0
132966,0,1,3400,-54,54,-432,15,17,0.50,2996698.500000,0,2.1,8.1,0.0,0.0,0.0,0.0,0.0,0.0,1.0
133215,0,1,3400,-54,54,-433,15,18,0.50,2998788.750000,0,2.1,13,0.0,220812.750000,56,0.0,0.0,0.0,1.0
133464,0,1,3400,-54,54,-429,15,17,0.50,3051952.250000,0,2.1,16,0.0,0.0,0.0,0.0,0.0,0.0,1.0
133713,0,1,3400,-54,54,-430,14,18,0.50,2975139.500000,0,2.1,16,0.0,0.0,0.0,0.0,0.0,0.0,1.0
133962,0,1,3400,-54,54,-430,15,18,0.50,3182762.000000,0,2.1,11,0.0,5492.063477,0,0.0,0.0,0.0,1.0
134211,0,1,3400,-54,54,-433,13,18,0.50,2752063.750000,0,2.1,12,0.0,227697.218750,62,0.0,0.0,0.0,1.0
134460,0,1,3400,-54,54,-428,14,17,0.50,2901705.250000,0,2.1,14,0.0,5513.944336,0,0.0,0.0,0.0,1.0
134709,0,1,3400,-54,54,-431,15,18,0.52,2966852.500000,0.4,2.1,8.0,0.0,0.0,0.0,0.0,0.0,0.0,1.0
134958,0,1,3400,-54,54,-433,14,17,0.50,2904765.000000,0,2.1,8.0,0.0,0.0,0.0,0.0,0.0,0.0,1.0
135207,0,1,3400,-54,54,-430,14,17,0.50,2920984.250000,0,2.1,7.6,0.0,92380.953125,33,0.0,0.0,0.0,1.0
135456,0,1,3400,-54,54,-433,14,17,0.50,2852207.250000,0,2.1,8.0,0.0,0.0,0.0,0.0,0.0,0.0,1.0
135705,0,1,3400,-54,54,-433,14,17,0.50,2938900.500000,0,2.1,1.0,0.0,5513.944336,0,0.0,1.0,2.0,1.0
135954,0,1,3400,-54,54,-430,15,17,0.51,3011697.250000,0.4,2.1,0.0,0.0,0.0,0.0,0.0,0.0,0.0,1.0
136203,0,1,3400,-54,54,-430,14,17,0.50,2887777.000000,0,2.1,4.8,55,0.0,80,0.0,0.0,0.0,1.0
136452,0,1,3400,-54,54,-434,14,17,0.51,2860762.000000,0.4,2.1,6.1,0.0,7619.047852,0,0.0,0.0,0.0,1.0
136701,0,1,3400,-54,54,-435,14,17,0.50,2876749.000000,0,2.1,0.0,0.0,0.0,0.0,0.0,0.0,0.0,1.0
136950,0,1,3400,-54,54,-433,14,17,0.50,2906294.750000,0,2.1,0.0,0.0,5513.944336,0,0.0,0.0,0.0,1.0
137199,0,1,3400,-54,54,-434,14,17,0.51,2941960.250000,0,2.1,2.9,0.0,75346.617188,0,0.0,0.0,0.0,1.0
137448,0,1,3400,-54,54,-432,14,17,0.50,2840635.000000,0,2.1,7.6,0.0,0.0,0.0,0.0,0.0,0.0,1.0
137697,0,1,3400,-54,54,-432,15,17,0.50,3044143.500000,0,2.1,7.5,0.0,0.0,0.0,0.0,0.0,0.0,1.0
137946,0,1,3400,-54,54,-435,15,18,0.51,3014757.000000,0,2.1,7.5,0.0,0.0,0.0,0.0,0.0,0.0,1.0
138195,0,1,3400,-54,54,-439,14,17,0.50,2940271.000000,0,2.1,4.7,0.0,40541.832031,0,0.0,0.0,0.0,1.0
138444,0,1,3400,-54,54,-431,15,18,0.51,3164793.750000,0.4,2.1,0.0,0.0,0.0,0.0,0.0,0.0,0.0,1.0
138693,0,1,3400,-54,54,-430,14,17,0.50,2896956.250000,0,2.1,0.0,0.0,0.0,0.0,0.0,0.0,0.0,1.0
138942,0,1,3400,-54,54,-429,15,17,0.50,3023936.250000,0,2.1,0.0,0.0,0.0,0.0,0.0,0.0,0.0,1.0
139191,0,1,3400,-54,54,-434,15,18,0.51,3076749.000000,0,2.1,0.0,0.0,41561.753906,0,0.0,0.0,0.0,1.0
139440,0,1,3400,-54,54,-429,15,18,0.51,3148016.000000,0,2.1,0.13,0.0,0.0,0.0,0.0,0.0,0.0,1.0
139689,0,1,3400,-54,54,-426,14,17,0.50,2894603.250000,0,2.1,0.0,0.0,0.0,0.0,0.0,0.0,0.0,1.0
139938,0,1,3400,-54,54,-427,15,18,0.52,3143267.000000,0.4,2.1,0.0,0.0,0.0,0.0,0.0,0.0,0.0,1.0
140187,0,1,3400,-54,54,-429,15,17,0.50,3038024.000000,0,2.1,0.0,0.0,36047.808594,0,0.0,0.0,0.0,1.0
140436,0,1,3400,-54,54,-434,14,17,0.50,2907824.750000,0,2.1,0.0,0.0,5513.944336,0,0.0,0.0,0.0,1.0
140685,0,1,3400,-54,54,-441,15,17,0.50,3036334.750000,0,2.1,0.064,0.0,0.0,0.0,0.0,0.0,0.0,1.0
140934,0,1,3400,-54,54,-434,14,17,0.50,2876158.750000,0,2.1,0.0,0.0,0.0,0.0,0.0,0.0,0.0,1.0
141183,0,1,3400,-54,54,-432,15,18,0.50,3160573.750000,0,2.1,1.1,0.0,23872.509766,27,0.0,0.0,0.0,1.0
141432,0,1,3400,-54,54,-434,15,17,0.54,3005418.250000,0.8,2.1,0.13,0.0,0.0,0.0,0.0,0.0,0.0,1.0
141681,0,1,3400,-54,54,-430,14,18,0.50,2879808.750000,0,2.1,0.0,0.0,0.0,0.0,0.0,0.0,0.0,1.0
141930,0,1,3400,-54,54,-432,16,17,0.51,3283650.750000,0,2.1,0.064,0.0,5492.063477,0,0.0,0.0,0.0,1.0
142179,0,1,3400,-54,54,-437,14,17,0.50,2839713.250000,0,2.1,0.064,0.0,41561.753906,0,0.0,0.0,0.0,1.0
142428,0,1,3400,-54,54,-437,14,17,0.50,2903075.750000,0,2.1,0.064,0.0,0.0,0.0,0.0,0.0,0.0,1.0
142677,0,1,3400,-54,54,-433,14,17,0.50,2864510.000000,0,2.1,0.0,0.0,0.0,0.0,0.0,0.0,0.0,1.0
142926,0,1,3400,-54,54,-431,14,17,0.50,2949301.500000,0,2.1,0.064,0.0,0.0,0.0,0.0,0.0,0.0,1.0
143175,0,1,3400,-54,54,-431,15,17,0.50,3194581.750000,0,2.1,1.1,0.0,25338.644531,21,0.0,0.0,0.0,1.0
143424,0,1,3400,-54,54,-435,14,17,0.50,2879808.750000,0,2.1,0.0,0.0,0.0,0.0,0.0,0.0,0.0,1.0
143673,0,1,3400,-54,54,-435,14,17,0.50,2992286.750000,0,2.1,0.0,0.0,0.0,0.0,0.0,0.0,0.0,1.0
143922,0,1,3400,-54,54,-428,15,17,0.50,3000350.500000,0,2.1,0.0,0.0,0.0,0.0,0.0,0.0,0.0,1.0
144171,0,1,3400,-54,54,-428,15,18,0.51,3117079.250000,0,2.1,0.064,0.0,35904.761719,8,0.0,0.0,0.0,1.0
144420,0,1,3400,-54,54,-437,14,17,0.50,2895267.000000,0,2.1,0.13,0.0,0.0,0.0,0.0,0.0,0.0,1.0
144669,0,1,3400,-54,54,-432,15,18,0.50,3037864.500000,0,2.1,0.0,0.0,0.0,0.0,0.0,0.0,0.0,1.0
144918,0,1,3400,-54,54,-430,14,18,0.50,2868539.750000,0,2.1,1.4,0.0,4476.190430,33,0.0,0.0,0.0,1.0
145167,0,1,3400,-54,54,-437,15,18,0.50,2996239.000000,0,2.1,3.1,0.0,47075.695312,0,0.0,0.0,0.0,1.0
145416,0,1,3400,-54,54,-439,14,17,0.50,2845832.750000,0,2.1,0.064,0.0,0.0,0.0,0.0,0.0,0.0,1.0
145665,0,1,3400,-54,54,-436,14,17,0.51,2955729.000000,0.4,2.1,0.064,0.0,0.0,0.0,0.0,0.0,0.0,1.0
145914,0,1,3400,-54,54,-438,15,17,0.50,3120318.750000,0,2.1,0.064,0.0,0.0,0.0,0.0,0.0,0.0,1.0
146163,0,1,3400,-54,54,-435,15,17,0.50,2964557.750000,0,2.1,1.0,0.0,25019.919922,27,0.0,0.0,0.0,1.0
146412,0,1,3400,-54,54,-431,15,18,0.51,3024127.000000,0,2.1,0.0,0.0,0.0,0.0,0.0,0.0,0.0,1.0
146661,0,1,3400,-54,54,-434,14,18,0.52,2946804.750000,0.4,2.1,0.0,0.0,0.0,0.0,0.0,0.0,0.0,1.0
146910,0,1,3400,-54,54,-433,15,17,0.50,3033434.250000,0,2.1,0.0,0.0,5513.944336,0,0.0,0.0,0.0,1.0
147159,0,1,3400,-54,54,-429,15,17,0.50,2991649.500000,0,2.1,0.0,0.0,36015.937500,0,0.0,0.0,0.0,1.0
147408,0,1,3400,-54,54,-434,15,18,0.50,3125206.250000,0,2.1,0.0,0.0,0.0,0.0,0.0,0.0,0.0,1.0
147657,0,1,3400,-54,54,-443,14,17,0.50,2996876.500000,0,2.1,0.0,0.0,0.0,0.0,0.0,0.0,0.0,1.0
147906,0,1,3400,-54,54,-443,14,18,0.50,2993657.250000,0,2.1,0.0,0.0,0.0,0.0,0.0,0.0,0.0,1.0
148155,0,1,3400,-54,54,-434,14,17,0.51,2926502.000000,0.4,2.1,0.0,0.0,52207.171875,12,0.0,0.0,0.0,1.0
148404,0,1,3400,-54,54,-429,14,18,0.50,2907984.000000,0,2.1,0.0,0.0,0.0,0.0,0.0,0.0,0.0,1.0
148653,0,1,3400,-54,54,-433,14,17,0.50,2899333.250000,0,2.1,0.0,0.0,5492.063477,0,0.0,0.0,0.0,1.0
148902,0,1,3400,-54,54,-436,15,18,0.50,3019697.250000,0,2.1,0.0,0.0,0.0,0.0,0.0,0.0,0.0,1.0
149151,0,1,3400,-54,54,-436,15,17,0.51,3058231.000000,0,2.1,0.0,0.0,41561.753906,0,0.0,0.0,0.0,1.0
149400,0,1,3400,-54,54,-431,15,18,0.50,3058071.750000,0,2.1,0.0,0.0,0.0,0.0,0.0,0.0,0.0,1.0
149649,0,1,3400,-54,54,-432,15,18,0.50,3068984.250000,0,2.1,0.0,0.0,0.0,0.0,0.0,0.0,0.0,1.0
149898,0,1,3400,-54,54,-437,14,17,0.50,3008765.000000,0,2.1,0.0,0.0,0.0,0.0,0.0,0.0,0.0,1.0
150147,0,1,3400,-54,54,-433,15,17,0.50,2973482.000000,0,2.1,1.8,0.0,40956.175781,0,0.0,0.0,0.0,1.0
150396,0,1,3400,-54,54,-434,14,17,0.50,2904605.500000,0,2.1,4.5,0.0,0.0,0.0,0.0,0.0,0.0,1.0
150645,0,1,3400,-54,54,-436,14,17,0.50,2942533.750000,0,2.1,4.5,0.0,0.0,0.0,0.0,0.0,0.0,1.0
150894,0,1,3400,-54,54,-436,15,18,0.51,3076095.250000,0,2.1,4.5,0.0,5492.063477,0,0.0,0.0,0.0,1.0
151143,0,1,3400,-54,54,-436,15,18,0.50,3120669.250000,0,2.1,7.6,0.0,19442.230469,50,0.0,0.0,0.0,1.0
151392,0,1,3400,-54,54,-437,15,18,0.50,3039553.750000,0,2.1,7.8,0.0,5513.944336,0,0.0,0.0,0.0,1.0
151641,0,1,3400,-54,54,-440,15,18,0.50,3062661.250000,0,2.1,4.5,0.0,0.0,0.0,0.0,0.0,0.0,1.0
151890,0,1,3400,-54,54,-437,15,17,0.50,2996539.750000,0,2.1,4.5,0.0,0.0,0.0,0.0,0.0,0.0,1.0
152139,0,1,3400,-54,54,-436,15,17,0.50,3039808.750000,0,2.1,3.5,0.0,25083.666016,24,0.0,0.0,0.0,1.0
152388,0,1,3400,-54,54,-437,14,17,0.50,2900016.000000,0,2.1,0.0,0.0,0.0,0.0,0.0,0.0,0.0,1.0
152637,0,1,3400,-54,54,-437,15,17,0.50,3073530.000000,0,2.1,0.0,0.0,0.0,0.0,0.0,0.0,0.0,1.0
152886,0,1,3400,-54,54,-439,15,18,0.50,2995523.750000,0,2.1,0.0,0.0,0.0,0.0,0.0,0.0,0.0,1.0
153135,0,1,3400,-54,54,-436,15,17,0.51,3034804.750000,0,2.1,4.5,0.0,99410.359375,24,0.0,0.0,0.0,1.0
153384,0,1,3400,-54,54,-435,14,17,0.50,2903075.750000,0,2.1,8.0,0.0,0.0,0.0,0.0,0.0,0.0,1.0
153633,0,1,3400,-54,54,-435,14,17,0.50,2920063.750000,0,2.1,2.2,0.0,5513.944336,0,0.0,0.0,0.0,1.0
153882,0,1,3400,-54,54,-434,14,17,0.50,3020175.250000,0,2.1,0.0,0.0,0.0,0.0,0.0,0.0,0.0,1.0
154131,0,1,3400,-54,54,-438,15,17,0.50,3024444.500000,0,2.1,0.0,0.0,41396.824219,0,0.0,0.0,0.0,1.0
154380,0,1,3400,-54,54,-440,15,17,0.50,3017976.000000,0,2.1,0.0,0.0,0.0,0.0,0.0,0.0,0.0,1.0
154629,0,1,3400,-54,54,-434,14,17,0.50,2859920.250000,0,2.1,0.0,0.0,0.0,0.0,0.0,0.0,0.0,1.0
154878,0,1,3400,-54,54,-435,14,17,0.50,2876749.000000,0,2.1,0.0,0.0,0.0,0.0,0.0,0.0,0.0,1.0
155127,0,1,3400,-54,54,-435,14,17,0.50,2851619.000000,0,2.1,0.0,0.0,46888.890625,12,0.0,0.0,0.0,1.0
155376,0,1,3400,-54,54,-434,16,17,0.51,3253418.250000,0,2.1,0.0,0.0,0.0,0.0,0.0,0.0,0.0,1.0
155625,0,1,3400,-54,54,-434,14,18,0.50,2910884.500000,0,2.1,0.0,0.0,0.0,0.0,0.0,0.0,0.0,1.0
155874,0,1,3400,-54,54,-438,15,17,0.50,2983840.750000,0,2.1,0.0,0.0,0.0,0.0,0.0,0.0,0.0,1.0
156123,0,1,3400,-54,54,-438,15,18,0.50,3036031.750000,0,2.1,0.14,0.0,52507.937500,0,0.0,0.0,0.0,1.0
156372,0,1,3400,-54,54,-434,14,17,0.50,2916844.500000,0,2.1,0.0,0.0,0.0,0.0,0.0,0.0,0.0,1.0
156621,0,1,3400,-54,54,-435,14,17,0.50,3016605.500000,0,2.1,0.0,0.0,0.0,0.0,0.0,0.0,0.0,1.0
156870,0,1,3400,-54,54,-439,14,17,0.51,2796239.000000,0.4,2.1,0.0,0.0,0.0,0.0,0.0,0.0,0.0,1.0
157119,0,1,3400,-54,54,-443,15,17,0.50,3033275.000000,0,2.1,0.0,0.0,41561.753906,0,0.0,0.0,0.0,1.0
157368,0,1,3400,-54,54,-438,15,17,0.50,3048031.750000,0,2.1,0.0,0.0,0.0,0.0,0.0,0.0,0.0,1.0
157617,0,1,3400,-54,54,-432,14,17,0.50,2930932.250000,0,2.1,0.0,0.0,0.0,0.0,0.0,0.0,0.0,1.0
157866,0,1,3400,-54,54,-432,15,17,0.51,3032159.250000,0,2.1,0.0,0.0,0.0,0.0,0.0,0.0,0.0,1.0
158115,0,1,3400,-54,54,-433,16,17,0.50,3259697.250000,0,2.1,0.0,0.0,41561.753906,0,0.0,0.0,0.0,1.0
158364,0,1,3400,-54,54,-440,14,17,0.50,2939428.500000,0,2.1,0.0,0.0,0.0,0.0,0.0,0.0,0.0,1.0
158613,0,1,3400,-54,54,-436,15,18,0.50,2963633.500000,0,2.1,0.0,0.0,0.0,0.0,0.0,0.0,0.0,1.0
158862,0,1,3400,-54,54,-432,15,17,0.51,3026996.000000,0,2.1,0.0,0.0,0.0,0.0,0.0,0.0,0.0,1.0
159111,0,1,3400,-54,54,-435,14,17,0.50,2878438.250000,0,2.1,4.0,0.0,158661.359375,4,0.0,1.0,1.0,1.0
159360,0,1,3400,-54,54,-435,14,17,0.50,2862444.500000,0,2.1,16,0.0,0.0,80,0.0,0.0,0.0,1.0
159609,0,1,3400,-54,54,-433,14,17,0.50,2890677.250000,0,2.1,15,0.0,0.0,0.0,0.0,0.0,0.0,1.0
159858,0,1,3400,-54,54,-436,14,17,0.50,2882709.250000,0,2.1,16,0.0,0.0,0.0,0.0,0.0,0.0,1.0
160107,0,1,3400,-54,54,-435,14,17,0.50,2901545.750000,0,2.1,8.3,0.0,41561.753906,0,0.0,0.0,0.0,1.0
160356,0,1,3400,-54,54,-438,15,17,0.50,3010518.000000,0,2.1,0.0,0.0,0.0,0.0,0.0,0.0,0.0,1.0
160605,0,1,3400,-54,54,-434,16,18,0.59,3490127.000000,3,2.1,0.0,0.0,0.0,0.0,0.0,0.0,0.0,1.0
160854,0,1,3400,-54,54,-438,14,17,0.50,2878438.250000,0,2.1,0.0,0.0,0.0,0.0,0.0,0.0,0.0,1.0
161103,0,1,3400,-54,54,-436,15,17,0.51,2969912.250000,0,2.1,2.9,0.0,39840.636719,27,0.0,0.0,0.0,1.0
161352,0,1,3400,-54,54,-432,14,17,0.50,2838024.000000,0,2.1,7.5,0.0,0.0,0.0,0.0,0.0,0.0,1.0
161601,0,1,3400,-54,54,-433,14,17,0.53,2835904.750000,0.9,2.1,7.5,0.0,0.0,0.0,0.0,0.0,0.0,1.0
161850,0,1,3400,-54,54,-431,15,17,0.51,3158884.500000,0,2.1,5.4,0.0,5513.944336,0,0.0,0.0,0.0,1.0
162099,0,1,3400,-54,54,-435,14,17,0.50,2892526.000000,0,2.1,0.0,0.0,47075.695312,0,0.0,0.0,0.0,1.0
162348,0,1,3400,-54,54,-440,14,17,0.51,2909514.000000,0,2.1,0.0,0.0,5513.944336,0,0.0,1.0,2.0,1.0
162597,0,1,3400,-54,54,-440,14,17,0.50,2917163.250000,0,2.1,0.0,0.0,0.0,0.0,0.0,0.0,0.0,1.0
162846,0,1,3400,-54,54,-435,14,17,0.50,2870317.500000,0,2.1,0.0,0.0,0.0,0.0,0.0,0.0,0.0,1.0
163095,0,1,3400,-54,54,-439,15,17,0.52,3135617.500000,0.4,2.1,1.7,0.0,34964.144531,44,0.0,0.0,0.0,1.0
163344,0,1,3400,-54,54,-436,15,18,0.53,3054693.250000,0.8,2.1,0.0,0.0,0.0,0.0,0.0,0.0,0.0,1.0
163593,0,1,3400,-54,54,-438,15,17,0.52,3123697.250000,0.4,2.1,0.0,0.0,0.0,0.0,0.0,0.0,0.0,1.0
163842,0,1,3400,-54,54,-438,14,17,0.50,2812889.000000,0,2.1,0.0,0.0,0.0,0.0,0.0,0.0,0.0,1.0
164091,0,1,3400,-54,54,-437,15,18,0.50,3114549.750000,0,2.1,0.0,0.0,36047.808594,14,0.0,0.0,0.0,1.0
164340,0,1,3400,-54,54,-438,15,18,0.50,3134087.750000,0,2.1,0.0,0.0,0.0,0.0,0.0,0.0,0.0,1.0
164589,0,1,3400,-54,54,-434,14,17,0.51,2957418.250000,0,2.1,0.0,0.0,5513.944336,0,0.0,0.0,0.0,1.0
164838,0,1,3400,-54,54,-438,15,17,0.50,2972000.000000,0,2.1,0.30,0.0,0.0,50,0.0,0.0,0.0,1.0
165087,0,1,3400,-54,54,-440,15,18,0.50,3168733.000000,0,2.1,2.9,0.0,46055.777344,0,0.0,0.0,0.0,1.0
165336,0,1,3400,-54,54,-436,15,17,0.50,3021035.750000,0,2.1,0.0,0.0,0.0,0.0,0.0,0.0,0.0,1.0
165585,0,1,3400,-54,54,-437,14,17,0.50,2907665.250000,0,2.1,0.0,0.0,0.0,0.0,0.0,0.0,0.0,1.0
165834,0,1,3400,-54,54,-435,14,17,0.50,2932462.250000,0,2.1,0.0,0.0,0.0,0.0,0.0,1.0,1.0,1.0
166083,0,1,3400,-54,54,-439,15,17,0.50,3022920.750000,0,2.1,0.0,0.0,41396.824219,0,0.0,0.0,0.0,1.0
166332,0,1,3400,-54,54,-441,15,17,0.51,3015171.250000,0,2.1,0.0,0.0,0.0,0.0,0.0,0.0,0.0,1.0
166581,0,1,3400,-54,54,-437,15,17,0.50,3011697.250000,0,2.1,0.0,0.0,0.0,0.0,0.0,0.0,0.0,1.0
166830,0,1,3400,-54,54,-439,14,17,0.50,3011856.500000,0,2.1,0.0,0.0,0.0,0.0,0.0,0.0,0.0,1.0
167079,0,1,3400,-54,54,-438,14,18,0.50,2865650.750000,0,2.1,4.2,0.0,48730.160156,25,0.0,0.0,0.0,1.0
167328,0,1,3400,-54,54,-436,16,18,0.50,3289434.250000,0,2.1,7.5,0.0,0.0,0.0,0.0,0.0,0.0,1.0
167577,0,1,3400,-54,54,-436,15,17,0.52,2985721.000000,0.4,2.1,7.4,0.0,0.0,0.0,0.0,0.0,0.0,1.0
167826,0,1,3400,-54,54,-437,15,18,0.50,3089243.000000,0,2.1,7.5,0.0,0.0,0.0,0.0,0.0,0.0,1.0
168075,0,1,3400,-54,54,-441,14,17,0.50,2849809.500000,0,2.1,12,0.0,235682.546875,62,0.0,0.0,0.0,1.0
168324,0,1,3400,-54,54,-440,14,17,0.50,2883028.000000,0,2.1,16,0.0,0.0,0.0,0.0,0.0,0.0,1.0
168573,0,1,3400,-54,54,-436,14,17,0.50,2999617.500000,0,2.1,16,0.0,0.0,0.0,0.0,0.0,0.0,1.0
168822,0,1,3400,-54,54,-436,15,18,0.51,3106390.500000,0,2.1,16,0.0,0.0,0.0,0.0,0.0,0.0,1.0
169071,0,1,3400,-54,54,-438,14,17,0.50,2883936.500000,0,2.1,6.1,0.0,48476.191406,0,0.0,0.0,0.0,1.0
169320,0,1,3400,-54,54,-441,16,17,0.51,3295203.250000,0,2.1,0.0,0.0,0.0,0.0,0.0,0.0,0.0,1.0
169569,0,1,3400,-54,54,-436,14,17,0.50,2932621.500000,0,2.1,0.13,0.0,0.0,0.0,0.0,0.0,0.0,1.0
169818,0,1,3400,-54,54,-436,14,17,0.51,2899856.500000,0,2.1,0.0,0.0,0.0,0.0,0.0,0.0,0.0,1.0
170067,0,1,3400,-54,54,-436,14,18,0.50,2913944.250000,0,2.1,0.60,0.0,78756.968750,5,0.0,0.0,0.0,1.0
170316,0,1,3400,-54,54,-434,14,17,0.51,2899333.250000,0.4,2.1,0.0,0.0,0.0,0.0,0.0,0.0,0.0,1.0
170565,0,1,3400,-54,54,-438,14,17,0.50,2890836.750000,0,2.1,0.0,0.0,0.0,0.0,0.0,0.0,0.0,1.0
170814,0,1,3400,-54,54,-437,14,17,0.51,2886247.000000,0.4,2.1,0.0,0.0,0.0,0.0,0.0,0.0,0.0,1.0
171063,0,1,3400,-54,54,-435,14,17,0.50,2861290.750000,0,2.1,4.9,55,0.0,80,0.0,0.0,0.0,1.0
171312,0,1,3400,-54,54,-435,16,18,0.51,3258952.500000,0,2.1,6.0,0.0,7619.047852,0,0.0,0.0,0.0,1.0
171561,0,1,3400,-54,54,-437,14,17,0.50,2869259.000000,0,2.1,0.13,0.0,0.0,0.0,0.0,0.0,0.0,1.0
171810,0,1,3400,-54,54,-438,15,17,0.57,3054948.250000,2,2.1,0.064,0.0,5513.944336,0,0.0,0.0,0.0,1.0
172059,0,1,3400,-54,54,-437,14,18,0.50,2921753.000000,0,2.1,1.1,0.0,29450.199219,19,0.0,0.0,0.0,1.0
172308,0,1,3400,-54,54,-442,15,17,0.50,2973682.500000,0,2.1,1.5,0.0,0.0,80,0.0,0.0,0.0,1.0
172557,0,1,3400,-54,54,-442,14,18,0.50,2948812.750000,0,2.1,7.6,0.0,4494.023926,50,0.0,0.0,0.0,1.0
172806,0,1,3400,-54,54,-443,14,17,0.50,3002996.000000,0,2.1,7.5,0.0,0.0,0.0,0.0,0.0,0.0,1.0
173055,0,1,3400,-54,54,-441,15,18,0.50,3019761.000000,0,2.1,7.0,0.0,66900.398438,0,0.0,0.0,0.0,1.0
173304,0,1,3400,-54,54,-437,14,17,0.50,2871428.500000,0,2.1,7.5,0.0,0.0,0.0,0.0,1.0,1.0,1.0
173553,0,1,3400,-54,54,-437,15,17,0.50,3051792.750000,0,2.1,7.5,0.0,5513.944336,0,0.0,0.0,0.0,1.0
173802,0,1,3400,-54,54,-439,15,17,0.50,3020717.250000,0,2.1,7.5,0.0,0.0,0.0,0.0,0.0,0.0,1.0
174051,0,1,3400,-54,54,-442,15,17,0.50,3107761.000000,0,2.1,7.5,55,0.0,80,0.0,0.0,0.0,1.0
174300,0,1,3400,-54,54,-441,14,18,0.50,2926342.750000,0,2.1,6.0,0.0,7649.402344,20,0.0,0.0,0.0,1.0
174549,0,1,3400,-54,54,-438,14,18,0.50,3022222.250000,0,2.1,0.064,0.0,0.0,0.0,0.0,0.0,0.0,1.0
174798,0,1,3400,-54,54,-442,14,17,0.50,2922263.000000,0,2.1,0.064,0.0,0.0,0.0,0.0,0.0,0.0,1.0
175047,0,1,3400,-54,54,-441,15,18,0.50,3070725.000000,0,2.1,0.16,0.0,35952.191406,7,0.0,0.0,0.0,1.0
175296,0,1,3400,-54,54,-439,14,17,0.51,2909354.500000,0,2.1,3.8,0.0,4494.023926,60,0.0,0.0,0.0,1.0
175545,0,1,3400,-54,54,-439,15,17,0.50,3061492.000000,0,2.1,7.5,0.0,0.0,0.0,0.0,0.0,0.0,1.0
175794,0,1,3400,-54,54,-437,15,17,0.50,3019506.000000,0,2.1,7.5,0.0,0.0,0.0,0.0,0.0,0.0,1.0
176043,0,1,3400,-54,54,-435,14,17,0.50,2909354.500000,0,2.1,3.2,0.0,47075.695312,12,0.0,0.0,0.0,1.0
176292,0,1,3400,-54,54,-440,15,17,0.51,2972972.000000,0.4,2.1,0.36,0.0,4494.023926,0,0.0,0.0,0.0,1.0
176541,0,1,3400,-54,54,-441,14,17,0.50,2930127.000000,0,2.1,7.5,0.0,0.0,0.0,0.0,0.0,0.0,1.0
176790,0,1,3400,-54,54,-445,14,17,0.50,2878279.000000,0,2.1,7.5,0.0,0.0,0.0,0.0,0.0,0.0,1.0
177039,0,1,3400,-54,54,-441,15,18,0.50,3137147.500000,0,2.1,2.7,0.0,41306.773438,0,0.0,0.0,0.0,1.0
177288,0,1,3400,-54,54,-439,15,17,0.50,2985211.250000,0,2.1,0.0,0.0,0.0,0.0,0.0,0.0,0.0,1.0
177537,0,1,3400,-54,54,-440,14,17,0.50,3027809.500000,0,2.1,0.13,0.0,10984.126953,0,0.0,0.0,0.0,1.0
177786,0,1,3400,-54,54,-440,14,17,0.50,2924812.750000,0,2.1,0.0,0.0,0.0,0.0,0.0,0.0,0.0,1.0
178035,0,1,3400,-54,54,-442,14,17,0.51,2917163.250000,0.4,2.1,1.0,0.0,51569.722656,6,0.0,0.0,0.0,1.0
178284,0,1,3400,-54,54,-439,15,18,0.52,3138677.250000,0,2.1,0.0,0.0,0.0,0.0,0.0,0.0,0.0,1.0
178533,0,1,3400,-54,54,-436,16,18,0.51,3327904.500000,0,2.1,0.0,0.0,0.0,0.0,0.0,0.0,0.0,1.0
178782,0,1,3400,-54,54,-438,15,17,0.51,2987238.000000,0.4,2.1,0.0,0.0,0.0,0.0,0.0,0.0,0.0,1.0
179031,0,1,3400,-54,54,-443,14,18,0.50,2928031.750000,0,2.1,2.6,0.0,34900.398438,0,0.0,0.0,0.0,1.0
179280,0,1,3400,-54,54,-436,14,17,0.50,2921753.000000,0,2.1,5.4,0.0,16988.046875,0,0.0,0.0,0.0,1.0
179529,0,1,3400,-54,54,-435,14,18,0.50,2915474.000000,0,2.1,5.0,0.0,0.0,0.0,0.0,0.0,0.0,1.0
179778,0,1,3400,-54,54,-440,15,18,0.51,3052603.250000,0,2.1,5.0,0.0,0.0,0.0,0.0,0.0,0.0,1.0
180027,0,1,3400,-54,54,-438,15,18,0.50,3032956.250000,0,2.1,8.4,0.0,52462.152344,36,0.0,0.0,0.0,1.0
180276,0,1,3400,-54,54,-440,14,17,0.51,2892207.250000,0.4,2.1,14,0.0,0.0,0.0,0.0,0.0,0.0,1.0
180525,0,1,3400,-54,54,-441,14,17,0.50,2921753.000000,0,2.1,14,0.0,0.0,0.0,0.0,0.0,0.0,1.0
180774,0,1,3400,-54,54,-438,15,17,0.50,2990444.500000,0,2.1,14,0.0,0.0,0.0,0.0,0.0,0.0,1.0
181023,0,1,3400,-54,54,-439,14,17,0.50,2924972.000000,0,2.1,9.7,0.0,48924.304688,25,0.0,0.0,0.0,1.0
181272,0,1,3400,-54,54,-443,14,17,0.50,2909514.000000,0,2.1,7.5,0.0,5513.944336,0,0.0,0.0,0.0,1.0
181521,0,1,3400,-54,54,-443,14,18,0.50,2867569.750000,0,2.1,7.5,0.0,0.0,0.0,0.0,0.0,0.0,1.0
181770,0,1,3400,-54,54,-436,15,17,0.50,3013619.000000,0,2.1,7.5,0.0,0.0,0.0,0.0,0.0,0.0,1.0
182019,0,1,3400,-54,54,-437,14,17,0.51,2898645.500000,0.4,2.1,3.0,0.0,41466.136719,0,0.0,0.0,0.0,1.0
182268,0,1,3400,-54,54,-446,14,18,0.50,2924653.500000,0,2.1,0.0,0.0,5513.944336,0,0.0,0.0,0.0,1.0
182517,0,1,3400,-54,54,-442,14,17,0.50,2889147.500000,0,2.1,0.0,0.0,0.0,0.0,0.0,0.0,0.0,1.0
182766,0,1,3400,-54,54,-440,14,17,0.52,2914889.000000,0.4,2.1,0.0,0.0,0.0,0.0,0.0,0.0,0.0,1.0
183015,0,1,3400,-54,54,-441,14,18,0.50,2877067.750000,0,2.1,1.4,0.0,46055.777344,12,0.0,0.0,0.0,1.0
183264,0,1,3400,-54,54,-437,14,18,0.50,2922964.250000,0,2.1,7.5,0.0,5513.944336,0,0.0,0.0,0.0,1.0
183513,0,1,3400,-54,54,-436,15,18,0.50,3108079.750000,0,2.1,7.5,0.0,0.0,0.0,0.0,0.0,0.0,1.0
183762,0,1,3400,-54,54,-440,14,17,0.50,2874793.750000,0,2.1,5.3,0.0,5492.063477,0,0.0,1.0,0.0,1.0
184011,0,1,3400,-54,54,-446,14,17,0.50,2900016.000000,0,2.1,0.0,0.0,36015.937500,0,0.0,0.0,0.0,1.0
184260,0,1,3400,-54,54,-444,15,18,0.50,3032414.250000,0,2.1,0.0,0.0,0.0,0.0,0.0,0.0,0.0,1.0
184509,0,1,3400,-54,54,-439,14,17,0.50,2949609.500000,0,2.1,0.0,0.0,0.0,0.0,0.0,0.0,0.0,1.0
184758,0,1,3400,-54,54,-445,15,17,0.50,2989800.750000,0,2.1,0.30,0.0,4494.023926,0,0.0,0.0,0.0,1.0
185007,0,1,3400,-54,54,-443,14,18,0.50,3012412.750000,0,2.1,2.7,0.0,41396.824219,14,0.0,0.0,0.0,1.0
185256,0,1,3400,-54,54,-444,15,18,0.50,3022406.250000,0,2.1,0.0,0.0,0.0,0.0,0.0,0.0,0.0,1.0
185505,0,1,3400,-54,54,-444,15,17,0.50,3016286.750000,0,2.1,0.0,0.0,0.0,0.0,0.0,0.0,0.0,1.0
185754,0,1,3400,-54,54,-438,15,18,0.51,3025809.500000,0.4,2.1,0.0,0.0,0.0,0.0,0.0,0.0,0.0,1.0
186003,0,1,3400,-54,54,-438,15,17,0.50,3055522.000000,0,2.1,4.0,0.0,48701.195312,8,0.0,0.0,0.0,1.0
186252,0,1,3400,-54,54,-436,15,17,0.52,3022406.250000,0.4,2.1,7.0,0.0,0.0,0.0,0.0,0.0,0.0,1.0
186501,0,1,3400,-54,54,-438,15,18,0.50,3006948.250000,0,2.1,6.9,0.0,0.0,0.0,0.0,0.0,0.0,1.0
186750,0,1,3400,-54,54,-442,15,17,0.50,3027155.500000,0,2.1,7.0,0.0,0.0,0.0,0.0,0.0,0.0,1.0
186999,0,1,3400,-54,54,-446,14,17,0.50,2883936.500000,0,2.1,2.8,0.0,45492.062500,6,0.0,0.0,0.0,1.0
187248,0,1,3400,-54,54,-445,14,17,0.50,2960000.000000,0,2.1,0.0,0.0,0.0,0.0,0.0,0.0,0.0,1.0
187497,0,1,3400,-54,54,-443,15,17,0.50,3102757.000000,0,2.1,0.0,0.0,0.0,0.0,0.0,0.0,0.0,1.0
187746,0,1,3400,-54,54,-440,16,18,0.52,3228462.250000,0.4,2.1,0.0,0.0,0.0,0.0,0.0,0.0,0.0,1.0
187995,0,1,3400,-54,54,-438,14,18,0.51,2904476.250000,0,2.1,7.0,0.0,113809.523438,67,0.0,0.0,0.0,1.0
188244,0,1,3400,-54,54,-445,15,18,0.50,3004047.750000,0,2.1,16,0.0,0.0,0.0,0.0,0.0,0.0,1.0
188493,0,1,3400,-54,54,-443,15,17,0.50,3200510.000000,0,2.1,8.9,0.0,5513.944336,0,0.0,1.0,3.0,1.0
188742,0,1,3400,-54,54,-441,15,17,0.52,3014757.000000,0.4,2.1,8.0,0.0,5513.944336,0,0.0,0.0,0.0,1.0
188991,0,1,3400,-54,54,-438,15,17,0.51,3120127.000000,0,2.1,7.4,0.0,71841.273438,8,0.0,0.0,0.0,1.0
189240,0,1,3400,-54,54,-439,14,17,0.50,2907506.000000,0,2.1,7.5,0.0,0.0,80,0.0,0.0,0.0,1.0
189489,0,1,3400,-54,54,-445,16,17,0.51,3232159.250000,0,2.1,7.5,0.0,0.0,0.0,0.0,0.0,0.0,1.0
189738,0,1,3400,-54,54,-443,15,18,0.50,3132557.750000,0,2.1,7.5,0.0,0.0,0.0,0.0,0.0,0.0,1.0
189987,0,1,3400,-54,54,-450,15,18,0.50,3142031.750000,0,2.1,3.0,0.0,41396.824219,7,0.0,0.0,0.0,1.0
190236,0,1,3400,-54,54,-438,14,18,0.51,2897115.500000,0.4,2.1,0.0,0.0,0.0,0.0,0.0,0.0,0.0,1.0
190485,0,1,3400,-54,54,-438,14,17,0.50,2900175.250000,0,2.1,0.0,0.0,0.0,0.0,0.0,0.0,0.0,1.0
190734,0,1,3400,-54,54,-441,15,17,0.50,3056541.750000,0,2.1,0.0,0.0,0.0,0.0,0.0,1.0,1.0,1.0
190983,0,1,3400,-54,54,-443,14,18,0.50,2899333.250000,0,2.1,4.8,55,0.0,80,0.0,0.0,0.0,1.0
191232,0,1,3400,-54,54,-444,15,18,0.50,3041083.750000,0,2.1,3.5,0.0,7649.402344,0,0.0,0.0,0.0,1.0
191481,0,1,3400,-54,54,-442,15,18,0.50,3130868.500000,0,2.1,0.0,0.0,0.0,0.0,0.0,0.0,0.0,1.0
191730,0,1,3400,-54,54,-445,14,18,0.50,2929561.750000,0,2.1,0.0,0.0,0.0,0.0,0.0,0.0,0.0,1.0
191979,0,1,3400,-54,54,-445,14,17,0.52,2933587.250000,0.4,2.1,0.0,0.0,37619.046875,0,0.0,0.0,0.0,1.0
192228,0,1,3400,-54,54,-444,15,17,0.50,3055012.000000,0,2.1,0.0,0.0,0.0,0.0,0.0,0.0,0.0,1.0
192477,0,1,3400,-54,54,-445,15,18,0.50,3148016.000000,0,2.1,0.0,0.0,0.0,0.0,0.0,0.0,0.0,1.0
192726,0,1,3400,-54,54,-443,15,17,0.52,3126948.250000,0,2.1,0.0,0.0,0.0,0.0,0.0,0.0,0.0,1.0
192975,0,1,3400,-54,54,-444,14,17,0.50,2891555.500000,0,2.1,5.6,0.0,53841.269531,22,0.0,0.0,0.0,1.0
193224,0,1,3400,-54,54,-444,16,18,0.51,3263808.750000,0,2.1,14,0.0,0.0,0.0,0.0,0.0,0.0,1.0
193473,0,1,3400,-54,54,-442,14,17,0.51,2978039.750000,0,2.1,14,0.0,0.0,0.0,0.0,0.0,0.0,1.0
193722,0,1,3400,-54,54,-441,14,17,0.50,2900175.250000,0,2.1,7.6,0.0,5513.944336,0,0.0,0.0,0.0,1.0
193971,0,1,3400,-54,54,-445,15,18,0.50,3036635.000000,0,2.1,6.9,0.0,86920.632812,40,0.0,0.0,0.0,1.0
194220,0,1,3400,-54,54,-439,14,17,0.50,2993338.750000,0,2.1,8.0,0.0,0.0,0.0,0.0,0.0,0.0,1.0
194469,0,1,3400,-54,54,-440,15,18,0.50,3127968.250000,0,2.1,8.0,0.0,0.0,0.0,0.0,0.0,0.0,1.0
194718,0,1,3400,-54,54,-441,14,17,0.50,2893896.500000,0,2.1,7.9,0.0,0.0,0.0,0.0,0.0,0.0,1.0
194967,0,1,3400,-54,54,-440,16,17,0.52,3190254.000000,0.4,2.1,4.4,0.0,41396.824219,0,0.0,0.0,0.0,1.0
195216,0,1,3400,-54,54,-442,14,17,0.50,2901227.000000,0,2.1,0.0,0.0,0.0,0.0,0.0,0.0,0.0,1.0
195465,0,1,3400,-54,54,-440,14,17,0.50,2998087.750000,0,2.1,0.0,0.0,0.0,0.0,0.0,0.0,0.0,1.0
195714,0,1,3400,-54,54,-441,15,17,0.51,2976031.750000,0,2.1,0.0,0.0,0.0,0.0,0.0,0.0,0.0,1.0
195963,0,1,3400,-54,54,-444,15,18,0.51,3061492.000000,0.4,2.1,4.2,0.0,65650.796875,0,0.0,0.0,0.0,1.0
196212,0,1,3400,-54,54,-439,15,17,0.50,3028685.250000,0,2.1,7.5,0.0,0.0,0.0,0.0,0.0,0.0,1.0
196461,0,1,3400,-54,54,-441,14,17,0.50,2946390.500000,0,2.1,7.5,0.0,0.0,0.0,0.0,0.0,0.0,1.0
196710,0,1,3400,-54,54,-447,14,17,0.50,2978645.500000,0,2.1,7.5,0.0,0.0,0.0,0.0,0.0,0.0,1.0
196959,0,1,3400,-54,54,-445,16,18,0.50,3257428.500000,0,2.1,12,55,0.0,80,0.0,0.0,0.0,1.0
197208,0,1,3400,-54,54,-443,15,17,0.51,3011856.500000,0,2.1,12,0.0,7649.402344,0,0.0,0.0,0.0,1.0
197457,0,1,3400,-54,54,-445,15,17,0.51,3053641.500000,0,2.1,0.0,0.0,0.0,0.0,0.0,0.0,0.0,1.0
197706,0,1,3400,-54,54,-440,14,17,0.50,2873689.250000,0,2.1,0.0,0.0,0.0,0.0,0.0,0.0,0.0,1.0
197955,0,1,3400,-54,54,-440,15,18,0.50,2994158.750000,0,2.1,8.4,0.0,35904.761719,48,0.0,0.0,0.0,1.0
198204,0,1,3400,-54,54,-443,15,18,0.50,3075219.000000,0,2.1,16,0.0,0.0,0.0,0.0,0.0,0.0,1.0
198453,0,1,3400,-54,54,-441,14,17,0.50,2928031.750000,0,2.1,16,0.0,0.0,0.0,0.0,0.0,0.0,1.0
198702,0,1,3400,-54,54,-448,15,18,0.50,3059601.500000,0,2.1,16,0.0,0.0,0.0,0.0,0.0,0.0,1.0
198951,0,1,3400,-54,54,-444,15,17,0.50,3144446.250000,0,2.1,6.9,0.0,50645.417969,0,0.0,0.0,0.0,1.0
199200,0,1,3400,-54,54,-446,15,17,0.54,2974889.000000,0.9,2.1,0.0,0.0,0.0,0.0,0.0,0.0,0.0,1.0
199449,0,1,3400,-54,54,-447,14,17,0.50,2948079.750000,0,2.1,0.0,0.0,0.0,0.0,0.0,0.0,0.0,1.0
199698,0,1,3400,-54,54,-442,14,17,0.50,2859920.250000,0,2.1,0.0,0.0,0.0,0.0,0.0,0.0,0.0,1.0
199947,0,1,3400,-54,54,-444,14,17,0.51,2918852.500000,0,2.1,6.9,0.0,117705.179688,31,0.0,0.0,0.0,1.0
200196,0,1,3400,-54,54,-441,15,17,0.50,2988920.750000,0,2.1,8.0,0.0,0.0,0.0,0.0,0.0,0.0,1.0
200445,0,1,3400,-54,54,-440,15,17,0.50,3017816.750000,0,2.1,7.9,0.0,0.0,0.0,0.0,0.0,0.0,1.0
200694,0,1,3400,-54,54,-446,14,18,0.50,2875219.000000,0,2.1,8.0,0.0,5513.944336,0,0.0,0.0,0.0,1.0
200943,0,1,3400,-54,54,-442,14,17,0.50,2917163.250000,0,2.1,3.2,0.0,47075.695312,0,0.0,0.0,0.0,1.0
201192,0,1,3400,-54,54,-444,14,18,0.50,2857555.500000,0,2.1,0.0,0.0,0.0,0.0,0.0,0.0,0.0,1.0
201441,0,1,3400,-54,54,-445,14,17,0.51,2933992.000000,0.4,2.1,0.0,0.0,0.0,0.0,0.0,1.0,2.0,1.0
201690,0,1,3400,-54,54,-442,15,17,0.51,3133928.250000,0,2.1,0.0,0.0,0.0,0.0,0.0,0.0,0.0,1.0
201939,0,1,3400,-54,54,-443,14,17,0.50,2886087.750000,0,2.1,4.0,0.0,48701.195312,0,0.0,0.0,0.0,1.0
202188,0,1,3400,-54,54,-442,14,17,0.50,2886825.500000,0,2.1,6.9,0.0,0.0,0.0,0.0,0.0,0.0,1.0
202437,0,1,3400,-54,54,-441,15,18,0.50,3002868.500000,0,2.1,2.0,0.0,5513.944336,0,0.0,0.0,0.0,1.0
202686,0,1,3400,-54,54,-442,15,17,0.50,3141737.000000,0,2.1,0.0,0.0,0.0,0.0,0.0,0.0,0.0,1.0
202935,0,1,3400,-54,54,-453,15,17,0.50,3021396.750000,0,2.1,0.0,0.0,46888.890625,0,0.0,0.0,0.0,1.0
203184,0,1,3400,-54,54,-449,14,17,0.52,2896733.000000,0.4,2.1,4.8,0.0,4494.023926,0,0.0,0.0,0.0,1.0
203433,0,1,3400,-54,54,-447,15,17,0.50,3108079.750000,0,2.1,7.5,0.0,0.0,0.0,0.0,0.0,0.0,1.0
203682,0,1,3400,-54,54,-445,15,17,0.50,3003888.500000,0,2.1,7.5,0.0,0.0,0.0,0.0,0.0,0.0,1.0
203931,0,1,3400,-54,54,-445,15,18,0.50,3135523.750000,0,2.1,6.8,0.0,45428.570312,24,0.0,0.0,0.0,1.0
204180,0,1,3400,-54,54,-442,15,18,0.50,3019346.500000,0,2.1,7.5,0.0,0.0,0.0,0.0,0.0,0.0,1.0
204429,0,1,3400,-54,54,-444,15,18,0.50,3122326.750000,0,2.1,7.5,0.0,0.0,0.0,0.0,0.0,0.0,1.0
204678,0,1,3400,-54,54,-446,14,17,0.52,2958310.750000,0.4,2.1,1.8,0.0,5513.944336,0,0.0,0.0,0.0,1.0
204927,0,1,3400,-54,54,-446,15,17,0.50,3041873.000000,0,2.1,4.5,0.0,99015.875000,25,0.0,0.0,0.0,1.0
205176,0,1,3400,-54,54,-444,15,17,0.50,2990470.000000,0,2.1,8.0,0.0,0.0,0.0,0.0,0.0,0.0,1.0
205425,0,1,3400,-54,54,-448,15,17,0.52,3013067.750000,0.4,2.1,8.0,0.0,0.0,0.0,0.0,0.0,0.0,1.0
205674,0,1,3400,-54,54,-444,15,17,0.50,3040924.250000,0,2.1,8.0,0.0,0.0,0.0,0.0,0.0,0.0,1.0
205923,0,1,3400,-54,54,-441,14,17,0.50,2876158.750000,0,2.1,2.9,0.0,41396.824219,0,0.0,0.0,0.0,1.0
206172,0,1,3400,-54,54,-444,14,17,0.50,2876749.000000,0,2.1,0.0,0.0,0.0,0.0,0.0,0.0,0.0,1.0
206421,0,1,3400,-54,54,-446,14,17,0.50,2876749.000000,0,2.1,0.0,0.0,0.0,0.0,0.0,0.0,0.0,1.0
206670,0,1,3400,-54,54,-444,14,17,0.50,2952669.250000,0,2.1,0.0,0.0,0.0,0.0,0.0,0.0,0.0,1.0
206919,0,1,3400,-54,54,-444,14,18,0.51,2865492.000000,0.4,2.1,4.5,0.0,92380.953125,25,0.0,0.0,0.0,1.0
207168,0,1,3400,-54,54,-441,15,18,0.50,3140366.500000,0,2.1,8.0,0.0,0.0,0.0,0.0,0.0,0.0,1.0
207417,0,1,3400,-54,54,-443,15,17,0.50,3161944.250000,0,2.1,8.0,0.0,0.0,0.0,0.0,0.0,0.0,1.0
207666,0,1,3400,-54,54,-443,14,17,0.50,2864350.500000,0,2.1,8.0,0.0,0.0,0.0,0.0,0.0,0.0,1.0
207915,0,1,3400,-54,54,-448,15,17,0.52,3042889.000000,0.4,2.1,10,0.0,73111.109375,35,0.0,1.0,3.0,1.0
208164,0,1,3400,-54,54,-447,14,17,0.50,2938263.000000,0,2.1,15,0.0,0.0,0.0,0.0,0.0,0.0,1.0
208413,0,1,3400,-54,54,-446,15,18,0.51,3053259.000000,0,2.1,15,0.0,0.0,0.0,0.0,0.0,0.0,1.0
208662,0,1,3400,-54,54,-446,15,18,0.50,3102438.250000,0,2.1,15,0.0,0.0,0.0,0.0,0.0,0.0,1.0
208911,0,1,3400,-54,54,-444,15,17,0.50,3013777.750000,0,2.1,5.7,0.0,41396.824219,0,0.0,0.0,0.0,1.0
209160,0,1,3400,-54,54,-444,16,18,0.50,3375808.750000,0,2.1,0.0,0.0,0.0,0.0,0.0,0.0,0.0,1.0
209409,0,1,3400,-54,54,-449,14,17,0.50,2852366.500000,0,2.1,0.0,0.0,0.0,0.0,0.0,0.0,0.0,1.0
209658,0,1,3400,-54,54,-444,15,17,0.50,3053482.000000,0,2.1,0.0,0.0,5513.944336,0,0.0,0.0,0.0,1.0
209907,0,1,3400,-54,54,-449,14,17,0.50,2902539.750000,0,2.1,0.0,0.0,35873.015625,7,0.0,0.0,0.0,1.0
210156,0,1,3400,-54,54,-445,14,17,0.50,2903075.750000,0,2.1,0.0,0.0,11027.888672,0,0.0,0.0,0.0,1.0
210405,0,1,3400,-54,54,-443,14,17,0.52,2910247.000000,0.4,2.1,0.0,0.0,0.0,0.0,0.0,0.0,0.0,1.0
210654,0,1,3400,-54,54,-439,14,17,0.50,2976669.250000,0,2.1,0.0,0.0,0.0,0.0,0.0,0.0,0.0,1.0
210903,0,1,3400,-54,54,-439,14,17,0.50,2833015.750000,0,2.1,0.0,0.0,46888.890625,0,0.0,0.0,0.0,1.0
211152,0,1,3400,-54,54,-444,14,17,0.50,2856701.250000,0,2.1,0.0,0.0,0.0,0.0,0.0,0.0,0.0,1.0
211401,0,1,3400,-54,54,-447,15,18,0.51,3020717.250000,0,2.1,0.0,0.0,0.0,0.0,0.0,0.0,0.0,1.0
211650,0,1,3400,-54,54,-450,15,17,0.53,2949705.250000,0.9,2.1,0.0,0.0,0.0,0.0,0.0,1.0,3.0,1.0
211899,0,1,3400,-54,54,-445,14,17,0.50,2782893.250000,0,2.1,0.0,0.0,41233.203125,0,0.0,0.0,0.0,1.0
212148,0,1,3400,-54,54,-444,14,17,0.51,2879968.250000,0.4,2.1,0.0,0.0,0.0,0.0,0.0,0.0,0.0,1.0
212397,0,1,3400,-54,54,-444,15,18,0.50,3002358.500000,0,2.1,0.0,0.0,0.0,0.0,0.0,0.0,0.0,1.0
212646,0,1,3400,-54,54,-444,16,18,0.50,3239649.500000,0,2.1,0.0,0.0,0.0,0.0,0.0,0.0,0.0,1.0
212895,0,1,3400,-54,54,-444,15,18,0.50,3123333.250000,0,2.1,3.1,0.0,64761.906250,0,0.0,0.0,0.0,1.0
213144,0,1,3400,-54,54,-450,15,18,0.52,3134119.500000,0.4,2.1,7.5,0.0,0.0,0.0,0.0,0.0,0.0,1.0
213393,0,1,3400,-54,54,-446,14,17,0.51,3033593.750000,0,2.1,7.4,0.0,0.0,0.0,0.0,0.0,0.0,1.0
213642,0,1,3400,-54,54,-440,14,18,0.50,2881498.000000,0,2.1,7.5,0.0,0.0,80,0.0,0.0,0.0,1.0
213891,0,1,3400,-54,54,-445,15,17,0.50,2984190.500000,0,2.1,2.7,0.0,41396.824219,0,0.0,0.0,0.0,1.0
214140,0,1,3400,-54,54,-447,15,17,0.50,3143426.250000,0,2.1,0.0,0.0,5513.944336,0,0.0,0.0,0.0,1.0
214389,0,1,3400,-54,54,-447,14,17,0.50,2920223.000000,0,2.1,4.2,0.0,5513.944336,57,0.0,0.0,0.0,1.0
214638,0,1,3400,-54,54,-443,15,17,0.51,3055012.000000,0,2.1,7.5,0.0,0.0,0.0,0.0,0.0,0.0,1.0
214887,0,1,3400,-54,54,-444,17,17,0.67,3497619.000000,4,2.1,6.9,0.0,48730.160156,25,0.0,0.0,0.0,1.0
215136,0,1,3400,-54,54,-447,14,17,0.50,2882709.250000,0,2.1,7.5,0.0,5513.944336,0,0.0,0.0,0.0,1.0
215385,0,1,3400,-54,54,-448,15,17,0.50,3093354.500000,0,2.1,7.5,0.0,0.0,0.0,0.0,0.0,0.0,1.0
215634,0,1,3400,-54,54,-453,14,17,0.50,2858231.000000,0,2.1,7.5,0.0,0.0,0.0,0.0,0.0,0.0,1.0
215883,0,1,3400,-54,54,-452,15,17,0.51,3149396.750000,0,2.1,4.9,0.0,28380.953125,24,0.0,0.0,0.0,1.0
216132,0,1,3400,-54,54,-447,14,17,0.51,2941960.250000,0.4,2.1,0.0,0.0,0.0,0.0,0.0,1.0,2.0,1.0
216381,0,1,3400,-54,54,-448,14,17,0.50,2918693.250000,0,2.1,0.0,0.0,0.0,0.0,0.0,0.0,0.0,1.0
216630,0,1,3400,-54,54,-449,14,17,0.52,2892366.500000,0.4,2.1,0.0,0.0,5513.944336,0,0.0,0.0,0.0,1.0
216879,0,1,3400,-54,54,-448,15,18,0.51,3160222.250000,0,2.1,3.5,55,0.0,80,0.0,0.0,0.0,1.0
217128,0,1,3400,-54,54,-446,14,18,0.50,2900175.250000,0,2.1,7.2,0.0,5513.944336,0,0.0,0.0,0.0,1.0
217377,0,1,3400,-54,54,-449,14,17,0.50,2935522.000000,0,2.1,0.0,0.0,2135.458252,0,0.0,0.0,0.0,1.0
217626,0,1,3400,-54,54,-447,14,17,0.50,2889147.500000,0,2.1,0.0,0.0,0.0,0.0,0.0,0.0,0.0,1.0
217875,0,1,3400,-54,54,-450,15,17,0.50,2979777.750000,0,2.1,4.5,0.0,92380.953125,25,0.0,0.0,0.0,1.0
218124,0,1,3400,-54,54,-447,15,18,0.50,3145976.000000,0,2.1,2.6,0.0,5513.944336,0,0.0,0.0,0.0,1.0
218373,0,1,3400,-54,54,-449,14,17,0.50,2933195.250000,0,2.1,0.0,0.0,0.0,0.0,0.0,0.0,0.0,1.0
218622,0,1,3400,-54,54,-444,16,18,0.51,3190381.000000,0,2.1,0.0,0.0,0.0,0.0,0.0,0.0,0.0,1.0
218871,0,1,3400,-54,54,-440,14,17,0.51,2869099.500000,0.4,2.1,0.0,0.0,48637.449219,6,0.0,0.0,0.0,1.0
219120,0,1,3400,-54,54,-446,14,17,0.50,2872000.000000,0,2.1,0.0,0.0,5513.944336,0,0.0,0.0,0.0,1.0
219369,0,1,3400,-54,54,-446,14,17,0.50,2882868.500000,0,2.1,0.0,0.0,0.0,0.0,0.0,0.0,0.0,1.0
219618,0,1,3400,-54,54,-447,15,18,0.50,2970317.500000,0,2.1,0.0,0.0,0.0,0.0,0.0,0.0,0.0,1.0
219867,0,1,3400,-54,54,-448,15,17,0.50,3058071.750000,0,2.1,0.0,0.0,41529.878906,0,0.0,0.0,0.0,1.0
220116,0,1,3400,-54,54,-452,15,17,0.50,3061131.500000,0,2.1,0.0,0.0,0.0,0.0,0.0,0.0,0.0,1.0
220365,0,1,3400,-54,54,-444,14,17,0.50,2932462.250000,0,2.1,0.0,0.0,0.0,0.0,0.0,0.0,0.0,1.0
220614,0,1,3400,-54,54,-444,15,18,0.50,2995015.750000,0,2.1,0.0,0.0,10984.126953,0,0.0,1.0,1.0,1.0
220863,0,1,3400,-54,54,-445,15,18,0.50,3115569.750000,0,2.1,0.0,0.0,41561.753906,0,0.0,0.0,0.0,1.0
221112,0,1,3400,-54,54,-448,15,17,0.50,2977561.750000,0,2.1,0.0,0.0,0.0,0.0,0.0,0.0,0.0,1.0
221361,0,1,3400,-54,54,-451,15,18,0.51,3154135.500000,0,2.1,0.0,0.0,0.0,0.0,0.0,0.0,0.0,1.0
221610,0,1,3400,-54,54,-449,14,17,0.50,2897650.750000,0,2.1,0.0,0.0,0.0,0.0,0.0,0.0,0.0,1.0
221859,0,1,3400,-54,54,-443,15,17,0.51,3008478.000000,0,2.1,3.2,0.0,99410.359375,24,0.0,0.0,0.0,1.0
222108,0,1,3400,-54,54,-447,14,17,0.50,2938422.250000,0,2.1,8.0,0.0,0.0,0.0,0.0,0.0,0.0,1.0
222357,0,1,3400,-54,54,-440,15,17,0.51,3111649.500000,0,2.1,8.0,0.0,0.0,0.0,0.0,0.0,0.0,1.0
222606,0,1,3400,-54,54,-448,14,18,0.51,2893238.000000,0,2.1,8.0,0.0,0.0,0.0,0.0,0.0,0.0,1.0
222855,0,1,3400,-54,54,-447,15,17,0.50,2994549.750000,0,2.1,2.9,0.0,41561.753906,0,0.0,0.0,0.0,1.0
223104,0,1,3400,-54,54,-448,14,17,0.50,2907824.750000,0,2.1,0.0,0.0,0.0,0.0,0.0,0.0,0.0,1.0
223353,0,1,3400,-54,54,-451,14,17,0.50,2932781.000000,0,2.1,0.0,0.0,0.0,0.0,0.0,0.0,0.0,1.0
223602,0,1,3400,-54,54,-448,14,18,0.50,2907111.000000,0,2.1,0.0,0.0,0.0,0.0,0.0,0.0,0.0,1.0
223851,0,1,3400,-54,54,-448,14,17,0.51,2912573.750000,0,2.1,8.3,0.0,92749.007812,25,0.0,0.0,0.0,1.0
224100,0,1,3400,-54,54,-449,15,17,0.51,2962613.500000,0.4,2.1,16,0.0,0.0,0.0,0.0,0.0,0.0,1.0
224349,0,1,3400,-54,54,-448,15,17,0.50,3021238.000000,0,2.1,16,0.0,0.0,0.0,0.0,0.0,0.0,1.0
224598,0,1,3400,-54,54,-450,15,18,0.50,2989960.250000,0,2.1,16,0.0,0.0,0.0,0.0,0.0,0.0,1.0
224847,0,1,3400,-54,54,-452,13,17,0.51,2753020.000000,0,2.1,15,0.0,93227.093750,53,0.0,0.0,0.0,1.0
225096,0,1,3400,-54,54,-445,14,17,0.53,2866294.750000,0.8,2.1,15,0.0,0.0,0.0,0.0,1.0,0.0,1.0
225345,0,1,3400,-54,54,-449,14,17,0.50,2839111.000000,0,2.1,16,0.0,0.0,0.0,0.0,0.0,0.0,1.0
225594,0,1,3400,-54,54,-448,14,17,0.50,2943330.750000,0,2.1,16,0.0,0.0,0.0,0.0,0.0,0.0,1.0
225843,0,1,3400,-54,54,-445,14,17,0.50,2845832.750000,0,2.1,5.9,0.0,41561.753906,0,0.0,0.0,0.0,1.0
226092,0,1,3400,-54,54,-450,15,17,0.51,3012207.250000,0.4,2.1,0.0,0.0,0.0,0.0,0.0,0.0,0.0,1.0
226341,0,1,3400,-54,54,-448,14,17,0.50,2924031.750000,0,2.1,0.0,0.0,0.0,0.0,0.0,0.0,0.0,1.0
226590,0,1,3400,-54,54,-445,15,17,0.52,3157354.500000,0.4,2.1,0.0,0.0,5513.944336,0,0.0,0.0,0.0,1.0
226839,0,1,3400,-54,54,-451,14,17,0.50,2884972.000000,0,2.1,0.0,0.0,41561.753906,0,0.0,0.0,0.0,1.0
227088,0,1,3400,-54,54,-452,14,17,0.50,2869099.500000,0,2.1,0.0,0.0,0.0,0.0,0.0,0.0,0.0,1.0
227337,0,1,3400,-54,54,-450,15,17,0.50,2987396.750000,0,2.1,0.0,0.0,0.0,0.0,0.0,0.0,0.0,1.0
227586,0,1,3400,-54,54,-451,14,17,0.50,2872159.250000,0,2.1,0.0,0.0,0.0,0.0,0.0,0.0,0.0,1.0
227835,0,1,3400,-54,54,-449,15,18,0.50,3013067.750000,0,2.1,0.0,0.0,47075.695312,0,0.0,0.0,0.0,1.0
228084,0,1,3400,-54,54,-444,15,17,0.52,2985714.250000,0.4,2.1,0.0,0.0,0.0,0.0,0.0,0.0,0.0,1.0
228333,0,1,3400,-54,54,-448,15,17,0.50,3158725.000000,0,2.1,0.0,0.0,0.0,0.0,0.0,0.0,0.0,1.0
228582,0,1,3400,-54,54,-448,15,17,0.50,3123888.500000,0,2.1,0.0,0.0,0.0,0.0,0.0,0.0,0.0,1.0
228831,0,1,3400,-54,54,-448,15,18,0.50,3197609.500000,0,2.1,0.0,0.0,41561.753906,0,0.0,0.0,0.0,1.0
229080,0,1,3400,-54,54,-442,14,17,0.50,2886984.250000,0,2.1,0.0,0.0,0.0,0.0,0.0,0.0,0.0,1.0
229329,0,1,3400,-54,54,-439,14,17,0.50,2881498.000000,0,2.1,0.0,0.0,0.0,0.0,0.0,0.0,0.0,1.0
229578,0,1,3400,-54,54,-446,15,17,0.51,3022565.750000,0,2.1,0.0,0.0,0.0,0.0,0.0,0.0,0.0,1.0
229827,0,1,3400,-54,54,-451,14,17,0.50,2858390.500000,0,2.1,4.4,0.0,96478.085938,22,0.0,0.0,0.0,1.0
230076,0,1,3400,-54,54,-447,14,17,0.50,2906135.500000,0,2.1,8.0,0.0,0.0,0.0,0.0,0.0,0.0,1.0
230325,0,1,3400,-54,54,-449,15,17,0.51,2993492.000000,0.4,2.1,8.0,0.0,10984.126953,0,0.0,0.0,0.0,1.0
230574,0,1,3400,-54,54,-446,14,18,0.50,2900589.750000,0,2.1,3.1,0.0,5513.944336,0,0.0,0.0,0.0,1.0
230823,0,1,3400,-54,54,-448,13,17,0.51,2762932.250000,0,2.1,6.6,0.0,157928.281250,59,0.0,0.0,0.0,1.0
231072,0,1,3400,-54,54,-452,14,18,0.50,2917777.750000,0,2.1,16,0.0,0.0,0.0,0.0,0.0,0.0,1.0
231321,0,1,3400,-54,54,-450,14,18,0.50,2889147.500000,0,2.1,16,0.0,0.0,0.0,0.0,0.0,0.0,1.0
231570,0,1,3400,-54,54,-446,15,18,0.50,3018326.750000,0,2.1,16,0.0,0.0,0.0,0.0,0.0,0.0,1.0
231819,0,1,3400,-54,54,-444,15,17,0.50,3162103.500000,0,2.1,6.1,0.0,41561.753906,0,0.0,0.0,0.0,1.0
232068,0,1,3400,-54,54,-450,15,17,0.51,3000254.000000,0.4,2.1,0.0,0.0,5492.063477,0,0.0,0.0,0.0,1.0
232317,0,1,3400,-54,54,-450,16,17,0.52,3291123.500000,0,2.1,4.1,0.0,0.0,80,0.0,0.0,0.0,1.0
232566,0,1,3400,-54,54,-451,15,17,0.50,2996239.000000,0,2.1,7.5,0.0,0.0,0.0,0.0,0.0,0.0,1.0
232815,0,1,3400,-54,54,-449,15,18,0.50,3022565.750000,0,2.1,7.5,0.0,92749.007812,25,0.0,0.0,0.0,1.0
233064,0,1,3400,-54,54,-454,14,17,0.50,2900857.250000,0,2.1,8.0,0.0,0.0,0.0,0.0,0.0,0.0,1.0
233313,0,1,3400,-54,54,-454,15,18,0.50,3021769.000000,0,2.1,8.0,0.0,0.0,0.0,0.0,0.0,0.0,1.0
233562,0,1,3400,-54,54,-444,14,17,0.50,2962900.500000,0,2.1,8.0,0.0,0.0,0.0,0.0,0.0,0.0,1.0
233811,0,1,3400,-54,54,-449,14,18,0.50,2976350.500000,0,2.1,2.9,0.0,41561.753906,8,0.0,0.0,0.0,1.0
234060,0,1,3400,-54,54,-450,15,17,0.51,2981650.750000,0.4,2.1,0.0,0.0,0.0,0.0,0.0,0.0,0.0,1.0
234309,0,1,3400,-54,54,-455,14,17,0.50,2889147.500000,0,2.1,0.0,0.0,0.0,0.0,0.0,0.0,0.0,1.0
234558,0,1,3400,-54,54,-452,15,17,0.50,3031904.500000,0,2.1,0.0,0.0,0.0,0.0,0.0,0.0,0.0,1.0
234807,0,1,3400,-54,54,-451,14,17,0.50,2891714.250000,0,2.1,0.0,0.0,52380.953125,0,0.0,0.0,0.0,1.0
235056,0,1,3400,-54,54,-450,15,17,0.51,2988940.250000,0,2.1,0.0,0.0,0.0,0.0,0.0,0.0,0.0,1.0
235305,0,1,3400,-54,54,-451,14,17,0.52,2895426.250000,0.4,2.1,0.0,0.0,0.0,0.0,0.0,0.0,0.0,1.0
235554,0,1,3400,-54,54,-450,16,18,0.50,3258518.000000,0,2.1,0.0,0.0,0.0,0.0,0.0,0.0,0.0,1.0
235803,0,1,3400,-54,54,-448,14,18,0.50,2937904.750000,0,2.1,2.8,0.0,132888.890625,17,0.0,0.0,0.0,1.0
236052,0,1,3400,-54,54,-444,15,18,0.51,3126438.250000,0,2.1,6.0,0.0,0.0,0.0,0.0,0.0,0.0,1.0
236301,0,1,3400,-54,54,-451,14,17,0.52,2870629.500000,0.4,2.1,0.72,0.0,5513.944336,0,0.0,0.0,0.0,1.0
236550,0,1,3400,-54,54,-450,15,17,0.50,3104701.250000,0,2.1,0.0,0.0,0.0,0.0,0.0,0.0,0.0,1.0
236799,0,1,3400,-54,54,-451,15,18,0.51,3138571.500000,0,2.1,0.0,0.0,41365.078125,0,0.0,0.0,0.0,1.0
237048,0,1,3400,-54,54,-451,14,17,0.50,2909195.250000,0,2.1,0.0,0.0,0.0,0.0,0.0,0.0,0.0,1.0
237297,0,1,3400,-54,54,-453,15,17,0.50,3040924.250000,0,2.1,0.0,0.0,0.0,0.0,0.0,0.0,0.0,1.0
237546,0,1,3400,-54,54,-447,14,17,0.50,2865333.250000,0,2.1,0.0,0.0,0.0,0.0,0.0,0.0,0.0,1.0
237795,0,1,3400,-54,54,-449,15,17,0.50,2996079.750000,0,2.1,2.9,0.0,43187.250000,8,0.0,1.0,2.0,1.0
238044,0,1,3400,-54,54,-449,14,17,0.50,2917163.250000,0,2.1,7.0,0.0,0.0,0.0,0.0,0.0,0.0,1.0
238293,0,1,3400,-54,54,-454,15,17,0.50,3013227.000000,0,2.1,7.0,0.0,0.0,0.0,0.0,0.0,0.0,1.0
238542,0,1,3400,-54,54,-445,15,17,0.52,2984190.500000,0.4,2.1,6.9,0.0,0.0,0.0,0.0,0.0,0.0,1.0
238791,0,1,3400,-54,54,-441,14,18,0.50,2890677.250000,0,2.1,3.9,0.0,46310.757812,0,0.0,0.0,0.0,1.0
239040,0,1,3400,-54,54,-448,15,17,0.50,3157864.500000,0,2.1,0.0,0.0,0.0,0.0,0.0,0.0,0.0,1.0
239289,0,1,3400,-54,54,-447,14,17,0.50,2906135.500000,0,2.1,0.0,0.0,0.0,0.0,0.0,0.0,0.0,1.0
239538,0,1,3400,-54,54,-446,15,18,0.50,3025809.500000,0,2.1,0.0,0.0,0.0,0.0,0.0,0.0,0.0,1.0
239787,0,1,3400,-54,54,-451,14,17,0.51,2951553.750000,0,2.1,4.8,55,0.0,80,0.0,0.0,0.0,1.0
240036,0,1,3400,-54,54,-452,14,17,0.51,2858231.000000,0.4,2.1,3.5,0.0,7649.402344,0,0.0,0.0,0.0,1.0
240285,0,1,3400,-54,54,-451,15,17,0.50,2993179.250000,0,2.1,0.0,0.0,0.0,0.0,0.0,0.0,0.0,1.0
240534,0,1,3400,-54,54,-453,15,18,0.50,3010412.750000,0,2.1,0.0,0.0,0.0,0.0,0.0,0.0,0.0,1.0
240783,0,1,3400,-54,54,-455,14,17,0.50,2902119.500000,0,2.1,0.0,0.0,36047.808594,8,0.0,0.0,0.0,1.0
241032,0,1,3400,-54,54,-450,15,17,0.53,3087394.500000,0.9,2.1,0.0,0.0,0.0,0.0,0.0,0.0,0.0,1.0
241281,0,1,3400,-54,54,-448,15,17,0.51,3029269.750000,0,2.1,0.0,0.0,0.0,0.0,0.0,0.0,0.0,1.0
241530,0,1,3400,-54,54,-451,14,17,0.50,2951139.500000,0,2.1,0.0,0.0,0.0,0.0,0.0,0.0,0.0,1.0
241779,0,1,3400,-54,54,-450,14,17,0.50,2856860.500000,0,2.1,0.0,0.0,41561.753906,0,0.0,0.0,0.0,1.0
242028,0,1,3400,-54,54,-445,15,18,0.50,3169593.750000,0,2.1,0.0,0.0,0.0,0.0,0.0,0.0,0.0,1.0
242277,0,1,3400,-54,54,-449,14,18,0.50,2899492.000000,0,2.1,0.0,0.0,0.0,0.0,0.0,0.0,0.0,1.0
242526,0,1,3400,-54,54,-451,15,17,0.50,3051792.750000,0,2.1,0.0,0.0,0.0,0.0,0.0,0.0,0.0,1.0
242775,0,1,3400,-54,54,-447,15,17,0.51,3149545.750000,0,2.1,4.5,0.0,101992.031250,22,0.0,0.0,0.0,1.0
243024,0,1,3400,-54,54,-448,14,18,0.50,2947761.000000,0,2.1,8.0,0.0,0.0,0.0,0.0,0.0,0.0,1.0
243273,0,1,3400,-54,54,-453,16,17,0.51,3328000.000000,0,2.1,10,0.0,4476.190430,0,0.0,0.0,0.0,1.0
243522,0,1,3400,-54,54,-450,14,18,0.50,2965800.750000,0,2.1,15,0.0,0.0,0.0,0.0,0.0,0.0,1.0
243771,0,1,3400,-54,54,-449,15,18,0.50,3127808.750000,0,2.1,5.8,0.0,41561.753906,0,0.0,0.0,0.0,1.0
244020,0,1,3400,-54,54,-450,15,17,0.50,3008637.500000,0,2.1,0.0,0.0,0.0,0.0,0.0,0.0,0.0,1.0
244269,0,1,3400,-54,54,-447,15,18,0.50,3150063.500000,0,2.1,0.0,0.0,0.0,0.0,0.0,0.0,0.0,1.0
244518,0,1,3400,-54,54,-452,15,18,0.50,3099952.250000,0,2.1,0.0,0.0,0.0,0.0,0.0,0.0,0.0,1.0
244767,0,1,3400,-54,54,-449,15,18,0.51,3018486.000000,0,2.1,4.1,0.0,48924.304688,25,0.0,0.0,0.0,1.0
245016,0,1,3400,-54,54,-446,14,17,0.50,2912573.750000,0,2.1,7.5,0.0,0.0,0.0,0.0,0.0,0.0,1.0
245265,0,1,3400,-54,54,-453,14,17,0.50,2900698.500000,0,2.1,7.5,0.0,0.0,0.0,0.0,0.0,0.0,1.0
245514,0,1,3400,-54,54,-450,15,18,0.50,3172812.750000,0,2.1,7.5,0.0,0.0,0.0,0.0,0.0,0.0,1.0
245763,0,1,3400,-54,54,-451,15,17,0.50,3038183.250000,0,2.1,6.9,0.0,49274.902344,31,0.0,0.0,0.0,1.0
246012,0,1,3400,-54,54,-449,15,18,0.51,3001111.000000,0,2.1,7.5,0.0,0.0,0.0,0.0,0.0,0.0,1.0
246261,0,1,3400,-54,54,-451,14,17,0.50,2969179.250000,0,2.1,7.4,0.0,0.0,0.0,0.0,0.0,0.0,1.0
246510,0,1,3400,-54,54,-447,14,18,0.50,3007745.000000,0,2.1,7.5,0.0,5513.944336,0,0.0,0.0,0.0,1.0
246759,0,1,3400,-54,54,-448,14,17,0.50,2855171.250000,0,2.1,2.9,0.0,47075.695312,12,0.0,1.0,0.0,1.0
247008,0,1,3400,-54,54,-453,15,17,0.50,2956444.500000,0,2.1,0.0,0.0,5492.063477,0,0.0,0.0,0.0,1.0
247257,0,1,3400,-54,54,-452,16,18,0.50,3192733.000000,0,2.1,0.0,0.0,0.0,0.0,0.0,0.0,0.0,1.0
247506,0,1,3400,-54,54,-452,15,17,0.50,3045195.250000,0,2.1,0.0,0.0,0.0,0.0,0.0,0.0,0.0,1.0
247755,0,1,3400,-54,54,-452,15,18,0.50,3044812.750000,0,2.1,0.0,0.0,41561.753906,0,0.0,0.0,0.0,1.0
248004,0,1,3400,-54,54,-455,14,18,0.50,2883777.750000,0,2.1,0.0,0.0,0.0,0.0,0.0,0.0,0.0,1.0
248253,0,1,3400,-54,54,-454,15,17,0.51,3249466.250000,0,2.1,0.0,0.0,0.0,0.0,0.0,0.0,0.0,1.0
248502,0,1,3400,-54,54,-457,15,18,0.50,3029737.000000,0,2.1,0.0,0.0,0.0,0.0,0.0,0.0,0.0,1.0
248751,0,1,3400,-54,54,-451,15,17,0.50,3064381.000000,0,2.1,0.0,0.0,41301.585938,0,0.0,0.0,0.0,1.0
249000,0,1,3400,-54,54,-452,14,17,0.50,2908876.500000,0,2.1,0.0,0.0,0.0,0.0,0.0,0.0,0.0,1.0
249249,0,1,3400,-54,54,-446,16,18,0.52,3233530.000000,0.4,2.1,0.0,0.0,0.0,0.0,0.0,0.0,0.0,1.0
249498,0,1,3400,-54,54,-452,15,18,0.52,2971952.250000,0.4,2.1,0.0,0.0,0.0,0.0,0.0,0.0,0.0,1.0
249747,0,1,3400,-54,54,-450,15,17,0.50,3027746.000000,0,2.1,0.60,0.0,37746.031250,0,0.0,0.0,0.0,1.0
249996,0,1,3400,-54,54,-449,14,17,0.50,2921275.000000,0,2.1,1.5,0.0,0.0,0.0,0.0,0.0,0.0,1.0
250245,0,1,3400,-54,54,-455,16,18,0.52,3215171.250000,0.4,2.1,1.5,0.0,0.0,0.0,0.0,0.0,0.0,1.0
250494,0,1,3400,-54,54,-452,14,18,0.50,2948494.000000,0,2.1,1.5,0.0,0.0,0.0,0.0,0.0,0.0,1.0
250743,0,1,3400,-54,54,-446,17,18,0.51,3390603.250000,0,2.1,6.0,55,0.0,80,0.0,0.0,0.0,1.0
250992,0,1,3400,-54,54,-452,15,17,0.50,3044079.750000,0,2.1,7.0,0.0,7649.402344,0,0.0,0.0,0.0,1.0
251241,0,1,3400,-54,54,-454,16,17,0.51,3274294.750000,0,2.1,0.0,0.0,0.0,0.0,0.0,0.0,0.0,1.0
251490,0,1,3400,-54,54,-454,15,18,0.50,3048733.000000,0,2.1,0.0,0.0,0.0,0.0,0.0,0.0,0.0,1.0
251739,0,1,3400,-54,54,-448,15,17,0.50,3006508.000000,0,2.1,4.2,0.0,65650.796875,7,0.0,0.0,0.0,1.0
251988,0,1,3400,-54,54,-448,14,18,0.50,2924494.000000,0,2.1,7.5,0.0,0.0,0.0,0.0,0.0,0.0,1.0
252237,0,1,3400,-54,54,-452,15,18,0.52,3034486.000000,0.4,2.1,7.5,0.0,0.0,0.0,0.0,0.0,0.0,1.0
252486,0,1,3400,-54,54,-454,14,17,0.50,2960793.750000,0,2.1,7.5,0.0,0.0,0.0,0.0,0.0,0.0,1.0
252735,0,1,3400,-54,54,-449,14,17,0.50,2990119.500000,0,2.1,7.5,55,0.0,80,0.0,0.0,0.0,1.0
252984,0,1,3400,-54,54,-450,14,18,0.51,2893896.500000,0.4,2.1,6.0,0.0,7649.402344,0,0.0,0.0,0.0,1.0
253233,0,1,3400,-54,54,-447,15,18,0.50,3047203.250000,0,2.1,0.0,0.0,0.0,0.0,0.0,0.0,0.0,1.0
253482,0,1,3400,-54,54,-450,15,18,0.51,3053555.500000,0.4,2.1,0.0,0.0,0.0,0.0,0.0,0.0,0.0,1.0
253731,0,1,3400,-54,54,-449,15,17,0.50,2971697.250000,0,2.1,1.1,0.0,46055.777344,6,0.0,0.0,0.0,1.0
253980,0,1,3400,-54,54,-455,14,17,0.50,2895585.750000,0,2.1,0.0,0.0,0.0,0.0,0.0,0.0,0.0,1.0
254229,0,1,3400,-54,54,-455,15,17,0.50,3056541.750000,0,2.1,0.0,0.0,0.0,0.0,0.0,0.0,0.0,1.0
254478,0,1,3400,-54,54,-448,14,17,0.50,2899333.250000,0,2.1,0.0,0.0,0.0,0.0,0.0,0.0,0.0,1.0
254727,0,1,3400,-54,54,-457,15,17,0.50,3157354.500000,0,2.1,0.0,0.0,41561.753906,0,0.0,0.0,0.0,1.0
254976,0,1,3400,-54,54,-449,16,17,0.50,3279267.000000,0,2.1,0.0,0.0,0.0,0.0,0.0,0.0,0.0,1.0
255225,0,1,3400,-54,54,-451,15,17,0.50,3090158.750000,0,2.1,0.0,0.0,0.0,0.0,0.0,0.0,0.0,1.0
255474,0,1,3400,-54,54,-454,14,17,0.50,2907824.750000,0,2.1,0.0,0.0,0.0,0.0,0.0,1.0,2.0,1.0
255723,0,1,3400,-54,54,-452,15,17,0.50,3056701.250000,0,2.1,0.0,0.0,41561.753906,0,0.0,0.0,0.0,1.0
255972,0,1,3400,-54,54,-444,14,17,0.50,2859920.250000,0,2.1,0.0,0.0,0.0,0.0,0.0,0.0,0.0,1.0
256221,0,1,3400,-54,54,-453,15,17,0.50,3041206.250000,0,2.1,0.0,0.0,5492.063477,0,0.0,0.0,0.0,1.0
256470,0,1,3400,-54,54,-455,15,18,0.51,3000828.750000,0.4,2.1,0.0,0.0,0.0,0.0,0.0,0.0,0.0,1.0
256719,0,1,3400,-54,54,-453,15,17,0.50,3222247.000000,0,2.1,4.0,0.0,22916.333984,55,0.0,0.0,0.0,1.0
256968,0,1,3400,-54,54,-451,14,18,0.50,2947601.500000,0,2.1,6.0,0.0,0.0,0.0,0.0,0.0,0.0,1.0
257217,0,1,3400,-54,54,-447,15,18,0.50,3019396.750000,0,2.1,6.0,0.0,0.0,0.0,0.0,0.0,0.0,1.0
257466,0,1,3400,-54,54,-452,15,18,0.53,3069673.250000,0.8,2.1,5.9,0.0,5513.944336,0,0.0,0.0,0.0,1.0
257715,0,1,3400,-54,54,-453,15,17,0.52,3013227.000000,0.4,2.1,7.0,55,0.0,80,0.0,0.0,0.0,1.0
257964,0,1,3400,-54,54,-452,15,17,0.50,3088762.000000,0,2.1,6.0,0.0,7619.047852,0,0.0,0.0,0.0,1.0
258213,0,1,3400,-54,54,-451,14,17,0.50,2985689.250000,0,2.1,0.0,0.0,0.0,0.0,0.0,0.0,0.0,1.0
258462,0,1,3400,-54,54,-456,15,18,0.50,3160573.750000,0,2.1,0.0,0.0,0.0,0.0,0.0,0.0,0.0,1.0
258711,0,1,3400,-54,54,-458,14,17,0.50,2943330.750000,0,2.1,0.0,0.0,37737.050781,0,0.0,0.0,0.0,1.0
258960,0,1,3400,-54,54,-455,14,17,0.50,2862285.750000,0,2.1,0.0,0.0,0.0,0.0,0.0,0.0,0.0,1.0
259209,0,1,3400,-54,54,-457,14,18,0.50,2945912.250000,0,2.1,3.0,0.0,0.0,80,0.0,0.0,0.0,1.0
259458,0,1,3400,-54,54,-453,16,18,0.52,3222119.500000,0.4,2.1,3.0,0.0,5513.944336,0,0.0,0.0,0.0,1.0
259707,0,1,3400,-54,54,-451,15,17,0.50,3006000.000000,0,2.1,0.0,0.0,41396.824219,8,0.0,0.0,0.0,1.0
259956,0,1,3400,-54,54,-446,14,17,0.50,2887777.000000,0,2.1,0.0,0.0,0.0,0.0,0.0,0.0,0.0,1.0
260205,0,1,3400,-54,54,-451,16,18,0.51,3281275.000000,0,2.1,0.0,0.0,0.0,0.0,0.0,0.0,0.0,1.0
260454,0,1,3400,-54,54,-450,15,17,0.50,3004398.500000,0,2.1,0.0,0.0,0.0,0.0,0.0,0.0,0.0,1.0
260703,0,1,3400,-54,54,-453,15,17,0.52,3005841.250000,0,2.1,5.6,0.0,42476.191406,44,0.0,0.0,0.0,1.0
260952,0,1,3400,-54,54,-453,15,17,0.50,2974342.750000,0,2.1,14,0.0,0.0,0.0,0.0,0.0,0.0,1.0
261201,0,1,3400,-54,54,-451,14,17,0.50,2932621.500000,0,2.1,14,0.0,0.0,0.0,0.0,0.0,0.0,1.0
261450,0,1,3400,-54,54,-449,15,17,0.50,2989960.250000,0,2.1,14,0.0,0.0,0.0,0.0,0.0,0.0,1.0
261699,0,1,3400,-54,54,-451,14,17,0.50,2876317.500000,0,2.1,5.3,0.0,35904.761719,0,0.0,0.0,0.0,1.0
261948,0,1,3400,-54,54,-452,14,17,0.50,2961530.000000,0,2.1,0.0,0.0,0.0,0.0,0.0,0.0,0.0,1.0
262197,0,1,3400,-54,54,-452,15,18,0.52,3061705.250000,0.4,2.1,0.0,0.0,0.0,0.0,0.0,0.0,0.0,1.0
262446,0,1,3400,-54,54,-454,15,18,0.51,3174597.500000,0,2.1,0.0,0.0,0.0,0.0,0.0,0.0,0.0,1.0
262695,0,1,3400,-54,54,-453,16,18,0.50,3225619.000000,0,2.1,0.0,0.0,41396.824219,0,0.0,0.0,0.0,1.0
262944,0,1,3400,-54,54,-453,15,17,0.51,2993020.000000,0,2.1,0.0,0.0,0.0,0.0,0.0,0.0,0.0,1.0
263193,0,1,3400,-54,54,-453,14,17,0.50,2875219.000000,0,2.1,0.0,0.0,0.0,0.0,0.0,0.0,0.0,1.0
263442,0,1,3400,-54,54,-450,14,17,0.50,2837587.250000,0,2.1,7.5,0.0,4476.190430,0,0.0,0.0,0.0,1.0
263691,0,1,3400,-54,54,-457,14,17,0.50,2861864.500000,0,2.1,2.7,0.0,41561.753906,0,0.0,0.0,0.0,1.0
263940,0,1,3400,-54,54,-456,14,17,0.50,2933673.250000,0,2.1,0.0,0.0,0.0,0.0,0.0,0.0,0.0,1.0
264189,0,1,3400,-54,54,-449,16,18,0.51,3380016.000000,0,2.1,0.0,0.0,0.0,0.0,0.0,0.0,0.0,1.0
264438,0,1,3400,-54,54,-455,15,17,0.50,2966412.750000,0,2.1,0.0,0.0,0.0,0.0,0.0,0.0,0.0,1.0
264687,0,1,3400,-54,54,-452,14,17,0.50,2784350.500000,0,2.1,0.0,0.0,30884.462891,14,0.0,0.0,0.0,1.0
264936,0,1,3400,-54,54,-450,15,17,0.50,3098581.750000,0,2.1,0.0,0.0,0.0,0.0,0.0,0.0,0.0,1.0
265185,0,1,3400,-54,54,-453,15,18,0.50,3113174.500000,0,2.1,0.48,0.0,0.0,50,0.0,0.0,0.0,1.0
265434,0,1,3400,-54,54,-454,16,18,0.50,3236749.000000,0,2.1,7.5,0.0,4494.023926,0,0.0,0.0,0.0,1.0
265683,0,1,3400,-54,54,-452,15,18,0.50,3034645.500000,0,2.1,6.0,0.0,38820.718750,25,0.0,0.0,0.0,1.0
265932,0,1,3400,-54,54,-452,14,17,0.50,3018135.500000,0,2.1,0.0,0.0,0.0,0.0,0.0,0.0,0.0,1.0
266181,0,1,3400,-54,54,-452,15,17,0.50,3057777.750000,0,2.1,0.0,0.0,0.0,0.0,0.0,0.0,0.0,1.0
266430,0,1,3400,-54,54,-451,14,17,0.50,2917004.000000,0,2.1,0.0,0.0,0.0,0.0,0.0,0.0,0.0,1.0
266679,0,1,3400,-54,54,-447,14,17,0.50,2889306.750000,0,2.1,4.5,0.0,99410.359375,25,0.0,0.0,0.0,1.0
266928,0,1,3400,-54,54,-454,14,17,0.50,2886247.000000,0,2.1,8.0,0.0,0.0,0.0,0.0,0.0,0.0,1.0
267177,0,1,3400,-54,54,-458,15,17,0.53,2996793.750000,0.4,2.1,8.0,0.0,0.0,0.0,0.0,0.0,0.0,1.0
267426,0,1,3400,-54,54,-458,15,18,0.50,3116398.500000,0,2.1,5.8,0.0,5513.944336,0,0.0,0.0,0.0,1.0
267675,0,1,3400,-54,54,-454,15,17,0.51,3063171.250000,0,2.1,6.6,0.0,71043.828125,47,0.0,0.0,0.0,1.0
267925,0,1,3400,-54,54,-452,15,18,0.50,3117099.500000,0,2.1,16,0.0,0.0,0.0,0.0,1.0,1.0,1.0
268174,0,1,3400,-54,54,-448,15,18,0.50,3021809.500000,0,2.1,16,0.0,0.0,0.0,0.0,0.0,0.0,1.0
268423,0,1,3400,-54,54,-455,15,18,0.50,3106231.000000,0,2.1,12,0.0,5513.944336,0,0.0,0.0,0.0,1.0
268672,0,1,3400,-54,54,-453,14,18,0.50,2918693.250000,0,2.1,3.1,0.0,41561.753906,0,0.0,0.0,0.0,1.0
268921,0,1,3400,-54,54,-453,15,17,0.50,2979301.500000,0,2.1,0.0,0.0,0.0,0.0,0.0,0.0,0.0,1.0
269170,0,1,3400,-54,54,-455,14,17,0.50,3002677.250000,0,2.1,0.0,0.0,0.0,0.0,0.0,0.0,0.0,1.0
269419,0,1,3400,-54,54,-453,15,18,0.50,3036494.000000,0,2.1,0.0,0.0,0.0,0.0,0.0,0.0,0.0,1.0
269668,0,1,3400,-54,54,-455,14,17,0.51,2853641.500000,0.4,2.1,0.0,0.0,41561.753906,0,0.0,0.0,0.0,1.0
269917,0,1,3400,-54,54,-455,14,17,0.50,2885460.250000,0,2.1,0.0,0.0,0.0,0.0,0.0,0.0,0.0,1.0
270166,0,1,3400,-54,54,-453,15,17,0.50,2993020.000000,0,2.1,0.0,0.0,0.0,0.0,0.0,0.0,0.0,1.0
270415,0,1,3400,-54,54,-454,14,17,0.50,2986358.500000,0,2.1,0.0,0.0,0.0,0.0,0.0,0.0,0.0,1.0
270664,0,1,3400,-54,54,-452,16,18,0.50,3254571.500000,0,2.1,0.0,0.0,41396.824219,0,0.0,0.0,0.0,1.0
270913,0,1,3400,-54,54,-453,15,18,0.50,3165004.000000,0,2.1,0.0,0.0,0.0,0.0,0.0,0.0,0.0,1.0
271162,0,1,3400,-54,54,-459,15,18,0.51,3154294.750000,0,2.1,0.0,0.0,5513.944336,0,0.0,0.0,0.0,1.0
271411,0,1,3400,-54,54,-448,15,18,0.50,3013737.000000,0,2.1,0.0,0.0,0.0,0.0,0.0,0.0,0.0,1.0
271660,0,1,3400,-54,54,-450,15,18,0.50,3140762.000000,0,2.1,0.0,0.0,41396.824219,8,0.0,0.0,0.0,1.0
271909,0,1,3400,-54,54,-454,15,17,0.53,2955984.000000,0.9,2.1,0.0,0.0,0.0,0.0,0.0,0.0,0.0,1.0
272158,0,1,3400,-54,54,-453,15,18,0.50,3030215.250000,0,2.1,0.0,0.0,0.0,0.0,0.0,1.0,0.0,1.0
272407,0,1,3400,-54,54,-450,15,18,0.50,3049402.500000,0,2.1,0.0,0.0,0.0,0.0,0.0,0.0,0.0,1.0
272656,0,1,3400,-54,54,-454,15,17,0.50,3012095.250000,0,2.1,0.0,0.0,41396.824219,0,0.0,0.0,0.0,1.0
272905,0,1,3400,-54,54,-452,14,18,0.50,2897115.500000,0,2.1,0.0,0.0,0.0,0.0,0.0,0.0,0.0,1.0
273154,0,1,3400,-54,54,-455,14,17,0.50,2881657.250000,0,2.1,0.0,0.0,0.0,0.0,0.0,0.0,0.0,1.0
273403,0,1,3400,-54,54,-457,14,18,0.50,2923282.750000,0,2.1,0.0,0.0,0.0,0.0,0.0,0.0,0.0,1.0
273652,0,1,3400,-54,54,-452,16,18,0.51,3237460.250000,0,2.1,0.0,0.0,41396.824219,0,0.0,0.0,0.0,1.0
273901,0,1,3400,-54,54,-449,14,18,0.52,2867569.750000,0.4,2.1,0.0,0.0,5513.944336,0,0.0,0.0,0.0,1.0
274150,0,1,3400,-54,54,-461,14,17,0.50,2912924.250000,0,2.1,0.0,0.0,0.0,0.0,0.0,0.0,0.0,1.0
274399,0,1,3400,-54,54,-458,14,18,0.50,2917936.500000,0,2.1,0.0,0.0,0.0,0.0,0.0,0.0,0.0,1.0
274648,0,1,3400,-54,54,-453,14,17,0.50,2884557.750000,0,2.1,0.0,0.0,31043.824219,0,0.0,0.0,0.0,1.0
274897,0,1,3400,-54,54,-457,15,17,0.53,3140366.500000,0.4,2.1,0.0,0.0,0.0,0.0,0.0,0.0,0.0,1.0
275146,0,1,3400,-54,54,-458,15,18,0.50,3047460.250000,0,2.1,0.0,0.0,0.0,0.0,0.0,0.0,0.0,1.0
275395,0,1,3400,-54,54,-455,16,18,0.50,3285864.500000,0,2.1,0.0,0.0,0.0,0.0,0.0,0.0,0.0,1.0
275644,0,1,3400,-54,54,-452,14,17,0.51,2903235.000000,0.4,2.1,0.0,0.0,38501.992188,8,0.0,0.0,0.0,1.0
275893,0,1,3400,-54,54,-451,14,17,0.57,2865880.500000,2,2.1,2.7,0.0,5513.944336,57,0.0,0.0,0.0,1.0
276142,0,1,3400,-54,54,-456,14,17,0.50,2914730.250000,0,2.1,7.5,0.0,0.0,0.0,0.0,0.0,0.0,1.0
276391,0,1,3400,-54,54,-454,14,17,0.50,2866039.750000,0,2.1,7.5,0.0,0.0,0.0,0.0,0.0,0.0,1.0
276640,0,1,3400,-54,54,-453,14,17,0.50,2895585.750000,0,2.1,3.0,0.0,62470.121094,4,0.0,0.0,0.0,1.0
276889,0,1,3400,-54,54,-455,14,17,0.50,2936892.500000,0,2.1,0.0,0.0,0.0,0.0,0.0,0.0,0.0,1.0
277138,0,1,3400,-54,54,-461,15,18,0.51,3201873.000000,0,2.1,0.0,0.0,5492.063477,0,0.0,0.0,0.0,1.0
277387,0,1,3400,-54,54,-456,15,18,0.51,3170645.500000,0.4,2.1,0.0,0.0,0.0,0.0,0.0,0.0,0.0,1.0
277636,0,1,3400,-54,54,-458,14,17,0.50,2896956.250000,0,2.1,0.0,0.0,36047.808594,15,0.0,0.0,0.0,1.0
277885,0,1,3400,-54,54,-451,15,17,0.50,2985873.000000,0,2.1,0.0,0.0,0.0,0.0,0.0,0.0,0.0,1.0
278134,0,1,3400,-54,54,-454,14,18,0.50,2883028.000000,0,2.1,0.0,0.0,0.0,0.0,0.0,0.0,0.0,1.0
278383,0,1,3400,-54,54,-451,15,17,0.51,3051952.250000,0,2.1,0.0,0.0,0.0,0.0,0.0,0.0,0.0,1.0
278632,0,1,3400,-54,54,-455,14,17,0.50,2914103.500000,0,2.1,6.0,0.0,36302.789062,0,0.0,0.0,0.0,1.0
278881,0,1,3400,-54,54,-450,15,17,0.51,3121650.750000,0,2.1,14,0.0,0.0,0.0,0.0,0.0,0.0,1.0
279130,0,1,3400,-54,54,-456,14,17,0.50,2906135.500000,0,2.1,13,0.0,0.0,0.0,0.0,0.0,0.0,1.0
279379,0,1,3400,-54,54,-453,14,17,0.50,2869099.500000,0,2.1,14,0.0,0.0,0.0,0.0,0.0,0.0,1.0
279628,0,1,3400,-54,54,-457,16,18,0.51,3208698.500000,0,2.1,13,55,0.0,80,0.0,0.0,0.0,1.0
279877,0,1,3400,-54,54,-453,15,17,0.50,3006948.250000,0,2.1,4.5,0.0,7649.402344,0,0.0,0.0,0.0,1.0
280126,0,1,3400,-54,54,-456,14,18,0.50,2915633.500000,0,2.1,0.0,0.0,0.0,0.0,0.0,0.0,0.0,1.0
280375,0,1,3400,-54,54,-455,14,17,0.50,2906135.500000,0,2.1,0.0,0.0,0.0,0.0,0.0,0.0,0.0,1.0
280624,0,1,3400,-54,54,-456,15,18,0.51,3087714.250000,0,2.1,0.0,0.0,41396.824219,8,0.0,0.0,0.0,1.0
280873,0,1,3400,-54,54,-454,14,17,0.50,2918693.250000,0,2.1,0.0,0.0,0.0,0.0,0.0,0.0,0.0,1.0
281122,0,1,3400,-54,54,-455,14,18,0.50,2892621.500000,0,2.1,0.0,0.0,0.0,0.0,0.0,0.0,0.0,1.0
281371,0,1,3400,-54,54,-457,15,17,0.50,3168223.000000,0,2.1,0.0,0.0,0.0,0.0,0.0,0.0,0.0,1.0
281620,0,1,3400,-54,54,-455,15,17,0.50,2998063.500000,0,2.1,1.0,0.0,23777.777344,27,0.0,0.0,0.0,1.0
281869,0,1,3400,-54,54,-456,15,17,0.50,3028844.500000,0,2.1,0.0,0.0,11027.888672,0,0.0,0.0,0.0,1.0
282118,0,1,3400,-54,54,-458,15,17,0.51,3132557.750000,0,2.1,0.0,0.0,0.0,0.0,0.0,0.0,0.0,1.0
282367,0,1,3400,-54,54,-454,15,17,0.50,3117904.750000,0,2.1,0.0,0.0,5492.063477,0,0.0,0.0,0.0,1.0
282616,0,1,3400,-54,54,-451,15,17,0.50,3048669.250000,0,2.1,4.5,0.0,99410.359375,24,0.0,0.0,0.0,1.0
282865,0,1,3400,-54,54,-457,15,18,0.50,3144796.750000,0,2.1,8.0,0.0,0.0,0.0,0.0,0.0,0.0,1.0
283114,0,1,3400,-54,54,-458,14,18,0.50,3005896.500000,0,2.1,8.0,0.0,0.0,0.0,0.0,0.0,0.0,1.0
283363,0,1,3400,-54,54,-454,14,17,0.50,2935587.250000,0,2.1,8.0,0.0,0.0,0.0,0.0,0.0,0.0,1.0
283612,0,1,3400,-54,54,-454,14,18,0.50,2851155.500000,0,2.1,2.9,0.0,41561.753906,0,0.0,0.0,0.0,1.0
283861,0,1,3400,-54,54,-453,15,18,0.50,2982151.500000,0,2.1,0.0,0.0,0.0,0.0,0.0,0.0,0.0,1.0
284110,0,1,3400,-54,54,-455,15,18,0.51,3001269.750000,0.4,2.1,0.0,0.0,0.0,0.0,0.0,0.0,0.0,1.0
284359,0,1,3400,-54,54,-454,14,17,0.50,2923282.750000,0,2.1,0.0,0.0,0.0,0.0,0.0,0.0,0.0,1.0
284608,0,1,3400,-54,54,-457,14,17,0.50,2931091.750000,0,2.1,4.2,0.0,72127.492188,0,0.0,0.0,0.0,1.0
284857,0,1,3400,-54,54,-455,15,18,0.50,3019346.500000,0,2.1,7.5,0.0,0.0,0.0,0.0,0.0,0.0,1.0
285106,0,1,3400,-54,54,-449,14,17,0.50,2922222.250000,0,2.1,7.5,0.0,0.0,0.0,0.0,0.0,0.0,1.0
285355,0,1,3400,-54,54,-453,15,17,0.50,3050613.500000,0,2.1,7.5,0.0,0.0,0.0,0.0,0.0,0.0,1.0
285604,0,1,3400,-54,54,-448,15,17,0.50,2987601.500000,0,2.1,9.4,0.0,160764.937500,45,0.0,0.0,0.0,1.0
285853,0,1,3400,-54,54,-454,14,17,0.50,2913047.500000,0,2.1,8.0,0.0,0.0,0.0,0.0,0.0,0.0,1.0
286102,0,1,3400,-54,54,-455,15,18,0.50,3021035.750000,0,2.1,8.0,0.0,0.0,0.0,0.0,0.0,0.0,1.0
286351,0,1,3400,-54,54,-456,15,18,0.50,3068940.250000,0,2.1,8.0,0.0,0.0,0.0,0.0,0.0,0.0,1.0
286600,0,1,3400,-54,54,-454,15,17,0.51,3004557.750000,0,2.1,3.4,0.0,47075.695312,7,0.0,0.0,0.0,1.0
286849,0,1,3400,-54,54,-455,14,17,0.50,2863809.500000,0,2.1,0.0,0.0,0.0,0.0,0.0,0.0,0.0,1.0
287098,0,1,3400,-54,54,-455,14,17,0.50,2858071.750000,0,2.1,0.0,0.0,0.0,0.0,0.0,0.0,0.0,1.0
287347,0,1,3400,-54,54,-455,15,18,0.52,3109609.500000,0.4,2.1,0.0,0.0,0.0,0.0,0.0,0.0,0.0,1.0
287596,0,1,3400,-54,54,-454,14,17,0.52,2936222.250000,0.4,2.1,4.2,0.0,49079.363281,27,0.0,0.0,0.0,1.0
287845,0,1,3400,-54,54,-456,14,18,0.50,2932302.750000,0,2.1,7.5,0.0,0.0,0.0,0.0,0.0,0.0,1.0
288094,0,1,3400,-54,54,-464,14,18,0.51,2987219.000000,0.4,2.1,7.5,0.0,0.0,0.0,0.0,0.0,0.0,1.0
288343,0,1,3400,-54,54,-464,15,18,0.50,2977721.000000,0,2.1,7.5,0.0,0.0,0.0,0.0,0.0,0.0,1.0
288592,0,1,3400,-54,54,-457,15,18,0.51,3143555.500000,0,2.1,0.30,0.0,46888.890625,0,0.0,0.0,0.0,1.0
288841,0,1,3400,-54,54,-454,15,17,0.50,3031904.500000,0,2.1,0.0,0.0,0.0,0.0,0.0,0.0,0.0,1.0
289090,0,1,3400,-54,54,-453,15,18,0.50,3041083.750000,0,2.1,0.0,0.0,5513.944336,0,0.0,0.0,0.0,1.0
289339,0,1,3400,-54,54,-455,14,18,0.50,2907111.000000,0,2.1,0.0,0.0,0.0,0.0,0.0,0.0,0.0,1.0
289588,0,1,3400,-54,54,-456,15,18,0.51,3125259.000000,0,2.1,1.0,0.0,23107.570312,24,0.0,0.0,0.0,1.0
289837,0,1,3400,-54,54,-462,15,17,0.50,3122804.750000,0,2.1,0.0,0.0,0.0,0.0,0.0,0.0,0.0,1.0
290086,0,1,3400,-54,54,-455,15,17,0.52,3061322.750000,0.4,2.1,0.0,0.0,5513.944336,0,0.0,0.0,0.0,1.0
290335,0,1,3400,-54,54,-452,15,17,0.50,3076762.000000,0,2.1,0.0,0.0,5492.063477,0,0.0,0.0,0.0,1.0
290584,0,1,3400,-54,54,-455,15,17,0.50,3006948.250000,0,2.1,4.3,0.0,66549.804688,0,0.0,0.0,0.0,1.0
290833,0,1,3400,-54,54,-454,14,17,0.51,2883028.000000,0.4,2.1,7.5,0.0,0.0,0.0,0.0,0.0,0.0,1.0
291082,0,1,3400,-54,54,-461,15,18,0.51,3085131.500000,0,2.1,7.5,0.0,0.0,0.0,0.0,0.0,0.0,1.0
291331,0,1,3400,-54,54,-457,14,17,0.51,2924762.000000,0.4,2.1,7.4,0.0,0.0,0.0,0.0,0.0,0.0,1.0
291580,0,1,3400,-54,54,-461,14,18,0.50,2900175.250000,0,2.1,7.2,0.0,66549.804688,0,0.0,0.0,0.0,1.0
291829,0,1,3400,-54,54,-459,14,17,0.50,2887777.000000,0,2.1,7.5,0.0,0.0,0.0,0.0,0.0,0.0,1.0
292078,0,1,3400,-54,54,-456,15,18,0.51,3110825.500000,0,2.1,10,0.0,0.0,80,0.0,0.0,0.0,1.0
292327,0,1,3400,-54,54,-454,15,17,0.50,3007872.500000,0,2.1,15,0.0,0.0,0.0,0.0,0.0,0.0,1.0
292576,0,1,3400,-54,54,-455,14,17,0.50,2861450.250000,0,2.1,14,0.0,189641.437500,57,0.0,0.0,0.0,1.0
292825,0,1,3400,-54,54,-457,15,17,0.50,2996698.500000,0,2.1,16,0.0,0.0,0.0,0.0,0.0,0.0,1.0
293074,0,1,3400,-54,54,-457,15,17,0.50,3062820.750000,0,2.1,16,0.0,0.0,0.0,0.0,0.0,0.0,1.0
293323,0,1,3400,-54,54,-457,15,18,0.50,3149705.250000,0,2.1,16,0.0,0.0,0.0,0.0,0.0,0.0,1.0
293572,0,1,3400,-54,54,-456,14,17,0.50,2898326.750000,0,2.1,6.1,0.0,41561.753906,0,0.0,0.0,0.0,1.0
293821,0,1,3400,-54,54,-455,15,17,0.50,3035777.750000,0,2.1,0.064,0.0,0.0,0.0,0.0,0.0,0.0,1.0
294070,0,1,3400,-54,54,-460,15,18,0.50,3074422.250000,0,2.1,0.0,0.0,0.0,0.0,0.0,0.0,0.0,1.0
294319,0,1,3400,-54,54,-457,16,18,0.50,3320892.500000,0,2.1,0.13,0.0,0.0,0.0,0.0,0.0,0.0,1.0
294568,0,1,3400,-54,54,-456,15,17,0.51,2999298.750000,0,2.1,0.064,0.0,41561.753906,8,0.0,0.0,0.0,1.0
294817,0,1,3400,-54,54,-458,15,18,0.51,3151428.500000,0,2.1,0.0,0.0,0.0,0.0,0.0,0.0,0.0,1.0
295066,0,1,3400,-54,54,-458,14,17,0.50,2984478.000000,0,2.1,0.0,0.0,0.0,0.0,0.0,0.0,0.0,1.0
295315,0,1,3400,-54,54,-460,14,17,0.50,2924016.000000,0,2.1,0.0,0.0,0.0,0.0,0.0,0.0,0.0,1.0
295564,0,1,3400,-54,54,-458,15,17,0.50,3022762.000000,0,2.1,0.0,0.0,35873.015625,0,0.0,0.0,0.0,1.0
295813,0,1,3400,-54,54,-461,14,17,0.50,2930613.500000,0,2.1,0.0,0.0,0.0,0.0,0.0,0.0,0.0,1.0
296062,0,1,3400,-54,54,-464,14,17,0.51,2987219.000000,0,2.1,0.0,0.0,0.0,0.0,0.0,0.0,0.0,1.0
296311,0,1,3400,-54,54,-456,15,17,0.50,3072571.500000,0,2.1,0.0,0.0,0.0,0.0,0.0,0.0,0.0,1.0
296560,0,1,3400,-54,54,-451,14,17,0.51,2943012.000000,0,2.1,4.5,0.0,153561.750000,0,0.0,0.0,0.0,1.0
296809,0,1,3400,-54,54,-456,15,18,0.51,3117354.500000,0,2.1,8.0,0.0,0.0,0.0,0.0,0.0,0.0,1.0
297058,0,1,3400,-54,54,-455,14,18,0.50,2927872.500000,0,2.1,8.0,0.0,0.0,0.0,0.0,0.0,0.0,1.0
297307,0,1,3400,-54,54,-455,16,18,0.51,3228666.750000,0,2.1,8.0,0.0,0.0,0.0,0.0,0.0,0.0,1.0
297556,0,1,3400,-54,54,-456,16,18,0.51,3265306.750000,0,2.1,7.0,0.0,48924.304688,33,0.0,0.0,0.0,1.0
297805,0,1,3400,-54,54,-461,14,17,0.50,2878438.250000,0,2.1,7.5,0.0,0.0,0.0,0.0,0.0,0.0,1.0
298055,0,1,3400,-54,54,-466,15,17,0.51,2988762.000000,0,2.1,7.5,0.0,0.0,0.0,0.0,0.0,0.0,1.0
298304,0,1,3400,-54,54,-464,15,18,0.50,3166183.250000,0,2.1,5.4,0.0,5513.944336,0,0.0,0.0,0.0,1.0
298553,0,1,3400,-54,54,-452,14,17,0.50,2879968.250000,0,2.1,4.3,0.0,66964.140625,0,0.0,0.0,0.0,1.0
298802,0,1,3400,-54,54,-452,14,18,0.50,2892207.250000,0,2.1,7.5,0.0,0.0,0.0,0.0,0.0,0.0,1.0
299051,0,1,3400,-54,54,-452,15,18,0.51,3120603.250000,0,2.1,7.5,0.0,0.0,0.0,0.0,0.0,0.0,1.0
299300,0,1,3400,-54,54,-453,14,17,0.50,2946167.250000,0,2.1,7.5,0.0,0.0,0.0,0.0,0.0,0.0,1.0
299549,0,1,3400,-54,54,-452,15,17,0.50,3065020.000000,0,2.1,3.0,0.0,39617.531250,0,0.0,0.0,0.0,1.0
299798,0,1,3400,-54,54,-458,14,18,0.51,2969904.750000,0.4,2.1,0.064,0.0,0.0,0.0,0.0,0.0,0.0,1.0
300047,0,1,3400,-54,54,-461,14,17,0.51,2976510.000000,0,2.1,0.0,0.0,0.0,0.0,0.0,0.0,0.0,1.0
300296,0,1,3400,-54,54,-459,15,18,0.50,3084812.750000,0,2.1,0.0,0.0,0.0,0.0,0.0,0.0,0.0,1.0
300545,0,1,3400,-54,54,-458,14,18,0.50,2874103.500000,0,2.1,7.0,0.0,237864.546875,56,0.0,0.0,0.0,1.0
300794,0,1,3400,-54,54,-450,15,18,0.50,3107619.000000,0,2.1,13,0.0,5492.063477,0,0.0,0.0,0.0,1.0
301043,0,1,3400,-54,54,-457,15,18,0.52,3109800.750000,0.4,2.1,8.0,0.0,0.0,0.0,0.0,0.0,0.0,1.0
301292,0,1,3400,-54,54,-453,15,18,0.50,3154135.500000,0,2.1,8.0,0.0,0.0,0.0,0.0,0.0,0.0,1.0
301541,0,1,3400,-54,54,-457,14,17,0.53,2820666.750000,0.9,2.1,3.2,0.0,84190.476562,7,0.0,0.0,0.0,1.0
301790,0,1,3400,-54,54,-459,14,17,0.52,2903235.000000,0.4,2.1,0.0,0.0,0.0,0.0,0.0,0.0,0.0,1.0
302039,0,1,3400,-54,54,-455,14,17,0.53,2898645.500000,0.8,2.1,0.0,0.0,0.0,0.0,0.0,0.0,0.0,1.0
302288,0,1,3400,-54,54,-455,15,18,0.50,3036334.750000,0,2.1,0.0,0.0,0.0,0.0,0.0,0.0,0.0,1.0
302537,0,1,3400,-54,54,-459,15,18,0.50,3151428.500000,0,2.1,0.0,0.0,35904.761719,0,0.0,0.0,0.0,1.0
302786,0,1,3400,-54,54,-459,15,17,0.50,3117099.500000,0,2.1,0.0,0.0,0.0,0.0,0.0,0.0,0.0,1.0
303035,0,1,3400,-54,54,-462,15,17,0.50,2999298.750000,0,2.1,0.064,0.0,0.0,0.0,0.0,0.0,0.0,1.0
303284,0,1,3400,-54,54,-457,15,17,0.51,2951714.250000,0,2.1,0.0,0.0,0.0,0.0,0.0,0.0,0.0,1.0
303533,0,1,3400,-54,54,-457,12,17,0.51,2486342.750000,0.4,2.1,5.4,0.0,66709.164062,34,0.0,0.0,0.0,1.0
303782,0,1,3400,-54,54,-458,14,17,0.50,2879490.000000,0,2.1,15,0.0,0.0,0.0,0.0,0.0,0.0,1.0
304031,0,1,3400,-54,54,-460,14,17,0.50,3023238.000000,0,2.1,14,0.0,0.0,0.0,0.0,0.0,0.0,1.0
304280,0,1,3400,-54,54,-456,14,18,0.50,2896956.250000,0,2.1,14,0.0,0.0,0.0,0.0,0.0,0.0,1.0
304529,0,1,3400,-54,54,-460,15,17,0.50,2954454.250000,0,2.1,14,0.0,92972.109375,33,0.0,0.0,0.0,1.0
304778,0,1,3400,-54,54,-455,15,18,0.50,3027155.500000,0,2.1,15,0.0,0.0,0.0,0.0,0.0,0.0,1.0
305027,0,1,3400,-54,54,-458,14,17,0.50,2893238.000000,0,2.1,15,0.0,0.0,0.0,0.0,0.0,0.0,1.0
305276,0,1,3400,-54,54,-457,15,18,0.52,3127808.750000,0.4,2.1,15,0.0,0.0,0.0,0.0,0.0,0.0,1.0
305525,0,1,3400,-54,54,-452,15,17,0.50,3001498.000000,0,2.1,5.7,0.0,36015.937500,0,0.0,0.0,0.0,1.0
305774,0,1,3400,-54,54,-455,15,17,0.50,3151075.750000,0,2.1,0.064,0.0,0.0,0.0,0.0,0.0,0.0,1.0
306023,0,1,3400,-54,54,-461,15,18,0.50,3121809.500000,0,2.1,0.0,0.0,0.0,0.0,0.0,0.0,0.0,1.0
306272,0,1,3400,-54,54,-462,15,18,0.50,3105020.000000,0,2.1,0.0,0.0,0.0,0.0,0.0,0.0,0.0,1.0
306521,0,1,3400,-54,54,-460,15,18,0.52,3168765.000000,0.4,2.1,0.0,0.0,41561.753906,0,0.0,0.0,0.0,1.0
306770,0,1,3400,-54,54,-460,15,18,0.51,3042412.750000,0,2.1,0.0,0.0,0.0,0.0,0.0,0.0,0.0,1.0
307019,0,1,3400,-54,54,-454,15,17,0.50,3129816.750000,0,2.1,0.0,0.0,0.0,0.0,0.0,0.0,0.0,1.0
307268,0,1,3400,-54,54,-457,14,17,0.53,2844143.500000,0.4,2.1,6.4,0.0,4494.023926,0,0.0,0.0,0.0,1.0
307517,0,1,3400,-54,54,-455,15,18,0.52,3018190.500000,0.4,2.1,6.9,0.0,84793.648438,27,0.0,0.0,0.0,1.0
307766,0,1,3400,-54,54,-459,14,17,0.50,2848892.500000,0,2.1,3.8,0.0,5513.944336,0,0.0,0.0,0.0,1.0
308015,0,1,3400,-54,54,-457,14,17,0.50,2926342.750000,0,2.1,0.0,0.0,0.0,0.0,0.0,0.0,0.0,1.0
308264,0,1,3400,-54,54,-456,15,18,0.50,3004398.500000,0,2.1,0.0,0.0,0.0,0.0,0.0,1.0,3.0,1.0
308513,0,1,3400,-54,54,-457,15,18,0.50,3026476.250000,0,2.1,3.7,0.0,7301.587402,50,0.0,0.0,0.0,1.0
308762,0,1,3400,-54,54,-460,14,18,0.50,2912414.250000,0,2.1,2.8,0.0,5513.944336,0,0.0,0.0,0.0,1.0
309011,0,1,3400,-54,54,-463,15,17,0.50,3166693.250000,0,2.1,0.0,0.0,5513.944336,0,0.0,0.0,0.0,1.0
309260,0,1,3400,-54,54,-467,14,17,0.50,2913206.250000,0,2.1,0.0,0.0,5492.063477,0,0.0,0.0,0.0,1.0
309509,0,1,3400,-54,54,-459,15,17,0.50,3031904.500000,0,2.1,0.0,0.0,41529.878906,0,0.0,0.0,0.0,1.0
309758,0,1,3400,-54,54,-460,14,17,0.52,2867569.750000,0.4,2.1,0.0,0.0,0.0,0.0,0.0,0.0,0.0,1.0
310007,0,1,3400,-54,54,-457,16,18,0.52,3194103.500000,0,2.1,0.0,0.0,0.0,0.0,0.0,0.0,0.0,1.0
310256,0,1,3400,-54,54,-455,15,17,0.52,3064603.250000,0.4,2.1,0.0,0.0,5492.063477,0,0.0,0.0,0.0,1.0
310505,0,1,3400,-54,54,-453,15,18,0.50,2969912.250000,0,2.1,4.8,55,0.0,80,0.0,0.0,0.0,1.0
310754,0,1,3400,-54,54,-460,14,18,0.50,2909514.000000,0,2.1,6.0,0.0,7649.402344,0,0.0,0.0,0.0,1.0
311003,0,1,3400,-54,54,-456,15,18,0.51,3024285.750000,0,2.1,0.0,0.0,0.0,0.0,0.0,0.0,0.0,1.0
311252,0,1,3400,-54,54,-460,15,17,0.50,3037705.250000,0,2.1,0.0,0.0,0.0,0.0,0.0,0.0,0.0,1.0
311501,0,1,3400,-54,54,-460,15,17,0.50,3058231.000000,0,2.1,3.7,0.0,14406.374023,67,0.0,0.0,0.0,1.0
311750,0,1,3400,-54,54,-458,14,17,0.51,2884557.750000,0,2.1,3.9,0.0,5513.944336,0,0.0,0.0,0.0,1.0
311999,0,1,3400,-54,54,-465,14,18,0.50,2972793.750000,0,2.1,0.0,0.0,0.0,0.0,0.0,0.0,0.0,1.0
312248,0,1,3400,-54,54,-458,16,18,0.50,3178294.750000,0,2.1,0.0,0.0,0.0,0.0,0.0,0.0,0.0,1.0
312497,0,1,3400,-54,54,-456,15,17,0.51,3008637.500000,0,2.1,3.0,0.0,172780.875000,25,0.0,0.0,0.0,1.0
312746,0,1,3400,-54,54,-456,14,17,0.50,2862285.750000,0,2.1,4.8,0.0,5492.063477,0,0.0,0.0,0.0,1.0
312995,0,1,3400,-54,54,-454,14,18,0.50,2925705.250000,0,2.1,0.0,0.0,0.0,0.0,0.0,0.0,0.0,1.0
313244,0,1,3400,-54,54,-457,15,18,0.50,3091410.250000,0,2.1,0.0,0.0,0.0,0.0,0.0,0.0,0.0,1.0
313493,0,1,3400,-54,54,-454,15,18,0.50,3135617.500000,0,2.1,3.9,0.0,48669.324219,17,0.0,0.0,0.0,1.0
313742,0,1,3400,-54,54,-462,15,18,0.50,2967269.750000,0,2.1,7.0,0.0,0.0,0.0,0.0,0.0,0.0,1.0
313991,0,1,3400,-54,54,-458,14,18,0.52,2951872.500000,0.4,2.1,7.0,0.0,0.0,0.0,0.0,0.0,0.0,1.0
314240,0,1,3400,-54,54,-457,14,17,0.52,2933354.500000,0.4,2.1,7.0,0.0,0.0,0.0,0.0,0.0,0.0,1.0
314489,0,1,3400,-54,54,-460,14,17,0.51,2877682.500000,0.4,2.1,5.4,0.0,23619.046875,31,0.0,0.0,0.0,1.0
314738,0,1,3400,-54,54,-458,14,17,0.51,2927872.500000,0,2.1,1.5,0.0,0.0,0.0,0.0,0.0,0.0,1.0
314987,0,1,3400,-54,54,-459,15,18,0.51,3051091.750000,0.4,2.1,1.2,0.0,5513.944336,0,0.0,0.0,0.0,1.0
315236,0,1,3400,-54,54,-454,15,18,0.50,3145015.750000,0,2.1,1.0,0.0,0.0,0.0,0.0,0.0,0.0,1.0
315485,0,1,3400,-54,54,-456,14,17,0.50,2949450.250000,0,2.1,0.40,0.0,41561.753906,0,0.0,0.0,0.0,1.0
315734,0,1,3400,-54,54,-464,15,17,0.50,3103330.750000,0,2.1,0.0,0.0,0.0,0.0,0.0,0.0,0.0,1.0
315983,0,1,3400,-54,54,-462,15,18,0.51,3102279.000000,0,2.1,0.0,0.0,0.0,0.0,0.0,0.0,0.0,1.0
316232,0,1,3400,-54,54,-458,15,18,0.50,3182603.250000,0,2.1,0.0,0.0,0.0,0.0,0.0,0.0,0.0,1.0
316481,0,1,3400,-54,54,-459,14,17,0.50,2952988.000000,0,2.1,4.2,0.0,65912.351562,0,0.0,0.0,0.0,1.0
316730,0,1,3400,-54,54,-457,15,18,0.51,3149035.750000,0,2.1,7.5,0.0,0.0,0.0,0.0,0.0,0.0,1.0
316979,0,1,3400,-54,54,-459,15,18,0.50,3059174.500000,0,2.1,7.5,0.0,0.0,0.0,0.0,0.0,0.0,1.0
317228,0,1,3400,-54,54,-457,14,17,0.50,2992286.750000,0,2.1,7.5,0.0,0.0,80,0.0,0.0,0.0,1.0
317477,0,1,3400,-54,54,-458,14,17,0.50,2884557.750000,0,2.1,2.7,0.0,47075.695312,0,0.0,0.0,0.0,1.0
317726,0,1,3400,-54,54,-457,15,17,0.50,3141896.500000,0,2.1,0.0,0.0,0.0,0.0,0.0,0.0,0.0,1.0
317975,0,1,3400,-54,54,-462,15,18,0.50,2970476.250000,0,2.1,0.0,0.0,0.0,0.0,0.0,0.0,0.0,1.0
318224,0,1,3400,-54,54,-464,14,17,0.50,2875474.000000,0,2.1,0.0,0.0,0.0,0.0,0.0,0.0,0.0,1.0
318473,0,1,3400,-54,54,-463,15,17,0.51,3140876.500000,0,2.1,0.0,0.0,41561.753906,0,0.0,0.0,0.0,1.0
318722,0,1,3400,-54,54,-463,15,18,0.51,3127904.750000,0,2.1,0.0,0.0,0.0,0.0,0.0,0.0,0.0,1.0
318971,0,1,3400,-54,54,-463,14,17,0.50,2934151.500000,0,2.1,0.0,0.0,0.0,0.0,0.0,0.0,0.0,1.0
319220,0,1,3400,-54,54,-459,14,17,0.57,2802358.500000,2,2.1,0.0,0.0,0.0,0.0,0.0,0.0,0.0,1.0
319469,0,1,3400,-54,54,-461,14,17,0.50,2910158.750000,0,2.1,0.0,0.0,41396.824219,0,0.0,0.0,0.0,1.0
319718,0,1,3400,-54,54,-466,14,17,0.50,2821035.750000,0,2.1,0.0,0.0,0.0,0.0,0.0,0.0,0.0,1.0
319967,0,1,3400,-54,54,-462,14,17,0.50,2879968.250000,0,2.1,0.0,0.0,0.0,0.0,0.0,0.0,0.0,1.0
320216,0,1,3400,-54,54,-459,14,17,0.50,2873530.000000,0,2.1,0.0,0.0,0.0,0.0,0.0,0.0,0.0,1.0
320465,0,1,3400,-54,54,-458,14,18,0.50,2885460.250000,0,2.1,0.0,0.0,41396.824219,0,0.0,0.0,0.0,1.0
320714,0,1,3400,-54,54,-452,15,17,0.52,3023617.500000,0.4,2.1,0.0,0.0,0.0,0.0,0.0,0.0,0.0,1.0
320963,0,1,3400,-54,54,-459,16,18,0.51,3232159.250000,0,2.1,0.0,0.0,0.0,0.0,0.0,0.0,0.0,1.0
321212,0,1,3400,-54,54,-462,15,17,0.50,3015142.750000,0,2.1,0.0,0.0,0.0,0.0,0.0,0.0,0.0,1.0
321461,0,1,3400,-54,54,-461,14,17,0.50,2900175.250000,0,2.1,4.2,0.0,65912.351562,19,0.0,0.0,0.0,1.0
321710,0,1,3400,-54,54,-456,15,17,0.50,3006948.250000,0,2.1,7.5,0.0,0.0,80,0.0,0.0,0.0,1.0
321959,0,1,3400,-54,54,-462,15,18,0.50,3014597.500000,0,2.1,7.5,0.0,0.0,0.0,0.0,0.0,0.0,1.0
322208,0,1,3400,-54,54,-460,15,17,0.50,3021238.000000,0,2.1,7.4,0.0,0.0,0.0,0.0,0.0,0.0,1.0
322457,0,1,3400,-54,54,-459,15,18,0.51,3156175.250000,0,2.1,10,0.0,67920.320312,21,0.0,0.0,0.0,1.0
322706,0,1,3400,-54,54,-462,15,18,0.51,3125418.250000,0,2.1,15,0.0,0.0,0.0,0.0,0.0,0.0,1.0
322955,0,1,3400,-54,54,-463,15,17,0.50,3010571.500000,0,2.1,15,0.0,0.0,0.0,0.0,0.0,0.0,1.0
323204,0,1,3400,-54,54,-461,14,17,0.50,2901545.750000,0,2.1,15,0.0,0.0,80,0.0,0.0,0.0,1.0
323453,0,1,3400,-54,54,-461,15,18,0.51,3182151.500000,0,2.1,9.7,0.0,48701.195312,8,0.0,0.0,0.0,1.0
323702,0,1,3400,-54,54,-462,14,17,0.50,2891873.000000,0,2.1,9.7,0.0,0.0,80,0.0,0.0,0.0,1.0
323951,0,1,3400,-54,54,-463,14,17,0.50,2992127.500000,0,2.1,15,0.0,0.0,0.0,0.0,0.0,0.0,1.0
324200,0,1,3400,-54,54,-463,15,17,0.58,3045035.750000,2,2.1,8.8,0.0,5513.944336,33,0.0,0.0,0.0,1.0
324449,0,1,3400,-54,54,-459,15,18,0.50,2967269.750000,0,2.1,2.5,0.0,41396.824219,0,0.0,0.0,0.0,1.0
324698,0,1,3400,-54,54,-457,15,17,0.50,2971442.250000,0,2.1,0.0,0.0,0.0,0.0,0.0,0.0,0.0,1.0
324947,0,1,3400,-54,54,-459,15,17,0.51,2985211.250000,0,2.1,0.0,0.0,0.0,0.0,0.0,0.0,0.0,1.0
325196,0,1,3400,-54,54,-458,15,17,0.50,3098741.000000,0,2.1,0.0,0.0,5513.944336,0,0.0,0.0,0.0,1.0
325445,0,1,3400,-54,54,-461,15,18,0.51,3138254.000000,0,2.1,4.4,0.0,93523.812500,27,0.0,0.0,0.0,1.0
325694,0,1,3400,-54,54,-459,14,17,0.50,2932621.500000,0,2.1,8.0,0.0,0.0,0.0,0.0,0.0,0.0,1.0
325943,0,1,3400,-54,54,-456,14,17,0.50,2903075.750000,0,2.1,8.0,0.0,0.0,0.0,0.0,0.0,0.0,1.0
326192,0,1,3400,-54,54,-463,14,17,0.50,2879206.250000,0,2.1,8.0,0.0,0.0,0.0,0.0,0.0,0.0,1.0
326441,0,1,3400,-54,54,-460,16,18,0.54,3242549.750000,0.4,2.1,5.3,0.0,26422.310547,48,0.0,1.0,3.0,1.0
326690,0,1,3400,-54,54,-459,14,17,0.58,2803888.500000,2,2.1,0.0,0.0,0.0,0.0,0.0,0.0,0.0,1.0
326939,0,1,3400,-54,54,-462,15,17,0.50,2993650.750000,0,2.1,0.0,0.0,5492.063477,0,0.0,0.0,0.0,1.0
327188,0,1,3400,-54,54,-455,15,17,0.50,2972972.000000,0,2.1,0.0,0.0,0.0,0.0,0.0,0.0,0.0,1.0
327437,0,1,3400,-54,54,-455,14,17,0.50,2991808.750000,0,2.1,3.6,0.0,59920.320312,14,0.0,0.0,0.0,1.0
327686,0,1,3400,-54,54,-463,14,17,0.50,2876749.000000,0,2.1,6.5,0.0,0.0,0.0,0.0,0.0,0.0,1.0
327935,0,1,3400,-54,54,-466,15,17,0.52,3041365.000000,0.4,2.1,6.5,0.0,0.0,0.0,0.0,0.0,0.0,1.0
328184,0,1,3400,-54,54,-458,16,18,0.51,3360350.500000,0.4,2.1,6.4,0.0,0.0,0.0,0.0,0.0,0.0,1.0
328433,0,1,3400,-54,54,-456,15,18,0.50,3057912.250000,0,2.1,2.4,0.0,36047.808594,8,0.0,0.0,0.0,1.0
328682,0,1,3400,-54,54,-455,15,18,0.52,3042381.000000,0.4,2.1,0.0,0.0,0.0,0.0,0.0,0.0,0.0,1.0
328931,0,1,3400,-54,54,-458,15,18,0.50,3159904.500000,0,2.1,0.0,0.0,0.0,0.0,0.0,0.0,0.0,1.0
329180,0,1,3400,-54,54,-462,15,18,0.52,3014757.000000,0.4,2.1,0.0,0.0,0.0,0.0,0.0,0.0,0.0,1.0
329429,0,1,3400,-54,54,-462,16,18,0.50,3236430.250000,0,2.1,0.0,0.0,47043.824219,0,0.0,0.0,0.0,1.0
329678,0,1,3400,-54,54,-464,16,17,0.51,3253523.750000,0,2.1,0.0,0.0,0.0,0.0,0.0,0.0,0.0,1.0
329927,0,1,3400,-54,54,-462,15,18,0.50,3019346.500000,0,2.1,0.0,0.0,0.0,0.0,0.0,0.0,0.0,1.0
330176,0,1,3400,-54,54,-464,15,18,0.50,3146804.750000,0,2.1,0.0,0.0,0.0,0.0,0.0,0.0,0.0,1.0
330425,0,1,3400,-54,54,-460,14,17,0.51,2911523.750000,0,2.1,1.0,0.0,25174.603516,27,0.0,0.0,0.0,1.0
330674,0,1,3400,-54,54,-459,15,17,0.50,2994549.750000,0,2.1,0.0,0.0,5513.944336,0,0.0,0.0,0.0,1.0
330923,0,1,3400,-54,54,-461,14,17,0.50,2909514.000000,0,2.1,0.0,0.0,0.0,0.0,0.0,1.0,2.0,1.0
331172,0,1,3400,-54,54,-459,15,18,0.51,3077142.750000,0,2.1,0.0,0.0,0.0,0.0,0.0,0.0,0.0,1.0
331421,0,1,3400,-54,54,-461,15,17,0.50,3063012.000000,0,2.1,2.8,0.0,50294.820312,25,0.0,0.0,0.0,1.0
331670,0,1,3400,-54,54,-461,15,18,0.50,3149577.750000,0,2.1,6.0,0.0,5513.944336,0,0.0,0.0,0.0,1.0
331919,0,1,3400,-54,54,-460,16,17,0.50,3280920.750000,0,2.1,6.0,0.0,0.0,0.0,0.0,0.0,0.0,1.0
332168,0,1,3400,-54,54,-461,15,17,0.51,3026996.000000,0,2.1,6.0,0.0,0.0,0.0,0.0,0.0,0.0,1.0
332417,0,1,3400,-54,54,-463,14,17,0.50,2887777.000000,0,2.1,3.1,0.0,35729.082031,0,0.0,0.0,0.0,1.0
332666,0,1,3400,-54,54,-462,15,17,0.50,3085450.250000,0,2.1,0.0,0.0,5513.944336,0,0.0,0.0,0.0,1.0
332915,0,1,3400,-54,54,-459,16,18,0.51,3267206.250000,0,2.1,0.0,0.0,0.0,0.0,0.0,0.0,0.0,1.0
333164,0,1,3400,-54,54,-460,16,18,0.51,3254247.000000,0,2.1,0.96,0.0,4494.023926,50,0.0,0.0,0.0,1.0
333413,0,1,3400,-54,54,-457,16,18,0.50,3262438.250000,0,2.1,7.5,55,0.0,80,0.0,0.0,0.0,1.0
333662,0,1,3400,-54,54,-465,15,18,0.50,3015650.750000,0,2.1,5.0,0.0,13111.111328,0,0.0,0.0,0.0,1.0
333911,0,1,3400,-54,54,-459,15,18,0.51,3120000.000000,0.4,2.1,0.0,0.0,0.0,0.0,0.0,0.0,0.0,1.0
334160,0,1,3400,-54,54,-461,15,17,0.50,3126757.000000,0,2.1,0.0,0.0,0.0,0.0,0.0,0.0,0.0,1.0
334409,0,1,3400,-54,54,-458,15,17,0.52,3047553.750000,0.4,2.1,0.0,0.0,41561.753906,0,0.0,1.0,1.0,1.0
334658,0,1,3400,-54,54,-462,14,17,0.50,2873111.000000,0,2.1,0.0,0.0,5492.063477,0,0.0,0.0,0.0,1.0
334907,0,1,3400,-54,54,-462,14,18,0.50,2916844.500000,0,2.1,0.0,0.0,11027.888672,0,0.0,0.0,0.0,1.0
335156,0,1,3400,-54,54,-462,15,18,0.50,3008478.000000,0,2.1,0.0,0.0,11027.888672,0,0.0,0.0,0.0,1.0
335405,0,1,3400,-54,54,-458,14,17,0.50,2886984.250000,0,2.1,4.8,53,5492.063477,57,0.0,0.0,0.0,1.0
335654,0,1,3400,-54,54,-465,14,17,0.50,2844302.750000,0,2.1,5.0,0.0,13163.346680,0,0.0,0.0,0.0,1.0
335903,0,1,3400,-54,54,-460,15,18,0.52,3024095.500000,0.4,2.1,0.0,0.0,0.0,0.0,0.0,0.0,0.0,1.0
336152,0,1,3400,-54,54,-459,14,17,0.50,2932621.500000,0,2.1,0.0,0.0,0.0,0.0,0.0,0.0,0.0,1.0
336401,0,1,3400,-54,54,-465,14,17,0.50,2893333.250000,0,2.1,0.0,0.0,41365.078125,0,0.0,0.0,0.0,1.0
336650,0,1,3400,-54,54,-461,15,17,0.51,3132239.000000,0,2.1,0.0,0.0,5513.944336,0,0.0,0.0,0.0,1.0
336899,0,1,3400,-54,54,-459,16,18,0.51,3287075.750000,0,2.1,0.0,0.0,0.0,0.0,0.0,0.0,0.0,1.0
337148,0,1,3400,-54,54,-461,16,18,0.51,3215587.250000,0,2.1,0.0,0.0,0.0,0.0,0.0,0.0,0.0,1.0
337397,0,1,3400,-54,54,-456,14,18,0.50,2897976.000000,0,2.1,4.5,0.0,148047.812500,8,0.0,0.0,0.0,1.0
337646,0,1,3400,-54,54,-457,15,17,0.50,3016286.750000,0,2.1,7.9,0.0,5513.944336,0,0.0,0.0,0.0,1.0
337895,0,1,3400,-54,54,-459,14,17,0.50,2944860.500000,0,2.1,8.0,0.0,5513.944336,0,0.0,0.0,0.0,1.0
338144,0,1,3400,-54,54,-461,14,17,0.50,2905428.500000,0,2.1,8.0,0.0,0.0,0.0,0.0,0.0,0.0,1.0
338393,0,1,3400,-54,54,-458,14,17,0.50,2907824.750000,0,2.1,11,0.0,72127.492188,20,0.0,0.0,0.0,1.0
338642,0,1,3400,-54,54,-462,15,18,0.51,3026836.750000,0.4,2.1,15,0.0,0.0,80,0.0,0.0,0.0,1.0
338891,0,1,3400,-54,54,-463,15,18,0.50,3125015.750000,0,2.1,11,0.0,5492.063477,0,0.0,0.0,0.0,1.0
339140,0,1,3400,-54,54,-459,14,18,0.51,2933035.750000,0.4,2.1,7.5,0.0,0.0,80,0.0,0.0,0.0,1.0
339389,0,1,3400,-54,54,-455,14,18,0.50,2950820.750000,0,2.1,2.6,0.0,47075.695312,0,0.0,0.0,0.0,1.0
339638,0,1,3400,-54,54,-460,15,18,0.51,2972254.000000,0,2.1,0.0,0.0,5492.063477,0,0.0,0.0,0.0,1.0
339887,0,1,3400,-54,54,-465,15,18,0.50,3025466.250000,0,2.1,0.0,0.0,0.0,0.0,0.0,0.0,0.0,1.0
340136,0,1,3400,-54,54,-462,14,17,0.50,2864350.500000,0,2.1,0.0,0.0,0.0,0.0,0.0,0.0,0.0,1.0
340385,0,1,3400,-54,54,-467,13,17,0.50,2646629.500000,0,2.1,6.6,0.0,113083.664062,52,0.0,0.0,0.0,1.0
340634,0,1,3400,-54,54,-462,15,18,0.51,3027492.000000,0,2.1,16,0.0,0.0,0.0,0.0,0.0,0.0,1.0
340883,0,1,3400,-54,54,-461,15,18,0.50,3074422.250000,0,2.1,12,0.0,5513.944336,0,0.0,0.0,0.0,1.0
341132,0,1,3400,-54,54,-458,15,18,0.51,3015649.500000,0,2.1,8.0,0.0,0.0,0.0,0.0,0.0,0.0,1.0
341381,0,1,3400,-54,54,-459,15,18,0.51,2975047.500000,0,2.1,3.1,0.0,35873.015625,0,0.0,0.0,0.0,1.0
341630,0,1,3400,-54,54,-461,14,17,0.50,2917004.000000,0,2.1,0.064,0.0,0.0,0.0,0.0,0.0,0.0,1.0
341879,0,1,3400,-54,54,-465,15,18,0.50,3057051.750000,0,2.1,0.0,0.0,0.0,0.0,0.0,0.0,0.0,1.0
342128,0,1,3400,-54,54,-465,14,17,0.50,2890031.750000,0,2.1,0.0,0.0,0.0,0.0,0.0,0.0,0.0,1.0
342377,0,1,3400,-54,54,-459,15,17,0.50,3027665.250000,0,2.1,0.064,0.0,36015.937500,7,0.0,0.0,0.0,1.0
342626,0,1,3400,-54,54,-465,15,17,0.50,3005577.750000,0,2.1,0.0,0.0,11027.888672,0,0.0,0.0,0.0,1.0
342875,0,1,3400,-54,54,-465,14,17,0.50,2920382.500000,0,2.1,0.0,0.0,5513.944336,0,0.0,0.0,0.0,1.0
343124,0,1,3400,-54,54,-461,15,18,0.50,3142539.750000,0,2.1,0.0,0.0,0.0,0.0,0.0,0.0,0.0,1.0
343373,0,1,3400,-54,54,-460,15,18,0.52,3035314.750000,0.4,2.1,3.2,0.0,13322.708984,25,0.0,0.0,0.0,1.0
343622,0,1,3400,-54,54,-460,15,18,0.51,3103267.000000,0,2.1,8.0,0.0,0.0,0.0,0.0,0.0,0.0,1.0
343871,0,1,3400,-54,54,-465,14,17,0.51,2916254.000000,0.4,2.1,8.0,0.0,0.0,0.0,0.0,0.0,0.0,1.0
344120,0,1,3400,-54,54,-466,14,18,0.50,2901545.750000,0,2.1,8.0,0.0,0.0,0.0,0.0,0.0,0.0,1.0
344369,0,1,3400,-54,54,-461,14,17,0.51,2909514.000000,0.4,2.1,0.32,0.0,41529.878906,6,0.0,0.0,0.0,1.0
344618,0,1,3400,-54,54,-458,14,17,0.50,2911523.750000,0,2.1,0.0,0.0,0.0,0.0,0.0,0.0,0.0,1.0
344867,0,1,3400,-54,54,-465,16,18,0.50,3213482.000000,0,2.1,0.0,0.0,0.0,0.0,0.0,0.0,0.0,1.0
345116,0,1,3400,-54,54,-465,14,17,0.50,2911043.750000,0,2.1,0.0,0.0,0.0,0.0,0.0,0.0,0.0,1.0
345365,0,1,3400,-54,54,-461,15,18,0.50,3028844.500000,0,2.1,0.13,0.0,42868.527344,5,0.0,0.0,0.0,1.0
345614,0,1,3400,-54,54,-461,15,18,0.50,3018190.500000,0,2.1,0.0,0.0,5492.063477,0,0.0,0.0,0.0,1.0
345863,0,1,3400,-54,54,-461,15,17,0.50,2952924.250000,0,2.1,0.0,0.0,0.0,0.0,0.0,0.0,0.0,1.0
346112,0,1,3400,-54,54,-462,15,17,0.51,3155123.500000,0,2.1,0.064,0.0,0.0,0.0,0.0,1.0,2.0,1.0
346361,0,1,3400,-54,54,-460,15,18,0.50,3141301.500000,0,2.1,3.6,55,0.0,80,0.0,0.0,0.0,1.0
346610,0,1,3400,-54,54,-468,14,17,0.50,2895426.250000,0,2.1,7.5,0.0,8828.685547,0,0.0,0.0,0.0,1.0
346859,0,1,3400,-54,54,-464,15,17,0.52,2999298.750000,0.4,2.1,1.1,0.0,2135.458252,0,0.0,0.0,0.0,1.0
347108,0,1,3400,-54,54,-462,15,17,0.51,2993650.750000,0,2.1,1.0,0.0,0.0,0.0,0.0,0.0,0.0,1.0
347357,0,1,3400,-54,54,-467,14,17,0.50,2918693.250000,0,2.1,0.47,0.0,41561.753906,0,0.0,0.0,0.0,1.0
347606,0,1,3400,-54,54,-465,15,17,0.50,3042613.500000,0,2.1,0.13,0.0,11027.888672,0,0.0,0.0,0.0,1.0
347855,0,1,3400,-54,54,-461,14,17,0.50,2923282.750000,0,2.1,0.0,0.0,5513.944336,0,0.0,0.0,0.0,1.0
348104,0,1,3400,-54,54,-466,15,17,0.50,2971841.250000,0,2.1,0.0,0.0,0.0,0.0,0.0,0.0,0.0,1.0
348353,0,1,3400,-54,54,-463,16,18,0.50,3289083.750000,0,2.1,0.0,0.0,36047.808594,0,0.0,0.0,0.0,1.0
348602,0,1,3400,-54,54,-462,15,18,0.50,3134247.000000,0,2.1,0.0,0.0,0.0,0.0,0.0,0.0,0.0,1.0
348851,0,1,3400,-54,54,-464,15,17,0.50,2942920.750000,0,2.1,3.9,0.0,4476.190430,60,0.0,0.0,0.0,1.0
349100,0,1,3400,-54,54,-458,15,17,0.50,3022565.750000,0,2.1,7.6,0.0,0.0,0.0,0.0,0.0,0.0,1.0
349349,0,1,3400,-54,54,-461,15,17,0.50,3008478.000000,0,2.1,2.7,0.0,41466.136719,0,0.0,0.0,0.0,1.0
349598,0,1,3400,-54,54,-463,14,17,0.50,2883777.750000,0,2.1,0.0,0.0,0.0,0.0,0.0,0.0,0.0,1.0
349847,0,1,3400,-54,54,-466,14,17,0.50,2839713.250000,0,2.1,0.064,0.0,0.0,0.0,0.0,1.0,1.0,1.0
350096,0,1,3400,-54,54,-464,15,17,0.51,3044143.500000,0,2.1,0.0,0.0,0.0,0.0,0.0,0.0,0.0,1.0
350345,0,1,3400,-54,54,-466,15,18,0.50,2998279.000000,0,2.1,0.13,0.0,47075.695312,0,0.0,0.0,0.0,1.0
350594,0,1,3400,-54,54,-466,14,17,0.50,2900857.250000,0,2.1,0.0,0.0,0.0,0.0,0.0,0.0,0.0,1.0
350843,0,1,3400,-54,54,-464,15,18,0.50,2993020.000000,0,2.1,0.0,0.0,0.0,0.0,0.0,0.0,0.0,1.0
351092,0,1,3400,-54,54,-462,15,18,0.50,2957514.000000,0,2.1,0.064,0.0,0.0,0.0,0.0,0.0,0.0,1.0
351341,0,1,3400,-54,54,-459,15,18,0.50,3146349.250000,0,2.1,0.064,0.0,41396.824219,0,0.0,0.0,0.0,1.0
351590,0,1,3400,-54,54,-461,14,17,0.50,2878279.000000,0,2.1,0.064,0.0,0.0,0.0,0.0,0.0,0.0,1.0
351839,0,1,3400,-54,54,-464,14,17,0.50,2933035.750000,0,2.1,0.0,0.0,0.0,0.0,0.0,0.0,0.0,1.0
352088,0,1,3400,-54,54,-464,14,17,0.50,2856190.500000,0,2.1,0.0,0.0,0.0,0.0,0.0,0.0,0.0,1.0
352337,0,1,3400,-54,54,-462,13,17,0.50,2629800.750000,0,2.1,0.016,0.0,53482.070312,0,0.0,0.0,0.0,1.0
352586,0,1,3400,-54,54,-462,15,18,0.50,3046725.000000,0,2.1,0.064,0.0,0.0,0.0,0.0,0.0,0.0,1.0
352835,0,1,3400,-54,54,-463,15,17,0.52,3125015.750000,0,2.1,0.0,0.0,0.0,0.0,0.0,0.0,0.0,1.0
353084,0,1,3400,-54,54,-463,16,18,0.52,3247968.250000,0.4,2.1,0.0,0.0,5513.944336,0,0.0,0.0,0.0,1.0
353333,0,1,3400,-54,54,-465,15,18,0.50,3045354.500000,0,2.1,0.064,0.0,41561.753906,0,0.0,1.0,1.0,1.0
353582,0,1,3400,-54,54,-460,15,18,0.52,3035314.750000,0.4,2.1,0.0,0.0,0.0,0.0,0.0,0.0,0.0,1.0
353831,0,1,3400,-54,54,-459,14,17,0.50,2879365.000000,0,2.1,0.0,0.0,0.0,0.0,0.0,0.0,0.0,1.0
354080,0,1,3400,-54,54,-464,15,17,0.50,3033275.000000,0,2.1,0.0,0.0,0.0,0.0,0.0,0.0,0.0,1.0
354329,0,1,3400,-54,54,-465,14,17,0.50,2887777.000000,0,2.1,6.7,0.0,53418.328125,26,0.0,0.0,0.0,1.0
354578,0,1,3400,-54,54,-461,14,18,0.50,2868539.750000,0,2.1,15,0.0,0.0,0.0,0.0,0.0,0.0,1.0
354827,0,1,3400,-54,54,-464,14,18,0.50,2892207.250000,0,2.1,15,0.0,0.0,0.0,0.0,0.0,0.0,1.0
355076,0,1,3400,-54,54,-465,15,18,0.52,3062757.000000,0.4,2.1,15,0.0,0.0,0.0,0.0,0.0,0.0,1.0
355325,0,1,3400,-54,54,-458,14,17,0.50,2919619.000000,0,2.1,7.1,0.0,99682.539062,21,0.0,0.0,0.0,1.0
355574,0,1,3400,-54,54,-460,15,18,0.51,3104701.250000,0,2.1,0.0,0.0,0.0,0.0,0.0,0.0,0.0,1.0
355823,0,1,3400,-54,54,-463,16,18,0.50,3259537.750000,0,2.1,0.0,0.0,0.0,0.0,0.0,0.0,0.0,1.0
356072,0,1,3400,-54,54,-464,14,17,0.50,2895426.250000,0,2.1,0.0,0.0,0.0,0.0,0.0,0.0,0.0,1.0
356321,0,1,3400,-54,54,-466,13,18,0.52,2733333.250000,0.4,2.1,7.3,0.0,165301.593750,65,0.0,0.0,0.0,1.0
356570,0,1,3400,-54,54,-463,16,18,0.50,3223522.000000,0,2.1,16,0.0,0.0,0.0,0.0,0.0,0.0,1.0
356819,0,1,3400,-54,54,-460,15,17,0.50,3151075.750000,0,2.1,16,0.0,0.0,0.0,0.0,1.0,3.0,1.0
357068,0,1,3400,-54,54,-462,14,17,0.50,2885619.000000,0,2.1,16,0.0,0.0,0.0,0.0,0.0,0.0,1.0
357317,0,1,3400,-54,54,-464,15,18,0.50,3135617.500000,0,2.1,6.1,0.0,41561.753906,0,0.0,0.0,0.0,1.0
357566,0,1,3400,-54,54,-466,16,17,0.51,3336669.250000,0,2.1,0.0,0.0,0.0,0.0,0.0,0.0,0.0,1.0
357815,0,1,3400,-54,54,-464,15,17,0.51,3062539.750000,0,2.1,0.0,0.0,0.0,0.0,0.0,0.0,0.0,1.0
358064,0,1,3400,-54,54,-465,14,17,0.51,2969020.000000,0,2.1,0.0,0.0,0.0,0.0,0.0,0.0,0.0,1.0
358313,0,1,3400,-54,54,-468,15,17,0.50,3011697.250000,0,2.1,0.064,0.0,41561.753906,0,0.0,0.0,0.0,1.0
358562,0,1,3400,-54,54,-467,15,18,0.50,3002793.750000,0,2.1,0.0,0.0,0.0,0.0,0.0,0.0,0.0,1.0
358811,0,1,3400,-54,54,-466,15,18,0.51,3027155.500000,0.4,2.1,0.0,0.0,0.0,0.0,0.0,0.0,0.0,1.0
359060,0,1,3400,-54,54,-460,15,17,0.50,3018326.750000,0,2.1,0.0,0.0,5513.944336,0,0.0,0.0,0.0,1.0
359309,0,1,3400,-54,54,-462,15,17,0.50,3025625.500000,0,2.1,1.9,0.0,85992.031250,24,0.0,0.0,0.0,1.0
359558,0,1,3400,-54,54,-462,15,18,0.50,2987396.750000,0,2.1,0.064,0.0,0.0,0.0,0.0,0.0,0.0,1.0
359807,0,1,3400,-54,54,-461,14,17,0.50,2938741.000000,0,2.1,0.0,0.0,0.0,0.0,0.0,0.0,0.0,1.0
360056,0,1,3400,-54,54,-464,15,17,0.50,2999139.500000,0,2.1,0.0,0.0,0.0,0.0,0.0,0.0,0.0,1.0
360305,0,1,3400,-54,54,-466,14,17,0.50,2881047.500000,0,2.1,0.0,0.0,41396.824219,0,0.0,0.0,0.0,1.0
360554,0,1,3400,-54,54,-467,15,18,0.52,3099952.250000,0.4,2.1,0.0,0.0,5513.944336,0,0.0,0.0,0.0,1.0
360803,0,1,3400,-54,54,-466,15,17,0.50,2997769.000000,0,2.1,0.064,0.0,5513.944336,0,0.0,0.0,0.0,1.0
361052,0,1,3400,-54,54,-467,14,17,0.50,2927079.250000,0,2.1,0.0,0.0,0.0,0.0,0.0,0.0,0.0,1.0
361301,0,1,3400,-54,54,-465,14,18,0.50,2885928.250000,0,2.1,0.056,0.0,48669.324219,0,0.0,0.0,0.0,1.0
361550,0,1,3400,-54,54,-466,15,17,0.52,3203410.250000,0.4,2.1,0.0,0.0,5513.944336,0,0.0,0.0,0.0,1.0
361799,0,1,3400,-54,54,-470,14,18,0.50,3003619.000000,0,2.1,0.13,0.0,5492.063477,0,0.0,0.0,0.0,1.0
362048,0,1,3400,-54,54,-467,14,17,0.50,2962008.000000,0,2.1,3.4,0.0,16988.046875,0,0.0,1.0,2.0,1.0
362297,0,1,3400,-54,54,-471,14,17,0.50,2869099.500000,0,2.1,9.9,0.0,175713.140625,62,0.0,0.0,0.0,1.0
362546,0,1,3400,-54,54,-468,16,18,0.51,3207015.750000,0,2.1,16,0.0,0.0,0.0,0.0,0.0,0.0,1.0
362795,0,1,3400,-54,54,-463,15,18,0.51,3179442.250000,0,2.1,13,0.0,5513.944336,0,0.0,0.0,0.0,1.0
363044,0,1,3400,-54,54,-462,15,17,0.50,2999298.750000,0,2.1,8.0,0.0,0.0,0.0,0.0,0.0,0.0,1.0
363293,0,1,3400,-54,54,-457,14,17,0.50,2884349.250000,0,2.1,6.9,0.0,68095.234375,17,0.0,0.0,0.0,1.0
363542,0,1,3400,-54,54,-462,14,17,0.50,2934151.500000,0,2.1,7.5,0.0,0.0,0.0,0.0,0.0,0.0,1.0
363791,0,1,3400,-54,54,-466,15,18,0.51,3161944.250000,0,2.1,7.6,0.0,0.0,0.0,0.0,0.0,0.0,1.0
364040,0,1,3400,-54,54,-459,15,17,0.50,3094151.500000,0,2.1,7.5,0.0,0.0,0.0,0.0,0.0,0.0,1.0
364289,0,1,3400,-54,54,-463,15,17,0.50,3056285.750000,0,2.1,2.7,0.0,41396.824219,0,0.0,0.0,0.0,1.0
364538,0,1,3400,-54,54,-465,16,18,0.51,3211633.500000,0,2.1,0.0,0.0,0.0,0.0,0.0,0.0,0.0,1.0
364787,0,1,3400,-54,54,-465,15,18,0.50,3045673.250000,0,2.1,0.0,0.0,0.0,0.0,0.0,0.0,0.0,1.0
365036,0,1,3400,-54,54,-465,16,18,0.51,3384063.500000,0,2.1,0.0,0.0,0.0,0.0,0.0,0.0,0.0,1.0
365285,0,1,3400,-54,54,-464,15,18,0.50,3133928.250000,0,2.1,4.5,0.0,99410.359375,25,0.0,0.0,0.0,1.0
365534,0,1,3400,-54,54,-462,16,18,0.51,3386836.750000,0,2.1,8.0,0.0,0.0,0.0,0.0,0.0,0.0,1.0
365783,0,1,3400,-54,54,-457,15,18,0.50,3131028.000000,0,2.1,8.0,0.0,5513.944336,0,0.0,1.0,0.0,1.0
366032,0,1,3400,-54,54,-463,14,17,0.50,3003460.250000,0,2.1,8.0,0.0,0.0,0.0,0.0,0.0,0.0,1.0
366281,0,1,3400,-54,54,-461,14,17,0.53,2884239.000000,0.4,2.1,4.7,0.0,19952.191406,0,0.0,0.0,0.0,1.0
366530,0,1,3400,-54,54,-466,14,17,0.50,2949290.750000,0,2.1,0.0,0.0,0.0,0.0,0.0,0.0,0.0,1.0
366779,0,1,3400,-54,54,-471,16,18,0.50,3233206.250000,0,2.1,0.0,0.0,0.0,0.0,0.0,0.0,0.0,1.0
367028,0,1,3400,-54,54,-471,15,18,0.51,3011697.250000,0.4,2.1,0.0,0.0,0.0,0.0,0.0,0.0,0.0,1.0
367277,0,1,3400,-54,54,-460,15,17,0.52,2989960.250000,0.4,2.1,5.9,0.0,36621.515625,32,0.0,0.0,0.0,1.0
367526,0,1,3400,-54,54,-465,15,17,0.52,2950190.500000,0.4,2.1,8.0,0.0,0.0,0.0,0.0,0.0,0.0,1.0
367775,0,1,3400,-54,54,-466,15,18,0.50,3013737.000000,0,2.1,7.9,0.0,0.0,0.0,0.0,0.0,0.0,1.0
368024,0,1,3400,-54,54,-466,14,17,0.50,2890836.750000,0,2.1,8.0,0.0,0.0,0.0,0.0,0.0,0.0,1.0
368273,0,1,3400,-54,54,-468,14,18,0.50,2851460.250000,0,2.1,6.2,0.0,24349.207031,0,0.0,0.0,0.0,1.0
368522,0,1,3400,-54,54,-465,14,17,0.50,2864350.500000,0,2.1,4.0,0.0,0.0,0.0,0.0,0.0,0.0,1.0
368771,0,1,3400,-54,54,-462,15,17,0.50,3010008.000000,0,2.1,4.0,0.0,0.0,0.0,0.0,0.0,0.0,1.0
369020,0,1,3400,-54,54,-464,14,17,0.50,2891555.500000,0,2.1,4.0,0.0,0.0,0.0,0.0,0.0,0.0,1.0
369269,0,1,3400,-54,54,-463,14,17,0.50,2909354.500000,0,2.1,1.7,0.0,27569.720703,0,0.0,0.0,0.0,1.0
369518,0,1,3400,-54,54,-462,15,18,0.51,3065912.250000,0.4,2.1,0.0,0.0,0.0,0.0,0.0,0.0,0.0,1.0
369767,0,1,3400,-54,54,-467,15,17,0.50,3142349.250000,0,2.1,0.0,0.0,0.0,0.0,0.0,0.0,0.0,1.0
370016,0,1,3400,-54,54,-468,15,18,0.50,3188781.000000,0,2.1,0.0,0.0,0.0,0.0,0.0,0.0,0.0,1.0
370265,0,1,3400,-54,54,-468,15,18,0.50,3145275.000000,0,2.1,6.1,0.0,76207.171875,43,0.0,0.0,0.0,1.0
370514,0,1,3400,-54,54,-466,15,18,0.50,3137657.250000,0,2.1,16,0.0,0.0,0.0,0.0,0.0,0.0,1.0
370763,0,1,3400,-54,54,-465,14,17,0.50,3030698.500000,0,2.1,16,0.0,0.0,0.0,0.0,0.0,0.0,1.0
371012,0,1,3400,-54,54,-462,14,18,0.50,2901545.750000,0,2.1,12,0.0,5513.944336,0,0.0,0.0,0.0,1.0
371261,0,1,3400,-54,54,-462,15,17,0.51,3028844.500000,0.4,2.1,3.3,0.0,47075.695312,0,0.0,0.0,0.0,1.0
371510,0,1,3400,-54,54,-469,14,17,0.50,2914889.000000,0,2.1,0.0,0.0,0.0,0.0,0.0,0.0,0.0,1.0
371759,0,1,3400,-54,54,-468,15,18,0.50,3044398.500000,0,2.1,0.0,0.0,5513.944336,0,0.0,0.0,0.0,1.0
372008,0,1,3400,-54,54,-471,15,18,0.51,2982151.500000,0,2.1,0.0,0.0,0.0,0.0,0.0,1.0,1.0,1.0
372257,0,1,3400,-54,54,-470,15,17,0.50,3151111.000000,0,2.1,0.0,0.0,37301.585938,0,0.0,0.0,0.0,1.0
372506,0,1,3400,-54,54,-465,15,17,0.51,3013577.750000,0.4,2.1,0.0,0.0,0.0,0.0,0.0,0.0,0.0,1.0
372755,0,1,3400,-54,54,-461,15,17,0.50,2963474.000000,0,2.1,0.0,0.0,0.0,0.0,0.0,0.0,0.0,1.0
373004,0,1,3400,-54,54,-463,14,17,0.50,2917163.250000,0,2.1,0.0,0.0,5513.944336,0,0.0,0.0,0.0,1.0
373253,0,1,3400,-54,54,-461,15,17,0.51,3189841.250000,0,2.1,2.8,0.0,69111.109375,18,0.0,0.0,0.0,1.0
373502,0,1,3400,-54,54,-465,15,18,0.50,3144796.750000,0,2.1,6.0,0.0,0.0,0.0,0.0,0.0,0.0,1.0
373751,0,1,3400,-54,54,-472,14,17,0.50,2873689.250000,0,2.1,6.0,0.0,0.0,0.0,0.0,0.0,0.0,1.0
374000,0,1,3400,-54,54,-472,14,18,0.50,2973841.250000,0,2.1,6.0,0.0,0.0,0.0,0.0,0.0,0.0,1.0
374249,0,1,3400,-54,54,-467,15,18,0.52,3068781.000000,0.4,2.1,6.9,0.0,92749.007812,25,0.0,0.0,0.0,1.0
374498,0,1,3400,-54,54,-465,14,17,0.50,2854666.750000,0,2.1,8.0,0.0,0.0,0.0,0.0,0.0,0.0,1.0
374747,0,1,3400,-54,54,-463,15,17,0.50,3050263.000000,0,2.1,8.0,0.0,0.0,0.0,0.0,0.0,0.0,1.0
374996,0,1,3400,-54,54,-459,14,18,0.50,2896956.250000,0,2.1,8.0,0.0,0.0,0.0,0.0,0.0,0.0,1.0
375245,0,1,3400,-54,54,-462,14,17,0.50,2895681.250000,0,2.1,2.9,0.0,41561.753906,8,0.0,0.0,0.0,1.0
375494,0,1,3400,-54,54,-466,15,17,0.50,3012095.250000,0,2.1,0.0,0.0,0.0,0.0,0.0,0.0,0.0,1.0
375743,0,1,3400,-54,54,-464,14,17,0.50,3013864.500000,0,2.1,0.0,0.0,0.0,0.0,0.0,0.0,0.0,1.0
375992,0,1,3400,-54,54,-468,14,17,0.50,2922645.500000,0,2.1,0.0,0.0,0.0,0.0,0.0,0.0,0.0,1.0
376241,0,1,3400,-54,54,-467,14,18,0.50,2894762.000000,0,2.1,1.1,0.0,25238.095703,21,0.0,0.0,0.0,1.0
376490,0,1,3400,-54,54,-470,14,17,0.50,2906135.500000,0,2.1,0.0,0.0,0.0,0.0,0.0,0.0,0.0,1.0
376739,0,1,3400,-54,54,-467,15,18,0.50,2994390.500000,0,2.1,0.0,0.0,0.0,0.0,0.0,0.0,0.0,1.0
376988,0,1,3400,-54,54,-465,14,17,0.50,2908476.250000,0,2.1,0.0,0.0,0.0,0.0,0.0,0.0,0.0,1.0
377237,0,1,3400,-54,54,-467,15,17,0.50,3007107.500000,0,2.1,4.8,55,0.0,80,0.0,0.0,0.0,1.0
377486,0,1,3400,-54,54,-468,15,18,0.50,3039553.750000,0,2.1,6.0,0.0,7649.402344,0,0.0,0.0,0.0,1.0
377735,0,1,3400,-54,54,-463,14,17,0.50,2881338.750000,0,2.1,0.0,0.0,0.0,0.0,0.0,0.0,0.0,1.0
377984,0,1,3400,-54,54,-463,15,17,0.51,3110825.500000,0,2.1,0.0,0.0,0.0,0.0,0.0,0.0,0.0,1.0
378233,0,1,3400,-54,54,-463,15,17,0.51,3150055.750000,0,2.1,0.040,0.0,36047.808594,0,0.0,0.0,0.0,1.0
378482,0,1,3400,-54,54,-465,14,17,0.50,2883028.000000,0,2.1,0.0,0.0,0.0,0.0,0.0,0.0,0.0,1.0
378731,0,1,3400,-54,54,-466,15,17,0.51,3011936.500000,0,2.1,0.0,0.0,0.0,0.0,0.0,0.0,0.0,1.0
378980,0,1,3400,-54,54,-467,15,17,0.50,2972972.000000,0,2.1,0.0,0.0,0.0,0.0,0.0,0.0,0.0,1.0
379229,0,1,3400,-54,54,-468,15,17,0.50,3036494.000000,0,2.1,4.2,0.0,49274.902344,27,0.0,1.0,3.0,1.0
379478,0,1,3400,-54,54,-463,15,17,0.50,3019873.000000,0,2.1,7.5,0.0,0.0,0.0,0.0,0.0,0.0,1.0
379727,0,1,3400,-54,54,-464,14,17,0.50,2902916.250000,0,2.1,7.5,0.0,0.0,0.0,0.0,0.0,0.0,1.0
379976,0,1,3400,-54,54,-465,15,18,0.51,3104701.250000,0,2.1,7.5,0.0,0.0,0.0,0.0,0.0,0.0,1.0
380225,0,1,3400,-54,54,-470,15,18,0.50,2979777.750000,0,2.1,6.7,0.0,40476.191406,27,0.0,0.0,0.0,1.0
380474,0,1,3400,-54,54,-469,15,17,0.50,3008478.000000,0,2.1,6.9,0.0,0.0,0.0,0.0,0.0,0.0,1.0
380723,0,1,3400,-54,54,-467,14,18,0.50,2870884.500000,0,2.1,7.0,0.0,0.0,0.0,0.0,0.0,0.0,1.0
380972,0,1,3400,-54,54,-465,14,17,0.50,2941800.750000,0,2.1,0.56,0.0,11027.888672,20,0.0,0.0,0.0,1.0
381221,0,1,3400,-54,54,-462,14,17,0.50,2831333.250000,0,2.1,0.0,0.0,37333.332031,0,0.0,0.0,0.0,1.0
381470,0,1,3400,-54,54,-463,15,18,0.50,3168223.000000,0,2.1,0.0,0.0,5513.944336,0,0.0,0.0,0.0,1.0
381719,0,1,3400,-54,54,-465,15,18,0.50,3016286.750000,0,2.1,0.0,0.0,0.0,0.0,0.0,0.0,0.0,1.0
381968,0,1,3400,-54,54,-466,14,17,0.50,2910158.750000,0,2.1,0.0,0.0,5492.063477,0,0.0,0.0,0.0,1.0
382217,0,1,3400,-54,54,-469,16,18,0.51,3256988.000000,0,2.1,0.0,0.0,52207.171875,0,0.0,0.0,0.0,1.0
382466,0,1,3400,-54,54,-464,15,17,0.57,2932717.250000,2,2.1,0.0,0.0,5513.944336,0,0.0,0.0,0.0,1.0
382715,0,1,3400,-54,54,-465,14,17,0.50,2860920.750000,0,2.1,0.0,0.0,0.0,0.0,0.0,0.0,0.0,1.0
382964,0,1,3400,-54,54,-462,14,17,0.50,2872318.750000,0,2.1,0.0,0.0,0.0,0.0,0.0,0.0,0.0,1.0
383213,0,1,3400,-54,54,-467,15,17,0.51,3017816.750000,0,2.1,0.0,0.0,41561.753906,0,0.0,0.0,0.0,1.0
383462,0,1,3400,-54,54,-464,14,17,0.51,2868539.750000,0,2.1,0.0,0.0,0.0,0.0,0.0,0.0,0.0,1.0
383711,0,1,3400,-54,54,-464,15,18,0.50,3124749.000000,0,2.1,0.0,0.0,0.0,0.0,0.0,0.0,0.0,1.0
383960,0,1,3400,-54,54,-464,15,18,0.50,3013386.500000,0,2.1,0.0,0.0,5513.944336,0,0.0,0.0,0.0,1.0
384209,0,1,3400,-54,54,-467,15,18,0.52,3142055.750000,0.4,2.1,0.54,0.0,44972.113281,20,0.0,0.0,0.0,1.0
384458,0,1,3400,-54,54,-468,15,18,0.50,3020222.250000,0,2.1,1.0,0.0,0.0,0.0,0.0,0.0,0.0,1.0
384707,0,1,3400,-54,54,-463,15,17,0.50,3083537.750000,0,2.1,1.0,0.0,0.0,0.0,0.0,0.0,0.0,1.0
384956,0,1,3400,-54,54,-466,15,17,0.50,3041083.750000,0,2.1,0.99,0.0,0.0,0.0,0.0,0.0,0.0,1.0
385205,0,1,3400,-54,54,-473,15,17,0.50,2992127.000000,0,2.1,0.40,0.0,41396.824219,0,0.0,0.0,0.0,1.0
385454,0,1,3400,-54,54,-467,14,17,0.50,2929402.500000,0,2.1,0.0,0.0,0.0,0.0,0.0,0.0,0.0,1.0
385703,0,1,3400,-54,54,-468,15,18,0.51,3016286.750000,0.4,2.1,0.0,0.0,5513.944336,0,0.0,0.0,0.0,1.0
385952,0,1,3400,-54,54,-472,14,18,0.50,2987714.250000,0,2.1,0.0,0.0,5492.063477,0,0.0,0.0,0.0,1.0
386201,0,1,3400,-54,54,-468,15,18,0.50,3073370.500000,0,2.1,6.1,0.0,53896.414062,29,0.0,0.0,0.0,1.0
386450,0,1,3400,-54,54,-471,15,17,0.51,3002358.500000,0,2.1,10,0.0,5513.944336,0,0.0,0.0,0.0,1.0
386699,0,1,3400,-54,54,-469,15,17,0.50,3029015.750000,0,2.1,6.5,0.0,0.0,0.0,0.0,0.0,0.0,1.0
386948,0,1,3400,-54,54,-468,16,18,0.53,3175267.000000,0.9,2.1,2.5,0.0,5513.944336,0,0.0,1.0,1.0,1.0
387197,0,1,3400,-54,54,-467,14,17,0.50,2949450.250000,0,2.1,3.7,0.0,40159.363281,25,0.0,0.0,0.0,1.0
387446,0,1,3400,-54,54,-470,14,17,0.50,2883777.750000,0,2.1,7.9,0.0,0.0,0.0,0.0,0.0,0.0,1.0
387695,0,1,3400,-54,54,-471,15,18,0.51,3186741.000000,0,2.1,8.0,0.0,0.0,0.0,0.0,0.0,0.0,1.0
387944,0,1,3400,-54,54,-469,15,17,0.50,3042773.000000,0,2.1,6.0,0.0,8828.685547,0,0.0,0.0,0.0,1.0
388193,0,1,3400,-54,54,-463,14,17,0.50,2933174.500000,0,2.1,0.53,0.0,42888.890625,0,0.0,0.0,0.0,1.0
388442,0,1,3400,-54,54,-467,15,17,0.50,2946645.500000,0,2.1,0.40,0.0,14438.247070,0,0.0,0.0,0.0,1.0
388691,0,1,3400,-54,54,-476,15,17,0.50,3019346.500000,0,2.1,1.5,0.0,11027.888672,0,0.0,0.0,0.0,1.0
388940,0,1,3400,-54,54,-470,14,17,0.50,2999904.750000,0,2.1,0.0,0.0,0.0,0.0,0.0,0.0,0.0,1.0
389189,0,1,3400,-54,54,-465,13,17,0.50,2704637.500000,0,2.1,6.6,0.0,199745.015625,62,0.0,0.0,0.0,1.0
389438,0,1,3400,-54,54,-468,14,17,0.50,2945179.250000,0,2.1,16,0.0,0.0,0.0,0.0,0.0,0.0,1.0
389687,0,1,3400,-54,54,-470,15,18,0.50,2967269.750000,0,2.1,16,0.0,0.0,0.0,0.0,0.0,0.0,1.0
389936,0,1,3400,-54,54,-465,15,18,0.50,3041434.250000,0,2.1,16,0.0,0.0,0.0,0.0,0.0,0.0,1.0
390185,0,1,3400,-54,54,-464,14,17,0.50,2908143.500000,0,2.1,4.8,0.0,41561.753906,7,0.0,0.0,0.0,1.0
390434,0,1,3400,-54,54,-463,15,17,0.50,3015142.750000,0,2.1,0.0,0.0,0.0,0.0,0.0,0.0,0.0,1.0
390683,0,1,3400,-54,54,-465,14,17,0.50,2986008.000000,0,2.1,0.0,0.0,0.0,0.0,0.0,0.0,0.0,1.0
390932,0,1,3400,-54,54,-465,15,18,0.50,3046884.500000,0,2.1,0.0,0.0,0.0,0.0,0.0,0.0,0.0,1.0
391181,0,1,3400,-54,54,-463,14,17,0.50,2905976.000000,0,2.1,0.0,0.0,36047.808594,8,0.0,0.0,0.0,1.0
391430,0,1,3400,-54,54,-463,15,17,0.50,3098476.250000,0,2.1,0.0,0.0,0.0,0.0,0.0,0.0,0.0,1.0
391679,0,1,3400,-54,54,-465,16,18,0.51,3298932.250000,0,2.1,0.0,0.0,0.0,0.0,0.0,0.0,0.0,1.0
391928,0,1,3400,-54,54,-469,14,17,0.50,2967012.000000,0,2.1,0.0,0.0,0.0,0.0,0.0,0.0,0.0,1.0
392177,0,1,3400,-54,54,-464,15,18,0.50,3175301.500000,0,2.1,0.0,0.0,41365.078125,0,0.0,0.0,0.0,1.0
392426,0,1,3400,-54,54,-471,15,17,0.51,2989960.250000,0,2.1,0.0,0.0,0.0,0.0,0.0,0.0,0.0,1.0
392675,0,1,3400,-54,54,-469,14,17,0.51,2888988.000000,0.4,2.1,0.0,0.0,0.0,0.0,0.0,0.0,0.0,1.0
392924,0,1,3400,-54,54,-465,15,18,0.50,2997904.750000,0,2.1,0.0,0.0,0.0,0.0,0.0,0.0,0.0,1.0
393173,0,1,3400,-54,54,-470,15,17,0.51,3058231.000000,0,2.1,0.0,0.0,41561.753906,0,0.0,0.0,0.0,1.0
393422,0,1,3400,-54,54,-468,15,18,0.51,3121848.500000,0,2.1,0.0,0.0,0.0,0.0,0.0,0.0,0.0,1.0
393671,0,1,3400,-54,54,-470,14,17,0.50,2802317.500000,0,2.1,0.0,0.0,5492.063477,0,0.0,0.0,0.0,1.0
393920,0,1,3400,-54,54,-471,15,17,0.50,3137147.500000,0,2.1,0.0,0.0,0.0,0.0,0.0,0.0,0.0,1.0
394169,0,1,3400,-54,54,-470,15,17,0.51,3013737.000000,0,2.1,0.0,0.0,41561.753906,0,0.0,0.0,0.0,1.0
394418,0,1,3400,-54,54,-469,15,18,0.50,2971841.250000,0,2.1,0.0,0.0,0.0,0.0,0.0,0.0,0.0,1.0
394667,0,1,3400,-54,54,-472,14,17,0.50,2917004.000000,0,2.1,0.0,0.0,0.0,0.0,0.0,0.0,0.0,1.0
394916,0,1,3400,-54,54,-465,15,17,0.52,3073593.750000,0.4,2.1,0.0,0.0,0.0,0.0,0.0,0.0,0.0,1.0
395165,0,1,3400,-54,54,-464,15,17,0.51,3081650.750000,0,2.1,1.0,0.0,23142.857422,27,0.0,0.0,0.0,1.0
395414,0,1,3400,-54,54,-466,15,17,0.50,3003028.000000,0,2.1,0.0,0.0,0.0,0.0,0.0,0.0,0.0,1.0
395663,0,1,3400,-54,54,-471,14,17,0.53,2912414.250000,0.4,2.1,0.0,0.0,0.0,0.0,0.0,0.0,0.0,1.0
395912,0,1,3400,-54,54,-466,15,18,0.50,3112510.000000,0,2.1,0.0,0.0,0.0,0.0,0.0,0.0,0.0,1.0
396161,0,1,3400,-54,54,-472,15,17,0.50,3025968.250000,0,2.1,0.040,0.0,33968.253906,0,0.0,0.0,0.0,1.0
396410,0,1,3400,-54,54,-466,15,17,0.50,2996079.750000,0,2.1,0.0,0.0,0.0,0.0,0.0,0.0,0.0,1.0
396659,0,1,3400,-54,54,-469,15,17,0.51,3038024.000000,0,2.1,0.0,0.0,0.0,0.0,0.0,0.0,0.0,1.0
396908,0,1,3400,-54,54,-469,14,17,0.51,2890190.500000,0.4,2.1,0.0,0.0,0.0,0.0,0.0,0.0,0.0,1.0
397157,0,1,3400,-54,54,-470,15,17,0.50,3052749.000000,0,2.1,2.4,0.0,58836.652344,27,0.0,1.0,4.0,1.0
397406,0,1,3400,-54,54,-473,14,18,0.50,2917004.000000,0,2.1,6.9,0.0,0.0,0.0,0.0,0.0,0.0,1.0
397655,0,1,3400,-54,54,-462,14,17,0.50,2880730.250000,0,2.1,7.0,0.0,0.0,0.0,0.0,0.0,0.0,1.0
397904,0,1,3400,-54,54,-463,15,18,0.50,3155665.250000,0,2.1,7.0,0.0,0.0,0.0,0.0,0.0,0.0,1.0
398153,0,1,3400,-54,54,-470,14,17,0.50,2920063.750000,0,2.1,2.5,0.0,47075.695312,0,0.0,0.0,0.0,1.0
398402,0,1,3400,-54,54,-466,14,17,0.51,2895809.500000,0.4,2.1,0.0,0.0,0.0,0.0,0.0,0.0,0.0,1.0
398651,0,1,3400,-54,54,-464,14,17,0.50,2995028.000000,0,2.1,0.0,0.0,0.0,0.0,0.0,0.0,0.0,1.0
398900,0,1,3400,-54,54,-469,15,17,0.51,2951235.000000,0,2.1,0.0,0.0,0.0,0.0,0.0,0.0,0.0,1.0
399149,0,1,3400,-54,54,-468,14,17,0.50,2911682.500000,0,2.1,0.0,0.0,41365.078125,0,0.0,0.0,0.0,1.0
399398,0,1,3400,-54,54,-468,14,17,0.50,2868940.250000,0,2.1,0.0,0.0,0.0,0.0,0.0,0.0,0.0,1.0
399647,0,1,3400,-54,54,-467,14,17,0.50,2970549.750000,0,2.1,0.0,0.0,0.0,0.0,0.0,0.0,0.0,1.0
399896,0,1,3400,-54,54,-465,14,17,0.50,2942852.500000,0,2.1,0.0,0.0,0.0,0.0,0.0,0.0,0.0,1.0
400145,0,1,3400,-54,54,-469,16,18,0.51,3262508.000000,0,2.1,7.7,0.0,66634.921875,29,0.0,0.0,0.0,1.0
400394,0,1,3400,-54,54,-463,14,17,0.50,2861290.750000,0,2.1,15,0.0,5513.944336,0,0.0,0.0,0.0,1.0
400643,0,1,3400,-54,54,-466,14,17,0.50,3007745.000000,0,2.1,7.5,0.0,5513.944336,0,0.0,0.0,0.0,1.0
400892,0,1,3400,-54,54,-466,14,17,0.50,2987333.250000,0,2.1,7.4,0.0,0.0,0.0,0.0,0.0,0.0,1.0
401141,0,1,3400,-54,54,-465,14,17,0.50,2889147.500000,0,2.1,2.7,0.0,36015.937500,0,0.0,0.0,0.0,1.0
401390,0,1,3400,-54,54,-466,14,17,0.50,2903075.750000,0,2.1,0.0,0.0,5513.944336,0,0.0,1.0,5.0,1.0
401639,0,1,3400,-54,54,-465,14,17,0.50,2859238.000000,0,2.1,0.0,0.0,0.0,0.0,0.0,0.0,0.0,1.0
401888,0,1,3400,-54,54,-464,14,17,0.50,2955888.500000,0,2.1,0.0,0.0,0.0,0.0,0.0,0.0,0.0,1.0
402137,0,1,3400,-54,54,-468,15,17,0.51,2999139.500000,0,2.1,6.9,0.0,95968.125000,44,0.0,0.0,0.0,1.0
402386,0,1,3400,-54,54,-470,16,18,0.51,3229682.500000,0,2.1,15,0.0,0.0,0.0,0.0,0.0,0.0,1.0
402635,0,1,3400,-54,54,-468,15,18,0.50,3054725.000000,0,2.1,16,0.0,0.0,0.0,0.0,0.0,0.0,1.0
402884,0,1,3400,-54,54,-468,14,17,0.50,2953561.750000,0,2.1,16,0.0,0.0,0.0,0.0,0.0,0.0,1.0
403133,0,1,3400,-54,54,-470,15,18,0.52,3172571.500000,0.4,2.1,15,55,0.0,80,0.0,0.0,0.0,1.0
403382,0,1,3400,-54,54,-470,15,18,0.51,3003729.000000,0.4,2.1,13,0.0,7649.402344,0,0.0,0.0,0.0,1.0
403631,0,1,3400,-54,54,-464,14,17,0.50,2884398.500000,0,2.1,0.0,0.0,11027.888672,0,0.0,0.0,0.0,1.0
403880,0,1,3400,-54,54,-471,15,18,0.50,3122317.500000,0,2.1,0.0,0.0,0.0,0.0,0.0,0.0,0.0,1.0
404129,0,1,3400,-54,54,-467,14,18,0.50,2929402.500000,0,2.1,4.0,0.0,48701.195312,0,0.0,0.0,0.0,1.0
404378,0,1,3400,-54,54,-475,16,18,0.51,3371219.000000,0,2.1,7.0,0.0,0.0,0.0,0.0,0.0,0.0,1.0
404627,0,1,3400,-54,54,-473,15,17,0.50,3025809.500000,0,2.1,7.0,0.0,0.0,0.0,0.0,0.0,0.0,1.0
404876,0,1,3400,-54,54,-473,15,17,0.50,3022406.250000,0,2.1,7.0,0.0,0.0,0.0,0.0,0.0,0.0,1.0
405125,0,1,3400,-54,54,-469,14,17,0.50,2910884.500000,0,2.1,2.5,0.0,41306.773438,0,0.0,0.0,0.0,1.0
405374,0,1,3400,-54,54,-465,14,17,0.50,2885460.250000,0,2.1,0.0,0.0,0.0,0.0,0.0,0.0,0.0,1.0
405623,0,1,3400,-54,54,-463,15,18,0.50,3000828.750000,0,2.1,0.0,0.0,0.0,0.0,0.0,0.0,0.0,1.0
405872,0,1,3400,-54,54,-471,14,17,0.50,2873689.250000,0,2.1,0.0,0.0,0.0,0.0,0.0,0.0,0.0,1.0
406121,0,1,3400,-54,54,-473,15,18,0.50,3006000.000000,0,2.1,0.0,0.0,41396.824219,0,0.0,0.0,0.0,1.0
406370,0,1,3400,-54,54,-469,14,17,0.50,2921593.750000,0,2.1,0.0,0.0,0.0,0.0,0.0,0.0,0.0,1.0
406619,0,1,3400,-54,54,-470,15,17,0.50,3132398.500000,0,2.1,6.9,0.0,4494.023926,33,0.0,0.0,0.0,1.0
406868,0,1,3400,-54,54,-467,14,17,0.50,2914103.500000,0,2.1,3.0,0.0,11027.888672,0,0.0,0.0,0.0,1.0
407117,0,1,3400,-54,54,-474,14,17,0.50,2879365.000000,0,2.1,4.5,0.0,92380.953125,25,0.0,0.0,0.0,1.0
407366,0,1,3400,-54,54,-468,14,17,0.50,3002518.000000,0,2.1,8.0,0.0,0.0,0.0,0.0,0.0,0.0,1.0
407615,0,1,3400,-54,54,-464,15,18,0.50,3093099.500000,0,2.1,8.0,0.0,0.0,0.0,0.0,0.0,0.0,1.0
407864,0,1,3400,-54,54,-468,15,18,0.51,3058857.250000,0.4,2.1,7.9,0.0,0.0,0.0,0.0,0.0,0.0,1.0
408113,0,1,3400,-54,54,-467,15,18,0.51,3150215.250000,0,2.1,3.2,0.0,41561.753906,0,0.0,0.0,0.0,1.0
408362,0,1,3400,-54,54,-468,16,18,0.53,3248669.250000,0.4,2.1,0.0,0.0,0.0,0.0,0.0,0.0,0.0,1.0
408611,0,1,3400,-54,54,-469,15,17,0.50,2996698.500000,0,2.1,0.0,0.0,0.0,0.0,0.0,1.0,0.0,1.0
408860,0,1,3400,-54,54,-470,15,18,0.50,3010008.000000,0,2.1,0.0,0.0,0.0,0.0,0.0,0.0,0.0,1.0
409109,0,1,3400,-54,54,-471,14,17,0.51,2864350.500000,0.4,2.1,1.0,0.0,23235.060547,27,0.0,0.0,0.0,1.0
409358,0,1,3400,-54,54,-467,15,18,0.50,2999746.000000,0,2.1,0.0,0.0,0.0,0.0,0.0,0.0,0.0,1.0
409607,0,1,3400,-54,54,-467,14,17,0.51,2887777.000000,0.4,2.1,0.0,0.0,5513.944336,0,0.0,0.0,0.0,1.0
409856,0,1,3400,-54,54,-467,15,18,0.50,3050422.250000,0,2.1,0.0,0.0,0.0,0.0,0.0,0.0,0.0,1.0
410105,0,1,3400,-54,54,-468,13,18,0.50,2557047.500000,0,2.1,6.8,0.0,173968.250000,57,0.0,0.0,0.0,1.0
410354,0,1,3400,-54,54,-471,14,17,0.57,2839075.750000,2,2.1,9.3,0.0,5513.944336,0,0.0,0.0,0.0,1.0
410603,0,1,3400,-54,54,-467,15,17,0.51,3131346.500000,0,2.1,8.0,0.0,5513.944336,0,0.0,0.0,0.0,1.0
410852,0,1,3400,-54,54,-469,16,18,0.52,3281523.750000,0.4,2.1,8.0,0.0,0.0,0.0,0.0,0.0,0.0,1.0
411101,0,1,3400,-54,54,-470,14,17,0.50,2888988.000000,0,2.1,5.9,0.0,34964.144531,44,0.0,1.0,1.0,1.0
411350,0,1,3400,-54,54,-471,14,17,0.50,2940271.000000,0,2.1,0.0,0.0,0.0,0.0,0.0,0.0,0.0,1.0
411599,0,1,3400,-54,54,-470,15,17,0.52,3131587.250000,0,2.1,0.0,0.0,5492.063477,0,0.0,0.0,0.0,1.0
411848,0,1,3400,-54,54,-471,14,17,0.50,2950342.750000,0,2.1,0.0,0.0,5513.944336,0,0.0,0.0,0.0,1.0
412097,0,1,3400,-54,54,-470,14,17,0.50,2889306.750000,0,2.1,4.3,0.0,35505.976562,0,0.0,0.0,0.0,1.0
412346,0,1,3400,-54,54,-472,15,17,0.51,3129269.750000,0,2.1,14,0.0,0.0,80,0.0,0.0,0.0,1.0
412595,0,1,3400,-54,54,-469,15,17,0.50,3006948.250000,0,2.1,13,0.0,5513.944336,40,0.0,0.0,0.0,1.0
412844,0,1,3400,-54,54,-464,15,18,0.52,3033275.000000,0.4,2.1,15,0.0,0.0,100.000000,0.0,0.0,0.0,1.0
413093,0,1,3400,-54,54,-467,15,18,0.52,3152762.000000,0.4,2.1,9.4,0.0,49619.046875,8,0.0,0.0,0.0,1.0
413342,0,1,3400,-54,54,-472,14,17,0.50,2945020.000000,0,2.1,7.0,0.0,0.0,80,0.0,0.0,0.0,1.0
413591,0,1,3400,-54,54,-464,15,18,0.50,3138326.750000,0,2.1,7.5,0.0,0.0,0.0,0.0,1.0,4.0,1.0
413840,0,1,3400,-54,54,-462,15,18,0.50,3024095.500000,0,2.1,7.5,0.0,0.0,0.0,0.0,0.0,0.0,1.0
414089,0,1,3400,-54,54,-470,15,17,0.50,3124190.500000,0,2.1,6.7,0.0,48507.937500,0,0.0,0.0,0.0,1.0
414338,0,1,3400,-54,54,-471,14,18,0.50,2935840.750000,0,2.1,6.9,0.0,0.0,0.0,0.0,0.0,0.0,1.0
414587,0,1,3400,-54,54,-467,15,17,0.52,2979091.750000,0.4,2.1,7.0,0.0,0.0,0.0,0.0,0.0,0.0,1.0
414836,0,1,3400,-54,54,-472,14,17,0.50,2899333.250000,0,2.1,6.9,0.0,0.0,0.0,0.0,0.0,0.0,1.0
415085,0,1,3400,-54,54,-469,14,17,0.50,2912414.250000,0,2.1,6.4,0.0,33402.390625,21,0.0,0.0,0.0,1.0
415334,0,1,3400,-54,54,-468,14,17,0.50,2884398.500000,0,2.1,6.9,0.0,0.0,0.0,0.0,0.0,0.0,1.0
415583,0,1,3400,-54,54,-469,15,18,0.50,3144825.500000,0,2.1,7.0,0.0,0.0,0.0,0.0,0.0,0.0,1.0
415832,0,1,3400,-54,54,-469,15,18,0.50,2962103.500000,0,2.1,7.0,0.0,0.0,0.0,0.0,0.0,0.0,1.0
416081,0,1,3400,-54,54,-472,14,17,0.53,2889306.750000,0.8,2.1,9.2,0.0,67952.187500,37,0.0,0.0,0.0,1.0
416330,0,1,3400,-54,54,-470,15,18,0.50,3090698.500000,0,2.1,7.4,0.0,0.0,0.0,0.0,0.0,0.0,1.0
416579,0,1,3400,-54,54,-469,16,18,0.53,3240860.500000,0.8,2.1,3.3,0.0,5513.944336,33,0.0,0.0,0.0,1.0
416828,0,1,3400,-54,54,-467,14,17,0.53,2932621.500000,0.8,2.1,0.0,0.0,0.0,0.0,0.0,0.0,0.0,1.0
417077,0,1,3400,-54,54,-476,15,18,0.50,3140254.000000,0,2.1,0.0,0.0,35904.761719,8,0.0,0.0,0.0,1.0
417326,0,1,3400,-54,54,-468,15,17,0.50,3034964.250000,0,2.1,0.0,0.0,0.0,0.0,0.0,0.0,0.0,1.0
417575,0,1,3400,-54,54,-465,14,17,0.51,2842613.500000,0.4,2.1,0.0,0.0,0.0,0.0,0.0,0.0,0.0,1.0
417824,0,1,3400,-54,54,-473,14,17,0.52,2823873.000000,0.4,2.1,0.0,0.0,0.0,0.0,0.0,0.0,0.0,1.0
418073,0,1,3400,-54,54,-472,14,17,0.50,2895840.750000,0,2.1,4.1,0.0,48924.304688,29,0.0,0.0,0.0,1.0
418322,0,1,3400,-54,54,-471,16,18,0.50,3282804.750000,0,2.1,7.5,0.0,0.0,0.0,0.0,0.0,0.0,1.0
418571,0,1,3400,-54,54,-466,15,18,0.50,3029015.750000,0,2.1,7.4,0.0,5492.063477,0,0.0,0.0,0.0,1.0
418820,0,1,3400,-54,54,-471,15,18,0.51,3185051.750000,0,2.1,7.5,0.0,0.0,0.0,0.0,0.0,0.0,1.0
419069,0,1,3400,-54,54,-468,15,18,0.50,3140207.250000,0,2.1,6.6,0.0,59410.359375,0,0.0,1.0,1.0,1.0
419318,0,1,3400,-54,54,-467,14,18,0.50,2831333.250000,0,2.1,6.5,0.0,0.0,0.0,0.0,0.0,0.0,1.0
419567,0,1,3400,-54,54,-471,15,18,0.50,3151075.750000,0,2.1,6.5,0.0,0.0,0.0,0.0,0.0,0.0,1.0
419816,0,1,3400,-54,54,-469,14,17,0.50,2927872.500000,0,2.1,0.52,0.0,11027.888672,0,0.0,0.0,0.0,1.0
420065,0,1,3400,-54,54,-467,15,18,0.50,3047043.750000,0,2.1,4.8,55,0.0,80,0.0,0.0,0.0,1.0
420314,0,1,3400,-54,54,-473,14,17,0.50,2882254.000000,0,2.1,2.6,0.0,7619.047852,0,0.0,0.0,0.0,1.0
420563,0,1,3400,-54,54,-470,14,17,0.50,2873689.250000,0,2.1,0.0,0.0,0.0,0.0,0.0,0.0,0.0,1.0
420812,0,1,3400,-54,54,-466,14,17,0.50,2863139.500000,0,2.1,0.0,0.0,5513.944336,0,0.0,0.0,0.0,1.0
421061,0,1,3400,-54,54,-467,15,18,0.51,2993333.250000,0.4,2.1,0.0,0.0,41396.824219,0,0.0,0.0,0.0,1.0
421310,0,1,3400,-54,54,-470,14,17,0.50,2918215.250000,0,2.1,0.0,0.0,0.0,0.0,0.0,0.0,0.0,1.0
421559,0,1,3400,-54,54,-468,16,17,0.51,3382406.250000,0,2.1,0.0,0.0,0.0,0.0,0.0,0.0,0.0,1.0
421808,0,1,3400,-54,54,-474,15,18,0.52,2991968.250000,0.4,2.1,0.0,0.0,0.0,0.0,0.0,0.0,0.0,1.0
422057,0,1,3400,-54,54,-471,15,18,0.50,3123888.500000,0,2.1,4.2,0.0,48924.304688,25,0.0,0.0,0.0,1.0
422306,0,1,3400,-54,54,-470,15,17,0.51,3165004.000000,0,2.1,7.4,0.0,0.0,0.0,0.0,0.0,0.0,1.0
422555,0,1,3400,-54,54,-469,14,17,0.50,2897968.250000,0,2.1,7.5,0.0,0.0,0.0,0.0,0.0,0.0,1.0
422804,0,1,3400,-54,54,-470,15,17,0.50,2996239.000000,0,2.1,7.5,0.0,0.0,0.0,0.0,0.0,0.0,1.0
423053,0,1,3400,-54,54,-469,15,17,0.50,3015267.000000,0,2.1,6.9,0.0,65912.351562,0,0.0,0.0,0.0,1.0
423302,0,1,3400,-54,54,-467,15,17,0.51,2954920.750000,0.4,2.1,7.5,0.0,0.0,0.0,0.0,0.0,0.0,1.0
423551,0,1,3400,-54,54,-474,14,17,0.51,2927872.500000,0.4,2.1,7.5,0.0,0.0,0.0,0.0,0.0,0.0,1.0
423800,0,1,3400,-54,54,-473,15,17,0.51,3034804.750000,0,2.1,7.5,0.0,0.0,0.0,0.0,0.0,0.0,1.0
424049,0,1,3400,-54,54,-474,14,17,0.50,2934857.250000,0,2.1,9.7,0.0,232698.406250,38,0.0,0.0,0.0,1.0
424298,0,1,3400,-54,54,-470,14,18,0.50,2916844.500000,0,2.1,10,0.0,0.0,0.0,0.0,0.0,0.0,1.0
424547,0,1,3400,-54,54,-464,15,17,0.50,3145275.000000,0,2.1,10,0.0,0.0,0.0,0.0,0.0,0.0,1.0
424796,0,1,3400,-54,54,-467,14,17,0.50,2903904.750000,0,2.1,10,0.0,0.0,0.0,0.0,0.0,0.0,1.0
425045,0,1,3400,-54,54,-471,15,17,0.50,3016286.750000,0,2.1,3.9,0.0,41561.753906,0,0.0,0.0,0.0,1.0
425294,0,1,3400,-54,54,-473,14,17,0.50,2910725.000000,0,2.1,0.0,0.0,5513.944336,0,0.0,0.0,0.0,1.0
425543,0,1,3400,-54,54,-474,14,18,0.52,2950984.250000,0.4,2.1,0.0,0.0,5492.063477,0,0.0,0.0,0.0,1.0
425792,0,1,3400,-54,54,-470,15,17,0.50,3074422.250000,0,2.1,0.0,0.0,5513.944336,0,0.0,0.0,0.0,1.0
426041,0,1,3400,-54,54,-472,15,17,0.50,3077259.000000,0,2.1,4.2,0.0,49274.902344,27,0.0,0.0,0.0,1.0
426290,0,1,3400,-54,54,-466,14,17,0.50,2877682.500000,0,2.1,2.0,0.0,8793.650391,0,0.0,0.0,0.0,1.0
426539,0,1,3400,-54,54,-469,15,18,0.51,3068940.250000,0,2.1,1.00,0.0,0.0,0.0,0.0,0.0,0.0,1.0
426788,0,1,3400,-54,54,-474,14,17,0.50,2903075.750000,0,2.1,0.72,0.0,5513.944336,0,0.0,0.0,0.0,1.0
427037,0,1,3400,-54,54,-472,15,17,0.52,2962539.750000,0.4,2.1,0.0080,0.0,72063.492188,0,0.0,0.0,0.0,1.0
427286,0,1,3400,-54,54,-470,15,17,0.50,3016541.750000,0,2.1,0.0,0.0,0.0,0.0,0.0,0.0,0.0,1.0
427535,0,1,3400,-54,54,-468,15,18,0.51,3148526.000000,0,2.1,0.0,0.0,0.0,0.0,0.0,0.0,0.0,1.0
427784,0,1,3400,-54,54,-467,15,17,0.50,3138412.750000,0,2.1,0.0,0.0,0.0,0.0,0.0,0.0,0.0,1.0
428033,0,1,3400,-54,54,-474,15,17,0.52,3143267.000000,0.4,2.1,7.1,0.0,40031.871094,47,0.0,0.0,0.0,1.0
428282,0,1,3400,-54,54,-477,14,17,0.50,2887458.250000,0,2.1,6.7,0.0,5513.944336,0,0.0,0.0,0.0,1.0
428531,0,1,3400,-54,54,-470,15,18,0.50,3135523.750000,0,2.1,6.0,0.0,0.0,0.0,0.0,0.0,0.0,1.0
428780,0,1,3400,-54,54,-472,15,18,0.52,3030725.000000,0.4,2.1,5.9,0.0,5513.944336,0,0.0,1.0,3.0,1.0
429029,0,1,3400,-54,54,-472,14,17,0.50,2926502.000000,0,2.1,3.5,0.0,23235.060547,27,0.0,0.0,0.0,1.0
429278,0,1,3400,-54,54,-465,15,18,0.50,3127746.000000,0,2.1,0.0,0.0,0.0,0.0,0.0,0.0,0.0,1.0
429527,0,1,3400,-54,54,-465,14,18,0.50,2901545.750000,0,2.1,0.0,0.0,0.0,0.0,0.0,0.0,0.0,1.0
429776,0,1,3400,-54,54,-473,15,17,0.50,2977561.750000,0,2.1,0.0,0.0,0.0,0.0,0.0,0.0,0.0,1.0
430025,0,1,3400,-54,54,-476,14,17,0.50,2924031.750000,0,2.1,6.6,0.0,113396.828125,67,0.0,0.0,0.0,1.0
430274,0,1,3400,-54,54,-477,15,18,0.50,3008892.500000,0,2.1,16,0.0,0.0,0.0,0.0,0.0,0.0,1.0
430523,0,1,3400,-54,54,-474,15,17,0.51,3088350.500000,0,2.1,16,0.0,0.0,0.0,0.0,0.0,0.0,1.0
430772,0,1,3400,-54,54,-469,16,17,0.50,3339492.000000,0,2.1,14,0.0,5492.063477,0,0.0,0.0,0.0,1.0
431021,0,1,3400,-54,54,-470,14,18,0.50,2942151.500000,0,2.1,4.5,0.0,52462.152344,6,0.0,0.0,0.0,1.0
431270,0,1,3400,-54,54,-467,14,17,0.50,2892366.500000,0,2.1,3.9,0.0,5513.944336,57,0.0,0.0,0.0,1.0
431519,0,1,3400,-54,54,-472,14,17,0.50,2934857.250000,0,2.1,7.5,0.0,0.0,0.0,0.0,0.0,0.0,1.0
431768,0,1,3400,-54,54,-477,14,17,0.50,2890677.250000,0,2.1,7.5,0.0,0.0,0.0,0.0,0.0,0.0,1.0
432017,0,1,3400,-54,54,-469,15,18,0.50,3000828.750000,0,2.1,7.2,0.0,49274.902344,27,0.0,0.0,0.0,1.0
432266,0,1,3400,-54,54,-471,15,18,0.52,3131301.500000,0,2.1,7.5,0.0,0.0,0.0,0.0,0.0,0.0,1.0
432515,0,1,3400,-54,54,-471,14,18,0.50,2906549.750000,0,2.1,7.5,0.0,0.0,0.0,0.0,0.0,0.0,1.0
432764,0,1,3400,-54,54,-466,15,18,0.50,3112669.250000,0,2.1,7.6,0.0,0.0,0.0,0.0,0.0,0.0,1.0
433013,0,1,3400,-54,54,-469,15,18,0.50,2986317.500000,0,2.1,4.4,0.0,33619.046875,8,0.0,0.0,0.0,1.0
433262,0,1,3400,-54,54,-473,15,17,0.50,3036494.000000,0,2.1,0.13,0.0,0.0,0.0,0.0,0.0,0.0,1.0
433511,0,1,3400,-54,54,-470,15,18,0.50,3045673.250000,0,2.1,0.13,0.0,0.0,0.0,0.0,0.0,0.0,1.0
433760,0,1,3400,-54,54,-468,14,17,0.50,2894603.250000,0,2.1,6.4,0.0,0.0,80,0.0,0.0,0.0,1.0
434009,0,1,3400,-54,54,-475,15,17,0.52,3049051.750000,0.4,2.1,10,0.0,66549.804688,0,0.0,0.0,0.0,1.0
434258,0,1,3400,-54,54,-477,15,18,0.50,3030374.500000,0,2.1,7.5,0.0,5513.944336,0,0.0,0.0,0.0,1.0
434507,0,1,3400,-54,54,-476,15,17,0.52,2968793.750000,0.4,2.1,7.5,0.0,0.0,0.0,0.0,0.0,0.0,1.0
434756,0,1,3400,-54,54,-470,15,18,0.51,3111298.750000,0,2.1,7.6,0.0,0.0,0.0,0.0,0.0,0.0,1.0
435005,0,1,3400,-54,54,-469,15,18,0.50,3201020.000000,0,2.1,3.0,0.0,41561.753906,0,0.0,0.0,0.0,1.0
435254,0,1,3400,-54,54,-471,14,17,0.50,2870063.500000,0,2.1,0.0,0.0,0.0,0.0,0.0,0.0,0.0,1.0
435503,0,1,3400,-54,54,-469,14,17,0.50,2940271.000000,0,2.1,0.0,0.0,0.0,0.0,0.0,0.0,0.0,1.0
435752,0,1,3400,-54,54,-471,14,17,0.50,2841243.000000,0,2.1,0.13,0.0,0.0,0.0,0.0,0.0,0.0,1.0
436001,0,1,3400,-54,54,-468,15,18,0.52,3116920.750000,0.4,2.1,4.3,0.0,66285.710938,0,0.0,0.0,0.0,1.0
436250,0,1,3400,-54,54,-469,15,18,0.51,3021035.750000,0,2.1,7.6,0.0,0.0,0.0,0.0,1.0,3.0,1.0
436499,0,1,3400,-54,54,-470,15,18,0.50,3013227.000000,0,2.1,7.5,0.0,0.0,0.0,0.0,0.0,0.0,1.0
436748,0,1,3400,-54,54,-472,15,17,0.50,2979619.000000,0,2.1,7.5,0.0,0.0,0.0,0.0,0.0,0.0,1.0
436997,0,1,3400,-54,54,-470,15,17,0.50,3031745.000000,0,2.1,7.5,55,0.0,80,0.0,0.0,0.0,1.0
437246,0,1,3400,-54,54,-468,15,17,0.50,2990470.000000,0,2.1,6.2,0.0,7649.402344,0,0.0,0.0,0.0,1.0
437495,0,1,3400,-54,54,-471,14,17,0.50,2927872.500000,0,2.1,0.064,0.0,0.0,0.0,0.0,0.0,0.0,1.0
437744,0,1,3400,-54,54,-474,15,18,0.51,3141619.000000,0,2.1,0.0,0.0,0.0,0.0,0.0,0.0,0.0,1.0
437993,0,1,3400,-54,54,-471,15,18,0.50,3025466.250000,0,2.1,0.13,0.0,41529.878906,0,0.0,0.0,0.0,1.0
438242,0,1,3400,-54,54,-474,14,17,0.50,2927872.500000,0,2.1,0.064,0.0,5513.944336,0,0.0,0.0,0.0,1.0
438491,0,1,3400,-54,54,-472,15,17,0.50,3033587.250000,0,2.1,0.0,0.0,0.0,0.0,0.0,0.0,0.0,1.0
438740,0,1,3400,-54,54,-471,15,18,0.50,3110820.750000,0,2.1,0.13,0.0,0.0,0.0,0.0,0.0,0.0,1.0
438989,0,1,3400,-54,54,-471,15,18,0.50,3155650.750000,0,2.1,0.0,0.0,41396.824219,0,0.0,0.0,0.0,1.0
439238,0,1,3400,-54,54,-469,14,18,0.50,2918215.250000,0,2.1,0.0,0.0,0.0,0.0,0.0,0.0,0.0,1.0
439487,0,1,3400,-54,54,-470,14,18,0.50,3055330.750000,0,2.1,0.0,0.0,0.0,0.0,0.0,0.0,0.0,1.0
439736,0,1,3400,-54,54,-476,15,18,0.50,3119649.500000,0,2.1,0.0,0.0,0.0,0.0,0.0,0.0,0.0,1.0
439985,0,1,3400,-54,54,-475,15,18,0.50,2986381.000000,0,2.1,4.2,0.0,97428.570312,53,0.0,0.0,0.0,1.0
440234,0,1,3400,-54,54,-473,15,17,0.50,3168223.000000,0,2.1,8.0,0.0,0.0,80,0.0,0.0,0.0,1.0
440483,0,1,3400,-54,54,-476,15,17,0.50,3045673.250000,0,2.1,1.0,0.0,5513.944336,0,0.0,0.0,0.0,1.0
440732,0,1,3400,-54,54,-477,14,17,0.50,2922349.250000,0,2.1,0.0,0.0,0.0,0.0,0.0,0.0,0.0,1.0
440981,0,1,3400,-54,54,-471,14,17,0.50,2873689.250000,0,2.1,0.0,0.0,41561.753906,0,0.0,0.0,0.0,1.0
441230,0,1,3400,-54,54,-471,15,18,0.50,3033434.250000,0,2.1,0.0,0.0,0.0,0.0,0.0,0.0,0.0,1.0
441479,0,1,3400,-54,54,-465,16,17,0.51,3184158.750000,0,2.1,0.064,0.0,0.0,0.0,0.0,0.0,0.0,1.0
441728,0,1,3400,-54,54,-466,14,18,0.51,2935681.250000,0.4,2.1,0.13,0.0,0.0,0.0,0.0,0.0,0.0,1.0
441977,0,1,3400,-54,54,-477,14,18,0.50,2894055.750000,0,2.1,0.13,0.0,41561.753906,0,0.0,0.0,0.0,1.0
442226,0,1,3400,-54,54,-472,16,18,0.51,3234762.000000,0,2.1,0.0,0.0,5492.063477,0,0.0,0.0,0.0,1.0
442475,0,1,3400,-54,54,-471,14,17,0.50,2920223.000000,0,2.1,0.13,0.0,0.0,0.0,0.0,0.0,0.0,1.0
442724,0,1,3400,-54,54,-471,15,18,0.51,3021238.000000,0,2.1,0.064,0.0,0.0,0.0,0.0,0.0,0.0,1.0
442973,0,1,3400,-54,54,-469,14,18,0.51,2910884.500000,0,2.1,0.0,0.0,41561.753906,0,0.0,0.0,0.0,1.0
443222,0,1,3400,-54,54,-468,15,18,0.50,3014757.000000,0,2.1,0.26,0.0,0.0,0.0,0.0,0.0,0.0,1.0
443471,0,1,3400,-54,54,-471,14,18,0.50,2934151.500000,0,2.1,0.0,0.0,5513.944336,0,0.0,0.0,0.0,1.0
443720,0,1,3400,-54,54,-473,15,18,0.50,3013619.000000,0,2.1,0.13,0.0,0.0,0.0,0.0,1.0,2.0,1.0
443969,0,1,3400,-54,54,-473,15,18,0.51,3169753.000000,0,2.1,0.064,0.0,36047.808594,0,0.0,0.0,0.0,1.0
444218,0,1,3400,-54,54,-474,14,18,0.50,3072318.750000,0,2.1,10,0.0,5513.944336,57,0.0,0.0,0.0,1.0
444467,0,1,3400,-54,54,-476,15,18,0.50,3053714.250000,0,2.1,7.5,0.0,0.0,0.0,0.0,0.0,0.0,1.0
444716,0,1,3400,-54,54,-467,14,17,0.50,2879808.750000,0,2.1,7.5,0.0,0.0,0.0,0.0,0.0,0.0,1.0
444965,0,1,3400,-54,54,-471,15,17,0.50,3106231.000000,0,2.1,7.2,0.0,139792.828125,0,0.0,0.0,0.0,1.0
445214,0,1,3400,-54,54,-475,15,18,0.51,3061015.750000,0,2.1,8.0,0.0,0.0,0.0,0.0,0.0,0.0,1.0
445463,0,1,3400,-54,54,-472,14,18,0.50,2990279.000000,0,2.1,8.0,0.0,0.0,0.0,0.0,0.0,0.0,1.0
445712,0,1,3400,-54,54,-473,15,18,0.50,3038024.000000,0,2.1,8.0,0.0,0.0,0.0,0.0,0.0,0.0,1.0
445961,0,1,3400,-54,54,-473,14,17,0.50,2887619.000000,0,2.1,6.3,0.0,45777.777344,11,0.0,0.0,0.0,1.0
446210,0,1,3400,-54,54,-477,15,17,0.50,3013067.750000,0,2.1,7.5,0.0,5513.944336,0,0.0,0.0,0.0,1.0
446459,0,1,3400,-54,54,-473,14,17,0.50,2914103.500000,0,2.1,7.6,0.0,0.0,0.0,0.0,0.0,0.0,1.0
446708,0,1,3400,-54,54,-472,15,17,0.50,2955079.250000,0,2.1,7.5,0.0,0.0,0.0,0.0,0.0,0.0,1.0
446957,0,1,3400,-54,54,-468,15,18,0.50,3030215.250000,0,2.1,6.5,0.0,36334.660156,50,0.0,0.0,0.0,1.0
447206,0,1,3400,-54,54,-471,15,17,0.50,3026135.500000,0,2.1,1.6,0.0,0.0,0.0,0.0,0.0,0.0,1.0
447455,0,1,3400,-54,54,-472,15,18,0.50,3022762.000000,0,2.1,1.7,0.0,0.0,0.0,0.0,0.0,0.0,1.0
447704,0,1,3400,-54,54,-469,14,18,0.50,2949864.500000,0,2.1,1.4,0.0,5513.944336,0,0.0,0.0,0.0,1.0
447953,0,1,3400,-54,54,-474,15,18,0.50,3098008.000000,0,2.1,0.43,0.0,36015.937500,0,0.0,0.0,0.0,1.0
448202,0,1,3400,-54,54,-473,15,18,0.51,2971841.250000,0,2.1,0.0,0.0,0.0,0.0,0.0,0.0,0.0,1.0
448451,0,1,3400,-54,54,-466,14,17,0.51,2915474.000000,0,2.1,0.064,0.0,0.0,0.0,0.0,0.0,0.0,1.0
448700,0,1,3400,-54,54,-469,16,18,0.51,3279585.750000,0,2.1,0.0,0.0,0.0,0.0,0.0,0.0,0.0,1.0
448949,0,1,3400,-54,54,-469,15,17,0.50,2984349.250000,0,2.1,0.0,0.0,41365.078125,0,0.0,0.0,0.0,1.0
449198,0,1,3400,-54,54,-471,15,18,0.50,3047043.750000,0,2.1,0.19,0.0,0.0,0.0,0.0,0.0,0.0,1.0
449447,0,1,3400,-54,54,-472,15,17,0.50,3008159.250000,0,2.1,0.064,0.0,0.0,0.0,0.0,0.0,0.0,1.0
449696,0,1,3400,-54,54,-476,14,17,0.50,2943365.000000,0,2.1,0.0,0.0,0.0,0.0,0.0,0.0,0.0,1.0
449945,0,1,3400,-54,54,-468,15,18,0.50,3149545.750000,0,2.1,1.1,0.0,98262.945312,27,0.0,0.0,0.0,1.0
450194,0,1,3400,-54,54,-466,14,18,0.50,2918693.250000,0,2.1,0.0,0.0,5513.944336,0,0.0,0.0,0.0,1.0
450443,0,1,3400,-54,54,-469,14,17,0.51,2880889.000000,0.4,2.1,2.3,0.0,4476.190430,33,0.0,0.0,0.0,1.0
450692,0,1,3400,-54,54,-478,14,17,0.51,2914103.500000,0.4,2.1,7.5,0.0,0.0,0.0,0.0,0.0,0.0,1.0
450941,0,1,3400,-54,54,-474,15,17,0.50,3181131.500000,0,2.1,12,53,5513.944336,57,0.0,0.0,0.0,1.0
451190,0,1,3400,-54,54,-476,14,17,0.50,2944158.750000,0,2.1,14,0.0,7619.047852,0,0.0,0.0,0.0,1.0
451439,0,1,3400,-54,54,-479,14,17,0.51,2869099.500000,0.4,2.1,7.5,0.0,0.0,0.0,0.0,0.0,0.0,1.0
451688,0,1,3400,-54,54,-477,16,18,0.50,3236271.000000,0,2.1,0.66,0.0,5513.944336,0,0.0,1.0,1.0,1.0
451937,0,1,3400,-54,54,-470,14,17,0.50,2842571.500000,0,2.1,0.0,0.0,41365.078125,0,0.0,0.0,0.0,1.0
452186,0,1,3400,-54,54,-472,14,18,0.50,2907984.000000,0,2.1,0.064,0.0,0.0,0.0,0.0,0.0,0.0,1.0
452435,0,1,3400,-54,54,-473,15,17,0.50,3025625.500000,0,2.1,0.0,0.0,5513.944336,0,0.0,0.0,0.0,1.0
452684,0,1,3400,-54,54,-475,14,17,0.51,2866857.250000,0.4,2.1,0.0,0.0,0.0,0.0,0.0,0.0,0.0,1.0
452933,0,1,3400,-54,54,-476,15,18,0.51,3005418.250000,0.4,2.1,0.0,0.0,41561.753906,0,0.0,0.0,0.0,1.0
453182,0,1,3400,-54,54,-479,15,18,0.50,3017976.000000,0,2.1,0.0,0.0,0.0,0.0,0.0,0.0,0.0,1.0
453431,0,1,3400,-54,54,-475,15,17,0.52,2977936.500000,0.4,2.1,0.0,0.0,0.0,0.0,0.0,0.0,0.0,1.0
453680,0,1,3400,-54,54,-473,14,17,0.50,2957418.250000,0,2.1,0.0,0.0,0.0,0.0,0.0,0.0,0.0,1.0
453929,0,1,3400,-54,54,-470,14,17,0.50,2927872.500000,0,2.1,0.0,0.0,41561.753906,0,0.0,0.0,0.0,1.0
454178,0,1,3400,-54,54,-473,14,17,0.50,2886984.250000,0,2.1,0.0,0.0,5492.063477,0,0.0,0.0,0.0,1.0
454427,0,1,3400,-54,54,-475,15,18,0.50,3154645.500000,0,2.1,0.0,0.0,5513.944336,0,0.0,0.0,0.0,1.0
454676,0,1,3400,-54,54,-473,14,17,0.50,2831904.500000,0,2.1,0.0,0.0,5513.944336,0,0.0,0.0,0.0,1.0
454925,0,1,3400,-54,54,-471,14,17,0.50,2884508.000000,0,2.1,0.0,0.0,41396.824219,0,0.0,0.0,0.0,1.0
455174,0,1,3400,-54,54,-474,14,17,0.50,2974406.250000,0,2.1,0.0,0.0,0.0,0.0,0.0,0.0,0.0,1.0
455423,0,1,3400,-54,54,-475,17,18,0.50,3483697.250000,0,2.1,0.0,0.0,0.0,0.0,0.0,0.0,0.0,1.0
455672,0,1,3400,-54,54,-474,15,17,0.50,3047142.750000,0,2.1,0.0,0.0,0.0,0.0,0.0,0.0,0.0,1.0
455921,0,1,3400,-54,54,-472,15,17,0.50,3124143.500000,0,2.1,0.0,0.0,50039.839844,11,0.0,1.0,4.0,1.0
456170,0,1,3400,-54,54,-478,14,17,0.50,2954613.500000,0,2.1,0.0,0.0,0.0,0.0,0.0,0.0,0.0,1.0
456419,0,1,3400,-54,54,-475,15,17,0.50,3073047.500000,0,2.1,0.24,0.0,8793.650391,0,0.0,0.0,0.0,1.0
456668,0,1,3400,-54,54,-478,14,17,0.50,2998406.250000,0,2.1,0.080,0.0,11027.888672,0,0.0,0.0,0.0,1.0
456917,0,1,3400,-54,54,-478,15,17,0.50,3005418.250000,0,2.1,7.0,55,5513.944336,57,0.0,0.0,0.0,1.0
457166,0,1,3400,-54,54,-470,14,17,0.50,2924031.750000,0,2.1,15,0.0,5492.063477,0,0.0,0.0,0.0,1.0
457415,0,1,3400,-54,54,-472,15,18,0.51,3143267.000000,0,2.1,0.0,0.0,2135.458252,0,0.0,0.0,0.0,1.0
457664,0,1,3400,-54,54,-474,15,18,0.52,3134597.500000,0.4,2.1,0.0,0.0,5513.944336,0,0.0,0.0,0.0,1.0
457913,0,1,3400,-54,54,-471,15,18,0.50,3146190.500000,0,2.1,4.8,0.0,78888.890625,0,0.0,0.0,0.0,1.0
458162,0,1,3400,-54,54,-474,15,18,0.51,3141577.750000,0,2.1,3.4,0.0,11027.888672,0,0.0,0.0,0.0,1.0
458411,0,1,3400,-54,54,-474,15,18,0.50,3139155.500000,0,2.1,1.0,0.0,0.0,0.0,0.0,0.0,0.0,1.0
458660,0,1,3400,-54,54,-472,15,18,0.50,3109301.500000,0,2.1,0.98,0.0,0.0,0.0,0.0,0.0,0.0,1.0
458909,0,1,3400,-54,54,-476,16,17,0.66,3687235.000000,2,2.1,6.5,0.0,153561.750000,46,0.0,0.0,0.0,1.0
459158,0,1,3400,-54,54,-473,14,17,0.50,2896956.250000,0,2.1,10,0.0,5513.944336,0,0.0,0.0,0.0,1.0
459407,0,1,3400,-54,54,-475,15,18,0.50,3058285.750000,0,2.1,8.0,0.0,5492.063477,0,0.0,0.0,0.0,1.0
459656,0,1,3400,-54,54,-472,15,17,0.50,3083282.750000,0,2.1,12,0.0,0.0,80,0.0,0.0,0.0,1.0
459905,0,1,3400,-54,54,-469,15,18,0.50,3147396.750000,0,2.1,6.0,0.0,78698.414062,7,0.0,0.0,0.0,1.0
460154,0,1,3400,-54,54,-475,15,18,0.50,3034804.750000,0,2.1,0.0,0.0,0.0,0.0,0.0,0.0,0.0,1.0
460403,0,1,3400,-54,54,-473,14,17,0.50,2932621.500000,0,2.1,0.0,0.0,0.0,0.0,0.0,0.0,0.0,1.0
460652,0,1,3400,-54,54,-467,14,17,0.50,2886984.250000,0,2.1,0.0,0.0,0.0,0.0,0.0,0.0,0.0,1.0
460901,0,1,3400,-54,54,-476,14,17,0.50,2886087.750000,0,2.1,4.2,0.0,48924.304688,25,0.0,0.0,0.0,1.0
461150,0,1,3400,-54,54,-474,14,17,0.50,2921753.000000,0,2.1,7.2,0.0,5513.944336,0,0.0,0.0,0.0,1.0
461399,0,1,3400,-54,54,-473,15,17,0.52,3009206.250000,0.4,2.1,0.0,0.0,0.0,0.0,0.0,0.0,0.0,1.0
461648,0,1,3400,-54,54,-473,14,17,0.50,2913243.000000,0,2.1,0.0,0.0,5513.944336,0,0.0,0.0,0.0,1.0
461897,0,1,3400,-54,54,-477,14,17,0.50,2935681.250000,0,2.1,0.0,0.0,41529.878906,0,0.0,0.0,0.0,1.0
462146,0,1,3400,-54,54,-470,15,17,0.51,3025466.250000,0,2.1,0.0,0.0,5513.944336,0,0.0,0.0,0.0,1.0
462395,0,1,3400,-54,54,-475,14,18,0.52,2853142.750000,0.4,2.1,3.7,0.0,4476.190430,33,0.0,0.0,0.0,1.0
462644,0,1,3400,-54,54,-474,16,18,0.50,3216701.250000,0,2.1,7.5,0.0,11027.888672,0,0.0,0.0,0.0,1.0
462893,0,1,3400,-54,54,-469,15,18,0.52,3178613.500000,0,2.1,12,55,0.0,80,0.0,0.0,0.0,1.0
463142,0,1,3400,-54,54,-476,14,18,0.50,2843682.500000,0,2.1,14,0.0,7619.047852,0,0.0,0.0,0.0,1.0
463391,0,1,3400,-54,54,-477,15,18,0.50,3056541.750000,0,2.1,7.4,0.0,0.0,0.0,0.0,1.0,1.0,1.0
463640,0,1,3400,-54,54,-477,16,18,0.50,3245079.250000,0,2.1,7.5,0.0,0.0,0.0,0.0,0.0,0.0,1.0
463889,0,1,3400,-54,54,-474,15,17,0.50,3030374.500000,0,2.1,2.7,0.0,47075.695312,0,0.0,0.0,0.0,1.0
464138,0,1,3400,-54,54,-474,14,17,0.50,2913944.250000,0,2.1,0.0,0.0,5513.944336,0,0.0,0.0,0.0,1.0
464387,0,1,3400,-54,54,-474,14,17,0.50,2857714.250000,0,2.1,0.0,0.0,0.0,0.0,0.0,0.0,0.0,1.0
464636,0,1,3400,-54,54,-473,14,17,0.51,2963952.250000,0.4,2.1,1.1,0.0,5513.944336,57,0.0,0.0,0.0,1.0
464885,0,1,3400,-54,54,-473,14,17,0.50,2929243.000000,0,2.1,4.4,0.0,153561.750000,0,0.0,0.0,0.0,1.0
465134,0,1,3400,-54,54,-476,14,18,0.50,2890190.500000,0,2.1,9.2,0.0,5492.063477,57,0.0,0.0,0.0,1.0
465383,0,1,3400,-54,54,-478,14,17,0.51,2864350.500000,0.4,2.1,8.0,0.0,0.0,0.0,0.0,0.0,0.0,1.0
465632,0,1,3400,-54,54,-479,15,18,0.50,3003729.000000,0,2.1,8.0,0.0,0.0,0.0,0.0,0.0,0.0,1.0
465881,0,1,3400,-54,54,-477,14,17,0.50,2886984.250000,0,2.1,10,0.0,39746.031250,50,0.0,0.0,0.0,1.0
466130,0,1,3400,-54,54,-478,15,18,0.50,3142087.750000,0,2.1,1.5,0.0,0.0,0.0,0.0,0.0,0.0,1.0
466379,0,1,3400,-54,54,-475,15,18,0.50,3047362.500000,0,2.1,1.5,0.0,0.0,0.0,0.0,0.0,0.0,1.0
466628,0,1,3400,-54,54,-473,15,18,0.52,3049555.500000,0.4,2.1,1.8,0.0,8793.650391,0,0.0,0.0,0.0,1.0
466877,0,1,3400,-54,54,-474,16,18,0.51,3311872.500000,0,2.1,0.77,0.0,41561.753906,0,0.0,0.0,0.0,1.0
467126,0,1,3400,-54,54,-474,15,17,0.50,2977402.500000,0,2.1,0.0,0.0,0.0,0.0,0.0,0.0,0.0,1.0
467375,0,1,3400,-54,54,-474,15,18,0.50,3014984.250000,0,2.1,0.0,0.0,10984.126953,0,0.0,0.0,0.0,1.0
467624,0,1,3400,-54,54,-474,15,17,0.50,3061290.750000,0,2.1,0.0,0.0,0.0,0.0,0.0,0.0,0.0,1.0
467873,0,1,3400,-54,54,-475,14,17,0.51,2892526.000000,0.4,2.1,3.1,0.0,63235.058594,0,0.0,0.0,0.0,1.0
468122,0,1,3400,-54,54,-476,15,17,0.50,3015142.750000,0,2.1,6.0,0.0,5492.063477,57,0.0,0.0,0.0,1.0
468371,0,1,3400,-54,54,-473,15,17,0.51,3017976.000000,0.4,2.1,0.0,0.0,0.0,0.0,0.0,0.0,0.0,1.0
468620,0,1,3400,-54,54,-472,15,17,0.50,3020876.500000,0,2.1,0.0,0.0,5513.944336,0,0.0,0.0,0.0,1.0
468869,0,1,3400,-54,54,-474,15,18,0.52,3080031.750000,0.4,2.1,0.0,0.0,41396.824219,0,0.0,0.0,0.0,1.0
469118,0,1,3400,-54,54,-484,14,17,0.51,2930613.500000,0.4,2.1,0.0,0.0,0.0,0.0,0.0,0.0,0.0,1.0
469367,0,1,3400,-54,54,-479,14,17,0.51,3032063.750000,0,2.1,0.0,0.0,11027.888672,0,0.0,0.0,0.0,1.0
469616,0,1,3400,-54,54,-473,14,17,0.50,2846889.000000,0,2.1,3.3,0.0,0.0,80,0.0,0.0,0.0,1.0
469865,0,1,3400,-54,54,-476,14,18,0.50,2910884.500000,0,2.1,5.9,0.0,98262.945312,22,0.0,0.0,0.0,1.0
470114,0,1,3400,-54,54,-472,14,17,0.50,2886406.250000,0,2.1,0.0,0.0,0.0,0.0,0.0,0.0,0.0,1.0
470363,0,1,3400,-54,54,-471,14,17,0.50,2857873.000000,0,2.1,0.0,0.0,5492.063477,0,0.0,0.0,0.0,1.0
470612,0,1,3400,-54,54,-473,14,17,0.50,2932621.500000,0,2.1,0.0,0.0,5513.944336,0,0.0,0.0,0.0,1.0
470861,0,1,3400,-54,54,-476,15,17,0.50,3070629.500000,0,2.1,0.0,0.0,36047.808594,0,0.0,0.0,0.0,1.0
471110,0,1,3400,-54,54,-480,14,17,0.52,2905269.750000,0.4,2.1,0.0,0.0,0.0,0.0,0.0,0.0,0.0,1.0
471359,0,1,3400,-54,54,-474,15,17,0.50,3114358.500000,0,2.1,0.0,0.0,0.0,0.0,0.0,0.0,0.0,1.0
471608,0,1,3400,-54,54,-471,14,17,0.50,2988749.000000,0,2.1,0.0,0.0,0.0,0.0,0.0,0.0,0.0,1.0
471857,0,1,3400,-54,54,-475,15,18,0.50,3062857.250000,0,2.1,0.0,0.0,41365.078125,0,0.0,0.0,0.0,1.0
472106,0,1,3400,-54,54,-477,15,17,0.51,2982151.500000,0,2.1,0.0,0.0,5513.944336,0,0.0,0.0,0.0,1.0
472355,0,1,3400,-54,54,-471,15,17,0.50,3010412.750000,0,2.1,0.12,0.0,0.0,0,0.0,0.0,0.0,1.0
472604,0,1,3400,-54,54,-473,14,17,0.50,2911553.750000,0,2.1,7.5,0.0,4494.023926,0,0.0,0.0,0.0,1.0
472853,0,1,3400,-54,54,-475,14,17,0.51,2831043.750000,0,2.1,11,0.0,232733.062500,19,0.0,0.0,0.0,1.0
473102,0,1,3400,-54,54,-473,15,18,0.50,3177912.250000,0,2.1,9.3,0.0,5513.944336,0,0.0,0.0,0.0,1.0
473351,0,1,3400,-54,54,-473,15,17,0.50,3014127.000000,0,2.1,8.0,0.0,0.0,0.0,0.0,0.0,0.0,1.0
473600,0,1,3400,-54,54,-473,14,17,0.50,2906294.750000,0,2.1,8.0,0.0,0.0,0.0,0.0,0.0,0.0,1.0
473849,0,1,3400,-54,54,-479,14,17,0.50,2895174.500000,0,2.1,3.3,0.0,41396.824219,0,0.0,0.0,0.0,1.0
474098,0,1,3400,-54,54,-480,15,17,0.50,2974502.000000,0,2.1,0.0,0.0,0.0,0.0,0.0,0.0,0.0,1.0
474347,0,1,3400,-54,54,-476,15,18,0.51,3171282.750000,0,2.1,0.13,0.0,0.0,0.0,0.0,0.0,0.0,1.0
474596,0,1,3400,-54,54,-472,14,17,0.50,2880889.000000,0,2.1,0.0,0.0,0.0,0.0,0.0,0.0,0.0,1.0
474845,0,1,3400,-54,54,-472,14,18,0.50,2935681.250000,0,2.1,0.0,0.0,41306.773438,0,0.0,0.0,0.0,1.0
475094,0,1,3400,-54,54,-476,14,17,0.50,2892207.250000,0,2.1,0.064,0.0,5513.944336,0,0.0,0.0,0.0,1.0
475343,0,1,3400,-54,54,-481,14,17,0.50,2961809.500000,0,2.1,0.0,0.0,0.0,0.0,0.0,0.0,0.0,1.0
475592,0,1,3400,-54,54,-473,14,17,0.51,2882231.000000,0,2.1,0.064,0.0,0.0,0.0,0.0,0.0,0.0,1.0
475841,0,1,3400,-54,54,-474,14,17,0.50,2800478.000000,0,2.1,1.6,0.0,22948.207031,31,0.0,0.0,0.0,1.0
476090,0,1,3400,-54,54,-476,14,17,0.50,2876317.500000,0,2.1,1.6,0.0,5492.063477,0,0.0,0.0,0.0,1.0
476339,0,1,3400,-54,54,-474,15,17,0.51,2962103.500000,0,2.1,1.0,0.0,0.0,0.0,0.0,0.0,0.0,1.0
476588,0,1,3400,-54,54,-475,15,18,0.50,3070980.000000,0,2.1,1.0,0.0,0.0,0.0,0.0,0.0,0.0,1.0
476837,0,1,3400,-54,54,-475,14,18,0.50,2885460.250000,0,2.1,4.7,0.0,72476.187500,0,0.0,0.0,0.0,1.0
477086,0,1,3400,-54,54,-474,15,17,0.51,3045673.250000,0.4,2.1,7.5,0.0,0.0,0.0,0.0,0.0,0.0,1.0
477335,0,1,3400,-54,54,-479,14,17,0.50,2866039.750000,0,2.1,7.5,0.0,5513.944336,0,0.0,0.0,0.0,1.0
477584,0,1,3400,-54,54,-479,15,18,0.51,3015142.750000,0.4,2.1,7.5,0.0,0.0,0.0,0.0,0.0,0.0,1.0
477833,0,1,3400,-54,54,-468,15,17,0.50,3013227.000000,0,2.1,2.8,0.0,41306.773438,0,0.0,0.0,0.0,1.0
478082,0,1,3400,-54,54,-472,14,17,0.50,2844302.750000,0,2.1,0.0,0.0,0.0,0.0,0.0,0.0,0.0,1.0
478331,0,1,3400,-54,54,-474,15,18,0.50,2999746.000000,0,2.1,0.0,0.0,0.0,0.0,0.0,0.0,0.0,1.0
478580,0,1,3400,-54,54,-473,15,18,0.51,3060111.500000,0,2.1,0.064,0.0,5513.944336,0,0.0,0.0,0.0,1.0
478829,0,1,3400,-54,54,-473,15,17,0.50,3027155.500000,0,2.1,0.0,0.0,41561.753906,0,0.0,0.0,0.0,1.0
479078,0,1,3400,-54,54,-481,15,17,0.50,2984190.500000,0,2.1,0.0,0.0,5492.063477,0,0.0,0.0,0.0,1.0
479327,0,1,3400,-54,54,-472,15,18,0.50,3035474.000000,0,2.1,0.0,0.0,5513.944336,0,0.0,0.0,0.0,1.0
479576,0,1,3400,-54,54,-477,15,18,0.50,3011378.500000,0,2.1,0.064,0.0,0.0,0.0,0.0,0.0,0.0,1.0
479825,0,1,3400,-54,54,-473,15,18,0.50,3048984.250000,0,2.1,0.19,0.0,41396.824219,0,0.0,0.0,0.0,1.0
480074,0,1,3400,-54,54,-473,15,17,0.51,2973131.500000,0,2.1,0.0,0.0,5513.944336,0,0.0,0.0,0.0,1.0
480323,0,1,3400,-54,54,-476,14,17,0.50,2972079.750000,0,2.1,0.0,0.0,0.0,0.0,0.0,0.0,0.0,1.0
480572,0,1,3400,-54,54,-480,15,17,0.50,3080825.500000,0,2.1,0.19,0.0,0.0,0.0,0.0,0.0,0.0,1.0
480821,0,1,3400,-54,54,-474,14,17,0.50,2883028.000000,0,2.1,2.2,0.0,36334.660156,50,0.0,0.0,0.0,1.0
481070,0,1,3400,-54,54,-473,14,18,0.50,2937370.500000,0,2.1,1.6,0.0,0.0,0.0,0.0,0.0,0.0,1.0
481319,0,1,3400,-54,54,-477,15,17,0.50,3031047.500000,0,2.1,1.5,0.0,0.0,0.0,0.0,0.0,0.0,1.0
481568,0,1,3400,-54,54,-479,14,17,0.63,2844143.500000,4,2.1,2.9,0.0,5513.944336,57,0.0,0.0,0.0,1.0
481817,0,1,3400,-54,54,-476,15,17,0.50,2981301.500000,0,2.1,2.9,0.0,41365.078125,6,0.0,0.0,0.0,1.0
482066,0,1,3400,-54,54,-475,14,18,0.50,2893737.000000,0,2.1,0.064,0.0,5513.944336,0,0.0,0.0,0.0,1.0
482315,0,1,3400,-54,54,-474,15,18,0.50,2980462.250000,0,2.1,0.0,0.0,0.0,0.0,0.0,0.0,0.0,1.0
482564,0,1,3400,-54,54,-476,14,18,0.50,2901545.750000,0,2.1,0.0,0.0,5513.944336,0,0.0,0.0,0.0,1.0
482813,0,1,3400,-54,54,-471,15,17,0.50,3014984.250000,0,2.1,1.6,0.0,51365.078125,6,0.0,0.0,0.0,1.0
483062,0,1,3400,-54,54,-478,15,17,0.52,3028685.250000,0.4,2.1,7.5,0.0,5513.944336,0,0.0,0.0,0.0,1.0
483311,0,1,3400,-54,54,-479,14,17,0.50,2911682.500000,0,2.1,7.6,0.0,0.0,0.0,0.0,0.0,0.0,1.0
483560,0,1,3400,-54,54,-479,14,17,0.50,2875219.000000,0,2.1,7.5,0.0,0.0,0.0,0.0,0.0,0.0,1.0
483809,0,1,3400,-54,54,-474,14,18,0.50,2933035.750000,0,2.1,2.8,0.0,48669.324219,6,0.0,0.0,0.0,1.0
484058,0,1,3400,-54,54,-475,15,18,0.50,3019714.250000,0,2.1,0.0,0.0,0.0,0.0,0.0,0.0,0.0,1.0
484307,0,1,3400,-54,54,-474,17,18,0.50,3423713.250000,0,2.1,0.0,0.0,0.0,0.0,0.0,0.0,0.0,1.0
484556,0,1,3400,-54,54,-474,15,17,0.52,3025466.250000,0.4,2.1,0.0,0.0,0.0,0.0,0.0,0.0,0.0,1.0
484805,0,1,3400,-54,54,-477,14,17,0.51,3011079.250000,0,2.1,3.0,0.0,28412.699219,29,0.0,0.0,0.0,1.0
485054,0,1,3400,-54,54,-468,15,17,0.51,3014757.000000,0.4,2.1,8.0,0.0,5513.944336,0,0.0,0.0,0.0,1.0
485303,0,1,3400,-54,54,-477,15,18,0.52,3044302.750000,0.4,2.1,8.0,0.0,5513.944336,0,0.0,0.0,0.0,1.0
485552,0,1,3400,-54,54,-477,14,17,0.50,2883936.500000,0,2.1,8.0,0.0,0.0,0.0,0.0,0.0,0.0,1.0
485801,0,1,3400,-54,54,-477,15,17,0.50,2989960.250000,0,2.1,5.4,0.0,64350.597656,0,0.0,0.0,0.0,1.0
486050,0,1,3400,-54,54,-473,12,17,0.50,2626103.500000,0,2.1,4.3,0.0,0.0,80,0.0,0.0,0.0,1.0
486299,0,1,3400,-54,54,-478,16,18,0.50,3218000.000000,0,2.1,8.5,0.0,0.0,0.0,0.0,0.0,0.0,1.0
486548,0,1,3400,-54,54,-477,15,18,0.52,3010518.000000,0.4,2.1,8.5,0.0,0.0,0.0,0.0,0.0,0.0,1.0
486797,0,1,3400,-54,54,-480,15,18,0.50,3088127.500000,0,2.1,12,0.0,202231.078125,17,0.0,0.0,0.0,1.0
487046,0,1,3400,-54,54,-477,14,18,0.50,2900539.750000,0,2.1,16,0.0,0.0,0.0,0.0,0.0,0.0,1.0
487295,0,1,3400,-54,54,-473,15,18,0.50,3114358.500000,0,2.1,16,0.0,0.0,0.0,0.0,0.0,0.0,1.0
487544,0,1,3400,-54,54,-473,15,18,0.50,3013067.750000,0,2.1,16,0.0,0.0,80,0.0,1.0,4.0,1.0
487793,0,1,3400,-54,54,-474,15,18,0.50,3008889.000000,0,2.1,9.9,0.0,48507.937500,0,0.0,0.0,0.0,1.0
488042,0,1,3400,-54,54,-476,14,18,0.50,2927872.500000,0,2.1,7.0,0.0,0.0,0.0,0.0,0.0,0.0,1.0
488291,0,1,3400,-54,54,-474,15,18,0.51,3003888.500000,0,2.1,7.0,0.0,5513.944336,0,0.0,0.0,0.0,1.0
488540,0,1,3400,-54,54,-474,14,18,0.50,2972317.500000,0,2.1,7.0,0.0,0.0,0.0,0.0,0.0,0.0,1.0
488789,0,1,3400,-54,54,-476,14,17,0.50,2912095.500000,0,2.1,3.1,0.0,36047.808594,15,0.0,0.0,0.0,1.0
489038,0,1,3400,-54,54,-478,15,18,0.50,3030215.250000,0,2.1,0.0,0.0,0.0,0.0,0.0,0.0,0.0,1.0
489287,0,1,3400,-54,54,-474,16,18,0.52,3202095.250000,0.4,2.1,0.0,0.0,0.0,0.0,0.0,0.0,0.0,1.0
489536,0,1,3400,-54,54,-478,14,17,0.50,2801306.750000,0,2.1,0.0,0.0,0.0,0.0,0.0,0.0,0.0,1.0
489785,0,1,3400,-54,54,-480,15,17,0.50,3011697.250000,0,2.1,1.0,0.0,25274.900391,27,0.0,0.0,0.0,1.0
490034,0,1,3400,-54,54,-477,15,17,0.50,2943936.500000,0,2.1,0.0,0.0,0.0,0.0,0.0,0.0,0.0,1.0
490283,0,1,3400,-54,54,-478,14,17,0.50,2981577.750000,0,2.1,0.0,0.0,0.0,0.0,0.0,0.0,0.0,1.0
490532,0,1,3400,-54,54,-478,14,17,0.53,2934884.500000,0.8,2.1,0.0,0.0,0.0,0.0,0.0,0.0,0.0,1.0
490781,0,1,3400,-54,54,-473,14,17,0.50,2865650.750000,0,2.1,4.2,0.0,77269.843750,0,0.0,1.0,1.0,1.0
491030,0,1,3400,-54,54,-469,14,17,0.50,2868940.250000,0,2.1,7.4,0.0,5513.944336,0,0.0,0.0,0.0,1.0
491279,0,1,3400,-54,54,-472,15,17,0.50,3143426.250000,0,2.1,7.5,0.0,0.0,0.0,0.0,0.0,0.0,1.0
491528,0,1,3400,-54,54,-475,15,18,0.52,2972000.000000,0.4,2.1,7.5,0.0,0.0,0.0,0.0,0.0,0.0,1.0
491777,0,1,3400,-54,54,-481,15,17,0.50,3145976.000000,0,2.1,2.9,0.0,47075.695312,0,0.0,0.0,0.0,1.0
492026,0,1,3400,-54,54,-479,15,18,0.50,3033746.000000,0,2.1,0.0,0.0,0.0,0.0,0.0,0.0,0.0,1.0
492275,0,1,3400,-54,54,-475,16,18,0.51,3296733.000000,0,2.1,0.0,0.0,0.0,0.0,0.0,0.0,0.0,1.0
492524,0,1,3400,-54,54,-475,15,17,0.50,2993179.250000,0,2.1,0.0,0.0,0.0,0.0,0.0,0.0,0.0,1.0
492773,0,1,3400,-54,54,-478,15,17,0.51,3107619.000000,0,2.1,4.0,0.0,48507.937500,0,0.0,0.0,0.0,1.0
493022,0,1,3400,-54,54,-475,14,17,0.50,2955888.500000,0,2.1,7.0,0.0,0.0,0.0,0.0,0.0,0.0,1.0
493271,0,1,3400,-54,54,-472,15,18,0.50,3002358.500000,0,2.1,10.0,0.0,16988.046875,0,0.0,0.0,0.0,1.0
493520,0,1,3400,-54,54,-478,15,18,0.50,3174095.250000,0,2.1,14,0.0,0.0,0.0,0.0,0.0,0.0,1.0
493769,0,1,3400,-54,54,-478,14,17,0.50,2873689.250000,0,2.1,9.5,0.0,48701.195312,0,0.0,0.0,0.0,1.0
494018,0,1,3400,-54,54,-478,15,17,0.50,3030215.250000,0,2.1,7.0,0.0,0.0,0.0,0.0,0.0,0.0,1.0
494267,0,1,3400,-54,54,-479,15,17,0.50,3075365.000000,0,2.1,7.0,0.0,0.0,0.0,0.0,0.0,0.0,1.0
494516,0,1,3400,-54,54,-475,14,17,0.50,2873689.250000,0,2.1,7.0,0.0,0.0,0.0,0.0,0.0,0.0,1.0
494765,0,1,3400,-54,54,-471,15,17,0.56,2991330.750000,2,2.1,2.6,0.0,36047.808594,0,0.0,0.0,0.0,1.0
495014,0,1,3400,-54,54,-472,15,17,0.50,2979777.750000,0,2.1,0.0,0.0,0.0,0.0,0.0,0.0,0.0,1.0
495263,0,1,3400,-54,54,-474,15,17,0.50,3140366.500000,0,2.1,0.0,0.0,0.0,0.0,0.0,0.0,0.0,1.0
495512,0,1,3400,-54,54,-480,15,17,0.50,2982310.750000,0,2.1,0.0,0.0,0.0,0.0,0.0,0.0,0.0,1.0
495761,0,1,3400,-54,54,-479,14,17,0.50,2917777.750000,0,2.1,1.0,0.0,24920.634766,27,0.0,0.0,0.0,1.0
496010,0,1,3400,-54,54,-479,15,17,0.50,3036494.000000,0,2.1,0.0,0.0,0.0,0.0,0.0,0.0,0.0,1.0
496259,0,1,3400,-54,54,-476,16,18,0.51,3212271.000000,0,2.1,0.0,0.0,0.0,0.0,0.0,0.0,0.0,1.0
496508,0,1,3400,-54,54,-476,14,18,0.50,2963333.250000,0,2.1,0.0,0.0,0.0,0.0,0.0,0.0,0.0,1.0
496757,0,1,3400,-54,54,-478,14,17,0.50,2917004.000000,0,2.1,0.0,0.0,41561.753906,0,0.0,1.0,3.0,1.0
497006,0,1,3400,-54,54,-476,14,17,0.50,2894055.750000,0,2.1,0.0,0.0,0.0,0.0,0.0,0.0,0.0,1.0
497255,0,1,3400,-54,54,-479,14,17,0.50,3033904.750000,0,2.1,0.0,0.0,0.0,0.0,0.0,0.0,0.0,1.0
497504,0,1,3400,-54,54,-483,14,17,0.50,2867569.750000,0,2.1,0.0,0.0,0.0,0.0,0.0,0.0,0.0,1.0
497753,0,1,3400,-54,54,-479,15,18,0.50,3100920.750000,0,2.1,0.0,0.0,41396.824219,0,0.0,0.0,0.0,1.0
498002,0,1,3400,-54,54,-474,16,18,0.50,3251569.750000,0,2.1,0.0,0.0,0.0,0.0,0.0,0.0,0.0,1.0
498251,0,1,3400,-54,54,-480,14,17,0.58,2836812.750000,2,2.1,0.0,0.0,0.0,0.0,0.0,0.0,0.0,1.0
498500,0,1,3400,-54,54,-482,15,18,0.50,3025968.250000,0,2.1,0.0,0.0,5492.063477,0,0.0,0.0,0.0,1.0
498749,0,1,3400,-54,54,-478,14,17,0.50,2873848.500000,0,2.1,9.5,0.0,122804.781250,56,0.0,0.0,0.0,1.0
498998,0,1,3400,-54,54,-477,16,18,0.50,3208573.750000,0,2.1,16,0.0,0.0,0.0,0.0,0.0,0.0,1.0
499247,0,1,3400,-54,54,-477,14,17,0.51,2947206.250000,0,2.1,13,0.0,5492.063477,0,0.0,0.0,0.0,1.0
499496,0,1,3400,-54,54,-478,14,17,0.50,2883028.000000,0,2.1,8.0,0.0,0.0,0.0,0.0,0.0,0.0,1.0
499745,0,1,3400,-54,54,-483,14,18,0.50,3050581.750000,0,2.1,8.9,0.0,50804.781250,33,0.0,0.0,0.0,1.0
499994,0,1,3400,-54,54,-480,15,18,0.50,3105079.250000,0,2.1,9.0,0.0,0.0,0.0,0.0,0.0,0.0,1.0
500243,0,1,3400,-54,54,-477,14,17,0.50,2955729.000000,0,2.1,8.9,0.0,0.0,0.0,0.0,0.0,0.0,1.0
500492,0,1,3400,-54,54,-475,15,18,0.50,2997163.250000,0,2.1,8.9,0.0,0.0,0.0,0.0,1.0,1.0,1.0
500741,0,1,3400,-54,54,-475,16,18,0.51,3240508.000000,0,2.1,7.3,0.0,53682.539062,0,0.0,0.0,0.0,1.0
500990,0,1,3400,-54,54,-473,15,17,0.50,3044653.500000,0,2.1,6.2,0.0,5513.944336,0,0.0,0.0,0.0,1.0
501239,0,1,3400,-54,54,-480,14,17,0.50,2881338.750000,0,2.1,0.0,0.0,0.0,0.0,0.0,0.0,0.0,1.0
501488,0,1,3400,-54,54,-480,14,17,0.51,2996857.250000,0.4,2.1,0.0,0.0,0.0,0.0,0.0,0.0,0.0,1.0
501737,0,1,3400,-54,54,-484,16,18,0.50,3276526.000000,0,2.1,0.0,0.0,42964.144531,0,0.0,0.0,0.0,1.0
501986,0,1,3400,-54,54,-484,15,18,0.50,3053322.750000,0,2.1,0.0,0.0,0.0,0.0,0.0,0.0,0.0,1.0
502235,0,1,3400,-54,54,-482,14,17,0.50,2874793.750000,0,2.1,0.0,0.0,0.0,0.0,0.0,0.0,0.0,1.0
502484,0,1,3400,-54,54,-470,14,17,0.50,2845673.250000,0,2.1,0.0,0.0,0.0,0.0,0.0,0.0,0.0,1.0
502733,0,1,3400,-54,54,-472,15,17,0.50,3047043.750000,0,2.1,0.0,0.0,41561.753906,14,0.0,0.0,0.0,1.0
502982,0,1,3400,-54,54,-478,15,18,0.51,3166000.000000,0,2.1,0.0,0.0,0.0,0.0,0.0,0.0,0.0,1.0
503231,0,1,3400,-54,54,-479,16,18,0.51,3173737.000000,0,2.1,0.0,0.0,5513.944336,0,0.0,0.0,0.0,1.0
503480,0,1,3400,-54,54,-480,14,18,0.50,2928762.000000,0,2.1,0.0,0.0,0.0,0.0,0.0,0.0,0.0,1.0
503729,0,1,3400,-54,54,-478,15,18,0.51,3182151.500000,0,2.1,0.0,0.0,36047.808594,0,0.0,0.0,0.0,1.0
503978,0,1,3400,-54,54,-479,15,17,0.51,2974502.000000,0.4,2.1,0.0,0.0,0.0,0.0,0.0,0.0,0.0,1.0
504227,0,1,3400,-54,54,-481,15,17,0.50,3032952.500000,0,2.1,0.0,0.0,0.0,0.0,0.0,0.0,0.0,1.0
504476,0,1,3400,-54,54,-481,15,18,0.51,3049625.500000,0,2.1,0.0,0.0,0.0,0.0,0.0,1.0,3.0,1.0
504725,0,1,3400,-54,54,-477,15,18,0.50,3038024.000000,0,2.1,3.9,0.0,26103.585938,45,0.0,0.0,0.0,1.0
504974,0,1,3400,-54,54,-475,15,18,0.50,3001269.750000,0,2.1,6.0,0.0,0.0,0.0,0.0,0.0,0.0,1.0
505223,0,1,3400,-54,54,-472,15,18,0.50,3009657.250000,0,2.1,6.0,0.0,0.0,0.0,0.0,0.0,0.0,1.0
505472,0,1,3400,-54,54,-475,14,17,0.50,2901705.250000,0,2.1,6.0,0.0,0.0,0.0,0.0,0.0,0.0,1.0
505721,0,1,3400,-54,54,-480,14,18,0.52,2852095.250000,0.4,2.1,12,0.0,17619.046875,65,0.0,0.0,0.0,1.0
505970,0,1,3400,-54,54,-469,14,17,0.50,2873689.250000,0,2.1,16,0.0,0.0,0.0,0.0,0.0,0.0,1.0
506219,0,1,3400,-54,54,-479,15,17,0.50,3045163.250000,0,2.1,12,0.0,5513.944336,0,0.0,0.0,0.0,1.0
506468,0,1,3400,-54,54,-479,15,18,0.53,2991809.500000,0.4,2.1,8.0,0.0,0.0,0.0,0.0,0.0,0.0,1.0
506717,0,1,3400,-54,54,-478,14,17,0.50,2912414.250000,0,2.1,5.0,0.0,24988.046875,31,0.0,0.0,0.0,1.0
506966,0,1,3400,-54,54,-485,14,17,0.50,2924334.750000,0,2.1,2.0,0.0,0.0,0.0,0.0,0.0,0.0,1.0
507215,0,1,3400,-54,54,-481,15,17,0.50,3063428.500000,0,2.1,2.0,0.0,0.0,0.0,0.0,0.0,0.0,1.0
507464,0,1,3400,-54,54,-479,14,17,0.50,2886247.000000,0,2.1,2.0,0.0,0.0,0.0,0.0,0.0,0.0,1.0
507713,0,1,3400,-54,54,-482,14,17,0.50,2901015.750000,0,2.1,4.3,0.0,86253.968750,27,0.0,0.0,0.0,1.0
507962,0,1,3400,-54,54,-480,16,18,0.51,3237450.250000,0,2.1,8.0,0.0,0.0,0.0,0.0,0.0,0.0,1.0
508211,0,1,3400,-54,54,-478,14,17,0.50,2855330.750000,0,2.1,8.0,0.0,0.0,0.0,0.0,0.0,0.0,1.0
508460,0,1,3400,-54,54,-473,14,17,0.50,2913206.250000,0,2.1,8.0,0.0,0.0,0.0,0.0,0.0,0.0,1.0
508709,0,1,3400,-54,54,-474,15,18,0.50,2981800.750000,0,2.1,7.7,0.0,147569.718750,0,0.0,0.0,0.0,1.0
508958,0,1,3400,-54,54,-480,14,17,0.50,2926342.750000,0,2.1,8.1,0.0,0.0,0.0,0.0,0.0,0.0,1.0
509207,0,1,3400,-54,54,-480,14,18,0.51,2885619.000000,0,2.1,8.0,0.0,0.0,0.0,0.0,0.0,0.0,1.0
509456,0,1,3400,-54,54,-476,14,17,0.50,2895267.000000,0,2.1,8.0,0.0,0.0,0.0,0.0,0.0,0.0,1.0
509705,0,1,3400,-54,54,-482,14,17,0.50,2846151.500000,0,2.1,7.0,0.0,48701.195312,8,0.0,0.0,0.0,1.0
509954,0,1,3400,-54,54,-475,15,18,0.52,2999238.000000,0.4,2.1,7.0,0.0,0.0,0.0,0.0,0.0,0.0,1.0
510203,0,1,3400,-54,54,-472,14,17,0.50,2938900.500000,0,2.1,7.0,0.0,0.0,0.0,0.0,0.0,0.0,1.0
510452,0,1,3400,-54,54,-474,15,18,0.51,3003888.500000,0,2.1,7.0,0.0,0.0,0.0,0.0,0.0,0.0,1.0
510701,0,1,3400,-54,54,-481,15,18,0.50,2996952.500000,0,2.1,2.8,0.0,35904.761719,8,0.0,0.0,0.0,1.0
510950,0,1,3400,-54,54,-479,14,18,0.50,2867410.250000,0,2.1,0.0,0.0,5513.944336,0,0.0,0.0,0.0,1.0
511199,0,1,3400,-54,54,-483,15,17,0.50,3055012.000000,0,2.1,3.7,0.0,4494.023926,50,0.0,0.0,0.0,1.0
511448,0,1,3400,-54,54,-479,14,17,0.50,2866857.250000,0,2.1,7.5,0.0,5492.063477,0,0.0,0.0,0.0,1.0
511697,0,1,3400,-54,54,-481,14,17,0.50,2927872.500000,0,2.1,2.8,0.0,36015.937500,0,0.0,0.0,0.0,1.0
511946,0,1,3400,-54,54,-475,14,17,0.50,2932621.500000,0,2.1,0.0,0.0,0.0,0.0,0.0,0.0,0.0,1.0
512195,0,1,3400,-54,54,-481,15,18,0.50,2967269.750000,0,2.1,0.0,0.0,0.0,0.0,0.0,0.0,0.0,1.0
512444,0,1,3400,-54,54,-483,14,17,0.50,2915474.000000,0,2.1,0.064,0.0,0.0,0.0,0.0,1.0,4.0,1.0
512693,0,1,3400,-54,54,-475,15,17,0.50,3007523.750000,0,2.1,0.0,0.0,46888.890625,0,0.0,0.0,0.0,1.0
512942,0,1,3400,-54,54,-474,15,18,0.50,3043984.000000,0,2.1,0.0,0.0,11027.888672,0,0.0,0.0,0.0,1.0
513191,0,1,3400,-54,54,-474,15,17,0.50,3127107.500000,0,2.1,0.19,0.0,0.0,0.0,0.0,0.0,0.0,1.0
513440,0,1,3400,-54,54,-475,15,17,0.50,2995174.500000,0,2.1,0.064,0.0,0.0,0.0,0.0,0.0,0.0,1.0
513689,0,1,3400,-54,54,-477,15,17,0.50,3008478.000000,0,2.1,0.19,0.0,41976.093750,12,0.0,0.0,0.0,1.0
513938,0,1,3400,-54,54,-471,15,18,0.50,3130868.500000,0,2.1,0.0,0.0,0.0,0.0,0.0,0.0,0.0,1.0
514187,0,1,3400,-54,54,-476,14,18,0.50,2919460.250000,0,2.1,0.0,0.0,0.0,0.0,0.0,0.0,0.0,1.0
514436,0,1,3400,-54,54,-475,15,17,0.50,2969912.250000,0,2.1,0.0,0.0,0.0,0.0,0.0,0.0,0.0,1.0
514685,0,1,3400,-54,54,-476,15,17,0.50,3033434.250000,0,2.1,3.6,55,0.0,80,0.0,0.0,0.0,1.0
514934,0,1,3400,-54,54,-476,15,18,0.50,2976412.750000,0,2.1,7.2,0.0,5492.063477,0,0.0,0.0,0.0,1.0
515183,0,1,3400,-54,54,-480,15,18,0.51,3161944.250000,0,2.1,0.0,0.0,2135.458252,0,0.0,0.0,0.0,1.0
515432,0,1,3400,-54,54,-481,15,18,0.51,3110820.750000,0,2.1,0.064,0.0,0.0,0.0,0.0,0.0,0.0,1.0
515681,0,1,3400,-54,54,-479,15,17,0.50,3026476.250000,0,2.1,8.4,0.0,92380.953125,25,0.0,0.0,0.0,1.0
515930,0,1,3400,-54,54,-472,14,17,0.50,2896796.750000,0,2.1,16,0.0,0.0,0.0,0.0,1.0,4.0,1.0
516179,0,1,3400,-54,54,-475,14,17,0.50,2909354.500000,0,2.1,16,0.0,0.0,0.0,0.0,0.0,0.0,1.0
516428,0,1,3400,-54,54,-476,15,17,0.50,3067269.750000,0,2.1,16,0.0,0.0,0.0,0.0,0.0,0.0,1.0
516677,0,1,3400,-54,54,-479,13,18,0.50,1359490.000000,0,2.1,10,0.0,72127.492188,0,0.0,0.0,0.0,1.0
516926,0,1,3400,-54,54,-478,13,18,0.50,0.0,0.0,2.1,7.5,0.0,0.0,0.0,0.0,0.0,0.0,1.0
517175,0,1,3400,-54,54,-480,13,19,0.50,0.0,0.0,2.1,7.5,0.0,0.0,0.0,0.0,0.0,0.0,1.0
517424,0,1,3400,-54,54,-478,13,19,0.50,0.0,0.0,2.1,7.5,0.0,0.0,0.0,0.0,0.0,0.0,1.0
517673,0,1,3400,-54,54,-477,13,19,0.50,0.0,0.0,2.1,7.5,0.0,0.0,0.0,0.0,0.0,0.0,1.0
517922,0,1,3400,-54,54,-480,13,19,0.50,0.0,0.0,2.1,7.6,0.0,0.0,0.0,0.0,0.0,0.0,1.0
518171,0,1,3400,-54,54,-481,13,18,0.50,0.0,0.0,2.1,7.5,0.0,0.0,0.0,0.0,0.0,0.0,1.0
518420,0,1,3400,-54,54,-474,13,19,0.50,0.0,0.0,2.1,7.5,0.0,0.0,0.0,0.0,0.0,0.0,1.0
518669,0,1,3400,-54,54,-473,13,19,0.50,0.0,0.0,2.1,7.5,0.0,0.0,0.0,0.0,0.0,0.0,1.0
518918,0,1,3400,-54,54,-477,13,19,0.50,0.0,0.0,2.1,7.5,0.0,0.0,0.0,0.0,0.0,0.0,1.0
519167,0,1,3400,-54,54,-478,13,19,0.50,0.0,0.0,2.1,7.5,0.0,0.0,0.0,0.0,0.0,0.0,1.0
519416,0,1,3400,-54,54,-479,13,19,0.50,0.0,0.0,2.1,7.5,0.0,0.0,0.0,0.0,0.0,0.0,1.0
519665,0,1,3400,-54,54,-483,13,19,0.50,0.0,0.0,2.1,7.5,0.0,0.0,0.0,0.0,0.0,0.0,1.0
519914,0,1,3400,-54,54,-479,13,19,0.50,0.0,0.0,2.1,7.5,0.0,0.0,0.0,0.0,0.0,0.0,1.0
520163,0,1,3400,-54,54,-478,13,19,0.50,0.0,0.0,2.1,7.6,0.0,0.0,0.0,0.0,0.0,0.0,1.0
520412,0,1,3400,-54,54,-478,13,18,0.50,0.0,0.0,2.1,7.5,0.0,0.0,0.0,0.0,0.0,0.0,1.0
520661,0,1,3400,-54,54,-475,13,18,0.50,0.0,0.0,2.1,7.5,0.0,0.0,0.0,0.0,0.0,0.0,1.0
520910,0,1,3400,-54,54,-483,13,18,0.50,0.0,0.0,2.1,7.5,0.0,0.0,0.0,0.0,0.0,0.0,1.0
521159,0,1,3400,-54,54,-481,13,19,0.50,0.0,0.0,2.1,7.5,0.0,0.0,0.0,0.0,0.0,0.0,1.0
521408,0,1,3400,-54,54,-478,13,19,0.50,0.0,0.0,2.1,7.5,0.0,0.0,0.0,0.0,0.0,0.0,1.0
521657,0,1,3400,-54,54,-479,13,19,0.50,0.0,0.0,2.1,7.5,0.0,0.0,0.0,0.0,0.0,0.0,1.0
521906,0,1,3400,-74,74,-623,13,-0.86,0.50,0.0,0.0,2.1,7.5,0.0,0.0,0.0,0.0,0.0,0.0,1.0
522155,0,1,3400,-80,80,-1052.692749,13,-5.9,0.50,0.0,0.0,2.1,7.5,0.0,0.0,0.0,0.0,0.0,0.0,1.0
522404,0,1,3400,-79,79,-1484.210693,13,-6.0,0.50,0.0,0.0,2.1,7.5,0.0,0.0,0.0,0.0,0.0,0.0,1.0
522653,0,1,3400,-80,80,-1387.475708,13,-5.9,0.50,0.0,0.0,2.1,7.5,0.0,0.0,0.0,0.0,0.0,0.0,1.0
522902,0,1,3400,-80,